EXPORTER_V20
ANIMATION_EXPORT
BONEOBJECT_COUNT = 140
VERTEX = 9
0.00404884 2.68919 0.0132173
0.00404884 2.68919 0.0132173
0.00404884 2.68919 0.0132173
0.00404884 2.68919 0.0132173
0.00404884 2.68919 0.0132173
0.00404884 2.68919 0.0132173
0.00404884 2.68919 0.0132173
0.00404884 2.68919 0.0132173
0.00404884 2.68919 0.0132173
INDEX = 14
4 5 7
6 7 5
1 2 5
6 5 2
0 1 4
5 4 1
7 6 3
2 3 6
4 7 0
3 0 7
8 1 0
8 2 1
8 3 2
8 0 3
FACE-NORMAL = 14
1.0 0.0 0.0
1.0 0.0 0.0
1.0 0.0 0.0
1.0 0.0 0.0
1.0 0.0 0.0
1.0 0.0 0.0
1.0 0.0 0.0
1.0 0.0 0.0
1.0 0.0 0.0
1.0 0.0 0.0
1.0 0.0 0.0
1.0 0.0 0.0
1.0 0.0 0.0
1.0 0.0 0.0
BONE = 0
BONE_NAME = Bone_Root01
PARENT_ID = -1
LOCALTM 
MAT 0.0168051 0.997285 -0.0716981 0.0
MAT -0.993729 0.00873059 -0.111478 0.0
MAT -0.110549 0.0731218 0.991177 0.0
MAT 0.00404884 2.68919 0.0132173 1.0
WORLDTM 
MAT 0.0168051 0.997285 -0.0716981 0.0
MAT -0.993729 0.00873059 -0.111478 0.0
MAT -0.110549 0.0731218 0.991177 0.0
MAT 0.00404884 2.68919 0.0132173 1.0
VERTEX = 9
0.187481 2.68387 0.118191
0.187481 2.68387 0.118191
0.187481 2.68387 0.118191
0.187481 2.68387 0.118191
0.187481 2.68387 0.118191
0.187481 2.68387 0.118191
0.187481 2.68387 0.118191
0.187481 2.68387 0.118191
0.187481 2.68387 0.118191
INDEX = 14
4 5 7
6 7 5
1 2 5
6 5 2
0 1 4
5 4 1
7 6 3
2 3 6
4 7 0
3 0 7
8 1 0
8 2 1
8 3 2
8 0 3
FACE-NORMAL = 14
1.0 0.0 0.0
1.0 0.0 0.0
1.0 0.0 0.0
1.0 0.0 0.0
1.0 0.0 0.0
1.0 0.0 0.0
1.0 0.0 0.0
1.0 0.0 0.0
1.0 0.0 0.0
1.0 0.0 0.0
1.0 0.0 0.0
1.0 0.0 0.0
1.0 0.0 0.0
1.0 0.0 0.0
BONE = 1
BONE_NAME = Bone06
PARENT_ID = 0
LOCALTM 
MAT -0.995074 0.00861111 -0.0987658 0.0
MAT 0.0551438 -0.779822 -0.623569 0.0
MAT -0.0823893 -0.625944 0.775505 0.0
MAT -0.00974917 -0.194031 0.0833805 1.0
WORLDTM 
MAT -0.0143609 -0.999519 -0.0275095 0.0
MAT 0.844793 0.00258929 -0.535088 0.0
MAT 0.534902 -0.0309241 0.844349 0.0
MAT 0.187481 2.68387 0.118191 1.0
VERTEX = 9
0.179596 2.13511 0.103087
0.179596 2.13511 0.103087
0.179596 2.13511 0.103087
0.179596 2.13511 0.103087
0.179596 2.13511 0.103087
0.179596 2.13511 0.103087
0.179596 2.13511 0.103087
0.179596 2.13511 0.103087
0.179596 2.13511 0.103087
INDEX = 14
4 5 7
6 7 5
1 2 5
6 5 2
0 1 4
5 4 1
7 6 3
2 3 6
4 7 0
3 0 7
8 1 0
8 2 1
8 3 2
8 0 3
FACE-NORMAL = 14
1.0 0.0 0.0
1.0 0.0 0.0
1.0 0.0 0.0
1.0 0.0 0.0
1.0 0.0 0.0
1.0 0.0 0.0
1.0 0.0 0.0
1.0 0.0 0.0
1.0 0.0 0.0
1.0 0.0 0.0
1.0 0.0 0.0
1.0 0.0 0.0
1.0 0.0 0.0
1.0 0.0 0.0
BONE = 2
BONE_NAME = Bone07
PARENT_ID = 1
LOCALTM 
MAT -0.724706 0.156041 0.671158 0.0
MAT 0.161587 0.985346 -0.0546091 0.0
MAT -0.669844 0.0688749 -0.739301 0.0
MAT 0.549025 0.0 -9.23872e-007 1.0
WORLDTM 
MAT 0.501234 0.704007 0.503132 0.0
MAT 0.800883 -0.157269 -0.577802 0.0
MAT -0.327649 0.692562 -0.642655 0.0
MAT 0.179596 2.13511 0.103087 1.0
VERTEX = 9
0.930755 3.19015 0.857091
0.930755 3.19015 0.857091
0.930755 3.19015 0.857091
0.930755 3.19015 0.857091
0.930755 3.19015 0.857091
0.930755 3.19015 0.857091
0.930755 3.19015 0.857091
0.930755 3.19015 0.857091
0.930755 3.19015 0.857091
INDEX = 14
4 5 7
6 7 5
1 2 5
6 5 2
0 1 4
5 4 1
7 6 3
2 3 6
4 7 0
3 0 7
8 1 0
8 2 1
8 3 2
8 0 3
FACE-NORMAL = 14
1.0 0.0 0.0
1.0 0.0 0.0
1.0 0.0 0.0
1.0 0.0 0.0
1.0 0.0 0.0
1.0 0.0 0.0
1.0 0.0 0.0
1.0 0.0 0.0
1.0 0.0 0.0
1.0 0.0 0.0
1.0 0.0 0.0
1.0 0.0 0.0
1.0 0.0 0.0
1.0 0.0 0.0
BONE = 3
BONE_NAME = Bone08
PARENT_ID = 2
LOCALTM 
MAT -0.539967 0.188656 -0.820271 0.0
MAT 0.106647 0.982037 0.155658 0.0
MAT 0.834903 -0.00342936 -0.550387 0.0
MAT 1.49862 0.0 3.57628e-007 1.0
WORLDTM 
MAT 0.149203 -0.977899 0.146471 0.0
MAT 0.788951 0.0284383 -0.613799 0.0
MAT 0.596069 0.207139 0.775757 0.0
MAT 0.930755 3.19015 0.857091 1.0
VERTEX = 9
1.20085 1.41988 1.12225
1.20085 1.41988 1.12225
1.20085 1.41988 1.12225
1.20085 1.41988 1.12225
1.20085 1.41988 1.12225
1.20085 1.41988 1.12225
1.20085 1.41988 1.12225
1.20085 1.41988 1.12225
1.20085 1.41988 1.12225
INDEX = 14
4 5 7
6 7 5
1 2 5
6 5 2
0 1 4
5 4 1
7 6 3
2 3 6
4 7 0
3 0 7
8 1 0
8 2 1
8 3 2
8 0 3
FACE-NORMAL = 14
1.0 0.0 0.0
1.0 0.0 0.0
1.0 0.0 0.0
1.0 0.0 0.0
1.0 0.0 0.0
1.0 0.0 0.0
1.0 0.0 0.0
1.0 0.0 0.0
1.0 0.0 0.0
1.0 0.0 0.0
1.0 0.0 0.0
1.0 0.0 0.0
1.0 0.0 0.0
1.0 0.0 0.0
BONE = 4
BONE_NAME = Bone09
PARENT_ID = 3
LOCALTM 
MAT 0.875449 -0.0694612 -0.478292 0.0
MAT 0.0684039 0.997463 -0.0196551 0.0
MAT 0.478445 -0.01551 0.87798 0.0
MAT 1.81028 -1.78814e-007 -2.38419e-007 1.0
WORLDTM 
MAT -0.209277 -0.957149 -0.200175 0.0
MAT 0.78544 -0.0425973 -0.617471 0.0
MAT 0.582485 -0.286448 0.760698 0.0
MAT 1.20085 1.41988 1.12225 1.0
VERTEX = 9
0.879899 -0.048046 0.815248
0.879899 -0.048046 0.815248
0.879899 -0.048046 0.815248
0.879899 -0.048046 0.815248
0.879899 -0.048046 0.815248
0.879899 -0.048046 0.815248
0.879899 -0.048046 0.815248
0.879899 -0.048046 0.815248
0.879899 -0.048046 0.815248
INDEX = 14
4 5 7
6 7 5
1 2 5
6 5 2
0 1 4
5 4 1
7 6 3
2 3 6
4 7 0
3 0 7
8 1 0
8 2 1
8 3 2
8 0 3
FACE-NORMAL = 14
1.0 0.0 0.0
1.0 0.0 0.0
1.0 0.0 0.0
1.0 0.0 0.0
1.0 0.0 0.0
1.0 0.0 0.0
1.0 0.0 0.0
1.0 0.0 0.0
1.0 0.0 0.0
1.0 0.0 0.0
1.0 0.0 0.0
1.0 0.0 0.0
1.0 0.0 0.0
1.0 0.0 0.0
BONE = 5
BONE_NAME = Ref_Hardpoint 01
PARENT_ID = 4
LOCALTM 
MAT -0.31896 0.289597 0.90244 0.0
MAT -0.946124 -0.0412295 -0.321169 0.0
MAT -0.0558026 -0.95626 0.287145 0.0
MAT 1.53364 3.57628e-007 -2.38419e-007 1.0
WORLDTM 
MAT 0.81987 0.0344549 0.571514 0.0
MAT -0.0214576 0.999336 -0.0294643 0.0
MAT -0.572149 0.0118934 0.820064 0.0
MAT 0.879899 -0.048046 0.815248 1.0
VERTEX = 9
1.02592 3.84124 1.05509
1.02592 3.84124 1.05509
1.02592 3.84124 1.05509
1.02592 3.84124 1.05509
1.02592 3.84124 1.05509
1.02592 3.84124 1.05509
1.02592 3.84124 1.05509
1.02592 3.84124 1.05509
1.02592 3.84124 1.05509
INDEX = 14
4 5 7
6 7 5
1 2 5
6 5 2
0 1 4
5 4 1
7 6 3
2 3 6
4 7 0
3 0 7
8 1 0
8 2 1
8 3 2
8 0 3
FACE-NORMAL = 14
1.0 0.0 0.0
1.0 0.0 0.0
1.0 0.0 0.0
1.0 0.0 0.0
1.0 0.0 0.0
1.0 0.0 0.0
1.0 0.0 0.0
1.0 0.0 0.0
1.0 0.0 0.0
1.0 0.0 0.0
1.0 0.0 0.0
1.0 0.0 0.0
1.0 0.0 0.0
1.0 0.0 0.0
BONE = 6
BONE_NAME = HitTestFuzzy02
PARENT_ID = 3
LOCALTM 
MAT 0.00154811 -0.992553 0.121796 0.0
MAT 0.974905 -0.0256152 -0.221138 0.0
MAT 0.222611 0.119082 0.967607 0.0
MAT -0.5935 -0.0279393 0.345187 1.0
WORLDTM 
MAT -0.710246 -0.00451158 0.70394 0.0
MAT -0.00656393 -0.999893 -0.0130309 0.0
MAT 0.703925 -0.0138751 0.710141 0.0
MAT 1.02592 3.84124 1.05509 1.0
VERTEX = 9
1.038 3.54819 1.05635
1.038 3.54819 1.05635
1.038 3.54819 1.05635
1.038 3.54819 1.05635
1.038 3.54819 1.05635
1.038 3.54819 1.05635
1.038 3.54819 1.05635
1.038 3.54819 1.05635
1.038 3.54819 1.05635
INDEX = 14
4 5 7
6 7 5
1 2 5
6 5 2
0 1 4
5 4 1
7 6 3
2 3 6
4 7 0
3 0 7
8 1 0
8 2 1
8 3 2
8 0 3
FACE-NORMAL = 14
1.0 0.0 0.0
1.0 0.0 0.0
1.0 0.0 0.0
1.0 0.0 0.0
1.0 0.0 0.0
1.0 0.0 0.0
1.0 0.0 0.0
1.0 0.0 0.0
1.0 0.0 0.0
1.0 0.0 0.0
1.0 0.0 0.0
1.0 0.0 0.0
1.0 0.0 0.0
1.0 0.0 0.0
BONE = 7
BONE_NAME = Vol_Target 03
PARENT_ID = 3
LOCALTM 
MAT 0.0223745 -0.979186 0.179675 0.0
MAT 0.997524 0.00840841 -0.0621901 0.0
MAT 0.0666745 0.202793 0.870138 0.0
MAT -0.304943 -0.0275144 0.292667 1.0
WORLDTM 
MAT -0.662092 -0.0125087 0.743685 0.0
MAT 0.118398 -0.98812 0.0927032 0.0
MAT 0.688604 0.120806 0.560308 0.0
MAT 1.038 3.54819 1.05635 1.0
VERTEX = 9
0.229697 2.68387 -0.0872063
0.229697 2.68387 -0.0872063
0.229697 2.68387 -0.0872063
0.229697 2.68387 -0.0872063
0.229697 2.68387 -0.0872063
0.229697 2.68387 -0.0872063
0.229697 2.68387 -0.0872063
0.229697 2.68387 -0.0872063
0.229697 2.68387 -0.0872063
INDEX = 14
4 5 7
6 7 5
1 2 5
6 5 2
0 1 4
5 4 1
7 6 3
2 3 6
4 7 0
3 0 7
8 1 0
8 2 1
8 3 2
8 0 3
FACE-NORMAL = 14
1.0 0.0 0.0
1.0 0.0 0.0
1.0 0.0 0.0
1.0 0.0 0.0
1.0 0.0 0.0
1.0 0.0 0.0
1.0 0.0 0.0
1.0 0.0 0.0
1.0 0.0 0.0
1.0 0.0 0.0
1.0 0.0 0.0
1.0 0.0 0.0
1.0 0.0 0.0
1.0 0.0 0.0
BONE = 8
BONE_NAME = Bone23
PARENT_ID = 0
LOCALTM 
MAT -0.998291 0.0193561 -0.0551527 0.0
MAT 0.0551092 0.626147 -0.777756 0.0
MAT 0.0194793 -0.779466 -0.626142 0.0
MAT 0.00568628 -0.213085 -0.124872 1.0
WORLDTM 
MAT -0.0299139 -0.999444 0.0147517 0.0
MAT -0.535313 0.00355528 -0.844647 0.0
MAT 0.844125 -0.0331634 -0.535121 0.0
MAT 0.229697 2.68387 -0.0872063 1.0
VERTEX = 9
0.213273 2.13515 -0.0791068
0.213273 2.13515 -0.0791068
0.213273 2.13515 -0.0791068
0.213273 2.13515 -0.0791068
0.213273 2.13515 -0.0791068
0.213273 2.13515 -0.0791068
0.213273 2.13515 -0.0791068
0.213273 2.13515 -0.0791068
0.213273 2.13515 -0.0791068
INDEX = 14
4 5 7
6 7 5
1 2 5
6 5 2
0 1 4
5 4 1
7 6 3
2 3 6
4 7 0
3 0 7
8 1 0
8 2 1
8 3 2
8 0 3
FACE-NORMAL = 14
1.0 0.0 0.0
1.0 0.0 0.0
1.0 0.0 0.0
1.0 0.0 0.0
1.0 0.0 0.0
1.0 0.0 0.0
1.0 0.0 0.0
1.0 0.0 0.0
1.0 0.0 0.0
1.0 0.0 0.0
1.0 0.0 0.0
1.0 0.0 0.0
1.0 0.0 0.0
1.0 0.0 0.0
BONE = 9
BONE_NAME = Bone24
PARENT_ID = 8
LOCALTM 
MAT -0.726208 0.155048 0.669763 0.0
MAT 0.16224 0.98537 -0.0521968 0.0
MAT -0.668057 0.0707565 -0.740739 0.0
MAT 0.549024 0.0 -9.08971e-007 1.0
WORLDTM 
MAT 0.504088 0.704144 -0.500078 0.0
MAT -0.576396 -0.156916 -0.801965 0.0
MAT -0.643169 0.692503 0.326766 0.0
MAT 0.213273 2.13515 -0.0791068 1.0
VERTEX = 9
0.96871 3.1904 -0.828534
0.96871 3.1904 -0.828534
0.96871 3.1904 -0.828534
0.96871 3.1904 -0.828534
0.96871 3.1904 -0.828534
0.96871 3.1904 -0.828534
0.96871 3.1904 -0.828534
0.96871 3.1904 -0.828534
0.96871 3.1904 -0.828534
INDEX = 14
4 5 7
6 7 5
1 2 5
6 5 2
0 1 4
5 4 1
7 6 3
2 3 6
4 7 0
3 0 7
8 1 0
8 2 1
8 3 2
8 0 3
FACE-NORMAL = 14
1.0 0.0 0.0
1.0 0.0 0.0
1.0 0.0 0.0
1.0 0.0 0.0
1.0 0.0 0.0
1.0 0.0 0.0
1.0 0.0 0.0
1.0 0.0 0.0
1.0 0.0 0.0
1.0 0.0 0.0
1.0 0.0 0.0
1.0 0.0 0.0
1.0 0.0 0.0
1.0 0.0 0.0
BONE = 10
BONE_NAME = Bone25
PARENT_ID = 9
LOCALTM 
MAT -0.539627 0.188826 -0.820455 0.0
MAT 0.106511 0.982005 0.155952 0.0
MAT 0.835139 -0.00323118 -0.550028 0.0
MAT 1.49862 1.78814e-007 -4.76837e-007 1.0
WORLDTM 
MAT 0.146833 -0.977773 -0.149673 0.0
MAT -0.612636 0.0289043 -0.789837 0.0
MAT 0.776607 0.20767 -0.594774 0.0
MAT 0.96871 3.1904 -0.828534 1.0
VERTEX = 9
1.23445 1.42085 -1.09941
1.23445 1.42085 -1.09941
1.23445 1.42085 -1.09941
1.23445 1.42085 -1.09941
1.23445 1.42085 -1.09941
1.23445 1.42085 -1.09941
1.23445 1.42085 -1.09941
1.23445 1.42085 -1.09941
1.23445 1.42085 -1.09941
INDEX = 14
4 5 7
6 7 5
1 2 5
6 5 2
0 1 4
5 4 1
7 6 3
2 3 6
4 7 0
3 0 7
8 1 0
8 2 1
8 3 2
8 0 3
FACE-NORMAL = 14
1.0 0.0 0.0
1.0 0.0 0.0
1.0 0.0 0.0
1.0 0.0 0.0
1.0 0.0 0.0
1.0 0.0 0.0
1.0 0.0 0.0
1.0 0.0 0.0
1.0 0.0 0.0
1.0 0.0 0.0
1.0 0.0 0.0
1.0 0.0 0.0
1.0 0.0 0.0
1.0 0.0 0.0
BONE = 11
BONE_NAME = Bone26
PARENT_ID = 10
LOCALTM 
MAT 0.877167 -0.0683424 -0.475298 0.0
MAT 0.0673808 0.997545 -0.0190836 0.0
MAT 0.475435 -0.0152861 0.879618 0.0
MAT 1.80978 2.5332e-007 4.76837e-007 1.0
WORLDTM 
MAT -0.198453 -0.95835 0.205386 0.0
MAT -0.616059 -0.0410129 -0.786633 0.0
MAT 0.762293 -0.282639 -0.58226 0.0
MAT 1.23445 1.42085 -1.09941 1.0
VERTEX = 9
0.929631 -0.0511367 -0.783944
0.929631 -0.0511367 -0.783944
0.929631 -0.0511367 -0.783944
0.929631 -0.0511367 -0.783944
0.929631 -0.0511367 -0.783944
0.929631 -0.0511367 -0.783944
0.929631 -0.0511367 -0.783944
0.929631 -0.0511367 -0.783944
0.929631 -0.0511367 -0.783944
INDEX = 14
4 5 7
6 7 5
1 2 5
6 5 2
0 1 4
5 4 1
7 6 3
2 3 6
4 7 0
3 0 7
8 1 0
8 2 1
8 3 2
8 0 3
FACE-NORMAL = 14
1.0 0.0 0.0
1.0 0.0 0.0
1.0 0.0 0.0
1.0 0.0 0.0
1.0 0.0 0.0
1.0 0.0 0.0
1.0 0.0 0.0
1.0 0.0 0.0
1.0 0.0 0.0
1.0 0.0 0.0
1.0 0.0 0.0
1.0 0.0 0.0
1.0 0.0 0.0
1.0 0.0 0.0
BONE = 12
BONE_NAME = Ref_Hardpoint 04
PARENT_ID = 11
LOCALTM 
MAT -0.316897 0.289838 0.903089 0.0
MAT -0.946784 -0.0401094 -0.319358 0.0
MAT -0.0563395 -0.956234 0.287125 0.0
MAT 1.53596 -7.18981e-007 4.76837e-007 1.0
WORLDTM 
MAT 0.57275 0.036563 -0.818915 0.0
MAT -0.0308421 0.999258 0.0230444 0.0
MAT 0.81915 0.0120582 0.573452 0.0
MAT 0.929631 -0.0511367 -0.783944 1.0
VERTEX = 9
1.16622 3.84181 -0.922531
1.16622 3.84181 -0.922531
1.16622 3.84181 -0.922531
1.16622 3.84181 -0.922531
1.16622 3.84181 -0.922531
1.16622 3.84181 -0.922531
1.16622 3.84181 -0.922531
1.16622 3.84181 -0.922531
1.16622 3.84181 -0.922531
INDEX = 14
4 5 7
6 7 5
1 2 5
6 5 2
0 1 4
5 4 1
7 6 3
2 3 6
4 7 0
3 0 7
8 1 0
8 2 1
8 3 2
8 0 3
FACE-NORMAL = 14
1.0 0.0 0.0
1.0 0.0 0.0
1.0 0.0 0.0
1.0 0.0 0.0
1.0 0.0 0.0
1.0 0.0 0.0
1.0 0.0 0.0
1.0 0.0 0.0
1.0 0.0 0.0
1.0 0.0 0.0
1.0 0.0 0.0
1.0 0.0 0.0
1.0 0.0 0.0
1.0 0.0 0.0
BONE = 13
BONE_NAME = HitTestFuzzy04
PARENT_ID = 10
LOCALTM 
MAT 0.00140581 -0.992554 0.121794 0.0
MAT 0.975134 -0.02563 -0.220126 0.0
MAT 0.221609 0.119075 0.967837 0.0
MAT -0.593858 -0.0279309 0.344573 1.0
WORLDTM 
MAT 0.702867 -0.00477075 0.711306 0.0
MAT -0.0120674 -0.999914 0.00521787 0.0
MAT 0.71122 -0.0122509 -0.702863 0.0
MAT 1.16622 3.84181 -0.922531 1.0
VERTEX = 9
1.13688 3.54575 -0.951889
1.13688 3.54575 -0.951889
1.13688 3.54575 -0.951889
1.13688 3.54575 -0.951889
1.13688 3.54575 -0.951889
1.13688 3.54575 -0.951889
1.13688 3.54575 -0.951889
1.13688 3.54575 -0.951889
1.13688 3.54575 -0.951889
INDEX = 14
4 5 7
6 7 5
1 2 5
6 5 2
0 1 4
5 4 1
7 6 3
2 3 6
4 7 0
3 0 7
8 1 0
8 2 1
8 3 2
8 0 3
FACE-NORMAL = 14
1.0 0.0 0.0
1.0 0.0 0.0
1.0 0.0 0.0
1.0 0.0 0.0
1.0 0.0 0.0
1.0 0.0 0.0
1.0 0.0 0.0
1.0 0.0 0.0
1.0 0.0 0.0
1.0 0.0 0.0
1.0 0.0 0.0
1.0 0.0 0.0
1.0 0.0 0.0
1.0 0.0 0.0
BONE = 14
BONE_NAME = Vol_Target 02
PARENT_ID = 10
LOCALTM 
MAT 0.00140574 -0.992554 0.108478 0.0
MAT 0.997307 -0.0075388 -0.0649724 0.0
MAT 0.0733229 0.121569 0.881648 0.0
MAT -0.304297 0.00467457 0.277766 1.0
WORLDTM 
MAT 0.692526 -0.00753595 0.719226 0.0
MAT 0.100599 -0.98885 -0.104671 0.0
MAT 0.620983 0.114912 -0.631375 0.0
MAT 1.13688 3.54575 -0.951889 1.0
VERTEX = 9
-0.223885 2.68387 -0.0897154
-0.223885 2.68387 -0.0897154
-0.223885 2.68387 -0.0897154
-0.223885 2.68387 -0.0897154
-0.223885 2.68387 -0.0897154
-0.223885 2.68387 -0.0897154
-0.223885 2.68387 -0.0897154
-0.223885 2.68387 -0.0897154
-0.223885 2.68387 -0.0897154
INDEX = 14
4 5 7
6 7 5
1 2 5
6 5 2
0 1 4
5 4 1
7 6 3
2 3 6
4 7 0
3 0 7
8 1 0
8 2 1
8 3 2
8 0 3
FACE-NORMAL = 14
1.0 0.0 0.0
1.0 0.0 0.0
1.0 0.0 0.0
1.0 0.0 0.0
1.0 0.0 0.0
1.0 0.0 0.0
1.0 0.0 0.0
1.0 0.0 0.0
1.0 0.0 0.0
1.0 0.0 0.0
1.0 0.0 0.0
1.0 0.0 0.0
1.0 0.0 0.0
1.0 0.0 0.0
BONE = 15
BONE_NAME = Bone28
PARENT_ID = 0
LOCALTM 
MAT -0.999011 -0.0213679 -0.03901 0.0
MAT -0.0411088 0.778448 0.626362 0.0
MAT 0.0169832 0.627346 -0.778556 0.0
MAT -0.00175595 0.237933 -0.0772155 1.0
WORLDTM 
MAT 0.00875797 -0.999338 0.0353434 0.0
MAT -0.843501 0.0115998 0.537003 0.0
MAT -0.537058 -0.0345152 -0.84284 0.0
MAT -0.223885 2.68387 -0.0897154 1.0
VERTEX = 9
-0.219076 2.13521 -0.0703102
-0.219076 2.13521 -0.0703102
-0.219076 2.13521 -0.0703102
-0.219076 2.13521 -0.0703102
-0.219076 2.13521 -0.0703102
-0.219076 2.13521 -0.0703102
-0.219076 2.13521 -0.0703102
-0.219076 2.13521 -0.0703102
-0.219076 2.13521 -0.0703102
INDEX = 14
4 5 7
6 7 5
1 2 5
6 5 2
0 1 4
5 4 1
7 6 3
2 3 6
4 7 0
3 0 7
8 1 0
8 2 1
8 3 2
8 0 3
FACE-NORMAL = 14
1.0 0.0 0.0
1.0 0.0 0.0
1.0 0.0 0.0
1.0 0.0 0.0
1.0 0.0 0.0
1.0 0.0 0.0
1.0 0.0 0.0
1.0 0.0 0.0
1.0 0.0 0.0
1.0 0.0 0.0
1.0 0.0 0.0
1.0 0.0 0.0
1.0 0.0 0.0
1.0 0.0 0.0
BONE = 16
BONE_NAME = Bone29
PARENT_ID = 15
LOCALTM 
MAT -0.725945 0.152232 0.670693 0.0
MAT 0.16962 0.984701 -0.0399113 0.0
MAT -0.666508 0.0847896 -0.74066 0.0
MAT 0.549025 0.0 -9.31323e-007 1.0
WORLDTM 
MAT -0.494966 0.704081 -0.509196 0.0
MAT -0.807677 -0.156708 0.568421 0.0
MAT 0.32042 0.692615 0.646234 0.0
MAT -0.219076 2.13521 -0.0703102 1.0
VERTEX = 9
-0.960843 3.19036 -0.833401
-0.960843 3.19036 -0.833401
-0.960843 3.19036 -0.833401
-0.960843 3.19036 -0.833401
-0.960843 3.19036 -0.833401
-0.960843 3.19036 -0.833401
-0.960843 3.19036 -0.833401
-0.960843 3.19036 -0.833401
-0.960843 3.19036 -0.833401
INDEX = 14
4 5 7
6 7 5
1 2 5
6 5 2
0 1 4
5 4 1
7 6 3
2 3 6
4 7 0
3 0 7
8 1 0
8 2 1
8 3 2
8 0 3
FACE-NORMAL = 14
1.0 0.0 0.0
1.0 0.0 0.0
1.0 0.0 0.0
1.0 0.0 0.0
1.0 0.0 0.0
1.0 0.0 0.0
1.0 0.0 0.0
1.0 0.0 0.0
1.0 0.0 0.0
1.0 0.0 0.0
1.0 0.0 0.0
1.0 0.0 0.0
1.0 0.0 0.0
1.0 0.0 0.0
BONE = 17
BONE_NAME = Bone30
PARENT_ID = 16
LOCALTM 
MAT -0.53966 0.190126 -0.820133 0.0
MAT 0.107341 0.981754 0.156962 0.0
MAT 0.835012 -0.00332792 -0.550222 0.0
MAT 1.49862 0.0 0.0 1.0
WORLDTM 
MAT -0.149234 -0.977795 -0.147133 0.0
MAT -0.795776 0.0304425 0.604827 0.0
MAT -0.586917 0.207346 -0.782648 0.0
MAT -0.960843 3.19036 -0.833401 1.0
VERTEX = 9
-1.23094 1.42069 -1.09969
-1.23094 1.42069 -1.09969
-1.23094 1.42069 -1.09969
-1.23094 1.42069 -1.09969
-1.23094 1.42069 -1.09969
-1.23094 1.42069 -1.09969
-1.23094 1.42069 -1.09969
-1.23094 1.42069 -1.09969
-1.23094 1.42069 -1.09969
INDEX = 14
4 5 7
6 7 5
1 2 5
6 5 2
0 1 4
5 4 1
7 6 3
2 3 6
4 7 0
3 0 7
8 1 0
8 2 1
8 3 2
8 0 3
FACE-NORMAL = 14
1.0 0.0 0.0
1.0 0.0 0.0
1.0 0.0 0.0
1.0 0.0 0.0
1.0 0.0 0.0
1.0 0.0 0.0
1.0 0.0 0.0
1.0 0.0 0.0
1.0 0.0 0.0
1.0 0.0 0.0
1.0 0.0 0.0
1.0 0.0 0.0
1.0 0.0 0.0
1.0 0.0 0.0
BONE = 18
BONE_NAME = Bone31
PARENT_ID = 17
LOCALTM 
MAT 0.877223 -0.0678219 -0.475268 0.0
MAT 0.0668257 0.997584 -0.0190144 0.0
MAT 0.47541 -0.0150803 0.879635 0.0
MAT 1.80986 2.98023e-007 -1.19209e-007 1.0
WORLDTM 
MAT 0.202002 -0.958353 0.201879 0.0
MAT -0.792666 -0.0389154 0.608414 0.0
MAT -0.575219 -0.282924 -0.767514 0.0
MAT -1.23094 1.42069 -1.09969 1.0
VERTEX = 9
-0.920698 -0.0511659 -0.789645
-0.920698 -0.0511659 -0.789645
-0.920698 -0.0511659 -0.789645
-0.920698 -0.0511659 -0.789645
-0.920698 -0.0511659 -0.789645
-0.920698 -0.0511659 -0.789645
-0.920698 -0.0511659 -0.789645
-0.920698 -0.0511659 -0.789645
-0.920698 -0.0511659 -0.789645
INDEX = 14
4 5 7
6 7 5
1 2 5
6 5 2
0 1 4
5 4 1
7 6 3
2 3 6
4 7 0
3 0 7
8 1 0
8 2 1
8 3 2
8 0 3
FACE-NORMAL = 14
1.0 0.0 0.0
1.0 0.0 0.0
1.0 0.0 0.0
1.0 0.0 0.0
1.0 0.0 0.0
1.0 0.0 0.0
1.0 0.0 0.0
1.0 0.0 0.0
1.0 0.0 0.0
1.0 0.0 0.0
1.0 0.0 0.0
1.0 0.0 0.0
1.0 0.0 0.0
1.0 0.0 0.0
BONE = 19
BONE_NAME = Ref_Hardpoint 02
PARENT_ID = 18
LOCALTM 
MAT -0.316399 0.289555 0.903353 0.0
MAT -0.946887 -0.0387607 -0.319221 0.0
MAT -0.0574176 -0.956376 0.286439 0.0
MAT 1.53581 -5.66244e-007 1.19209e-006 1.0
WORLDTM 
MAT -0.81306 0.0363736 -0.581041 0.0
MAT 0.0230731 0.999276 0.0302682 0.0
MAT 0.581723 0.0112037 -0.81331 0.0
MAT -0.920698 -0.0511659 -0.789645 1.0
VERTEX = 9
-1.0527 3.84166 -1.03226
-1.0527 3.84166 -1.03226
-1.0527 3.84166 -1.03226
-1.0527 3.84166 -1.03226
-1.0527 3.84166 -1.03226
-1.0527 3.84166 -1.03226
-1.0527 3.84166 -1.03226
-1.0527 3.84166 -1.03226
-1.0527 3.84166 -1.03226
INDEX = 14
4 5 7
6 7 5
1 2 5
6 5 2
0 1 4
5 4 1
7 6 3
2 3 6
4 7 0
3 0 7
8 1 0
8 2 1
8 3 2
8 0 3
FACE-NORMAL = 14
1.0 0.0 0.0
1.0 0.0 0.0
1.0 0.0 0.0
1.0 0.0 0.0
1.0 0.0 0.0
1.0 0.0 0.0
1.0 0.0 0.0
1.0 0.0 0.0
1.0 0.0 0.0
1.0 0.0 0.0
1.0 0.0 0.0
1.0 0.0 0.0
1.0 0.0 0.0
1.0 0.0 0.0
BONE = 20
BONE_NAME = HitTestFuzzy05
PARENT_ID = 17
LOCALTM 
MAT 0.000165349 -0.992559 0.121758 0.0
MAT 0.9751 -0.0268416 -0.220134 0.0
MAT 0.221764 0.118763 0.967841 0.0
MAT -0.593872 -0.0273569 0.344594 1.0
WORLDTM 
MAT 0.718369 -0.00513166 -0.695644 0.0
MAT 0.00504184 -0.999909 0.0125828 0.0
MAT -0.695645 -0.0125468 -0.718277 0.0
MAT -1.0527 3.84166 -1.03226 1.0
VERTEX = 9
-1.07013 3.54583 -1.02709
-1.07013 3.54583 -1.02709
-1.07013 3.54583 -1.02709
-1.07013 3.54583 -1.02709
-1.07013 3.54583 -1.02709
-1.07013 3.54583 -1.02709
-1.07013 3.54583 -1.02709
-1.07013 3.54583 -1.02709
-1.07013 3.54583 -1.02709
INDEX = 14
4 5 7
6 7 5
1 2 5
6 5 2
0 1 4
5 4 1
7 6 3
2 3 6
4 7 0
3 0 7
8 1 0
8 2 1
8 3 2
8 0 3
FACE-NORMAL = 14
1.0 0.0 0.0
1.0 0.0 0.0
1.0 0.0 0.0
1.0 0.0 0.0
1.0 0.0 0.0
1.0 0.0 0.0
1.0 0.0 0.0
1.0 0.0 0.0
1.0 0.0 0.0
1.0 0.0 0.0
1.0 0.0 0.0
1.0 0.0 0.0
1.0 0.0 0.0
1.0 0.0 0.0
BONE = 21
BONE_NAME = Vol_Target 05
PARENT_ID = 17
LOCALTM 
MAT 0.0422553 -0.968215 0.219569 0.0
MAT 0.996661 0.023597 -0.069612 0.0
MAT 0.0698556 0.249 0.860369 0.0
MAT -0.302764 -0.0193639 0.289437 1.0
WORLDTM 
MAT 0.635308 -0.0252654 -0.763664 0.0
MAT -0.126657 -0.988245 -0.0778884 0.0
MAT -0.713539 0.117669 -0.533042 0.0
MAT -1.07013 3.54583 -1.02709 1.0
VERTEX = 9
-0.229697 2.68387 0.0938635
-0.229697 2.68387 0.0938635
-0.229697 2.68387 0.0938635
-0.229697 2.68387 0.0938635
-0.229697 2.68387 0.0938635
-0.229697 2.68387 0.0938635
-0.229697 2.68387 0.0938635
-0.229697 2.68387 0.0938635
-0.229697 2.68387 0.0938635
INDEX = 14
4 5 7
6 7 5
1 2 5
6 5 2
0 1 4
5 4 1
7 6 3
2 3 6
4 7 0
3 0 7
8 1 0
8 2 1
8 3 2
8 0 3
FACE-NORMAL = 14
1.0 0.0 0.0
1.0 0.0 0.0
1.0 0.0 0.0
1.0 0.0 0.0
1.0 0.0 0.0
1.0 0.0 0.0
1.0 0.0 0.0
1.0 0.0 0.0
1.0 0.0 0.0
1.0 0.0 0.0
1.0 0.0 0.0
1.0 0.0 0.0
1.0 0.0 0.0
1.0 0.0 0.0
BONE = 22
BONE_NAME = Bone33
PARENT_ID = 0
LOCALTM 
MAT -0.995561 -0.0406178 -0.0849133 0.0
MAT -0.0407444 -0.627255 0.777749 0.0
MAT -0.0848526 0.777756 0.622815 0.0
MAT -0.0150154 0.223244 0.105386 1.0
WORLDTM 
MAT 0.0330197 -0.999422 -0.00825636 0.0
MAT 0.536657 0.0107604 0.843734 0.0
MAT -0.843156 -0.0322906 0.536701 0.0
MAT -0.229697 2.68387 0.0938635 1.0
VERTEX = 9
-0.211568 2.13517 0.0893301
-0.211568 2.13517 0.0893301
-0.211568 2.13517 0.0893301
-0.211568 2.13517 0.0893301
-0.211568 2.13517 0.0893301
-0.211568 2.13517 0.0893301
-0.211568 2.13517 0.0893301
-0.211568 2.13517 0.0893301
-0.211568 2.13517 0.0893301
INDEX = 14
4 5 7
6 7 5
1 2 5
6 5 2
0 1 4
5 4 1
7 6 3
2 3 6
4 7 0
3 0 7
8 1 0
8 2 1
8 3 2
8 0 3
FACE-NORMAL = 14
1.0 0.0 0.0
1.0 0.0 0.0
1.0 0.0 0.0
1.0 0.0 0.0
1.0 0.0 0.0
1.0 0.0 0.0
1.0 0.0 0.0
1.0 0.0 0.0
1.0 0.0 0.0
1.0 0.0 0.0
1.0 0.0 0.0
1.0 0.0 0.0
1.0 0.0 0.0
1.0 0.0 0.0
BONE = 23
BONE_NAME = Bone34
PARENT_ID = 22
LOCALTM 
MAT -0.724431 0.153162 0.672117 0.0
MAT 0.169062 0.984703 -0.042174 0.0
MAT -0.668295 0.0830773 -0.739243 0.0
MAT 0.549024 0.0 -9.23872e-007 1.0
WORLDTM 
MAT -0.508425 0.703956 0.495936 0.0
MAT 0.569589 -0.157007 0.806796 0.0
MAT 0.645814 0.692673 -0.32114 0.0
MAT -0.211568 2.13517 0.0893301 1.0
VERTEX = 9
-0.973504 3.19013 0.832549
-0.973504 3.19013 0.832549
-0.973504 3.19013 0.832549
-0.973504 3.19013 0.832549
-0.973504 3.19013 0.832549
-0.973504 3.19013 0.832549
-0.973504 3.19013 0.832549
-0.973504 3.19013 0.832549
-0.973504 3.19013 0.832549
INDEX = 14
4 5 7
6 7 5
1 2 5
6 5 2
0 1 4
5 4 1
7 6 3
2 3 6
4 7 0
3 0 7
8 1 0
8 2 1
8 3 2
8 0 3
FACE-NORMAL = 14
1.0 0.0 0.0
1.0 0.0 0.0
1.0 0.0 0.0
1.0 0.0 0.0
1.0 0.0 0.0
1.0 0.0 0.0
1.0 0.0 0.0
1.0 0.0 0.0
1.0 0.0 0.0
1.0 0.0 0.0
1.0 0.0 0.0
1.0 0.0 0.0
1.0 0.0 0.0
1.0 0.0 0.0
BONE = 24
BONE_NAME = Bone35
PARENT_ID = 23
LOCALTM 
MAT -0.540012 0.18999 -0.819933 0.0
MAT 0.107503 0.98178 0.15669 0.0
MAT 0.834763 -0.00353058 -0.550598 0.0
MAT 1.49862 1.19209e-007 0.0 1.0
WORLDTM 
MAT -0.146753 -0.977921 0.148785 0.0
MAT 0.605747 0.030067 0.795091 0.0
MAT -0.782009 0.206807 0.587959 0.0
MAT -0.973504 3.19013 0.832549 1.0
VERTEX = 9
-1.23918 1.41973 1.10191
-1.23918 1.41973 1.10191
-1.23918 1.41973 1.10191
-1.23918 1.41973 1.10191
-1.23918 1.41973 1.10191
-1.23918 1.41973 1.10191
-1.23918 1.41973 1.10191
-1.23918 1.41973 1.10191
-1.23918 1.41973 1.10191
INDEX = 14
4 5 7
6 7 5
1 2 5
6 5 2
0 1 4
5 4 1
7 6 3
2 3 6
4 7 0
3 0 7
8 1 0
8 2 1
8 3 2
8 0 3
FACE-NORMAL = 14
1.0 0.0 0.0
1.0 0.0 0.0
1.0 0.0 0.0
1.0 0.0 0.0
1.0 0.0 0.0
1.0 0.0 0.0
1.0 0.0 0.0
1.0 0.0 0.0
1.0 0.0 0.0
1.0 0.0 0.0
1.0 0.0 0.0
1.0 0.0 0.0
1.0 0.0 0.0
1.0 0.0 0.0
BONE = 25
BONE_NAME = Bone36
PARENT_ID = 24
LOCALTM 
MAT 0.875486 -0.0690235 -0.478288 0.0
MAT 0.0679146 0.997497 -0.0196377 0.0
MAT 0.478447 -0.0152903 0.877983 0.0
MAT 1.81037 -1.19209e-007 -1.19209e-007 1.0
WORLDTM 
MAT 0.203735 -0.957144 -0.205834 0.0
MAT 0.609621 -0.0404845 0.79166 0.0
MAT -0.766066 -0.28677 0.575247 0.0
MAT -1.23918 1.41973 1.10191 1.0
VERTEX = 9
-0.926728 -0.0481634 0.786235
-0.926728 -0.0481634 0.786235
-0.926728 -0.0481634 0.786235
-0.926728 -0.0481634 0.786235
-0.926728 -0.0481634 0.786235
-0.926728 -0.0481634 0.786235
-0.926728 -0.0481634 0.786235
-0.926728 -0.0481634 0.786235
-0.926728 -0.0481634 0.786235
INDEX = 14
4 5 7
6 7 5
1 2 5
6 5 2
0 1 4
5 4 1
7 6 3
2 3 6
4 7 0
3 0 7
8 1 0
8 2 1
8 3 2
8 0 3
FACE-NORMAL = 14
1.0 0.0 0.0
1.0 0.0 0.0
1.0 0.0 0.0
1.0 0.0 0.0
1.0 0.0 0.0
1.0 0.0 0.0
1.0 0.0 0.0
1.0 0.0 0.0
1.0 0.0 0.0
1.0 0.0 0.0
1.0 0.0 0.0
1.0 0.0 0.0
1.0 0.0 0.0
1.0 0.0 0.0
BONE = 26
BONE_NAME = Ref_Hardpoint 03
PARENT_ID = 25
LOCALTM 
MAT -0.318505 0.289266 0.902705 0.0
MAT -0.946216 -0.0399551 -0.321054 0.0
MAT -0.0568021 -0.956415 0.286434 0.0
MAT 1.53362 -1.67638e-007 0.0 1.0
WORLDTM 
MAT -0.580081 0.0342762 0.813838 0.0
MAT 0.0288134 0.999352 -0.0215522 0.0
MAT -0.81405 0.0109473 -0.580694 0.0
MAT -0.926728 -0.0481634 0.786235 1.0
VERTEX = 9
-1.17293 3.84111 0.925462
-1.17293 3.84111 0.925462
-1.17293 3.84111 0.925462
-1.17293 3.84111 0.925462
-1.17293 3.84111 0.925462
-1.17293 3.84111 0.925462
-1.17293 3.84111 0.925462
-1.17293 3.84111 0.925462
-1.17293 3.84111 0.925462
INDEX = 14
4 5 7
6 7 5
1 2 5
6 5 2
0 1 4
5 4 1
7 6 3
2 3 6
4 7 0
3 0 7
8 1 0
8 2 1
8 3 2
8 0 3
FACE-NORMAL = 14
1.0 0.0 0.0
1.0 0.0 0.0
1.0 0.0 0.0
1.0 0.0 0.0
1.0 0.0 0.0
1.0 0.0 0.0
1.0 0.0 0.0
1.0 0.0 0.0
1.0 0.0 0.0
1.0 0.0 0.0
1.0 0.0 0.0
1.0 0.0 0.0
1.0 0.0 0.0
1.0 0.0 0.0
BONE = 27
BONE_NAME = HitTestFuzzy03
PARENT_ID = 24
LOCALTM 
MAT 0.000165279 -0.99256 0.121758 0.0
MAT 0.97487 -0.026964 -0.221131 0.0
MAT 0.222768 0.118735 0.967613 0.0
MAT -0.593513 -0.0273577 0.345211 1.0
WORLDTM 
MAT -0.69648 -0.00482457 -0.717562 0.0
MAT 0.0135282 -0.999888 -0.00640818 0.0
MAT -0.717451 -0.0141705 0.696467 0.0
MAT -1.17293 3.84111 0.925462 1.0
VERTEX = 9
-1.14523 3.54934 0.937162
-1.14523 3.54934 0.937162
-1.14523 3.54934 0.937162
-1.14523 3.54934 0.937162
-1.14523 3.54934 0.937162
-1.14523 3.54934 0.937162
-1.14523 3.54934 0.937162
-1.14523 3.54934 0.937162
-1.14523 3.54934 0.937162
INDEX = 14
4 5 7
6 7 5
1 2 5
6 5 2
0 1 4
5 4 1
7 6 3
2 3 6
4 7 0
3 0 7
8 1 0
8 2 1
8 3 2
8 0 3
FACE-NORMAL = 14
1.0 0.0 0.0
1.0 0.0 0.0
1.0 0.0 0.0
1.0 0.0 0.0
1.0 0.0 0.0
1.0 0.0 0.0
1.0 0.0 0.0
1.0 0.0 0.0
1.0 0.0 0.0
1.0 0.0 0.0
1.0 0.0 0.0
1.0 0.0 0.0
1.0 0.0 0.0
1.0 0.0 0.0
BONE = 28
BONE_NAME = Vol_Target 04
PARENT_ID = 24
LOCALTM 
MAT 0.00660439 -0.992337 0.109899 0.0
MAT 0.9978 -0.00159762 -0.0590128 0.0
MAT 0.065946 0.123555 0.88189 0.0
MAT -0.310515 -0.010043 0.270082 1.0
WORLDTM 
MAT -0.688016 -0.0135673 -0.7234 0.0
MAT -0.101249 -0.988022 0.112491 0.0
MAT -0.62448 0.121606 0.626565 0.0
MAT -1.14523 3.54934 0.937162 1.0
VERTEX = 9
0.0 3.06079 -0.0555183
0.0 3.06079 -0.0555183
0.0 3.06079 -0.0555183
0.0 3.06079 -0.0555183
0.0 3.06079 -0.0555183
0.0 3.06079 -0.0555183
0.0 3.06079 -0.0555183
0.0 3.06079 -0.0555183
0.0 3.06079 -0.0555183
INDEX = 14
4 5 7
6 7 5
1 2 5
6 5 2
0 1 4
5 4 1
7 6 3
2 3 6
4 7 0
3 0 7
8 1 0
8 2 1
8 3 2
8 0 3
FACE-NORMAL = 14
1.0 0.0 0.0
1.0 0.0 0.0
1.0 0.0 0.0
1.0 0.0 0.0
1.0 0.0 0.0
1.0 0.0 0.0
1.0 0.0 0.0
1.0 0.0 0.0
1.0 0.0 0.0
1.0 0.0 0.0
1.0 0.0 0.0
1.0 0.0 0.0
1.0 0.0 0.0
1.0 0.0 0.0
BONE = 29
BONE_NAME = Bone_spine
PARENT_ID = 0
LOCALTM 
MAT 0.927132 -0.048555 0.371578 0.0
MAT -0.0192732 0.984079 0.176681 0.0
MAT -0.374241 -0.170968 0.911436 0.0
MAT 0.375447 0.0149303 -0.0405098 1.0
WORLDTM 
MAT 0.0227533 0.951361 0.307239 0.0
MAT -0.997764 0.00229 0.066801 0.0
MAT 0.0628481 -0.308071 0.949286 0.0
MAT 0.0 3.06079 -0.0555183 1.0
VERTEX = 9
0.0127348 3.59326 0.116441
0.0127348 3.59326 0.116441
0.0127348 3.59326 0.116441
0.0127348 3.59326 0.116441
0.0127348 3.59326 0.116441
0.0127348 3.59326 0.116441
0.0127348 3.59326 0.116441
0.0127348 3.59326 0.116441
0.0127348 3.59326 0.116441
INDEX = 14
4 5 7
6 7 5
1 2 5
6 5 2
0 1 4
5 4 1
7 6 3
2 3 6
4 7 0
3 0 7
8 1 0
8 2 1
8 3 2
8 0 3
FACE-NORMAL = 14
1.0 0.0 0.0
1.0 0.0 0.0
1.0 0.0 0.0
1.0 0.0 0.0
1.0 0.0 0.0
1.0 0.0 0.0
1.0 0.0 0.0
1.0 0.0 0.0
1.0 0.0 0.0
1.0 0.0 0.0
1.0 0.0 0.0
1.0 0.0 0.0
1.0 0.0 0.0
1.0 0.0 0.0
BONE = 30
BONE_NAME = Bone_spineA
PARENT_ID = 29
LOCALTM 
MAT 0.978041 0.0 -0.208411 0.0
MAT 0.0 1.0 -1.7893e-007 0.0
MAT 0.208411 1.77228e-007 0.978042 0.0
MAT 0.559694 0.0 -4.17233e-007 1.0
WORLDTM 
MAT 0.00915544 0.994676 0.102651 0.0
MAT -0.997764 0.00229002 0.0668008 0.0
MAT 0.0662099 -0.103032 0.992473 0.0
MAT 0.0127348 3.59326 0.116441 1.0
VERTEX = 9
0.0176481 4.12706 0.171529
0.0176481 4.12706 0.171529
0.0176481 4.12706 0.171529
0.0176481 4.12706 0.171529
0.0176481 4.12706 0.171529
0.0176481 4.12706 0.171529
0.0176481 4.12706 0.171529
0.0176481 4.12706 0.171529
0.0176481 4.12706 0.171529
INDEX = 14
4 5 7
6 7 5
1 2 5
6 5 2
0 1 4
5 4 1
7 6 3
2 3 6
4 7 0
3 0 7
8 1 0
8 2 1
8 3 2
8 0 3
FACE-NORMAL = 14
1.0 0.0 0.0
1.0 0.0 0.0
1.0 0.0 0.0
1.0 0.0 0.0
1.0 0.0 0.0
1.0 0.0 0.0
1.0 0.0 0.0
1.0 0.0 0.0
1.0 0.0 0.0
1.0 0.0 0.0
1.0 0.0 0.0
1.0 0.0 0.0
1.0 0.0 0.0
1.0 0.0 0.0
BONE = 31
BONE_NAME = Bone_spine_C
PARENT_ID = 30
LOCALTM 
MAT 0.883399 0.0 -0.468622 0.0
MAT 0.0 1.0 0.0 0.0
MAT 0.468621 0.0 0.883399 0.0
MAT 0.536657 0.0 0.0 1.0
WORLDTM 
MAT -0.0229395 0.926979 -0.374413 0.0
MAT -0.997764 0.00229001 0.0668008 0.0
MAT 0.0627802 0.375108 0.924854 0.0
MAT 0.0176481 4.12706 0.171529 1.0
VERTEX = 9
-3.14345e-005 3.00988 -0.0168251
-3.14345e-005 3.00988 -0.0168251
-3.14345e-005 3.00988 -0.0168251
-3.14345e-005 3.00988 -0.0168251
-3.14345e-005 3.00988 -0.0168251
-3.14345e-005 3.00988 -0.0168251
-3.14345e-005 3.00988 -0.0168251
-3.14345e-005 3.00988 -0.0168251
-3.14345e-005 3.00988 -0.0168251
INDEX = 14
4 5 7
6 7 5
1 2 5
6 5 2
0 1 4
5 4 1
7 6 3
2 3 6
4 7 0
3 0 7
8 1 0
8 2 1
8 3 2
8 0 3
FACE-NORMAL = 14
1.0 0.0 0.0
1.0 0.0 0.0
1.0 0.0 0.0
1.0 0.0 0.0
1.0 0.0 0.0
1.0 0.0 0.0
1.0 0.0 0.0
1.0 0.0 0.0
1.0 0.0 0.0
1.0 0.0 0.0
1.0 0.0 0.0
1.0 0.0 0.0
1.0 0.0 0.0
1.0 0.0 0.0
BONE = 32
BONE_NAME = Dummy_TurretParrent
PARENT_ID = 0
LOCALTM 
MAT 0.0168058 -0.993729 -0.11055 0.0
MAT 0.997285 0.00873142 0.0731207 0.0
MAT -0.0716969 -0.111479 0.991177 0.0
MAT 0.321903 0.0102036 -0.00587688 1.0
WORLDTM 
MAT 1.0 6.86385e-007 -5.94271e-007 0.0
MAT -6.88713e-007 1.0 -1.17719e-006 0.0
MAT 5.72152e-007 1.2368e-006 1.0 0.0
MAT -3.14345e-005 3.00988 -0.0168251 1.0
VERTEX = 9
-3.14345e-005 3.00988 -0.0168251
-3.14345e-005 3.00988 -0.0168251
-3.14345e-005 3.00988 -0.0168251
-3.14345e-005 3.00988 -0.0168251
-3.14345e-005 3.00988 -0.0168251
-3.14345e-005 3.00988 -0.0168251
-3.14345e-005 3.00988 -0.0168251
-3.14345e-005 3.00988 -0.0168251
-3.14345e-005 3.00988 -0.0168251
INDEX = 14
4 5 7
6 7 5
1 2 5
6 5 2
0 1 4
5 4 1
7 6 3
2 3 6
4 7 0
3 0 7
8 1 0
8 2 1
8 3 2
8 0 3
FACE-NORMAL = 14
1.0 0.0 0.0
1.0 0.0 0.0
1.0 0.0 0.0
1.0 0.0 0.0
1.0 0.0 0.0
1.0 0.0 0.0
1.0 0.0 0.0
1.0 0.0 0.0
1.0 0.0 0.0
1.0 0.0 0.0
1.0 0.0 0.0
1.0 0.0 0.0
1.0 0.0 0.0
1.0 0.0 0.0
BONE = 33
BONE_NAME = Ref_TurretZ
PARENT_ID = 32
LOCALTM 
MAT 1.0 0.0 1.78807e-007 0.0
MAT 0.0 1.0 0.0 0.0
MAT -1.78807e-007 0.0 1.0 0.0
MAT 0.0 0.0 0.0 1.0
WORLDTM 
MAT 1.0 6.87316e-007 -4.15465e-007 0.0
MAT -6.89644e-007 1.0 -1.1567e-006 0.0
MAT 3.93345e-007 1.21631e-006 1.0 0.0
MAT -3.14345e-005 3.00988 -0.0168251 1.0
VERTEX = 9
5.19674e-007 4.62613 0.0782853
5.19674e-007 4.62613 0.0782853
5.19674e-007 4.62613 0.0782853
5.19674e-007 4.62613 0.0782853
5.19674e-007 4.62613 0.0782853
5.19674e-007 4.62613 0.0782853
5.19674e-007 4.62613 0.0782853
5.19674e-007 4.62613 0.0782853
5.19674e-007 4.62613 0.0782853
INDEX = 14
4 5 7
6 7 5
1 2 5
6 5 2
0 1 4
5 4 1
7 6 3
2 3 6
4 7 0
3 0 7
8 1 0
8 2 1
8 3 2
8 0 3
FACE-NORMAL = 14
1.0 0.0 0.0
1.0 0.0 0.0
1.0 0.0 0.0
1.0 0.0 0.0
1.0 0.0 0.0
1.0 0.0 0.0
1.0 0.0 0.0
1.0 0.0 0.0
1.0 0.0 0.0
1.0 0.0 0.0
1.0 0.0 0.0
1.0 0.0 0.0
1.0 0.0 0.0
1.0 0.0 0.0
BONE = 34
BONE_NAME = Dummy01
PARENT_ID = 33
LOCALTM 
MAT 1.99631e-007 5.01517e-007 -1.0 0.0
MAT -1.0 5.75558e-007 -2.73903e-007 0.0
MAT 6.22588e-007 1.0 4.55882e-007 0.0
MAT 3.30313e-005 1.61625 0.0951122 1.0
WORLDTM 
MAT -1.93715e-007 -7.1479e-007 -1.0 0.0
MAT -1.0 0.0 1.41561e-007 0.0
MAT 0.0 1.0 -7.0082e-007 0.0
MAT 5.19674e-007 4.62613 0.0782853 1.0
VERTEX = 9
0.0142717 5.22874 0.431004
0.0142717 5.22874 0.431004
0.0142717 5.22874 0.431004
0.0142717 5.22874 0.431004
0.0142717 5.22874 0.431004
0.0142717 5.22874 0.431004
0.0142717 5.22874 0.431004
0.0142717 5.22874 0.431004
0.0142717 5.22874 0.431004
INDEX = 14
4 5 7
6 7 5
1 2 5
6 5 2
0 1 4
5 4 1
7 6 3
2 3 6
4 7 0
3 0 7
8 1 0
8 2 1
8 3 2
8 0 3
FACE-NORMAL = 14
1.0 0.0 0.0
1.0 0.0 0.0
1.0 0.0 0.0
1.0 0.0 0.0
1.0 0.0 0.0
1.0 0.0 0.0
1.0 0.0 0.0
1.0 0.0 0.0
1.0 0.0 0.0
1.0 0.0 0.0
1.0 0.0 0.0
1.0 0.0 0.0
1.0 0.0 0.0
1.0 0.0 0.0
BONE = 35
BONE_NAME = Head
PARENT_ID = 34
LOCALTM 
MAT 0.0027144 -0.999997 -1.3962e-007 0.0
MAT -2.21957e-005 -3.94876e-007 1.0 0.0
MAT -0.999997 -0.00271437 -2.2184e-005 0.0
MAT -0.352719 -0.0142711 0.602611 1.0
WORLDTM 
MAT 0.999997 0.0 -0.00271454 0.0
MAT 3.27826e-007 1.0 2.14949e-005 0.0
MAT 0.00271456 -2.14688e-005 0.999997 0.0
MAT 0.0142717 5.22874 0.431004 1.0
VERTEX = 9
0.792533 5.31326 0.00608552
0.792533 5.31326 0.00608552
0.792533 5.31326 0.00608552
0.792533 5.31326 0.00608552
0.792533 5.31326 0.00608552
0.792533 5.31326 0.00608552
0.792533 5.31326 0.00608552
0.792533 5.31326 0.00608552
0.792533 5.31326 0.00608552
INDEX = 14
4 5 7
6 7 5
1 2 5
6 5 2
0 1 4
5 4 1
7 6 3
2 3 6
4 7 0
3 0 7
8 1 0
8 2 1
8 3 2
8 0 3
FACE-NORMAL = 14
1.0 0.0 0.0
1.0 0.0 0.0
1.0 0.0 0.0
1.0 0.0 0.0
1.0 0.0 0.0
1.0 0.0 0.0
1.0 0.0 0.0
1.0 0.0 0.0
1.0 0.0 0.0
1.0 0.0 0.0
1.0 0.0 0.0
1.0 0.0 0.0
1.0 0.0 0.0
1.0 0.0 0.0
BONE = 36
BONE_NAME = Pod_1
PARENT_ID = 35
LOCALTM 
MAT 0.999996 0.0 0.00271487 0.0
MAT 0.0 1.0 0.0 0.0
MAT -0.00271487 0.0 0.999996 0.0
MAT 0.779411 0.0845037 -0.422806 1.0
WORLDTM 
MAT 1.0 0.0 3.3062e-007 0.0
MAT 3.27826e-007 1.0 2.14949e-005 0.0
MAT -3.12226e-007 -2.14687e-005 1.0 0.0
MAT 0.792533 5.31326 0.00608552 1.0
VERTEX = 9
0.927263 5.40902 0.00608762
0.927263 5.40902 0.00608762
0.927263 5.40902 0.00608762
0.927263 5.40902 0.00608762
0.927263 5.40902 0.00608762
0.927263 5.40902 0.00608762
0.927263 5.40902 0.00608762
0.927263 5.40902 0.00608762
0.927263 5.40902 0.00608762
INDEX = 14
4 5 7
6 7 5
1 2 5
6 5 2
0 1 4
5 4 1
7 6 3
2 3 6
4 7 0
3 0 7
8 1 0
8 2 1
8 3 2
8 0 3
FACE-NORMAL = 14
1.0 0.0 0.0
1.0 0.0 0.0
1.0 0.0 0.0
1.0 0.0 0.0
1.0 0.0 0.0
1.0 0.0 0.0
1.0 0.0 0.0
1.0 0.0 0.0
1.0 0.0 0.0
1.0 0.0 0.0
1.0 0.0 0.0
1.0 0.0 0.0
1.0 0.0 0.0
1.0 0.0 0.0
BONE = 37
BONE_NAME = Object05
PARENT_ID = 36
LOCALTM 
MAT 1.0 0.0 0.000908457 0.0
MAT -7.27767e-007 1.0 0.000801102 0.0
MAT -0.000908456 -0.000801103 0.999999 0.0
MAT 0.13473 0.095768 0.0 1.0
WORLDTM 
MAT 1.0 0.0 0.000908788 0.0
MAT -4.00192e-007 1.0 0.000822597 0.0
MAT -0.00090877 -0.000822571 1.0 0.0
MAT 0.927263 5.40902 0.00608762 1.0
VERTEX = 9
-0.775469 5.30921 0.0124855
-0.775469 5.30921 0.0124855
-0.775469 5.30921 0.0124855
-0.775469 5.30921 0.0124855
-0.775469 5.30921 0.0124855
-0.775469 5.30921 0.0124855
-0.775469 5.30921 0.0124855
-0.775469 5.30921 0.0124855
-0.775469 5.30921 0.0124855
INDEX = 14
4 5 7
6 7 5
1 2 5
6 5 2
0 1 4
5 4 1
7 6 3
2 3 6
4 7 0
3 0 7
8 1 0
8 2 1
8 3 2
8 0 3
FACE-NORMAL = 14
1.0 0.0 0.0
1.0 0.0 0.0
1.0 0.0 0.0
1.0 0.0 0.0
1.0 0.0 0.0
1.0 0.0 0.0
1.0 0.0 0.0
1.0 0.0 0.0
1.0 0.0 0.0
1.0 0.0 0.0
1.0 0.0 0.0
1.0 0.0 0.0
1.0 0.0 0.0
1.0 0.0 0.0
BONE = 38
BONE_NAME = Pod_2
PARENT_ID = 35
LOCALTM 
MAT 0.999996 0.0 0.00271487 0.0
MAT 0.0 1.0 0.0 0.0
MAT -0.00271487 0.0 0.999996 0.0
MAT -0.788601 0.0804572 -0.420663 1.0
WORLDTM 
MAT 1.0 0.0 3.3062e-007 0.0
MAT 3.27826e-007 1.0 2.14949e-005 0.0
MAT -3.12226e-007 -2.14687e-005 1.0 0.0
MAT -0.775469 5.30921 0.0124855 1.0
VERTEX = 9
-0.955292 5.40498 0.0124875
-0.955292 5.40498 0.0124875
-0.955292 5.40498 0.0124875
-0.955292 5.40498 0.0124875
-0.955292 5.40498 0.0124875
-0.955292 5.40498 0.0124875
-0.955292 5.40498 0.0124875
-0.955292 5.40498 0.0124875
-0.955292 5.40498 0.0124875
INDEX = 14
4 5 7
6 7 5
1 2 5
6 5 2
0 1 4
5 4 1
7 6 3
2 3 6
4 7 0
3 0 7
8 1 0
8 2 1
8 3 2
8 0 3
FACE-NORMAL = 14
1.0 0.0 0.0
1.0 0.0 0.0
1.0 0.0 0.0
1.0 0.0 0.0
1.0 0.0 0.0
1.0 0.0 0.0
1.0 0.0 0.0
1.0 0.0 0.0
1.0 0.0 0.0
1.0 0.0 0.0
1.0 0.0 0.0
1.0 0.0 0.0
1.0 0.0 0.0
1.0 0.0 0.0
BONE = 39
BONE_NAME = Object04
PARENT_ID = 38
LOCALTM 
MAT 1.0 0.0 -0.0008303 0.0
MAT 6.1227e-007 1.0 0.000737408 0.0
MAT 0.0008303 -0.000737408 0.999999 0.0
MAT -0.179823 0.095768 0.0 1.0
WORLDTM 
MAT 1.0 0.0 -0.00082997 0.0
MAT 9.39866e-007 1.0 0.000758903 0.0
MAT 0.000829989 -0.000758877 1.0 0.0
MAT -0.955292 5.40498 0.0124875 1.0
VERTEX = 9
-0.564916 4.17483 -0.0505902
-0.564916 4.17483 -0.0505902
-0.564916 4.17483 -0.0505902
-0.564916 4.17483 -0.0505902
-0.564916 4.17483 -0.0505902
-0.564916 4.17483 -0.0505902
-0.564916 4.17483 -0.0505902
-0.564916 4.17483 -0.0505902
-0.564916 4.17483 -0.0505902
INDEX = 14
4 5 7
6 7 5
1 2 5
6 5 2
0 1 4
5 4 1
7 6 3
2 3 6
4 7 0
3 0 7
8 1 0
8 2 1
8 3 2
8 0 3
FACE-NORMAL = 14
1.0 0.0 0.0
1.0 0.0 0.0
1.0 0.0 0.0
1.0 0.0 0.0
1.0 0.0 0.0
1.0 0.0 0.0
1.0 0.0 0.0
1.0 0.0 0.0
1.0 0.0 0.0
1.0 0.0 0.0
1.0 0.0 0.0
1.0 0.0 0.0
1.0 0.0 0.0
1.0 0.0 0.0
BONE = 40
BONE_NAME = Pod_3
PARENT_ID = 35
LOCALTM 
MAT 0.999996 0.0 0.00271487 0.0
MAT 0.0 1.0 0.0 0.0
MAT -0.00271487 0.0 0.999996 0.0
MAT -0.577877 -1.05392 -0.483142 1.0
WORLDTM 
MAT 1.0 0.0 3.3062e-007 0.0
MAT 3.27826e-007 1.0 2.14949e-005 0.0
MAT -3.12226e-007 -2.14687e-005 1.0 0.0
MAT -0.564916 4.17483 -0.0505902 1.0
VERTEX = 9
-0.742458 4.05563 0.0362722
-0.742458 4.05563 0.0362722
-0.742458 4.05563 0.0362722
-0.742458 4.05563 0.0362722
-0.742458 4.05563 0.0362722
-0.742458 4.05563 0.0362722
-0.742458 4.05563 0.0362722
-0.742458 4.05563 0.0362722
-0.742458 4.05563 0.0362722
INDEX = 14
4 5 7
6 7 5
1 2 5
6 5 2
0 1 4
5 4 1
7 6 3
2 3 6
4 7 0
3 0 7
8 1 0
8 2 1
8 3 2
8 0 3
FACE-NORMAL = 14
1.0 0.0 0.0
1.0 0.0 0.0
1.0 0.0 0.0
1.0 0.0 0.0
1.0 0.0 0.0
1.0 0.0 0.0
1.0 0.0 0.0
1.0 0.0 0.0
1.0 0.0 0.0
1.0 0.0 0.0
1.0 0.0 0.0
1.0 0.0 0.0
1.0 0.0 0.0
1.0 0.0 0.0
BONE = 41
BONE_NAME = Object
PARENT_ID = 40
LOCALTM 
MAT 1.0 -5.07209e-005 8.36313e-005 0.0
MAT 5.0619e-005 1.0 0.00121876 0.0
MAT -8.36931e-005 -0.00121876 0.999999 0.0
MAT -0.177541 -0.119199 0.086865 1.0
WORLDTM 
MAT 1.0 -5.08108e-005 8.39609e-005 0.0
MAT 5.09465e-005 0.999999 0.00124026 0.0
MAT -8.40058e-005 -0.00124022 1.0 0.0
MAT -0.742458 4.05563 0.0362722 1.0
VERTEX = 9
0.587541 4.17483 -0.0538742
0.587541 4.17483 -0.0538742
0.587541 4.17483 -0.0538742
0.587541 4.17483 -0.0538742
0.587541 4.17483 -0.0538742
0.587541 4.17483 -0.0538742
0.587541 4.17483 -0.0538742
0.587541 4.17483 -0.0538742
0.587541 4.17483 -0.0538742
INDEX = 14
4 5 7
6 7 5
1 2 5
6 5 2
0 1 4
5 4 1
7 6 3
2 3 6
4 7 0
3 0 7
8 1 0
8 2 1
8 3 2
8 0 3
FACE-NORMAL = 14
1.0 0.0 0.0
1.0 0.0 0.0
1.0 0.0 0.0
1.0 0.0 0.0
1.0 0.0 0.0
1.0 0.0 0.0
1.0 0.0 0.0
1.0 0.0 0.0
1.0 0.0 0.0
1.0 0.0 0.0
1.0 0.0 0.0
1.0 0.0 0.0
1.0 0.0 0.0
1.0 0.0 0.0
BONE = 42
BONE_NAME = Pod_4
PARENT_ID = 35
LOCALTM 
MAT 0.999996 0.0 0.00271487 0.0
MAT 0.0 1.0 0.0 0.0
MAT -0.00271487 0.0 0.999996 0.0
MAT 0.574583 -1.05392 -0.483298 1.0
WORLDTM 
MAT 1.0 0.0 3.3062e-007 0.0
MAT 3.27826e-007 1.0 2.14949e-005 0.0
MAT -3.12226e-007 -2.14687e-005 1.0 0.0
MAT 0.587541 4.17483 -0.0538742 1.0
VERTEX = 9
0.755658 4.05563 0.0329884
0.755658 4.05563 0.0329884
0.755658 4.05563 0.0329884
0.755658 4.05563 0.0329884
0.755658 4.05563 0.0329884
0.755658 4.05563 0.0329884
0.755658 4.05563 0.0329884
0.755658 4.05563 0.0329884
0.755658 4.05563 0.0329884
INDEX = 14
4 5 7
6 7 5
1 2 5
6 5 2
0 1 4
5 4 1
7 6 3
2 3 6
4 7 0
3 0 7
8 1 0
8 2 1
8 3 2
8 0 3
FACE-NORMAL = 14
1.0 0.0 0.0
1.0 0.0 0.0
1.0 0.0 0.0
1.0 0.0 0.0
1.0 0.0 0.0
1.0 0.0 0.0
1.0 0.0 0.0
1.0 0.0 0.0
1.0 0.0 0.0
1.0 0.0 0.0
1.0 0.0 0.0
1.0 0.0 0.0
1.0 0.0 0.0
1.0 0.0 0.0
BONE = 43
BONE_NAME = Object03
PARENT_ID = 42
LOCALTM 
MAT 1.0 3.38164e-005 -0.000172484 0.0
MAT -3.36824e-005 1.0 0.000776964 0.0
MAT 0.00017251 -0.000776958 1.0 0.0
MAT 0.168117 -0.119198 0.086865 1.0
WORLDTM 
MAT 1.0 3.3732e-005 -0.000172152 0.0
MAT -3.33549e-005 1.0 0.000798459 0.0
MAT 0.000172198 -0.000798427 1.0 0.0
MAT 0.755658 4.05563 0.0329884 1.0
VERTEX = 9
-0.697741 5.15093 0.442952
-0.697741 5.15093 0.442952
-0.697741 5.15093 0.442952
-0.697741 5.15093 0.442952
-0.697741 5.15093 0.442952
-0.697741 5.15093 0.442952
-0.697741 5.15093 0.442952
-0.697741 5.15093 0.442952
-0.697741 5.15093 0.442952
INDEX = 14
4 5 7
6 7 5
1 2 5
6 5 2
0 1 4
5 4 1
7 6 3
2 3 6
4 7 0
3 0 7
8 1 0
8 2 1
8 3 2
8 0 3
FACE-NORMAL = 14
1.0 0.0 0.0
1.0 0.0 0.0
1.0 0.0 0.0
1.0 0.0 0.0
1.0 0.0 0.0
1.0 0.0 0.0
1.0 0.0 0.0
1.0 0.0 0.0
1.0 0.0 0.0
1.0 0.0 0.0
1.0 0.0 0.0
1.0 0.0 0.0
1.0 0.0 0.0
1.0 0.0 0.0
BONE = 44
BONE_NAME = Ant_4
PARENT_ID = 35
LOCALTM 
MAT 0.999999 0.0 0.00183783 0.0
MAT 0.0 1.0 0.0 0.0
MAT -0.00183783 0.0 0.999999 0.0
