EXPORTER_V17
ANIMATION_EXPORT
BONEOBJECT_COUNT = 138
VERTEX = 9
0.005 -4.61345 -0.00499985
0.005 -4.61345 0.00500015
0.005 -4.62345 0.00500015
0.005 -4.62345 -0.00499985
0.0 -4.61795 -0.000499848
0.0 -4.61795 0.000500153
0.0 -4.61895 0.000500153
0.0 -4.61895 -0.000499848
0.0 -4.61845 1.52588e-007
INDEX = 14
4 5 7
6 7 5
1 2 5
6 5 2
0 1 4
5 4 1
7 6 3
2 3 6
4 7 0
3 0 7
8 1 0
8 2 1
8 3 2
8 0 3
FACE-NORMAL = 14
1.0 0.0 0.0
1.0 0.0 0.0
0.668965 0.0 -0.743294
0.668965 0.0 -0.743294
0.668965 -0.743294 0.0
0.668965 -0.743294 0.0
0.668965 0.743294 0.0
0.668965 0.743294 0.0
0.668965 0.0 0.743294
0.668965 0.0 0.743294
-0.707107 0.707107 0.0
-0.707107 0.0 0.707107
-0.707107 -0.707107 0.0
-0.707107 0.0 -0.707107
BONE = 0
BONE_NAME = Bone_Link_Object
PARENT_ID = -1
LOCALTM 
MAT 1.0 0.0 0.0 0.0
MAT 0.0 1.0 0.0 0.0
MAT 0.0 0.0 1.0 0.0
MAT 0.0 -4.61845 1.52588e-007 1.0
WORLDTM 
MAT 1.0 0.0 0.0 0.0
MAT 0.0 1.0 0.0 0.0
MAT 0.0 0.0 1.0 0.0
MAT 0.0 -4.61845 1.52588e-007 1.0
VERTEX = 9
0.0179406 -2.96445 -0.793032
0.0179406 -2.96444 -0.792871
0.0179406 -2.96458 -0.792858
0.0179406 -2.96459 -0.793019
0.0178687 -2.96451 -0.792954
0.0178687 -2.96451 -0.792938
0.0178687 -2.96452 -0.792936
0.0178687 -2.96452 -0.792952
0.0178687 -2.96452 -0.792945
INDEX = 14
4 5 7
6 7 5
1 2 5
6 5 2
0 1 4
5 4 1
7 6 3
2 3 6
4 7 0
3 0 7
8 1 0
8 2 1
8 3 2
8 0 3
FACE-NORMAL = 14
1.0 0.0 0.0
1.0 0.0 0.0
0.668965 -0.0658042 -0.740376
0.668965 -0.0658042 -0.740375
0.668965 -0.740376 0.0658042
0.668965 -0.740375 0.0658042
0.668965 0.740375 -0.0658042
0.668965 0.740376 -0.0658042
0.668965 0.0658042 0.740375
0.668965 0.0658042 0.740376
-0.707107 0.70433 -0.0626006
-0.707107 0.0626006 0.70433
-0.707107 -0.70433 0.0626006
-0.707107 -0.0626006 -0.70433
BONE = 1
BONE_NAME = Bottom_Flare
PARENT_ID = 0
LOCALTM 
MAT 0.0143843 0.0 0.0 0.0
MAT 0.0 0.0143279 -0.00127345 0.0
MAT 0.0 0.00142981 0.0160871 0.0
MAT 0.0178687 1.65393 -0.792945 1.0
WORLDTM 
MAT 0.0143843 0.0 0.0 0.0
MAT 0.0 0.0143279 -0.00127345 0.0
MAT 0.0 0.00142981 0.0160871 0.0
MAT 0.0178687 -2.96452 -0.792945 1.0
VERTEX = 9
-0.00333681 -4.15236 -1.31217
-0.00333681 -4.1433 -1.30795
-0.00333681 -4.14753 -1.29889
-0.00333681 -4.15659 -1.30311
-0.00833681 -4.15019 -1.30619
-0.00833681 -4.14928 -1.30577
-0.00833681 -4.1497 -1.30487
-0.00833681 -4.15061 -1.30529
-0.00833681 -4.14994 -1.30553
INDEX = 14
4 5 7
6 7 5
1 2 5
6 5 2
0 1 4
5 4 1
7 6 3
2 3 6
4 7 0
3 0 7
8 1 0
8 2 1
8 3 2
8 0 3
FACE-NORMAL = 14
1.0 0.0 0.0
1.0 0.0 0.0
0.668965 -0.673653 -0.31413
0.668965 -0.673653 -0.31413
0.668965 -0.31413 0.673653
0.668965 -0.31413 0.673653
0.668965 0.31413 -0.673653
0.668965 0.31413 -0.673653
0.668965 0.673653 0.31413
0.668965 0.673653 0.31413
-0.707107 0.298836 -0.640856
-0.707107 0.640856 0.298836
-0.707107 -0.298836 0.640856
-0.707107 -0.640856 -0.298836
BONE = 2
BONE_NAME = Bldg_Terran_CommandCenter_Main
PARENT_ID = 0
LOCALTM 
MAT 1.0 0.0 0.0 0.0
MAT 0.0 0.422618 -0.906308 0.0
MAT 0.0 0.906308 0.422618 0.0
MAT -0.00833681 0.468501 -1.30553 1.0
WORLDTM 
MAT 1.0 0.0 0.0 0.0
MAT 0.0 0.422618 -0.906308 0.0
MAT 0.0 0.906308 0.422618 0.0
MAT -0.00833681 -4.14994 -1.30553 1.0
VERTEX = 9
-1.60834 -3.34939 1.59293
-1.60834 -3.33939 1.59293
-1.60127 -3.33939 1.6
-1.60127 -3.34939 1.6
-1.60869 -3.34489 1.59965
-1.60869 -3.34389 1.59965
-1.60798 -3.34389 1.60036
-1.60798 -3.34489 1.60036
-1.60834 -3.34439 1.6
INDEX = 14
4 5 7
6 7 5
1 2 5
6 5 2
0 1 4
5 4 1
7 6 3
2 3 6
4 7 0
3 0 7
8 1 0
8 2 1
8 3 2
8 0 3
FACE-NORMAL = 14
0.707107 1.78814e-007 -0.707107
0.707107 1.78814e-007 -0.707107
0.47303 -0.743294 -0.473029
0.47303 -0.743294 -0.47303
0.998618 2.96835e-007 0.0525589
0.998618 2.96835e-007 0.0525587
-0.0525587 0.0 -0.998618
-0.0525588 0.0 -0.998618
0.473029 0.743294 -0.47303
0.473029 0.743294 -0.47303
-1.0 -2.95028e-007 0.0
-0.5 0.707107 0.5
0.0 0.0 1.0
-0.5 -0.707107 0.5
BONE = 3
BONE_NAME = Bldg_Terran_CommandCenter_Joint_04
PARENT_ID = 2
LOCALTM 
MAT 0.707107 0.640856 -0.298836 0.0
MAT -0.707107 0.640857 -0.298837 0.0
MAT -2.98023e-007 0.422618 0.906308 0.0
MAT -1.6 -2.29286 1.95801 1.0
WORLDTM 
MAT 0.707107 1.78814e-007 -0.707107 0.0
MAT -0.707107 -2.38419e-007 -0.707107 0.0
MAT -2.98023e-007 1.0 0.0 0.0
MAT -1.60834 -3.34439 1.6 1.0
VERTEX = 9
-1.60696 -3.89314 1.59155
-1.61096 -3.8849 1.59555
-1.60389 -3.8849 1.60263
-1.59989 -3.89314 1.59862
-1.60849 -3.89227 1.59945
-1.60889 -3.89144 1.59985
-1.60818 -3.89144 1.60056
-1.60778 -3.89227 1.60015
-1.60834 -3.89185 1.6
INDEX = 14
4 5 7
6 7 5
1 2 5
6 5 2
0 1 4
5 4 1
7 6 3
2 3 6
4 7 0
3 0 7
8 1 0
8 2 1
8 3 2
8 0 3
FACE-NORMAL = 14
0.582816 0.566259 -0.582817
0.582816 0.566259 -0.582817
0.687503 -0.233835 -0.687503
0.687503 -0.233835 -0.687503
0.915472 0.378808 0.135705
0.915472 0.378808 0.135705
-0.135704 0.378807 -0.915472
-0.135704 0.378807 -0.915472
0.0922639 0.991451 -0.0922647
0.0922638 0.991451 -0.0922646
-0.912113 -0.400406 -0.0878866
-0.695244 0.18241 0.695243
0.0878863 -0.400405 0.912114
-0.128983 -0.983222 0.128984
BONE = 4
BONE_NAME = Bldg_Terran_CommandCenter_Foot_03
PARENT_ID = 3
LOCALTM 
MAT 0.824227 0.0 0.566259 0.0
MAT 3.57628e-007 1.0 -2.5332e-007 0.0
MAT -0.56626 5.06824e-007 0.824227 0.0
MAT -4.76837e-007 1.38767e-007 -0.547466 1.0
WORLDTM 
MAT 0.582816 0.566259 -0.582817 0.0
MAT -0.707107 -4.91738e-007 -0.707108 0.0
MAT -0.400407 0.824227 0.400406 0.0
MAT -1.60834 -3.89185 1.6 1.0
VERTEX = 9
-1.61411 -3.35062 1.5893
-1.62118 -3.35062 1.59637
-1.63113 -3.35062 1.58642
-1.62406 -3.35062 1.57935
-1.62177 -3.34562 1.588
-1.62248 -3.34562 1.58871
-1.62347 -3.34562 1.58771
-1.62277 -3.34562 1.58701
-1.62262 -3.34562 1.58786
INDEX = 14
4 5 7
6 7 5
1 2 5
6 5 2
0 1 4
5 4 1
7 6 3
2 3 6
4 7 0
3 0 7
8 1 0
8 2 1
8 3 2
8 0 3
FACE-NORMAL = 14
4.44291e-007 -1.0 1.76072e-007
4.44291e-007 -1.0 1.76072e-007
0.525588 -0.668965 -0.525588
0.525588 -0.668965 -0.525588
-0.525588 -0.668965 -0.525589
-0.525587 -0.668965 -0.525589
0.525588 -0.668965 0.525589
0.525588 -0.668964 0.525589
-0.525588 -0.668965 0.525589
-0.525588 -0.668965 0.525589
0.499999 0.707107 0.5
-0.5 0.707107 0.5
-0.5 0.707107 -0.500001
0.499999 0.707107 -0.5
BONE = 5
BONE_NAME = Vol_Target 06
PARENT_ID = 3
LOCALTM 
MAT 0.0 -1.85782e-007 -1.0 0.0
MAT -1.2517e-006 -1.40709 0.0 0.0
MAT -1.0 -5.0664e-007 3.27825e-007 0.0
MAT -0.00151443 0.018689 -0.00123048 1.0
WORLDTM 
MAT 4.44291e-007 -1.0 1.76072e-007 0.0
MAT 0.994965 2.88793e-007 0.994967 0.0
MAT -0.707106 1.49012e-007 0.707107 0.0
MAT -1.62262 -3.34562 1.58786 1.0
VERTEX = 9
-1.60127 -3.34939 -1.6
-1.60127 -3.33939 -1.6
-1.60834 -3.33939 -1.59293
-1.60834 -3.34939 -1.59293
-1.60798 -3.34489 -1.60035
-1.60798 -3.34389 -1.60035
-1.60869 -3.34389 -1.59964
-1.60869 -3.34489 -1.59964
-1.60834 -3.34439 -1.6
INDEX = 14
4 5 7
6 7 5
1 2 5
6 5 2
0 1 4
5 4 1
7 6 3
2 3 6
4 7 0
3 0 7
8 1 0
8 2 1
8 3 2
8 0 3
FACE-NORMAL = 14
0.707107 0.0 0.707107
0.707107 0.0 0.707107
0.47303 -0.743294 0.47303
0.47303 -0.743294 0.47303
-0.0525587 1.26266e-007 0.998618
-0.0525585 1.26266e-007 0.998618
0.998618 0.0 -0.0525588
0.998618 0.0 -0.052559
0.47303 0.743294 0.473029
0.47303 0.743294 0.473029
-1.78814e-007 -1.26441e-007 -1.0
-0.5 0.707107 -0.5
-1.0 0.0 2.08616e-007
-0.5 -0.707107 -0.5
BONE = 6
BONE_NAME = Bldg_Terran_CommandCenter_Joint_03
PARENT_ID = 2
LOCALTM 
MAT 0.707107 -0.640856 0.298836 0.0
MAT 0.707107 0.640857 -0.298836 0.0
MAT 0.0 0.422618 0.906308 0.0
MAT -1.6 0.607322 0.605635 1.0
WORLDTM 
MAT 0.707107 0.0 0.707107 0.0
MAT 0.707107 0.0 -0.707107 0.0
MAT 0.0 1.0 0.0 0.0
MAT -1.60834 -3.34439 -1.6 1.0
VERTEX = 9
-1.59988 -3.89314 -1.59862
-1.60389 -3.8849 -1.60262
-1.61096 -3.8849 -1.59555
-1.60696 -3.89314 -1.59155
-1.60778 -3.89227 -1.60015
-1.60818 -3.89144 -1.60055
-1.60889 -3.89144 -1.59985
-1.60849 -3.89227 -1.59945
-1.60834 -3.89185 -1.6
INDEX = 14
4 5 7
6 7 5
1 2 5
6 5 2
0 1 4
5 4 1
7 6 3
2 3 6
4 7 0
3 0 7
8 1 0
8 2 1
8 3 2
8 0 3
FACE-NORMAL = 14
0.582817 0.56626 0.582816
0.582817 0.56626 0.582816
0.687503 -0.233835 0.687503
0.687503 -0.233835 0.687503
-0.135705 0.378808 0.915472
-0.135705 0.378808 0.915472
0.915472 0.378807 -0.135704
0.915472 0.378807 -0.135705
0.0922647 0.991451 0.0922638
0.0922646 0.991451 0.0922637
0.0878866 -0.400407 -0.912113
-0.695243 0.182411 -0.695244
-0.912114 -0.400405 0.0878865
-0.128984 -0.983222 -0.128983
BONE = 7
BONE_NAME = Bldg_Terran_CommandCenter_Foot_04
PARENT_ID = 6
LOCALTM 
MAT 0.824227 0.0 0.566259 0.0
MAT 4.47035e-007 1.0 -7.00355e-007 0.0
MAT -0.566259 7.52555e-007 0.824227 0.0
MAT -7.15256e-007 3.92087e-007 -0.547466 1.0
WORLDTM 
MAT 0.582816 0.566259 0.582816 0.0
MAT 0.707107 -7.89762e-007 -0.707107 0.0
MAT -0.400405 0.824227 -0.400406 0.0
MAT -1.60834 -3.89185 -1.6 1.0
VERTEX = 9
-1.80352 -2.90328 -1.79597
-1.8106 -2.90328 -1.7889
-1.80706 -2.91194 -1.78536
-1.79999 -2.91194 -1.79243
-1.80818 -2.90967 -1.79426
-1.80888 -2.90967 -1.79355
-1.80853 -2.91054 -1.7932
-1.80782 -2.91054 -1.7939
-1.80835 -2.91011 -1.79373
INDEX = 14
4 5 7
6 7 5
1 2 5
6 5 2
0 1 4
5 4 1
7 6 3
2 3 6
4 7 0
3 0 7
8 1 0
8 2 1
8 3 2
8 0 3
FACE-NORMAL = 14
0.612372 0.5 0.612373
0.612372 0.5 0.612373
0.935244 0.334482 -0.115933
0.935244 0.334482 -0.115933
0.67245 -0.309229 0.67245
0.67245 -0.309229 0.67245
0.146861 0.978194 0.146861
0.146861 0.978194 0.146861
-0.115933 0.334483 0.935244
-0.115933 0.334483 0.935244
-0.683012 0.258819 -0.683013
-0.933013 -0.353553 0.0669874
-0.183012 -0.965926 -0.183013
0.0669875 -0.353554 -0.933013
BONE = 8
BONE_NAME = Hazard light
PARENT_ID = 6
LOCALTM 
MAT 0.866025 -4.78645e-007 0.5 0.0
MAT -0.5 2.43273e-007 0.866025 0.0
MAT 0.0 -0.999999 3.8743e-007 0.0
MAT -0.27842 -0.00444665 0.434282 1.0
WORLDTM 
MAT 0.612372 0.5 0.612373 0.0
MAT -0.353554 0.866025 -0.353554 0.0
MAT -0.707106 4.76837e-007 0.707107 0.0
MAT -1.80835 -2.91011 -1.79373 1.0
VERTEX = 9
-1.81986 -2.84173 -1.82046
-1.83509 -2.84173 -1.80524
-1.82748 -2.86038 -1.79762
-1.81225 -2.86038 -1.81285
-1.82988 -2.85551 -1.81678
-1.8314 -2.85551 -1.81525
-1.83064 -2.85737 -1.81449
-1.82912 -2.85737 -1.81602
-1.83026 -2.85644 -1.81564
INDEX = 14
4 5 7
6 7 5
1 2 5
6 5 2
0 1 4
5 4 1
7 6 3
2 3 6
4 7 0
3 0 7
8 1 0
8 2 1
8 3 2
8 0 3
FACE-NORMAL = 14
0.612372 0.5 0.612373
0.612372 0.5 0.612373
0.935244 0.334482 -0.115933
0.935244 0.334482 -0.115933
0.672449 -0.309229 0.67245
0.672449 -0.309229 0.67245
0.146861 0.978194 0.146861
0.146861 0.978194 0.146861
-0.115933 0.334483 0.935244
-0.115933 0.334483 0.935244
-0.683012 0.258819 -0.683013
-0.933013 -0.353553 0.0669874
-0.183012 -0.965926 -0.183013
0.0669875 -0.353554 -0.933012
BONE = 9
BONE_NAME = Star2PartSpinn
PARENT_ID = 8
LOCALTM 
MAT 2.15313 3.57628e-007 2.70503e-007 0.0
MAT 1.78814e-007 2.15313 -1.23243e-007 0.0
MAT 2.13273e-007 3.44869e-007 2.15313 0.0
MAT 4.76837e-007 0.0619678 0.0 1.0
WORLDTM 
MAT 1.31851 1.07656 1.31852 0.0
MAT -0.761245 1.86466 -0.761246 0.0
MAT -1.52249 1.49943e-006 1.52249 0.0
MAT -1.83026 -2.85644 -1.81564 1.0
VERTEX = 9
-1.81566 -2.85203 -1.81626
-1.83088 -2.85203 -1.80103
-1.82327 -2.87068 -1.79342
-1.80805 -2.87068 -1.80865
-1.82568 -2.8658 -1.81257
-1.8272 -2.8658 -1.81105
-1.82644 -2.86767 -1.81029
-1.82492 -2.86767 -1.81181
-1.82606 -2.86674 -1.81143
INDEX = 14
4 5 7
6 7 5
1 2 5
6 5 2
0 1 4
5 4 1
7 6 3
2 3 6
4 7 0
3 0 7
8 1 0
8 2 1
8 3 2
8 0 3
FACE-NORMAL = 14
0.612372 0.5 0.612373
0.612372 0.5 0.612373
0.935244 0.334482 -0.115933
0.935244 0.334482 -0.115933
0.672449 -0.309229 0.67245
0.672449 -0.309229 0.67245
0.146861 0.978194 0.146861
0.146861 0.978194 0.146861
-0.115933 0.334483 0.935244
-0.115933 0.334483 0.935244
-0.683012 0.258819 -0.683013
-0.933013 -0.353553 0.0669874
-0.183012 -0.965926 -0.183013
0.0669875 -0.353554 -0.933012
BONE = 10
BONE_NAME = Star2Part02
PARENT_ID = 8
LOCALTM 
MAT 2.15313 3.57628e-007 2.70503e-007 0.0
MAT 1.78814e-007 2.15313 -1.23243e-007 0.0
MAT 2.13273e-007 3.44869e-007 2.15313 0.0
MAT 2.38419e-007 0.0500784 0.0 1.0
WORLDTM 
MAT 1.31851 1.07656 1.31852 0.0
MAT -0.761245 1.86466 -0.761246 0.0
MAT -1.52249 1.49943e-006 1.52249 0.0
MAT -1.82606 -2.86674 -1.81143 1.0
VERTEX = 9
-1.61955 -3.35062 -1.61384
-1.62666 -3.35062 -1.62087
-1.61677 -3.35062 -1.63088
-1.60966 -3.35062 -1.62385
-1.6183 -3.34562 -1.62151
-1.61901 -3.34562 -1.62221
-1.61802 -3.34562 -1.62321
-1.61731 -3.34562 -1.62251
-1.61816 -3.34562 -1.62236
INDEX = 14
4 5 7
6 7 5
1 2 5
6 5 2
0 1 4
5 4 1
7 6 3
2 3 6
4 7 0
3 0 7
8 1 0
8 2 1
8 3 2
8 0 3
FACE-NORMAL = 14
-1.86655e-007 -1.0 -2.39563e-007
-1.86655e-007 -1.0 -2.39563e-007
0.52842 -0.668965 0.522741
0.52842 -0.668965 0.522741
0.52274 -0.668965 -0.528421
0.52274 -0.668965 -0.528421
-0.52274 -0.668965 0.528421
-0.52274 -0.668964 0.528421
-0.52842 -0.668965 -0.522741
-0.52842 -0.668965 -0.522741
-0.49729 0.707107 0.502695
-0.502694 0.707107 -0.497291
0.497291 0.707107 -0.502695
0.502694 0.707107 0.497291
BONE = 11
BONE_NAME = Vol_Target 07
PARENT_ID = 6
LOCALTM 
MAT -4.06749e-007 0.0 -1.0 0.0
MAT 0.0076043 -1.40707 6.65447e-007 0.0
MAT -0.999985 -0.00540277 -1.495e-007 0.0
MAT -0.0227582 0.00886631 -0.00123048 1.0
WORLDTM 
MAT -1.86655e-007 -1.0 -2.39563e-007 0.0
MAT -0.989574 7.91929e-007 1.00033 0.0
MAT -0.710917 -2.38422e-007 -0.703276 0.0
MAT -1.61816 -3.34562 -1.62236 1.0
VERTEX = 9
1.59166 -3.34939 -1.59293
1.59166 -3.33939 -1.59293
1.58459 -3.33939 -1.6
1.58459 -3.34939 -1.6
1.59202 -3.34489 -1.59964
1.59202 -3.34389 -1.59964
1.59131 -3.34389 -1.60035
1.59131 -3.34489 -1.60035
1.59166 -3.34439 -1.6
INDEX = 14
4 5 7
6 7 5
1 2 5
6 5 2
0 1 4
5 4 1
7 6 3
2 3 6
4 7 0
3 0 7
8 1 0
8 2 1
8 3 2
8 0 3
FACE-NORMAL = 14
-0.707107 0.0 0.707107
-0.707107 0.0 0.707107
-0.473029 -0.743294 0.47303
-0.47303 -0.743294 0.47303
-0.998618 -2.01582e-007 -0.0525591
-0.998618 -2.01582e-007 -0.052559
0.0525584 2.41456e-007 0.998618
0.0525586 2.41456e-007 0.998618
-0.47303 0.743294 0.473029
-0.47303 0.743294 0.473029
1.0 1.89661e-007 2.68221e-007
0.5 0.707107 -0.5
2.68221e-007 -2.31808e-007 -1.0
0.5 -0.707107 -0.5
BONE = 12
BONE_NAME = Bldg_Terran_CommandCenter_Joint_01
PARENT_ID = 2
LOCALTM 
MAT -0.707107 -0.640856 0.298836 0.0
MAT 0.707107 -0.640857 0.298837 0.0
MAT -2.08616e-007 0.422619 0.906308 0.0
MAT 1.6 0.607322 0.605635 1.0
WORLDTM 
MAT -0.707107 0.0 0.707106 0.0
MAT 0.707107 2.98023e-007 0.707107 0.0
MAT -2.08616e-007 1.0 -2.38419e-007 0.0
MAT 1.59166 -3.34439 -1.6 1.0
VERTEX = 9
1.59028 -3.89314 -1.59155
1.59429 -3.8849 -1.59555
1.58722 -3.8849 -1.60262
1.58321 -3.89314 -1.59862
1.59182 -3.89226 -1.59944
1.59222 -3.89144 -1.59984
1.59151 -3.89144 -1.60055
1.59111 -3.89226 -1.60015
1.59166 -3.89185 -1.6
INDEX = 14
4 5 7
6 7 5
1 2 5
6 5 2
0 1 4
5 4 1
7 6 3
2 3 6
4 7 0
3 0 7
8 1 0
8 2 1
8 3 2
8 0 3
FACE-NORMAL = 14
-0.582817 0.56626 0.582816
-0.582817 0.56626 0.582816
-0.687503 -0.233836 0.687503
-0.687503 -0.233835 0.687503
-0.915472 0.378807 -0.135705
-0.915472 0.378808 -0.135705
0.135704 0.378808 0.915472
0.135704 0.378808 0.915472
-0.0922647 0.991451 0.0922641
-0.0922646 0.991451 0.092264
0.912114 -0.400406 0.087887
0.695243 0.182411 -0.695243
-0.0878862 -0.400406 -0.912113
0.128984 -0.983222 -0.128983
BONE = 13
BONE_NAME = Bldg_Terran_CommandCenter_Foot_01
PARENT_ID = 12
LOCALTM 
MAT 0.824227 0.0 0.566259 0.0
MAT 0.0 1.0 0.0 0.0
MAT -0.56626 0.0 0.824227 0.0
MAT -2.38419e-007 1.84402e-007 -0.547461 1.0
WORLDTM 
MAT -0.582817 0.56626 0.582816 0.0
MAT 0.707106 2.71946e-007 0.707107 0.0
MAT 0.400406 0.824227 -0.400406 0.0
MAT 1.59166 -3.89185 -1.6 1.0
VERTEX = 9
1.78664 -2.9008 -1.79562
1.77957 -2.9008 -1.8027
1.77603 -2.90947 -1.79916
1.7831 -2.90947 -1.79209
1.78493 -2.9072 -1.80028
1.78422 -2.9072 -1.80098
1.78387 -2.90807 -1.80063
1.78457 -2.90807 -1.79992
1.7844 -2.90763 -1.80045
INDEX = 14
4 5 7
6 7 5
1 2 5
6 5 2
0 1 4
5 4 1
7 6 3
2 3 6
4 7 0
3 0 7
8 1 0
8 2 1
8 3 2
8 0 3
FACE-NORMAL = 14
-0.612372 0.5 0.612373
-0.612372 0.5 0.612373
0.115933 0.334482 0.935244
0.115933 0.334482 0.935244
-0.67245 -0.309229 0.67245
-0.67245 -0.309229 0.67245
-0.146861 0.978194 0.146862
-0.146861 0.978194 0.146862
-0.935244 0.334483 -0.115933
-0.935244 0.334483 -0.115933
0.683013 0.258819 -0.683013
-0.0669875 -0.353553 -0.933013
0.183012 -0.965926 -0.183013
0.933013 -0.353554 0.0669874
BONE = 14
BONE_NAME = Hazard light01
PARENT_ID = 12
LOCALTM 
MAT 0.866025 7.54097e-007 0.5 0.0
MAT -0.499999 2.88653e-007 0.866025 0.0
MAT 1.19209e-007 -1.0 4.61936e-007 0.0
MAT -0.278027 -0.00545941 0.436753 1.0
WORLDTM 
MAT -0.612372 0.5 0.612372 0.0
MAT 0.353553 0.866025 -0.353553 0.0
MAT -0.707107 1.63913e-007 -0.707107 0.0
MAT 1.7844 -2.90763 -1.80045 1.0
VERTEX = 9
1.81113 -2.83927 -1.81196
1.7959 -2.83927 -1.82718
1.78829 -2.85792 -1.81957
1.80352 -2.85792 -1.80435
1.80744 -2.85305 -1.82198
1.80592 -2.85305 -1.8235
1.80516 -2.85491 -1.82274
1.80668 -2.85491 -1.82122
1.8063 -2.85398 -1.82236
INDEX = 14
4 5 7
6 7 5
1 2 5
6 5 2
0 1 4
5 4 1
7 6 3
2 3 6
4 7 0
3 0 7
8 1 0
8 2 1
8 3 2
8 0 3
FACE-NORMAL = 14
-0.612371 0.5 0.612373
-0.612371 0.5 0.612373
0.115933 0.334483 0.935244
0.115933 0.334483 0.935244
-0.672449 -0.30923 0.67245
-0.672449 -0.309229 0.67245
-0.146861 0.978194 0.146863
-0.146861 0.978194 0.146862
-0.935244 0.334483 -0.115933
-0.935244 0.334483 -0.115933
0.683012 0.258819 -0.683013
-0.0669875 -0.353554 -0.933013
0.183012 -0.965926 -0.183014
0.933012 -0.353554 0.0669874
BONE = 15
BONE_NAME = Star2PartSpinn01
PARENT_ID = 14
LOCALTM 
MAT 2.15313 4.17233e-007 -2.0473e-006 0.0
MAT 1.07288e-006 2.15313 -6.68199e-007 0.0
MAT -2.02656e-006 0.0 2.15313 0.0
MAT 0.0 0.0619577 0.0 1.0
WORLDTM 
MAT -1.31851 1.07656 1.31852 0.0
MAT 0.761244 1.86466 -0.761243 0.0
MAT -1.52249 -7.15256e-007 -1.52249 0.0
MAT 1.8063 -2.85398 -1.82236 1.0
VERTEX = 9
1.80693 -2.84956 -1.80776
1.7917 -2.84956 -1.82298
1.78409 -2.86821 -1.81537
1.79932 -2.86821 -1.80015
1.80324 -2.86333 -1.81778
1.80172 -2.86333 -1.8193
1.80096 -2.8652 -1.81854
1.80248 -2.8652 -1.81702
1.8021 -2.86427 -1.81816
INDEX = 14
4 5 7
6 7 5
1 2 5
6 5 2
0 1 4
5 4 1
7 6 3
2 3 6
4 7 0
3 0 7
8 1 0
8 2 1
8 3 2
8 0 3
FACE-NORMAL = 14
-0.612371 0.5 0.612373
-0.612371 0.5 0.612373
0.115933 0.334483 0.935244
0.115933 0.334483 0.935244
-0.672449 -0.30923 0.67245
-0.672449 -0.309229 0.67245
-0.146861 0.978194 0.146863
-0.146861 0.978194 0.146862
-0.935244 0.334483 -0.115933
-0.935244 0.334483 -0.115933
0.683012 0.258819 -0.683013
-0.0669875 -0.353554 -0.933013
0.183012 -0.965926 -0.183014
0.933012 -0.353554 0.0669874
BONE = 16
BONE_NAME = Star2Part03
PARENT_ID = 14
LOCALTM 
MAT 2.15313 4.17233e-007 -2.0473e-006 0.0
MAT 1.07288e-006 2.15313 -6.68199e-007 0.0
MAT -2.02656e-006 0.0 2.15313 0.0
MAT 2.38419e-007 0.0500779 0.0 1.0
WORLDTM 
MAT -1.31851 1.07656 1.31852 0.0
MAT 0.761244 1.86466 -0.761243 0.0
MAT -1.52249 -7.15256e-007 -1.52249 0.0
MAT 1.8021 -2.86427 -1.81816 1.0
VERTEX = 9
1.57601 -3.35061 -1.61048
1.58315 -3.35061 -1.61748
1.593 -3.35061 -1.60743
1.58586 -3.35061 -1.60043
1.58365 -3.34561 -1.60911
1.58437 -3.34561 -1.60981
1.58535 -3.34561 -1.6088
1.58464 -3.34561 -1.6081
1.5845 -3.34561 -1.60896
INDEX = 14
4 5 7
6 7 5
1 2 5
6 5 2
0 1 4
5 4 1
7 6 3
2 3 6
4 7 0
3 0 7
8 1 0
8 2 1
8 3 2
8 0 3
FACE-NORMAL = 14
1.64516e-007 -1.0 0.0
1.64516e-007 -1.0 0.0
-0.530711 -0.668965 0.520415
-0.530711 -0.668965 0.520415
0.520416 -0.668965 0.530711
0.520416 -0.668965 0.530711
-0.520415 -0.668965 -0.530711
-0.520415 -0.668965 -0.530711
0.530711 -0.668965 -0.520415
0.530711 -0.668965 -0.520415
-0.495079 0.707107 -0.504873
0.504873 0.707107 -0.495079
0.495079 0.707107 0.504873
-0.504874 0.707107 0.495079
BONE = 17
BONE_NAME = Vol_Target 10
PARENT_ID = 12
LOCALTM 
MAT 0.0 -1.35491e-007 -1.0 0.0
MAT -0.0137808 -1.40703 2.26044e-007 0.0
MAT -0.999952 0.00979429 3.8451e-007 0.0
MAT -0.00127172 -0.0113974 -0.00122571 1.0
WORLDTM 
MAT 1.64516e-007 -1.0 0.0 0.0
MAT -0.985173 -1.93693e-007 -1.00466 0.0
MAT 0.713999 3.57628e-007 -0.700147 0.0
MAT 1.5845 -3.34561 -1.60896 1.0
VERTEX = 9
1.58459 -3.34939 1.6
1.58459 -3.33939 1.6
1.59166 -3.33939 1.59293
1.59166 -3.34939 1.59293
1.59131 -3.34489 1.60036
1.59131 -3.34389 1.60036
1.59202 -3.34389 1.59965
1.59202 -3.34489 1.59965
1.59166 -3.34439 1.6
INDEX = 14
4 5 7
6 7 5
1 2 5
6 5 2
0 1 4
5 4 1
7 6 3
2 3 6
4 7 0
3 0 7
8 1 0
8 2 1
8 3 2
8 0 3
FACE-NORMAL = 14
-0.707107 -2.08616e-007 -0.707107
-0.707107 -2.08616e-007 -0.707107
-0.473029 -0.743294 -0.47303
-0.473029 -0.743294 -0.47303
0.0525592 0.0 -0.998618
0.0525591 0.0 -0.998618
-0.998618 -2.72468e-007 0.0525582
-0.998618 -2.72468e-007 0.0525584
-0.47303 0.743294 -0.47303
-0.473029 0.743294 -0.47303
-3.8743e-007 0.0 1.0
0.5 0.707107 0.5
1.0 2.73954e-007 4.17232e-007
0.5 -0.707107 0.5
BONE = 18
BONE_NAME = Bldg_Terran_CommandCenter_Joint_02
PARENT_ID = 2
LOCALTM 
MAT -0.707106 0.640857 -0.298836 0.0
MAT -0.707107 -0.640856 0.298836 0.0
MAT -2.38419e-007 0.422618 0.906308 0.0
MAT 1.6 -2.29286 1.95801 1.0
WORLDTM 
MAT -0.707106 -2.08616e-007 -0.707107 0.0
MAT -0.707107 -1.78814e-007 0.707106 0.0
MAT -2.38419e-007 1.0 0.0 0.0
MAT 1.59166 -3.34439 1.6 1.0
VERTEX = 9
1.58321 -3.89314 1.59862
1.58722 -3.8849 1.60263
1.59429 -3.8849 1.59555
1.59028 -3.89314 1.59155
1.59111 -3.89226 1.60016
1.59151 -3.89144 1.60056
1.59222 -3.89144 1.59985
1.59182 -3.89226 1.59945
1.59166 -3.89185 1.6
INDEX = 14
4 5 7
6 7 5
1 2 5
6 5 2
0 1 4
5 4 1
7 6 3
2 3 6
4 7 0
3 0 7
8 1 0
8 2 1
8 3 2
8 0 3
FACE-NORMAL = 14
-0.582816 0.566259 -0.582817
-0.582816 0.566259 -0.582817
-0.687503 -0.233836 -0.687503
-0.687503 -0.233836 -0.687503
0.135705 0.378808 -0.915472
0.135705 0.378808 -0.915472
-0.915472 0.378807 0.135704
-0.915472 0.378807 0.135704
-0.0922647 0.991451 -0.0922647
-0.0922646 0.991451 -0.0922645
-0.0878867 -0.400406 0.912113
0.695243 0.182411 0.695243
0.912114 -0.400406 -0.0878861
0.128984 -0.983222 0.128984
BONE = 19
BONE_NAME = Bldg_Terran_CommandCenter_Foot_02
PARENT_ID = 18
LOCALTM 
MAT 0.824227 0.0 0.566259 0.0
MAT 0.0 1.0 0.0 0.0
MAT -0.566259 0.0 0.824227 0.0
MAT -2.38419e-007 2.00234e-007 -0.547461 1.0
WORLDTM 
MAT -0.582816 0.566259 -0.582817 0.0
MAT -0.707107 -1.78814e-007 0.707107 0.0
MAT 0.400405 0.824227 0.400406 0.0
MAT 1.59166 -3.89185 1.6 1.0
VERTEX = 9
1.60822 -3.35061 1.60382
1.61516 -3.35061 1.61102
1.60503 -3.35061 1.62079
1.59809 -3.35061 1.61359
1.60678 -3.34561 1.61146
1.60748 -3.34561 1.61218
1.60647 -3.34561 1.61316
1.60577 -3.34561 1.61244
1.60662 -3.34561 1.61231
INDEX = 14
4 5 7
6 7 5
1 2 5
6 5 2
0 1 4
5 4 1
7 6 3
2 3 6
4 7 0
3 0 7
8 1 0
8 2 1
8 3 2
8 0 3
FACE-NORMAL = 14
0.0 -1.0 4.98375e-007
0.0 -1.0 4.98375e-007
-0.515919 -0.668965 -0.535082
-0.515919 -0.668965 -0.535082
-0.535083 -0.668964 0.51592
-0.535083 -0.668965 0.51592
0.535083 -0.668965 -0.515919
0.535083 -0.668965 -0.515919
0.515919 -0.668965 0.535083
0.515919 -0.668964 0.535083
0.509032 0.707107 -0.490802
0.490802 0.707107 0.509032
-0.509032 0.707107 0.490801
-0.490802 0.707107 -0.509033
BONE = 20
BONE_NAME = Vol_Target 08
PARENT_ID = 18
LOCALTM 
MAT -1.68218e-007 4.94444e-007 -1.0 0.0
MAT -0.0256513 -1.40686 -6.60793e-007 0.0
MAT -0.999834 0.0182302 1.59757e-007 0.0
MAT -0.0192809 -0.00187838 -0.00122547 1.0
WORLDTM 
MAT 0.0 -1.0 4.98375e-007 0.0
MAT 1.01294 -4.03875e-007 -0.976662 0.0
MAT 0.694098 3.65079e-007 0.71988 0.0
MAT 1.60662 -3.34561 1.61231 1.0
VERTEX = 9
-0.00333681 -4.1454 -1.06446
-0.00333681 -4.14453 -1.0545
-0.00333681 -4.15449 -1.05363
-0.00333681 -4.15536 -1.06359
-0.00833681 -4.14949 -1.05959
-0.00833681 -4.1494 -1.05859
-0.00833681 -4.1504 -1.0585
-0.00833681 -4.15049 -1.0595
-0.00833681 -4.14994 -1.05904
INDEX = 14
4 5 7
6 7 5
1 2 5
6 5 2
0 1 4
5 4 1
7 6 3
2 3 6
4 7 0
3 0 7
8 1 0
8 2 1
8 3 2
8 0 3
FACE-NORMAL = 14
1.0 0.0 0.0
1.0 0.0 0.0
0.668965 -0.0647825 -0.740466
0.668965 -0.0647825 -0.740466
0.668965 -0.740466 0.0647825
0.668965 -0.740466 0.0647825
0.668965 0.740466 -0.0647825
0.668965 0.740466 -0.0647825
0.668965 0.0647825 0.740466
0.668965 0.0647825 0.740466
-0.707107 0.704416 -0.0616286
-0.707107 0.0616286 0.704416
-0.707107 -0.704416 0.0616286
-0.707107 -0.0616286 -0.704416
BONE = 21
BONE_NAME = Bldg_Terran_CommandCenter_Ramp
PARENT_ID = 2
LOCALTM 
MAT 1.0 0.0 0.0 0.0
MAT 0.0 0.5 0.866026 0.0
MAT 0.0 -0.866026 0.5 0.0
MAT 0.0 -0.223391 0.10417 1.0
WORLDTM 
MAT 1.0 0.0 0.0 0.0
MAT 0.0 0.996195 -0.087156 0.0
MAT 0.0 0.087156 0.996195 0.0
MAT -0.00833681 -4.14994 -1.05904 1.0
VERTEX = 9
-0.00377787 -2.70309 -0.00456048
-0.00377787 -2.70309 0.00455737
-0.00377787 -2.71221 0.00455738
-0.00377787 -2.71221 -0.00456047
-0.00833679 -2.70719 -0.000457442
-0.00833679 -2.70719 0.000454343
-0.00833679 -2.7081 0.000454343
-0.00833679 -2.7081 -0.000457442
-0.00833679 -2.70765 -1.54972e-006
INDEX = 14
4 5 7
6 7 5
1 2 5
6 5 2
0 1 4
5 4 1
7 6 3
2 3 6
4 7 0
3 0 7
8 1 0
8 2 1
8 3 2
8 0 3
FACE-NORMAL = 14
1.0 0.0 0.0
1.0 0.0 0.0
0.668965 -1.99367e-007 -0.743294
0.668965 -1.99367e-007 -0.743294
0.668965 -0.743294 1.99367e-007
0.668965 -0.743294 1.99367e-007
0.668965 0.743294 -1.99367e-007
0.668965 0.743294 -1.99367e-007
0.668965 1.99367e-007 0.743294
0.668965 1.99367e-007 0.743294
-0.707107 0.707107 -1.89661e-007
-0.707107 1.89661e-007 0.707107
-0.707107 -0.707107 1.89661e-007
-0.707107 -1.89661e-007 -0.707107
BONE = 22
BONE_NAME = Bldg_Terran_Comstat_DishBase
PARENT_ID = 2
LOCALTM 
MAT 0.911785 0.0 0.0 0.0
MAT 0.0 0.385337 0.826358 0.0
MAT 0.0 -0.826358 0.385337 0.0
MAT 0.0 -0.573669 1.85891 1.0
WORLDTM 
MAT 0.911785 0.0 0.0 0.0
MAT 0.0 0.911785 -2.4456e-007 0.0
MAT 0.0 2.4456e-007 0.911785 0.0
MAT -0.00833679 -2.70765 -1.54972e-006 1.0
VERTEX = 9
-0.00333679 -3.09625 -0.858372
-0.00333679 -3.09625 -0.848372
-0.00333679 -3.10625 -0.848372
-0.00333679 -3.10625 -0.858372
-0.00833679 -3.10075 -0.853872
-0.00833679 -3.10075 -0.852872
-0.00833679 -3.10175 -0.852872
-0.00833679 -3.10175 -0.853872
-0.00833679 -3.10125 -0.853372
INDEX = 14
4 5 7
6 7 5
1 2 5
6 5 2
0 1 4
5 4 1
7 6 3
2 3 6
4 7 0
3 0 7
8 1 0
8 2 1
8 3 2
8 0 3
FACE-NORMAL = 14
1.0 0.0 0.0
1.0 0.0 0.0
0.668965 1.55063e-007 -0.743294
0.668965 1.55063e-007 -0.743294
0.668965 -0.743294 -1.55063e-007
0.668965 -0.743294 -1.55063e-007
0.668965 0.743294 1.55063e-007
0.668965 0.743294 1.55063e-007
0.668965 -1.55063e-007 0.743294
0.668965 -1.55063e-007 0.743294
-0.707107 0.707107 1.47514e-007
-0.707107 -1.47514e-007 0.707107
-0.707107 -0.707107 -1.47514e-007
-0.707107 1.47514e-007 -0.707107
BONE = 23
BONE_NAME = Bldg_Terran_Comstat_Front
PARENT_ID = 22
LOCALTM 
MAT 1.09675 0.0 0.0 0.0
MAT 0.0 1.09675 5.22971e-007 0.0
MAT 0.0 -5.22971e-007 1.09675 0.0
MAT 0.0 -0.431684 -0.935933 1.0
WORLDTM 
MAT 1.0 0.0 0.0 0.0
MAT 0.0 1.0 2.08616e-007 0.0
MAT 0.0 -2.08616e-007 1.0 0.0
MAT -0.00833679 -3.10125 -0.853372 1.0
VERTEX = 9
-0.00333679 -2.0291 -0.005
-0.00333679 -2.0291 0.005
-0.00333679 -2.0391 0.005
-0.00333679 -2.0391 -0.005
-0.00833679 -2.0336 -0.0005
-0.00833679 -2.0336 0.0005
-0.00833679 -2.0346 0.0005
-0.00833679 -2.0346 -0.0005
-0.00833679 -2.0341 0.0
INDEX = 14
4 5 7
6 7 5
1 2 5
6 5 2
0 1 4
5 4 1
7 6 3
2 3 6
4 7 0
3 0 7
8 1 0
8 2 1
8 3 2
8 0 3
FACE-NORMAL = 14
1.0 0.0 0.0
1.0 0.0 0.0
0.668965 5.09494e-007 -0.743294
0.668965 5.09493e-007 -0.743294
0.668965 -0.743294 -5.09494e-007
0.668965 -0.743294 -5.09493e-007
0.668965 0.743294 5.09493e-007
0.668965 0.743294 5.09494e-007
0.668965 -5.09493e-007 0.743294
0.668965 -5.09494e-007 0.743294
-0.707107 0.707107 4.84689e-007
-0.707107 -4.84689e-007 0.707107
-0.707107 -0.707107 -4.84689e-007
-0.707107 4.84689e-007 -0.707107
BONE = 24
BONE_NAME = Bldg_Terran_CommandCenter_Side
PARENT_ID = 2
LOCALTM 
MAT 1.0 0.0 0.0 0.0
MAT 0.0 0.422618 0.906308 0.0
MAT 0.0 -0.906308 0.422618 0.0
MAT 0.0 -0.289018 2.46935 1.0
WORLDTM 
MAT 1.0 0.0 0.0 0.0
MAT 0.0 1.0 6.85453e-007 0.0
MAT 0.0 -6.85453e-007 1.0 0.0
MAT -0.00833679 -2.0341 0.0 1.0
VERTEX = 9
1.61983 -2.54384 -0.00500011
1.61983 -2.54384 0.00499989
1.61483 -2.53518 0.0049999
1.61483 -2.53518 -0.0050001
1.62191 -2.53744 -0.0005001
1.62191 -2.53744 0.0004999
1.62141 -2.53658 0.000499901
1.62141 -2.53658 -0.000500099
1.62166 -2.53701 0.0
INDEX = 14
4 5 7
6 7 5
1 2 5
6 5 2
0 1 4
5 4 1
7 6 3
2 3 6
4 7 0
3 0 7
8 1 0
8 2 1
8 3 2
8 0 3
FACE-NORMAL = 14
-0.866025 -0.5 -5.49203e-007
-0.866025 -0.5 -5.49203e-007
-0.57934 -0.334482 -0.743295
-0.579341 -0.334482 -0.743294
-0.950988 0.309229 3.39659e-007
-0.950988 0.309229 3.39659e-007
-0.207694 -0.978194 -1.07445e-006
-0.207693 -0.978194 -1.07445e-006
-0.579341 -0.334483 0.743294
-0.57934 -0.334483 0.743294
0.965926 -0.258819 -2.84289e-007
0.612372 0.353553 0.707107
0.258819 0.965926 1.06098e-006
0.612372 0.353554 -0.707106
BONE = 25
BONE_NAME = Bldg_Terran_Planetary_Armor_02
PARENT_ID = 24
LOCALTM 
MAT -0.866025 -0.5 -2.06477e-007 0.0
MAT 0.5 -0.866025 -3.57628e-007 0.0
MAT 0.0 -4.12953e-007 1.0 0.0
MAT 1.63 -0.50291 2.4491e-007 1.0
WORLDTM 
MAT -0.866025 -0.5 -5.49203e-007 0.0
MAT 0.5 -0.866025 -9.51248e-007 0.0
MAT 0.0 -1.09841e-006 1.0 0.0
MAT 1.62166 -2.53701 0.0 1.0
VERTEX = 9
1.44941 -3.27302 -0.00500097
1.44941 -3.27302 0.00499903
1.44367 -3.26483 0.00499904
1.44367 -3.26483 -0.00500096
1.45092 -3.26647 -0.000500962
1.45092 -3.26647 0.000499038
1.45035 -3.26565 0.000499039
1.45035 -3.26565 -0.000500961
1.45064 -3.26606 -9.61663e-007
INDEX = 14
4 5 7
6 7 5
1 2 5
6 5 2
0 1 4
5 4 1
7 6 3
2 3 6
4 7 0
3 0 7
8 1 0
8 2 1
8 3 2
8 0 3
FACE-NORMAL = 14
-0.819152 -0.573576 -6.3002e-007
-0.819152 -0.573576 -6.3002e-007
-0.547984 -0.383702 -0.743295
-0.547984 -0.383702 -0.743294
-0.97432 0.225168 2.47327e-007
-0.97432 0.225168 2.47326e-007
-0.121648 -0.992573 -1.09025e-006
-0.121648 -0.992573 -1.09025e-006
-0.547984 -0.383703 0.743294
-0.547984 -0.383703 0.743294
0.984808 -0.173648 -1.90736e-007
0.579228 0.405579 0.707107
0.173648 0.984808 1.08172e-006
0.579228 0.405581 -0.707106
BONE = 26
BONE_NAME = HitTestFuzzy01
PARENT_ID = 25
LOCALTM 
MAT 0.996195 0.0871557 0.0 0.0
MAT -0.0871557 0.996195 0.0 0.0
MAT 0.0 0.0 1.0 0.0
MAT 0.512637 0.545859 0.0 1.0
WORLDTM 
MAT -0.819152 -0.573577 -6.3002e-007 0.0
MAT 0.573577 -0.819152 -8.99762e-007 0.0
MAT 0.0 -1.09841e-006 1.0 0.0
MAT 1.45064 -3.26606 -9.61663e-007 1.0
VERTEX = 9
-1.63651 -2.54384 0.00499989
-1.63651 -2.54384 -0.00500011
-1.63151 -2.53518 -0.00500009
-1.63151 -2.53518 0.00499991
-1.63859 -2.53744 0.0004999
-1.63859 -2.53744 -0.000500101
-1.63809 -2.53658 -0.000500099
-1.63809 -2.53658 0.000499901
-1.63834 -2.53701 0.0
INDEX = 14
4 5 7
6 7 5
1 2 5
6 5 2
0 1 4
5 4 1
7 6 3
2 3 6
4 7 0
3 0 7
8 1 0
8 2 1
8 3 2
8 0 3
FACE-NORMAL = 14
0.866025 -0.5 1.45937e-007
0.866025 -0.5 1.45937e-007
0.57934 -0.334483 0.743294
0.57934 -0.334483 0.743294
0.950988 0.309229 1.03802e-006
0.950988 0.309229 1.03802e-006
0.207694 -0.978194 -8.42763e-007
0.207693 -0.978194 -8.42763e-007
0.579341 -0.334482 -0.743294
0.579341 -0.334482 -0.743294
-0.965926 -0.258819 -9.97799e-007
-0.612372 0.353554 -0.707107
-0.258819 0.965926 7.91414e-007
-0.612373 0.353553 0.707107
BONE = 27
BONE_NAME = Bldg_Terran_Planetary_Armor_01
PARENT_ID = 24
LOCALTM 
MAT 0.866025 -0.5 4.88663e-007 0.0
MAT -0.5 -0.866025 -6.71544e-007 0.0
MAT 7.58967e-007 3.37243e-007 -1.0 0.0
MAT -1.63 -0.50291 2.4491e-007 1.0
WORLDTM 
MAT 0.866025 -0.5 1.45937e-007 0.0
MAT -0.5 -0.866025 -1.26516e-006 0.0
MAT 7.58967e-007 1.0227e-006 -1.0 0.0
MAT -1.63834 -2.53701 0.0 1.0
VERTEX = 9
-1.49083 -3.26562 -0.00500042
-1.49083 -3.26562 0.00499958
-1.48509 -3.25743 0.00499959
-1.48509 -3.25743 -0.00500041
-1.48415 -3.2648 -0.000500414
-1.48415 -3.2648 0.000499586
-1.48358 -3.26398 0.000499587
-1.48358 -3.26398 -0.000500413
-1.48386 -3.26439 -4.13682e-007
INDEX = 14
4 5 7
6 7 5
1 2 5
6 5 2
0 1 4
5 4 1
7 6 3
2 3 6
4 7 0
3 0 7
8 1 0
8 2 1
8 3 2
8 0 3
FACE-NORMAL = 14
-0.819152 0.573576 -6.60559e-007
-0.819152 0.573576 -6.60559e-007
-0.547983 0.383703 -0.743295
-0.547983 0.383703 -0.743294
-0.121648 0.992573 5.45047e-007
-0.121648 0.992573 5.45047e-007
-0.97432 -0.225168 -1.42883e-006
-0.97432 -0.225169 -1.42883e-006
-0.547985 0.383702 0.743294
-0.547985 0.383702 0.743294
0.173648 -0.984808 -4.71803e-007
0.579227 -0.40558 0.707107
0.984808 0.173648 1.40597e-006
0.579229 -0.405579 -0.707106
BONE = 28
BONE_NAME = HitTestFuzzy02
PARENT_ID = 27
LOCALTM 
MAT -0.996195 -0.0871557 6.25444e-007 0.0
MAT -0.0871557 0.996195 0.0 0.0
MAT -6.27833e-007 0.0 -1.0 0.0
MAT 0.497468 0.552695 -3.12781e-007 1.0
WORLDTM 
MAT -0.819152 0.573576 -6.60559e-007 0.0
MAT -0.573576 -0.819152 -1.32779e-006 0.0
MAT -1.30269e-006 -7.0878e-007 1.0 0.0
MAT -1.48386 -3.26439 -4.13682e-007 1.0
VERTEX = 9
-0.00333674 -3.03539 -0.0079348
-0.00333674 -3.03539 0.0020652
-0.00333674 -3.04539 0.0020652
-0.00333674 -3.04539 -0.0079348
-0.00833674 -3.03989 -0.0034348
-0.00833674 -3.03989 -0.0024348
-0.00833674 -3.04089 -0.0024348
-0.00833674 -3.04089 -0.0034348
-0.00833674 -3.04039 -0.0029348
INDEX = 14
4 5 7
6 7 5
1 2 5
6 5 2
0 1 4
5 4 1
7 6 3
2 3 6
4 7 0
3 0 7
8 1 0
8 2 1
8 3 2
8 0 3
FACE-NORMAL = 14
1.0 0.0 0.0
1.0 0.0 0.0
0.668965 0.0 -0.743294
0.668965 0.0 -0.743294
0.668965 -0.743294 0.0
0.668965 -0.743294 0.0
0.668965 0.743294 0.0
0.668965 0.743294 0.0
0.668965 0.0 0.743294
0.668965 0.0 0.743294
-0.707107 0.707107 0.0
-0.707107 0.0 0.707107
-0.707107 -0.707107 0.0
-0.707107 0.0 -0.707107
BONE = 29
BONE_NAME = Bldg_Terran_Planetary_Base
PARENT_ID = 24
LOCALTM 
MAT 1.0 0.0 0.0 0.0
MAT 0.0 1.0 -6.51683e-007 0.0
MAT 0.0 6.51683e-007 1.0 0.0
MAT 0.0 -1.00628 -0.00293411 1.0
WORLDTM 
MAT 1.0 0.0 0.0 0.0
MAT 0.0 1.0 0.0 0.0
MAT 0.0 0.0 1.0 0.0
MAT -0.00833674 -3.04039 -0.0029348 1.0
VERTEX = 9
-0.00333674 -2.68125 0.131023
-0.00333674 -2.68125 0.141023
-0.00333674 -2.69125 0.141023
-0.00333674 -2.69125 0.131023
-0.00833674 -2.68575 0.135523
-0.00833674 -2.68575 0.136523
-0.00833674 -2.68675 0.136523
-0.00833674 -2.68675 0.135523
-0.00833674 -2.68625 0.136023
INDEX = 14
4 5 7
6 7 5
1 2 5
6 5 2
0 1 4
5 4 1
7 6 3
2 3 6
4 7 0
3 0 7
8 1 0
8 2 1
8 3 2
8 0 3
FACE-NORMAL = 14
1.0 0.0 0.0
1.0 0.0 0.0
0.668965 0.0 -0.743294
0.668965 0.0 -0.743294
0.668965 -0.743294 0.0
0.668965 -0.743294 0.0
0.668965 0.743294 0.0
0.668965 0.743294 0.0
0.668965 0.0 0.743294
0.668965 0.0 0.743294
-0.707107 0.707107 0.0
-0.707107 0.0 0.707107
-0.707107 -0.707107 0.0
-0.707107 0.0 -0.707107
BONE = 30
BONE_NAME = Bldg_Terran_Planetary_Front
PARENT_ID = 29
LOCALTM 
MAT 1.0 0.0 0.0 0.0
MAT 0.0 1.0 0.0 0.0
MAT 0.0 0.0 1.0 0.0
MAT 0.0 0.35414 0.138958 1.0
WORLDTM 
MAT 1.0 0.0 0.0 0.0
MAT 0.0 1.0 0.0 0.0
MAT 0.0 0.0 1.0 0.0
MAT -0.00833674 -2.68625 0.136023 1.0
VERTEX = 9
-0.00333679 -2.10946 -0.0050007
-0.00333679 -2.10946 0.0049993
-0.00333679 -2.11946 0.0049993
-0.00333679 -2.11946 -0.0050007
-0.00833679 -2.11396 -0.0005007
-0.00833679 -2.11396 0.0004993
-0.00833679 -2.11496 0.0004993
-0.00833679 -2.11496 -0.0005007
-0.00833679 -2.11446 -7.00122e-007
INDEX = 14
4 5 7
6 7 5
1 2 5
6 5 2
0 1 4
5 4 1
7 6 3
2 3 6
4 7 0
3 0 7
8 1 0
8 2 1
8 3 2
8 0 3
FACE-NORMAL = 14
1.0 0.0 0.0
1.0 0.0 0.0
0.668965 3.15453e-007 -0.743294
0.668965 3.15453e-007 -0.743294
0.668965 -0.743294 -3.79532e-007
0.668965 -0.743294 -3.79532e-007
0.668965 0.743294 3.79532e-007
0.668965 0.743294 3.79532e-007
0.668965 -4.43611e-007 0.743294
0.668965 -4.43611e-007 0.743294
-0.707107 0.707107 3.61054e-007
-0.707107 -2.93322e-007 0.707107
-0.707107 -0.707107 -3.61054e-007
-0.707107 4.28787e-007 -0.707107
BONE = 31
BONE_NAME = BaseDummy
PARENT_ID = 29
LOCALTM 
MAT 1.0 0.0 0.0 0.0
MAT 0.0 1.0 4.76837e-007 0.0
MAT 0.0 -4.76837e-007 1.0 0.0
MAT 0.0 0.925923 0.00293407 1.0
WORLDTM 
MAT 1.0 0.0 0.0 0.0
MAT 0.0 1.0 5.10608e-007 0.0
MAT 0.0 -5.10608e-007 1.0 0.0
MAT -0.00833679 -2.11446 -7.00122e-007 1.0
VERTEX = 9
-0.00333679 -2.10946 -0.0050007
-0.00333679 -2.10946 0.0049993
-0.00333679 -2.11946 0.0049993
-0.00333679 -2.11946 -0.0050007
-0.00833679 -2.11396 -0.0005007
-0.00833679 -2.11396 0.0004993
-0.00833679 -2.11496 0.0004993
-0.00833679 -2.11496 -0.0005007
-0.00833679 -2.11446 -7.00122e-007
INDEX = 14
4 5 7
6 7 5
1 2 5
6 5 2
0 1 4
5 4 1
7 6 3
2 3 6
4 7 0
3 0 7
8 1 0
8 2 1
8 3 2
8 0 3
FACE-NORMAL = 14
1.0 0.0 0.0
1.0 0.0 0.0
0.668965 3.15453e-007 -0.743294
0.668965 3.15453e-007 -0.743294
0.668965 -0.743294 -3.79532e-007
0.668965 -0.743294 -3.79532e-007
0.668965 0.743294 3.79532e-007
0.668965 0.743294 3.79532e-007
0.668965 -4.43611e-007 0.743294
0.668965 -4.43611e-007 0.743294
-0.707107 0.707107 3.61054e-007
-0.707107 -2.93322e-007 0.707107
-0.707107 -0.707107 -3.61054e-007
-0.707107 4.28787e-007 -0.707107
BONE = 32
BONE_NAME = Ref_TurretZ
PARENT_ID = 31
LOCALTM 
MAT 1.0 0.0 0.0 0.0
MAT 0.0 1.0 0.0 0.0
MAT 0.0 0.0 1.0 0.0
MAT 0.0 0.0 0.0 1.0
WORLDTM 
MAT 1.0 0.0 0.0 0.0
MAT 0.0 1.0 5.10608e-007 0.0
MAT 0.0 -5.10608e-007 1.0 0.0
MAT -0.00833679 -2.11446 -7.00122e-007 1.0
VERTEX = 9
-0.00333683 -2.51429 -0.00500092
-0.00333683 -2.51429 0.00499908
-0.00333683 -2.52429 0.00499908
-0.00333683 -2.52429 -0.00500092
-0.00833683 -2.51879 -0.000500917
-0.00833683 -2.51879 0.000499083
-0.00833683 -2.51979 0.000499083
-0.00833683 -2.51979 -0.000500917
-0.00833683 -2.51929 -9.1703e-007
INDEX = 14
4 5 7
6 7 5
1 2 5
6 5 2
0 1 4
5 4 1
7 6 3
2 3 6
4 7 0
3 0 7
8 1 0
8 2 1
8 3 2
8 0 3
FACE-NORMAL = 14
1.0 0.0 0.0
1.0 0.0 0.0
0.668965 0.0 -0.743294
0.668965 0.0 -0.743294
0.668965 -0.743294 -1.83114e-007
0.668965 -0.743294 -1.83114e-007
0.668965 0.743294 1.83114e-007
0.668965 0.743294 1.83114e-007
0.668965 -2.47194e-007 0.743294
0.668965 -2.47194e-007 0.743294
-0.707107 0.707107 1.74199e-007
-0.707107 0.0 0.707107
-0.707107 -0.707107 -1.74199e-007
-0.707107 2.41932e-007 -0.707107
BONE = 33
BONE_NAME = Bldg_Terran_CommandCenter_Turret
PARENT_ID = 32
LOCALTM 
MAT 1.0 0.0 0.0 0.0
MAT 0.0 1.0 -2.64253e-007 0.0
MAT 0.0 2.64253e-007 1.0 0.0
MAT 0.0 -0.404829 0.0 1.0
WORLDTM 
MAT 1.0 0.0 0.0 0.0
MAT 0.0 1.0 2.46355e-007 0.0
MAT 0.0 -2.46355e-007 1.0 0.0
MAT -0.00833683 -2.51929 -9.1703e-007 1.0
VERTEX = 9
-0.00333684 -2.61087 0.0655289
-0.00333684 -2.60087 0.0655289
-0.00333684 -2.60087 0.0755289
-0.00333684 -2.61087 0.0755289
-0.00833684 -2.60637 0.0700289
-0.00833684 -2.60537 0.0700289
-0.00833684 -2.60537 0.0710289
-0.00833684 -2.60637 0.0710289
-0.00833684 -2.60587 0.0705289
INDEX = 14
4 5 7
6 7 5
1 2 5
6 5 2
0 1 4
5 4 1
7 6 3
2 3 6
4 7 0
3 0 7
8 1 0
8 2 1
8 3 2
8 0 3
FACE-NORMAL = 14
1.0 0.0 0.0
1.0 0.0 0.0
0.668965 -0.743294 -1.50624e-007
0.668965 -0.743294 -1.50624e-007
0.668965 -2.14703e-007 0.743294
0.668965 -2.14703e-007 0.743294
0.668965 0.0 -0.743294
0.668965 0.0 -0.743294
0.668965 0.743294 1.50624e-007
0.668965 0.743294 1.50624e-007
-0.707107 2.11024e-007 -0.707107
-0.707107 0.707107 1.43291e-007
-0.707107 0.0 0.707107
-0.707107 -0.707107 -1.43291e-007
BONE = 34
BONE_NAME = Bldg_Terran_Planetary_Pivots
PARENT_ID = 33
LOCALTM 
MAT 1.0 0.0 0.0 0.0
MAT 0.0 0.0 -1.0 0.0
MAT 0.0 1.0 0.0 0.0
MAT 0.0 -0.0865819 0.0705298 1.0
WORLDTM 
MAT 1.0 0.0 0.0 0.0
MAT 0.0 2.02644e-007 -1.0 0.0
MAT 0.0 1.0 2.02644e-007 0.0
MAT -0.00833684 -2.60587 0.0705289 1.0
VERTEX = 9
-0.00333684 -2.61087 0.0655289
-0.00333684 -2.60087 0.0655289
-0.00333684 -2.60087 0.0755289
-0.00333684 -2.61087 0.0755289
-0.00833684 -2.60637 0.0700289
-0.00833684 -2.60537 0.0700289
-0.00833684 -2.60537 0.0710289
-0.00833684 -2.60637 0.0710289
-0.00833684 -2.60587 0.0705289
INDEX = 14
4 5 7
6 7 5
1 2 5
6 5 2
0 1 4
5 4 1
7 6 3
2 3 6
4 7 0
3 0 7
8 1 0
8 2 1
8 3 2
8 0 3
FACE-NORMAL = 14
1.0 0.0 0.0
1.0 0.0 0.0
0.668965 -0.743294 -1.50624e-007
0.668965 -0.743294 -1.50624e-007
0.668965 -2.14703e-007 0.743294
0.668965 -2.14703e-007 0.743294
0.668965 0.0 -0.743294
0.668965 0.0 -0.743294
0.668965 0.743294 1.50624e-007
0.668965 0.743294 1.50624e-007
-0.707107 2.11024e-007 -0.707107
-0.707107 0.707107 1.43291e-007
-0.707107 0.0 0.707107
-0.707107 -0.707107 -1.43291e-007
BONE = 35
BONE_NAME = Bldg_Terran_Planetary_Barrels
PARENT_ID = 34
LOCALTM 
MAT 1.0 0.0 0.0 0.0
MAT 0.0 1.0 0.0 0.0
MAT 0.0 0.0 1.0 0.0
MAT 0.0 0.0 0.0 1.0
WORLDTM 
MAT 1.0 0.0 0.0 0.0
MAT 0.0 2.02644e-007 -1.0 0.0
MAT 0.0 1.0 2.02644e-007 0.0
MAT -0.00833684 -2.60587 0.0705289 1.0
VERTEX = 9
-0.971688 -4.0019 0.0487049
-0.971688 -4.0019 0.0387049
-0.961688 -4.0019 0.0387049
-0.961688 -4.0019 0.0487049
-0.967188 -3.9969 0.0442049
-0.967188 -3.9969 0.0432049
-0.966188 -3.9969 0.0432049
-0.966188 -3.9969 0.0442049
-0.966688 -3.9969 0.0437049
INDEX = 14
4 5 7
6 7 5
1 2 5
6 5 2
0 1 4
5 4 1
7 6 3
2 3 6
4 7 0
3 0 7
8 1 0
8 2 1
8 3 2
8 0 3
FACE-NORMAL = 14
2.12548e-006 -1.0 -2.02644e-007
