EXPORTER_V17
ANIMATION_EXPORT
BONEOBJECT_COUNT = 138
VERTEX = 9
0.005 0.005 -0.005
0.005 0.005 0.005
0.005 -0.005 0.005
0.005 -0.005 -0.005
0.0 0.0005 -0.0005
0.0 0.0005 0.0005
0.0 -0.0005 0.0005
0.0 -0.0005 -0.0005
0.0 0.0 0.0
INDEX = 14
4 5 7
6 7 5
1 2 5
6 5 2
0 1 4
5 4 1
7 6 3
2 3 6
4 7 0
3 0 7
8 1 0
8 2 1
8 3 2
8 0 3
FACE-NORMAL = 14
1.0 0.0 0.0
1.0 0.0 0.0
0.668965 0.0 -0.743294
0.668965 0.0 -0.743294
0.668965 -0.743294 0.0
0.668965 -0.743294 0.0
0.668965 0.743294 0.0
0.668965 0.743294 0.0
0.668965 0.0 0.743294
0.668965 0.0 0.743294
-0.707107 0.707107 0.0
-0.707107 0.0 0.707107
-0.707107 -0.707107 0.0
-0.707107 0.0 -0.707107
BONE = 0
BONE_NAME = Bone_Link_Object
PARENT_ID = -1
LOCALTM 
MAT 1.0 0.0 0.0 0.0
MAT 0.0 1.0 0.0 0.0
MAT 0.0 0.0 1.0 0.0
MAT 0.0 0.0 0.0 1.0
WORLDTM 
MAT 1.0 0.0 0.0 0.0
MAT 0.0 1.0 0.0 0.0
MAT 0.0 0.0 1.0 0.0
MAT 0.0 0.0 0.0 1.0
VERTEX = 9
0.0179406 1.48876 -0.793032
0.0179406 1.48877 -0.792871
0.0179406 1.48863 -0.792858
0.0179406 1.48862 -0.793019
0.0178687 1.4887 -0.792954
0.0178687 1.4887 -0.792938
0.0178687 1.48869 -0.792937
0.0178687 1.48869 -0.792953
0.0178687 1.4887 -0.792945
INDEX = 14
4 5 7
6 7 5
1 2 5
6 5 2
0 1 4
5 4 1
7 6 3
2 3 6
4 7 0
3 0 7
8 1 0
8 2 1
8 3 2
8 0 3
FACE-NORMAL = 14
1.0 0.0 0.0
1.0 0.0 0.0
0.668965 -0.0658042 -0.740376
0.668965 -0.0658042 -0.740375
0.668965 -0.740376 0.0658042
0.668965 -0.740375 0.0658042
0.668965 0.740375 -0.0658042
0.668965 0.740376 -0.0658042
0.668965 0.0658042 0.740375
0.668965 0.0658042 0.740376
-0.707107 0.70433 -0.0626006
-0.707107 0.0626006 0.70433
-0.707107 -0.70433 0.0626006
-0.707107 -0.0626006 -0.70433
BONE = 1
BONE_NAME = Bottom_Flare
PARENT_ID = 0
LOCALTM 
MAT 0.0143843 0.0 0.0 0.0
MAT 0.0 0.0143279 -0.00127345 0.0
MAT 0.0 0.00142981 0.0160871 0.0
MAT 0.0178687 1.4887 -0.792945 1.0
WORLDTM 
MAT 0.0143843 0.0 0.0 0.0
MAT 0.0 0.0143279 -0.00127345 0.0
MAT 0.0 0.00142981 0.0160871 0.0
MAT 0.0178687 1.4887 -0.792945 1.0
VERTEX = 9
-0.00333681 0.466085 -1.31217
-0.00333681 0.475148 -1.30795
-0.00333681 0.470922 -1.29889
-0.00333681 0.461858 -1.30311
-0.00833681 0.468261 -1.30619
-0.00833681 0.469168 -1.30577
-0.00833681 0.468745 -1.30487
-0.00833681 0.467839 -1.30529
-0.00833681 0.468503 -1.30553
INDEX = 14
4 5 7
6 7 5
1 2 5
6 5 2
0 1 4
5 4 1
7 6 3
2 3 6
4 7 0
3 0 7
8 1 0
8 2 1
8 3 2
8 0 3
FACE-NORMAL = 14
1.0 0.0 0.0
1.0 0.0 0.0
0.668965 -0.673653 -0.31413
0.668965 -0.673653 -0.31413
0.668965 -0.31413 0.673653
0.668965 -0.31413 0.673653
0.668965 0.31413 -0.673653
0.668965 0.31413 -0.673653
0.668965 0.673653 0.31413
0.668965 0.673653 0.31413
-0.707107 0.298836 -0.640856
-0.707107 0.640856 0.298836
-0.707107 -0.298836 0.640856
-0.707107 -0.640856 -0.298836
BONE = 2
BONE_NAME = Bldg_Terran_CommandCenter_Main
PARENT_ID = 0
LOCALTM 
MAT 1.0 0.0 0.0 0.0
MAT 0.0 0.422618 -0.906308 0.0
MAT 0.0 0.906308 0.422618 0.0
MAT -0.00833681 0.468503 -1.30553 1.0
WORLDTM 
MAT 1.0 0.0 0.0 0.0
MAT 0.0 0.422618 -0.906308 0.0
MAT 0.0 0.906308 0.422618 0.0
MAT -0.00833681 0.468503 -1.30553 1.0
VERTEX = 9
-1.60834 1.12726 1.59293
-1.60834 1.13726 1.59293
-1.60127 1.13726 1.6
-1.60127 1.12726 1.6
-1.60869 1.13176 1.59965
-1.60869 1.13276 1.59965
-1.60798 1.13276 1.60035
-1.60798 1.13176 1.60035
-1.60834 1.13226 1.6
INDEX = 14
4 5 7
6 7 5
1 2 5
6 5 2
0 1 4
5 4 1
7 6 3
2 3 6
4 7 0
3 0 7
8 1 0
8 2 1
8 3 2
8 0 3
FACE-NORMAL = 14
0.707107 1.78814e-007 -0.707107
0.707107 1.78814e-007 -0.707107
0.47303 -0.743294 -0.473029
0.47303 -0.743294 -0.47303
0.998618 2.96835e-007 0.0525589
0.998618 2.96835e-007 0.0525587
-0.0525587 0.0 -0.998618
-0.0525588 0.0 -0.998618
0.473029 0.743294 -0.47303
0.473029 0.743294 -0.47303
-1.0 -2.95028e-007 0.0
-0.5 0.707107 0.5
0.0 0.0 1.0
-0.5 -0.707107 0.5
BONE = 3
BONE_NAME = Bldg_Terran_CommandCenter_Joint_04
PARENT_ID = 2
LOCALTM 
MAT 0.707107 0.640856 -0.298836 0.0
MAT -0.707107 0.640857 -0.298837 0.0
MAT -2.98023e-007 0.422618 0.906308 0.0
MAT -1.6 -2.35279 1.8295 1.0
WORLDTM 
MAT 0.707107 1.78814e-007 -0.707107 0.0
MAT -0.707107 -2.38419e-007 -0.707107 0.0
MAT -2.98023e-007 1.0 0.0 0.0
MAT -1.60834 1.13226 1.6 1.0
VERTEX = 9
-1.60834 0.520669 1.59293
-1.60834 0.530669 1.59293
-1.60127 0.530669 1.6
-1.60127 0.520669 1.6
-1.60869 0.525169 1.59965
-1.60869 0.526169 1.59965
-1.60798 0.526169 1.60035
-1.60798 0.525169 1.60035
-1.60834 0.525669 1.6
INDEX = 14
4 5 7
6 7 5
1 2 5
6 5 2
0 1 4
5 4 1
7 6 3
2 3 6
4 7 0
3 0 7
8 1 0
8 2 1
8 3 2
8 0 3
FACE-NORMAL = 14
0.707107 4.42233e-007 -0.707107
0.707107 4.42233e-007 -0.707107
0.47303 -0.743294 -0.473029
0.47303 -0.743294 -0.473029
0.998618 7.44414e-007 0.052559
0.998618 7.44414e-007 0.0525588
-0.0525585 -1.52737e-007 -0.998618
-0.0525586 -1.52737e-007 -0.998618
0.473029 0.743294 -0.47303
0.473029 0.743294 -0.47303
-1.0 -7.39442e-007 -2.08616e-007
-0.500001 0.707106 0.5
-2.08616e-007 0.0 1.0
-0.499999 -0.707107 0.5
BONE = 4
BONE_NAME = Bldg_Terran_CommandCenter_Foot_03
PARENT_ID = 3
LOCALTM 
MAT 1.0 -1.78814e-007 2.63419e-007 0.0
MAT 1.78814e-007 1.0 -3.65078e-007 0.0
MAT -3.66151e-007 4.45176e-007 0.999999 0.0
MAT -4.76837e-007 0.0 -0.606589 1.0
WORLDTM 
MAT 0.707107 4.42233e-007 -0.707106 0.0
MAT -0.707107 -6.03497e-007 -0.707107 0.0
MAT -8.71718e-007 0.999999 0.0 0.0
MAT -1.60834 0.525669 1.6 1.0
VERTEX = 9
-1.61411 1.12603 1.5893
-1.62118 1.12603 1.59637
-1.63113 1.12603 1.58642
-1.62406 1.12603 1.57935
-1.62177 1.13103 1.588
-1.62248 1.13103 1.58871
-1.62347 1.13103 1.58771
-1.62277 1.13103 1.58701
-1.62262 1.13103 1.58786
INDEX = 14
4 5 7
6 7 5
1 2 5
6 5 2
0 1 4
5 4 1
7 6 3
2 3 6
4 7 0
3 0 7
8 1 0
8 2 1
8 3 2
8 0 3
FACE-NORMAL = 14
4.38029e-007 -1.0 1.99611e-007
4.38029e-007 -1.0 1.99611e-007
0.525589 -0.668965 -0.525588
0.525588 -0.668965 -0.525588
-0.525588 -0.668965 -0.525589
-0.525588 -0.668965 -0.525589
0.525588 -0.668965 0.525589
0.525588 -0.668964 0.525589
-0.525588 -0.668965 0.525588
-0.525588 -0.668965 0.525589
0.499999 0.707107 0.5
-0.5 0.707107 0.5
-0.5 0.707107 -0.5
0.5 0.707107 -0.5
BONE = 5
BONE_NAME = Vol_Target 06
PARENT_ID = 3
LOCALTM 
MAT 0.0 -1.97998e-007 -1.0 0.0
MAT -7.7486e-007 -1.40709 0.0 0.0
MAT -1.0 0.0 3.57628e-007 0.0
MAT -0.0015142 0.0186889 -0.00122774 1.0
WORLDTM 
MAT 4.38029e-007 -1.0 1.9961e-007 0.0
MAT 0.994966 3.03549e-007 0.994967 0.0
MAT -0.707107 1.78814e-007 0.707107 0.0
MAT -1.62262 1.13103 1.58786 1.0
VERTEX = 9
-1.60127 1.12726 -1.6
-1.60127 1.13726 -1.6
-1.60834 1.13726 -1.59293
-1.60834 1.12726 -1.59293
-1.60798 1.13176 -1.60035
-1.60798 1.13276 -1.60035
-1.60869 1.13276 -1.59965
-1.60869 1.13176 -1.59965
-1.60834 1.13226 -1.6
INDEX = 14
4 5 7
6 7 5
1 2 5
6 5 2
0 1 4
5 4 1
7 6 3
2 3 6
4 7 0
3 0 7
8 1 0
8 2 1
8 3 2
8 0 3
FACE-NORMAL = 14
0.707107 0.0 0.707107
0.707107 0.0 0.707107
0.47303 -0.743294 0.47303
0.47303 -0.743294 0.47303
-0.0525587 1.26266e-007 0.998618
-0.0525585 1.26266e-007 0.998618
0.998618 0.0 -0.0525588
0.998618 0.0 -0.052559
0.47303 0.743294 0.473029
0.47303 0.743294 0.473029
-1.78814e-007 -1.26441e-007 -1.0
-0.5 0.707107 -0.5
-1.0 0.0 2.08616e-007
-0.5 -0.707107 -0.5
BONE = 6
BONE_NAME = Bldg_Terran_CommandCenter_Joint_03
PARENT_ID = 2
LOCALTM 
MAT 0.707107 -0.640856 0.298836 0.0
MAT 0.707107 0.640857 -0.298836 0.0
MAT 0.0 0.422618 0.906308 0.0
MAT -1.6 0.547395 0.477119 1.0
WORLDTM 
MAT 0.707107 0.0 0.707107 0.0
MAT 0.707107 0.0 -0.707107 0.0
MAT 0.0 1.0 0.0 0.0
MAT -1.60834 1.13226 -1.6 1.0
VERTEX = 9
-1.60127 0.52067 -1.6
-1.60127 0.53067 -1.6
-1.60834 0.53067 -1.59293
-1.60834 0.52067 -1.59293
-1.60798 0.52517 -1.60035
-1.60798 0.52617 -1.60035
-1.60869 0.52617 -1.59965
-1.60869 0.52517 -1.59965
-1.60834 0.52567 -1.6
INDEX = 14
4 5 7
6 7 5
1 2 5
6 5 2
0 1 4
5 4 1
7 6 3
2 3 6
4 7 0
3 0 7
8 1 0
8 2 1
8 3 2
8 0 3
FACE-NORMAL = 14
0.707107 3.55765e-007 0.707107
0.707107 3.55765e-007 0.707107
0.473029 -0.743294 0.47303
0.473029 -0.743294 0.47303
-0.0525588 9.10858e-007 0.998618
-0.0525586 9.10858e-007 0.998618
0.998618 -4.34869e-007 -0.0525587
0.998618 -4.34869e-007 -0.0525589
0.47303 0.743294 0.473029
0.47303 0.743294 0.473029
0.0 -8.91669e-007 -1.0
-0.5 0.707107 -0.500001
-1.0 3.88541e-007 0.0
-0.5 -0.707107 -0.499999
BONE = 7
BONE_NAME = Bldg_Terran_CommandCenter_Foot_04
PARENT_ID = 6
LOCALTM 
MAT 1.0 -1.49012e-007 2.66358e-007 0.0
MAT 0.0 1.0 -8.15839e-007 0.0
MAT 0.0 8.03424e-007 1.0 0.0
MAT -4.76837e-007 5.15487e-007 -0.606589 1.0
WORLDTM 
MAT 0.707107 3.55765e-007 0.707107 0.0
MAT 0.707107 -9.05246e-007 -0.707107 0.0
MAT 5.99772e-007 1.0 -6.25849e-007 0.0
MAT -1.60834 0.52567 -1.6 1.0
VERTEX = 9
-1.80352 1.57337 -1.79597
-1.81059 1.57337 -1.7889
-1.80706 1.56471 -1.78536
-1.79999 1.56471 -1.79243
-1.80818 1.56698 -1.79426
-1.80888 1.56698 -1.79355
-1.80853 1.56611 -1.7932
-1.80782 1.56611 -1.7939
-1.80835 1.56654 -1.79373
INDEX = 14
4 5 7
6 7 5
1 2 5
6 5 2
0 1 4
5 4 1
7 6 3
2 3 6
4 7 0
3 0 7
8 1 0
8 2 1
8 3 2
8 0 3
FACE-NORMAL = 14
0.612372 0.5 0.612372
0.612372 0.5 0.612372
0.935244 0.334482 -0.115933
0.935244 0.334482 -0.115933
0.67245 -0.309229 0.67245
0.67245 -0.309229 0.67245
0.146861 0.978194 0.146861
0.146861 0.978194 0.146861
-0.115933 0.334483 0.935244
-0.115933 0.334483 0.935244
-0.683013 0.258819 -0.683013
-0.933013 -0.353553 0.0669874
-0.183013 -0.965926 -0.183013
0.0669873 -0.353554 -0.933013
BONE = 8
BONE_NAME = Hazard light
PARENT_ID = 6
LOCALTM 
MAT 0.866025 -2.99831e-007 0.5 0.0
MAT -0.5 3.17779e-007 0.866026 0.0
MAT 0.0 -1.0 3.27826e-007 0.0
MAT -0.27842 -0.00444641 0.434284 1.0
WORLDTM 
MAT 0.612372 0.5 0.612373 0.0
MAT -0.353553 0.866025 -0.353554 0.0
MAT -0.707107 4.17233e-007 0.707107 0.0
MAT -1.80835 1.56654 -1.79373 1.0
VERTEX = 9
-1.81986 1.63491 -1.82046
-1.83509 1.63491 -1.80524
-1.82747 1.61626 -1.79762
-1.81225 1.61626 -1.81285
-1.82988 1.62114 -1.81678
-1.8314 1.62114 -1.81525
-1.83064 1.61927 -1.81449
-1.82912 1.61927 -1.81602
-1.83026 1.6202 -1.81563
INDEX = 14
4 5 7
6 7 5
1 2 5
6 5 2
0 1 4
5 4 1
7 6 3
2 3 6
4 7 0
3 0 7
8 1 0
8 2 1
8 3 2
8 0 3
FACE-NORMAL = 14
0.612372 0.5 0.612373
0.612372 0.5 0.612373
0.935244 0.334482 -0.115933
0.935244 0.334482 -0.115933
0.672449 -0.309229 0.67245
0.672449 -0.309229 0.67245
0.146861 0.978194 0.146861
0.146861 0.978194 0.146861
-0.115933 0.334483 0.935244
-0.115933 0.334483 0.935244
-0.683012 0.258819 -0.683013
-0.933013 -0.353553 0.0669873
-0.183013 -0.965926 -0.183013
0.0669875 -0.353554 -0.933013
BONE = 9
BONE_NAME = Star2PartSpinn
PARENT_ID = 8
LOCALTM 
MAT 2.15313 3.57628e-007 6.533e-007 0.0
MAT 2.38419e-007 2.15313 -4.69219e-007 0.0
MAT 0.0 0.0 2.15313 0.0
MAT 0.0 0.0619617 0.0 1.0
WORLDTM 
MAT 1.31852 1.07656 1.31852 0.0
MAT -0.761245 1.86466 -0.761246 0.0
MAT -1.52249 1.04308e-006 1.52249 0.0
MAT -1.83026 1.6202 -1.81563 1.0
VERTEX = 9
-1.81566 1.62462 -1.81626
-1.83088 1.62462 -1.80103
-1.82327 1.60597 -1.79342
-1.80805 1.60597 -1.80865
-1.82568 1.61084 -1.81258
-1.8272 1.61084 -1.81105
-1.82644 1.60898 -1.81029
-1.82492 1.60898 -1.81181
-1.82606 1.60991 -1.81143
INDEX = 14
4 5 7
6 7 5
1 2 5
6 5 2
0 1 4
5 4 1
7 6 3
2 3 6
4 7 0
3 0 7
8 1 0
8 2 1
8 3 2
8 0 3
FACE-NORMAL = 14
0.612372 0.5 0.612373
0.612372 0.5 0.612373
0.935244 0.334482 -0.115933
0.935244 0.334482 -0.115933
0.672449 -0.309229 0.67245
0.672449 -0.309229 0.67245
0.146861 0.978194 0.146861
0.146861 0.978194 0.146861
-0.115933 0.334483 0.935244
-0.115933 0.334483 0.935244
-0.683012 0.258819 -0.683013
-0.933013 -0.353553 0.0669873
-0.183013 -0.965926 -0.183013
0.0669875 -0.353554 -0.933013
BONE = 10
BONE_NAME = Star2Part02
PARENT_ID = 8
LOCALTM 
MAT 2.15313 3.57628e-007 6.533e-007 0.0
MAT 2.38419e-007 2.15313 -4.69219e-007 0.0
MAT 0.0 0.0 2.15313 0.0
MAT 1.19209e-007 0.0500789 0.0 1.0
WORLDTM 
MAT 1.31852 1.07656 1.31852 0.0
MAT -0.761245 1.86466 -0.761246 0.0
MAT -1.52249 1.04308e-006 1.52249 0.0
MAT -1.82606 1.60991 -1.81143 1.0
VERTEX = 9
-1.61955 1.12603 -1.61384
-1.62666 1.12603 -1.62088
-1.61677 1.12603 -1.63088
-1.60966 1.12603 -1.62385
-1.6183 1.13103 -1.62151
-1.61901 1.13103 -1.62221
-1.61802 1.13103 -1.62321
-1.61731 1.13103 -1.62251
-1.61816 1.13103 -1.62236
INDEX = 14
4 5 7
6 7 5
1 2 5
6 5 2
0 1 4
5 4 1
7 6 3
2 3 6
4 7 0
3 0 7
8 1 0
8 2 1
8 3 2
8 0 3
FACE-NORMAL = 14
-2.16105e-007 -1.0 -2.54819e-007
-2.16105e-007 -1.0 -2.54819e-007
0.528421 -0.668965 0.522741
0.528421 -0.668965 0.522741
0.52274 -0.668965 -0.528421
0.52274 -0.668965 -0.528421
-0.522741 -0.668965 0.528421
-0.522741 -0.668965 0.528421
-0.528421 -0.668965 -0.522741
-0.528421 -0.668965 -0.522741
-0.49729 0.707107 0.502695
-0.502694 0.707107 -0.497291
0.497291 0.707107 -0.502695
0.502694 0.707107 0.497291
BONE = 11
BONE_NAME = Vol_Target 07
PARENT_ID = 6
LOCALTM 
MAT -4.3836e-007 0.0 -1.0 0.0
MAT 0.00760376 -1.40707 6.65592e-007 0.0
MAT -0.999985 -0.00540334 -1.49497e-007 0.0
MAT -0.0227582 0.00886619 -0.00122762 1.0
WORLDTM 
MAT -2.16105e-007 -1.0 -2.54819e-007 0.0
MAT -0.989575 7.92074e-007 1.00033 0.0
MAT -0.710917 -2.3842e-007 -0.703275 0.0
MAT -1.61816 1.13103 -1.62236 1.0
VERTEX = 9
1.59166 1.12726 -1.59293
1.59166 1.13726 -1.59293
1.58459 1.13726 -1.6
1.58459 1.12726 -1.6
1.59202 1.13176 -1.59965
1.59202 1.13276 -1.59965
1.59131 1.13276 -1.60035
1.59131 1.13176 -1.60035
1.59166 1.13226 -1.6
INDEX = 14
4 5 7
6 7 5
1 2 5
6 5 2
0 1 4
5 4 1
7 6 3
2 3 6
4 7 0
3 0 7
8 1 0
8 2 1
8 3 2
8 0 3
FACE-NORMAL = 14
-0.707107 0.0 0.707107
-0.707107 0.0 0.707107
-0.473029 -0.743294 0.47303
-0.47303 -0.743294 0.47303
-0.998618 -2.01582e-007 -0.0525591
-0.998618 -2.01582e-007 -0.052559
0.0525584 2.41456e-007 0.998618
0.0525586 2.41456e-007 0.998618
-0.47303 0.743294 0.473029
-0.47303 0.743294 0.473029
1.0 1.89661e-007 2.68221e-007
0.5 0.707107 -0.5
2.68221e-007 -2.31808e-007 -1.0
0.5 -0.707107 -0.5
BONE = 12
BONE_NAME = Bldg_Terran_CommandCenter_Joint_01
PARENT_ID = 2
LOCALTM 
MAT -0.707107 -0.640856 0.298836 0.0
MAT 0.707107 -0.640857 0.298837 0.0
MAT -2.08616e-007 0.422619 0.906308 0.0
MAT 1.6 0.547395 0.477119 1.0
WORLDTM 
MAT -0.707107 0.0 0.707106 0.0
MAT 0.707107 2.98023e-007 0.707107 0.0
MAT -2.08616e-007 1.0 -2.38419e-007 0.0
MAT 1.59166 1.13226 -1.6 1.0
VERTEX = 9
1.59166 0.520669 -1.59293
1.59166 0.530669 -1.59293
1.58459 0.530669 -1.6
1.58459 0.520669 -1.6
1.59202 0.525169 -1.59965
1.59202 0.526169 -1.59965
1.59131 0.526169 -1.60035
1.59131 0.525169 -1.60035
1.59166 0.525669 -1.6
INDEX = 14
4 5 7
6 7 5
1 2 5
6 5 2
0 1 4
5 4 1
7 6 3
2 3 6
4 7 0
3 0 7
8 1 0
8 2 1
8 3 2
8 0 3
FACE-NORMAL = 14
-0.707107 -1.25554e-007 0.707107
-0.707107 -1.25554e-007 0.707107
-0.47303 -0.743294 0.473029
-0.47303 -0.743294 0.47303
-0.998618 -2.05827e-007 -0.0525591
-0.998618 -2.05827e-007 -0.052559
0.0525584 0.0 0.998618
0.0525585 0.0 0.998618
-0.47303 0.743294 0.473029
-0.47303 0.743294 0.473029
1.0 2.04684e-007 2.68221e-007
0.5 0.707107 -0.5
3.27826e-007 0.0 -1.0
0.5 -0.707107 -0.5
BONE = 13
BONE_NAME = Bldg_Terran_CommandCenter_Foot_01
PARENT_ID = 12
LOCALTM 
MAT 1.0 0.0 -1.55356e-007 0.0
MAT 0.0 1.0 -1.3411e-007 0.0
MAT -1.48831e-007 0.0 1.0 0.0
MAT 0.0 1.65775e-007 -0.606589 1.0
WORLDTM 
MAT -0.707107 -1.25554e-007 0.707106 0.0
MAT 0.707107 1.63913e-007 0.707107 0.0
MAT 0.0 1.0 -2.90573e-007 0.0
MAT 1.59166 0.525669 -1.6 1.0
VERTEX = 9
1.78664 1.57584 -1.79563
1.77957 1.57584 -1.8027
1.77603 1.56718 -1.79916
1.7831 1.56718 -1.79209
1.78493 1.56944 -1.80028
1.78422 1.56944 -1.80099
1.78387 1.56858 -1.80063
1.78457 1.56858 -1.79992
1.7844 1.56901 -1.80046
INDEX = 14
4 5 7
6 7 5
1 2 5
6 5 2
0 1 4
5 4 1
7 6 3
2 3 6
4 7 0
3 0 7
8 1 0
8 2 1
8 3 2
8 0 3
FACE-NORMAL = 14
-0.612372 0.5 0.612373
-0.612372 0.5 0.612373
0.115933 0.334482 0.935244
0.115933 0.334482 0.935244
-0.67245 -0.309229 0.67245
-0.67245 -0.309229 0.67245
-0.146861 0.978194 0.146862
-0.146861 0.978194 0.146862
-0.935244 0.334483 -0.115933
-0.935244 0.334483 -0.115933
0.683013 0.258819 -0.683013
-0.0669873 -0.353553 -0.933013
0.183013 -0.965926 -0.183013
0.933013 -0.353554 0.0669873
BONE = 14
BONE_NAME = Hazard light01
PARENT_ID = 12
LOCALTM 
MAT 0.866025 7.24295e-007 0.5 0.0
MAT -0.5 2.88653e-007 0.866025 0.0
MAT 0.0 -1.0 4.19677e-007 0.0
MAT -0.278027 -0.00545941 0.436752 1.0
WORLDTM 
MAT -0.612372 0.5 0.612372 0.0
MAT 0.353553 0.866025 -0.353553 0.0
MAT -0.707107 1.21654e-007 -0.707107 0.0
MAT 1.7844 1.56901 -1.80046 1.0
VERTEX = 9
1.81113 1.63738 -1.81196
1.79591 1.63738 -1.82719
1.78829 1.61873 -1.81958
1.80352 1.61873 -1.80435
1.80745 1.6236 -1.82198
1.80592 1.6236 -1.8235
1.80516 1.62174 -1.82274
1.80668 1.62174 -1.82122
1.8063 1.62267 -1.82236
INDEX = 14
4 5 7
6 7 5
1 2 5
6 5 2
0 1 4
5 4 1
7 6 3
2 3 6
4 7 0
3 0 7
8 1 0
8 2 1
8 3 2
8 0 3
FACE-NORMAL = 14
-0.612372 0.5 0.612373
-0.612372 0.5 0.612373
0.115933 0.334483 0.935244
0.115933 0.334483 0.935244
-0.672449 -0.309229 0.67245
-0.672449 -0.309229 0.67245
-0.146861 0.978194 0.146862
-0.146861 0.978194 0.146862
-0.935244 0.334483 -0.115933
-0.935244 0.334483 -0.115933
0.683012 0.258819 -0.683013
-0.0669873 -0.353553 -0.933013
0.183012 -0.965926 -0.183014
0.933013 -0.353554 0.0669874
BONE = 15
BONE_NAME = Star2PartSpinn01
PARENT_ID = 14
LOCALTM 
MAT 2.15313 4.17233e-007 -1.60255e-006 0.0
MAT 7.15256e-007 2.15313 -6.64166e-007 0.0
MAT -1.63913e-006 0.0 2.15313 0.0
MAT 5.96046e-007 0.0619619 0.0 1.0
WORLDTM 
MAT -1.31851 1.07656 1.31852 0.0
MAT 0.761245 1.86466 -0.761243 0.0
MAT -1.52249 -6.55651e-007 -1.52249 0.0
MAT 1.8063 1.62267 -1.82236 1.0
VERTEX = 9
1.80693 1.62709 -1.80776
1.7917 1.62709 -1.82299
1.78409 1.60844 -1.81537
1.79932 1.60844 -1.80015
1.80324 1.61331 -1.81778
1.80172 1.61331 -1.8193
1.80096 1.61145 -1.81854
1.80248 1.61145 -1.81702
1.8021 1.61238 -1.81816
INDEX = 14
4 5 7
6 7 5
1 2 5
6 5 2
0 1 4
5 4 1
7 6 3
2 3 6
4 7 0
3 0 7
8 1 0
8 2 1
8 3 2
8 0 3
FACE-NORMAL = 14
-0.612372 0.5 0.612373
-0.612372 0.5 0.612373
0.115933 0.334483 0.935244
0.115933 0.334483 0.935244
-0.672449 -0.309229 0.67245
-0.672449 -0.309229 0.67245
-0.146861 0.978194 0.146862
-0.146861 0.978194 0.146862
-0.935244 0.334483 -0.115933
-0.935244 0.334483 -0.115933
0.683012 0.258819 -0.683013
-0.0669873 -0.353553 -0.933013
0.183012 -0.965926 -0.183014
0.933013 -0.353554 0.0669874
BONE = 16
BONE_NAME = Star2Part03
PARENT_ID = 14
LOCALTM 
MAT 2.15313 4.17233e-007 -1.60255e-006 0.0
MAT 7.15256e-007 2.15313 -6.64166e-007 0.0
MAT -1.63913e-006 0.0 2.15313 0.0
MAT -1.19209e-007 0.0500791 0.0 1.0
WORLDTM 
MAT -1.31851 1.07656 1.31852 0.0
MAT 0.761245 1.86466 -0.761243 0.0
MAT -1.52249 -6.55651e-007 -1.52249 0.0
MAT 1.8021 1.61238 -1.81816 1.0
VERTEX = 9
1.57601 1.12603 -1.61048
1.58315 1.12603 -1.61748
1.593 1.12603 -1.60744
1.58586 1.12603 -1.60043
1.58365 1.13103 -1.60911
1.58437 1.13103 -1.60981
1.58535 1.13103 -1.60881
1.58464 1.13103 -1.60811
1.5845 1.13103 -1.60896
INDEX = 14
4 5 7
6 7 5
1 2 5
6 5 2
0 1 4
5 4 1
7 6 3
2 3 6
4 7 0
3 0 7
8 1 0
8 2 1
8 3 2
8 0 3
FACE-NORMAL = 14
1.19812e-007 -1.0 1.65412e-007
1.19812e-007 -1.0 1.65412e-007
-0.530711 -0.668965 0.520415
-0.530711 -0.668965 0.520415
0.520415 -0.668965 0.530711
0.520415 -0.668965 0.530711
-0.520415 -0.668965 -0.530711
-0.520415 -0.668965 -0.530711
0.530711 -0.668965 -0.520415
0.530711 -0.668965 -0.520415
-0.495079 0.707107 -0.504873
0.504873 0.707107 -0.495079
0.495079 0.707107 0.504873
-0.504873 0.707107 0.495079
BONE = 17
BONE_NAME = Vol_Target 10
PARENT_ID = 12
LOCALTM 
MAT 0.0 0.0 -1.0 0.0
MAT -0.013781 -1.40703 2.26044e-007 0.0
MAT -0.999952 0.00979409 2.95103e-007 0.0
MAT -0.00127172 -0.0113974 -0.00122738 1.0
WORLDTM 
MAT 1.19812e-007 -1.0 1.65412e-007 0.0
MAT -0.985173 -1.93694e-007 -1.00466 0.0
MAT 0.713998 2.68221e-007 -0.700147 0.0
MAT 1.5845 1.13103 -1.60896 1.0
VERTEX = 9
1.58459 1.12726 1.6
1.58459 1.13726 1.6
1.59166 1.13726 1.59293
1.59166 1.12726 1.59293
1.59131 1.13176 1.60035
1.59131 1.13276 1.60035
1.59202 1.13276 1.59965
1.59202 1.13176 1.59965
1.59166 1.13226 1.6
INDEX = 14
4 5 7
6 7 5
1 2 5
6 5 2
0 1 4
5 4 1
7 6 3
2 3 6
4 7 0
3 0 7
8 1 0
8 2 1
8 3 2
8 0 3
FACE-NORMAL = 14
-0.707107 -2.08616e-007 -0.707107
-0.707107 -2.08616e-007 -0.707107
-0.473029 -0.743294 -0.47303
-0.473029 -0.743294 -0.47303
0.0525592 0.0 -0.998618
0.0525591 0.0 -0.998618
-0.998618 -2.72468e-007 0.0525582
-0.998618 -2.72468e-007 0.0525584
-0.47303 0.743294 -0.47303
-0.473029 0.743294 -0.47303
-3.8743e-007 0.0 1.0
0.5 0.707107 0.5
1.0 2.73954e-007 4.17232e-007
0.5 -0.707107 0.5
BONE = 18
BONE_NAME = Bldg_Terran_CommandCenter_Joint_02
PARENT_ID = 2
LOCALTM 
MAT -0.707106 0.640857 -0.298836 0.0
MAT -0.707107 -0.640856 0.298836 0.0
MAT -2.38419e-007 0.422618 0.906308 0.0
MAT 1.6 -2.35279 1.8295 1.0
WORLDTM 
MAT -0.707106 -2.08616e-007 -0.707107 0.0
MAT -0.707107 -1.78814e-007 0.707106 0.0
MAT -2.38419e-007 1.0 0.0 0.0
MAT 1.59166 1.13226 1.6 1.0
VERTEX = 9
1.58459 0.52067 1.6
1.58459 0.53067 1.6
1.59166 0.53067 1.59293
1.59166 0.52067 1.59293
1.59131 0.52517 1.60035
1.59131 0.52617 1.60035
1.59202 0.52617 1.59965
1.59202 0.52517 1.59965
1.59166 0.52567 1.6
INDEX = 14
4 5 7
6 7 5
1 2 5
6 5 2
0 1 4
5 4 1
7 6 3
2 3 6
4 7 0
3 0 7
8 1 0
8 2 1
8 3 2
8 0 3
FACE-NORMAL = 14
-0.707107 0.0 -0.707107
-0.707107 0.0 -0.707107
-0.473029 -0.743294 -0.47303
-0.473029 -0.743294 -0.47303
0.0525592 2.06566e-007 -0.998618
0.052559 2.06566e-007 -0.998618
-0.998618 -2.36471e-007 0.0525583
-0.998618 -2.36471e-007 0.0525584
-0.47303 0.743294 -0.47303
-0.473029 0.743294 -0.47303
-3.27826e-007 -1.94929e-007 1.0
0.5 0.707107 0.5
1.0 2.26539e-007 3.8743e-007
0.5 -0.707107 0.5
BONE = 19
BONE_NAME = Bldg_Terran_CommandCenter_Foot_02
PARENT_ID = 18
LOCALTM 
MAT 1.0 0.0 1.86264e-007 0.0
MAT 0.0 1.0 -1.19209e-007 0.0
MAT -1.26441e-007 0.0 1.0 0.0
MAT -2.38419e-007 3.27826e-007 -0.606589 1.0
WORLDTM 
MAT -0.707106 0.0 -0.707107 0.0
MAT -0.707107 -2.98023e-007 0.707106 0.0
MAT -2.08616e-007 1.0 1.19209e-007 0.0
MAT 1.59166 0.52567 1.6 1.0
VERTEX = 9
1.60822 1.12603 1.60382
1.61516 1.12603 1.61102
1.60503 1.12603 1.62079
1.59809 1.12603 1.61359
1.60678 1.13103 1.61146
1.60748 1.13103 1.61218
1.60647 1.13103 1.61315
1.60577 1.13103 1.61243
1.60662 1.13103 1.61231
INDEX = 14
4 5 7
6 7 5
1 2 5
6 5 2
0 1 4
5 4 1
7 6 3
2 3 6
4 7 0
3 0 7
8 1 0
8 2 1
8 3 2
8 0 3
FACE-NORMAL = 14
0.0 -1.0 4.90924e-007
0.0 -1.0 4.90924e-007
-0.515919 -0.668965 -0.535082
-0.515919 -0.668965 -0.535082
-0.535083 -0.668964 0.51592
-0.535083 -0.668965 0.51592
0.535083 -0.668965 -0.515919
0.535083 -0.668965 -0.515919
0.515919 -0.668965 0.535083
0.515919 -0.668964 0.535083
0.509032 0.707107 -0.490802
0.490802 0.707107 0.509032
-0.509032 0.707107 0.490801
-0.490802 0.707107 -0.509032
BONE = 20
BONE_NAME = Vol_Target 08
PARENT_ID = 18
LOCALTM 
MAT -1.68218e-007 4.83907e-007 -1.0 0.0
MAT -0.0256513 -1.40686 -6.60793e-007 0.0
MAT -0.999834 0.0182301 1.59757e-007 0.0
MAT -0.0192809 -0.0018785 -0.00122738 1.0
WORLDTM 
MAT 0.0 -1.0 4.90924e-007 0.0
MAT 1.01294 -4.03875e-007 -0.976662 0.0
MAT 0.694098 3.65078e-007 0.71988 0.0
MAT 1.60662 1.13103 1.61231 1.0
VERTEX = 9
-0.00333681 0.466673 -1.32847
-0.00333681 0.475333 -1.32347
-0.00333681 0.470333 -1.31481
-0.00333681 0.461673 -1.31981
-0.00833681 0.46832 -1.32232
-0.00833681 0.469186 -1.32182
-0.00833681 0.468686 -1.32096
-0.00833681 0.46782 -1.32146
-0.00833681 0.468503 -1.32164
INDEX = 14
4 5 7
6 7 5
1 2 5
6 5 2
0 1 4
5 4 1
7 6 3
2 3 6
4 7 0
3 0 7
8 1 0
8 2 1
8 3 2
8 0 3
FACE-NORMAL = 14
1.0 0.0 0.0
1.0 0.0 0.0
0.668965 -0.643712 -0.371647
0.668965 -0.643712 -0.371647
0.668965 -0.371647 0.643712
0.668965 -0.371647 0.643712
0.668965 0.371647 -0.643712
0.668965 0.371647 -0.643712
0.668965 0.643712 0.371647
0.668965 0.643712 0.371647
-0.707107 0.353553 -0.612372
-0.707107 0.612372 0.353553
-0.707107 -0.353553 0.612372
-0.707107 -0.612372 -0.353553
BONE = 21
BONE_NAME = Bldg_Terran_CommandCenter_Ramp
PARENT_ID = 2
LOCALTM 
MAT 1.0 0.0 0.0 0.0
MAT 0.0 0.996195 0.0871557 0.0
MAT 0.0 -0.0871557 0.996195 0.0
MAT 0.0 0.0145991 -0.00680768 1.0
WORLDTM 
MAT 1.0 0.0 0.0 0.0
MAT 0.0 0.5 -0.866026 0.0
MAT 0.0 0.866026 0.5 0.0
MAT -0.00833681 0.468503 -1.32164 1.0
VERTEX = 9
-0.00377787 1.91536 -0.00455869
-0.00377787 1.91536 0.00455916
-0.00377787 1.90625 0.00455917
-0.00377787 1.90625 -0.00455869
-0.00833679 1.91126 -0.000455654
-0.00833679 1.91126 0.000456131
-0.00833679 1.91035 0.000456131
-0.00833679 1.91035 -0.000455654
-0.00833679 1.9108 2.38419e-007
INDEX = 14
4 5 7
6 7 5
1 2 5
6 5 2
0 1 4
5 4 1
7 6 3
2 3 6
4 7 0
3 0 7
8 1 0
8 2 1
8 3 2
8 0 3
FACE-NORMAL = 14
1.0 0.0 0.0
1.0 0.0 0.0
0.668965 -1.99367e-007 -0.743294
0.668965 -1.99367e-007 -0.743294
0.668965 -0.743294 1.99367e-007
0.668965 -0.743294 1.99367e-007
0.668965 0.743294 -1.99367e-007
0.668965 0.743294 -1.99367e-007
0.668965 1.99367e-007 0.743294
0.668965 1.99367e-007 0.743294
-0.707107 0.707107 -1.89661e-007
-0.707107 1.89661e-007 0.707107
-0.707107 -0.707107 1.89661e-007
-0.707107 -1.89661e-007 -0.707107
BONE = 22
BONE_NAME = Bldg_Terran_Comstat_DishBase
PARENT_ID = 2
LOCALTM 
MAT 0.911785 0.0 0.0 0.0
MAT 0.0 0.385337 0.826358 0.0
MAT 0.0 -0.826358 0.385337 0.0
MAT 0.0 -0.57367 1.85891 1.0
WORLDTM 
MAT 0.911785 0.0 0.0 0.0
MAT 0.0 0.911785 -2.4456e-007 0.0
MAT 0.0 2.4456e-007 0.911785 0.0
MAT -0.00833679 1.9108 2.38419e-007 1.0
VERTEX = 9
-0.00333679 1.49538 -0.816388
-0.00333679 1.49538 -0.806388
-0.00333679 1.48538 -0.806388
-0.00333679 1.48538 -0.816388
-0.00833679 1.49088 -0.811889
-0.00833679 1.49088 -0.810888
-0.00833679 1.48988 -0.810888
-0.00833679 1.48988 -0.811889
-0.00833679 1.49038 -0.811388
INDEX = 14
4 5 7
6 7 5
1 2 5
6 5 2
0 1 4
5 4 1
7 6 3
2 3 6
4 7 0
3 0 7
8 1 0
8 2 1
8 3 2
8 0 3
FACE-NORMAL = 14
1.0 0.0 0.0
1.0 0.0 0.0
0.668965 1.55063e-007 -0.743294
0.668965 1.55063e-007 -0.743294
0.668965 -0.743294 -1.55063e-007
0.668965 -0.743294 -1.55063e-007
0.668965 0.743294 1.55063e-007
0.668965 0.743294 1.55063e-007
0.668965 -1.55063e-007 0.743294
0.668965 -1.55063e-007 0.743294
-0.707107 0.707107 1.47514e-007
-0.707107 -1.47514e-007 0.707107
-0.707107 -0.707107 -1.47514e-007
-0.707107 1.47514e-007 -0.707107
BONE = 23
BONE_NAME = Bldg_Terran_Comstat_Front
PARENT_ID = 22
LOCALTM 
MAT 1.09675 0.0 0.0 0.0
MAT 0.0 1.09675 5.22971e-007 0.0
MAT 0.0 -5.22971e-007 1.09675 0.0
MAT 0.0 -0.461102 -0.88989 1.0
WORLDTM 
MAT 1.0 0.0 0.0 0.0
MAT 0.0 1.0 2.08616e-007 0.0
MAT 0.0 -2.08616e-007 1.0 0.0
MAT -0.00833679 1.49038 -0.811388 1.0
VERTEX = 9
-0.00333679 2.58935 -0.005
-0.00333679 2.58935 0.005
-0.00333679 2.57935 0.005
-0.00333679 2.57935 -0.005
-0.00833679 2.58485 -0.0005
-0.00833679 2.58485 0.0005
-0.00833679 2.58385 0.0005
-0.00833679 2.58385 -0.0005
-0.00833679 2.58435 0.0
INDEX = 14
4 5 7
6 7 5
1 2 5
6 5 2
0 1 4
5 4 1
7 6 3
2 3 6
4 7 0
3 0 7
8 1 0
8 2 1
8 3 2
8 0 3
FACE-NORMAL = 14
1.0 0.0 0.0
1.0 0.0 0.0
0.668965 5.09494e-007 -0.743294
0.668965 5.09493e-007 -0.743294
0.668965 -0.743294 -5.09494e-007
0.668965 -0.743294 -5.09493e-007
0.668965 0.743294 5.09493e-007
0.668965 0.743294 5.09494e-007
0.668965 -5.09493e-007 0.743294
0.668965 -5.09494e-007 0.743294
-0.707107 0.707107 4.84689e-007
-0.707107 -4.84689e-007 0.707107
-0.707107 -0.707107 -4.84689e-007
-0.707107 4.84689e-007 -0.707107
BONE = 24
BONE_NAME = Bldg_Terran_CommandCenter_Side
PARENT_ID = 2
LOCALTM 
MAT 1.0 0.0 0.0 0.0
MAT 0.0 0.422618 0.906308 0.0
MAT 0.0 -0.906308 0.422618 0.0
MAT 0.0 -0.289018 2.46935 1.0
WORLDTM 
MAT 1.0 0.0 0.0 0.0
MAT 0.0 1.0 6.85453e-007 0.0
MAT 0.0 -6.85453e-007 1.0 0.0
MAT -0.00833679 2.58435 0.0 1.0
VERTEX = 9
1.62708 1.46551 -0.00500028
1.62708 1.46551 0.00499972
1.62621 1.45554 0.00499971
1.62621 1.45554 -0.00500028
1.62171 1.46146 -0.000500285
1.62171 1.46146 0.000499715
1.62162 1.46046 0.000499715
1.62162 1.46046 -0.000500285
1.62166 1.46096 -2.84727e-007
INDEX = 14
4 5 7
6 7 5
1 2 5
6 5 2
0 1 4
5 4 1
7 6 3
2 3 6
4 7 0
3 0 7
8 1 0
8 2 1
8 3 2
8 0 3
FACE-NORMAL = 14
0.996195 -0.0871557 0.0
0.996195 -0.0871557 0.0
0.666419 -0.058304 -0.743294
0.666419 -0.058304 -0.743294
0.601637 -0.79877 0.0
0.601637 -0.79877 0.0
0.731202 0.682162 0.0
0.731201 0.682162 0.0
0.666419 -0.0583042 0.743294
0.666419 -0.0583041 0.743294
-0.642788 0.766044 0.0
-0.704416 0.0616283 0.707107
-0.766044 -0.642788 0.0
-0.704416 0.0616284 -0.707107
BONE = 25
BONE_NAME = Bldg_Terran_Planetary_Armor_02
PARENT_ID = 24
LOCALTM 
MAT 0.996195 -0.0871557 0.0 0.0
MAT 0.0871557 0.996195 -5.93778e-007 0.0
MAT 0.0 5.96046e-007 1.0 0.0
MAT 1.63 -1.12339 4.85301e-007 1.0
WORLDTM 
MAT 0.996195 -0.0871557 0.0 0.0
MAT 0.0871557 0.996195 0.0 0.0
MAT 0.0 0.0 1.0 0.0
MAT 1.62166 1.46096 -2.84727e-007 1.0
VERTEX = 9
2.18493 1.96507 -0.0050003
2.18493 1.96507 0.0049997
2.18493 1.95507 0.0049997
2.18493 1.95507 -0.0050003
2.17993 1.96057 -0.000500301
2.17993 1.96057 0.000499699
2.17993 1.95957 0.000499699
2.17993 1.95957 -0.000500301
2.17993 1.96007 -3.01164e-007
INDEX = 14
4 5 7
6 7 5
1 2 5
6 5 2
0 1 4
5 4 1
7 6 3
2 3 6
4 7 0
3 0 7
8 1 0
8 2 1
8 3 2
8 0 3
FACE-NORMAL = 14
1.0 0.0 0.0
1.0 0.0 0.0
0.668965 0.0 -0.743294
0.668965 0.0 -0.743294
0.668965 -0.743294 0.0
0.668965 -0.743294 0.0
0.668965 0.743294 0.0
0.668965 0.743294 0.0
0.668965 0.0 0.743294
0.668965 0.0 0.743294
-0.707107 0.707107 0.0
-0.707107 0.0 0.707107
-0.707107 -0.707107 0.0
-0.707107 0.0 -0.707107
BONE = 26
BONE_NAME = HitTestFuzzy01
PARENT_ID = 25
LOCALTM 
MAT 0.996195 0.0871557 0.0 0.0
MAT -0.0871557 0.996195 0.0 0.0
MAT 0.0 0.0 1.0 0.0
MAT 0.512638 0.545864 0.0 1.0
WORLDTM 
MAT 1.0 0.0 0.0 0.0
MAT 0.0 1.0 0.0 0.0
MAT 0.0 0.0 1.0 0.0
MAT 2.17993 1.96007 -3.01164e-007 1.0
VERTEX = 9
-1.64375 1.46551 0.00499971
-1.64375 1.46551 -0.00500029
-1.64288 1.45554 -0.00500029
-1.64288 1.45554 0.00499971
-1.63838 1.46146 0.000499715
-1.63838 1.46146 -0.000500285
-1.63829 1.46046 -0.000500285
-1.63829 1.46046 0.000499715
-1.63834 1.46096 -2.84727e-007
INDEX = 14
4 5 7
6 7 5
1 2 5
6 5 2
0 1 4
5 4 1
7 6 3
2 3 6
4 7 0
3 0 7
8 1 0
8 2 1
8 3 2
8 0 3
FACE-NORMAL = 14
-0.996195 -0.0871556 -7.72275e-007
-0.996195 -0.0871556 -7.72275e-007
-0.66642 -0.0583043 0.743294
-0.66642 -0.0583043 0.743294
-0.601637 -0.79877 -6.88394e-007
-0.601637 -0.79877 -6.88394e-007
-0.731201 0.682162 -3.44855e-007
-0.731201 0.682162 -3.44855e-007
-0.666419 -0.0583038 -0.743295
-0.666419 -0.0583038 -0.743295
0.642788 0.766044 7.09488e-007
0.704417 0.0616286 -0.707106
0.766044 -0.642788 3.82674e-007
0.704416 0.0616281 0.707107
BONE = 27
BONE_NAME = Bldg_Terran_Planetary_Armor_01
PARENT_ID = 24
LOCALTM 
MAT -0.996195 -0.0871556 -7.12534e-007 0.0
MAT -0.0871556 0.996195 -4.51753e-007 0.0
MAT 7.49195e-007 -3.87933e-007 -1.0 0.0
MAT -1.63 -1.12339 4.85301e-007 1.0
WORLDTM 
MAT -0.996195 -0.0871556 -7.72275e-007 0.0
MAT -0.0871556 0.996195 2.31092e-007 0.0
MAT 7.49195e-007 2.97521e-007 -1.0 0.0
MAT -1.63834 1.46096 -2.84727e-007 1.0
VERTEX = 9
-2.17708 1.9732 -0.00500023
-2.17708 1.9732 0.00499977
-2.17708 1.9632 0.00499977
-2.17708 1.9632 -0.00500023
-2.18208 1.9687 -0.000500228
-2.18208 1.9687 0.000499772
-2.18208 1.9677 0.000499772
-2.18208 1.9677 -0.000500229
-2.18208 1.9682 -2.28405e-007
INDEX = 14
4 5 7
6 7 5
1 2 5
6 5 2
0 1 4
5 4 1
7 6 3
2 3 6
4 7 0
3 0 7
8 1 0
8 2 1
8 3 2
8 0 3
FACE-NORMAL = 14
1.0 0.0 1.23751e-007
1.0 0.0 1.23751e-007
0.668965 1.6552e-007 -0.743294
0.668965 1.6552e-007 -0.743294
0.668965 -0.743294 0.0
0.668965 -0.743294 0.0
0.668965 0.743294 2.63258e-007
0.668965 0.743294 2.63258e-007
0.668965 -1.95426e-007 0.743294
0.668965 -1.95426e-007 0.743294
-0.707107 0.707107 0.0
-0.707107 -1.55882e-007 0.707107
-0.707107 -0.707107 -2.59192e-007
-0.707107 1.87492e-007 -0.707107
BONE = 28
BONE_NAME = HitTestFuzzy02
PARENT_ID = 27
LOCALTM 
MAT -0.996195 -0.0871557 6.25444e-007 0.0
MAT -0.0871557 0.996195 0.0 0.0
MAT -6.27833e-007 0.0 -1.0 0.0
MAT 0.497468 0.552695 -3.12781e-007 1.0
WORLDTM 
MAT 1.0 0.0 1.23751e-007 0.0
MAT 0.0 1.0 2.42802e-007 0.0
MAT -1.23752e-007 -2.42802e-007 1.0 0.0
MAT -2.18208 1.9682 -2.28405e-007 1.0
VERTEX = 9
-0.00333674 2.58935 -0.00793411
-0.00333674 2.58935 0.00206589
-0.00333674 2.57935 0.00206589
-0.00333674 2.57935 -0.00793411
-0.00833674 2.58485 -0.00343411
-0.00833674 2.58485 -0.00243411
-0.00833674 2.58385 -0.00243411
-0.00833674 2.58385 -0.00343411
-0.00833674 2.58435 -0.00293411
INDEX = 14
4 5 7
6 7 5
1 2 5
6 5 2
0 1 4
5 4 1
7 6 3
2 3 6
4 7 0
3 0 7
8 1 0
8 2 1
8 3 2
8 0 3
FACE-NORMAL = 14
1.0 0.0 0.0
1.0 0.0 0.0
0.668965 0.0 -0.743294
0.668965 0.0 -0.743294
0.668965 -0.743294 0.0
0.668965 -0.743294 0.0
0.668965 0.743294 0.0
0.668965 0.743294 0.0
0.668965 0.0 0.743294
0.668965 0.0 0.743294
-0.707107 0.707107 0.0
-0.707107 0.0 0.707107
-0.707107 -0.707107 0.0
-0.707107 0.0 -0.707107
BONE = 29
BONE_NAME = Bldg_Terran_Planetary_Base
PARENT_ID = 24
LOCALTM 
MAT 1.0 0.0 0.0 0.0
MAT 0.0 1.0 -6.51683e-007 0.0
MAT 0.0 6.51683e-007 1.0 0.0
MAT 0.0 -7.15256e-007 -0.00293411 1.0
WORLDTM 
MAT 1.0 0.0 0.0 0.0
MAT 0.0 1.0 0.0 0.0
MAT 0.0 0.0 1.0 0.0
MAT -0.00833674 2.58435 -0.00293411 1.0
VERTEX = 9
-0.00333674 2.58927 -0.00499954
-0.00333674 2.58927 0.00500046
-0.00333674 2.57927 0.00500046
-0.00333674 2.57927 -0.00499954
-0.00833674 2.58477 -0.000499542
-0.00833674 2.58477 0.000500458
-0.00833674 2.58377 0.000500458
-0.00833674 2.58377 -0.000499542
-0.00833674 2.58427 4.57978e-007
INDEX = 14
4 5 7
6 7 5
1 2 5
6 5 2
0 1 4
5 4 1
7 6 3
2 3 6
4 7 0
3 0 7
8 1 0
8 2 1
8 3 2
8 0 3
FACE-NORMAL = 14
1.0 0.0 0.0
1.0 0.0 0.0
0.668965 0.0 -0.743294
0.668965 0.0 -0.743294
0.668965 -0.743294 0.0
0.668965 -0.743294 0.0
0.668965 0.743294 0.0
0.668965 0.743294 0.0
0.668965 0.0 0.743294
0.668965 0.0 0.743294
-0.707107 0.707107 0.0
-0.707107 0.0 0.707107
-0.707107 -0.707107 0.0
-0.707107 0.0 -0.707107
BONE = 30
BONE_NAME = Bldg_Terran_Planetary_Front
PARENT_ID = 29
LOCALTM 
MAT 1.0 0.0 0.0 0.0
MAT 0.0 1.0 0.0 0.0
MAT 0.0 0.0 1.0 0.0
MAT 0.0 -7.27177e-005 0.00293457 1.0
WORLDTM 
MAT 1.0 0.0 0.0 0.0
MAT 0.0 1.0 0.0 0.0
MAT 0.0 0.0 1.0 0.0
MAT -0.00833674 2.58427 4.57978e-007 1.0
VERTEX = 9
-0.00333679 3.51527 -0.00500001
-0.00333679 3.51527 0.00499999
-0.00333679 3.50527 0.00499999
-0.00333679 3.50527 -0.00500001
-0.00833679 3.51077 -0.00050001
-0.00833679 3.51077 0.00049999
-0.00833679 3.50977 0.00049999
-0.00833679 3.50977 -0.00050001
-0.00833679 3.51027 0.0
INDEX = 14
4 5 7
6 7 5
1 2 5
6 5 2
0 1 4
5 4 1
7 6 3
2 3 6
4 7 0
3 0 7
8 1 0
8 2 1
8 3 2
8 0 3
FACE-NORMAL = 14
1.0 0.0 0.0
1.0 0.0 0.0
0.668965 3.15453e-007 -0.743294
0.668965 3.15453e-007 -0.743294
0.668965 -0.743294 -3.79532e-007
0.668965 -0.743294 -3.79532e-007
0.668965 0.743294 3.79532e-007
0.668965 0.743294 3.79532e-007
0.668965 -4.43611e-007 0.743294
0.668965 -4.43611e-007 0.743294
-0.707107 0.707107 3.61054e-007
-0.707107 -2.93322e-007 0.707107
-0.707107 -0.707107 -3.61054e-007
-0.707107 4.28787e-007 -0.707107
BONE = 31
BONE_NAME = BaseDummy
PARENT_ID = 29
LOCALTM 
MAT 1.0 0.0 0.0 0.0
MAT 0.0 1.0 4.76837e-007 0.0
MAT 0.0 -4.76837e-007 1.0 0.0
MAT 0.0 0.925922 0.00293407 1.0
WORLDTM 
MAT 1.0 0.0 0.0 0.0
MAT 0.0 1.0 5.10608e-007 0.0
MAT 0.0 -5.10608e-007 1.0 0.0
MAT -0.00833679 3.51027 0.0 1.0
VERTEX = 9
-0.00333679 3.51527 -0.00500001
-0.00333679 3.51527 0.00499999
-0.00333679 3.50527 0.00499999
-0.00333679 3.50527 -0.00500001
-0.00833679 3.51077 -0.00050001
-0.00833679 3.51077 0.00049999
-0.00833679 3.50977 0.00049999
-0.00833679 3.50977 -0.00050001
-0.00833679 3.51027 0.0
INDEX = 14
4 5 7
6 7 5
1 2 5
6 5 2
0 1 4
5 4 1
7 6 3
2 3 6
4 7 0
3 0 7
8 1 0
8 2 1
8 3 2
8 0 3
FACE-NORMAL = 14
1.0 0.0 0.0
1.0 0.0 0.0
0.668965 3.15453e-007 -0.743294
0.668965 3.15453e-007 -0.743294
0.668965 -0.743294 -3.79532e-007
0.668965 -0.743294 -3.79532e-007
0.668965 0.743294 3.79532e-007
0.668965 0.743294 3.79532e-007
0.668965 -4.43611e-007 0.743294
0.668965 -4.43611e-007 0.743294
-0.707107 0.707107 3.61054e-007
-0.707107 -2.93322e-007 0.707107
-0.707107 -0.707107 -3.61054e-007
-0.707107 4.28787e-007 -0.707107
BONE = 32
BONE_NAME = Ref_TurretZ
PARENT_ID = 31
LOCALTM 
MAT 1.0 0.0 0.0 0.0
MAT 0.0 1.0 0.0 0.0
MAT 0.0 0.0 1.0 0.0
MAT 0.0 0.0 0.0 1.0
WORLDTM 
MAT 1.0 0.0 0.0 0.0
MAT 0.0 1.0 5.10608e-007 0.0
MAT 0.0 -5.10608e-007 1.0 0.0
MAT -0.00833679 3.51027 0.0 1.0
VERTEX = 9
-0.00333679 3.56044 -0.005
-0.00333679 3.56044 0.005
-0.00333679 3.55044 0.005
-0.00333679 3.55044 -0.005
-0.00833679 3.55594 -0.000499997
-0.00833679 3.55594 0.000500003
-0.00833679 3.55494 0.000500003
-0.00833679 3.55494 -0.000499997
-0.00833679 3.55544 0.0
INDEX = 14
4 5 7
6 7 5
1 2 5
6 5 2
0 1 4
5 4 1
7 6 3
2 3 6
4 7 0
3 0 7
8 1 0
8 2 1
8 3 2
8 0 3
FACE-NORMAL = 14
1.0 0.0 0.0
1.0 0.0 0.0
0.668965 0.0 -0.743294
0.668965 0.0 -0.743294
0.668965 -0.743294 -1.83114e-007
0.668965 -0.743294 -1.83114e-007
0.668965 0.743294 1.83114e-007
0.668965 0.743294 1.83114e-007
0.668965 -2.47194e-007 0.743294
0.668965 -2.47194e-007 0.743294
-0.707107 0.707107 1.74199e-007
-0.707107 0.0 0.707107
-0.707107 -0.707107 -1.74199e-007
-0.707107 2.41932e-007 -0.707107
BONE = 33
BONE_NAME = Bldg_Terran_CommandCenter_Turret
PARENT_ID = 32
LOCALTM 
MAT 1.0 0.0 0.0 0.0
MAT 0.0 1.0 -2.64253e-007 0.0
MAT 0.0 2.64253e-007 1.0 0.0
MAT 0.0 0.0451722 0.0 1.0
WORLDTM 
MAT 1.0 0.0 0.0 0.0
MAT 0.0 1.0 2.46355e-007 0.0
MAT 0.0 -2.46355e-007 1.0 0.0
MAT -0.00833679 3.55544 0.0 1.0
VERTEX = 9
-0.0033368 3.47386 0.0655298
-0.0033368 3.47386 0.0755298
-0.0033368 3.46386 0.0755298
-0.0033368 3.46386 0.0655298
-0.0083368 3.46936 0.0700298
-0.0083368 3.46936 0.0710298
-0.0083368 3.46836 0.0710298
-0.0083368 3.46836 0.0700298
-0.0083368 3.46886 0.0705298
INDEX = 14
4 5 7
6 7 5
1 2 5
6 5 2
0 1 4
5 4 1
7 6 3
2 3 6
4 7 0
3 0 7
8 1 0
8 2 1
8 3 2
8 0 3
FACE-NORMAL = 14
1.0 0.0 0.0
1.0 0.0 0.0
0.668965 0.0 -0.743294
0.668965 0.0 -0.743294
0.668965 -0.743294 -1.83114e-007
0.668965 -0.743294 -1.83114e-007
0.668965 0.743294 1.83114e-007
0.668965 0.743294 1.83114e-007
0.668965 -2.47194e-007 0.743294
0.668965 -2.47194e-007 0.743294
-0.707107 0.707107 1.74199e-007
-0.707107 0.0 0.707107
-0.707107 -0.707107 -1.74199e-007
-0.707107 2.41932e-007 -0.707107
BONE = 34
BONE_NAME = Bldg_Terran_Planetary_Pivots
PARENT_ID = 33
LOCALTM 
MAT 1.0 0.0 0.0 0.0
MAT 0.0 1.0 0.0 0.0
MAT 0.0 0.0 1.0 0.0
MAT 0.0 -0.0865839 0.0705298 1.0
WORLDTM 
MAT 1.0 0.0 0.0 0.0
MAT 0.0 1.0 2.46355e-007 0.0
MAT 0.0 -2.46355e-007 1.0 0.0
MAT -0.0083368 3.46886 0.0705298 1.0
VERTEX = 9
-0.0033368 3.47386 0.0655298
-0.0033368 3.47386 0.0755298
-0.0033368 3.46386 0.0755298
-0.0033368 3.46386 0.0655298
-0.0083368 3.46936 0.0700298
-0.0083368 3.46936 0.0710298
-0.0083368 3.46836 0.0710298
-0.0083368 3.46836 0.0700298
-0.0083368 3.46886 0.0705298
INDEX = 14
4 5 7
6 7 5
1 2 5
6 5 2
0 1 4
5 4 1
7 6 3
2 3 6
4 7 0
3 0 7
8 1 0
8 2 1
8 3 2
8 0 3
FACE-NORMAL = 14
1.0 0.0 0.0
1.0 0.0 0.0
0.668965 0.0 -0.743294
0.668965 0.0 -0.743294
0.668965 -0.743294 -1.83114e-007
0.668965 -0.743294 -1.83114e-007
0.668965 0.743294 1.83114e-007
0.668965 0.743294 1.83114e-007
0.668965 -2.47194e-007 0.743294
0.668965 -2.47194e-007 0.743294
-0.707107 0.707107 1.74199e-007
-0.707107 0.0 0.707107
-0.707107 -0.707107 -1.74199e-007
-0.707107 2.41932e-007 -0.707107
BONE = 35
BONE_NAME = Bldg_Terran_Planetary_Barrels
PARENT_ID = 34
LOCALTM 
MAT 1.0 0.0 0.0 0.0
MAT 0.0 1.0 0.0 0.0
MAT 0.0 0.0 1.0 0.0
MAT 0.0 0.0 0.0 1.0
WORLDTM 
MAT 1.0 0.0 0.0 0.0
MAT 0.0 1.0 2.46355e-007 0.0
MAT 0.0 -2.46355e-007 1.0 0.0
MAT -0.0083368 3.46886 0.0705298 1.0
VERTEX = 9
-0.971688 3.49068 -1.3255
-0.971688 3.50068 -1.3255
-0.961688 3.50068 -1.3255
-0.961688 3.49068 -1.3255
-0.967188 3.49518 -1.3205
-0.967188 3.49618 -1.3205
-0.966188 3.49618 -1.3205
-0.966188 3.49518 -1.3205
-0.966688 3.49568 -1.3205
INDEX = 14
4 5 7
6 7 5
1 2 5
6 5 2
0 1 4
5 4 1
7 6 3
2 3 6
4 7 0
3 0 7
8 1 0
8 2 1
8 3 2
8 0 3
FACE-NORMAL = 14
2.22127e-006 2.46355e-007 -1.0
2.22127e-006 2.46355e-007 -1.0
2.1561e-006 -0.743294 -0.668965
2.1561e-006 -0.743294 -0.668965
0.743296 8.34954e-007 -0.668963
0.743296 8.34954e-007 -0.668963
-0.743293 -5.05349e-007 -0.668967
-0.743293 -5.05349e-007 -0.668966
8.15796e-007 0.743294 -0.668965
8.15796e-007 0.743294 -0.668965
-0.707108 -8.11724e-007 0.707105
-2.2082e-006 0.707107 0.707107
0.707105 4.63326e-007 0.707108
-9.33146e-007 -0.707107 0.707107
BONE = 36
BONE_NAME = Star2Omni07
PARENT_ID = 35
LOCALTM 
MAT 2.22127e-006 0.0 -1.0 0.0
MAT -1.0 -9.97386e-007 -2.22127e-006 0.0
MAT -9.97386e-007 1.0 0.0 0.0
MAT -0.958351 0.0268238 -1.39103 1.0
WORLDTM 
MAT 2.22127e-006 2.46355e-007 -1.0 0.0
MAT -1.0 -9.01597e-007 -2.22127e-006 0.0
MAT -9.01597e-007 1.0 2.46353e-007 0.0
MAT -0.966688 3.49568 -1.3205 1.0
VERTEX = 9
