EXPORTER_V17
ANIMATION_EXPORT
BONEOBJECT_COUNT = 138
VERTEX = 9
0.005 0.005 -0.005
0.005 0.005 0.005
0.005 -0.005 0.005
0.005 -0.005 -0.005
0.0 0.0005 -0.0005
0.0 0.0005 0.0005
0.0 -0.0005 0.0005
0.0 -0.0005 -0.0005
0.0 0.0 0.0
INDEX = 14
4 5 7
6 7 5
1 2 5
6 5 2
0 1 4
5 4 1
7 6 3
2 3 6
4 7 0
3 0 7
8 1 0
8 2 1
8 3 2
8 0 3
FACE-NORMAL = 14
1.0 0.0 0.0
1.0 0.0 0.0
0.668965 0.0 -0.743294
0.668965 0.0 -0.743294
0.668965 -0.743294 0.0
0.668965 -0.743294 0.0
0.668965 0.743294 0.0
0.668965 0.743294 0.0
0.668965 0.0 0.743294
0.668965 0.0 0.743294
-0.707107 0.707107 0.0
-0.707107 0.0 0.707107
-0.707107 -0.707107 0.0
-0.707107 0.0 -0.707107
BONE = 0
BONE_NAME = Bone_Link_Object
PARENT_ID = -1
LOCALTM 
MAT 1.0 0.0 0.0 0.0
MAT 0.0 1.0 0.0 0.0
MAT 0.0 0.0 1.0 0.0
MAT 0.0 0.0 0.0 1.0
WORLDTM 
MAT 1.0 0.0 0.0 0.0
MAT 0.0 1.0 0.0 0.0
MAT 0.0 0.0 1.0 0.0
MAT 0.0 0.0 0.0 1.0
VERTEX = 9
0.0179406 1.654 -0.793032
0.0179406 1.65401 -0.792871
0.0179406 1.65387 -0.792858
0.0179406 1.65385 -0.793019
0.0178687 1.65394 -0.792954
0.0178687 1.65394 -0.792938
0.0178687 1.65393 -0.792936
0.0178687 1.65392 -0.792953
0.0178687 1.65393 -0.792945
INDEX = 14
4 5 7
6 7 5
1 2 5
6 5 2
0 1 4
5 4 1
7 6 3
2 3 6
4 7 0
3 0 7
8 1 0
8 2 1
8 3 2
8 0 3
FACE-NORMAL = 14
1.0 0.0 0.0
1.0 0.0 0.0
0.668965 -0.0658042 -0.740376
0.668965 -0.0658042 -0.740375
0.668965 -0.740376 0.0658042
0.668965 -0.740375 0.0658042
0.668965 0.740375 -0.0658042
0.668965 0.740376 -0.0658042
0.668965 0.0658042 0.740375
0.668965 0.0658042 0.740376
-0.707107 0.70433 -0.0626006
-0.707107 0.0626006 0.70433
-0.707107 -0.70433 0.0626006
-0.707107 -0.0626006 -0.70433
BONE = 1
BONE_NAME = Bottom_Flare
PARENT_ID = 0
LOCALTM 
MAT 0.0143843 0.0 0.0 0.0
MAT 0.0 0.0143279 -0.00127345 0.0
MAT 0.0 0.00142981 0.0160871 0.0
MAT 0.0178687 1.65393 -0.792945 1.0
WORLDTM 
MAT 0.0143843 0.0 0.0 0.0
MAT 0.0 0.0143279 -0.00127345 0.0
MAT 0.0 0.00142981 0.0160871 0.0
MAT 0.0178687 1.65393 -0.792945 1.0
VERTEX = 9
-0.00333681 0.596085 -1.31217
-0.00333681 0.605148 -1.30795
-0.00333681 0.600922 -1.29889
-0.00333681 0.591859 -1.30311
-0.00833681 0.598261 -1.30619
-0.00833681 0.599168 -1.30577
-0.00833681 0.598745 -1.30487
-0.00833681 0.597839 -1.30529
-0.00833681 0.598503 -1.30553
INDEX = 14
4 5 7
6 7 5
1 2 5
6 5 2
0 1 4
5 4 1
7 6 3
2 3 6
4 7 0
3 0 7
8 1 0
8 2 1
8 3 2
8 0 3
FACE-NORMAL = 14
1.0 0.0 0.0
1.0 0.0 0.0
0.668965 -0.673653 -0.31413
0.668965 -0.673653 -0.31413
0.668965 -0.31413 0.673653
0.668965 -0.31413 0.673653
0.668965 0.31413 -0.673653
0.668965 0.31413 -0.673653
0.668965 0.673653 0.31413
0.668965 0.673653 0.31413
-0.707107 0.298836 -0.640856
-0.707107 0.640856 0.298836
-0.707107 -0.298836 0.640856
-0.707107 -0.640856 -0.298836
BONE = 2
BONE_NAME = Bldg_Terran_CommandCenter_Main
PARENT_ID = 0
LOCALTM 
MAT 1.0 0.0 0.0 0.0
MAT 0.0 0.422618 -0.906308 0.0
MAT 0.0 0.906308 0.422618 0.0
MAT -0.00833681 0.598503 -1.30553 1.0
WORLDTM 
MAT 1.0 0.0 0.0 0.0
MAT 0.0 0.422618 -0.906308 0.0
MAT 0.0 0.906308 0.422618 0.0
MAT -0.00833681 0.598503 -1.30553 1.0
VERTEX = 9
-1.60834 1.25726 1.59293
-1.60834 1.26726 1.59293
-1.60127 1.26726 1.6
-1.60127 1.25726 1.6
-1.60869 1.26176 1.59965
-1.60869 1.26276 1.59965
-1.60798 1.26276 1.60035
-1.60798 1.26176 1.60035
-1.60834 1.26226 1.6
INDEX = 14
4 5 7
6 7 5
1 2 5
6 5 2
0 1 4
5 4 1
7 6 3
2 3 6
4 7 0
3 0 7
8 1 0
8 2 1
8 3 2
8 0 3
FACE-NORMAL = 14
0.707107 1.78814e-007 -0.707107
0.707107 1.78814e-007 -0.707107
0.47303 -0.743294 -0.473029
0.47303 -0.743294 -0.47303
0.998618 2.96835e-007 0.0525589
0.998618 2.96835e-007 0.0525587
-0.0525587 0.0 -0.998618
-0.0525588 0.0 -0.998618
0.473029 0.743294 -0.47303
0.473029 0.743294 -0.47303
-1.0 -2.95028e-007 0.0
-0.5 0.707107 0.5
0.0 0.0 1.0
-0.5 -0.707107 0.5
BONE = 3
BONE_NAME = Bldg_Terran_CommandCenter_Joint_04
PARENT_ID = 2
LOCALTM 
MAT 0.707107 0.640856 -0.298836 0.0
MAT -0.707107 0.640857 -0.298837 0.0
MAT -2.98023e-007 0.422618 0.906308 0.0
MAT -1.6 -2.35279 1.8295 1.0
WORLDTM 
MAT 0.707107 1.78814e-007 -0.707107 0.0
MAT -0.707107 -2.38419e-007 -0.707107 0.0
MAT -2.98023e-007 1.0 0.0 0.0
MAT -1.60834 1.26226 1.6 1.0
VERTEX = 9
-1.60695 0.714442 1.59154
-1.611 0.722633 1.5956
-1.60393 0.722633 1.60267
-1.59988 0.714442 1.59861
-1.60849 0.71526 1.59944
-1.60889 0.716079 1.59985
-1.60819 0.716079 1.60056
-1.60778 0.71526 1.60015
-1.60834 0.71567 1.6
INDEX = 14
4 5 7
6 7 5
1 2 5
6 5 2
0 1 4
5 4 1
7 6 3
2 3 6
4 7 0
3 0 7
8 1 0
8 2 1
8 3 2
8 0 3
FACE-NORMAL = 14
0.579228 0.573577 -0.579228
0.579228 0.573577 -0.579228
0.688948 -0.225168 -0.688948
0.688948 -0.225168 -0.688948
0.913071 0.383703 0.138105
0.913071 0.383703 0.138105
-0.138105 0.383702 -0.913072
-0.138105 0.383702 -0.913072
0.0860174 0.992573 -0.0860182
0.0860173 0.992573 -0.0860181
-0.909576 -0.40558 -0.0904241
-0.696365 0.173648 0.696364
0.090424 -0.40558 0.909576
-0.122787 -0.984808 0.122788
BONE = 4
BONE_NAME = Bldg_Terran_CommandCenter_Foot_03
PARENT_ID = 3
LOCALTM 
MAT 0.819152 0.0 0.573576 0.0
MAT 2.38419e-007 1.0 -2.23517e-007 0.0
MAT -0.573576 4.18701e-007 0.819152 0.0
MAT -2.38419e-007 0.0 -0.546589 1.0
WORLDTM 
MAT 0.579227 0.573576 -0.579228 0.0
MAT -0.707107 -4.61936e-007 -0.707107 0.0
MAT -0.40558 0.819151 0.405579 0.0
MAT -1.60834 0.71567 1.6 1.0
VERTEX = 9
-1.61411 1.25603 1.5893
-1.62118 1.25603 1.59637
-1.63113 1.25603 1.58642
-1.62406 1.25603 1.57935
-1.62177 1.26103 1.588
-1.62248 1.26103 1.58871
-1.62347 1.26103 1.58771
-1.62277 1.26103 1.58701
-1.62262 1.26103 1.58786
INDEX = 14
4 5 7
6 7 5
1 2 5
6 5 2
0 1 4
5 4 1
7 6 3
2 3 6
4 7 0
3 0 7
8 1 0
8 2 1
8 3 2
8 0 3
FACE-NORMAL = 14
3.78424e-007 -1.0 2.29413e-007
3.78424e-007 -1.0 2.29413e-007
0.525589 -0.668965 -0.525588
0.525589 -0.668965 -0.525588
-0.525588 -0.668965 -0.525588
-0.525588 -0.668965 -0.525588
0.525588 -0.668965 0.525589
0.525588 -0.668964 0.525589
-0.525588 -0.668965 0.525588
-0.525588 -0.668965 0.525589
0.5 0.707107 0.5
-0.5 0.707107 0.5
-0.5 0.707107 -0.5
0.5 0.707107 -0.5
BONE = 5
BONE_NAME = Vol_Target 06
PARENT_ID = 3
LOCALTM 
MAT 0.0 -1.76925e-007 -1.0 0.0
MAT -5.36442e-007 -1.40709 0.0 0.0
MAT -1.0 2.08616e-007 4.17233e-007 0.0
MAT -0.0015142 0.0186889 -0.00122774 1.0
WORLDTM 
MAT 3.78424e-007 -1.0 2.29413e-007 0.0
MAT 0.994966 3.03549e-007 0.994967 0.0
MAT -0.707107 2.38419e-007 0.707106 0.0
MAT -1.62262 1.26103 1.58786 1.0
VERTEX = 9
-1.60127 1.25726 -1.6
-1.60127 1.26726 -1.6
-1.60834 1.26726 -1.59293
-1.60834 1.25726 -1.59293
-1.60798 1.26176 -1.60035
-1.60798 1.26276 -1.60035
-1.60869 1.26276 -1.59965
-1.60869 1.26176 -1.59965
-1.60834 1.26226 -1.6
INDEX = 14
4 5 7
6 7 5
1 2 5
6 5 2
0 1 4
5 4 1
7 6 3
2 3 6
4 7 0
3 0 7
8 1 0
8 2 1
8 3 2
8 0 3
FACE-NORMAL = 14
0.707107 0.0 0.707107
0.707107 0.0 0.707107
0.47303 -0.743294 0.47303
0.47303 -0.743294 0.47303
-0.0525587 1.26266e-007 0.998618
-0.0525585 1.26266e-007 0.998618
0.998618 0.0 -0.0525588
0.998618 0.0 -0.052559
0.47303 0.743294 0.473029
0.47303 0.743294 0.473029
-1.78814e-007 -1.26441e-007 -1.0
-0.5 0.707107 -0.5
-1.0 0.0 2.08616e-007
-0.5 -0.707107 -0.5
BONE = 6
BONE_NAME = Bldg_Terran_CommandCenter_Joint_03
PARENT_ID = 2
LOCALTM 
MAT 0.707107 -0.640856 0.298836 0.0
MAT 0.707107 0.640857 -0.298836 0.0
MAT 0.0 0.422618 0.906308 0.0
MAT -1.6 0.547395 0.477119 1.0
WORLDTM 
MAT 0.707107 0.0 0.707107 0.0
MAT 0.707107 0.0 -0.707107 0.0
MAT 0.0 1.0 0.0 0.0
MAT -1.60834 1.26226 -1.6 1.0
VERTEX = 9
-1.59988 0.714442 -1.59861
-1.60393 0.722633 -1.60267
-1.611 0.722633 -1.5956
-1.60695 0.714442 -1.59154
-1.60778 0.71526 -1.60015
-1.60819 0.716079 -1.60056
-1.60889 0.716079 -1.59985
-1.60849 0.71526 -1.59944
-1.60834 0.71567 -1.6
INDEX = 14
4 5 7
6 7 5
1 2 5
6 5 2
0 1 4
5 4 1
7 6 3
2 3 6
4 7 0
3 0 7
8 1 0
8 2 1
8 3 2
8 0 3
FACE-NORMAL = 14
0.579228 0.573577 0.579228
0.579228 0.573577 0.579228
0.688948 -0.225168 0.688948
0.688948 -0.225168 0.688949
-0.138105 0.383703 0.913071
-0.138105 0.383703 0.913071
0.913072 0.383702 -0.138105
0.913072 0.383702 -0.138105
0.0860184 0.992573 0.0860175
0.0860183 0.992573 0.0860174
0.0904239 -0.40558 -0.909576
-0.696364 0.173648 -0.696365
-0.909576 -0.405579 0.090424
-0.122788 -0.984808 -0.122787
BONE = 7
BONE_NAME = Bldg_Terran_CommandCenter_Foot_04
PARENT_ID = 6
LOCALTM 
MAT 0.819152 0.0 0.573577 0.0
MAT 3.57628e-007 1.0 -5.81145e-007 0.0
MAT -0.573577 6.93271e-007 0.819152 0.0
MAT -7.15256e-007 2.72878e-007 -0.546589 1.0
WORLDTM 
MAT 0.579228 0.573577 0.579228 0.0
MAT 0.707107 -6.70552e-007 -0.707107 0.0
MAT -0.405579 0.819152 -0.40558 0.0
MAT -1.60834 0.71567 -1.6 1.0
VERTEX = 9
-1.80352 1.70337 -1.79597
-1.81059 1.70337 -1.7889
-1.80706 1.69471 -1.78536
-1.79999 1.69471 -1.79243
-1.80818 1.69698 -1.79426
-1.80888 1.69698 -1.79355
-1.80853 1.69611 -1.7932
-1.80782 1.69611 -1.7939
-1.80835 1.69654 -1.79373
INDEX = 14
4 5 7
6 7 5
1 2 5
6 5 2
0 1 4
5 4 1
7 6 3
2 3 6
4 7 0
3 0 7
8 1 0
8 2 1
8 3 2
8 0 3
FACE-NORMAL = 14
0.612372 0.5 0.612373
0.612372 0.5 0.612373
0.935244 0.334482 -0.115933
0.935244 0.334482 -0.115933
0.672449 -0.309229 0.67245
0.67245 -0.309229 0.67245
0.146861 0.978194 0.146861
0.146861 0.978194 0.146861
-0.115933 0.334483 0.935244
-0.115933 0.334483 0.935244
-0.683012 0.258819 -0.683013
-0.933013 -0.353553 0.0669874
-0.183013 -0.965926 -0.183013
0.0669874 -0.353554 -0.933013
BONE = 8
BONE_NAME = Hazard light
PARENT_ID = 6
LOCALTM 
MAT 0.866026 -3.89238e-007 0.5 0.0
MAT -0.5 3.47581e-007 0.866026 0.0
MAT 0.0 -0.999999 3.12924e-007 0.0
MAT -0.27842 -0.00444641 0.434284 1.0
WORLDTM 
MAT 0.612372 0.5 0.612373 0.0
MAT -0.353553 0.866026 -0.353554 0.0
MAT -0.707106 4.02331e-007 0.707107 0.0
MAT -1.80835 1.69654 -1.79373 1.0
VERTEX = 9
-1.81986 1.76491 -1.82046
-1.83509 1.76491 -1.80524
-1.82747 1.74626 -1.79762
-1.81225 1.74626 -1.81285
-1.82988 1.75114 -1.81678
-1.8314 1.75114 -1.81525
-1.83064 1.74927 -1.81449
-1.82912 1.74927 -1.81602
-1.83026 1.7502 -1.81563
INDEX = 14
4 5 7
6 7 5
1 2 5
6 5 2
0 1 4
5 4 1
7 6 3
2 3 6
4 7 0
3 0 7
8 1 0
8 2 1
8 3 2
8 0 3
FACE-NORMAL = 14
0.612372 0.5 0.612373
0.612372 0.5 0.612373
0.935244 0.334482 -0.115933
0.935244 0.334482 -0.115933
0.672449 -0.309229 0.67245
0.672449 -0.309229 0.67245
0.146862 0.978194 0.146861
0.146861 0.978194 0.146861
-0.115933 0.334483 0.935244
-0.115933 0.334483 0.935244
-0.683012 0.258819 -0.683013
-0.933013 -0.353553 0.0669872
-0.183013 -0.965926 -0.183012
0.0669873 -0.353554 -0.933013
BONE = 9
BONE_NAME = Star2PartSpinn
PARENT_ID = 8
LOCALTM 
MAT 2.15313 0.0 0.0 0.0
MAT 0.0 2.15313 -4.41433e-007 0.0
MAT -2.98023e-007 2.29859e-007 2.15313 0.0
MAT 2.38419e-007 0.0619621 0.0 1.0
WORLDTM 
MAT 1.31852 1.07656 1.31852 0.0
MAT -0.761245 1.86466 -0.761247 0.0
MAT -1.52249 9.53674e-007 1.52249 0.0
MAT -1.83026 1.7502 -1.81563 1.0
VERTEX = 9
-1.81566 1.75462 -1.81626
-1.83088 1.75462 -1.80103
-1.82327 1.73597 -1.79342
-1.80805 1.73597 -1.80865
-1.82568 1.74084 -1.81258
-1.8272 1.74084 -1.81105
-1.82644 1.73898 -1.81029
-1.82492 1.73898 -1.81181
-1.82606 1.73991 -1.81143
INDEX = 14
4 5 7
6 7 5
1 2 5
6 5 2
0 1 4
5 4 1
7 6 3
2 3 6
4 7 0
3 0 7
8 1 0
8 2 1
8 3 2
8 0 3
FACE-NORMAL = 14
0.612372 0.5 0.612373
0.612372 0.5 0.612373
0.935244 0.334482 -0.115933
0.935244 0.334482 -0.115933
0.672449 -0.309229 0.67245
0.672449 -0.309229 0.67245
0.146862 0.978194 0.146861
0.146861 0.978194 0.146861
-0.115933 0.334483 0.935244
-0.115933 0.334483 0.935244
-0.683012 0.258819 -0.683013
-0.933013 -0.353553 0.0669872
-0.183013 -0.965926 -0.183012
0.0669873 -0.353554 -0.933013
BONE = 10
BONE_NAME = Star2Part02
PARENT_ID = 8
LOCALTM 
MAT 2.15313 0.0 0.0 0.0
MAT 0.0 2.15313 -4.41433e-007 0.0
MAT -2.98023e-007 2.29859e-007 2.15313 0.0
MAT 2.38419e-007 0.0500789 1.2666e-007 1.0
WORLDTM 
MAT 1.31852 1.07656 1.31852 0.0
MAT -0.761245 1.86466 -0.761247 0.0
MAT -1.52249 9.53674e-007 1.52249 0.0
MAT -1.82606 1.73991 -1.81143 1.0
VERTEX = 9
-1.61955 1.25603 -1.61384
-1.62666 1.25603 -1.62088
-1.61677 1.25603 -1.63088
-1.60966 1.25603 -1.62385
-1.6183 1.26103 -1.62151
-1.61901 1.26103 -1.62221
-1.61802 1.26103 -1.62321
-1.61731 1.26103 -1.62251
-1.61816 1.26103 -1.62236
INDEX = 14
4 5 7
6 7 5
1 2 5
6 5 2
0 1 4
5 4 1
7 6 3
2 3 6
4 7 0
3 0 7
8 1 0
8 2 1
8 3 2
8 0 3
FACE-NORMAL = 14
-3.7819e-007 -1.0 -2.38201e-007
-3.7819e-007 -1.0 -2.38201e-007
0.528421 -0.668965 0.522741
0.528421 -0.668965 0.522741
0.52274 -0.668965 -0.528421
0.52274 -0.668965 -0.528421
-0.522741 -0.668965 0.528421
-0.522741 -0.668965 0.528421
-0.528421 -0.668965 -0.522741
-0.528421 -0.668965 -0.522741
-0.49729 0.707107 0.502695
-0.502694 0.707107 -0.497291
0.497291 0.707107 -0.502695
0.502695 0.707107 0.497291
BONE = 11
BONE_NAME = Vol_Target 07
PARENT_ID = 6
LOCALTM 
MAT -5.41222e-007 0.0 -1.0 0.0
MAT 0.00760359 -1.40707 5.31482e-007 0.0
MAT -0.999985 -0.00540346 -1.79299e-007 0.0
MAT -0.022758 0.00886619 -0.00122762 1.0
WORLDTM 
MAT -3.7819e-007 -1.0 -2.38201e-007 0.0
MAT -0.989575 6.57964e-007 1.00033 0.0
MAT -0.710917 -2.68221e-007 -0.703275 0.0
MAT -1.61816 1.26103 -1.62236 1.0
VERTEX = 9
1.59166 1.25726 -1.59293
1.59166 1.26726 -1.59293
1.58459 1.26726 -1.6
1.58459 1.25726 -1.6
1.59202 1.26176 -1.59965
1.59202 1.26276 -1.59965
1.59131 1.26276 -1.60035
1.59131 1.26176 -1.60035
1.59166 1.26226 -1.6
INDEX = 14
4 5 7
6 7 5
1 2 5
6 5 2
0 1 4
5 4 1
7 6 3
2 3 6
4 7 0
3 0 7
8 1 0
8 2 1
8 3 2
8 0 3
FACE-NORMAL = 14
-0.707107 0.0 0.707107
-0.707107 0.0 0.707107
-0.473029 -0.743294 0.47303
-0.47303 -0.743294 0.47303
-0.998618 -2.01582e-007 -0.0525591
-0.998618 -2.01582e-007 -0.052559
0.0525584 2.41456e-007 0.998618
0.0525586 2.41456e-007 0.998618
-0.47303 0.743294 0.473029
-0.47303 0.743294 0.473029
1.0 1.89661e-007 2.68221e-007
0.5 0.707107 -0.5
2.68221e-007 -2.31808e-007 -1.0
0.5 -0.707107 -0.5
BONE = 12
BONE_NAME = Bldg_Terran_CommandCenter_Joint_01
PARENT_ID = 2
LOCALTM 
MAT -0.707107 -0.640856 0.298836 0.0
MAT 0.707107 -0.640857 0.298837 0.0
MAT -2.08616e-007 0.422619 0.906308 0.0
MAT 1.6 0.547395 0.477118 1.0
WORLDTM 
MAT -0.707107 0.0 0.707106 0.0
MAT 0.707107 2.98023e-007 0.707107 0.0
MAT -2.08616e-007 1.0 -2.38419e-007 0.0
MAT 1.59166 1.26226 -1.6 1.0
VERTEX = 9
1.59027 0.714442 -1.59154
1.59433 0.722633 -1.5956
1.58726 0.722633 -1.60267
1.5832 0.714442 -1.59861
1.59181 0.71526 -1.59944
1.59222 0.716079 -1.59985
1.59151 0.716079 -1.60056
1.59111 0.71526 -1.60015
1.59166 0.715669 -1.6
INDEX = 14
4 5 7
6 7 5
1 2 5
6 5 2
0 1 4
5 4 1
7 6 3
2 3 6
4 7 0
3 0 7
8 1 0
8 2 1
8 3 2
8 0 3
FACE-NORMAL = 14
-0.579228 0.573577 0.579228
-0.579228 0.573577 0.579228
-0.688948 -0.225168 0.688948
-0.688948 -0.225168 0.688948
-0.913071 0.383702 -0.138106
-0.913071 0.383702 -0.138105
0.138105 0.383703 0.913071
0.138105 0.383703 0.913071
-0.0860182 0.992573 0.0860179
-0.0860181 0.992573 0.0860178
0.909576 -0.40558 0.0904243
0.696364 0.173648 -0.696364
-0.0904236 -0.40558 -0.909576
0.122788 -0.984808 -0.122788
BONE = 13
BONE_NAME = Bldg_Terran_CommandCenter_Foot_01
PARENT_ID = 12
LOCALTM 
MAT 0.819152 0.0 0.573576 0.0
MAT 1.19209e-007 1.0 -1.45286e-007 0.0
MAT -0.573577 1.39726e-007 0.819152 0.0
MAT 0.0 1.84868e-007 -0.546589 1.0
WORLDTM 
MAT -0.579228 0.573576 0.579228 0.0
MAT 0.707106 1.52737e-007 0.707107 0.0
MAT 0.40558 0.819152 -0.40558 0.0
MAT 1.59166 0.715669 -1.6 1.0
VERTEX = 9
1.78664 1.70584 -1.79563
1.77957 1.70584 -1.8027
1.77603 1.69718 -1.79916
1.7831 1.69718 -1.79209
1.78493 1.69944 -1.80028
1.78422 1.69944 -1.80099
1.78387 1.69858 -1.80063
1.78457 1.69858 -1.79992
1.7844 1.69901 -1.80046
INDEX = 14
4 5 7
6 7 5
1 2 5
6 5 2
0 1 4
5 4 1
7 6 3
2 3 6
4 7 0
3 0 7
8 1 0
8 2 1
8 3 2
8 0 3
FACE-NORMAL = 14
-0.612372 0.5 0.612373
-0.612372 0.5 0.612373
0.115933 0.334482 0.935244
0.115933 0.334482 0.935244
-0.67245 -0.309229 0.67245
-0.67245 -0.309229 0.67245
-0.146861 0.978194 0.146862
-0.146861 0.978194 0.146862
-0.935244 0.334483 -0.115933
-0.935244 0.334483 -0.115933
0.683013 0.258819 -0.683013
-0.0669873 -0.353553 -0.933013
0.183013 -0.965926 -0.183013
0.933013 -0.353554 0.0669873
BONE = 14
BONE_NAME = Hazard light01
PARENT_ID = 12
LOCALTM 
MAT 0.866025 7.54097e-007 0.5 0.0
MAT -0.5 3.03554e-007 0.866025 0.0
MAT 0.0 -1.0 4.05358e-007 0.0
MAT -0.278027 -0.00545941 0.436752 1.0
WORLDTM 
MAT -0.612372 0.5 0.612372 0.0
MAT 0.353553 0.866025 -0.353553 0.0
MAT -0.707107 0.0 -0.707107 0.0
MAT 1.7844 1.69901 -1.80046 1.0
VERTEX = 9
1.81113 1.76738 -1.81196
1.79591 1.76738 -1.82719
1.78829 1.74873 -1.81958
1.80352 1.74873 -1.80435
1.80745 1.7536 -1.82198
1.80592 1.7536 -1.8235
1.80516 1.75174 -1.82274
1.80668 1.75174 -1.82122
1.8063 1.75267 -1.82236
INDEX = 14
4 5 7
6 7 5
1 2 5
6 5 2
0 1 4
5 4 1
7 6 3
2 3 6
4 7 0
3 0 7
8 1 0
8 2 1
8 3 2
8 0 3
FACE-NORMAL = 14
-0.612372 0.5 0.612373
-0.612372 0.5 0.612373
0.115933 0.334482 0.935244
0.115933 0.334483 0.935244
-0.672449 -0.309229 0.67245
-0.672449 -0.309229 0.67245
-0.146861 0.978194 0.146862
-0.146861 0.978194 0.146862
-0.935244 0.334483 -0.115933
-0.935244 0.334483 -0.115933
0.683012 0.258819 -0.683013
-0.0669874 -0.353553 -0.933013
0.183012 -0.965926 -0.183014
0.933013 -0.353554 0.0669874
BONE = 15
BONE_NAME = Star2PartSpinn01
PARENT_ID = 14
LOCALTM 
MAT 2.15313 4.17233e-007 -1.53838e-006 0.0
MAT 5.36442e-007 2.15313 -6.12628e-007 0.0
MAT -1.66893e-006 0.0 2.15313 0.0
MAT 0.0 0.0619617 1.37836e-007 1.0
WORLDTM 
MAT -1.31851 1.07656 1.31852 0.0
MAT 0.761245 1.86466 -0.761243 0.0
MAT -1.52249 -7.15256e-007 -1.52249 0.0
MAT 1.8063 1.75267 -1.82236 1.0
VERTEX = 9
1.80693 1.75709 -1.80776
1.7917 1.75709 -1.82299
1.78409 1.73844 -1.81537
1.79932 1.73844 -1.80015
1.80325 1.74331 -1.81778
1.80172 1.74331 -1.8193
1.80096 1.74145 -1.81854
1.80248 1.74145 -1.81702
1.8021 1.74238 -1.81816
INDEX = 14
4 5 7
6 7 5
1 2 5
6 5 2
0 1 4
5 4 1
7 6 3
2 3 6
4 7 0
3 0 7
8 1 0
8 2 1
8 3 2
8 0 3
FACE-NORMAL = 14
-0.612372 0.5 0.612373
-0.612372 0.5 0.612373
0.115933 0.334482 0.935244
0.115933 0.334483 0.935244
-0.672449 -0.309229 0.67245
-0.672449 -0.309229 0.67245
-0.146861 0.978194 0.146862
-0.146861 0.978194 0.146862
-0.935244 0.334483 -0.115933
-0.935244 0.334483 -0.115933
0.683012 0.258819 -0.683013
-0.0669874 -0.353553 -0.933013
0.183012 -0.965926 -0.183014
0.933013 -0.353554 0.0669874
BONE = 16
BONE_NAME = Star2Part03
PARENT_ID = 14
LOCALTM 
MAT 2.15313 4.17233e-007 -1.53838e-006 0.0
MAT 5.36442e-007 2.15313 -6.12628e-007 0.0
MAT -1.66893e-006 0.0 2.15313 0.0
MAT -1.19209e-007 0.0500793 0.0 1.0
WORLDTM 
MAT -1.31851 1.07656 1.31852 0.0
MAT 0.761245 1.86466 -0.761243 0.0
MAT -1.52249 -7.15256e-007 -1.52249 0.0
MAT 1.8021 1.74238 -1.81816 1.0
VERTEX = 9
1.57601 1.25603 -1.61048
1.58315 1.25603 -1.61748
1.593 1.25603 -1.60744
1.58586 1.25603 -1.60043
1.58365 1.26103 -1.60911
1.58437 1.26103 -1.60981
1.58535 1.26103 -1.60881
1.58464 1.26103 -1.60811
1.5845 1.26103 -1.60896
INDEX = 14
4 5 7
6 7 5
1 2 5
6 5 2
0 1 4
5 4 1
7 6 3
2 3 6
4 7 0
3 0 7
8 1 0
8 2 1
8 3 2
8 0 3
FACE-NORMAL = 14
0.0 -1.0 1.80305e-007
0.0 -1.0 1.80305e-007
-0.530711 -0.668965 0.520415
-0.530711 -0.668965 0.520415
0.520415 -0.668965 0.530711
0.520415 -0.668965 0.530711
-0.520415 -0.668965 -0.530711
-0.520415 -0.668965 -0.530711
0.530711 -0.668965 -0.520415
0.530711 -0.668965 -0.520415
-0.495079 0.707107 -0.504873
0.504873 0.707107 -0.495079
0.495079 0.707107 0.504873
-0.504873 0.707107 0.495079
BONE = 17
BONE_NAME = Vol_Target 10
PARENT_ID = 12
LOCALTM 
MAT 0.0 -1.24966e-007 -1.0 0.0
MAT -0.013781 -1.40703 2.2604e-007 0.0
MAT -0.999952 0.009794 3.54707e-007 0.0
MAT -0.00127172 -0.0113974 -0.00122738 1.0
WORLDTM 
MAT 0.0 -1.0 1.80305e-007 0.0
MAT -0.985173 -1.93697e-007 -1.00466 0.0
MAT 0.713998 3.27826e-007 -0.700147 0.0
MAT 1.5845 1.26103 -1.60896 1.0
VERTEX = 9
1.58459 1.25726 1.6
1.58459 1.26726 1.6
1.59166 1.26726 1.59293
1.59166 1.25726 1.59293
1.59131 1.26176 1.60035
1.59131 1.26276 1.60035
1.59202 1.26276 1.59965
1.59202 1.26176 1.59965
1.59166 1.26226 1.6
INDEX = 14
4 5 7
6 7 5
1 2 5
6 5 2
0 1 4
5 4 1
7 6 3
2 3 6
4 7 0
3 0 7
8 1 0
8 2 1
8 3 2
8 0 3
FACE-NORMAL = 14
-0.707107 -2.08616e-007 -0.707107
-0.707107 -2.08616e-007 -0.707107
-0.473029 -0.743294 -0.47303
-0.473029 -0.743294 -0.47303
0.0525592 0.0 -0.998618
0.0525591 0.0 -0.998618
-0.998618 -2.72468e-007 0.0525582
-0.998618 -2.72468e-007 0.0525584
-0.47303 0.743294 -0.47303
-0.473029 0.743294 -0.47303
-3.8743e-007 0.0 1.0
0.5 0.707107 0.5
1.0 2.73954e-007 4.17232e-007
0.5 -0.707107 0.5
BONE = 18
BONE_NAME = Bldg_Terran_CommandCenter_Joint_02
PARENT_ID = 2
LOCALTM 
MAT -0.707106 0.640857 -0.298836 0.0
MAT -0.707107 -0.640856 0.298836 0.0
MAT -2.38419e-007 0.422618 0.906308 0.0
MAT 1.6 -2.35279 1.8295 1.0
WORLDTM 
MAT -0.707106 -2.08616e-007 -0.707107 0.0
MAT -0.707107 -1.78814e-007 0.707106 0.0
MAT -2.38419e-007 1.0 0.0 0.0
MAT 1.59166 1.26226 1.6 1.0
VERTEX = 9
1.5832 0.714442 1.59861
1.58726 0.722633 1.60267
1.59433 0.722633 1.5956
1.59027 0.714442 1.59154
1.59111 0.71526 1.60015
1.59151 0.716079 1.60056
1.59222 0.716079 1.59985
1.59181 0.71526 1.59944
1.59166 0.71567 1.6
INDEX = 14
4 5 7
6 7 5
1 2 5
6 5 2
0 1 4
5 4 1
7 6 3
2 3 6
4 7 0
3 0 7
8 1 0
8 2 1
8 3 2
8 0 3
FACE-NORMAL = 14
-0.579228 0.573576 -0.579228
-0.579228 0.573576 -0.579228
-0.688948 -0.225169 -0.688948
-0.688948 -0.225169 -0.688948
0.138106 0.383703 -0.913071
0.138105 0.383703 -0.913071
-0.913072 0.383702 0.138105
-0.913072 0.383702 0.138105
-0.0860183 0.992573 -0.0860181
-0.0860182 0.992573 -0.086018
-0.0904243 -0.40558 0.909576
0.696364 0.173648 0.696365
0.909576 -0.40558 -0.0904237
0.122788 -0.984808 0.122788
BONE = 19
BONE_NAME = Bldg_Terran_CommandCenter_Foot_02
PARENT_ID = 18
LOCALTM 
MAT 0.819152 0.0 0.573576 0.0
MAT 0.0 1.0 0.0 0.0
MAT -0.573577 0.0 0.819152 0.0
MAT -4.76837e-007 3.18978e-007 -0.546589 1.0
WORLDTM 
MAT -0.579228 0.573576 -0.579228 0.0
MAT -0.707107 -1.82539e-007 0.707106 0.0
MAT 0.405579 0.819152 0.40558 0.0
MAT 1.59166 0.71567 1.6 1.0
VERTEX = 9
1.60822 1.25603 1.60382
1.61516 1.25603 1.61102
1.60503 1.25603 1.62079
1.59809 1.25603 1.61359
1.60678 1.26103 1.61146
1.60748 1.26103 1.61218
1.60647 1.26103 1.61315
1.60577 1.26103 1.61243
1.60662 1.26103 1.61231
INDEX = 14
4 5 7
6 7 5
1 2 5
6 5 2
0 1 4
5 4 1
7 6 3
2 3 6
4 7 0
3 0 7
8 1 0
8 2 1
8 3 2
8 0 3
FACE-NORMAL = 14
0.0 -1.0 4.98375e-007
0.0 -1.0 4.98375e-007
-0.515919 -0.668965 -0.535082
-0.515919 -0.668965 -0.535082
-0.535083 -0.668964 0.51592
-0.535083 -0.668965 0.51592
0.535083 -0.668965 -0.515919
0.535083 -0.668965 -0.515919
0.515919 -0.668965 0.535083
0.515919 -0.668964 0.535083
0.509032 0.707107 -0.490802
0.490802 0.707107 0.509032
-0.509032 0.707107 0.490801
-0.490802 0.707107 -0.509033
BONE = 20
BONE_NAME = Vol_Target 08
PARENT_ID = 18
LOCALTM 
MAT -1.68218e-007 4.94444e-007 -1.0 0.0
MAT -0.0256513 -1.40686 -6.60793e-007 0.0
MAT -0.999834 0.0182302 1.59757e-007 0.0
MAT -0.0192809 -0.0018785 -0.00122738 1.0
WORLDTM 
MAT 0.0 -1.0 4.98375e-007 0.0
MAT 1.01294 -4.03875e-007 -0.976662 0.0
MAT 0.694098 3.65079e-007 0.71988 0.0
MAT 1.60662 1.26103 1.61231 1.0
VERTEX = 9
-0.00333681 0.603048 -1.06446
-0.00333681 0.60392 -1.0545
-0.00333681 0.593958 -1.05363
-0.00333681 0.593086 -1.06359
-0.00833681 0.598958 -1.05959
-0.00833681 0.599045 -1.05859
-0.00833681 0.598049 -1.0585
-0.00833681 0.597961 -1.0595
-0.00833681 0.598503 -1.05904
INDEX = 14
4 5 7
6 7 5
1 2 5
6 5 2
0 1 4
5 4 1
7 6 3
2 3 6
4 7 0
3 0 7
8 1 0
8 2 1
8 3 2
8 0 3
FACE-NORMAL = 14
1.0 0.0 0.0
1.0 0.0 0.0
0.668965 -0.0647825 -0.740466
0.668965 -0.0647825 -0.740466
0.668965 -0.740466 0.0647825
0.668965 -0.740466 0.0647825
0.668965 0.740466 -0.0647825
0.668965 0.740466 -0.0647825
0.668965 0.0647825 0.740466
0.668965 0.0647825 0.740466
-0.707107 0.704416 -0.0616286
-0.707107 0.0616286 0.704416
-0.707107 -0.704416 0.0616286
-0.707107 -0.0616286 -0.704416
BONE = 21
BONE_NAME = Bldg_Terran_CommandCenter_Ramp
PARENT_ID = 2
LOCALTM 
MAT 1.0 0.0 0.0 0.0
MAT 0.0 0.5 0.866026 0.0
MAT 0.0 -0.866026 0.5 0.0
MAT 0.0 -0.223392 0.104169 1.0
WORLDTM 
MAT 1.0 0.0 0.0 0.0
MAT 0.0 0.996195 -0.087156 0.0
MAT 0.0 0.087156 0.996195 0.0
MAT -0.00833681 0.598503 -1.05904 1.0
VERTEX = 9
-0.00377787 2.04536 -0.00455869
-0.00377787 2.04536 0.00455916
-0.00377787 2.03625 0.00455917
-0.00377787 2.03625 -0.00455869
-0.00833679 2.04126 -0.000455654
-0.00833679 2.04126 0.000456131
-0.00833679 2.04035 0.000456131
-0.00833679 2.04035 -0.000455654
-0.00833679 2.0408 2.38419e-007
INDEX = 14
4 5 7
6 7 5
1 2 5
6 5 2
0 1 4
5 4 1
7 6 3
2 3 6
4 7 0
3 0 7
8 1 0
8 2 1
8 3 2
8 0 3
FACE-NORMAL = 14
1.0 0.0 0.0
1.0 0.0 0.0
0.668965 -1.99367e-007 -0.743294
0.668965 -1.99367e-007 -0.743294
0.668965 -0.743294 1.99367e-007
0.668965 -0.743294 1.99367e-007
0.668965 0.743294 -1.99367e-007
0.668965 0.743294 -1.99367e-007
0.668965 1.99367e-007 0.743294
0.668965 1.99367e-007 0.743294
-0.707107 0.707107 -1.89661e-007
-0.707107 1.89661e-007 0.707107
-0.707107 -0.707107 1.89661e-007
-0.707107 -1.89661e-007 -0.707107
BONE = 22
BONE_NAME = Bldg_Terran_Comstat_DishBase
PARENT_ID = 2
LOCALTM 
MAT 0.911785 0.0 0.0 0.0
MAT 0.0 0.385337 0.826358 0.0
MAT 0.0 -0.826358 0.385337 0.0
MAT 0.0 -0.57367 1.85891 1.0
WORLDTM 
MAT 0.911785 0.0 0.0 0.0
MAT 0.0 0.911785 -2.4456e-007 0.0
MAT 0.0 2.4456e-007 0.911785 0.0
MAT -0.00833679 2.0408 2.38419e-007 1.0
VERTEX = 9
-0.00333679 1.62538 -0.816388
-0.00333679 1.62538 -0.806388
-0.00333679 1.61538 -0.806388
-0.00333679 1.61538 -0.816388
-0.00833679 1.62088 -0.811889
-0.00833679 1.62088 -0.810888
-0.00833679 1.61988 -0.810888
-0.00833679 1.61988 -0.811889
-0.00833679 1.62038 -0.811388
INDEX = 14
4 5 7
6 7 5
1 2 5
6 5 2
0 1 4
5 4 1
7 6 3
2 3 6
4 7 0
3 0 7
8 1 0
8 2 1
8 3 2
8 0 3
FACE-NORMAL = 14
1.0 0.0 0.0
1.0 0.0 0.0
0.668965 1.55063e-007 -0.743294
0.668965 1.55063e-007 -0.743294
0.668965 -0.743294 -1.55063e-007
0.668965 -0.743294 -1.55063e-007
0.668965 0.743294 1.55063e-007
0.668965 0.743294 1.55063e-007
0.668965 -1.55063e-007 0.743294
0.668965 -1.55063e-007 0.743294
-0.707107 0.707107 1.47514e-007
-0.707107 -1.47514e-007 0.707107
-0.707107 -0.707107 -1.47514e-007
-0.707107 1.47514e-007 -0.707107
BONE = 23
BONE_NAME = Bldg_Terran_Comstat_Front
PARENT_ID = 22
LOCALTM 
MAT 1.09675 0.0 0.0 0.0
MAT 0.0 1.09675 5.22971e-007 0.0
MAT 0.0 -5.22971e-007 1.09675 0.0
MAT 0.0 -0.461102 -0.88989 1.0
WORLDTM 
MAT 1.0 0.0 0.0 0.0
MAT 0.0 1.0 2.08616e-007 0.0
MAT 0.0 -2.08616e-007 1.0 0.0
MAT -0.00833679 1.62038 -0.811388 1.0
VERTEX = 9
-0.00333679 2.71935 -0.00499976
-0.00333679 2.71935 0.00500024
-0.00333679 2.70935 0.00500024
-0.00333679 2.70935 -0.00499976
-0.00833679 2.71485 -0.000499761
-0.00833679 2.71485 0.000500239
-0.00833679 2.71385 0.000500238
-0.00833679 2.71385 -0.000499762
-0.00833679 2.71435 2.38419e-007
INDEX = 14
4 5 7
6 7 5
1 2 5
6 5 2
0 1 4
5 4 1
7 6 3
2 3 6
4 7 0
3 0 7
8 1 0
8 2 1
8 3 2
8 0 3
FACE-NORMAL = 14
1.0 0.0 0.0
1.0 0.0 0.0
0.668965 5.09494e-007 -0.743294
0.668965 5.09493e-007 -0.743294
0.668965 -0.743294 -5.09494e-007
0.668965 -0.743294 -5.09493e-007
0.668965 0.743294 5.09493e-007
0.668965 0.743294 5.09494e-007
0.668965 -5.09493e-007 0.743294
0.668965 -5.09494e-007 0.743294
-0.707107 0.707107 4.84689e-007
-0.707107 -4.84689e-007 0.707107
-0.707107 -0.707107 -4.84689e-007
-0.707107 4.84689e-007 -0.707107
BONE = 24
BONE_NAME = Bldg_Terran_CommandCenter_Side
PARENT_ID = 2
LOCALTM 
MAT 1.0 0.0 0.0 0.0
MAT 0.0 0.422618 0.906308 0.0
MAT 0.0 -0.906308 0.422618 0.0
MAT 0.0 -0.289018 2.46935 1.0
WORLDTM 
MAT 1.0 0.0 0.0 0.0
MAT 0.0 1.0 6.85453e-007 0.0
MAT 0.0 -6.85453e-007 1.0 0.0
MAT -0.00833679 2.71435 2.38419e-007 1.0
VERTEX = 9
1.61983 2.20461 -0.00499987
1.61983 2.20461 0.00500013
1.61483 2.21327 0.00500014
1.61483 2.21327 -0.00499986
1.62191 2.211 -0.000499862
1.62191 2.211 0.000500138
1.62141 2.21187 0.000500139
1.62141 2.21187 -0.000499861
1.62166 2.21144 1.38608e-007
INDEX = 14
4 5 7
6 7 5
1 2 5
6 5 2
0 1 4
5 4 1
7 6 3
2 3 6
4 7 0
3 0 7
8 1 0
8 2 1
8 3 2
8 0 3
FACE-NORMAL = 14
-0.866025 -0.5 -5.49203e-007
-0.866025 -0.5 -5.49203e-007
-0.57934 -0.334482 -0.743295
-0.579341 -0.334482 -0.743294
-0.950988 0.309229 3.39659e-007
-0.950988 0.309229 3.39659e-007
-0.207694 -0.978194 -1.07445e-006
-0.207693 -0.978194 -1.07445e-006
-0.579341 -0.334483 0.743294
-0.57934 -0.334483 0.743294
0.965926 -0.258819 -2.84289e-007
0.612372 0.353553 0.707107
0.258819 0.965926 1.06098e-006
0.612372 0.353554 -0.707106
BONE = 25
BONE_NAME = Bldg_Terran_Planetary_Armor_02
PARENT_ID = 24
LOCALTM 
MAT -0.866025 -0.5 -2.06477e-007 0.0
MAT 0.5 -0.866025 -3.57628e-007 0.0
MAT 0.0 -4.12953e-007 1.0 0.0
MAT 1.63 -0.502909 2.4491e-007 1.0
WORLDTM 
MAT -0.866025 -0.5 -5.49203e-007 0.0
MAT 0.5 -0.866025 -9.51248e-007 0.0
MAT 0.0 -1.09841e-006 1.0 0.0
MAT 1.62166 2.21144 1.38608e-007 1.0
VERTEX = 9
1.44941 1.47542 -0.00500073
1.44941 1.47542 0.00499927
1.44367 1.48361 0.00499928
1.44367 1.48361 -0.00500072
1.45092 1.48198 -0.000500724
1.45092 1.48198 0.000499276
1.45035 1.4828 0.000499277
1.45035 1.4828 -0.000500723
1.45064 1.48239 -7.23247e-007
INDEX = 14
4 5 7
6 7 5
1 2 5
6 5 2
0 1 4
5 4 1
7 6 3
2 3 6
4 7 0
3 0 7
8 1 0
8 2 1
8 3 2
8 0 3
FACE-NORMAL = 14
-0.819152 -0.573576 -6.3002e-007
-0.819152 -0.573576 -6.3002e-007
-0.547984 -0.383702 -0.743295
-0.547984 -0.383702 -0.743294
-0.97432 0.225168 2.47327e-007
-0.97432 0.225168 2.47326e-007
-0.121648 -0.992573 -1.09025e-006
-0.121648 -0.992573 -1.09025e-006
-0.547984 -0.383703 0.743294
-0.547984 -0.383703 0.743294
0.984808 -0.173648 -1.90736e-007
0.579228 0.405579 0.707107
0.173648 0.984808 1.08172e-006
0.579228 0.405581 -0.707106
BONE = 26
BONE_NAME = HitTestFuzzy01
PARENT_ID = 25
LOCALTM 
MAT 0.996195 0.0871557 0.0 0.0
MAT -0.0871557 0.996195 0.0 0.0
MAT 0.0 0.0 1.0 0.0
MAT 0.512638 0.545864 0.0 1.0
WORLDTM 
MAT -0.819152 -0.573577 -6.3002e-007 0.0
MAT 0.573577 -0.819152 -8.99762e-007 0.0
MAT 0.0 -1.09841e-006 1.0 0.0
MAT 1.45064 1.48239 -7.23247e-007 1.0
VERTEX = 9
-1.63651 2.20461 0.00500013
-1.63651 2.20461 -0.00499987
-1.63151 2.21327 -0.00499985
-1.63151 2.21327 0.00500015
-1.63859 2.211 0.000500138
-1.63859 2.211 -0.000499862
-1.63809 2.21187 -0.000499861
-1.63809 2.21187 0.000500139
-1.63834 2.21144 1.38608e-007
INDEX = 14
4 5 7
6 7 5
1 2 5
6 5 2
0 1 4
5 4 1
7 6 3
2 3 6
4 7 0
3 0 7
8 1 0
8 2 1
8 3 2
8 0 3
FACE-NORMAL = 14
0.866025 -0.5 1.45937e-007
0.866025 -0.5 1.45937e-007
0.57934 -0.334483 0.743294
0.57934 -0.334483 0.743294
0.950988 0.309229 1.03802e-006
0.950988 0.309229 1.03802e-006
0.207694 -0.978194 -8.42763e-007
0.207693 -0.978194 -8.42763e-007
0.579341 -0.334482 -0.743294
0.579341 -0.334482 -0.743294
-0.965926 -0.258819 -9.97799e-007
-0.612372 0.353554 -0.707107
-0.258819 0.965926 7.91414e-007
-0.612373 0.353553 0.707107
BONE = 27
BONE_NAME = Bldg_Terran_Planetary_Armor_01
PARENT_ID = 24
LOCALTM 
MAT 0.866025 -0.5 4.88663e-007 0.0
MAT -0.5 -0.866025 -6.71544e-007 0.0
MAT 7.58967e-007 3.37243e-007 -1.0 0.0
MAT -1.63 -0.502909 2.4491e-007 1.0
WORLDTM 
MAT 0.866025 -0.5 1.45937e-007 0.0
MAT -0.5 -0.866025 -1.26516e-006 0.0
MAT 7.58967e-007 1.0227e-006 -1.0 0.0
MAT -1.63834 2.21144 1.38608e-007 1.0
VERTEX = 9
-1.49083 1.48283 -0.00500018
-1.49083 1.48283 0.00499982
-1.48509 1.49102 0.00499983
-1.48509 1.49102 -0.00500017
-1.48415 1.48365 -0.000500176
-1.48415 1.48365 0.000499824
-1.48358 1.48447 0.000499825
-1.48358 1.48447 -0.000500175
-1.48386 1.48406 -1.75263e-007
INDEX = 14
4 5 7
6 7 5
1 2 5
6 5 2
0 1 4
5 4 1
7 6 3
2 3 6
4 7 0
3 0 7
8 1 0
8 2 1
8 3 2
8 0 3
FACE-NORMAL = 14
-0.819152 0.573576 -6.60559e-007
-0.819152 0.573576 -6.60559e-007
-0.547983 0.383703 -0.743295
-0.547983 0.383703 -0.743294
-0.121648 0.992573 5.45047e-007
-0.121648 0.992573 5.45047e-007
-0.97432 -0.225168 -1.42883e-006
-0.97432 -0.225169 -1.42883e-006
-0.547985 0.383702 0.743294
-0.547985 0.383702 0.743294
0.173648 -0.984808 -4.71803e-007
0.579227 -0.40558 0.707107
0.984808 0.173648 1.40597e-006
0.579229 -0.405579 -0.707106
BONE = 28
BONE_NAME = HitTestFuzzy02
PARENT_ID = 27
LOCALTM 
MAT -0.996195 -0.0871557 6.25444e-007 0.0
MAT -0.0871557 0.996195 0.0 0.0
MAT -6.27833e-007 0.0 -1.0 0.0
MAT 0.497468 0.552695 -3.1278e-007 1.0
WORLDTM 
MAT -0.819152 0.573576 -6.60559e-007 0.0
MAT -0.573576 -0.819152 -1.32779e-006 0.0
MAT -1.30269e-006 -7.0878e-007 1.0 0.0
MAT -1.48386 1.48406 -1.75263e-007 1.0
VERTEX = 9
-0.00333674 1.71306 -0.00793456
-0.00333674 1.71306 0.00206544
-0.00333674 1.70306 0.00206544
-0.00333674 1.70306 -0.00793456
-0.00833674 1.70856 -0.00343456
-0.00833674 1.70856 -0.00243456
-0.00833674 1.70756 -0.00243456
-0.00833674 1.70756 -0.00343456
-0.00833674 1.70806 -0.00293456
INDEX = 14
4 5 7
6 7 5
1 2 5
6 5 2
0 1 4
5 4 1
7 6 3
2 3 6
4 7 0
3 0 7
8 1 0
8 2 1
8 3 2
8 0 3
FACE-NORMAL = 14
1.0 0.0 0.0
1.0 0.0 0.0
0.668965 0.0 -0.743294
0.668965 0.0 -0.743294
0.668965 -0.743294 0.0
0.668965 -0.743294 0.0
0.668965 0.743294 0.0
0.668965 0.743294 0.0
0.668965 0.0 0.743294
0.668965 0.0 0.743294
-0.707107 0.707107 0.0
-0.707107 0.0 0.707107
-0.707107 -0.707107 0.0
-0.707107 0.0 -0.707107
BONE = 29
BONE_NAME = Bldg_Terran_Planetary_Base
PARENT_ID = 24
LOCALTM 
MAT 1.0 0.0 0.0 0.0
MAT 0.0 1.0 -6.51683e-007 0.0
MAT 0.0 6.51683e-007 1.0 0.0
MAT 0.0 -1.00629 -0.00293411 1.0
WORLDTM 
MAT 1.0 0.0 0.0 0.0
MAT 0.0 1.0 0.0 0.0
MAT 0.0 0.0 1.0 0.0
MAT -0.00833674 1.70806 -0.00293456 1.0
VERTEX = 9
-0.00333674 2.0672 0.131023
-0.00333674 2.0672 0.141023
-0.00333674 2.0572 0.141023
-0.00333674 2.0572 0.131023
-0.00833674 2.0627 0.135523
-0.00833674 2.0627 0.136523
-0.00833674 2.0617 0.136523
-0.00833674 2.0617 0.135523
-0.00833674 2.0622 0.136023
INDEX = 14
4 5 7
6 7 5
1 2 5
6 5 2
0 1 4
5 4 1
7 6 3
2 3 6
4 7 0
3 0 7
8 1 0
8 2 1
8 3 2
8 0 3
FACE-NORMAL = 14
1.0 0.0 0.0
1.0 0.0 0.0
0.668965 0.0 -0.743294
0.668965 0.0 -0.743294
0.668965 -0.743294 0.0
0.668965 -0.743294 0.0
0.668965 0.743294 0.0
0.668965 0.743294 0.0
0.668965 0.0 0.743294
0.668965 0.0 0.743294
-0.707107 0.707107 0.0
-0.707107 0.0 0.707107
-0.707107 -0.707107 0.0
-0.707107 0.0 -0.707107
BONE = 30
BONE_NAME = Bldg_Terran_Planetary_Front
PARENT_ID = 29
LOCALTM 
MAT 1.0 0.0 0.0 0.0
MAT 0.0 1.0 0.0 0.0
MAT 0.0 0.0 1.0 0.0
MAT 0.0 0.35414 0.138958 1.0
WORLDTM 
MAT 1.0 0.0 0.0 0.0
MAT 0.0 1.0 0.0 0.0
MAT 0.0 0.0 1.0 0.0
MAT -0.00833674 2.0622 0.136023 1.0
VERTEX = 9
-0.00333679 2.63898 -0.00500046
-0.00333679 2.63898 0.00499954
-0.00333679 2.62898 0.00499954
-0.00333679 2.62898 -0.00500046
-0.00833679 2.63448 -0.000500461
-0.00833679 2.63448 0.000499539
-0.00833679 2.63348 0.000499538
-0.00833679 2.63348 -0.000500462
-0.00833679 2.63398 -4.6147e-007
INDEX = 14
4 5 7
6 7 5
1 2 5
6 5 2
0 1 4
5 4 1
7 6 3
2 3 6
4 7 0
3 0 7
8 1 0
8 2 1
8 3 2
8 0 3
FACE-NORMAL = 14
1.0 0.0 0.0
1.0 0.0 0.0
0.668965 3.15453e-007 -0.743294
0.668965 3.15453e-007 -0.743294
0.668965 -0.743294 -3.79532e-007
0.668965 -0.743294 -3.79532e-007
0.668965 0.743294 3.79532e-007
0.668965 0.743294 3.79532e-007
0.668965 -4.43611e-007 0.743294
0.668965 -4.43611e-007 0.743294
-0.707107 0.707107 3.61054e-007
-0.707107 -2.93322e-007 0.707107
-0.707107 -0.707107 -3.61054e-007
-0.707107 4.28787e-007 -0.707107
BONE = 31
BONE_NAME = BaseDummy
PARENT_ID = 29
LOCALTM 
MAT 1.0 0.0 0.0 0.0
MAT 0.0 1.0 4.76837e-007 0.0
MAT 0.0 -4.76837e-007 1.0 0.0
MAT 0.0 0.925922 0.00293407 1.0
WORLDTM 
MAT 1.0 0.0 0.0 0.0
MAT 0.0 1.0 5.10608e-007 0.0
MAT 0.0 -5.10608e-007 1.0 0.0
MAT -0.00833679 2.63398 -4.6147e-007 1.0
VERTEX = 9
-0.00333679 2.63898 -0.00500046
-0.00333679 2.63898 0.00499954
-0.00333679 2.62898 0.00499954
-0.00333679 2.62898 -0.00500046
-0.00833679 2.63448 -0.000500461
-0.00833679 2.63448 0.000499539
-0.00833679 2.63348 0.000499538
-0.00833679 2.63348 -0.000500462
-0.00833679 2.63398 -4.6147e-007
INDEX = 14
4 5 7
6 7 5
1 2 5
6 5 2
0 1 4
5 4 1
7 6 3
2 3 6
4 7 0
3 0 7
8 1 0
8 2 1
8 3 2
8 0 3
FACE-NORMAL = 14
1.0 0.0 0.0
1.0 0.0 0.0
0.668965 3.15453e-007 -0.743294
0.668965 3.15453e-007 -0.743294
0.668965 -0.743294 -3.79532e-007
0.668965 -0.743294 -3.79532e-007
0.668965 0.743294 3.79532e-007
0.668965 0.743294 3.79532e-007
0.668965 -4.43611e-007 0.743294
0.668965 -4.43611e-007 0.743294
-0.707107 0.707107 3.61054e-007
-0.707107 -2.93322e-007 0.707107
-0.707107 -0.707107 -3.61054e-007
-0.707107 4.28787e-007 -0.707107
BONE = 32
BONE_NAME = Ref_TurretZ
PARENT_ID = 31
LOCALTM 
MAT 1.0 0.0 0.0 0.0
MAT 0.0 1.0 0.0 0.0
MAT 0.0 0.0 1.0 0.0
MAT 0.0 0.0 0.0 1.0
WORLDTM 
MAT 1.0 0.0 0.0 0.0
MAT 0.0 1.0 5.10608e-007 0.0
MAT 0.0 -5.10608e-007 1.0 0.0
MAT -0.00833679 2.63398 -4.6147e-007 1.0
VERTEX = 9
-0.00333683 2.23415 -0.00500068
-0.00333683 2.23415 0.00499932
-0.00333684 2.22415 0.00499932
-0.00333684 2.22415 -0.00500068
-0.00833683 2.22965 -0.000500678
-0.00833683 2.22965 0.000499322
-0.00833683 2.22865 0.000499322
-0.00833683 2.22865 -0.000500679
-0.00833683 2.22915 -6.78378e-007
INDEX = 14
4 5 7
6 7 5
1 2 5
6 5 2
0 1 4
5 4 1
7 6 3
2 3 6
4 7 0
3 0 7
8 1 0
8 2 1
8 3 2
8 0 3
FACE-NORMAL = 14
1.0 0.0 0.0
1.0 0.0 0.0
0.668965 0.0 -0.743294
0.668965 0.0 -0.743294
0.668965 -0.743294 -1.83114e-007
0.668965 -0.743294 -1.83114e-007
0.668965 0.743294 1.83114e-007
0.668965 0.743294 1.83114e-007
0.668965 -2.47194e-007 0.743294
0.668965 -2.47194e-007 0.743294
-0.707107 0.707107 1.74199e-007
-0.707107 0.0 0.707107
-0.707107 -0.707107 -1.74199e-007
-0.707107 2.41932e-007 -0.707107
BONE = 33
BONE_NAME = Bldg_Terran_CommandCenter_Turret
PARENT_ID = 32
LOCALTM 
MAT 1.0 0.0 0.0 0.0
MAT 0.0 1.0 -2.64253e-007 0.0
MAT 0.0 2.64253e-007 1.0 0.0
MAT 0.0 -0.404828 0.0 1.0
WORLDTM 
MAT 1.0 0.0 0.0 0.0
MAT 0.0 1.0 2.46355e-007 0.0
MAT 0.0 -2.46355e-007 1.0 0.0
MAT -0.00833683 2.22915 -6.78378e-007 1.0
VERTEX = 9
-0.00333684 2.13757 0.0655291
-0.00333684 2.14757 0.0655291
-0.00333684 2.14757 0.0755291
-0.00333684 2.13757 0.0755291
-0.00833684 2.14207 0.0700291
-0.00833684 2.14307 0.0700291
-0.00833684 2.14307 0.0710291
-0.00833684 2.14207 0.0710291
-0.00833684 2.14257 0.0705291
INDEX = 14
4 5 7
6 7 5
1 2 5
6 5 2
0 1 4
5 4 1
7 6 3
2 3 6
4 7 0
3 0 7
8 1 0
8 2 1
8 3 2
8 0 3
FACE-NORMAL = 14
1.0 0.0 0.0
1.0 0.0 0.0
0.668965 -0.743294 -1.50624e-007
0.668965 -0.743294 -1.50624e-007
0.668965 -2.14703e-007 0.743294
0.668965 -2.14703e-007 0.743294
0.668965 0.0 -0.743294
0.668965 0.0 -0.743294
0.668965 0.743294 1.50624e-007
0.668965 0.743294 1.50624e-007
-0.707107 2.11024e-007 -0.707107
-0.707107 0.707107 1.43291e-007
-0.707107 0.0 0.707107
-0.707107 -0.707107 -1.43291e-007
BONE = 34
BONE_NAME = Bldg_Terran_Planetary_Pivots
PARENT_ID = 33
LOCALTM 
MAT 1.0 0.0 0.0 0.0
MAT 0.0 0.0 -1.0 0.0
MAT 0.0 1.0 0.0 0.0
MAT 0.0 -0.0865839 0.0705298 1.0
WORLDTM 
MAT 1.0 0.0 0.0 0.0
MAT 0.0 2.02644e-007 -1.0 0.0
MAT 0.0 1.0 2.02644e-007 0.0
MAT -0.00833684 2.14257 0.0705291 1.0
VERTEX = 9
-0.00333681 2.53495 0.067181
-0.0033368 2.54495 0.067181
-0.0033368 2.54495 0.077181
-0.00333681 2.53495 0.077181
-0.0083368 2.53945 0.071681
-0.0083368 2.54045 0.071681
-0.0083368 2.54045 0.072681
-0.0083368 2.53945 0.072681
-0.0083368 2.53995 0.072181
INDEX = 14
4 5 7
6 7 5
1 2 5
6 5 2
0 1 4
5 4 1
7 6 3
2 3 6
4 7 0
3 0 7
8 1 0
8 2 1
8 3 2
8 0 3
FACE-NORMAL = 14
1.0 0.0 0.0
1.0 0.0 0.0
0.668965 -0.743294 -1.50624e-007
0.668965 -0.743294 -1.50624e-007
0.668965 -2.14703e-007 0.743294
0.668965 -2.14703e-007 0.743294
0.668965 0.0 -0.743294
0.668965 0.0 -0.743294
0.668965 0.743294 1.50624e-007
0.668965 0.743294 1.50624e-007
-0.707107 2.11024e-007 -0.707107
-0.707107 0.707107 1.43291e-007
-0.707107 0.0 0.707107
-0.707107 -0.707107 -1.43291e-007
BONE = 35
BONE_NAME = Bldg_Terran_Planetary_Barrels
PARENT_ID = 34
LOCALTM 
MAT 1.0 0.0 0.0 0.0
MAT 0.0 1.0 0.0 0.0
MAT 0.0 0.0 1.0 0.0
MAT 0.0 -0.00165176 0.397379 1.0
WORLDTM 
MAT 1.0 0.0 0.0 0.0
MAT 0.0 2.02644e-007 -1.0 0.0
MAT 0.0 1.0 2.02644e-007 0.0
MAT -0.0083368 2.53995 0.072181 1.0
VERTEX = 9
-0.971688 1.14392 0.050357
-0.971688 1.14392 0.040357
-0.961688 1.14392 0.0403569
-0.961688 1.14392 0.0503569
-0.967188 1.14892 0.045857
-0.967188 1.14892 0.044857
-0.966188 1.14892 0.044857
-0.966188 1.14892 0.045857
-0.966688 1.14892 0.045357
INDEX = 14
4 5 7
6 7 5
1 2 5
6 5 2
0 1 4
5 4 1
7 6 3
2 3 6
4 7 0
3 0 7
8 1 0
8 2 1
8 3 2
8 0 3
FACE-NORMAL = 14
2.12548e-006 -1.0 -2.02644e-007
2.12548e-006 -1.0 -2.02644e-007
2.16322e-006 -0.668965 0.743294
2.16322e-006 -0.668965 0.743294
0.743296 -0.668963 -8.76912e-007
0.743295 -0.668963 -8.76912e-007
-0.743293 -0.668966 6.05789e-007
-0.743293 -0.668966 6.05789e-007
6.80518e-007 -0.668965 -0.743294
6.80518e-007 -0.668965 -0.743294
-0.707108 0.707105 8.48549e-007
-2.2082e-006 0.707107 -0.707107
