EXPORTER_V17
ANIMATION_EXPORT
BONEOBJECT_COUNT = 138
VERTEX = 9
0.005 0.005 -0.005
0.005 0.005 0.005
0.005 -0.005 0.005
0.005 -0.005 -0.005
0.0 0.0005 -0.0005
0.0 0.0005 0.0005
0.0 -0.0005 0.0005
0.0 -0.0005 -0.0005
0.0 0.0 0.0
INDEX = 14
4 5 7
6 7 5
1 2 5
6 5 2
0 1 4
5 4 1
7 6 3
2 3 6
4 7 0
3 0 7
8 1 0
8 2 1
8 3 2
8 0 3
FACE-NORMAL = 14
1.0 0.0 0.0
1.0 0.0 0.0
0.668965 0.0 -0.743294
0.668965 0.0 -0.743294
0.668965 -0.743294 0.0
0.668965 -0.743294 0.0
0.668965 0.743294 0.0
0.668965 0.743294 0.0
0.668965 0.0 0.743294
0.668965 0.0 0.743294
-0.707107 0.707107 0.0
-0.707107 0.0 0.707107
-0.707107 -0.707107 0.0
-0.707107 0.0 -0.707107
BONE = 0
BONE_NAME = Bone_Link_Object
PARENT_ID = -1
LOCALTM 
MAT 1.0 0.0 0.0 0.0
MAT 0.0 1.0 0.0 0.0
MAT 0.0 0.0 1.0 0.0
MAT 0.0 0.0 0.0 1.0
WORLDTM 
MAT 1.0 0.0 0.0 0.0
MAT 0.0 1.0 0.0 0.0
MAT 0.0 0.0 1.0 0.0
MAT 0.0 0.0 0.0 1.0
VERTEX = 9
0.0179406 1.654 -0.793032
0.0179406 1.65401 -0.792871
0.0179406 1.65387 -0.792858
0.0179406 1.65385 -0.793019
0.0178687 1.65394 -0.792954
0.0178687 1.65394 -0.792938
0.0178687 1.65393 -0.792936
0.0178687 1.65392 -0.792953
0.0178687 1.65393 -0.792945
INDEX = 14
4 5 7
6 7 5
1 2 5
6 5 2
0 1 4
5 4 1
7 6 3
2 3 6
4 7 0
3 0 7
8 1 0
8 2 1
8 3 2
8 0 3
FACE-NORMAL = 14
1.0 0.0 0.0
1.0 0.0 0.0
0.668965 -0.0658042 -0.740376
0.668965 -0.0658042 -0.740375
0.668965 -0.740376 0.0658042
0.668965 -0.740375 0.0658042
0.668965 0.740375 -0.0658042
0.668965 0.740376 -0.0658042
0.668965 0.0658042 0.740375
0.668965 0.0658042 0.740376
-0.707107 0.70433 -0.0626006
-0.707107 0.0626006 0.70433
-0.707107 -0.70433 0.0626006
-0.707107 -0.0626006 -0.70433
BONE = 1
BONE_NAME = Bottom_Flare
PARENT_ID = 0
LOCALTM 
MAT 0.0143843 0.0 0.0 0.0
MAT 0.0 0.0143279 -0.00127345 0.0
MAT 0.0 0.00142981 0.0160871 0.0
MAT 0.0178687 1.65393 -0.792945 1.0
WORLDTM 
MAT 0.0143843 0.0 0.0 0.0
MAT 0.0 0.0143279 -0.00127345 0.0
MAT 0.0 0.00142981 0.0160871 0.0
MAT 0.0178687 1.65393 -0.792945 1.0
VERTEX = 9
-0.00333681 0.466085 -1.31217
-0.00333681 0.475148 -1.30795
-0.00333681 0.470922 -1.29889
-0.00333681 0.461858 -1.30311
-0.00833681 0.468261 -1.30619
-0.00833681 0.469168 -1.30577
-0.00833681 0.468745 -1.30487
-0.00833681 0.467839 -1.30529
-0.00833681 0.468503 -1.30553
INDEX = 14
4 5 7
6 7 5
1 2 5
6 5 2
0 1 4
5 4 1
7 6 3
2 3 6
4 7 0
3 0 7
8 1 0
8 2 1
8 3 2
8 0 3
FACE-NORMAL = 14
1.0 0.0 0.0
1.0 0.0 0.0
0.668965 -0.673653 -0.31413
0.668965 -0.673653 -0.31413
0.668965 -0.31413 0.673653
0.668965 -0.31413 0.673653
0.668965 0.31413 -0.673653
0.668965 0.31413 -0.673653
0.668965 0.673653 0.31413
0.668965 0.673653 0.31413
-0.707107 0.298836 -0.640856
-0.707107 0.640856 0.298836
-0.707107 -0.298836 0.640856
-0.707107 -0.640856 -0.298836
BONE = 2
BONE_NAME = Bldg_Terran_CommandCenter_Main
PARENT_ID = 0
LOCALTM 
MAT 1.0 0.0 0.0 0.0
MAT 0.0 0.422618 -0.906308 0.0
MAT 0.0 0.906308 0.422618 0.0
MAT -0.00833681 0.468503 -1.30553 1.0
WORLDTM 
MAT 1.0 0.0 0.0 0.0
MAT 0.0 0.422618 -0.906308 0.0
MAT 0.0 0.906308 0.422618 0.0
MAT -0.00833681 0.468503 -1.30553 1.0
VERTEX = 9
-1.60834 1.12726 1.59293
-1.60834 1.13726 1.59293
-1.60127 1.13726 1.6
-1.60127 1.12726 1.6
-1.60869 1.13176 1.59965
-1.60869 1.13276 1.59965
-1.60798 1.13276 1.60035
-1.60798 1.13176 1.60035
-1.60834 1.13226 1.6
INDEX = 14
4 5 7
6 7 5
1 2 5
6 5 2
0 1 4
5 4 1
7 6 3
2 3 6
4 7 0
3 0 7
8 1 0
8 2 1
8 3 2
8 0 3
FACE-NORMAL = 14
0.707107 1.78814e-007 -0.707107
0.707107 1.78814e-007 -0.707107
0.47303 -0.743294 -0.473029
0.47303 -0.743294 -0.47303
0.998618 2.96835e-007 0.0525589
0.998618 2.96835e-007 0.0525587
-0.0525587 0.0 -0.998618
-0.0525588 0.0 -0.998618
0.473029 0.743294 -0.47303
0.473029 0.743294 -0.47303
-1.0 -2.95028e-007 0.0
-0.5 0.707107 0.5
0.0 0.0 1.0
-0.5 -0.707107 0.5
BONE = 3
BONE_NAME = Bldg_Terran_CommandCenter_Joint_04
PARENT_ID = 2
LOCALTM 
MAT 0.707107 0.640856 -0.298836 0.0
MAT -0.707107 0.640857 -0.298837 0.0
MAT -2.98023e-007 0.422618 0.906308 0.0
MAT -1.6 -2.35279 1.8295 1.0
WORLDTM 
MAT 0.707107 1.78814e-007 -0.707107 0.0
MAT -0.707107 -2.38419e-007 -0.707107 0.0
MAT -2.98023e-007 1.0 0.0 0.0
MAT -1.60834 1.13226 1.6 1.0
VERTEX = 9
-1.60834 0.520669 1.59293
-1.60834 0.530669 1.59293
-1.60127 0.530669 1.6
-1.60127 0.520669 1.6
-1.60869 0.525169 1.59965
-1.60869 0.526169 1.59965
-1.60798 0.526169 1.60035
-1.60798 0.525169 1.60035
-1.60834 0.525669 1.6
INDEX = 14
4 5 7
6 7 5
1 2 5
6 5 2
0 1 4
5 4 1
7 6 3
2 3 6
4 7 0
3 0 7
8 1 0
8 2 1
8 3 2
8 0 3
FACE-NORMAL = 14
0.707107 2.34053e-007 -0.707107
0.707107 2.34053e-007 -0.707107
0.47303 -0.743294 -0.473029
0.47303 -0.743294 -0.473029
0.998618 6.05149e-007 0.052559
0.998618 6.05149e-007 0.0525588
-0.0525585 -2.92002e-007 -0.998618
-0.0525587 -2.92002e-007 -0.998618
0.473029 0.743294 -0.47303
0.473029 0.743294 -0.47303
-1.0 -5.92237e-007 -2.08616e-007
-0.500001 0.707106 0.5
0.0 2.61236e-007 1.0
-0.499999 -0.707107 0.5
BONE = 4
BONE_NAME = Bldg_Terran_CommandCenter_Foot_03
PARENT_ID = 3
LOCALTM 
MAT 1.0 -1.19209e-007 0.0 0.0
MAT 1.78814e-007 1.0 -3.65078e-007 0.0
MAT -5.37372e-007 4.03029e-007 1.0 0.0
MAT -4.76837e-007 0.0 -0.606589 1.0
WORLDTM 
MAT 0.707107 2.34053e-007 -0.707107 0.0
MAT -0.707107 -6.03497e-007 -0.707107 0.0
MAT -9.62988e-007 1.0 0.0 0.0
MAT -1.60834 0.525669 1.6 1.0
VERTEX = 9
-1.61411 1.12603 1.5893
-1.62118 1.12603 1.59637
-1.63113 1.12603 1.58642
-1.62406 1.12603 1.57935
-1.62177 1.13103 1.588
-1.62248 1.13103 1.58871
-1.62347 1.13103 1.58771
-1.62277 1.13103 1.58701
-1.62262 1.13103 1.58786
INDEX = 14
4 5 7
6 7 5
1 2 5
6 5 2
0 1 4
5 4 1
7 6 3
2 3 6
4 7 0
3 0 7
8 1 0
8 2 1
8 3 2
8 0 3
FACE-NORMAL = 14
4.08226e-007 -1.0 1.9961e-007
4.08226e-007 -1.0 1.9961e-007
0.525588 -0.668965 -0.525588
0.525588 -0.668965 -0.525588
-0.525588 -0.668965 -0.525589
-0.525588 -0.668965 -0.525589
0.525588 -0.668965 0.525589
0.525588 -0.668964 0.525589
-0.525588 -0.668965 0.525589
-0.525588 -0.668965 0.525589
0.499999 0.707107 0.5
-0.5 0.707107 0.5
-0.5 0.707107 -0.5
0.5 0.707107 -0.5
BONE = 5
BONE_NAME = Vol_Target 06
PARENT_ID = 3
LOCALTM 
MAT 0.0 -1.76924e-007 -1.0 0.0
MAT -1.01328e-006 -1.40709 0.0 0.0
MAT -1.0 -2.08616e-007 3.27825e-007 0.0
MAT -0.0015142 0.0186889 -0.00122774 1.0
WORLDTM 
MAT 4.08226e-007 -1.0 1.9961e-007 0.0
MAT 0.994966 3.03549e-007 0.994967 0.0
MAT -0.707106 1.49012e-007 0.707107 0.0
MAT -1.62262 1.13103 1.58786 1.0
VERTEX = 9
-1.60127 1.12726 -1.6
-1.60127 1.13726 -1.6
-1.60834 1.13726 -1.59293
-1.60834 1.12726 -1.59293
-1.60798 1.13176 -1.60035
-1.60798 1.13276 -1.60035
-1.60869 1.13276 -1.59965
-1.60869 1.13176 -1.59965
-1.60834 1.13226 -1.6
INDEX = 14
4 5 7
6 7 5
1 2 5
6 5 2
0 1 4
5 4 1
7 6 3
2 3 6
4 7 0
3 0 7
8 1 0
8 2 1
8 3 2
8 0 3
FACE-NORMAL = 14
0.707107 0.0 0.707107
0.707107 0.0 0.707107
0.47303 -0.743294 0.47303
0.47303 -0.743294 0.47303
-0.0525587 1.26266e-007 0.998618
-0.0525585 1.26266e-007 0.998618
0.998618 0.0 -0.0525588
0.998618 0.0 -0.052559
0.47303 0.743294 0.473029
0.47303 0.743294 0.473029
-1.78814e-007 -1.26441e-007 -1.0
-0.5 0.707107 -0.5
-1.0 0.0 2.08616e-007
-0.5 -0.707107 -0.5
BONE = 6
BONE_NAME = Bldg_Terran_CommandCenter_Joint_03
PARENT_ID = 2
LOCALTM 
MAT 0.707107 -0.640856 0.298836 0.0
MAT 0.707107 0.640857 -0.298836 0.0
MAT 0.0 0.422618 0.906308 0.0
MAT -1.6 0.547395 0.477119 1.0
WORLDTM 
MAT 0.707107 0.0 0.707107 0.0
MAT 0.707107 0.0 -0.707107 0.0
MAT 0.0 1.0 0.0 0.0
MAT -1.60834 1.13226 -1.6 1.0
VERTEX = 9
-1.60127 0.52067 -1.6
-1.60127 0.53067 -1.6
-1.60834 0.53067 -1.59293
-1.60834 0.52067 -1.59293
-1.60798 0.52517 -1.60035
-1.60798 0.52617 -1.60035
-1.60869 0.52617 -1.59965
-1.60869 0.52517 -1.59965
-1.60834 0.52567 -1.6
INDEX = 14
4 5 7
6 7 5
1 2 5
6 5 2
0 1 4
5 4 1
7 6 3
2 3 6
4 7 0
3 0 7
8 1 0
8 2 1
8 3 2
8 0 3
FACE-NORMAL = 14
0.707107 2.12458e-007 0.707107
0.707107 2.12458e-007 0.707107
0.473029 -0.743294 0.47303
0.473029 -0.743294 0.47303
-0.0525588 7.13922e-007 0.998618
-0.0525586 7.13922e-007 0.998618
0.998618 -4.29669e-007 -0.0525588
0.998618 -4.29669e-007 -0.052559
0.47303 0.743294 0.473029
0.47303 0.743294 0.473029
0.0 -6.94188e-007 -1.0
-0.5 0.707107 -0.5
-1.0 3.93727e-007 1.49012e-007
-0.5 -0.707107 -0.5
BONE = 7
BONE_NAME = Bldg_Terran_CommandCenter_Foot_04
PARENT_ID = 6
LOCALTM 
MAT 1.0 0.0 1.23051e-007 0.0
MAT 0.0 1.0 -6.79865e-007 0.0
MAT 0.0 6.59861e-007 1.0 0.0
MAT -4.76837e-007 5.15487e-007 -0.606589 1.0
WORLDTM 
MAT 0.707107 2.12458e-007 0.707107 0.0
MAT 0.707107 -7.69272e-007 -0.707107 0.0
MAT 4.17233e-007 1.0 -6.0536e-007 0.0
MAT -1.60834 0.52567 -1.6 1.0
VERTEX = 9
-1.80352 1.57337 -1.79597
-1.81059 1.57337 -1.7889
-1.80706 1.56471 -1.78536
-1.79999 1.56471 -1.79243
-1.80818 1.56698 -1.79426
-1.80888 1.56698 -1.79355
-1.80853 1.56611 -1.7932
-1.80782 1.56611 -1.7939
-1.80835 1.56654 -1.79373
INDEX = 14
4 5 7
6 7 5
1 2 5
6 5 2
0 1 4
5 4 1
7 6 3
2 3 6
4 7 0
3 0 7
8 1 0
8 2 1
8 3 2
8 0 3
FACE-NORMAL = 14
0.612372 0.5 0.612373
0.612372 0.5 0.612373
0.935244 0.334482 -0.115933
0.935244 0.334482 -0.115933
0.67245 -0.309229 0.67245
0.67245 -0.309229 0.67245
0.146861 0.978194 0.146861
0.146861 0.978194 0.146861
-0.115933 0.334483 0.935244
-0.115933 0.334483 0.935244
-0.683012 0.258819 -0.683013
-0.933013 -0.353553 0.0669874
-0.183013 -0.965926 -0.183012
0.0669872 -0.353554 -0.933013
BONE = 8
BONE_NAME = Hazard light
PARENT_ID = 6
LOCALTM 
MAT 0.866025 -2.99831e-007 0.5 0.0
MAT -0.5 3.3268e-007 0.866026 0.0
MAT 1.49012e-007 -1.0 2.98023e-007 0.0
MAT -0.27842 -0.00444641 0.434284 1.0
WORLDTM 
MAT 0.612372 0.5 0.612373 0.0
MAT -0.353553 0.866026 -0.353554 0.0
MAT -0.707106 3.8743e-007 0.707107 0.0
MAT -1.80835 1.56654 -1.79373 1.0
VERTEX = 9
-1.81986 1.63491 -1.82046
-1.83509 1.63491 -1.80524
-1.82747 1.61626 -1.79762
-1.81225 1.61626 -1.81285
-1.82988 1.62114 -1.81678
-1.8314 1.62114 -1.81525
-1.83064 1.61927 -1.81449
-1.82912 1.61927 -1.81602
-1.83026 1.6202 -1.81563
INDEX = 14
4 5 7
6 7 5
1 2 5
6 5 2
0 1 4
5 4 1
7 6 3
2 3 6
4 7 0
3 0 7
8 1 0
8 2 1
8 3 2
8 0 3
FACE-NORMAL = 14
0.612372 0.5 0.612372
0.612372 0.5 0.612372
0.935244 0.334482 -0.115933
0.935244 0.334482 -0.115933
0.672449 -0.309229 0.67245
0.67245 -0.309229 0.67245
0.146862 0.978194 0.146861
0.146861 0.978194 0.146861
-0.115933 0.334483 0.935244
-0.115933 0.334483 0.935244
-0.683012 0.258819 -0.683013
-0.933013 -0.353553 0.0669875
-0.183013 -0.965926 -0.183012
0.0669872 -0.353554 -0.933013
BONE = 9
BONE_NAME = Star2PartSpinn
PARENT_ID = 8
LOCALTM 
MAT 2.15313 2.38419e-007 0.0 0.0
MAT 2.98023e-007 2.15313 -1.47443e-007 0.0
MAT 2.5332e-007 0.0 2.15313 0.0
MAT 2.38419e-007 0.0619619 -2.27243e-007 1.0
WORLDTM 
MAT 1.31852 1.07656 1.31852 0.0
MAT -0.761245 1.86466 -0.761246 0.0
MAT -1.52249 9.83477e-007 1.52249 0.0
MAT -1.83026 1.6202 -1.81563 1.0
VERTEX = 9
-1.81566 1.62462 -1.81626
-1.83088 1.62462 -1.80103
-1.82327 1.60597 -1.79342
-1.80805 1.60597 -1.80865
-1.82568 1.61084 -1.81258
-1.8272 1.61084 -1.81105
-1.82644 1.60898 -1.81029
-1.82492 1.60898 -1.81181
-1.82606 1.60991 -1.81143
INDEX = 14
4 5 7
6 7 5
1 2 5
6 5 2
0 1 4
5 4 1
7 6 3
2 3 6
4 7 0
3 0 7
8 1 0
8 2 1
8 3 2
8 0 3
FACE-NORMAL = 14
0.612372 0.5 0.612372
0.612372 0.5 0.612372
0.935244 0.334482 -0.115933
0.935244 0.334482 -0.115933
0.672449 -0.309229 0.67245
0.67245 -0.309229 0.67245
0.146862 0.978194 0.146861
0.146861 0.978194 0.146861
-0.115933 0.334483 0.935244
-0.115933 0.334483 0.935244
-0.683012 0.258819 -0.683013
-0.933013 -0.353553 0.0669875
-0.183013 -0.965926 -0.183012
0.0669872 -0.353554 -0.933013
BONE = 10
BONE_NAME = Star2Part02
PARENT_ID = 8
LOCALTM 
MAT 2.15313 2.38419e-007 0.0 0.0
MAT 2.98023e-007 2.15313 -1.47443e-007 0.0
MAT 2.5332e-007 0.0 2.15313 0.0
MAT 2.38419e-007 0.0500789 0.0 1.0
WORLDTM 
MAT 1.31852 1.07656 1.31852 0.0
MAT -0.761245 1.86466 -0.761246 0.0
MAT -1.52249 9.83477e-007 1.52249 0.0
MAT -1.82606 1.60991 -1.81143 1.0
VERTEX = 9
-1.61955 1.12603 -1.61384
-1.62666 1.12603 -1.62088
-1.61677 1.12603 -1.63088
-1.60966 1.12603 -1.62385
-1.6183 1.13103 -1.62151
-1.61901 1.13103 -1.62221
-1.61802 1.13103 -1.62321
-1.61731 1.13103 -1.62251
-1.61816 1.13103 -1.62236
INDEX = 14
4 5 7
6 7 5
1 2 5
6 5 2
0 1 4
5 4 1
7 6 3
2 3 6
4 7 0
3 0 7
8 1 0
8 2 1
8 3 2
8 0 3
FACE-NORMAL = 14
-2.45938e-007 -1.0 -2.99492e-007
-2.45938e-007 -1.0 -2.99492e-007
0.528421 -0.668965 0.522741
0.52842 -0.668965 0.522741
0.52274 -0.668965 -0.528421
0.52274 -0.668965 -0.528421
-0.522741 -0.668965 0.528421
-0.522741 -0.668964 0.528421
-0.528421 -0.668965 -0.522741
-0.528421 -0.668965 -0.522741
-0.49729 0.707107 0.502695
-0.502694 0.707107 -0.497291
0.497291 0.707107 -0.502695
0.502694 0.707107 0.497291
BONE = 11
BONE_NAME = Vol_Target 07
PARENT_ID = 6
LOCALTM 
MAT -4.91044e-007 0.0 -1.0 0.0
MAT 0.00760394 -1.40707 6.65579e-007 0.0
MAT -0.999985 -0.00540313 -1.793e-007 0.0
MAT -0.0227582 0.00886619 -0.00122762 1.0
WORLDTM 
MAT -2.45938e-007 -1.0 -2.99492e-007 0.0
MAT -0.989575 7.92062e-007 1.00033 0.0
MAT -0.710917 -2.68223e-007 -0.703275 0.0
MAT -1.61816 1.13103 -1.62236 1.0
VERTEX = 9
1.59166 1.12726 -1.59293
1.59166 1.13726 -1.59293
1.58459 1.13726 -1.6
1.58459 1.12726 -1.6
1.59202 1.13176 -1.59965
1.59202 1.13276 -1.59965
1.59131 1.13276 -1.60035
1.59131 1.13176 -1.60035
1.59166 1.13226 -1.6
INDEX = 14
4 5 7
6 7 5
1 2 5
6 5 2
0 1 4
5 4 1
7 6 3
2 3 6
4 7 0
3 0 7
8 1 0
8 2 1
8 3 2
8 0 3
FACE-NORMAL = 14
-0.707107 0.0 0.707107
-0.707107 0.0 0.707107
-0.473029 -0.743294 0.47303
-0.47303 -0.743294 0.47303
-0.998618 -2.01582e-007 -0.0525591
-0.998618 -2.01582e-007 -0.052559
0.0525584 2.41456e-007 0.998618
0.0525586 2.41456e-007 0.998618
-0.47303 0.743294 0.473029
-0.47303 0.743294 0.473029
1.0 1.89661e-007 2.68221e-007
0.5 0.707107 -0.5
2.68221e-007 -2.31808e-007 -1.0
0.5 -0.707107 -0.5
BONE = 12
BONE_NAME = Bldg_Terran_CommandCenter_Joint_01
PARENT_ID = 2
LOCALTM 
MAT -0.707107 -0.640856 0.298836 0.0
MAT 0.707107 -0.640857 0.298837 0.0
MAT -2.08616e-007 0.422619 0.906308 0.0
MAT 1.6 0.547395 0.477119 1.0
WORLDTM 
MAT -0.707107 0.0 0.707106 0.0
MAT 0.707107 2.98023e-007 0.707107 0.0
MAT -2.08616e-007 1.0 -2.38419e-007 0.0
MAT 1.59166 1.13226 -1.6 1.0
VERTEX = 9
1.59166 0.520669 -1.59293
1.59166 0.530669 -1.59293
1.58459 0.530669 -1.6
1.58459 0.520669 -1.6
1.59202 0.525169 -1.59965
1.59202 0.526169 -1.59965
1.59131 0.526169 -1.60035
1.59131 0.525169 -1.60035
1.59166 0.525669 -1.6
INDEX = 14
4 5 7
6 7 5
1 2 5
6 5 2
0 1 4
5 4 1
7 6 3
2 3 6
4 7 0
3 0 7
8 1 0
8 2 1
8 3 2
8 0 3
FACE-NORMAL = 14
-0.707107 0.0 0.707107
-0.707107 0.0 0.707107
-0.47303 -0.743294 0.473029
-0.47303 -0.743294 0.47303
-0.998618 0.0 -0.0525591
-0.998618 0.0 -0.052559
0.0525584 0.0 0.998618
0.0525587 0.0 0.998618
-0.47303 0.743294 0.473029
-0.47303 0.743294 0.473029
1.0 0.0 2.68221e-007
0.5 0.707107 -0.5
2.38419e-007 0.0 -1.0
0.5 -0.707107 -0.5
BONE = 13
BONE_NAME = Bldg_Terran_CommandCenter_Foot_01
PARENT_ID = 12
LOCALTM 
MAT 1.0 0.0 -1.42725e-007 0.0
MAT 0.0 1.0 -2.47732e-007 0.0
MAT -1.60685e-007 2.35101e-007 1.0 0.0
MAT 0.0 1.65775e-007 -0.606589 1.0
WORLDTM 
MAT -0.707107 0.0 0.707106 0.0
MAT 0.707106 0.0 0.707107 0.0
MAT 0.0 1.0 -1.85799e-007 0.0
MAT 1.59166 0.525669 -1.6 1.0
VERTEX = 9
1.78664 1.57584 -1.79563
1.77957 1.57584 -1.8027
1.77603 1.56718 -1.79916
1.7831 1.56718 -1.79209
1.78493 1.56944 -1.80028
1.78422 1.56944 -1.80099
1.78387 1.56858 -1.80063
1.78457 1.56858 -1.79992
1.7844 1.56901 -1.80046
INDEX = 14
4 5 7
6 7 5
1 2 5
6 5 2
0 1 4
5 4 1
7 6 3
2 3 6
4 7 0
3 0 7
8 1 0
8 2 1
8 3 2
8 0 3
FACE-NORMAL = 14
-0.612372 0.5 0.612373
-0.612372 0.5 0.612373
0.115933 0.334482 0.935244
0.115933 0.334482 0.935244
-0.67245 -0.309229 0.67245
-0.67245 -0.309229 0.67245
-0.146861 0.978194 0.146862
-0.146861 0.978194 0.146862
-0.935244 0.334483 -0.115933
-0.935244 0.334483 -0.115933
0.683013 0.258819 -0.683013
-0.0669874 -0.353553 -0.933013
0.183012 -0.965926 -0.183013
0.933013 -0.353554 0.0669872
BONE = 14
BONE_NAME = Hazard light01
PARENT_ID = 12
LOCALTM 
MAT 0.866025 9.03109e-007 0.5 0.0
MAT -0.5 3.03554e-007 0.866025 0.0
MAT 0.0 -1.0 3.42261e-007 0.0
MAT -0.278027 -0.00545941 0.436752 1.0
WORLDTM 
MAT -0.612372 0.5 0.612373 0.0
MAT 0.353553 0.866025 -0.353553 0.0
MAT -0.707107 0.0 -0.707107 0.0
MAT 1.7844 1.56901 -1.80046 1.0
VERTEX = 9
1.81113 1.63738 -1.81196
1.79591 1.63738 -1.82719
1.78829 1.61873 -1.81958
1.80352 1.61873 -1.80435
1.80745 1.6236 -1.82198
1.80592 1.6236 -1.8235
1.80516 1.62174 -1.82274
1.80668 1.62174 -1.82122
1.8063 1.62267 -1.82236
INDEX = 14
4 5 7
6 7 5
1 2 5
6 5 2
0 1 4
5 4 1
7 6 3
2 3 6
4 7 0
3 0 7
8 1 0
8 2 1
8 3 2
8 0 3
FACE-NORMAL = 14
-0.612372 0.5 0.612373
-0.612372 0.5 0.612373
0.115933 0.334483 0.935244
0.115933 0.334483 0.935244
-0.672449 -0.309229 0.67245
-0.672449 -0.309229 0.67245
-0.146861 0.978194 0.146862
-0.146861 0.978194 0.146862
-0.935244 0.334483 -0.115933
-0.935244 0.334483 -0.115933
0.683012 0.258819 -0.683013
-0.0669874 -0.353554 -0.933013
0.183012 -0.965926 -0.183014
0.933013 -0.353554 0.0669874
BONE = 15
BONE_NAME = Star2PartSpinn01
PARENT_ID = 14
LOCALTM 
MAT 2.15313 4.17233e-007 -1.38709e-006 0.0
MAT 4.76837e-007 2.15313 -6.76266e-007 0.0
MAT -1.78814e-006 -1.70255e-007 2.15313 0.0
MAT 1.19209e-007 0.0619619 0.0 1.0
WORLDTM 
MAT -1.31851 1.07656 1.31852 0.0
MAT 0.761245 1.86466 -0.761243 0.0
MAT -1.52249 -9.53674e-007 -1.52249 0.0
MAT 1.8063 1.62267 -1.82236 1.0
VERTEX = 9
1.80693 1.62709 -1.80776
1.7917 1.62709 -1.82299
1.78409 1.60844 -1.81537
1.79932 1.60844 -1.80015
1.80324 1.61331 -1.81778
1.80172 1.61331 -1.8193
1.80096 1.61145 -1.81854
1.80248 1.61145 -1.81702
1.8021 1.61238 -1.81816
INDEX = 14
4 5 7
6 7 5
1 2 5
6 5 2
0 1 4
5 4 1
7 6 3
2 3 6
4 7 0
3 0 7
8 1 0
8 2 1
8 3 2
8 0 3
FACE-NORMAL = 14
-0.612372 0.5 0.612373
-0.612372 0.5 0.612373
0.115933 0.334483 0.935244
0.115933 0.334483 0.935244
-0.672449 -0.309229 0.67245
-0.672449 -0.309229 0.67245
-0.146861 0.978194 0.146862
-0.146861 0.978194 0.146862
-0.935244 0.334483 -0.115933
-0.935244 0.334483 -0.115933
0.683012 0.258819 -0.683013
-0.0669874 -0.353554 -0.933013
0.183012 -0.965926 -0.183014
0.933013 -0.353554 0.0669874
BONE = 16
BONE_NAME = Star2Part03
PARENT_ID = 14
LOCALTM 
MAT 2.15313 4.17233e-007 -1.38709e-006 0.0
MAT 4.76837e-007 2.15313 -6.76266e-007 0.0
MAT -1.78814e-006 -1.70255e-007 2.15313 0.0
MAT 0.0 0.0500791 0.0 1.0
WORLDTM 
MAT -1.31851 1.07656 1.31852 0.0
MAT 0.761245 1.86466 -0.761243 0.0
MAT -1.52249 -9.53674e-007 -1.52249 0.0
MAT 1.8021 1.61238 -1.81816 1.0
VERTEX = 9
1.57601 1.12603 -1.61048
1.58315 1.12603 -1.61748
1.593 1.12603 -1.60744
1.58586 1.12603 -1.60043
1.58365 1.13103 -1.60911
1.58437 1.13103 -1.60981
1.58535 1.13103 -1.60881
1.58464 1.13103 -1.60811
1.5845 1.13103 -1.60896
INDEX = 14
4 5 7
6 7 5
1 2 5
6 5 2
0 1 4
5 4 1
7 6 3
2 3 6
4 7 0
3 0 7
8 1 0
8 2 1
8 3 2
8 0 3
FACE-NORMAL = 14
1.19812e-007 -1.0 1.50511e-007
1.19812e-007 -1.0 1.50511e-007
-0.530711 -0.668965 0.520415
-0.530711 -0.668965 0.520415
0.520415 -0.668965 0.530711
0.520415 -0.668965 0.530711
-0.520415 -0.668965 -0.530711
-0.520415 -0.668965 -0.530711
0.530711 -0.668965 -0.520415
0.530711 -0.668965 -0.520415
-0.495079 0.707107 -0.504873
0.504873 0.707107 -0.495079
0.495079 0.707107 0.504873
-0.504873 0.707107 0.495079
BONE = 17
BONE_NAME = Vol_Target 10
PARENT_ID = 12
LOCALTM 
MAT 0.0 -1.24954e-007 -1.0 0.0
MAT -0.013781 -1.40703 2.26044e-007 0.0
MAT -0.999952 0.00979409 3.24905e-007 0.0
MAT -0.00127172 -0.0113974 -0.00122738 1.0
WORLDTM 
MAT 1.19812e-007 -1.0 1.50511e-007 0.0
MAT -0.985173 -1.93693e-007 -1.00466 0.0
MAT 0.713998 2.98023e-007 -0.700147 0.0
MAT 1.5845 1.13103 -1.60896 1.0
VERTEX = 9
1.58459 1.12726 1.6
1.58459 1.13726 1.6
1.59166 1.13726 1.59293
1.59166 1.12726 1.59293
1.59131 1.13176 1.60035
1.59131 1.13276 1.60035
1.59202 1.13276 1.59965
1.59202 1.13176 1.59965
1.59166 1.13226 1.6
INDEX = 14
4 5 7
6 7 5
1 2 5
6 5 2
0 1 4
5 4 1
7 6 3
2 3 6
4 7 0
3 0 7
8 1 0
8 2 1
8 3 2
8 0 3
FACE-NORMAL = 14
-0.707107 -2.08616e-007 -0.707107
-0.707107 -2.08616e-007 -0.707107
-0.473029 -0.743294 -0.47303
-0.473029 -0.743294 -0.47303
0.0525592 0.0 -0.998618
0.0525591 0.0 -0.998618
-0.998618 -2.72468e-007 0.0525582
-0.998618 -2.72468e-007 0.0525584
-0.47303 0.743294 -0.47303
-0.473029 0.743294 -0.47303
-3.8743e-007 0.0 1.0
0.5 0.707107 0.5
1.0 2.73954e-007 4.17232e-007
0.5 -0.707107 0.5
BONE = 18
BONE_NAME = Bldg_Terran_CommandCenter_Joint_02
PARENT_ID = 2
LOCALTM 
MAT -0.707106 0.640857 -0.298836 0.0
MAT -0.707107 -0.640856 0.298836 0.0
MAT -2.38419e-007 0.422618 0.906308 0.0
MAT 1.6 -2.35279 1.8295 1.0
WORLDTM 
MAT -0.707106 -2.08616e-007 -0.707107 0.0
MAT -0.707107 -1.78814e-007 0.707106 0.0
MAT -2.38419e-007 1.0 0.0 0.0
MAT 1.59166 1.13226 1.6 1.0
VERTEX = 9
1.58459 0.52067 1.6
1.58459 0.53067 1.6
1.59166 0.53067 1.59293
1.59166 0.52067 1.59293
1.59131 0.52517 1.60035
1.59131 0.52617 1.60035
1.59202 0.52617 1.59965
1.59202 0.52517 1.59965
1.59166 0.52567 1.6
INDEX = 14
4 5 7
6 7 5
1 2 5
6 5 2
0 1 4
5 4 1
7 6 3
2 3 6
4 7 0
3 0 7
8 1 0
8 2 1
8 3 2
8 0 3
FACE-NORMAL = 14
-0.707107 0.0 -0.707107
-0.707107 0.0 -0.707107
-0.473029 -0.743294 -0.47303
-0.473029 -0.743294 -0.47303
0.0525592 1.55063e-007 -0.998618
0.0525591 1.55063e-007 -0.998618
-0.998618 -1.55063e-007 0.0525582
-0.998618 -1.55063e-007 0.0525584
-0.473029 0.743294 -0.47303
-0.473029 0.743294 -0.47303
-3.8743e-007 -1.47514e-007 1.0
0.5 0.707107 0.5
1.0 1.47514e-007 4.17232e-007
0.5 -0.707107 0.5
BONE = 19
BONE_NAME = Bldg_Terran_CommandCenter_Foot_02
PARENT_ID = 18
LOCALTM 
MAT 1.0 0.0 2.08616e-007 0.0
MAT 0.0 1.0 0.0 0.0
MAT 0.0 0.0 1.0 0.0
MAT -2.38419e-007 3.27826e-007 -0.606589 1.0
WORLDTM 
MAT -0.707106 0.0 -0.707107 0.0
MAT -0.707107 -2.08616e-007 0.707106 0.0
MAT -1.19209e-007 1.0 0.0 0.0
MAT 1.59166 0.52567 1.6 1.0
VERTEX = 9
1.60822 1.12603 1.60382
1.61516 1.12603 1.61102
1.60503 1.12603 1.62079
1.59809 1.12603 1.61359
1.60678 1.13103 1.61146
1.60748 1.13103 1.61218
1.60647 1.13103 1.61315
1.60577 1.13103 1.61243
1.60662 1.13103 1.61231
INDEX = 14
4 5 7
6 7 5
1 2 5
6 5 2
0 1 4
5 4 1
7 6 3
2 3 6
4 7 0
3 0 7
8 1 0
8 2 1
8 3 2
8 0 3
FACE-NORMAL = 14
0.0 -1.0 4.85012e-007
0.0 -1.0 4.85012e-007
-0.515919 -0.668965 -0.535082
-0.515919 -0.668965 -0.535082
-0.535083 -0.668965 0.51592
-0.535083 -0.668965 0.51592
0.535083 -0.668965 -0.515919
0.535083 -0.668965 -0.515919
0.515919 -0.668965 0.535083
0.515919 -0.668964 0.535083
0.509032 0.707107 -0.490802
0.490802 0.707107 0.509032
-0.509032 0.707107 0.490801
-0.490802 0.707107 -0.509033
BONE = 20
BONE_NAME = Vol_Target 08
PARENT_ID = 18
LOCALTM 
MAT -1.63887e-007 4.79877e-007 -1.0 0.0
MAT -0.0256514 -1.40686 -6.75679e-007 0.0
MAT -0.999834 0.0182302 1.59757e-007 0.0
MAT -0.0192809 -0.0018785 -0.00122738 1.0
WORLDTM 
MAT 0.0 -1.0 4.85012e-007 0.0
MAT 1.01294 -4.18761e-007 -0.976662 0.0
MAT 0.694098 3.65078e-007 0.71988 0.0
MAT 1.60662 1.13103 1.61231 1.0
VERTEX = 9
-0.00333681 0.466673 -1.32847
-0.00333681 0.475333 -1.32347
-0.00333681 0.470333 -1.31481
-0.00333681 0.461673 -1.31981
-0.00833681 0.46832 -1.32232
-0.00833681 0.469186 -1.32182
-0.00833681 0.468686 -1.32096
-0.00833681 0.46782 -1.32146
-0.00833681 0.468503 -1.32164
INDEX = 14
4 5 7
6 7 5
1 2 5
6 5 2
0 1 4
5 4 1
7 6 3
2 3 6
4 7 0
3 0 7
8 1 0
8 2 1
8 3 2
8 0 3
FACE-NORMAL = 14
1.0 0.0 0.0
1.0 0.0 0.0
0.668965 -0.643712 -0.371647
0.668965 -0.643712 -0.371647
0.668965 -0.371647 0.643712
0.668965 -0.371647 0.643712
0.668965 0.371647 -0.643712
0.668965 0.371647 -0.643712
0.668965 0.643712 0.371647
0.668965 0.643712 0.371647
-0.707107 0.353553 -0.612372
-0.707107 0.612372 0.353553
-0.707107 -0.353553 0.612372
-0.707107 -0.612372 -0.353553
BONE = 21
BONE_NAME = Bldg_Terran_CommandCenter_Ramp
PARENT_ID = 2
LOCALTM 
MAT 1.0 0.0 0.0 0.0
MAT 0.0 0.996195 0.0871557 0.0
MAT 0.0 -0.0871557 0.996195 0.0
MAT 0.0 0.0145991 -0.00680768 1.0
WORLDTM 
MAT 1.0 0.0 0.0 0.0
MAT 0.0 0.5 -0.866026 0.0
MAT 0.0 0.866026 0.5 0.0
MAT -0.00833681 0.468503 -1.32164 1.0
VERTEX = 9
-0.00377787 1.91536 -0.00455869
-0.00377787 1.91536 0.00455916
-0.00377787 1.90625 0.00455917
-0.00377787 1.90625 -0.00455869
-0.00833679 1.91126 -0.000455654
-0.00833679 1.91126 0.000456131
-0.00833679 1.91035 0.000456131
-0.00833679 1.91035 -0.000455654
-0.00833679 1.9108 2.38419e-007
INDEX = 14
4 5 7
6 7 5
1 2 5
6 5 2
0 1 4
5 4 1
7 6 3
2 3 6
4 7 0
3 0 7
8 1 0
8 2 1
8 3 2
8 0 3
FACE-NORMAL = 14
1.0 0.0 0.0
1.0 0.0 0.0
0.668965 -1.99367e-007 -0.743294
0.668965 -1.99367e-007 -0.743294
0.668965 -0.743294 1.99367e-007
0.668965 -0.743294 1.99367e-007
0.668965 0.743294 -1.99367e-007
0.668965 0.743294 -1.99367e-007
0.668965 1.99367e-007 0.743294
0.668965 1.99367e-007 0.743294
-0.707107 0.707107 -1.89661e-007
-0.707107 1.89661e-007 0.707107
-0.707107 -0.707107 1.89661e-007
-0.707107 -1.89661e-007 -0.707107
BONE = 22
BONE_NAME = Bldg_Terran_Comstat_DishBase
PARENT_ID = 2
LOCALTM 
MAT 0.911785 0.0 0.0 0.0
MAT 0.0 0.385337 0.826358 0.0
MAT 0.0 -0.826358 0.385337 0.0
MAT 0.0 -0.57367 1.85891 1.0
WORLDTM 
MAT 0.911785 0.0 0.0 0.0
MAT 0.0 0.911785 -2.4456e-007 0.0
MAT 0.0 2.4456e-007 0.911785 0.0
MAT -0.00833679 1.9108 2.38419e-007 1.0
VERTEX = 9
-0.00333679 1.49538 -0.816388
-0.00333679 1.49538 -0.806388
-0.00333679 1.48538 -0.806388
-0.00333679 1.48538 -0.816388
-0.00833679 1.49088 -0.811889
-0.00833679 1.49088 -0.810888
-0.00833679 1.48988 -0.810888
-0.00833679 1.48988 -0.811889
-0.00833679 1.49038 -0.811388
INDEX = 14
4 5 7
6 7 5
1 2 5
6 5 2
0 1 4
5 4 1
7 6 3
2 3 6
4 7 0
3 0 7
8 1 0
8 2 1
8 3 2
8 0 3
FACE-NORMAL = 14
1.0 0.0 0.0
1.0 0.0 0.0
0.668965 1.55063e-007 -0.743294
0.668965 1.55063e-007 -0.743294
0.668965 -0.743294 -1.55063e-007
0.668965 -0.743294 -1.55063e-007
0.668965 0.743294 1.55063e-007
0.668965 0.743294 1.55063e-007
0.668965 -1.55063e-007 0.743294
0.668965 -1.55063e-007 0.743294
-0.707107 0.707107 1.47514e-007
-0.707107 -1.47514e-007 0.707107
-0.707107 -0.707107 -1.47514e-007
-0.707107 1.47514e-007 -0.707107
BONE = 23
BONE_NAME = Bldg_Terran_Comstat_Front
PARENT_ID = 22
LOCALTM 
MAT 1.09675 0.0 0.0 0.0
MAT 0.0 1.09675 5.22971e-007 0.0
MAT 0.0 -5.22971e-007 1.09675 0.0
MAT 0.0 -0.461102 -0.88989 1.0
WORLDTM 
MAT 1.0 0.0 0.0 0.0
MAT 0.0 1.0 2.08616e-007 0.0
MAT 0.0 -2.08616e-007 1.0 0.0
MAT -0.00833679 1.49038 -0.811388 1.0
VERTEX = 9
-0.00333679 2.58935 -0.005
-0.00333679 2.58935 0.005
-0.00333679 2.57935 0.005
-0.00333679 2.57935 -0.005
-0.00833679 2.58485 -0.0005
-0.00833679 2.58485 0.0005
-0.00833679 2.58385 0.0005
-0.00833679 2.58385 -0.0005
-0.00833679 2.58435 0.0
INDEX = 14
4 5 7
6 7 5
1 2 5
6 5 2
0 1 4
5 4 1
7 6 3
2 3 6
4 7 0
3 0 7
8 1 0
8 2 1
8 3 2
8 0 3
FACE-NORMAL = 14
1.0 0.0 0.0
1.0 0.0 0.0
0.668965 5.09494e-007 -0.743294
0.668965 5.09493e-007 -0.743294
0.668965 -0.743294 -5.09494e-007
0.668965 -0.743294 -5.09493e-007
0.668965 0.743294 5.09493e-007
0.668965 0.743294 5.09494e-007
0.668965 -5.09493e-007 0.743294
0.668965 -5.09494e-007 0.743294
-0.707107 0.707107 4.84689e-007
-0.707107 -4.84689e-007 0.707107
-0.707107 -0.707107 -4.84689e-007
-0.707107 4.84689e-007 -0.707107
BONE = 24
BONE_NAME = Bldg_Terran_CommandCenter_Side
PARENT_ID = 2
LOCALTM 
MAT 1.0 0.0 0.0 0.0
MAT 0.0 0.422618 0.906308 0.0
MAT 0.0 -0.906308 0.422618 0.0
MAT 0.0 -0.289018 2.46935 1.0
WORLDTM 
MAT 1.0 0.0 0.0 0.0
MAT 0.0 1.0 6.85453e-007 0.0
MAT 0.0 -6.85453e-007 1.0 0.0
MAT -0.00833679 2.58435 0.0 1.0
VERTEX = 9
1.61983 2.07461 -0.00500011
1.61983 2.07461 0.00499989
1.61483 2.08327 0.0049999
1.61483 2.08327 -0.0050001
1.62191 2.081 -0.0005001
1.62191 2.081 0.0004999
1.62141 2.08187 0.000499901
1.62141 2.08187 -0.000500099
1.62166 2.08144 0.0
INDEX = 14
4 5 7
6 7 5
1 2 5
6 5 2
0 1 4
5 4 1
7 6 3
2 3 6
4 7 0
3 0 7
8 1 0
8 2 1
8 3 2
8 0 3
FACE-NORMAL = 14
-0.866025 -0.5 -5.49203e-007
-0.866025 -0.5 -5.49203e-007
-0.57934 -0.334482 -0.743295
-0.579341 -0.334482 -0.743294
-0.950988 0.309229 3.39659e-007
-0.950988 0.309229 3.39659e-007
-0.207694 -0.978194 -1.07445e-006
-0.207693 -0.978194 -1.07445e-006
-0.579341 -0.334483 0.743294
-0.57934 -0.334483 0.743294
0.965926 -0.258819 -2.84289e-007
0.612372 0.353553 0.707107
0.258819 0.965926 1.06098e-006
0.612372 0.353554 -0.707106
BONE = 25
BONE_NAME = Bldg_Terran_Planetary_Armor_02
PARENT_ID = 24
LOCALTM 
MAT -0.866025 -0.5 -2.06477e-007 0.0
MAT 0.5 -0.866025 -3.57628e-007 0.0
MAT 0.0 -4.12953e-007 1.0 0.0
MAT 1.63 -0.502909 2.4491e-007 1.0
WORLDTM 
MAT -0.866025 -0.5 -5.49203e-007 0.0
MAT 0.5 -0.866025 -9.51248e-007 0.0
MAT 0.0 -1.09841e-006 1.0 0.0
MAT 1.62166 2.08144 0.0 1.0
VERTEX = 9
1.44941 1.34542 -0.00500097
1.44941 1.34542 0.00499903
1.44367 1.35361 0.00499904
1.44367 1.35361 -0.00500096
1.45092 1.35198 -0.000500962
1.45092 1.35198 0.000499038
1.45035 1.3528 0.000499039
1.45035 1.3528 -0.000500961
1.45064 1.35239 -9.61666e-007
INDEX = 14
4 5 7
6 7 5
1 2 5
6 5 2
0 1 4
5 4 1
7 6 3
2 3 6
4 7 0
3 0 7
8 1 0
8 2 1
8 3 2
8 0 3
FACE-NORMAL = 14
-0.819152 -0.573576 -6.3002e-007
-0.819152 -0.573576 -6.3002e-007
-0.547984 -0.383702 -0.743295
-0.547984 -0.383702 -0.743294
-0.97432 0.225168 2.47327e-007
-0.97432 0.225168 2.47326e-007
-0.121648 -0.992573 -1.09025e-006
-0.121648 -0.992573 -1.09025e-006
-0.547984 -0.383703 0.743294
-0.547984 -0.383703 0.743294
0.984808 -0.173648 -1.90736e-007
0.579228 0.405579 0.707107
0.173648 0.984808 1.08172e-006
0.579228 0.405581 -0.707106
BONE = 26
BONE_NAME = HitTestFuzzy01
PARENT_ID = 25
LOCALTM 
MAT 0.996195 0.0871557 0.0 0.0
MAT -0.0871557 0.996195 0.0 0.0
MAT 0.0 0.0 1.0 0.0
MAT 0.512638 0.545864 0.0 1.0
WORLDTM 
MAT -0.819152 -0.573577 -6.3002e-007 0.0
MAT 0.573577 -0.819152 -8.99762e-007 0.0
MAT 0.0 -1.09841e-006 1.0 0.0
MAT 1.45064 1.35239 -9.61666e-007 1.0
VERTEX = 9
-1.63651 2.07461 0.00499989
-1.63651 2.07461 -0.00500011
-1.63151 2.08327 -0.00500009
-1.63151 2.08327 0.00499991
-1.63859 2.081 0.0004999
-1.63859 2.081 -0.000500101
-1.63809 2.08187 -0.000500099
-1.63809 2.08187 0.000499901
-1.63834 2.08144 0.0
INDEX = 14
4 5 7
6 7 5
1 2 5
6 5 2
0 1 4
5 4 1
7 6 3
2 3 6
4 7 0
3 0 7
8 1 0
8 2 1
8 3 2
8 0 3
FACE-NORMAL = 14
0.866025 -0.5 1.45937e-007
0.866025 -0.5 1.45937e-007
0.57934 -0.334483 0.743294
0.57934 -0.334483 0.743294
0.950988 0.309229 1.03802e-006
0.950988 0.309229 1.03802e-006
0.207694 -0.978194 -8.42763e-007
0.207693 -0.978194 -8.42763e-007
0.579341 -0.334482 -0.743294
0.579341 -0.334482 -0.743294
-0.965926 -0.258819 -9.97799e-007
-0.612372 0.353554 -0.707107
-0.258819 0.965926 7.91414e-007
-0.612373 0.353553 0.707107
BONE = 27
BONE_NAME = Bldg_Terran_Planetary_Armor_01
PARENT_ID = 24
LOCALTM 
MAT 0.866025 -0.5 4.88663e-007 0.0
MAT -0.5 -0.866025 -6.71544e-007 0.0
MAT 7.58967e-007 3.37243e-007 -1.0 0.0
MAT -1.63 -0.502909 2.4491e-007 1.0
WORLDTM 
MAT 0.866025 -0.5 1.45937e-007 0.0
MAT -0.5 -0.866025 -1.26516e-006 0.0
MAT 7.58967e-007 1.0227e-006 -1.0 0.0
MAT -1.63834 2.08144 0.0 1.0
VERTEX = 9
-1.49083 1.35283 -0.00500042
-1.49083 1.35283 0.00499958
-1.48509 1.36102 0.00499959
-1.48509 1.36102 -0.00500041
-1.48415 1.35365 -0.000500414
-1.48415 1.35365 0.000499586
-1.48358 1.35447 0.000499587
-1.48358 1.35447 -0.000500413
-1.48386 1.35406 -4.13682e-007
INDEX = 14
4 5 7
6 7 5
1 2 5
6 5 2
0 1 4
5 4 1
7 6 3
2 3 6
4 7 0
3 0 7
8 1 0
8 2 1
8 3 2
8 0 3
FACE-NORMAL = 14
-0.819152 0.573576 -6.60559e-007
-0.819152 0.573576 -6.60559e-007
-0.547983 0.383703 -0.743295
-0.547983 0.383703 -0.743294
-0.121648 0.992573 5.45047e-007
-0.121648 0.992573 5.45047e-007
-0.97432 -0.225168 -1.42883e-006
-0.97432 -0.225169 -1.42883e-006
-0.547985 0.383702 0.743294
-0.547985 0.383702 0.743294
0.173648 -0.984808 -4.71803e-007
0.579227 -0.40558 0.707107
0.984808 0.173648 1.40597e-006
0.579229 -0.405579 -0.707106
BONE = 28
BONE_NAME = HitTestFuzzy02
PARENT_ID = 27
LOCALTM 
MAT -0.996195 -0.0871557 6.25444e-007 0.0
MAT -0.0871557 0.996195 0.0 0.0
MAT -6.27833e-007 0.0 -1.0 0.0
MAT 0.497468 0.552695 -3.1278e-007 1.0
WORLDTM 
MAT -0.819152 0.573576 -6.60559e-007 0.0
MAT -0.573576 -0.819152 -1.32779e-006 0.0
MAT -1.30269e-006 -7.0878e-007 1.0 0.0
MAT -1.48386 1.35406 -4.13682e-007 1.0
VERTEX = 9
-0.00333674 1.58306 -0.0079348
-0.00333674 1.58306 0.0020652
-0.00333674 1.57306 0.0020652
-0.00333674 1.57306 -0.0079348
-0.00833674 1.57856 -0.0034348
-0.00833674 1.57856 -0.0024348
-0.00833674 1.57756 -0.0024348
-0.00833674 1.57756 -0.0034348
-0.00833674 1.57806 -0.0029348
INDEX = 14
4 5 7
6 7 5
1 2 5
6 5 2
0 1 4
5 4 1
7 6 3
2 3 6
4 7 0
3 0 7
8 1 0
8 2 1
8 3 2
8 0 3
FACE-NORMAL = 14
1.0 0.0 0.0
1.0 0.0 0.0
0.668965 0.0 -0.743294
0.668965 0.0 -0.743294
0.668965 -0.743294 0.0
0.668965 -0.743294 0.0
0.668965 0.743294 0.0
0.668965 0.743294 0.0
0.668965 0.0 0.743294
0.668965 0.0 0.743294
-0.707107 0.707107 0.0
-0.707107 0.0 0.707107
-0.707107 -0.707107 0.0
-0.707107 0.0 -0.707107
BONE = 29
BONE_NAME = Bldg_Terran_Planetary_Base
PARENT_ID = 24
LOCALTM 
MAT 1.0 0.0 0.0 0.0
MAT 0.0 1.0 -6.51683e-007 0.0
MAT 0.0 6.51683e-007 1.0 0.0
MAT 0.0 -1.00629 -0.00293411 1.0
WORLDTM 
MAT 1.0 0.0 0.0 0.0
MAT 0.0 1.0 0.0 0.0
MAT 0.0 0.0 1.0 0.0
MAT -0.00833674 1.57806 -0.0029348 1.0
VERTEX = 9
-0.00333674 1.99665 0.0943272
-0.00333674 1.99665 0.104327
-0.00333674 1.98665 0.104327
-0.00333674 1.98665 0.0943272
-0.00833674 1.99215 0.0988272
-0.00833674 1.99215 0.0998272
-0.00833674 1.99115 0.0998272
-0.00833674 1.99115 0.0988272
-0.00833674 1.99165 0.0993272
INDEX = 14
4 5 7
6 7 5
1 2 5
6 5 2
0 1 4
5 4 1
7 6 3
2 3 6
4 7 0
3 0 7
8 1 0
8 2 1
8 3 2
8 0 3
FACE-NORMAL = 14
1.0 0.0 0.0
1.0 0.0 0.0
0.668965 0.0 -0.743294
0.668965 0.0 -0.743294
0.668965 -0.743294 0.0
0.668965 -0.743294 0.0
0.668965 0.743294 0.0
0.668965 0.743294 0.0
0.668965 0.0 0.743294
0.668965 0.0 0.743294
-0.707107 0.707107 0.0
-0.707107 0.0 0.707107
-0.707107 -0.707107 0.0
-0.707107 0.0 -0.707107
BONE = 30
BONE_NAME = Bldg_Terran_Planetary_Front
PARENT_ID = 29
LOCALTM 
MAT 1.0 0.0 0.0 0.0
MAT 0.0 1.0 0.0 0.0
MAT 0.0 0.0 1.0 0.0
MAT 0.0 0.413589 0.102262 1.0
WORLDTM 
MAT 1.0 0.0 0.0 0.0
MAT 0.0 1.0 0.0 0.0
MAT 0.0 0.0 1.0 0.0
MAT -0.00833674 1.99165 0.0993272 1.0
VERTEX = 9
-0.00333679 2.50898 -0.0050007
-0.00333679 2.50898 0.0049993
-0.00333679 2.49898 0.0049993
-0.00333679 2.49898 -0.0050007
-0.00833679 2.50448 -0.0005007
-0.00833679 2.50448 0.0004993
-0.00833679 2.50348 0.0004993
-0.00833679 2.50348 -0.0005007
-0.00833679 2.50398 -6.99889e-007
INDEX = 14
4 5 7
6 7 5
1 2 5
6 5 2
0 1 4
5 4 1
7 6 3
2 3 6
4 7 0
3 0 7
8 1 0
8 2 1
8 3 2
8 0 3
FACE-NORMAL = 14
1.0 0.0 0.0
1.0 0.0 0.0
0.668965 3.15453e-007 -0.743294
0.668965 3.15453e-007 -0.743294
0.668965 -0.743294 -3.79532e-007
0.668965 -0.743294 -3.79532e-007
0.668965 0.743294 3.79532e-007
0.668965 0.743294 3.79532e-007
0.668965 -4.43611e-007 0.743294
0.668965 -4.43611e-007 0.743294
-0.707107 0.707107 3.61054e-007
-0.707107 -2.93322e-007 0.707107
-0.707107 -0.707107 -3.61054e-007
-0.707107 4.28787e-007 -0.707107
BONE = 31
BONE_NAME = BaseDummy
PARENT_ID = 29
LOCALTM 
MAT 1.0 0.0 0.0 0.0
MAT 0.0 1.0 4.76837e-007 0.0
MAT 0.0 -4.76837e-007 1.0 0.0
MAT 0.0 0.925922 0.00293407 1.0
WORLDTM 
MAT 1.0 0.0 0.0 0.0
MAT 0.0 1.0 5.10608e-007 0.0
MAT 0.0 -5.10608e-007 1.0 0.0
MAT -0.00833679 2.50398 -6.99889e-007 1.0
VERTEX = 9
-0.00333679 2.50898 -0.0050007
-0.00333679 2.50898 0.0049993
-0.00333679 2.49898 0.0049993
-0.00333679 2.49898 -0.0050007
-0.00833679 2.50448 -0.0005007
-0.00833679 2.50448 0.0004993
-0.00833679 2.50348 0.0004993
-0.00833679 2.50348 -0.0005007
-0.00833679 2.50398 -6.99889e-007
INDEX = 14
4 5 7
6 7 5
1 2 5
6 5 2
0 1 4
5 4 1
7 6 3
2 3 6
4 7 0
3 0 7
8 1 0
8 2 1
8 3 2
8 0 3
FACE-NORMAL = 14
1.0 0.0 0.0
1.0 0.0 0.0
0.668965 3.15453e-007 -0.743294
0.668965 3.15453e-007 -0.743294
0.668965 -0.743294 -3.79532e-007
0.668965 -0.743294 -3.79532e-007
0.668965 0.743294 3.79532e-007
0.668965 0.743294 3.79532e-007
0.668965 -4.43611e-007 0.743294
0.668965 -4.43611e-007 0.743294
-0.707107 0.707107 3.61054e-007
-0.707107 -2.93322e-007 0.707107
-0.707107 -0.707107 -3.61054e-007
-0.707107 4.28787e-007 -0.707107
BONE = 32
BONE_NAME = Ref_TurretZ
PARENT_ID = 31
LOCALTM 
MAT 1.0 0.0 0.0 0.0
MAT 0.0 1.0 0.0 0.0
MAT 0.0 0.0 1.0 0.0
MAT 0.0 0.0 0.0 1.0
WORLDTM 
MAT 1.0 0.0 0.0 0.0
MAT 0.0 1.0 5.10608e-007 0.0
MAT 0.0 -5.10608e-007 1.0 0.0
MAT -0.00833679 2.50398 -6.99889e-007 1.0
VERTEX = 9
-0.00333683 2.10415 -0.00500092
-0.00333683 2.10415 0.00499908
-0.00333684 2.09415 0.00499908
-0.00333684 2.09415 -0.00500092
-0.00833683 2.09965 -0.000500917
-0.00833683 2.09965 0.000499083
-0.00833683 2.09865 0.000499083
-0.00833683 2.09865 -0.000500917
-0.00833683 2.09915 -9.16796e-007
INDEX = 14
4 5 7
6 7 5
1 2 5
6 5 2
0 1 4
5 4 1
7 6 3
2 3 6
4 7 0
3 0 7
8 1 0
8 2 1
8 3 2
8 0 3
FACE-NORMAL = 14
1.0 0.0 0.0
1.0 0.0 0.0
0.668965 0.0 -0.743294
0.668965 0.0 -0.743294
0.668965 -0.743294 -1.83114e-007
0.668965 -0.743294 -1.83114e-007
0.668965 0.743294 1.83114e-007
0.668965 0.743294 1.83114e-007
0.668965 -2.47194e-007 0.743294
0.668965 -2.47194e-007 0.743294
-0.707107 0.707107 1.74199e-007
-0.707107 0.0 0.707107
-0.707107 -0.707107 -1.74199e-007
-0.707107 2.41932e-007 -0.707107
BONE = 33
BONE_NAME = Bldg_Terran_CommandCenter_Turret
PARENT_ID = 32
LOCALTM 
MAT 1.0 0.0 0.0 0.0
MAT 0.0 1.0 -2.64253e-007 0.0
MAT 0.0 2.64253e-007 1.0 0.0
MAT 0.0 -0.404828 0.0 1.0
WORLDTM 
MAT 1.0 0.0 0.0 0.0
MAT 0.0 1.0 2.46355e-007 0.0
MAT 0.0 -2.46355e-007 1.0 0.0
MAT -0.00833683 2.09915 -9.16796e-007 1.0
VERTEX = 9
-0.00333684 2.00757 0.0655289
-0.00333684 2.01757 0.0655289
-0.00333684 2.01757 0.0755289
-0.00333684 2.00757 0.0755289
-0.00833684 2.01207 0.0700289
-0.00833684 2.01307 0.0700289
-0.00833684 2.01307 0.0710289
-0.00833684 2.01207 0.0710289
-0.00833684 2.01257 0.0705289
INDEX = 14
4 5 7
6 7 5
1 2 5
6 5 2
0 1 4
5 4 1
7 6 3
2 3 6
4 7 0
3 0 7
8 1 0
8 2 1
8 3 2
8 0 3
FACE-NORMAL = 14
1.0 0.0 0.0
1.0 0.0 0.0
0.668965 -0.743294 -1.50624e-007
0.668965 -0.743294 -1.50624e-007
0.668965 -2.14703e-007 0.743294
0.668965 -2.14703e-007 0.743294
0.668965 0.0 -0.743294
0.668965 0.0 -0.743294
0.668965 0.743294 1.50624e-007
0.668965 0.743294 1.50624e-007
-0.707107 2.11024e-007 -0.707107
-0.707107 0.707107 1.43291e-007
-0.707107 0.0 0.707107
-0.707107 -0.707107 -1.43291e-007
BONE = 34
BONE_NAME = Bldg_Terran_Planetary_Pivots
PARENT_ID = 33
LOCALTM 
MAT 1.0 0.0 0.0 0.0
MAT 0.0 0.0 -1.0 0.0
MAT 0.0 1.0 0.0 0.0
MAT 0.0 -0.0865839 0.0705298 1.0
WORLDTM 
MAT 1.0 0.0 0.0 0.0
MAT 0.0 2.02644e-007 -1.0 0.0
MAT 0.0 1.0 2.02644e-007 0.0
MAT -0.00833684 2.01257 0.0705289 1.0
VERTEX = 9
-0.00333684 2.00757 0.0655289
-0.00333684 2.01757 0.0655289
-0.00333684 2.01757 0.0755289
-0.00333684 2.00757 0.0755289
-0.00833684 2.01207 0.0700289
-0.00833684 2.01307 0.0700289
-0.00833684 2.01307 0.0710289
-0.00833684 2.01207 0.0710289
-0.00833684 2.01257 0.0705289
INDEX = 14
4 5 7
6 7 5
1 2 5
6 5 2
0 1 4
5 4 1
7 6 3
2 3 6
4 7 0
3 0 7
8 1 0
8 2 1
8 3 2
8 0 3
FACE-NORMAL = 14
1.0 0.0 0.0
1.0 0.0 0.0
0.668965 -0.743294 -1.50624e-007
0.668965 -0.743294 -1.50624e-007
0.668965 -2.14703e-007 0.743294
0.668965 -2.14703e-007 0.743294
0.668965 0.0 -0.743294
0.668965 0.0 -0.743294
0.668965 0.743294 1.50624e-007
0.668965 0.743294 1.50624e-007
-0.707107 2.11024e-007 -0.707107
-0.707107 0.707107 1.43291e-007
-0.707107 0.0 0.707107
-0.707107 -0.707107 -1.43291e-007
BONE = 35
BONE_NAME = Bldg_Terran_Planetary_Barrels
PARENT_ID = 34
LOCALTM 
MAT 1.0 0.0 0.0 0.0
MAT 0.0 1.0 0.0 0.0
MAT 0.0 0.0 1.0 0.0
MAT 0.0 0.0 0.0 1.0
WORLDTM 
MAT 1.0 0.0 0.0 0.0
MAT 0.0 2.02644e-007 -1.0 0.0
MAT 0.0 1.0 2.02644e-007 0.0
MAT -0.00833684 2.01257 0.0705289 1.0
VERTEX = 9
-0.971688 0.616542 0.0487049
-0.971688 0.616542 0.0387049
-0.961688 0.616542 0.0387049
-0.961688 0.616542 0.0487049
-0.967188 0.621542 0.0442049
-0.967188 0.621542 0.0432049
-0.966188 0.621542 0.0432049
-0.966188 0.621542 0.0442049
-0.966688 0.621542 0.0437049
INDEX = 14
4 5 7
6 7 5
1 2 5
6 5 2
0 1 4
5 4 1
7 6 3
2 3 6
4 7 0
3 0 7
8 1 0
8 2 1
8 3 2
8 0 3
FACE-NORMAL = 14
2.12548e-006 -1.0 -2.02644e-007
2.12548e-006 -1.0 -2.02644e-007
2.16322e-006 -0.668965 0.743294
2.16322e-006 -0.668965 0.743294
0.743296 -0.668963 -8.76912e-007
0.743295 -0.668963 -8.76912e-007
-0.743293 -0.668966 6.05789e-007
-0.743293 -0.668966 6.05789e-007
6.80518e-007 -0.668965 -0.743294
6.80518e-007 -0.668965 -0.743294
-0.707108 0.707105 8.48549e-007
-2.2082e-006 0.707107 -0.707107
0.707105 0.707108 -5.61967e-007
-7.97681e-007 0.707107 0.707107
BONE = 36
BONE_NAME = Star2Omni07
PARENT_ID = 35
LOCALTM 
MAT 2.22127e-006 0.0 -1.0 0.0
MAT -1.0 -9.97386e-007 -2.22127e-006 0.0
