EXPORTER_V20
ANIMATION_EXPORT
BONEOBJECT_COUNT = 294
VERTEX = 9
-0.0162036 0.467864 -0.155321
-0.0162036 0.467864 -0.155321
-0.0162036 0.467864 -0.155321
-0.0162036 0.467864 -0.155321
-0.0162036 0.467864 -0.155321
-0.0162036 0.467864 -0.155321
-0.0162036 0.467864 -0.155321
-0.0162036 0.467864 -0.155321
-0.0162036 0.467864 -0.155321
INDEX = 14
4 5 7
6 7 5
1 2 5
6 5 2
0 1 4
5 4 1
7 6 3
2 3 6
4 7 0
3 0 7
8 1 0
8 2 1
8 3 2
8 0 3
FACE-NORMAL = 14
1.0 0.0 0.0
1.0 0.0 0.0
1.0 0.0 0.0
1.0 0.0 0.0
1.0 0.0 0.0
1.0 0.0 0.0
1.0 0.0 0.0
1.0 0.0 0.0
1.0 0.0 0.0
1.0 0.0 0.0
1.0 0.0 0.0
1.0 0.0 0.0
1.0 0.0 0.0
1.0 0.0 0.0
BONE = 0
BONE_NAME = Bone_Rifle
PARENT_ID = -1
LOCALTM 
MAT -1.03587 -0.0396623 0.0655344 0.0
MAT -0.065218 0.922754 -0.472408 0.0
MAT -0.0401804 -0.475237 -0.922732 0.0
MAT -0.0162036 0.467864 -0.155321 1.0
WORLDTM 
MAT -1.03587 -0.0396623 0.0655344 0.0
MAT -0.065218 0.922754 -0.472408 0.0
MAT -0.0401804 -0.475237 -0.922732 0.0
MAT -0.0162036 0.467864 -0.155321 1.0
VERTEX = 9
-0.045553 0.556215 -0.193891
-0.045553 0.556215 -0.193891
-0.045553 0.556215 -0.193891
-0.045553 0.556215 -0.193891
-0.045553 0.556215 -0.193891
-0.045553 0.556215 -0.193891
-0.045553 0.556215 -0.193891
-0.045553 0.556215 -0.193891
-0.045553 0.556215 -0.193891
INDEX = 14
4 5 7
6 7 5
1 2 5
6 5 2
0 1 4
5 4 1
7 6 3
2 3 6
4 7 0
3 0 7
8 1 0
8 2 1
8 3 2
8 0 3
FACE-NORMAL = 14
1.0 0.0 0.0
1.0 0.0 0.0
1.0 0.0 0.0
1.0 0.0 0.0
1.0 0.0 0.0
1.0 0.0 0.0
1.0 0.0 0.0
1.0 0.0 0.0
1.0 0.0 0.0
1.0 0.0 0.0
1.0 0.0 0.0
1.0 0.0 0.0
1.0 0.0 0.0
1.0 0.0 0.0
BONE = 1
BONE_NAME = Bone Hose B1
PARENT_ID = 0
LOCALTM 
MAT -0.580577 -0.812566 -0.349755 0.0
MAT 0.555754 -0.00952753 -0.900392 0.0
MAT 0.688279 -0.677723 0.432001 0.0
MAT 0.0225881 0.0942265 -0.00483684 1.0
WORLDTM 
MAT 0.668451 -0.560555 0.668545 0.0
MAT -0.538891 0.397065 0.871742 0.0
MAT -0.686127 -0.857973 -0.0333535 0.0
MAT -0.045553 0.556215 -0.193891 1.0
VERTEX = 9
-0.480323 0.570264 -0.175467
-0.480323 0.570264 -0.175467
-0.480323 0.570264 -0.175467
-0.480323 0.570264 -0.175467
-0.480323 0.570264 -0.175467
-0.480323 0.570264 -0.175467
-0.480323 0.570264 -0.175467
-0.480323 0.570264 -0.175467
-0.480323 0.570264 -0.175467
INDEX = 14
4 5 7
6 7 5
1 2 5
6 5 2
0 1 4
5 4 1
7 6 3
2 3 6
4 7 0
3 0 7
8 1 0
8 2 1
8 3 2
8 0 3
FACE-NORMAL = 14
1.0 0.0 0.0
1.0 0.0 0.0
1.0 0.0 0.0
1.0 0.0 0.0
1.0 0.0 0.0
1.0 0.0 0.0
1.0 0.0 0.0
1.0 0.0 0.0
1.0 0.0 0.0
1.0 0.0 0.0
1.0 0.0 0.0
1.0 0.0 0.0
1.0 0.0 0.0
1.0 0.0 0.0
BONE = 2
BONE_NAME = Object02
PARENT_ID = 0
LOCALTM 
MAT -0.0532897 0.0535722 1.30429 0.0
MAT -1.30486 -0.0393656 -0.051696 0.0
MAT 0.03718 -1.30479 0.0551115 0.0
MAT 0.440623 0.124456 -0.0105904 1.0
WORLDTM 
MAT -0.000699542 -0.5683 -1.23231 0.0
MAT 1.35631 0.0399968 -0.0192152 0.0
MAT 0.0443676 -1.23166 0.567976 0.0
MAT -0.480323 0.570264 -0.175467 1.0
VERTEX = 9
-0.819482 0.540747 -0.1758
-0.819482 0.540747 -0.1758
-0.819482 0.540747 -0.1758
-0.819482 0.540747 -0.1758
-0.819482 0.540747 -0.1758
-0.819482 0.540747 -0.1758
-0.819482 0.540747 -0.1758
-0.819482 0.540747 -0.1758
-0.819482 0.540747 -0.1758
INDEX = 14
4 5 7
6 7 5
1 2 5
6 5 2
0 1 4
5 4 1
7 6 3
2 3 6
4 7 0
3 0 7
8 1 0
8 2 1
8 3 2
8 0 3
FACE-NORMAL = 14
1.0 0.0 0.0
1.0 0.0 0.0
1.0 0.0 0.0
1.0 0.0 0.0
1.0 0.0 0.0
1.0 0.0 0.0
1.0 0.0 0.0
1.0 0.0 0.0
1.0 0.0 0.0
1.0 0.0 0.0
1.0 0.0 0.0
1.0 0.0 0.0
1.0 0.0 0.0
1.0 0.0 0.0
BONE = 3
BONE_NAME = HitTestFuzzy01
PARENT_ID = 2
LOCALTM 
MAT 0.736859 -0.00752343 -0.000277609 0.0
MAT 0.00751659 0.736721 -0.0143291 0.0
MAT 0.000423789 0.0143256 0.736758 0.0
MAT 0.00946049 -0.250429 0.0114677 1.0
WORLDTM 
MAT -0.0107319 -0.418716 -0.908054 0.0
MAT 0.998584 0.0428435 -0.0315576 0.0
MAT 0.0521179 -0.907106 0.417663 0.0
MAT -0.819482 0.540747 -0.1758 1.0
VERTEX = 9
-0.710646 0.550102 -0.180069
-0.710646 0.550102 -0.180069
-0.710646 0.550102 -0.180069
-0.710646 0.550102 -0.180069
-0.710646 0.550102 -0.180069
-0.710646 0.550102 -0.180069
-0.710646 0.550102 -0.180069
-0.710646 0.550102 -0.180069
-0.710646 0.550102 -0.180069
INDEX = 14
4 5 7
6 7 5
1 2 5
6 5 2
0 1 4
5 4 1
7 6 3
2 3 6
4 7 0
3 0 7
8 1 0
8 2 1
8 3 2
8 0 3
FACE-NORMAL = 14
1.0 0.0 0.0
1.0 0.0 0.0
1.0 0.0 0.0
1.0 0.0 0.0
1.0 0.0 0.0
1.0 0.0 0.0
1.0 0.0 0.0
1.0 0.0 0.0
1.0 0.0 0.0
1.0 0.0 0.0
1.0 0.0 0.0
1.0 0.0 0.0
1.0 0.0 0.0
1.0 0.0 0.0
BONE = 4
BONE_NAME = Ref_Weapon
PARENT_ID = 2
LOCALTM 
MAT 0.732141 -0.0154594 0.0821545 0.0
MAT 0.0815379 -0.0276622 -0.73185 0.0
MAT 0.0184374 0.736217 -0.025773 0.0
MAT 0.00938949 -0.170023 0.00651619 1.0
WORLDTM 
MAT -0.0178349 -0.517881 -0.855267 0.0
MAT -0.070046 0.853948 -0.515621 0.0
MAT 0.997385 0.050712 -0.0515057 0.0
MAT -0.710646 0.550102 -0.180069 1.0
VERTEX = 9
-0.383356 0.562013 -0.192977
-0.383356 0.562013 -0.192977
-0.383356 0.562013 -0.192977
-0.383356 0.562013 -0.192977
-0.383356 0.562013 -0.192977
-0.383356 0.562013 -0.192977
-0.383356 0.562013 -0.192977
-0.383356 0.562013 -0.192977
-0.383356 0.562013 -0.192977
INDEX = 14
4 5 7
6 7 5
1 2 5
6 5 2
0 1 4
5 4 1
7 6 3
2 3 6
4 7 0
3 0 7
8 1 0
8 2 1
8 3 2
8 0 3
FACE-NORMAL = 14
1.0 0.0 0.0
1.0 0.0 0.0
1.0 0.0 0.0
1.0 0.0 0.0
1.0 0.0 0.0
1.0 0.0 0.0
1.0 0.0 0.0
1.0 0.0 0.0
1.0 0.0 0.0
1.0 0.0 0.0
1.0 0.0 0.0
1.0 0.0 0.0
1.0 0.0 0.0
1.0 0.0 0.0
BONE = 5
BONE_NAME = Box01
PARENT_ID = 0
LOCALTM 
MAT -0.0244342 0.545435 0.501305 0.0
MAT -0.740775 -0.0128147 -0.0221635 0.0
MAT -0.0076424 -0.501737 0.545532 0.0
MAT 0.346762 0.119205 0.00440854 1.0
WORLDTM 
MAT -0.0304041 0.266032 -0.721839 0.0
MAT 0.769074 0.0280889 -0.0220415 0.0
MAT 0.0187192 -0.721933 -0.266856 0.0
MAT -0.383356 0.562013 -0.192977 1.0
VERTEX = 9
-0.0784605 0.677652 -0.25798
-0.0784605 0.677652 -0.25798
-0.0784605 0.677652 -0.25798
-0.0784605 0.677652 -0.25798
-0.0784605 0.677652 -0.25798
-0.0784605 0.677652 -0.25798
-0.0784605 0.677652 -0.25798
-0.0784605 0.677652 -0.25798
-0.0784605 0.677652 -0.25798
INDEX = 14
4 5 7
6 7 5
1 2 5
6 5 2
0 1 4
5 4 1
7 6 3
2 3 6
4 7 0
3 0 7
8 1 0
8 2 1
8 3 2
8 0 3
FACE-NORMAL = 14
1.0 0.0 0.0
1.0 0.0 0.0
1.0 0.0 0.0
1.0 0.0 0.0
1.0 0.0 0.0
1.0 0.0 0.0
1.0 0.0 0.0
1.0 0.0 0.0
1.0 0.0 0.0
1.0 0.0 0.0
1.0 0.0 0.0
1.0 0.0 0.0
1.0 0.0 0.0
1.0 0.0 0.0
BONE = 6
BONE_NAME = Plane08
PARENT_ID = 0
LOCALTM 
MAT 0.0722725 -0.0997034 0.00636327 0.0
MAT -0.0998336 -0.0723728 -9.13702e-005 0.0
MAT 0.00380869 -0.00509839 -0.123143 0.0
MAT 0.0458261 0.228141 -0.00228953 1.0
WORLDTM 
MAT -0.0686183 -0.0978922 0.0459654 0.0
MAT 0.108139 -0.0627792 0.0277313 0.0
MAT 0.00133511 0.0536662 0.116286 0.0
MAT -0.0784605 0.677652 -0.25798 1.0
VERTEX = 9
0.0 0.0 0.0
0.0 0.0 0.0
0.0 0.0 0.0
0.0 0.0 0.0
0.0 0.0 0.0
0.0 0.0 0.0
0.0 0.0 0.0
0.0 0.0 0.0
0.0 0.0 0.0
INDEX = 14
4 5 7
6 7 5
1 2 5
6 5 2
0 1 4
5 4 1
7 6 3
2 3 6
4 7 0
3 0 7
8 1 0
8 2 1
8 3 2
8 0 3
FACE-NORMAL = 14
1.0 0.0 0.0
1.0 0.0 0.0
1.0 0.0 0.0
1.0 0.0 0.0
1.0 0.0 0.0
1.0 0.0 0.0
1.0 0.0 0.0
1.0 0.0 0.0
1.0 0.0 0.0
1.0 0.0 0.0
1.0 0.0 0.0
1.0 0.0 0.0
1.0 0.0 0.0
1.0 0.0 0.0
BONE = 7
BONE_NAME = Main
PARENT_ID = -1
LOCALTM 
MAT 1.0 0.0 0.0 0.0
MAT 0.0 1.0 0.0 0.0
MAT 0.0 0.0 1.0 0.0
MAT 0.0 0.0 0.0 1.0
WORLDTM 
MAT 1.0 0.0 0.0 0.0
MAT 0.0 1.0 0.0 0.0
MAT 0.0 0.0 1.0 0.0
MAT 0.0 0.0 0.0 1.0
VERTEX = 9
-0.030969 0.514598 -0.035481
-0.030969 0.514598 -0.035481
-0.030969 0.514598 -0.035481
-0.030969 0.514598 -0.035481
-0.030969 0.514598 -0.035481
-0.030969 0.514598 -0.035481
-0.030969 0.514598 -0.035481
-0.030969 0.514598 -0.035481
-0.030969 0.514598 -0.035481
INDEX = 14
4 5 7
6 7 5
1 2 5
6 5 2
0 1 4
5 4 1
7 6 3
2 3 6
4 7 0
3 0 7
8 1 0
8 2 1
8 3 2
8 0 3
FACE-NORMAL = 14
1.0 0.0 0.0
1.0 0.0 0.0
1.0 0.0 0.0
1.0 0.0 0.0
1.0 0.0 0.0
1.0 0.0 0.0
1.0 0.0 0.0
1.0 0.0 0.0
1.0 0.0 0.0
1.0 0.0 0.0
1.0 0.0 0.0
1.0 0.0 0.0
1.0 0.0 0.0
1.0 0.0 0.0
BONE = 8
BONE_NAME = Bone Root
PARENT_ID = 7
LOCALTM 
MAT 1.63913e-007 -1.05562 0.306031 0.0
MAT 0.0 -0.306031 -1.05563 0.0
MAT 1.09909 0.0 -1.93715e-007 0.0
MAT -0.030969 0.514598 -0.035481 1.0
WORLDTM 
MAT 1.63913e-007 -1.05562 0.306031 0.0
MAT 0.0 -0.306031 -1.05563 0.0
MAT 1.09909 0.0 -1.93715e-007 0.0
MAT -0.030969 0.514598 -0.035481 1.0
VERTEX = 9
-0.030969 0.467981 -0.0219666
-0.030969 0.467981 -0.0219666
-0.030969 0.467981 -0.0219666
-0.030969 0.467981 -0.0219666
-0.030969 0.467981 -0.0219666
-0.030969 0.467981 -0.0219666
-0.030969 0.467981 -0.0219666
-0.030969 0.467981 -0.0219666
-0.030969 0.467981 -0.0219666
INDEX = 14
4 5 7
6 7 5
1 2 5
6 5 2
0 1 4
5 4 1
7 6 3
2 3 6
4 7 0
3 0 7
8 1 0
8 2 1
8 3 2
8 0 3
FACE-NORMAL = 14
1.0 0.0 0.0
1.0 0.0 0.0
1.0 0.0 0.0
1.0 0.0 0.0
1.0 0.0 0.0
1.0 0.0 0.0
1.0 0.0 0.0
1.0 0.0 0.0
1.0 0.0 0.0
1.0 0.0 0.0
1.0 0.0 0.0
1.0 0.0 0.0
1.0 0.0 0.0
1.0 0.0 0.0
BONE = 9
BONE_NAME = Bone21
PARENT_ID = 8
LOCALTM 
MAT 1.0 0.0 1.74846e-007 0.0
MAT 0.0 1.0 0.0 0.0
MAT -1.74846e-007 0.0 1.0 0.0
MAT 0.0441602 0.0 0.0 1.0
WORLDTM 
MAT 3.56084e-007 -1.05562 0.306031 0.0
MAT 0.0 -0.306031 -1.05562 0.0
MAT 1.09909 2.81417e-007 -1.70162e-007 0.0
MAT -0.030969 0.467981 -0.0219666 1.0
VERTEX = 9
-0.030969 0.457425 -0.0189063
-0.030969 0.457425 -0.0189063
-0.030969 0.457425 -0.0189063
-0.030969 0.457425 -0.0189063
-0.030969 0.457425 -0.0189063
-0.030969 0.457425 -0.0189063
-0.030969 0.457425 -0.0189063
-0.030969 0.457425 -0.0189063
-0.030969 0.457425 -0.0189063
INDEX = 14
4 5 7
6 7 5
1 2 5
6 5 2
0 1 4
5 4 1
7 6 3
2 3 6
4 7 0
3 0 7
8 1 0
8 2 1
8 3 2
8 0 3
FACE-NORMAL = 14
1.0 0.0 0.0
1.0 0.0 0.0
1.0 0.0 0.0
1.0 0.0 0.0
1.0 0.0 0.0
1.0 0.0 0.0
1.0 0.0 0.0
1.0 0.0 0.0
1.0 0.0 0.0
1.0 0.0 0.0
1.0 0.0 0.0
1.0 0.0 0.0
1.0 0.0 0.0
1.0 0.0 0.0
BONE = 10
BONE_NAME = connectBone05
PARENT_ID = 9
LOCALTM 
MAT 0.0219101 -0.0258747 -0.999425 0.0
MAT -0.0207944 0.999437 -0.0263309 0.0
MAT 0.999544 0.0213593 0.0213597 0.0
MAT 0.00999993 0.0 0.0 1.0
WORLDTM 
MAT -1.09846 -0.0152106 0.0340193 0.0
MAT -0.02894 -0.283908 -1.06139 0.0
MAT 0.0234766 -1.06168 0.283344 0.0
MAT -0.030969 0.457425 -0.0189063 1.0
VERTEX = 9
-0.107286 0.456368 -0.0165428
-0.107286 0.456368 -0.0165428
-0.107286 0.456368 -0.0165428
-0.107286 0.456368 -0.0165428
-0.107286 0.456368 -0.0165428
-0.107286 0.456368 -0.0165428
-0.107286 0.456368 -0.0165428
-0.107286 0.456368 -0.0165428
-0.107286 0.456368 -0.0165428
INDEX = 14
4 5 7
6 7 5
1 2 5
6 5 2
0 1 4
5 4 1
7 6 3
2 3 6
4 7 0
3 0 7
8 1 0
8 2 1
8 3 2
8 0 3
FACE-NORMAL = 14
1.0 0.0 0.0
1.0 0.0 0.0
1.0 0.0 0.0
1.0 0.0 0.0
1.0 0.0 0.0
1.0 0.0 0.0
1.0 0.0 0.0
1.0 0.0 0.0
1.0 0.0 0.0
1.0 0.0 0.0
1.0 0.0 0.0
1.0 0.0 0.0
1.0 0.0 0.0
1.0 0.0 0.0
BONE = 11
BONE_NAME = Bone Leg R
PARENT_ID = 10
LOCALTM 
MAT -0.17357 0.877654 0.446763 0.0
MAT 0.981128 0.193353 0.00133683 0.0
MAT -0.0852098 0.438563 -0.894651 0.0
MAT 0.069476 0.0 0.0 1.0
WORLDTM 
MAT 0.175749 -0.720851 -0.810854 0.0
MAT -1.08329 -0.0712374 -0.171468 0.0
MAT 0.059904 0.826618 -0.721882 0.0
MAT -0.107286 0.456368 -0.0165428 1.0
VERTEX = 9
-0.0730221 0.315833 -0.174625
-0.0730221 0.315833 -0.174625
-0.0730221 0.315833 -0.174625
-0.0730221 0.315833 -0.174625
-0.0730221 0.315833 -0.174625
-0.0730221 0.315833 -0.174625
-0.0730221 0.315833 -0.174625
-0.0730221 0.315833 -0.174625
-0.0730221 0.315833 -0.174625
INDEX = 14
4 5 7
6 7 5
1 2 5
6 5 2
0 1 4
5 4 1
7 6 3
2 3 6
4 7 0
3 0 7
8 1 0
8 2 1
8 3 2
8 0 3
FACE-NORMAL = 14
1.0 0.0 0.0
1.0 0.0 0.0
1.0 0.0 0.0
1.0 0.0 0.0
1.0 0.0 0.0
1.0 0.0 0.0
1.0 0.0 0.0
1.0 0.0 0.0
1.0 0.0 0.0
1.0 0.0 0.0
1.0 0.0 0.0
1.0 0.0 0.0
1.0 0.0 0.0
1.0 0.0 0.0
BONE = 12
BONE_NAME = Bone Shin R
PARENT_ID = 11
LOCALTM 
MAT 0.313963 0.0 -0.949435 0.0
MAT 0.0 1.0 0.0 0.0
MAT 0.949435 0.0 0.313963 0.0
MAT 0.194957 0.0 0.0 1.0
WORLDTM 
MAT -0.00169641 -1.01114 0.430802 0.0
MAT -1.08329 -0.0712374 -0.171468 0.0
MAT 0.18567 -0.424874 -0.996497 0.0
MAT -0.0730221 0.315833 -0.174625 1.0
VERTEX = 9
-0.030969 0.457425 -0.0189063
-0.030969 0.457425 -0.0189063
-0.030969 0.457425 -0.0189063
-0.030969 0.457425 -0.0189063
-0.030969 0.457425 -0.0189063
-0.030969 0.457425 -0.0189063
-0.030969 0.457425 -0.0189063
-0.030969 0.457425 -0.0189063
-0.030969 0.457425 -0.0189063
INDEX = 14
4 5 7
6 7 5
1 2 5
6 5 2
0 1 4
5 4 1
7 6 3
2 3 6
4 7 0
3 0 7
8 1 0
8 2 1
8 3 2
8 0 3
FACE-NORMAL = 14
1.0 0.0 0.0
1.0 0.0 0.0
1.0 0.0 0.0
1.0 0.0 0.0
1.0 0.0 0.0
1.0 0.0 0.0
1.0 0.0 0.0
1.0 0.0 0.0
1.0 0.0 0.0
1.0 0.0 0.0
1.0 0.0 0.0
1.0 0.0 0.0
1.0 0.0 0.0
1.0 0.0 0.0
BONE = 13
BONE_NAME = connectBone06
PARENT_ID = 9
LOCALTM 
MAT 0.0221379 -0.0261431 0.999413 0.0
MAT 0.00057891 0.999659 0.0261367 0.0
MAT -0.999755 0.0 0.0221455 0.0
MAT 0.00999993 0.0 0.0 1.0
WORLDTM 
MAT 1.09845 -0.0153685 0.034372 0.0
MAT 0.0287265 -0.306538 -1.05509 0.0
MAT 0.0243396 1.05537 -0.305956 0.0
MAT -0.030969 0.457425 -0.0189063 1.0
VERTEX = 9
0.0445609 0.456368 -0.0165429
0.0445609 0.456368 -0.0165429
0.0445609 0.456368 -0.0165429
0.0445609 0.456368 -0.0165429
0.0445609 0.456368 -0.0165429
0.0445609 0.456368 -0.0165429
0.0445609 0.456368 -0.0165429
0.0445609 0.456368 -0.0165429
0.0445609 0.456368 -0.0165429
INDEX = 14
4 5 7
6 7 5
1 2 5
6 5 2
0 1 4
5 4 1
7 6 3
2 3 6
4 7 0
3 0 7
8 1 0
8 2 1
8 3 2
8 0 3
FACE-NORMAL = 14
1.0 0.0 0.0
1.0 0.0 0.0
1.0 0.0 0.0
1.0 0.0 0.0
1.0 0.0 0.0
1.0 0.0 0.0
1.0 0.0 0.0
1.0 0.0 0.0
1.0 0.0 0.0
1.0 0.0 0.0
1.0 0.0 0.0
1.0 0.0 0.0
1.0 0.0 0.0
1.0 0.0 0.0
BONE = 14
BONE_NAME = Bone Leg L
PARENT_ID = 13
LOCALTM 
MAT 0.132461 0.677206 -0.723772 0.0
MAT -0.988778 0.141175 -0.0488683 0.0
MAT 0.0690848 0.722123 0.688306 0.0
MAT 0.0687607 0.0 0.0 1.0
WORLDTM 
MAT 0.147338 -0.973469 -0.488516 0.0
MAT -1.08325 -0.0796533 -0.167987 0.0
MAT 0.113383 0.503995 -0.97012 0.0
MAT 0.0445609 0.456368 -0.0165429 1.0
VERTEX = 9
0.0732855 0.266583 -0.111783
0.0732855 0.266583 -0.111783
0.0732855 0.266583 -0.111783
0.0732855 0.266583 -0.111783
0.0732855 0.266583 -0.111783
0.0732855 0.266583 -0.111783
0.0732855 0.266583 -0.111783
0.0732855 0.266583 -0.111783
0.0732855 0.266583 -0.111783
INDEX = 14
4 5 7
6 7 5
1 2 5
6 5 2
0 1 4
5 4 1
7 6 3
2 3 6
4 7 0
3 0 7
8 1 0
8 2 1
8 3 2
8 0 3
FACE-NORMAL = 14
1.0 0.0 0.0
1.0 0.0 0.0
1.0 0.0 0.0
1.0 0.0 0.0
1.0 0.0 0.0
1.0 0.0 0.0
1.0 0.0 0.0
1.0 0.0 0.0
1.0 0.0 0.0
1.0 0.0 0.0
1.0 0.0 0.0
1.0 0.0 0.0
1.0 0.0 0.0
1.0 0.0 0.0
BONE = 15
BONE_NAME = Bone Shin L
PARENT_ID = 14
LOCALTM 
MAT -0.450914 0.0 -0.892567 0.0
MAT 0.0 1.0 0.0 0.0
MAT 0.892567 0.0 -0.450914 0.0
MAT 0.194957 0.0 0.0 1.0
WORLDTM 
MAT -0.167639 -0.0108984 1.08618 0.0
MAT -1.08325 -0.0796533 -0.167987 0.0
MAT 0.0803831 -1.09615 0.00140757 0.0
MAT 0.0732855 0.266583 -0.111783 1.0
VERTEX = 9
-0.0290435 0.529219 -0.0434222
-0.0290435 0.529219 -0.0434222
-0.0290435 0.529219 -0.0434222
-0.0290435 0.529219 -0.0434222
-0.0290435 0.529219 -0.0434222
-0.0290435 0.529219 -0.0434222
-0.0290435 0.529219 -0.0434222
-0.0290435 0.529219 -0.0434222
-0.0290435 0.529219 -0.0434222
INDEX = 14
4 5 7
6 7 5
1 2 5
6 5 2
0 1 4
5 4 1
7 6 3
2 3 6
4 7 0
3 0 7
8 1 0
8 2 1
8 3 2
8 0 3
FACE-NORMAL = 14
1.0 0.0 0.0
1.0 0.0 0.0
1.0 0.0 0.0
1.0 0.0 0.0
1.0 0.0 0.0
1.0 0.0 0.0
1.0 0.0 0.0
1.0 0.0 0.0
1.0 0.0 0.0
1.0 0.0 0.0
1.0 0.0 0.0
1.0 0.0 0.0
1.0 0.0 0.0
1.0 0.0 0.0
BONE = 16
BONE_NAME = Bone Stomach
PARENT_ID = 8
LOCALTM 
MAT -0.99018 0.139797 -4.64613e-007 0.0
MAT 3.05012e-007 -8.57345e-007 -1.0 0.0
MAT -0.139797 -0.99018 8.62226e-007 0.0
MAT -0.0147886 0.00323544 0.00175194 1.0
WORLDTM 
MAT -6.85453e-007 1.00248 -0.450599 0.0
MAT -1.09909 -1.3411e-007 1.19209e-006 0.0
MAT 1.01328e-006 0.450599 1.00248 0.0
MAT -0.0290435 0.529219 -0.0434222 1.0
VERTEX = 9
-0.0290436 0.60345 -0.0767882
-0.0290436 0.60345 -0.0767882
-0.0290436 0.60345 -0.0767882
-0.0290436 0.60345 -0.0767882
-0.0290436 0.60345 -0.0767882
-0.0290436 0.60345 -0.0767882
-0.0290436 0.60345 -0.0767882
-0.0290436 0.60345 -0.0767882
-0.0290436 0.60345 -0.0767882
INDEX = 14
4 5 7
6 7 5
1 2 5
6 5 2
0 1 4
5 4 1
7 6 3
2 3 6
4 7 0
3 0 7
8 1 0
8 2 1
8 3 2
8 0 3
FACE-NORMAL = 14
1.0 0.0 0.0
1.0 0.0 0.0
1.0 0.0 0.0
1.0 0.0 0.0
1.0 0.0 0.0
1.0 0.0 0.0
1.0 0.0 0.0
1.0 0.0 0.0
1.0 0.0 0.0
1.0 0.0 0.0
1.0 0.0 0.0
1.0 0.0 0.0
1.0 0.0 0.0
1.0 0.0 0.0
BONE = 17
BONE_NAME = Bone Chest Top
PARENT_ID = 16
LOCALTM 
MAT 0.951382 0.0985997 -0.291805 0.0
MAT -0.010157 0.956906 0.290219 0.0
MAT 0.307846 -0.273145 0.911385 0.0
MAT 0.0740479 0.0 0.0 1.0
WORLDTM 
MAT -0.108371 0.822251 -0.72122 0.0
MAT -1.05173 0.12059 0.295516 0.0
MAT 0.300212 0.719277 0.774927 0.0
MAT -0.0290436 0.60345 -0.0767882 1.0
VERTEX = 9
-0.0420111 0.70184 -0.163089
-0.0420111 0.70184 -0.163089
-0.0420111 0.70184 -0.163089
-0.0420111 0.70184 -0.163089
-0.0420111 0.70184 -0.163089
-0.0420111 0.70184 -0.163089
-0.0420111 0.70184 -0.163089
-0.0420111 0.70184 -0.163089
-0.0420111 0.70184 -0.163089
INDEX = 14
4 5 7
6 7 5
1 2 5
6 5 2
0 1 4
5 4 1
7 6 3
2 3 6
4 7 0
3 0 7
8 1 0
8 2 1
8 3 2
8 0 3
FACE-NORMAL = 14
1.0 0.0 0.0
1.0 0.0 0.0
1.0 0.0 0.0
1.0 0.0 0.0
1.0 0.0 0.0
1.0 0.0 0.0
1.0 0.0 0.0
1.0 0.0 0.0
1.0 0.0 0.0
1.0 0.0 0.0
1.0 0.0 0.0
1.0 0.0 0.0
1.0 0.0 0.0
1.0 0.0 0.0
BONE = 18
BONE_NAME = Bone32
PARENT_ID = 17
LOCALTM 
MAT 0.997818 0.0 0.0660295 0.0
MAT 0.0 1.0 0.0 0.0
MAT -0.0660295 0.0 0.997818 0.0
MAT 0.119659 0.0 0.0 1.0
WORLDTM 
MAT -0.0883115 0.86795 -0.668478 0.0
MAT -1.05173 0.12059 0.295516 0.0
MAT 0.306713 0.663415 0.820857 0.0
MAT -0.0420111 0.70184 -0.163089 1.0
VERTEX = 9
-0.0428942 0.710519 -0.169773
-0.0428942 0.710519 -0.169773
-0.0428942 0.710519 -0.169773
-0.0428942 0.710519 -0.169773
-0.0428942 0.710519 -0.169773
-0.0428942 0.710519 -0.169773
-0.0428942 0.710519 -0.169773
-0.0428942 0.710519 -0.169773
-0.0428942 0.710519 -0.169773
INDEX = 14
4 5 7
6 7 5
1 2 5
6 5 2
0 1 4
5 4 1
7 6 3
2 3 6
4 7 0
3 0 7
8 1 0
8 2 1
8 3 2
8 0 3
FACE-NORMAL = 14
1.0 0.0 0.0
1.0 0.0 0.0
1.0 0.0 0.0
1.0 0.0 0.0
1.0 0.0 0.0
1.0 0.0 0.0
1.0 0.0 0.0
1.0 0.0 0.0
1.0 0.0 0.0
1.0 0.0 0.0
1.0 0.0 0.0
1.0 0.0 0.0
1.0 0.0 0.0
1.0 0.0 0.0
BONE = 19
BONE_NAME = Bone Shoulder R
PARENT_ID = 18
LOCALTM 
MAT -0.246788 0.957401 -0.149929 0.0
MAT 0.222341 -0.0946459 -0.970364 0.0
MAT -0.943218 -0.27281 -0.189512 0.0
MAT 0.0100001 0.0 0.0 1.0
WORLDTM 
MAT -1.03111 -0.198212 0.32483 0.0
MAT -0.217717 -0.462186 -0.97313 0.0
MAT 0.312093 -0.977289 0.394338 0.0
MAT -0.0428942 0.710519 -0.169773 1.0
VERTEX = 9
-0.197505 0.680798 -0.121067
-0.197505 0.680798 -0.121067
-0.197505 0.680798 -0.121067
-0.197505 0.680798 -0.121067
-0.197505 0.680798 -0.121067
-0.197505 0.680798 -0.121067
-0.197505 0.680798 -0.121067
-0.197505 0.680798 -0.121067
-0.197505 0.680798 -0.121067
INDEX = 14
4 5 7
6 7 5
1 2 5
6 5 2
0 1 4
5 4 1
7 6 3
2 3 6
4 7 0
3 0 7
8 1 0
8 2 1
8 3 2
8 0 3
FACE-NORMAL = 14
1.0 0.0 0.0
1.0 0.0 0.0
1.0 0.0 0.0
1.0 0.0 0.0
1.0 0.0 0.0
1.0 0.0 0.0
1.0 0.0 0.0
1.0 0.0 0.0
1.0 0.0 0.0
1.0 0.0 0.0
1.0 0.0 0.0
1.0 0.0 0.0
1.0 0.0 0.0
1.0 0.0 0.0
BONE = 20
BONE_NAME = Bone ARM R
PARENT_ID = 19
LOCALTM 
MAT 0.608907 -0.517735 0.600984 0.0
MAT -0.728603 -0.0654812 0.681799 0.0
MAT -0.313638 -0.853032 -0.417096 0.0
MAT 0.149945 2.23517e-007 -1.78814e-007 1.0
WORLDTM 
MAT -0.327571 -0.468738 0.938606 0.0
MAT 0.978314 -0.491632 0.095909 0.0
MAT 0.378944 0.86405 0.563755 0.0
MAT -0.197505 0.680798 -0.121067 1.0
VERTEX = 9
-0.245575 0.612014 0.0166731
-0.245575 0.612014 0.0166731
-0.245575 0.612014 0.0166731
-0.245575 0.612014 0.0166731
-0.245575 0.612014 0.0166731
-0.245575 0.612014 0.0166731
-0.245575 0.612014 0.0166731
-0.245575 0.612014 0.0166731
-0.245575 0.612014 0.0166731
INDEX = 14
4 5 7
6 7 5
1 2 5
6 5 2
0 1 4
5 4 1
7 6 3
2 3 6
4 7 0
3 0 7
8 1 0
8 2 1
8 3 2
8 0 3
FACE-NORMAL = 14
1.0 0.0 0.0
1.0 0.0 0.0
1.0 0.0 0.0
1.0 0.0 0.0
1.0 0.0 0.0
1.0 0.0 0.0
1.0 0.0 0.0
1.0 0.0 0.0
1.0 0.0 0.0
1.0 0.0 0.0
1.0 0.0 0.0
1.0 0.0 0.0
1.0 0.0 0.0
1.0 0.0 0.0
BONE = 21
BONE_NAME = Bone 4Arm R
PARENT_ID = 20
LOCALTM 
MAT -0.580893 0.105721 -0.807085 0.0
MAT -0.578331 0.644133 0.500625 0.0
MAT 0.572796 0.757572 -0.313031 0.0
MAT 0.146748 0.0 2.02656e-006 1.0
WORLDTM 
MAT -0.0121282 -0.477051 -0.990088 0.0
MAT 1.00932 0.386974 -0.198817 0.0
MAT 0.434891 -0.911413 0.433815 0.0
MAT -0.245575 0.612014 0.0166731 1.0
VERTEX = 9
-0.247142 0.550314 -0.111377
-0.247142 0.550314 -0.111377
-0.247142 0.550314 -0.111377
-0.247142 0.550314 -0.111377
-0.247142 0.550314 -0.111377
-0.247142 0.550314 -0.111377
-0.247142 0.550314 -0.111377
-0.247142 0.550314 -0.111377
-0.247142 0.550314 -0.111377
INDEX = 14
4 5 7
6 7 5
1 2 5
6 5 2
0 1 4
5 4 1
7 6 3
2 3 6
4 7 0
3 0 7
8 1 0
8 2 1
8 3 2
8 0 3
FACE-NORMAL = 14
1.0 0.0 0.0
1.0 0.0 0.0
1.0 0.0 0.0
1.0 0.0 0.0
1.0 0.0 0.0
1.0 0.0 0.0
1.0 0.0 0.0
1.0 0.0 0.0
1.0 0.0 0.0
1.0 0.0 0.0
1.0 0.0 0.0
1.0 0.0 0.0
1.0 0.0 0.0
1.0 0.0 0.0
BONE = 22
BONE_NAME = Bone Hand R
PARENT_ID = 21
LOCALTM 
MAT 0.972295 0.105267 0.208717 0.0
MAT -0.128696 0.986422 0.10202 0.0
MAT -0.195144 -0.126055 0.972641 0.0
MAT 0.129333 0.0 1.78814e-006 1.0
WORLDTM 
MAT 0.185225 -0.613326 -0.893042 0.0
MAT 1.04154 0.350132 -0.0244392 0.0
MAT 0.29813 -0.842164 0.640218 0.0
MAT -0.247142 0.550314 -0.111377 1.0
VERTEX = 9
-0.216687 0.499529 -0.181339
-0.216687 0.499529 -0.181339
-0.216687 0.499529 -0.181339
-0.216687 0.499529 -0.181339
-0.216687 0.499529 -0.181339
-0.216687 0.499529 -0.181339
-0.216687 0.499529 -0.181339
-0.216687 0.499529 -0.181339
-0.216687 0.499529 -0.181339
INDEX = 14
4 5 7
6 7 5
1 2 5
6 5 2
0 1 4
5 4 1
7 6 3
2 3 6
4 7 0
3 0 7
8 1 0
8 2 1
8 3 2
8 0 3
FACE-NORMAL = 14
1.0 0.0 0.0
1.0 0.0 0.0
1.0 0.0 0.0
1.0 0.0 0.0
1.0 0.0 0.0
1.0 0.0 0.0
1.0 0.0 0.0
1.0 0.0 0.0
1.0 0.0 0.0
1.0 0.0 0.0
1.0 0.0 0.0
1.0 0.0 0.0
1.0 0.0 0.0
1.0 0.0 0.0
BONE = 23
BONE_NAME = Blade Handle
PARENT_ID = 22
LOCALTM 
MAT 0.022 0.54906 0.692693 0.0
MAT -0.117336 -0.68496 0.546659 0.0
MAT 0.876084 -0.105526 0.0558202 0.0
MAT 0.0821756 0.0129543 0.00584275 1.0
WORLDTM 
MAT 0.782457 -0.40461 0.410409 0.0
MAT -0.572173 -0.628238 0.471506 0.0
MAT 0.0690042 -0.621283 -0.744063 0.0
MAT -0.216687 0.499529 -0.181339 1.0
VERTEX = 9
-0.0428942 0.710519 -0.169773
-0.0428942 0.710519 -0.169773
-0.0428942 0.710519 -0.169773
-0.0428942 0.710519 -0.169773
-0.0428942 0.710519 -0.169773
-0.0428942 0.710519 -0.169773
-0.0428942 0.710519 -0.169773
-0.0428942 0.710519 -0.169773
-0.0428942 0.710519 -0.169773
INDEX = 14
4 5 7
6 7 5
1 2 5
6 5 2
0 1 4
5 4 1
7 6 3
2 3 6
4 7 0
3 0 7
8 1 0
8 2 1
8 3 2
8 0 3
FACE-NORMAL = 14
1.0 0.0 0.0
1.0 0.0 0.0
1.0 0.0 0.0
1.0 0.0 0.0
1.0 0.0 0.0
1.0 0.0 0.0
1.0 0.0 0.0
1.0 0.0 0.0
1.0 0.0 0.0
1.0 0.0 0.0
1.0 0.0 0.0
1.0 0.0 0.0
1.0 0.0 0.0
1.0 0.0 0.0
BONE = 24
BONE_NAME = Bone Shoulder L
PARENT_ID = 18
LOCALTM 
MAT -0.115787 -0.938748 0.324568 0.0
MAT -0.464098 0.340034 0.817918 0.0
MAT -0.878184 -0.0559275 -0.475043 0.0
MAT 0.0100001 0.0 0.0 1.0
WORLDTM 
MAT 1.09708 0.00162239 0.0664098 0.0
MAT -0.0657712 0.18081 1.08212 0.0
MAT -0.00932752 -1.08411 0.180577 0.0
MAT -0.0428942 0.710519 -0.169773 1.0
VERTEX = 9
0.11286 0.71075 -0.160345
0.11286 0.71075 -0.160345
0.11286 0.71075 -0.160345
0.11286 0.71075 -0.160345
0.11286 0.71075 -0.160345
0.11286 0.71075 -0.160345
0.11286 0.71075 -0.160345
0.11286 0.71075 -0.160345
0.11286 0.71075 -0.160345
INDEX = 14
4 5 7
6 7 5
1 2 5
6 5 2
0 1 4
5 4 1
7 6 3
2 3 6
4 7 0
3 0 7
8 1 0
8 2 1
8 3 2
8 0 3
FACE-NORMAL = 14
1.0 0.0 0.0
1.0 0.0 0.0
1.0 0.0 0.0
1.0 0.0 0.0
1.0 0.0 0.0
1.0 0.0 0.0
1.0 0.0 0.0
1.0 0.0 0.0
1.0 0.0 0.0
1.0 0.0 0.0
1.0 0.0 0.0
1.0 0.0 0.0
1.0 0.0 0.0
1.0 0.0 0.0
BONE = 25
BONE_NAME = Bone ARM L
PARENT_ID = 24
LOCALTM 
MAT 0.559045 0.0443398 0.827951 0.0
MAT -0.723742 -0.461131 0.513377 0.0
MAT 0.404557 -0.886223 -0.225702 0.0
MAT 0.141971 0.0 1.19209e-007 1.0
WORLDTM 
MAT 0.602678 -0.88867 0.234615 0.0
MAT -0.768462 -0.641111 -0.454358 0.0
MAT 0.504225 0.0851059 -0.972889 0.0
MAT 0.11286 0.71075 -0.160345 1.0
VERTEX = 9
0.201301 0.580339 -0.125914
0.201301 0.580339 -0.125914
0.201301 0.580339 -0.125914
0.201301 0.580339 -0.125914
0.201301 0.580339 -0.125914
0.201301 0.580339 -0.125914
0.201301 0.580339 -0.125914
0.201301 0.580339 -0.125914
0.201301 0.580339 -0.125914
INDEX = 14
4 5 7
6 7 5
1 2 5
6 5 2
0 1 4
5 4 1
7 6 3
2 3 6
4 7 0
3 0 7
8 1 0
8 2 1
8 3 2
8 0 3
FACE-NORMAL = 14
1.0 0.0 0.0
1.0 0.0 0.0
1.0 0.0 0.0
1.0 0.0 0.0
1.0 0.0 0.0
1.0 0.0 0.0
1.0 0.0 0.0
1.0 0.0 0.0
1.0 0.0 0.0
1.0 0.0 0.0
1.0 0.0 0.0
1.0 0.0 0.0
1.0 0.0 0.0
1.0 0.0 0.0
BONE = 26
BONE_NAME = Bone 4ARM L
PARENT_ID = 25
LOCALTM 
MAT 0.225889 0.969224 -0.0978772 0.0
MAT -0.925914 0.182391 -0.330781 0.0
MAT -0.302749 0.165346 0.938618 0.0
MAT 0.146748 0.0 -2.05636e-006 1.0
WORLDTM 
MAT -0.658026 -0.83045 -0.292154 0.0
MAT -0.864977 0.677748 0.0217084 0.0
MAT 0.163752 0.242921 -1.05933 0.0
MAT 0.201301 0.580339 -0.125914 1.0
VERTEX = 9
0.116196 0.472934 -0.163697
0.116196 0.472934 -0.163697
0.116196 0.472934 -0.163697
0.116196 0.472934 -0.163697
0.116196 0.472934 -0.163697
0.116196 0.472934 -0.163697
0.116196 0.472934 -0.163697
0.116196 0.472934 -0.163697
0.116196 0.472934 -0.163697
INDEX = 14
4 5 7
6 7 5
1 2 5
6 5 2
0 1 4
5 4 1
7 6 3
2 3 6
4 7 0
3 0 7
8 1 0
8 2 1
8 3 2
8 0 3
FACE-NORMAL = 14
1.0 0.0 0.0
1.0 0.0 0.0
1.0 0.0 0.0
1.0 0.0 0.0
1.0 0.0 0.0
1.0 0.0 0.0
1.0 0.0 0.0
1.0 0.0 0.0
1.0 0.0 0.0
1.0 0.0 0.0
1.0 0.0 0.0
1.0 0.0 0.0
1.0 0.0 0.0
1.0 0.0 0.0
BONE = 27
BONE_NAME = Bone Hand L
PARENT_ID = 26
LOCALTM 
MAT 0.609151 0.762551 -0.217834 0.0
MAT -0.512751 0.588242 0.625346 0.0
MAT 0.604997 -0.269236 0.749326 0.0
MAT 0.129333 0.0 -1.69873e-006 1.0
WORLDTM 
MAT -1.0961 -0.0419684 0.0693454 0.0
MAT -0.0690107 0.976403 -0.499874 0.0
MAT -0.0425173 -0.502867 -0.976378 0.0
MAT 0.116196 0.472934 -0.163697 1.0
VERTEX = 9
0.0353272 0.762147 -0.197975
0.0353272 0.762147 -0.197975
0.0353272 0.762147 -0.197975
0.0353272 0.762147 -0.197975
0.0353272 0.762147 -0.197975
0.0353272 0.762147 -0.197975
0.0353272 0.762147 -0.197975
0.0353272 0.762147 -0.197975
0.0353272 0.762147 -0.197975
INDEX = 14
4 5 7
6 7 5
1 2 5
6 5 2
0 1 4
5 4 1
7 6 3
2 3 6
4 7 0
3 0 7
8 1 0
8 2 1
8 3 2
8 0 3
FACE-NORMAL = 14
1.0 0.0 0.0
1.0 0.0 0.0
1.0 0.0 0.0
1.0 0.0 0.0
1.0 0.0 0.0
1.0 0.0 0.0
1.0 0.0 0.0
1.0 0.0 0.0
1.0 0.0 0.0
1.0 0.0 0.0
1.0 0.0 0.0
1.0 0.0 0.0
1.0 0.0 0.0
1.0 0.0 0.0
BONE = 28
BONE_NAME = Bone Shoulder PAD
PARENT_ID = 24
LOCALTM 
MAT 0.987182 -0.151778 -0.049333 0.0
MAT -0.138347 -0.967952 0.209594 0.0
MAT -0.0795636 -0.200082 -0.976543 0.0
MAT 0.0695581 -0.0217942 -0.0511523 1.0
WORLDTM 
MAT 1.09346 0.0276414 -0.107591 0.0
MAT -0.0900693 -0.402463 -1.01878 0.0
MAT -0.0650193 1.02238 -0.398137 0.0
MAT 0.0353272 0.762147 -0.197975 1.0
VERTEX = 9
-0.0490556 0.742815 -0.201479
-0.0490556 0.742815 -0.201479
-0.0490556 0.742815 -0.201479
-0.0490556 0.742815 -0.201479
-0.0490556 0.742815 -0.201479
-0.0490556 0.742815 -0.201479
-0.0490556 0.742815 -0.201479
-0.0490556 0.742815 -0.201479
-0.0490556 0.742815 -0.201479
INDEX = 14
4 5 7
6 7 5
1 2 5
6 5 2
0 1 4
5 4 1
7 6 3
2 3 6
4 7 0
3 0 7
8 1 0
8 2 1
8 3 2
8 0 3
FACE-NORMAL = 14
1.0 0.0 0.0
1.0 0.0 0.0
1.0 0.0 0.0
1.0 0.0 0.0
1.0 0.0 0.0
1.0 0.0 0.0
1.0 0.0 0.0
1.0 0.0 0.0
1.0 0.0 0.0
1.0 0.0 0.0
1.0 0.0 0.0
1.0 0.0 0.0
1.0 0.0 0.0
1.0 0.0 0.0
BONE = 29
BONE_NAME = Bone HEAD
PARENT_ID = 17
LOCALTM 
MAT 0.964886 0.0325986 0.260639 0.0
MAT 0.258439 -0.295203 -0.919818 0.0
MAT 0.0469565 0.954879 -0.293262 0.0
MAT 0.171102 0.000831991 -0.0019803 1.0
WORLDTM 
MAT -0.0606034 0.984781 -0.484285 0.0
MAT 0.00632444 -0.484701 -0.98642 0.0
MAT -1.0974 -0.0571774 0.0210595 0.0
MAT -0.0490556 0.742815 -0.201479 1.0
VERTEX = 9
-0.0598019 0.834271 -0.221688
-0.0598019 0.834271 -0.221688
-0.0598019 0.834271 -0.221688
-0.0598019 0.834271 -0.221688
-0.0598019 0.834271 -0.221688
-0.0598019 0.834271 -0.221688
-0.0598019 0.834271 -0.221688
-0.0598019 0.834271 -0.221688
-0.0598019 0.834271 -0.221688
INDEX = 14
4 5 7
6 7 5
1 2 5
6 5 2
0 1 4
5 4 1
7 6 3
2 3 6
4 7 0
3 0 7
8 1 0
8 2 1
8 3 2
8 0 3
FACE-NORMAL = 14
1.0 0.0 0.0
1.0 0.0 0.0
1.0 0.0 0.0
1.0 0.0 0.0
1.0 0.0 0.0
1.0 0.0 0.0
1.0 0.0 0.0
1.0 0.0 0.0
1.0 0.0 0.0
1.0 0.0 0.0
1.0 0.0 0.0
1.0 0.0 0.0
1.0 0.0 0.0
1.0 0.0 0.0
BONE = 30
BONE_NAME = Ref_Head
PARENT_ID = 29
LOCALTM 
MAT -0.0452366 -0.0827388 -0.822427 0.0
MAT 0.799201 -0.214605 -0.0223692 0.0
MAT -0.210972 -0.795221 0.0916062 0.0
MAT 0.083198 -0.0202509 0.0050813 1.0
WORLDTM 
MAT 0.904749 0.0425797 0.0862027 0.0
MAT -0.0252436 0.892336 -0.175822 0.0
MAT -0.0927723 0.172445 0.888521 0.0
MAT -0.0598019 0.834271 -0.221688 1.0
VERTEX = 9
0.116137 0.60509 0.0500143
0.116137 0.60509 0.0500143
0.116137 0.60509 0.0500143
0.116137 0.60509 0.0500143
0.116137 0.60509 0.0500143
0.116137 0.60509 0.0500143
0.116137 0.60509 0.0500143
0.116137 0.60509 0.0500143
0.116137 0.60509 0.0500143
INDEX = 14
4 5 7
6 7 5
1 2 5
6 5 2
0 1 4
5 4 1
7 6 3
2 3 6
4 7 0
3 0 7
8 1 0
8 2 1
8 3 2
8 0 3
FACE-NORMAL = 14
1.0 0.0 0.0
1.0 0.0 0.0
1.0 0.0 0.0
1.0 0.0 0.0
1.0 0.0 0.0
1.0 0.0 0.0
1.0 0.0 0.0
1.0 0.0 0.0
1.0 0.0 0.0
1.0 0.0 0.0
1.0 0.0 0.0
1.0 0.0 0.0
1.0 0.0 0.0
1.0 0.0 0.0
BONE = 31
BONE_NAME = Bone Hose B2
PARENT_ID = 17
LOCALTM 
MAT -0.263979 -0.964368 -0.0175923 0.0
MAT -0.917991 0.245604 0.311402 0.0
MAT -0.295985 0.0983533 -0.950116 0.0
MAT -0.0876138 -0.0952151 0.1184 1.0
WORLDTM 
MAT 1.03758 -0.346004 -0.108232 0.0
MAT -0.0653374 -0.501217 0.975967 0.0
MAT -0.356601 -0.91491 -0.493734 0.0
MAT 0.116137 0.60509 0.0500143 1.0
VERTEX = 9
0.00161181 0.72541 -0.0174555
0.00161181 0.72541 -0.0174555
0.00161181 0.72541 -0.0174555
0.00161181 0.72541 -0.0174555
0.00161181 0.72541 -0.0174555
0.00161181 0.72541 -0.0174555
0.00161181 0.72541 -0.0174555
0.00161181 0.72541 -0.0174555
0.00161181 0.72541 -0.0174555
INDEX = 14
4 5 7
6 7 5
1 2 5
6 5 2
0 1 4
5 4 1
7 6 3
2 3 6
4 7 0
3 0 7
8 1 0
8 2 1
8 3 2
8 0 3
FACE-NORMAL = 14
1.0 0.0 0.0
1.0 0.0 0.0
1.0 0.0 0.0
1.0 0.0 0.0
1.0 0.0 0.0
1.0 0.0 0.0
1.0 0.0 0.0
1.0 0.0 0.0
1.0 0.0 0.0
1.0 0.0 0.0
1.0 0.0 0.0
1.0 0.0 0.0
1.0 0.0 0.0
1.0 0.0 0.0
BONE = 32
BONE_NAME = Dummy13
PARENT_ID = 17
LOCALTM 
MAT 0.0826007 -2.75671e-007 -0.996583 0.0
MAT 5.06639e-007 1.0 -2.16067e-007 0.0
MAT 0.996583 -4.84288e-007 0.0826005 0.0
MAT 0.044841 0.0 0.118299 1.0
WORLDTM 
MAT -0.308138 -0.648901 -0.831852 0.0
MAT -1.05173 0.12059 0.295515 0.0
MAT -0.0832024 0.878854 -0.654746 0.0
MAT 0.00161181 0.72541 -0.0174555 1.0
VERTEX = 9
0.0166807 0.681166 0.0544246
0.0166807 0.681166 0.0544246
0.0166807 0.681166 0.0544246
0.0166807 0.681166 0.0544246
0.0166807 0.681166 0.0544246
0.0166807 0.681166 0.0544246
0.0166807 0.681166 0.0544246
0.0166807 0.681166 0.0544246
0.0166807 0.681166 0.0544246
INDEX = 14
4 5 7
6 7 5
1 2 5
6 5 2
0 1 4
5 4 1
7 6 3
2 3 6
4 7 0
3 0 7
8 1 0
8 2 1
8 3 2
8 0 3
FACE-NORMAL = 14
1.0 0.0 0.0
1.0 0.0 0.0
1.0 0.0 0.0
1.0 0.0 0.0
1.0 0.0 0.0
1.0 0.0 0.0
1.0 0.0 0.0
1.0 0.0 0.0
1.0 0.0 0.0
1.0 0.0 0.0
1.0 0.0 0.0
1.0 0.0 0.0
1.0 0.0 0.0
1.0 0.0 0.0
BONE = 33
BONE_NAME = Bone Backpack
PARENT_ID = 32
LOCALTM 
MAT -0.0496962 -4.6581e-005 0.998765 0.0
MAT 0.00032568 1.0 6.28456e-005 0.0
MAT -0.998765 0.000328399 -0.0496961 0.0
MAT -0.0295749 4.79072e-005 -0.0721867 1.0
WORLDTM 
MAT -0.0677374 0.910011 -0.612611 0.0
MAT -1.05183 0.120434 0.295203 0.0
MAT 0.311546 0.604463 0.86346 0.0
MAT 0.0166807 0.681166 0.0544246 1.0
VERTEX = 9
-0.0172645 0.652372 -0.0716711
-0.0172645 0.652372 -0.0716711
-0.0172645 0.652372 -0.0716711
-0.0172645 0.652372 -0.0716711
-0.0172645 0.652372 -0.0716711
-0.0172645 0.652372 -0.0716711
-0.0172645 0.652372 -0.0716711
-0.0172645 0.652372 -0.0716711
-0.0172645 0.652372 -0.0716711
INDEX = 14
4 5 7
6 7 5
1 2 5
6 5 2
0 1 4
5 4 1
7 6 3
2 3 6
4 7 0
3 0 7
8 1 0
8 2 1
8 3 2
8 0 3
FACE-NORMAL = 14
1.0 0.0 0.0
1.0 0.0 0.0
1.0 0.0 0.0
1.0 0.0 0.0
1.0 0.0 0.0
1.0 0.0 0.0
1.0 0.0 0.0
1.0 0.0 0.0
1.0 0.0 0.0
1.0 0.0 0.0
1.0 0.0 0.0
1.0 0.0 0.0
1.0 0.0 0.0
1.0 0.0 0.0
BONE = 34
BONE_NAME = Vol_Target
PARENT_ID = 17
LOCALTM 
MAT 7.22706e-007 -0.899364 0.0 0.0
MAT 0.831332 6.78003e-007 0.325339 0.0
MAT -0.369733 -2.96161e-007 0.731515 0.0
MAT 0.0291879 -0.00411975 0.0353393 1.0
WORLDTM 
MAT 0.945884 -0.108454 -0.265777 0.0
MAT 0.00757794 0.917573 -0.347459 0.0
MAT 0.259678 0.222149 0.833529 0.0
MAT -0.0172645 0.652372 -0.0716711 1.0
VERTEX = 9
0.236293 0.42297 0.0699338
0.236293 0.42297 0.0699338
0.236293 0.42297 0.0699338
0.236293 0.42297 0.0699338
0.236293 0.42297 0.0699338
0.236293 0.42297 0.0699338
0.236293 0.42297 0.0699338
0.236293 0.42297 0.0699338
0.236293 0.42297 0.0699338
INDEX = 14
4 5 7
6 7 5
1 2 5
6 5 2
0 1 4
5 4 1
7 6 3
2 3 6
4 7 0
3 0 7
8 1 0
8 2 1
8 3 2
8 0 3
FACE-NORMAL = 14
1.0 0.0 0.0
1.0 0.0 0.0
1.0 0.0 0.0
1.0 0.0 0.0
1.0 0.0 0.0
1.0 0.0 0.0
1.0 0.0 0.0
1.0 0.0 0.0
1.0 0.0 0.0
1.0 0.0 0.0
1.0 0.0 0.0
1.0 0.0 0.0
1.0 0.0 0.0
1.0 0.0 0.0
BONE = 35
BONE_NAME = Dummy14
PARENT_ID = 16
LOCALTM 
MAT 0.124219 -0.581455 -0.804039 0.0
MAT 0.676795 -0.542918 0.497181 0.0
MAT -0.725616 -0.605929 0.326085 0.0
MAT -0.130455 -0.241414 0.0544384 1.0
WORLDTM 
MAT 0.639071 -0.237772 -0.862004 0.0
MAT 0.596715 0.9025 0.193449 0.0
MAT 0.665971 -0.580479 0.653854 0.0
MAT 0.236293 0.42297 0.0699338 1.0
VERTEX = 9
0.264149 0.586891 0.0156681
0.264149 0.586891 0.0156681
0.264149 0.586891 0.0156681
0.264149 0.586891 0.0156681
0.264149 0.586891 0.0156681
0.264149 0.586891 0.0156681
0.264149 0.586891 0.0156681
0.264149 0.586891 0.0156681
0.264149 0.586891 0.0156681
INDEX = 14
4 5 7
6 7 5
1 2 5
6 5 2
0 1 4
5 4 1
7 6 3
2 3 6
4 7 0
3 0 7
8 1 0
8 2 1
8 3 2
8 0 3
FACE-NORMAL = 14
1.0 0.0 0.0
1.0 0.0 0.0
1.0 0.0 0.0
1.0 0.0 0.0
1.0 0.0 0.0
1.0 0.0 0.0
1.0 0.0 0.0
1.0 0.0 0.0
1.0 0.0 0.0
1.0 0.0 0.0
1.0 0.0 0.0
1.0 0.0 0.0
1.0 0.0 0.0
1.0 0.0 0.0
BONE = 36
BONE_NAME = Bone HOSE A
PARENT_ID = 35
LOCALTM 
MAT 0.742993 -0.359345 -0.564652 0.0
MAT -0.646703 -0.168081 -0.743992 0.0
MAT 0.172442 0.917943 -0.357273 0.0
MAT 0.0211952 0.127536 -0.0927835 1.0
WORLDTM 
MAT -0.115644 -0.173204 -1.07918 0.0
MAT -1.00906 0.433946 0.0384833 0.0
MAT 0.42002 0.994831 -0.204675 0.0
MAT 0.264149 0.586891 0.0156681 1.0
VERTEX = 9
-0.0152546 -0.0993797 0.0786614
-0.0152546 -0.0993797 0.0786614
-0.0152546 -0.0993797 0.0786614
-0.0152546 -0.0993797 0.0786614
-0.0152546 -0.0993797 0.0786614
-0.0152546 -0.0993797 0.0786614
-0.0152546 -0.0993797 0.0786614
-0.0152546 -0.0993797 0.0786614
-0.0152546 -0.0993797 0.0786614
INDEX = 14
4 5 7
6 7 5
1 2 5
6 5 2
0 1 4
5 4 1
7 6 3
2 3 6
4 7 0
3 0 7
8 1 0
8 2 1
8 3 2
8 0 3
FACE-NORMAL = 14
1.0 0.0 0.0
1.0 0.0 0.0
1.0 0.0 0.0
1.0 0.0 0.0
1.0 0.0 0.0
1.0 0.0 0.0
1.0 0.0 0.0
1.0 0.0 0.0
1.0 0.0 0.0
1.0 0.0 0.0
1.0 0.0 0.0
1.0 0.0 0.0
1.0 0.0 0.0
1.0 0.0 0.0
BONE = 37
BONE_NAME = HitTestTight
PARENT_ID = 8
LOCALTM 
MAT 0.0 0.0 0.909843 0.0
MAT -0.909843 -2.5332e-007 0.0 0.0
MAT 2.08616e-007 -0.909843 0.0 0.0
MAT 0.565448 0.0557986 0.0142976 1.0
WORLDTM 
MAT 1.0 0.0 -1.56462e-007 0.0
MAT -1.49012e-007 0.960453 -0.27844 0.0
MAT 0.0 0.27844 0.960454 0.0
MAT -0.0152546 -0.0993797 0.0786614 1.0
VERTEX = 9
-0.0152546 -0.216463 0.089729
-0.0152546 -0.216463 0.089729
-0.0152546 -0.216463 0.089729
-0.0152546 -0.216463 0.089729
-0.0152546 -0.216463 0.089729
-0.0152546 -0.216463 0.089729
-0.0152546 -0.216463 0.089729
-0.0152546 -0.216463 0.089729
-0.0152546 -0.216463 0.089729
INDEX = 14
4 5 7
6 7 5
1 2 5
6 5 2
0 1 4
5 4 1
7 6 3
2 3 6
4 7 0
3 0 7
8 1 0
8 2 1
8 3 2
8 0 3
FACE-NORMAL = 14
1.0 0.0 0.0
1.0 0.0 0.0
1.0 0.0 0.0
1.0 0.0 0.0
1.0 0.0 0.0
1.0 0.0 0.0
1.0 0.0 0.0
1.0 0.0 0.0
1.0 0.0 0.0
1.0 0.0 0.0
1.0 0.0 0.0
1.0 0.0 0.0
1.0 0.0 0.0
1.0 0.0 0.0
BONE = 38
BONE_NAME = HitTestFuzzy
PARENT_ID = 8
LOCALTM 
MAT 0.0 0.0 1.10403 0.0
MAT -0.909843 -2.23517e-007 0.0 0.0
MAT 2.23517e-007 -0.909844 0.0 0.0
MAT 0.670567 0.0757887 0.0142976 1.0
WORLDTM 
MAT 1.21343 0.0 -2.13868e-007 0.0
MAT -1.49135e-007 0.960453 -0.27844 0.0
MAT 0.0 0.27844 0.960454 0.0
MAT -0.0152546 -0.216463 0.089729 1.0
VERTEX = 9
-0.0734363 0.068787 -0.0693701
-0.0734363 0.068787 -0.0693701
-0.0734363 0.068787 -0.0693701
-0.0734363 0.068787 -0.0693701
-0.0734363 0.068787 -0.0693701
-0.0734363 0.068787 -0.0693701
-0.0734363 0.068787 -0.0693701
-0.0734363 0.068787 -0.0693701
-0.0734363 0.068787 -0.0693701
INDEX = 14
4 5 7
6 7 5
1 2 5
6 5 2
0 1 4
5 4 1
7 6 3
2 3 6
4 7 0
3 0 7
8 1 0
8 2 1
8 3 2
8 0 3
FACE-NORMAL = 14
1.0 0.0 0.0
1.0 0.0 0.0
1.0 0.0 0.0
1.0 0.0 0.0
1.0 0.0 0.0
1.0 0.0 0.0
1.0 0.0 0.0
1.0 0.0 0.0
1.0 0.0 0.0
1.0 0.0 0.0
1.0 0.0 0.0
1.0 0.0 0.0
1.0 0.0 0.0
1.0 0.0 0.0
BONE = 39
BONE_NAME = Dummy07
PARENT_ID = 7
LOCALTM 
MAT 2.18373 0.0 0.0 0.0
MAT 0.0 2.18373 0.0 0.0
MAT 0.0 0.0 2.18373 0.0
MAT -0.0734363 0.068787 -0.0693701 1.0
WORLDTM 
MAT 2.18373 0.0 0.0 0.0
MAT 0.0 2.18373 0.0 0.0
MAT 0.0 0.0 2.18373 0.0
MAT -0.0734363 0.068787 -0.0693701 1.0
VERTEX = 9
-0.0734365 0.0415883 -0.0693707
-0.0734365 0.0415883 -0.0693707
-0.0734365 0.0415883 -0.0693707
-0.0734365 0.0415883 -0.0693707
-0.0734365 0.0415883 -0.0693707
-0.0734365 0.0415883 -0.0693707
-0.0734365 0.0415883 -0.0693707
-0.0734365 0.0415883 -0.0693707
-0.0734365 0.0415883 -0.0693707
INDEX = 14
4 5 7
6 7 5
1 2 5
6 5 2
0 1 4
5 4 1
7 6 3
2 3 6
4 7 0
3 0 7
8 1 0
8 2 1
8 3 2
8 0 3
FACE-NORMAL = 14
1.0 0.0 0.0
1.0 0.0 0.0
1.0 0.0 0.0
1.0 0.0 0.0
1.0 0.0 0.0
1.0 0.0 0.0
1.0 0.0 0.0
1.0 0.0 0.0
1.0 0.0 0.0
1.0 0.0 0.0
1.0 0.0 0.0
1.0 0.0 0.0
1.0 0.0 0.0
1.0 0.0 0.0
BONE = 40
BONE_NAME = Bone Foot R
PARENT_ID = 39
LOCALTM 
MAT -1.19998e-007 -0.0624278 -0.499423 0.0
MAT -0.503309 0.0 0.0 0.0
MAT 0.0 0.499423 -0.0624279 0.0
MAT 0.0 -0.0124552 -2.79397e-007 1.0
WORLDTM 
MAT -2.62043e-007 -0.136325 -1.0906 0.0
MAT -1.09909 -1.30967e-007 1.96524e-007 0.0
MAT 0.0 1.0906 -0.136326 0.0
MAT -0.0734365 0.0415883 -0.0693707 1.0
VERTEX = 9
-0.0734365 0.0290327 -0.169815
-0.0734365 0.0290327 -0.169815
-0.0734365 0.0290327 -0.169815
-0.0734365 0.0290327 -0.169815
-0.0734365 0.0290327 -0.169815
-0.0734365 0.0290327 -0.169815
-0.0734365 0.0290327 -0.169815
-0.0734365 0.0290327 -0.169815
-0.0734365 0.0290327 -0.169815
INDEX = 14
4 5 7
6 7 5
1 2 5
6 5 2
0 1 4
5 4 1
7 6 3
2 3 6
4 7 0
3 0 7
8 1 0
8 2 1
8 3 2
8 0 3
FACE-NORMAL = 14
1.0 0.0 0.0
1.0 0.0 0.0
1.0 0.0 0.0
1.0 0.0 0.0
1.0 0.0 0.0
1.0 0.0 0.0
1.0 0.0 0.0
1.0 0.0 0.0
1.0 0.0 0.0
1.0 0.0 0.0
1.0 0.0 0.0
1.0 0.0 0.0
1.0 0.0 0.0
1.0 0.0 0.0
BONE = 41
BONE_NAME = Bone Toe R
PARENT_ID = 40
LOCALTM 
MAT 0.992278 -1.27063e-007 0.124035 0.0
MAT 1.26229e-007 1.0 0.0 0.0
MAT -0.124035 0.0 0.992278 0.0
MAT 0.0921002 0.0 0.0 1.0
WORLDTM 
MAT -1.32582e-007 0.0 -1.09909 0.0
MAT -1.09909 -1.32248e-007 0.0 0.0
MAT 0.0 1.09909 -1.79047e-007 0.0
MAT -0.0734365 0.0290327 -0.169815 1.0
VERTEX = 9
0.0323274 0.26392 0.153596
0.0323274 0.26392 0.153596
0.0323274 0.26392 0.153596
0.0323274 0.26392 0.153596
0.0323274 0.26392 0.153596
0.0323274 0.26392 0.153596
0.0323274 0.26392 0.153596
0.0323274 0.26392 0.153596
0.0323274 0.26392 0.153596
INDEX = 14
4 5 7
6 7 5
1 2 5
6 5 2
0 1 4
5 4 1
7 6 3
2 3 6
4 7 0
3 0 7
8 1 0
8 2 1
8 3 2
8 0 3
FACE-NORMAL = 14
1.0 0.0 0.0
1.0 0.0 0.0
1.0 0.0 0.0
1.0 0.0 0.0
1.0 0.0 0.0
1.0 0.0 0.0
1.0 0.0 0.0
1.0 0.0 0.0
1.0 0.0 0.0
1.0 0.0 0.0
1.0 0.0 0.0
1.0 0.0 0.0
1.0 0.0 0.0
1.0 0.0 0.0
BONE = 42
BONE_NAME = Dummy08
PARENT_ID = 7
LOCALTM 
MAT 2.18373 0.0 0.0 0.0
MAT 0.0 0.279286 -2.16579 0.0
MAT 0.0 2.16579 0.279286 0.0
MAT 0.0323274 0.26392 0.153596 1.0
WORLDTM 
MAT 2.18373 0.0 0.0 0.0
MAT 0.0 0.279286 -2.16579 0.0
MAT 0.0 2.16579 0.279286 0.0
MAT 0.0323274 0.26392 0.153596 1.0
VERTEX = 9
0.0323273 0.260441 0.180571
0.0323273 0.260441 0.180571
0.0323273 0.260441 0.180571
0.0323273 0.260441 0.180571
0.0323273 0.260441 0.180571
0.0323273 0.260441 0.180571
0.0323273 0.260441 0.180571
0.0323273 0.260441 0.180571
0.0323273 0.260441 0.180571
INDEX = 14
4 5 7
6 7 5
1 2 5
6 5 2
0 1 4
5 4 1
7 6 3
2 3 6
4 7 0
3 0 7
8 1 0
8 2 1
8 3 2
8 0 3
FACE-NORMAL = 14
1.0 0.0 0.0
1.0 0.0 0.0
1.0 0.0 0.0
1.0 0.0 0.0
1.0 0.0 0.0
1.0 0.0 0.0
1.0 0.0 0.0
1.0 0.0 0.0
1.0 0.0 0.0
1.0 0.0 0.0
1.0 0.0 0.0
1.0 0.0 0.0
1.0 0.0 0.0
1.0 0.0 0.0
BONE = 43
BONE_NAME = Bone Foot L
PARENT_ID = 42
LOCALTM 
MAT -7.19221e-006 -0.0623894 -0.499427 0.0
MAT -0.503309 7.94425e-007 7.09428e-006 0.0
MAT 0.0 0.499427 -0.0623895 0.0
MAT 0.0 -0.0124552 -1.78814e-007 1.0
WORLDTM 
MAT -1.57058e-005 -1.09908 -0.00436037 0.0
MAT -1.09909 1.55866e-005 2.6077e-007 0.0
MAT -1.3411e-007 0.00436024 -1.09908 0.0
MAT 0.0323273 0.260441 0.180571 1.0
VERTEX = 9
0.0323258 0.159215 0.180169
0.0323258 0.159215 0.180169
0.0323258 0.159215 0.180169
0.0323258 0.159215 0.180169
0.0323258 0.159215 0.180169
0.0323258 0.159215 0.180169
0.0323258 0.159215 0.180169
0.0323258 0.159215 0.180169
0.0323258 0.159215 0.180169
INDEX = 14
4 5 7
6 7 5
