EXPORTER_V20
ANIMATION_EXPORT
BONEOBJECT_COUNT = 292
VERTEX = 9
0.0 0.0 0.0
0.0 0.0 0.0
0.0 0.0 0.0
0.0 0.0 0.0
0.0 0.0 0.0
0.0 0.0 0.0
0.0 0.0 0.0
0.0 0.0 0.0
0.0 0.0 0.0
INDEX = 14
4 5 7
6 7 5
1 2 5
6 5 2
0 1 4
5 4 1
7 6 3
2 3 6
4 7 0
3 0 7
8 1 0
8 2 1
8 3 2
8 0 3
FACE-NORMAL = 14
1.0 0.0 0.0
1.0 0.0 0.0
1.0 0.0 0.0
1.0 0.0 0.0
1.0 0.0 0.0
1.0 0.0 0.0
1.0 0.0 0.0
1.0 0.0 0.0
1.0 0.0 0.0
1.0 0.0 0.0
1.0 0.0 0.0
1.0 0.0 0.0
1.0 0.0 0.0
1.0 0.0 0.0
BONE = 0
BONE_NAME = Bone_Link_Object
PARENT_ID = -1
LOCALTM 
MAT 1.22418 0.0 0.0 0.0
MAT 0.0 1.22418 0.0 0.0
MAT 0.0 0.0 1.22418 0.0
MAT 0.0 0.0 0.0 1.0
WORLDTM 
MAT 1.22418 0.0 0.0 0.0
MAT 0.0 1.22418 0.0 0.0
MAT 0.0 0.0 1.22418 0.0
MAT 0.0 0.0 0.0 1.0
VERTEX = 9
0.0 2.00408 0.0235309
0.0 2.00408 0.0235309
0.0 2.00408 0.0235309
0.0 2.00408 0.0235309
0.0 2.00408 0.0235309
0.0 2.00408 0.0235309
0.0 2.00408 0.0235309
0.0 2.00408 0.0235309
0.0 2.00408 0.0235309
INDEX = 14
4 5 7
6 7 5
1 2 5
6 5 2
0 1 4
5 4 1
7 6 3
2 3 6
4 7 0
3 0 7
8 1 0
8 2 1
8 3 2
8 0 3
FACE-NORMAL = 14
1.0 0.0 0.0
1.0 0.0 0.0
1.0 0.0 0.0
1.0 0.0 0.0
1.0 0.0 0.0
1.0 0.0 0.0
1.0 0.0 0.0
1.0 0.0 0.0
1.0 0.0 0.0
1.0 0.0 0.0
1.0 0.0 0.0
1.0 0.0 0.0
1.0 0.0 0.0
1.0 0.0 0.0
BONE = 1
BONE_NAME = bldg_Zerg_Spire_Meats_01
PARENT_ID = 0
LOCALTM 
MAT 0.816876 0.0 0.0 0.0
MAT 0.0 0.141849 0.804466 0.0
MAT 0.0 -0.804466 0.141849 0.0
MAT 0.0 1.63709 0.0192218 1.0
WORLDTM 
MAT 1.0 0.0 0.0 0.0
MAT 0.0 0.173648 0.984808 0.0
MAT 0.0 -0.984808 0.173648 0.0
MAT 0.0 2.00408 0.0235309 1.0
VERTEX = 9
0.0 -1.16379 0.645829
0.0 -1.16379 0.645829
0.0 -1.16379 0.645829
0.0 -1.16379 0.645829
0.0 -1.16379 0.645829
0.0 -1.16379 0.645829
0.0 -1.16379 0.645829
0.0 -1.16379 0.645829
0.0 -1.16379 0.645829
INDEX = 14
4 5 7
6 7 5
1 2 5
6 5 2
0 1 4
5 4 1
7 6 3
2 3 6
4 7 0
3 0 7
8 1 0
8 2 1
8 3 2
8 0 3
FACE-NORMAL = 14
1.0 0.0 0.0
1.0 0.0 0.0
1.0 0.0 0.0
1.0 0.0 0.0
1.0 0.0 0.0
1.0 0.0 0.0
1.0 0.0 0.0
1.0 0.0 0.0
1.0 0.0 0.0
1.0 0.0 0.0
1.0 0.0 0.0
1.0 0.0 0.0
1.0 0.0 0.0
1.0 0.0 0.0
BONE = 2
BONE_NAME = Bone_Spire_Claw_01
PARENT_ID = 1
LOCALTM 
MAT 1.0 0.0 0.0 0.0
MAT 0.0 0.939693 -0.34202 0.0
MAT 0.0 0.34202 0.939693 0.0
MAT 0.0 0.0627487 3.22781 1.0
WORLDTM 
MAT 1.0 0.0 0.0 0.0
MAT 0.0 0.5 0.866025 0.0
MAT 0.0 -0.866025 0.5 0.0
MAT 0.0 -1.16379 0.645829 1.0
VERTEX = 9
0.0 -0.476034 1.83705
0.0 -0.476034 1.83705
0.0 -0.476034 1.83705
0.0 -0.476034 1.83705
0.0 -0.476034 1.83705
0.0 -0.476034 1.83705
0.0 -0.476034 1.83705
0.0 -0.476034 1.83705
0.0 -0.476034 1.83705
INDEX = 14
4 5 7
6 7 5
1 2 5
6 5 2
0 1 4
5 4 1
7 6 3
2 3 6
4 7 0
3 0 7
8 1 0
8 2 1
8 3 2
8 0 3
FACE-NORMAL = 14
1.0 0.0 0.0
1.0 0.0 0.0
1.0 0.0 0.0
1.0 0.0 0.0
1.0 0.0 0.0
1.0 0.0 0.0
1.0 0.0 0.0
1.0 0.0 0.0
1.0 0.0 0.0
1.0 0.0 0.0
1.0 0.0 0.0
1.0 0.0 0.0
1.0 0.0 0.0
1.0 0.0 0.0
BONE = 3
BONE_NAME = Bone_Spire_Claw_06
PARENT_ID = 2
LOCALTM 
MAT 1.0 0.0 0.0 0.0
MAT 0.0 0.787292 -0.616581 0.0
MAT 0.0 0.616581 0.787292 0.0
MAT 0.0 1.37551 -7.15256e-007 1.0
WORLDTM 
MAT 1.0 0.0 0.0 0.0
MAT 0.0 0.927621 0.373524 0.0
MAT 0.0 -0.373524 0.927621 0.0
MAT 0.0 -0.476034 1.83705 1.0
VERTEX = 9
-0.00342476 1.25859 2.34202
-0.00342476 1.25859 2.34202
-0.00342476 1.25859 2.34202
-0.00342476 1.25859 2.34202
-0.00342476 1.25859 2.34202
-0.00342476 1.25859 2.34202
-0.00342476 1.25859 2.34202
-0.00342476 1.25859 2.34202
-0.00342476 1.25859 2.34202
INDEX = 14
4 5 7
6 7 5
1 2 5
6 5 2
0 1 4
5 4 1
7 6 3
2 3 6
4 7 0
3 0 7
8 1 0
8 2 1
8 3 2
8 0 3
FACE-NORMAL = 14
1.0 0.0 0.0
1.0 0.0 0.0
1.0 0.0 0.0
1.0 0.0 0.0
1.0 0.0 0.0
1.0 0.0 0.0
1.0 0.0 0.0
1.0 0.0 0.0
1.0 0.0 0.0
1.0 0.0 0.0
1.0 0.0 0.0
1.0 0.0 0.0
1.0 0.0 0.0
1.0 0.0 0.0
BONE = 4
BONE_NAME = Vol_Target 02
PARENT_ID = 3
LOCALTM 
MAT -0.398958 0.00722747 0.00663256 0.0
MAT -0.00052169 1.3936 -0.274474 0.0
MAT -0.00486087 -0.742765 -0.514912 0.0
MAT -0.00342476 1.79769 -0.179512 1.0
WORLDTM 
MAT -0.398958 0.00422693 0.00885213 0.0
MAT -0.00052169 1.39525 0.265936 0.0
MAT -0.00486087 -0.496672 -0.755084 0.0
MAT -0.00342476 1.25859 2.34202 1.0
VERTEX = 9
-0.00342476 -0.633648 1.5707
-0.00342476 -0.633648 1.5707
-0.00342476 -0.633648 1.5707
-0.00342476 -0.633648 1.5707
-0.00342476 -0.633648 1.5707
-0.00342476 -0.633648 1.5707
-0.00342476 -0.633648 1.5707
-0.00342476 -0.633648 1.5707
-0.00342476 -0.633648 1.5707
INDEX = 14
4 5 7
6 7 5
1 2 5
6 5 2
0 1 4
5 4 1
7 6 3
2 3 6
4 7 0
3 0 7
8 1 0
8 2 1
8 3 2
8 0 3
FACE-NORMAL = 14
1.0 0.0 0.0
1.0 0.0 0.0
1.0 0.0 0.0
1.0 0.0 0.0
1.0 0.0 0.0
1.0 0.0 0.0
1.0 0.0 0.0
1.0 0.0 0.0
1.0 0.0 0.0
1.0 0.0 0.0
1.0 0.0 0.0
1.0 0.0 0.0
1.0 0.0 0.0
1.0 0.0 0.0
BONE = 5
BONE_NAME = Vol_Target 03
PARENT_ID = 2
LOCALTM 
MAT -1.3907 0.0203068 0.0103784 0.0
MAT 0.0143251 1.91131 -0.0826861 0.0
MAT -0.00923074 -0.0932827 -1.69193 0.0
MAT -0.00342476 1.06603 0.00331974 1.0
WORLDTM 
MAT -1.3907 0.0011654 0.0227754 0.0
MAT 0.0143251 1.02726 1.6139 0.0
MAT -0.00923074 1.41862 -0.926752 0.0
MAT -0.00342476 -0.633648 1.5707 1.0
VERTEX = 9
4.03591e-007 -1.13675 0.904849
4.03591e-007 -1.13675 0.904849
4.03591e-007 -1.13675 0.904849
4.03591e-007 -1.13675 0.904849
4.03591e-007 -1.13675 0.904849
4.03591e-007 -1.13675 0.904849
4.03591e-007 -1.13675 0.904849
4.03591e-007 -1.13675 0.904849
4.03591e-007 -1.13675 0.904849
INDEX = 14
4 5 7
6 7 5
1 2 5
6 5 2
0 1 4
5 4 1
7 6 3
2 3 6
4 7 0
3 0 7
8 1 0
8 2 1
8 3 2
8 0 3
FACE-NORMAL = 14
1.0 0.0 0.0
1.0 0.0 0.0
1.0 0.0 0.0
1.0 0.0 0.0
1.0 0.0 0.0
1.0 0.0 0.0
1.0 0.0 0.0
1.0 0.0 0.0
1.0 0.0 0.0
1.0 0.0 0.0
1.0 0.0 0.0
1.0 0.0 0.0
1.0 0.0 0.0
1.0 0.0 0.0
BONE = 6
BONE_NAME = bldg_Zerg_Spire_Plate_01
PARENT_ID = 1
LOCALTM 
MAT 1.0 0.0 0.0 0.0
MAT 0.0 1.0 0.0 0.0
MAT 0.0 0.0 1.0 0.0
MAT 4.30303e-007 0.322528 3.24616 1.0
WORLDTM 
MAT 1.0 0.0 0.0 0.0
MAT 0.0 0.173648 0.984808 0.0
MAT 0.0 -0.984808 0.173648 0.0
MAT 4.03591e-007 -1.13675 0.904849 1.0
VERTEX = 9
2.96501e-007 -1.30227 -0.58004
2.96501e-007 -1.30227 -0.58004
2.96501e-007 -1.30227 -0.58004
2.96501e-007 -1.30227 -0.58004
2.96501e-007 -1.30227 -0.58004
2.96501e-007 -1.30227 -0.58004
2.96501e-007 -1.30227 -0.58004
2.96501e-007 -1.30227 -0.58004
2.96501e-007 -1.30227 -0.58004
INDEX = 14
4 5 7
6 7 5
1 2 5
6 5 2
0 1 4
5 4 1
7 6 3
2 3 6
4 7 0
3 0 7
8 1 0
8 2 1
8 3 2
8 0 3
FACE-NORMAL = 14
1.0 0.0 0.0
1.0 0.0 0.0
1.0 0.0 0.0
1.0 0.0 0.0
1.0 0.0 0.0
1.0 0.0 0.0
1.0 0.0 0.0
1.0 0.0 0.0
1.0 0.0 0.0
1.0 0.0 0.0
1.0 0.0 0.0
1.0 0.0 0.0
1.0 0.0 0.0
1.0 0.0 0.0
BONE = 7
BONE_NAME = bldg_Zerg_Spire_Plate_03
PARENT_ID = 1
LOCALTM 
MAT 1.0 0.0 0.0 0.0
MAT 0.0 1.0 0.0 0.0
MAT 0.0 0.0 1.0 0.0
MAT 3.23213e-007 -1.16854 3.15131 1.0
WORLDTM 
MAT 1.0 0.0 0.0 0.0
MAT 0.0 0.173648 0.984808 0.0
MAT 0.0 -0.984808 0.173648 0.0
MAT 2.96501e-007 -1.30227 -0.58004 1.0
VERTEX = 9
3.59738e-007 -1.2665 0.235379
3.59738e-007 -1.2665 0.235379
3.59738e-007 -1.2665 0.235379
3.59738e-007 -1.2665 0.235379
3.59738e-007 -1.2665 0.235379
3.59738e-007 -1.2665 0.235379
3.59738e-007 -1.2665 0.235379
3.59738e-007 -1.2665 0.235379
3.59738e-007 -1.2665 0.235379
INDEX = 14
4 5 7
6 7 5
1 2 5
6 5 2
0 1 4
5 4 1
7 6 3
2 3 6
4 7 0
3 0 7
8 1 0
8 2 1
8 3 2
8 0 3
FACE-NORMAL = 14
1.0 0.0 0.0
1.0 0.0 0.0
1.0 0.0 0.0
1.0 0.0 0.0
1.0 0.0 0.0
1.0 0.0 0.0
1.0 0.0 0.0
1.0 0.0 0.0
1.0 0.0 0.0
1.0 0.0 0.0
1.0 0.0 0.0
1.0 0.0 0.0
1.0 0.0 0.0
1.0 0.0 0.0
BONE = 8
BONE_NAME = bldg_Zerg_Spire_Plate_02
PARENT_ID = 1
LOCALTM 
MAT 1.0 0.0 0.0 0.0
MAT 0.0 1.0 0.0 0.0
MAT 0.0 0.0 1.0 0.0
MAT 3.8645e-007 -0.359301 3.25768 1.0
WORLDTM 
MAT 1.0 0.0 0.0 0.0
MAT 0.0 0.173648 0.984808 0.0
MAT 0.0 -0.984808 0.173648 0.0
MAT 3.59738e-007 -1.2665 0.235379 1.0
VERTEX = 9
0.234138 1.9603 0.109105
0.234138 1.9603 0.109105
0.234138 1.9603 0.109105
0.234138 1.9603 0.109105
0.234138 1.9603 0.109105
0.234138 1.9603 0.109105
0.234138 1.9603 0.109105
0.234138 1.9603 0.109105
0.234138 1.9603 0.109105
INDEX = 14
4 5 7
6 7 5
1 2 5
6 5 2
0 1 4
5 4 1
7 6 3
2 3 6
4 7 0
3 0 7
8 1 0
8 2 1
8 3 2
8 0 3
FACE-NORMAL = 14
1.0 0.0 0.0
1.0 0.0 0.0
1.0 0.0 0.0
1.0 0.0 0.0
1.0 0.0 0.0
1.0 0.0 0.0
1.0 0.0 0.0
1.0 0.0 0.0
1.0 0.0 0.0
1.0 0.0 0.0
1.0 0.0 0.0
1.0 0.0 0.0
1.0 0.0 0.0
1.0 0.0 0.0
BONE = 9
BONE_NAME = bldg_Zerg_Spire_Meats_02
PARENT_ID = 0
LOCALTM 
MAT 0.292358 0.0 -0.631307 0.0
MAT 0.572159 0.294022 0.264966 0.0
MAT 0.266802 -0.630534 0.123556 0.0
MAT 0.191262 1.60132 0.0891256 1.0
WORLDTM 
MAT 0.357898 0.0 -0.772831 0.0
MAT 0.700423 0.359935 0.324365 0.0
MAT 0.326612 -0.771884 0.151254 0.0
MAT 0.234138 1.9603 0.109105 1.0
VERTEX = 9
1.33233 -0.508607 0.617678
1.33233 -0.508607 0.617678
1.33233 -0.508607 0.617678
1.33233 -0.508607 0.617678
1.33233 -0.508607 0.617678
1.33233 -0.508607 0.617678
1.33233 -0.508607 0.617678
1.33233 -0.508607 0.617678
1.33233 -0.508607 0.617678
INDEX = 14
4 5 7
6 7 5
1 2 5
6 5 2
0 1 4
5 4 1
7 6 3
2 3 6
4 7 0
3 0 7
8 1 0
8 2 1
8 3 2
8 0 3
FACE-NORMAL = 14
1.0 0.0 0.0
1.0 0.0 0.0
1.0 0.0 0.0
1.0 0.0 0.0
1.0 0.0 0.0
1.0 0.0 0.0
1.0 0.0 0.0
1.0 0.0 0.0
1.0 0.0 0.0
1.0 0.0 0.0
1.0 0.0 0.0
1.0 0.0 0.0
1.0 0.0 0.0
1.0 0.0 0.0
BONE = 10
BONE_NAME = Bone_Spire_Claw_02
PARENT_ID = 9
LOCALTM 
MAT 1.0 0.0 0.0 0.0
MAT 0.0 0.939692 -0.34202 0.0
MAT 0.0 0.34202 0.939693 0.0
MAT 0.0 0.0627487 3.22781 1.0
WORLDTM 
MAT 0.357898 0.0 -0.772831 0.0
MAT 0.546475 0.602228 0.253072 0.0
MAT 0.546474 -0.602229 0.253072 0.0
MAT 1.33233 -0.508607 0.617678 1.0
VERTEX = 9
2.18774 0.434076 1.01382
2.18774 0.434076 1.01382
2.18774 0.434076 1.01382
2.18774 0.434076 1.01382
2.18774 0.434076 1.01382
2.18774 0.434076 1.01382
2.18774 0.434076 1.01382
2.18774 0.434076 1.01382
2.18774 0.434076 1.01382
INDEX = 14
4 5 7
6 7 5
1 2 5
6 5 2
0 1 4
5 4 1
7 6 3
2 3 6
4 7 0
3 0 7
8 1 0
8 2 1
8 3 2
8 0 3
FACE-NORMAL = 14
1.0 0.0 0.0
1.0 0.0 0.0
1.0 0.0 0.0
1.0 0.0 0.0
1.0 0.0 0.0
1.0 0.0 0.0
1.0 0.0 0.0
1.0 0.0 0.0
1.0 0.0 0.0
1.0 0.0 0.0
1.0 0.0 0.0
1.0 0.0 0.0
1.0 0.0 0.0
1.0 0.0 0.0
BONE = 11
BONE_NAME = Bone_Spire_Claw_08
PARENT_ID = 10
LOCALTM 
MAT 1.0 0.0 0.0 0.0
MAT 0.0 0.689236 -0.724536 0.0
MAT 0.0 0.724536 0.689237 0.0
MAT 2.01573e-007 1.56532 4.76837e-007 1.0
WORLDTM 
MAT 0.357898 0.0 -0.772831 0.0
MAT -0.0192902 0.851414 -0.00893329 0.0
MAT 0.772591 0.0212582 0.357786 0.0
MAT 2.18774 0.434076 1.01382 1.0
VERTEX = 9
2.20713 1.57602 1.03907
2.20713 1.57602 1.03907
2.20713 1.57602 1.03907
2.20713 1.57602 1.03907
2.20713 1.57602 1.03907
2.20713 1.57602 1.03907
2.20713 1.57602 1.03907
2.20713 1.57602 1.03907
2.20713 1.57602 1.03907
INDEX = 14
4 5 7
6 7 5
1 2 5
6 5 2
0 1 4
5 4 1
7 6 3
2 3 6
4 7 0
3 0 7
8 1 0
8 2 1
8 3 2
8 0 3
FACE-NORMAL = 14
1.0 0.0 0.0
1.0 0.0 0.0
1.0 0.0 0.0
1.0 0.0 0.0
1.0 0.0 0.0
1.0 0.0 0.0
1.0 0.0 0.0
1.0 0.0 0.0
1.0 0.0 0.0
1.0 0.0 0.0
1.0 0.0 0.0
1.0 0.0 0.0
1.0 0.0 0.0
1.0 0.0 0.0
BONE = 12
BONE_NAME = Vol_Target 11
PARENT_ID = 11
LOCALTM 
MAT -0.492593 -0.0337785 0.0149566 0.0
MAT -0.0101213 1.66251 -0.0075062 0.0
MAT -0.0102691 -0.0182865 -0.710042 0.0
MAT -0.0173343 1.33957 0.0665736 1.0
WORLDTM 
MAT -0.164091 -0.0284415 0.386344 0.0
MAT -0.0414919 1.41533 -0.00971522 0.0
MAT -0.551894 -0.0306636 -0.245943 0.0
MAT 2.20713 1.57602 1.03907 1.0
VERTEX = 9
1.86266 -0.12649 0.815709
1.86266 -0.12649 0.815709
1.86266 -0.12649 0.815709
1.86266 -0.12649 0.815709
1.86266 -0.12649 0.815709
1.86266 -0.12649 0.815709
1.86266 -0.12649 0.815709
1.86266 -0.12649 0.815709
1.86266 -0.12649 0.815709
INDEX = 14
4 5 7
6 7 5
1 2 5
6 5 2
0 1 4
5 4 1
7 6 3
2 3 6
4 7 0
3 0 7
8 1 0
8 2 1
8 3 2
8 0 3
FACE-NORMAL = 14
1.0 0.0 0.0
1.0 0.0 0.0
1.0 0.0 0.0
1.0 0.0 0.0
1.0 0.0 0.0
1.0 0.0 0.0
1.0 0.0 0.0
1.0 0.0 0.0
1.0 0.0 0.0
1.0 0.0 0.0
1.0 0.0 0.0
1.0 0.0 0.0
1.0 0.0 0.0
1.0 0.0 0.0
BONE = 13
BONE_NAME = Vol_Target 10
PARENT_ID = 10
LOCALTM 
MAT -1.34042 0.0323488 0.061166 0.0
MAT 0.0327801 1.85621 0.442781 0.0
MAT -0.0378428 0.462073 -1.78299 0.0
MAT 0.0506765 0.785884 0.15138 1.0
WORLDTM 
MAT -0.428629 -0.0173544 1.05958 0.0
MAT 1.26807 0.851206 0.556476 0.0
MAT -0.735392 1.35204 -0.305041 0.0
MAT 1.86266 -0.12649 0.815709 1.0
VERTEX = 9
1.52028 -0.42927 0.704717
1.52028 -0.42927 0.704717
1.52028 -0.42927 0.704717
1.52028 -0.42927 0.704717
1.52028 -0.42927 0.704717
1.52028 -0.42927 0.704717
1.52028 -0.42927 0.704717
1.52028 -0.42927 0.704717
1.52028 -0.42927 0.704717
INDEX = 14
4 5 7
6 7 5
1 2 5
6 5 2
0 1 4
5 4 1
7 6 3
2 3 6
4 7 0
3 0 7
8 1 0
8 2 1
8 3 2
8 0 3
FACE-NORMAL = 14
1.0 0.0 0.0
1.0 0.0 0.0
1.0 0.0 0.0
1.0 0.0 0.0
1.0 0.0 0.0
1.0 0.0 0.0
1.0 0.0 0.0
1.0 0.0 0.0
1.0 0.0 0.0
1.0 0.0 0.0
1.0 0.0 0.0
1.0 0.0 0.0
1.0 0.0 0.0
1.0 0.0 0.0
BONE = 14
BONE_NAME = bldg_Zerg_Spire_Plate_04
PARENT_ID = 9
LOCALTM 
MAT 1.0 -1.20145e-007 0.0 0.0
MAT 0.0 1.0 1.19209e-007 0.0
MAT 1.37828e-007 0.0 1.0 0.0
MAT 6.01518e-007 0.322528 3.24616 1.0
WORLDTM 
MAT 0.357898 -1.22003e-007 -0.772831 0.0
MAT 0.700423 0.359935 0.324365 0.0
MAT 0.326613 -0.771884 0.151254 0.0
MAT 1.52028 -0.42927 0.704717 1.0
VERTEX = 9
1.04647 -0.683575 0.485297
1.04647 -0.683575 0.485297
1.04647 -0.683575 0.485297
1.04647 -0.683575 0.485297
1.04647 -0.683575 0.485297
1.04647 -0.683575 0.485297
1.04647 -0.683575 0.485297
1.04647 -0.683575 0.485297
1.04647 -0.683575 0.485297
INDEX = 14
4 5 7
6 7 5
1 2 5
6 5 2
0 1 4
5 4 1
7 6 3
2 3 6
4 7 0
3 0 7
8 1 0
8 2 1
8 3 2
8 0 3
FACE-NORMAL = 14
1.0 0.0 0.0
1.0 0.0 0.0
1.0 0.0 0.0
1.0 0.0 0.0
1.0 0.0 0.0
1.0 0.0 0.0
1.0 0.0 0.0
1.0 0.0 0.0
1.0 0.0 0.0
1.0 0.0 0.0
1.0 0.0 0.0
1.0 0.0 0.0
1.0 0.0 0.0
1.0 0.0 0.0
BONE = 15
BONE_NAME = bldg_Zerg_Spire_Plate_06
PARENT_ID = 9
LOCALTM 
MAT 1.0 0.0 0.0 0.0
MAT 1.4033e-007 1.0 0.0 0.0
MAT 1.52729e-007 0.0 1.0 0.0
MAT 6.0763e-007 -0.359301 3.25768 1.0
WORLDTM 
MAT 0.357898 0.0 -0.772831 0.0
MAT 0.700423 0.359935 0.324365 0.0
MAT 0.326613 -0.771884 0.151254 0.0
MAT 1.04647 -0.683575 0.485297 1.0
VERTEX = 9
0.0 2.00408 0.0235309
0.0 2.00408 0.0235309
0.0 2.00408 0.0235309
0.0 2.00408 0.0235309
0.0 2.00408 0.0235309
0.0 2.00408 0.0235309
0.0 2.00408 0.0235309
0.0 2.00408 0.0235309
0.0 2.00408 0.0235309
INDEX = 14
4 5 7
6 7 5
1 2 5
6 5 2
0 1 4
5 4 1
7 6 3
2 3 6
4 7 0
3 0 7
8 1 0
8 2 1
8 3 2
8 0 3
FACE-NORMAL = 14
1.0 0.0 0.0
1.0 0.0 0.0
1.0 0.0 0.0
1.0 0.0 0.0
1.0 0.0 0.0
1.0 0.0 0.0
1.0 0.0 0.0
1.0 0.0 0.0
1.0 0.0 0.0
1.0 0.0 0.0
1.0 0.0 0.0
1.0 0.0 0.0
1.0 0.0 0.0
1.0 0.0 0.0
BONE = 16
BONE_NAME = bldg_Zerg_Spire_Meats_03
PARENT_ID = 0
LOCALTM 
MAT -0.669146 0.0 -0.468541 0.0
MAT 0.424642 0.345227 -0.606452 0.0
MAT 0.198014 -0.740341 -0.282793 0.0
MAT 0.0 1.63709 0.0192218 1.0
WORLDTM 
MAT -0.819152 0.0 -0.573576 0.0
MAT 0.519837 0.422618 -0.742404 0.0
MAT 0.242404 -0.906308 -0.346189 0.0
MAT 0.0 2.00408 0.0235309 1.0
VERTEX = 9
0.815053 -0.894784 -1.14048
0.815053 -0.894784 -1.14048
0.815053 -0.894784 -1.14048
0.815053 -0.894784 -1.14048
0.815053 -0.894784 -1.14048
0.815053 -0.894784 -1.14048
0.815053 -0.894784 -1.14048
0.815053 -0.894784 -1.14048
0.815053 -0.894784 -1.14048
INDEX = 14
4 5 7
6 7 5
1 2 5
6 5 2
0 1 4
5 4 1
7 6 3
2 3 6
4 7 0
3 0 7
8 1 0
8 2 1
8 3 2
8 0 3
FACE-NORMAL = 14
1.0 0.0 0.0
1.0 0.0 0.0
1.0 0.0 0.0
1.0 0.0 0.0
1.0 0.0 0.0
1.0 0.0 0.0
1.0 0.0 0.0
1.0 0.0 0.0
1.0 0.0 0.0
1.0 0.0 0.0
1.0 0.0 0.0
1.0 0.0 0.0
1.0 0.0 0.0
1.0 0.0 0.0
BONE = 17
BONE_NAME = Bone_Spire_Claw_03
PARENT_ID = 16
LOCALTM 
MAT 1.0 0.0 0.0 0.0
MAT 0.0 0.965926 -0.258819 0.0
MAT 0.0 0.258819 0.965926 0.0
MAT -1.99303e-007 0.0627493 3.22781 1.0
WORLDTM 
MAT -0.819152 0.0 -0.573576 0.0
MAT 0.439385 0.642788 -0.627507 0.0
MAT 0.368688 -0.766045 -0.526541 0.0
MAT 0.815053 -0.894784 -1.14048 1.0
VERTEX = 9
1.41133 -0.0224788 -1.99205
1.41133 -0.0224788 -1.99205
1.41133 -0.0224788 -1.99205
1.41133 -0.0224788 -1.99205
1.41133 -0.0224788 -1.99205
1.41133 -0.0224788 -1.99205
1.41133 -0.0224788 -1.99205
1.41133 -0.0224788 -1.99205
1.41133 -0.0224788 -1.99205
INDEX = 14
4 5 7
6 7 5
1 2 5
6 5 2
0 1 4
5 4 1
7 6 3
2 3 6
4 7 0
3 0 7
8 1 0
8 2 1
8 3 2
8 0 3
FACE-NORMAL = 14
1.0 0.0 0.0
1.0 0.0 0.0
1.0 0.0 0.0
1.0 0.0 0.0
1.0 0.0 0.0
1.0 0.0 0.0
1.0 0.0 0.0
1.0 0.0 0.0
1.0 0.0 0.0
1.0 0.0 0.0
1.0 0.0 0.0
1.0 0.0 0.0
1.0 0.0 0.0
1.0 0.0 0.0
BONE = 18
BONE_NAME = Bone_Spire_Claw_07
PARENT_ID = 17
LOCALTM 
MAT 1.0 0.0 0.0 0.0
MAT 0.0 0.814103 -0.58072 0.0
MAT 0.0 0.58072 0.814103 0.0
MAT 4.11645e-007 1.35707 7.15256e-007 1.0
WORLDTM 
MAT -0.819152 0.0 -0.573576 0.0
MAT 0.1436 0.968153 -0.205083 0.0
MAT 0.555309 -0.25036 -0.793064 0.0
MAT 1.41133 -0.0224788 -1.99205 1.0
VERTEX = 9
1.60202 1.45682 -2.2705
1.60202 1.45682 -2.2705
1.60202 1.45682 -2.2705
1.60202 1.45682 -2.2705
1.60202 1.45682 -2.2705
1.60202 1.45682 -2.2705
1.60202 1.45682 -2.2705
1.60202 1.45682 -2.2705
1.60202 1.45682 -2.2705
INDEX = 14
4 5 7
6 7 5
1 2 5
6 5 2
0 1 4
5 4 1
7 6 3
2 3 6
4 7 0
3 0 7
8 1 0
8 2 1
8 3 2
8 0 3
FACE-NORMAL = 14
1.0 0.0 0.0
1.0 0.0 0.0
1.0 0.0 0.0
1.0 0.0 0.0
1.0 0.0 0.0
1.0 0.0 0.0
1.0 0.0 0.0
1.0 0.0 0.0
1.0 0.0 0.0
1.0 0.0 0.0
1.0 0.0 0.0
1.0 0.0 0.0
1.0 0.0 0.0
1.0 0.0 0.0
BONE = 19
BONE_NAME = Vol_Target 09
PARENT_ID = 18
LOCALTM 
MAT -0.43119 0.0122927 0.00667865 0.0
MAT 0.00208015 1.87027 -0.123312 0.0
MAT -0.00437987 -0.321956 -0.716073 0.0
MAT 0.00349947 1.51667 -0.0436361 1.0
WORLDTM 
MAT 0.358684 0.0102291 0.239503 0.0
MAT 0.198391 1.84158 -0.286959 0.0
MAT -0.440287 -0.132426 0.636431 0.0
MAT 1.60202 1.45682 -2.2705 1.0
VERTEX = 9
1.2985 -0.244871 -1.83507
1.2985 -0.244871 -1.83507
1.2985 -0.244871 -1.83507
1.2985 -0.244871 -1.83507
1.2985 -0.244871 -1.83507
1.2985 -0.244871 -1.83507
1.2985 -0.244871 -1.83507
1.2985 -0.244871 -1.83507
1.2985 -0.244871 -1.83507
INDEX = 14
4 5 7
6 7 5
1 2 5
6 5 2
0 1 4
5 4 1
7 6 3
2 3 6
4 7 0
3 0 7
8 1 0
8 2 1
8 3 2
8 0 3
FACE-NORMAL = 14
1.0 0.0 0.0
1.0 0.0 0.0
1.0 0.0 0.0
1.0 0.0 0.0
1.0 0.0 0.0
1.0 0.0 0.0
1.0 0.0 0.0
1.0 0.0 0.0
1.0 0.0 0.0
1.0 0.0 0.0
1.0 0.0 0.0
1.0 0.0 0.0
1.0 0.0 0.0
1.0 0.0 0.0
BONE = 20
BONE_NAME = Vol_Target 08
PARENT_ID = 17
LOCALTM 
MAT -1.39072 0.0203068 0.00630485 0.0
MAT 0.0144883 1.91131 -0.0826441 0.0
MAT -0.00588998 -0.0932825 -1.69196 0.0
MAT 0.00238175 1.06603 0.0461062 1.0
WORLDTM 
MAT 1.15046 0.00822319 0.78162 0.0
MAT 0.797462 1.29187 -1.16415 0.0
MAT -0.659965 1.23615 0.952797 0.0
MAT 1.2985 -0.244871 -1.83507 1.0
VERTEX = 9
0.954544 -0.80163 -1.3397
0.954544 -0.80163 -1.3397
0.954544 -0.80163 -1.3397
0.954544 -0.80163 -1.3397
0.954544 -0.80163 -1.3397
0.954544 -0.80163 -1.3397
0.954544 -0.80163 -1.3397
0.954544 -0.80163 -1.3397
0.954544 -0.80163 -1.3397
INDEX = 14
4 5 7
6 7 5
1 2 5
6 5 2
0 1 4
5 4 1
7 6 3
2 3 6
4 7 0
3 0 7
8 1 0
8 2 1
8 3 2
8 0 3
FACE-NORMAL = 14
1.0 0.0 0.0
1.0 0.0 0.0
1.0 0.0 0.0
1.0 0.0 0.0
1.0 0.0 0.0
1.0 0.0 0.0
1.0 0.0 0.0
1.0 0.0 0.0
1.0 0.0 0.0
1.0 0.0 0.0
1.0 0.0 0.0
1.0 0.0 0.0
1.0 0.0 0.0
1.0 0.0 0.0
BONE = 21
BONE_NAME = bldg_Zerg_Spire_Plate_07
PARENT_ID = 16
LOCALTM 
MAT 1.0 0.0 0.0 0.0
MAT 0.0 1.0 0.0 0.0
MAT 0.0 -1.19209e-007 1.0 0.0
MAT 4.5076e-007 0.322528 3.24616 1.0
WORLDTM 
MAT -0.819152 0.0 -0.573576 0.0
MAT 0.519837 0.422618 -0.742404 0.0
MAT 0.242404 -0.906308 -0.346189 0.0
MAT 0.954544 -0.80163 -1.3397 1.0
VERTEX = 9
0.156438 -1.34582 -0.199886
0.156438 -1.34582 -0.199886
0.156438 -1.34582 -0.199886
0.156438 -1.34582 -0.199886
0.156438 -1.34582 -0.199886
0.156438 -1.34582 -0.199886
0.156438 -1.34582 -0.199886
0.156438 -1.34582 -0.199886
0.156438 -1.34582 -0.199886
INDEX = 14
4 5 7
6 7 5
1 2 5
6 5 2
0 1 4
5 4 1
7 6 3
2 3 6
4 7 0
3 0 7
8 1 0
8 2 1
8 3 2
8 0 3
FACE-NORMAL = 14
1.0 0.0 0.0
1.0 0.0 0.0
1.0 0.0 0.0
1.0 0.0 0.0
1.0 0.0 0.0
1.0 0.0 0.0
1.0 0.0 0.0
1.0 0.0 0.0
1.0 0.0 0.0
1.0 0.0 0.0
1.0 0.0 0.0
1.0 0.0 0.0
1.0 0.0 0.0
1.0 0.0 0.0
BONE = 22
BONE_NAME = bldg_Zerg_Spire_Plate_08
PARENT_ID = 16
LOCALTM 
MAT 1.0 0.0 0.0 0.0
MAT 0.0 1.0 -1.49012e-007 0.0
MAT 0.0 1.19209e-007 1.0 0.0
MAT 2.89641e-007 -1.16854 3.15131 1.0
WORLDTM 
MAT -0.819152 0.0 -0.573576 0.0
MAT 0.519837 0.422619 -0.742404 0.0
MAT 0.242404 -0.906308 -0.346189 0.0
MAT 0.156438 -1.34582 -0.199886 1.0
VERTEX = 9
0.602897 -1.10022 -0.837494
0.602897 -1.10022 -0.837494
0.602897 -1.10022 -0.837494
0.602897 -1.10022 -0.837494
0.602897 -1.10022 -0.837494
0.602897 -1.10022 -0.837494
0.602897 -1.10022 -0.837494
0.602897 -1.10022 -0.837494
0.602897 -1.10022 -0.837494
INDEX = 14
4 5 7
6 7 5
1 2 5
6 5 2
0 1 4
5 4 1
7 6 3
2 3 6
4 7 0
3 0 7
8 1 0
8 2 1
8 3 2
8 0 3
FACE-NORMAL = 14
1.0 0.0 0.0
1.0 0.0 0.0
1.0 0.0 0.0
1.0 0.0 0.0
1.0 0.0 0.0
1.0 0.0 0.0
1.0 0.0 0.0
1.0 0.0 0.0
1.0 0.0 0.0
1.0 0.0 0.0
1.0 0.0 0.0
1.0 0.0 0.0
1.0 0.0 0.0
1.0 0.0 0.0
BONE = 23
BONE_NAME = bldg_Zerg_Spire_Plate_09
PARENT_ID = 16
LOCALTM 
MAT 1.0 0.0 0.0 0.0
MAT 0.0 1.0 -1.49012e-007 0.0
MAT 0.0 1.19209e-007 1.0 0.0
MAT 2.30037e-007 -0.3593 3.25768 1.0
WORLDTM 
MAT -0.819152 0.0 -0.573576 0.0
MAT 0.519837 0.422619 -0.742404 0.0
MAT 0.242404 -0.906308 -0.346189 0.0
MAT 0.602897 -1.10022 -0.837494 1.0
VERTEX = 9
-0.14445 1.97698 0.0761065
-0.14445 1.97698 0.0761065
-0.14445 1.97698 0.0761065
-0.14445 1.97698 0.0761065
-0.14445 1.97698 0.0761065
-0.14445 1.97698 0.0761065
-0.14445 1.97698 0.0761065
-0.14445 1.97698 0.0761065
-0.14445 1.97698 0.0761065
INDEX = 14
4 5 7
6 7 5
1 2 5
6 5 2
0 1 4
5 4 1
7 6 3
2 3 6
4 7 0
3 0 7
8 1 0
8 2 1
8 3 2
8 0 3
FACE-NORMAL = 14
1.0 0.0 0.0
1.0 0.0 0.0
1.0 0.0 0.0
1.0 0.0 0.0
1.0 0.0 0.0
1.0 0.0 0.0
1.0 0.0 0.0
1.0 0.0 0.0
1.0 0.0 0.0
1.0 0.0 0.0
1.0 0.0 0.0
1.0 0.0 0.0
1.0 0.0 0.0
1.0 0.0 0.0
BONE = 24
BONE_NAME = bldg_Zerg_Spire_Meats_04
PARENT_ID = 0
LOCALTM 
MAT 0.248174 -1.58479e-007 0.681852 0.0
MAT -0.640732 0.248174 0.233207 0.0
MAT -0.233207 -0.681852 0.0848803 0.0
MAT -0.117997 1.61495 0.0621696 1.0
WORLDTM 
MAT 0.303808 -1.94006e-007 0.834708 0.0
MAT -0.784368 0.303808 0.285487 0.0
MAT -0.285487 -0.834707 0.103908 0.0
MAT -0.14445 1.97698 0.0761065 1.0
VERTEX = 9
-1.11516 -0.698232 0.429417
-1.11516 -0.698232 0.429417
-1.11516 -0.698232 0.429417
-1.11516 -0.698232 0.429417
-1.11516 -0.698232 0.429417
-1.11516 -0.698232 0.429417
-1.11516 -0.698232 0.429417
-1.11516 -0.698232 0.429417
-1.11516 -0.698232 0.429417
INDEX = 14
4 5 7
6 7 5
1 2 5
6 5 2
0 1 4
5 4 1
7 6 3
2 3 6
4 7 0
3 0 7
8 1 0
8 2 1
8 3 2
8 0 3
FACE-NORMAL = 14
1.0 0.0 0.0
1.0 0.0 0.0
1.0 0.0 0.0
1.0 0.0 0.0
1.0 0.0 0.0
1.0 0.0 0.0
1.0 0.0 0.0
1.0 0.0 0.0
1.0 0.0 0.0
1.0 0.0 0.0
1.0 0.0 0.0
1.0 0.0 0.0
1.0 0.0 0.0
1.0 0.0 0.0
BONE = 25
BONE_NAME = Bone_Spire_Claw_04
PARENT_ID = 24
LOCALTM 
MAT 0.999555 0.00638053 -0.0291439 0.0
MAT -0.0138452 0.964508 -0.263691 0.0
MAT 0.026427 0.263977 0.964167 0.0
MAT 0.0 0.0627488 3.22781 1.0
WORLDTM 
MAT 0.306989 0.0262649 0.833129 0.0
MAT -0.685455 0.513131 0.236398 0.0
MAT -0.474284 -0.724599 0.197606 0.0
MAT -1.11516 -0.698232 0.429417 1.0
VERTEX = 9
-2.187 0.10414 0.799067
-2.187 0.10414 0.799067
-2.187 0.10414 0.799067
-2.187 0.10414 0.799067
-2.187 0.10414 0.799067
-2.187 0.10414 0.799067
-2.187 0.10414 0.799067
-2.187 0.10414 0.799067
-2.187 0.10414 0.799067
INDEX = 14
4 5 7
6 7 5
1 2 5
6 5 2
0 1 4
5 4 1
7 6 3
2 3 6
4 7 0
3 0 7
8 1 0
8 2 1
8 3 2
8 0 3
FACE-NORMAL = 14
1.0 0.0 0.0
1.0 0.0 0.0
1.0 0.0 0.0
1.0 0.0 0.0
1.0 0.0 0.0
1.0 0.0 0.0
1.0 0.0 0.0
1.0 0.0 0.0
1.0 0.0 0.0
1.0 0.0 0.0
1.0 0.0 0.0
1.0 0.0 0.0
1.0 0.0 0.0
1.0 0.0 0.0
BONE = 26
BONE_NAME = Bone_Spire_Claw_10
PARENT_ID = 25
LOCALTM 
MAT 1.0 0.0 0.0 0.0
MAT 0.0 0.787472 -0.61635 0.0
MAT 0.0 0.61635 0.787472 0.0
MAT -1.43657e-007 1.56368 3.57628e-007 1.0
WORLDTM 
MAT 0.306989 0.0262649 0.83313 0.0
MAT -0.247452 0.850683 0.0643623 0.0
MAT -0.795965 -0.254333 0.301313 0.0
MAT -2.187 0.10414 0.799067 1.0
VERTEX = 9
-2.41355 1.44106 0.848248
-2.41355 1.44106 0.848248
-2.41355 1.44106 0.848248
-2.41355 1.44106 0.848248
-2.41355 1.44106 0.848248
-2.41355 1.44106 0.848248
-2.41355 1.44106 0.848248
-2.41355 1.44106 0.848248
-2.41355 1.44106 0.848248
INDEX = 14
4 5 7
6 7 5
1 2 5
6 5 2
0 1 4
5 4 1
7 6 3
2 3 6
4 7 0
3 0 7
8 1 0
8 2 1
8 3 2
8 0 3
FACE-NORMAL = 14
1.0 0.0 0.0
1.0 0.0 0.0
1.0 0.0 0.0
1.0 0.0 0.0
1.0 0.0 0.0
1.0 0.0 0.0
1.0 0.0 0.0
1.0 0.0 0.0
1.0 0.0 0.0
1.0 0.0 0.0
1.0 0.0 0.0
1.0 0.0 0.0
1.0 0.0 0.0
1.0 0.0 0.0
BONE = 27
BONE_NAME = Vol_Target 05
PARENT_ID = 26
LOCALTM 
MAT -0.416455 0.0160421 0.00204955 0.0
MAT 0.00423727 1.40678 -0.151067 0.0
MAT -0.0022495 -0.320005 -0.664006 0.0
MAT 0.00828639 1.51644 -0.183609 1.0
WORLDTM 
MAT -0.133448 0.00218728 -0.345311 0.0
MAT -0.226566 1.23526 0.0485553 0.0
MAT 0.607021 -0.103403 -0.222544 0.0
MAT -2.41355 1.44106 0.848248 1.0
VERTEX = 9
-1.97724 -0.149159 0.73647
-1.97724 -0.149159 0.73647
-1.97724 -0.149159 0.73647
-1.97724 -0.149159 0.73647
-1.97724 -0.149159 0.73647
-1.97724 -0.149159 0.73647
-1.97724 -0.149159 0.73647
-1.97724 -0.149159 0.73647
-1.97724 -0.149159 0.73647
INDEX = 14
4 5 7
6 7 5
1 2 5
6 5 2
0 1 4
5 4 1
7 6 3
2 3 6
4 7 0
3 0 7
8 1 0
8 2 1
8 3 2
8 0 3
FACE-NORMAL = 14
1.0 0.0 0.0
1.0 0.0 0.0
1.0 0.0 0.0
1.0 0.0 0.0
1.0 0.0 0.0
1.0 0.0 0.0
1.0 0.0 0.0
1.0 0.0 0.0
1.0 0.0 0.0
1.0 0.0 0.0
1.0 0.0 0.0
1.0 0.0 0.0
1.0 0.0 0.0
1.0 0.0 0.0
BONE = 28
BONE_NAME = Vol_Target 04
PARENT_ID = 25
LOCALTM 
MAT -1.28562 0.0490096 -0.00551123 0.0
MAT 0.0339663 1.82855 0.131574 0.0
MAT 0.00657428 0.136739 -1.75751 0.0
MAT 0.00708245 1.19798 0.0908526 1.0
WORLDTM 
MAT -0.425652 -0.00462498 -1.06059 0.0
MAT -1.30537 0.843839 0.486563 0.0
MAT 0.741847 1.34382 -0.309492 0.0
MAT -1.97724 -0.149159 0.73647 1.0
VERTEX = 9
-1.32417 -0.634629 0.505488
-1.32417 -0.634629 0.505488
-1.32417 -0.634629 0.505488
-1.32417 -0.634629 0.505488
-1.32417 -0.634629 0.505488
-1.32417 -0.634629 0.505488
-1.32417 -0.634629 0.505488
-1.32417 -0.634629 0.505488
-1.32417 -0.634629 0.505488
INDEX = 14
4 5 7
6 7 5
1 2 5
6 5 2
0 1 4
5 4 1
7 6 3
2 3 6
4 7 0
3 0 7
8 1 0
8 2 1
8 3 2
8 0 3
FACE-NORMAL = 14
1.0 0.0 0.0
1.0 0.0 0.0
1.0 0.0 0.0
1.0 0.0 0.0
1.0 0.0 0.0
1.0 0.0 0.0
1.0 0.0 0.0
1.0 0.0 0.0
1.0 0.0 0.0
1.0 0.0 0.0
1.0 0.0 0.0
1.0 0.0 0.0
1.0 0.0 0.0
1.0 0.0 0.0
BONE = 29
BONE_NAME = bldg_Zerg_Spire_Plate_10
PARENT_ID = 24
LOCALTM 
MAT 1.0 0.0 0.0 0.0
MAT 0.0 1.0 0.0 0.0
MAT 0.0 0.0 1.0 0.0
MAT 4.04194e-007 0.322528 3.24616 1.0
WORLDTM 
MAT 0.303809 -1.77417e-007 0.834708 0.0
MAT -0.784369 0.303808 0.285487 0.0
MAT -0.285487 -0.834708 0.103908 0.0
MAT -1.32417 -0.634629 0.505488 1.0
VERTEX = 9
-0.127539 -1.00846 0.069951
-0.127539 -1.00846 0.069951
-0.127539 -1.00846 0.069951
-0.127539 -1.00846 0.069951
-0.127539 -1.00846 0.069951
-0.127539 -1.00846 0.069951
-0.127539 -1.00846 0.069951
-0.127539 -1.00846 0.069951
-0.127539 -1.00846 0.069951
INDEX = 14
4 5 7
6 7 5
1 2 5
6 5 2
0 1 4
5 4 1
7 6 3
2 3 6
4 7 0
3 0 7
8 1 0
8 2 1
8 3 2
8 0 3
FACE-NORMAL = 14
1.0 0.0 0.0
1.0 0.0 0.0
1.0 0.0 0.0
1.0 0.0 0.0
1.0 0.0 0.0
1.0 0.0 0.0
1.0 0.0 0.0
1.0 0.0 0.0
1.0 0.0 0.0
1.0 0.0 0.0
1.0 0.0 0.0
1.0 0.0 0.0
1.0 0.0 0.0
1.0 0.0 0.0
BONE = 30
BONE_NAME = bldg_Zerg_Spire_Plate_11
PARENT_ID = 24
LOCALTM 
MAT 1.0 0.0 0.0 0.0
MAT 0.0 1.0 0.0 0.0
MAT 0.0 0.0 1.0 0.0
MAT 3.55765e-007 -1.16854 3.15131 1.0
WORLDTM 
MAT 0.303809 -1.69501e-007 0.834708 0.0
MAT -0.784368 0.303808 0.285487 0.0
MAT -0.285487 -0.834708 0.103909 0.0
MAT -0.127539 -1.00846 0.069951 1.0
VERTEX = 9
-0.792649 -0.851388 0.312032
-0.792649 -0.851388 0.312032
-0.792649 -0.851388 0.312032
-0.792649 -0.851388 0.312032
-0.792649 -0.851388 0.312032
-0.792649 -0.851388 0.312032
-0.792649 -0.851388 0.312032
-0.792649 -0.851388 0.312032
-0.792649 -0.851388 0.312032
INDEX = 14
4 5 7
6 7 5
1 2 5
6 5 2
0 1 4
5 4 1
7 6 3
2 3 6
4 7 0
3 0 7
8 1 0
8 2 1
8 3 2
8 0 3
FACE-NORMAL = 14
1.0 0.0 0.0
1.0 0.0 0.0
1.0 0.0 0.0
1.0 0.0 0.0
1.0 0.0 0.0
1.0 0.0 0.0
1.0 0.0 0.0
1.0 0.0 0.0
1.0 0.0 0.0
1.0 0.0 0.0
1.0 0.0 0.0
1.0 0.0 0.0
1.0 0.0 0.0
1.0 0.0 0.0
BONE = 31
BONE_NAME = bldg_Zerg_Spire_Plate_12
PARENT_ID = 24
LOCALTM 
MAT 1.0 0.0 0.0 0.0
MAT 0.0 1.0 0.0 0.0
MAT 0.0 0.0 1.0 0.0
MAT 4.33996e-007 -0.359301 3.25768 1.0
WORLDTM 
MAT 0.303809 -1.69501e-007 0.834708 0.0
MAT -0.784368 0.303808 0.285487 0.0
MAT -0.285487 -0.834708 0.103909 0.0
MAT -0.792649 -0.851388 0.312032 1.0
VERTEX = 9
0.0 2.00408 0.0235312
0.0 2.00408 0.0235312
0.0 2.00408 0.0235312
0.0 2.00408 0.0235312
0.0 2.00408 0.0235312
0.0 2.00408 0.0235312
0.0 2.00408 0.0235312
0.0 2.00408 0.0235312
0.0 2.00408 0.0235312
INDEX = 14
4 5 7
6 7 5
1 2 5
6 5 2
0 1 4
5 4 1
7 6 3
2 3 6
4 7 0
3 0 7
8 1 0
8 2 1
8 3 2
8 0 3
FACE-NORMAL = 14
1.0 0.0 0.0
1.0 0.0 0.0
1.0 0.0 0.0
1.0 0.0 0.0
1.0 0.0 0.0
1.0 0.0 0.0
1.0 0.0 0.0
1.0 0.0 0.0
1.0 0.0 0.0
1.0 0.0 0.0
1.0 0.0 0.0
1.0 0.0 0.0
1.0 0.0 0.0
1.0 0.0 0.0
BONE = 32
BONE_NAME = bldg_Zerg_Spire_Meats_05
PARENT_ID = 0
LOCALTM 
MAT -0.625763 0.0 0.525078 0.0
MAT -0.493412 0.279388 -0.588025 0.0
MAT -0.179587 -0.767612 -0.214024 0.0
MAT 0.0 1.63709 0.0192221 1.0
WORLDTM 
MAT -0.766045 0.0 0.642788 0.0
MAT -0.604023 0.34202 -0.719847 0.0
MAT -0.219846 -0.939693 -0.262003 0.0
MAT 0.0 2.00408 0.0235312 1.0
VERTEX = 9
-0.747523 -1.0076 -0.867332
-0.747523 -1.0076 -0.867332
-0.747523 -1.0076 -0.867332
-0.747523 -1.0076 -0.867332
-0.747523 -1.0076 -0.867332
-0.747523 -1.0076 -0.867332
-0.747523 -1.0076 -0.867332
-0.747523 -1.0076 -0.867332
-0.747523 -1.0076 -0.867332
INDEX = 14
4 5 7
6 7 5
1 2 5
6 5 2
0 1 4
5 4 1
7 6 3
2 3 6
4 7 0
3 0 7
8 1 0
8 2 1
8 3 2
8 0 3
FACE-NORMAL = 14
1.0 0.0 0.0
1.0 0.0 0.0
1.0 0.0 0.0
1.0 0.0 0.0
1.0 0.0 0.0
1.0 0.0 0.0
1.0 0.0 0.0
1.0 0.0 0.0
1.0 0.0 0.0
1.0 0.0 0.0
1.0 0.0 0.0
1.0 0.0 0.0
1.0 0.0 0.0
1.0 0.0 0.0
BONE = 33
BONE_NAME = Bone_Spire_Claw_05
PARENT_ID = 32
LOCALTM 
MAT 1.0 0.0 0.0 0.0
MAT 0.0 0.965926 -0.258819 0.0
MAT 0.0 0.258819 0.965926 0.0
MAT 1.76951e-007 0.0627487 3.22781 1.0
WORLDTM 
MAT -0.766045 0.0 0.642788 0.0
MAT -0.526541 0.573576 -0.627507 0.0
MAT -0.368688 -0.819152 -0.439385 0.0
MAT -0.747523 -1.0076 -0.867332 1.0
VERTEX = 9
-1.46414 -0.226972 -1.72136
-1.46414 -0.226972 -1.72136
-1.46414 -0.226972 -1.72136
-1.46414 -0.226972 -1.72136
-1.46414 -0.226972 -1.72136
-1.46414 -0.226972 -1.72136
-1.46414 -0.226972 -1.72136
-1.46414 -0.226972 -1.72136
-1.46414 -0.226972 -1.72136
INDEX = 14
4 5 7
6 7 5
1 2 5
6 5 2
0 1 4
5 4 1
7 6 3
2 3 6
4 7 0
3 0 7
8 1 0
8 2 1
8 3 2
8 0 3
FACE-NORMAL = 14
1.0 0.0 0.0
1.0 0.0 0.0
1.0 0.0 0.0
1.0 0.0 0.0
1.0 0.0 0.0
1.0 0.0 0.0
1.0 0.0 0.0
1.0 0.0 0.0
1.0 0.0 0.0
1.0 0.0 0.0
1.0 0.0 0.0
1.0 0.0 0.0
1.0 0.0 0.0
1.0 0.0 0.0
BONE = 34
BONE_NAME = Bone_Spire_Claw_09
PARENT_ID = 33
LOCALTM 
MAT 1.0 0.0 1.23737e-007 0.0
MAT 0.0 0.730154 -0.683283 0.0
MAT 0.0 0.683283 0.730154 0.0
MAT 3.09199e-007 1.36099 3.57628e-007 1.0
WORLDTM 
MAT -0.766045 0.0 0.642788 0.0
MAT -0.132538 0.978511 -0.157952 0.0
MAT -0.628975 -0.206193 -0.749583 0.0
MAT -1.46414 -0.226972 -1.72136 1.0
VERTEX = 9
-1.68114 1.51747 -1.96823
-1.68114 1.51747 -1.96823
-1.68114 1.51747 -1.96823
-1.68114 1.51747 -1.96823
-1.68114 1.51747 -1.96823
-1.68114 1.51747 -1.96823
-1.68114 1.51747 -1.96823
-1.68114 1.51747 -1.96823
-1.68114 1.51747 -1.96823
INDEX = 14
4 5 7
6 7 5
1 2 5
6 5 2
0 1 4
5 4 1
7 6 3
2 3 6
4 7 0
3 0 7
8 1 0
8 2 1
8 3 2
8 0 3
FACE-NORMAL = 14
1.0 0.0 0.0
1.0 0.0 0.0
1.0 0.0 0.0
1.0 0.0 0.0
1.0 0.0 0.0
1.0 0.0 0.0
1.0 0.0 0.0
1.0 0.0 0.0
1.0 0.0 0.0
1.0 0.0 0.0
1.0 0.0 0.0
1.0 0.0 0.0
1.0 0.0 0.0
1.0 0.0 0.0
BONE = 35
BONE_NAME = Vol_Target 07
PARENT_ID = 34
LOCALTM 
MAT -0.398911 -0.00542928 0.0112059 0.0
MAT -0.00425965 1.45333 -0.228205 0.0
MAT -0.00651486 -0.617788 -0.536946 0.0
MAT 0.00754863 1.77471 -0.0381598 1.0
WORLDTM 
MAT 0.299255 -0.00762318 -0.263958 0.0
MAT -0.0458239 1.46916 -0.0612374 0.0
MAT 0.424597 -0.493799 0.495879 0.0
MAT -1.68114 1.51747 -1.96823 1.0
VERTEX = 9
-1.33622 -0.432801 -1.54679
-1.33622 -0.432801 -1.54679
-1.33622 -0.432801 -1.54679
-1.33622 -0.432801 -1.54679
-1.33622 -0.432801 -1.54679
-1.33622 -0.432801 -1.54679
-1.33622 -0.432801 -1.54679
-1.33622 -0.432801 -1.54679
-1.33622 -0.432801 -1.54679
INDEX = 14
4 5 7
6 7 5
1 2 5
6 5 2
0 1 4
5 4 1
7 6 3
2 3 6
4 7 0
3 0 7
8 1 0
8 2 1
8 3 2
8 0 3
FACE-NORMAL = 14
1.0 0.0 0.0
1.0 0.0 0.0
1.0 0.0 0.0
1.0 0.0 0.0
1.0 0.0 0.0
1.0 0.0 0.0
1.0 0.0 0.0
1.0 0.0 0.0
1.0 0.0 0.0
1.0 0.0 0.0
1.0 0.0 0.0
1.0 0.0 0.0
1.0 0.0 0.0
1.0 0.0 0.0
BONE = 36
BONE_NAME = Vol_Target 06
PARENT_ID = 33
LOCALTM 
MAT -1.39054 0.0203066 0.0277316 0.0
MAT 0.0136287 1.91131 -0.0828603 0.0
MAT -0.023462 -0.0932826 -1.69173 0.0
MAT 0.0142204 1.06603 0.0447426 1.0
WORLDTM 
MAT 1.0443 -0.011069 -0.918749 0.0
MAT -0.986272 1.16416 -1.15419 0.0
MAT 0.69081 1.33228 0.786775 0.0
MAT -1.33622 -0.432801 -1.54679 1.0
VERTEX = 9
-0.908471 -0.935999 -1.05914
-0.908471 -0.935999 -1.05914
-0.908471 -0.935999 -1.05914
-0.908471 -0.935999 -1.05914
-0.908471 -0.935999 -1.05914
-0.908471 -0.935999 -1.05914
-0.908471 -0.935999 -1.05914
-0.908471 -0.935999 -1.05914
-0.908471 -0.935999 -1.05914
INDEX = 14
4 5 7
6 7 5
1 2 5
6 5 2
0 1 4
5 4 1
7 6 3
2 3 6
4 7 0
3 0 7
8 1 0
8 2 1
8 3 2
8 0 3
FACE-NORMAL = 14
1.0 0.0 0.0
1.0 0.0 0.0
1.0 0.0 0.0
1.0 0.0 0.0
1.0 0.0 0.0
1.0 0.0 0.0
1.0 0.0 0.0
1.0 0.0 0.0
1.0 0.0 0.0
1.0 0.0 0.0
1.0 0.0 0.0
1.0 0.0 0.0
1.0 0.0 0.0
1.0 0.0 0.0
BONE = 37
BONE_NAME = bldg_Zerg_Spire_Plate_13
PARENT_ID = 32
LOCALTM 
MAT 1.0 0.0 -1.4292e-007 0.0
MAT 0.0 1.0 1.49012e-007 0.0
MAT 1.49012e-007 -1.19209e-007 1.0 0.0
MAT 2.96161e-007 0.322528 3.24616 1.0
WORLDTM 
MAT -0.766045 0.0 0.642788 0.0
MAT -0.604023 0.34202 -0.719846 0.0
MAT -0.219846 -0.939693 -0.262002 0.0
MAT -0.908471 -0.935999 -1.05914 1.0
VERTEX = 9
0.0130226 -1.35685 0.0390515
0.0130226 -1.35685 0.0390515
0.0130226 -1.35685 0.0390515
0.0130226 -1.35685 0.0390515
0.0130226 -1.35685 0.0390515
0.0130226 -1.35685 0.0390515
0.0130226 -1.35685 0.0390515
0.0130226 -1.35685 0.0390515
0.0130226 -1.35685 0.0390515
INDEX = 14
4 5 7
6 7 5
1 2 5
6 5 2
0 1 4
5 4 1
7 6 3
2 3 6
4 7 0
3 0 7
8 1 0
8 2 1
8 3 2
8 0 3
FACE-NORMAL = 14
1.0 0.0 0.0
1.0 0.0 0.0
1.0 0.0 0.0
1.0 0.0 0.0
1.0 0.0 0.0
1.0 0.0 0.0
1.0 0.0 0.0
1.0 0.0 0.0
1.0 0.0 0.0
1.0 0.0 0.0
1.0 0.0 0.0
1.0 0.0 0.0
1.0 0.0 0.0
1.0 0.0 0.0
BONE = 38
BONE_NAME = bldg_Zerg_Spire_Plate_14
PARENT_ID = 32
LOCALTM 
MAT 1.0 0.0 0.0 0.0
MAT 0.0 1.0 0.0 0.0
MAT 1.19209e-007 1.19209e-007 1.0 0.0
MAT 3.37139e-007 -1.16854 3.15131 1.0
WORLDTM 
MAT -0.766045 0.0 0.642788 0.0
MAT -0.604023 0.34202 -0.719846 0.0
MAT -0.219846 -0.939693 -0.262003 0.0
MAT 0.0130226 -1.35685 0.0390515 1.0
VERTEX = 9
-0.499163 -1.18002 -0.571348
-0.499163 -1.18002 -0.571348
-0.499163 -1.18002 -0.571348
-0.499163 -1.18002 -0.571348
-0.499163 -1.18002 -0.571348
-0.499163 -1.18002 -0.571348
-0.499163 -1.18002 -0.571348
-0.499163 -1.18002 -0.571348
-0.499163 -1.18002 -0.571348
INDEX = 14
4 5 7
6 7 5
1 2 5
6 5 2
0 1 4
5 4 1
7 6 3
2 3 6
4 7 0
3 0 7
8 1 0
8 2 1
8 3 2
8 0 3
FACE-NORMAL = 14
1.0 0.0 0.0
1.0 0.0 0.0
1.0 0.0 0.0
1.0 0.0 0.0
1.0 0.0 0.0
1.0 0.0 0.0
1.0 0.0 0.0
1.0 0.0 0.0
1.0 0.0 0.0
1.0 0.0 0.0
1.0 0.0 0.0
1.0 0.0 0.0
1.0 0.0 0.0
1.0 0.0 0.0
BONE = 39
BONE_NAME = bldg_Zerg_Spire_Plate_15
PARENT_ID = 32
LOCALTM 
MAT 1.0 0.0 0.0 0.0
MAT 0.0 1.0 0.0 0.0
MAT 1.19209e-007 1.19209e-007 1.0 0.0
MAT 4.1537e-007 -0.3593 3.25768 1.0
WORLDTM 
MAT -0.766045 0.0 0.642788 0.0
MAT -0.604023 0.34202 -0.719846 0.0
MAT -0.219846 -0.939693 -0.262003 0.0
MAT -0.499163 -1.18002 -0.571348 1.0
VERTEX = 9
-0.0107501 0.0 -0.0546832
-0.0107501 0.0 -0.0546832
-0.0107501 0.0 -0.0546832
-0.0107501 0.0 -0.0546832
-0.0107501 0.0 -0.0546832
-0.0107501 0.0 -0.0546832
-0.0107501 0.0 -0.0546832
-0.0107501 0.0 -0.0546832
-0.0107501 0.0 -0.0546832
INDEX = 14
4 5 7
6 7 5
1 2 5
6 5 2
0 1 4
5 4 1
7 6 3
2 3 6
4 7 0
3 0 7
8 1 0
8 2 1
8 3 2
8 0 3
FACE-NORMAL = 14
1.0 0.0 0.0
1.0 0.0 0.0
1.0 0.0 0.0
1.0 0.0 0.0
1.0 0.0 0.0
1.0 0.0 0.0
1.0 0.0 0.0
1.0 0.0 0.0
1.0 0.0 0.0
1.0 0.0 0.0
1.0 0.0 0.0
1.0 0.0 0.0
1.0 0.0 0.0
1.0 0.0 0.0
BONE = 40
BONE_NAME = Bone_Root
PARENT_ID = 0
LOCALTM 
MAT 0.816876 0.0 0.0 0.0
MAT 0.0 0.816876 0.0 0.0
MAT 0.0 0.0 0.816876 0.0
MAT -0.00878151 0.0 -0.0446693 1.0
WORLDTM 
MAT 1.0 0.0 0.0 0.0
MAT 0.0 1.0 0.0 0.0
MAT 0.0 0.0 1.0 0.0
MAT -0.0107501 0.0 -0.0546832 1.0
VERTEX = 9
1.41147 0.0637444 2.2046
1.41147 0.0637444 2.2046
1.41147 0.0637444 2.2046
1.41147 0.0637444 2.2046
1.41147 0.0637444 2.2046
1.41147 0.0637444 2.2046
1.41147 0.0637444 2.2046
1.41147 0.0637444 2.2046
1.41147 0.0637444 2.2046
INDEX = 14
4 5 7
6 7 5
1 2 5
6 5 2
0 1 4
5 4 1
7 6 3
2 3 6
4 7 0
3 0 7
8 1 0
8 2 1
8 3 2
8 0 3
FACE-NORMAL = 14
1.0 0.0 0.0
1.0 0.0 0.0
1.0 0.0 0.0
1.0 0.0 0.0
1.0 0.0 0.0
1.0 0.0 0.0
1.0 0.0 0.0
1.0 0.0 0.0
1.0 0.0 0.0
1.0 0.0 0.0
1.0 0.0 0.0
1.0 0.0 0.0
1.0 0.0 0.0
1.0 0.0 0.0
BONE = 41
BONE_NAME = Bone_Mouth03
PARENT_ID = 40
LOCALTM 
MAT 0.757992 0.0 0.0 0.0
MAT 0.0 0.757992 0.0 0.0
MAT 0.0 0.0 0.757992 0.0
MAT 1.42222 0.0637444 2.25928 1.0
WORLDTM 
MAT 0.757992 0.0 0.0 0.0
MAT 0.0 0.757992 0.0 0.0
MAT 0.0 0.0 0.757992 0.0
MAT 1.41147 0.0637444 2.2046 1.0
VERTEX = 9
-1.429 0.0637444 2.26114
-1.429 0.0637444 2.26114
-1.429 0.0637444 2.26114
-1.429 0.0637444 2.26114
-1.429 0.0637444 2.26114
-1.429 0.0637444 2.26114
-1.429 0.0637444 2.26114
-1.429 0.0637444 2.26114
-1.429 0.0637444 2.26114
INDEX = 14
4 5 7
6 7 5
1 2 5
6 5 2
0 1 4
5 4 1
7 6 3
2 3 6
4 7 0
3 0 7
8 1 0
8 2 1
8 3 2
8 0 3
FACE-NORMAL = 14
1.0 0.0 0.0
1.0 0.0 0.0
1.0 0.0 0.0
1.0 0.0 0.0
1.0 0.0 0.0
1.0 0.0 0.0
1.0 0.0 0.0
1.0 0.0 0.0
1.0 0.0 0.0
1.0 0.0 0.0
1.0 0.0 0.0
1.0 0.0 0.0
1.0 0.0 0.0
1.0 0.0 0.0
BONE = 42
BONE_NAME = Bone_Mouth04
PARENT_ID = 40
LOCALTM 
MAT 0.757992 0.0 0.0 0.0
MAT 0.0 0.757992 0.0 0.0
MAT 0.0 0.0 0.757992 0.0
MAT -1.41825 0.0637444 2.31582 1.0
WORLDTM 
MAT 0.757992 0.0 0.0 0.0
MAT 0.0 0.757992 0.0 0.0
MAT 0.0 0.0 0.757992 0.0
MAT -1.429 0.0637444 2.26114 1.0
VERTEX = 9
-2.39279 0.0637444 -0.62884
-2.39279 0.0637444 -0.62884
-2.39279 0.0637444 -0.62884
-2.39279 0.0637444 -0.62884
-2.39279 0.0637444 -0.62884
-2.39279 0.0637444 -0.62884
-2.39279 0.0637444 -0.62884
-2.39279 0.0637444 -0.62884
-2.39279 0.0637444 -0.62884
INDEX = 14
4 5 7
6 7 5
1 2 5
6 5 2
0 1 4
5 4 1
7 6 3
2 3 6
4 7 0
3 0 7
8 1 0
8 2 1
8 3 2
8 0 3
FACE-NORMAL = 14
1.0 0.0 0.0
1.0 0.0 0.0
1.0 0.0 0.0
1.0 0.0 0.0
1.0 0.0 0.0
1.0 0.0 0.0
1.0 0.0 0.0
1.0 0.0 0.0
1.0 0.0 0.0
1.0 0.0 0.0
1.0 0.0 0.0
1.0 0.0 0.0
1.0 0.0 0.0
1.0 0.0 0.0
BONE = 43
BONE_NAME = Bone_Mouth
PARENT_ID = 40
LOCALTM 
MAT 0.757992 0.0 0.0 0.0
MAT 0.0 0.757992 0.0 0.0
MAT 0.0 0.0 0.757992 0.0
MAT -2.38204 0.0637444 -0.574157 1.0
WORLDTM 
MAT 0.757992 0.0 0.0 0.0
MAT 0.0 0.757992 0.0 0.0
MAT 0.0 0.0 0.757992 0.0
MAT -2.39279 0.0637444 -0.62884 1.0
VERTEX = 9
0.0064743 0.0637444 -2.41838
0.0064743 0.0637444 -2.41838
0.0064743 0.0637444 -2.41838
0.0064743 0.0637444 -2.41838
0.0064743 0.0637444 -2.41838
0.0064743 0.0637444 -2.41838
0.0064743 0.0637444 -2.41838
0.0064743 0.0637444 -2.41838
0.0064743 0.0637444 -2.41838
INDEX = 14
4 5 7
6 7 5
1 2 5
6 5 2
0 1 4
5 4 1
7 6 3
2 3 6
4 7 0
3 0 7
8 1 0
8 2 1
8 3 2
8 0 3
FACE-NORMAL = 14
1.0 0.0 0.0
1.0 0.0 0.0
1.0 0.0 0.0
1.0 0.0 0.0
1.0 0.0 0.0
1.0 0.0 0.0
1.0 0.0 0.0
1.0 0.0 0.0
1.0 0.0 0.0
1.0 0.0 0.0
1.0 0.0 0.0
1.0 0.0 0.0
1.0 0.0 0.0
1.0 0.0 0.0
BONE = 44
BONE_NAME = Bone_Mouth01
PARENT_ID = 40
LOCALTM 
MAT 0.757992 0.0 0.0 0.0
MAT 0.0 0.757992 0.0 0.0
MAT 0.0 0.0 0.757992 0.0
MAT 0.0172244 0.0637444 -2.3637 1.0
WORLDTM 
MAT 0.757992 0.0 0.0 0.0
MAT 0.0 0.757992 0.0 0.0
MAT 0.0 0.0 0.757992 0.0
MAT 0.0064743 0.0637444 -2.41838 1.0
VERTEX = 9
2.38031 0.0637444 -0.637299
2.38031 0.0637444 -0.637299
2.38031 0.0637444 -0.637299
2.38031 0.0637444 -0.637299
2.38031 0.0637444 -0.637299
2.38031 0.0637444 -0.637299
2.38031 0.0637444 -0.637299
2.38031 0.0637444 -0.637299
2.38031 0.0637444 -0.637299
INDEX = 14
4 5 7
6 7 5
1 2 5
6 5 2
0 1 4
5 4 1
7 6 3
2 3 6
4 7 0
3 0 7
8 1 0
8 2 1
8 3 2
8 0 3
FACE-NORMAL = 14
1.0 0.0 0.0
1.0 0.0 0.0
1.0 0.0 0.0
1.0 0.0 0.0
1.0 0.0 0.0
1.0 0.0 0.0
1.0 0.0 0.0
1.0 0.0 0.0
1.0 0.0 0.0
1.0 0.0 0.0
1.0 0.0 0.0
1.0 0.0 0.0
1.0 0.0 0.0
1.0 0.0 0.0
BONE = 45
BONE_NAME = Bone_Mouth02
PARENT_ID = 40
LOCALTM 
MAT 0.757992 0.0 0.0 0.0
MAT 0.0 0.757992 0.0 0.0
MAT 0.0 0.0 0.757992 0.0
MAT 2.39106 0.0637444 -0.582616 1.0
WORLDTM 
MAT 0.757992 0.0 0.0 0.0
MAT 0.0 0.757992 0.0 0.0
MAT 0.0 0.0 0.757992 0.0
MAT 2.38031 0.0637444 -0.637299 1.0
VERTEX = 9
-1.46895 0.747273 -0.352421
-1.46895 0.747273 -0.352421
-1.46895 0.747273 -0.352421
-1.46895 0.747273 -0.352421
-1.46895 0.747273 -0.352421
-1.46895 0.747273 -0.352421
-1.46895 0.747273 -0.352421
-1.46895 0.747273 -0.352421
-1.46895 0.747273 -0.352421
INDEX = 14
4 5 7
6 7 5
1 2 5
6 5 2
0 1 4
5 4 1
7 6 3
2 3 6
4 7 0
3 0 7
8 1 0
8 2 1
8 3 2
8 0 3
FACE-NORMAL = 14
1.0 0.0 0.0
1.0 0.0 0.0
1.0 0.0 0.0
1.0 0.0 0.0
