EXPORTER_V17
ANIMATION_EXPORT
BONEOBJECT_COUNT = 45
VERTEX = 9
-0.00563005 0.520829 -0.0930151
-0.00563004 0.524706 -0.0983278
0.000945489 0.524821 -0.0982441
0.000945485 0.520944 -0.0929314
-0.00274204 0.525281 -0.09343
-0.00274203 0.525669 -0.0939613
-0.00208448 0.52568 -0.0939529
-0.00208448 0.525293 -0.0934216
-0.00241326 0.525481 -0.0936914
INDEX = 14
4 5 7
6 7 5
1 2 5
6 5 2
0 1 4
5 4 1
7 6 3
2 3 6
4 7 0
3 0 7
8 1 0
8 2 1
8 3 2
8 0 3
FACE-NORMAL = 14
0.0215843 -0.807579 -0.589364
0.0215843 -0.807579 -0.589364
0.0144386 -0.978415 0.206145
0.0144386 -0.978415 0.206145
0.75756 -0.527283 -0.384806
0.75756 -0.527283 -0.384806
-0.728682 -0.553201 -0.403722
-0.728682 -0.553201 -0.403722
0.0144396 -0.102069 -0.994673
0.0144396 -0.102069 -0.994673
-0.722204 0.558716 0.407746
-0.0152619 0.987885 -0.154434
0.69168 0.583373 0.425741
-0.0152628 0.154204 0.987921
BONE = 0
BONE_NAME = Root
PARENT_ID = -1
LOCALTM 
MAT 0.0141961 -0.53115 -0.387629 0.0
MAT -0.657553 -0.0114669 -0.00836898 0.0
MAT 4.26325e-007 0.387719 -0.531273 0.0
MAT -0.00241326 0.525481 -0.0936914 1.0
WORLDTM 
MAT 0.0141961 -0.53115 -0.387629 0.0
MAT -0.657553 -0.0114669 -0.00836898 0.0
MAT 4.26325e-007 0.387719 -0.531273 0.0
MAT -0.00241326 0.525481 -0.0936914 1.0
VERTEX = 9
0.00322548 0.433143 -0.155992
-0.00335157 0.433154 -0.155988
-0.00335157 0.435307 -0.162203
0.00322548 0.435296 -0.162207
0.000271549 0.437224 -0.15771
-0.000386157 0.437225 -0.15771
-0.000386157 0.437441 -0.158332
0.000271549 0.43744 -0.158332
-5.7304e-005 0.437333 -0.158021
INDEX = 14
4 5 7
6 7 5
1 2 5
6 5 2
0 1 4
5 4 1
7 6 3
2 3 6
4 7 0
3 0 7
8 1 0
8 2 1
8 3 2
8 0 3
FACE-NORMAL = 14
-0.00174676 -0.944934 -0.327256
-0.00174676 -0.944934 -0.327256
0.742124 -0.633354 -0.219348
0.742124 -0.633355 -0.219348
-0.00116852 -0.38888 -0.921288
-0.00116852 -0.38888 -0.921288
-0.00116852 -0.875376 0.483442
-0.00116852 -0.875376 0.483442
-0.744461 -0.630901 -0.218498
-0.744462 -0.630901 -0.218498
0.00123515 0.436764 0.899575
-0.705871 0.669336 0.231809
0.00123515 0.899575 -0.436765
0.708341 0.667002 0.231001
BONE = 1
BONE_NAME = Tail01
PARENT_ID = 0
LOCALTM 
MAT 0.955944 0.0223852 -0.292693 0.0
MAT -0.292626 -0.00631821 -0.956206 0.0
MAT -0.0232541 0.999729 0.000510922 0.0
MAT 0.165957 0.0 -1.19209e-007 1.0
WORLDTM 
MAT -0.00114886 -0.621489 -0.215238 0.0
MAT 0.0 -0.215239 0.62149 0.0
MAT -0.657705 0.00108571 0.000375807 0.0
MAT -5.7304e-005 0.437333 -0.158021 1.0
VERTEX = 9
0.0026142 0.235256 -0.223107
-0.00395001 0.235503 -0.223436
-0.0038798 0.230998 -0.228228
0.00268441 0.230751 -0.227899
-0.000105638 0.235733 -0.227658
-0.00076206 0.235757 -0.227691
-0.000755038 0.235307 -0.22817
-9.8617e-005 0.235282 -0.228137
-0.000430338 0.23552 -0.227914
INDEX = 14
4 5 7
6 7 5
1 2 5
6 5 2
0 1 4
5 4 1
7 6 3
2 3 6
4 7 0
3 0 7
8 1 0
8 2 1
8 3 2
8 0 3
FACE-NORMAL = 14
-0.061566 -0.727643 0.683187
-0.061566 -0.727643 0.683187
0.700656 -0.514685 0.494146
0.700656 -0.514686 0.494146
-0.0332503 -0.99587 -0.0844868
-0.0332503 -0.99587 -0.0844866
-0.0491206 0.022334 0.998543
-0.0491206 0.0223342 0.998543
-0.783027 -0.45885 0.419911
-0.783027 -0.45885 0.419911
0.0359849 0.998838 0.0320649
-0.662191 0.54108 -0.518397
0.0510825 0.0302053 -0.998238
0.749259 0.487963 -0.447776
BONE = 2
BONE_NAME = Tail02
PARENT_ID = 1
LOCALTM 
MAT 0.464106 0.883694 0.0607554 0.0
MAT -0.885609 0.464271 0.0122226 0.0
MAT -0.0174058 -0.0594784 0.998078 0.0
MAT 0.324725 1.19209e-007 0.0 1.0
WORLDTM 
MAT -0.0404923 -0.478575 0.449336 0.0
MAT -0.00702143 0.450481 0.479161 0.0
MAT -0.656421 0.0247032 -0.0328437 0.0
MAT -0.000430338 0.23552 -0.227914 1.0
VERTEX = 9
-0.0118846 0.0589697 -0.0576323
-0.01835 0.0595797 -0.0565909
-0.0183499 0.0539048 -0.0532663
-0.0118846 0.0532947 -0.0543077
-0.0153974 0.0550564 -0.0584569
-0.016044 0.0551174 -0.0583527
-0.016044 0.0545499 -0.0580203
-0.0153974 0.0544889 -0.0581244
-0.0157207 0.0548031 -0.0582386
INDEX = 14
4 5 7
6 7 5
1 2 5
6 5 2
0 1 4
5 4 1
7 6 3
2 3 6
4 7 0
3 0 7
8 1 0
8 2 1
8 3 2
8 0 3
FACE-NORMAL = 14
0.183494 0.496901 0.848186
0.183494 0.496901 0.848186
0.853424 0.26347 0.449723
0.853424 0.26347 0.449723
0.122754 -0.308931 0.943129
0.122754 -0.308931 0.943129
0.122748 0.973751 0.191683
0.122748 0.973751 0.191683
-0.607923 0.40135 0.68509
-0.607923 0.40135 0.68509
-0.129752 0.258755 -0.957189
-0.82485 -0.285779 -0.487804
-0.129747 -0.96148 -0.242327
0.565351 -0.416946 -0.711712
BONE = 3
BONE_NAME = Tail03
PARENT_ID = 2
LOCALTM 
MAT 0.206605 0.956313 -0.206827 0.0
MAT -0.973177 0.222717 0.0576532 0.0
MAT 0.101199 0.189367 0.976677 0.0
MAT 0.377614 0.0 -1.56462e-007 1.0
WORLDTM 
MAT 0.120685 0.326815 0.557856 0.0
MAT -2.41399e-006 0.567492 -0.33246 0.0
MAT -0.646539 0.0610016 0.104132 0.0
MAT -0.0157207 0.0548031 -0.0582386 1.0
VERTEX = 9
0.0447453 0.210799 0.20465
0.0384302 0.210803 0.206488
0.0384302 0.204226 0.206501
0.0447453 0.204222 0.204663
0.0409846 0.207835 0.202325
0.0403531 0.207835 0.202509
0.0403531 0.207178 0.202511
0.0409846 0.207177 0.202327
0.0406688 0.207506 0.202418
INDEX = 14
4 5 7
6 7 5
1 2 5
6 5 2
0 1 4
5 4 1
7 6 3
2 3 6
4 7 0
3 0 7
8 1 0
8 2 1
8 3 2
8 0 3
FACE-NORMAL = 14
0.279421 0.00183067 0.960167
0.279421 0.00183067 0.960167
0.90061 0.000830962 0.434628
0.90061 0.000830962 0.434628
0.186924 -0.742068 0.643735
0.186924 -0.742068 0.643735
0.186922 0.744517 0.640901
0.186922 0.744518 0.640901
-0.526766 0.00161835 0.850009
-0.526766 0.00161835 0.850009
-0.197581 0.705811 -0.680288
-0.876522 -0.000919954 -0.481362
-0.19758 -0.7084 -0.677593
0.481363 -0.00166901 -0.87652
BONE = 4
BONE_NAME = Tail04
PARENT_ID = 3
LOCALTM 
MAT 0.866582 -0.48377 -0.122487 0.0
MAT 0.495283 0.863797 0.092449 0.0
MAT 0.0610771 -0.14078 0.988155 0.0
MAT 0.467247 0.0 1.75089e-007 1.0
WORLDTM 
MAT 0.183777 0.00120404 0.631507 0.0
MAT -7.00355e-007 0.657704 -0.00125383 0.0
MAT -0.63151 0.000348359 0.183775 0.0
MAT 0.0406688 0.207506 0.202418 1.0
VERTEX = 9
0.116867 0.209244 0.463372
0.110786 0.210266 0.461085
0.110786 0.204262 0.458401
0.116867 0.20324 0.460688
0.115383 0.208243 0.458359
0.114775 0.208345 0.45813
0.114775 0.207745 0.457862
0.115383 0.207642 0.458091
0.115079 0.207994 0.45811
INDEX = 14
4 5 7
6 7 5
1 2 5
6 5 2
0 1 4
5 4 1
7 6 3
2 3 6
4 7 0
3 0 7
8 1 0
8 2 1
8 3 2
8 0 3
FACE-NORMAL = 14
-0.380849 -0.377307 0.844153
-0.380849 -0.377307 0.844153
0.4325 -0.367909 0.823156
0.4325 -0.36791 0.823156
-0.254767 -0.931 0.261404
-0.254767 -0.931 0.261404
-0.254782 0.426191 0.868013
-0.254782 0.426191 0.868013
-0.942053 -0.1369 0.306259
-0.942053 -0.1369 0.306259
0.269294 0.912354 -0.308368
-0.384514 0.376677 -0.842771
0.269308 -0.378763 -0.885445
0.923119 0.156914 -0.351039
BONE = 5
BONE_NAME = Tail05
PARENT_ID = 4
LOCALTM 
MAT 0.703422 -0.378914 0.601352 0.0
MAT 0.393469 0.912178 0.114513 0.0
MAT -0.591935 0.156062 0.790731 0.0
MAT 0.404892 0.0 0.0 1.0
WORLDTM 
MAT -0.250487 -0.248157 0.555205 0.0
MAT -6.33299e-006 0.600457 0.268379 0.0
MAT -0.608138 0.102206 -0.228691 0.0
MAT 0.115079 0.207994 0.45811 1.0
VERTEX = 9
-0.0119283 0.0834219 0.748281
-0.0181196 0.0834569 0.746062
-0.0181195 0.0768807 0.745958
-0.0119282 0.0768457 0.748177
-0.0136047 0.0805274 0.74414
-0.0142238 0.0805309 0.743918
-0.0142238 0.0798732 0.743908
-0.0136047 0.0798697 0.74413
-0.0139143 0.0802003 0.744024
INDEX = 14
4 5 7
6 7 5
1 2 5
6 5 2
0 1 4
5 4 1
7 6 3
2 3 6
4 7 0
3 0 7
8 1 0
8 2 1
8 3 2
8 0 3
FACE-NORMAL = 14
-0.337426 -0.0149007 0.941234
-0.337426 -0.0149007 0.941234
0.473966 -0.0139217 0.880433
0.473966 -0.0139217 0.880433
-0.225715 -0.753166 0.617895
-0.225715 -0.753166 0.617895
-0.225737 0.733236 0.641411
-0.225737 0.733236 0.64141
-0.925431 -0.00601425 0.378868
-0.925431 -0.00601424 0.378867
0.238585 0.717551 -0.654368
-0.427032 0.0142976 -0.904124
0.238606 -0.696485 -0.676739
0.904237 0.00677509 -0.426978
BONE = 6
BONE_NAME = Tail06
PARENT_ID = 5
LOCALTM 
MAT 0.928681 0.370478 -0.0175891 0.0
MAT -0.363902 0.919297 0.149893 0.0
MAT 0.0716901 -0.132808 0.98854 0.0
MAT 0.51497 0.0 -2.98023e-007 1.0
WORLDTM 
MAT -0.221928 -0.00980032 0.619059 0.0
MAT -8.86619e-006 0.657623 0.0104014 0.0
MAT -0.619126 0.00349855 -0.22191 0.0
MAT -0.0139143 0.0802003 0.744024 1.0
VERTEX = 9
-0.111034 0.0786188 1.02931
-0.116372 0.0785598 1.03316
-0.116766 0.0720265 1.03251
-0.111428 0.0720856 1.02867
-0.115524 0.0760302 1.0281
-0.116058 0.0760243 1.02849
-0.116098 0.075371 1.02842
-0.115564 0.0753769 1.02804
-0.115811 0.0757006 1.02826
INDEX = 14
4 5 7
6 7 5
1 2 5
6 5 2
0 1 4
5 4 1
7 6 3
2 3 6
4 7 0
3 0 7
8 1 0
8 2 1
8 3 2
8 0 3
FACE-NORMAL = 14
0.581087 -0.11491 0.805688
0.581087 -0.11491 0.805688
0.99201 -0.0701969 0.10483
0.99201 -0.0701969 0.10483
0.344214 -0.815206 0.465785
0.344214 -0.815206 0.465786
0.433241 0.661476 0.612169
0.433241 0.661476 0.612169
-0.214565 -0.0835453 0.97313
-0.214565 -0.0835453 0.97313
-0.368544 0.783643 -0.500079
-0.984802 0.0749047 -0.156697
-0.453238 -0.621147 -0.639337
0.163029 0.0876033 -0.982724
BONE = 7
BONE_NAME = TailTIP
PARENT_ID = 6
LOCALTM 
MAT 0.563974 -0.102164 -0.81947 0.0
MAT 0.0576769 0.99477 -0.0843025 0.0
MAT 0.823749 0.000280687 0.566924 0.0
MAT 0.459144 0.0 0.0 1.0
WORLDTM 
MAT 0.382194 -0.0755792 0.529919 0.0
MAT 0.0393849 0.653323 0.0647599 0.0
MAT -0.53381 -0.005905 0.384146 0.0
MAT -0.115811 0.0757006 1.02826 1.0
VERTEX = 9
-0.00201896 0.539251 -0.0829115
-0.00201896 0.545828 -0.0829115
0.00455811 0.545828 -0.0829115
0.0045581 0.539251 -0.0829115
0.000940718 0.542211 -0.0796229
0.000940719 0.542869 -0.0796229
0.00159843 0.542869 -0.0796229
0.00159842 0.542211 -0.0796229
0.00126957 0.54254 -0.0796229
INDEX = 14
4 5 7
6 7 5
1 2 5
6 5 2
0 1 4
5 4 1
7 6 3
2 3 6
4 7 0
3 0 7
8 1 0
8 2 1
8 3 2
8 0 3
FACE-NORMAL = 14
0.0 -3.65332e-007 -1.0
0.0 -3.65332e-007 -1.0
-5.61623e-007 -0.743294 -0.668965
-5.61623e-007 -0.743294 -0.668965
0.743294 -4.12797e-007 -0.668965
0.743294 -4.12797e-007 -0.668965
-0.743294 0.0 -0.668965
-0.743294 0.0 -0.668965
5.16154e-007 0.743294 -0.668965
5.16154e-007 0.743294 -0.668965
-0.707107 4.18533e-007 0.707107
5.36683e-007 0.707107 0.707107
0.707107 0.0 0.707107
-4.88622e-007 -0.707107 0.707107
BONE = 8
BONE_NAME = Dummy01
PARENT_ID = 0
LOCALTM 
MAT 0.589364 0.0127245 0.807767 0.0
MAT -0.0215845 0.999767 -5.4328e-007 0.0
MAT -0.807579 -0.0174354 0.589502 0.0
MAT -0.0334324 -0.00632259 -0.00198817 1.0
WORLDTM 
MAT 0.0 -2.40281e-007 -0.657706 0.0
MAT -0.657706 1.49012e-007 0.0 0.0
MAT 4.76837e-007 0.657706 0.0 0.0
MAT 0.00126957 0.54254 -0.0796229 1.0
VERTEX = 9
0.00453507 0.5472 -0.0798714
-0.00204183 0.547169 -0.0798374
-0.00199593 0.542756 -0.0749611
0.00458098 0.542787 -0.0749951
0.00159612 0.542762 -0.0798685
0.000938431 0.542759 -0.0798651
0.000943021 0.542318 -0.0793774
0.00160071 0.542321 -0.0793808
0.00126957 0.54254 -0.0796229
INDEX = 14
4 5 7
6 7 5
1 2 5
6 5 2
0 1 4
5 4 1
7 6 3
2 3 6
4 7 0
3 0 7
8 1 0
8 2 1
8 3 2
8 0 3
FACE-NORMAL = 14
1.8125e-007 0.741435 0.671025
1.8125e-007 0.741435 0.671025
0.743276 0.499476 0.445045
0.743275 0.499476 0.445045
0.00518762 -0.00276372 0.999983
0.00518762 -0.00276357 0.999983
-0.00518737 0.994751 -0.102198
-0.00518737 0.994751 -0.102198
-0.743276 0.492511 0.452739
-0.743276 0.492511 0.452739
-0.00493507 -0.0497982 -0.998747
-0.707089 -0.527586 -0.470827
0.00493481 -0.998748 0.0497739
0.70709 -0.520961 -0.478146
BONE = 9
BONE_NAME = SpineUp01
PARENT_ID = 8
LOCALTM 
MAT -0.671025 3.79094e-007 0.741434 0.0
MAT 0.741416 0.00697952 0.671009 0.0
MAT -0.00517522 0.999976 -0.00468579 0.0
MAT 0.0 0.0 0.0 1.0
WORLDTM 
MAT 1.19209e-007 0.487646 0.441337 0.0
MAT -0.00459017 0.441327 -0.487634 0.0
MAT -0.657691 -0.00308172 0.0034038 0.0
MAT 0.00126957 0.54254 -0.0796229 1.0
VERTEX = 9
0.00495578 0.640791 0.00489326
-0.0015836 0.641405 0.00523614
-0.00172846 0.63709 0.0101978
0.00481092 0.636476 0.00985487
0.00160388 0.636662 0.0051284
0.00094994 0.636724 0.00516269
0.000935454 0.636292 0.00565885
0.00158939 0.636231 0.00562456
0.00126967 0.636477 0.00539362
INDEX = 14
4 5 7
6 7 5
1 2 5
6 5 2
0 1 4
5 4 1
7 6 3
2 3 6
4 7 0
3 0 7
8 1 0
8 2 1
8 3 2
8 0 3
FACE-NORMAL = 14
0.104604 0.748912 0.654361
0.104604 0.748912 0.654361
0.809012 0.431629 0.398994
0.809012 0.431629 0.398994
0.0536052 0.0133457 0.998473
0.0536052 0.0133458 0.998473
0.0863478 0.988645 -0.122983
0.0863478 0.988645 -0.122983
-0.669058 0.570363 0.476494
-0.669059 0.570363 0.476494
-0.0583921 -0.0656521 -0.996133
-0.777021 -0.463571 -0.425839
-0.0895406 -0.993469 0.0707253
0.629089 -0.595551 -0.499567
BONE = 10
BONE_NAME = SpineUp02
PARENT_ID = 9
LOCALTM 
MAT 0.99436 0.0166426 -0.104722 0.0
MAT -0.0197794 0.999384 -0.0290009 0.0
MAT 0.104177 0.03091 0.99408 0.0
MAT 0.192634 4.17233e-007 0.0 1.0
WORLDTM 
MAT 0.0687987 0.492563 0.430376 0.0
MAT 0.0144863 0.431499 -0.496161 0.0
MAT -0.653939 0.0613795 0.0342882 0.0
MAT 0.00126967 0.636477 0.00539362 1.0
VERTEX = 9
0.0237203 0.77939 0.123838
0.0171641 0.778876 0.12393
0.0172496 0.778958 0.130506
0.0238059 0.779473 0.130414
0.0210663 0.775918 0.126877
0.0204106 0.775866 0.126886
0.0204192 0.775875 0.127543
0.0210748 0.775926 0.127534
0.0207427 0.775896 0.12721
INDEX = 14
4 5 7
6 7 5
1 2 5
6 5 2
0 1 4
5 4 1
7 6 3
2 3 6
4 7 0
3 0 7
8 1 0
8 2 1
8 3 2
8 0 3
FACE-NORMAL = 14
-0.0783758 0.996857 -0.01154
-0.0783758 0.996857 -0.01154
0.688513 0.724998 -0.0180915
0.688513 0.724999 -0.0180915
-0.0427606 0.676225 0.735453
-0.0427606 0.676225 0.735453
-0.0621006 0.6575 -0.750891
-0.0621006 0.6575 -0.750891
-0.793376 0.608726 0.0026518
-0.793376 0.608726 0.0026518
0.0462208 -0.713791 -0.698832
-0.64945 -0.76019 0.0180268
0.0646192 -0.695978 0.71515
0.760293 -0.649579 -0.00170669
BONE = 11
BONE_NAME = SpineUp03
PARENT_ID = 10
LOCALTM 
MAT 0.730806 0.66098 0.170355 0.0
MAT -0.66505 0.74571 -0.0403637 0.0
MAT -0.15372 -0.0837959 0.984557 0.0
MAT 0.283047 5.36442e-007 3.05474e-007 1.0
WORLDTM 
MAT -0.051548 0.655636 -0.00758993 0.0
MAT -0.00855657 -0.00828359 -0.657598 0.0
MAT -0.655629 -0.0514431 0.00917745 0.0
MAT 0.0207427 0.775896 0.12721 1.0
VERTEX = 9
0.00315239 0.960973 0.129515
0.00287788 0.967252 0.131455
0.00944888 0.967535 0.131468
0.00972339 0.961257 0.129528
0.00602184 0.962957 0.133536
0.00599439 0.963585 0.13373
0.00665149 0.963613 0.133731
0.00667894 0.962985 0.133537
0.00633666 0.963285 0.133634
INDEX = 14
4 5 7
6 7 5
1 2 5
6 5 2
0 1 4
5 4 1
7 6 3
2 3 6
4 7 0
3 0 7
8 1 0
8 2 1
8 3 2
8 0 3
FACE-NORMAL = 14
-0.0109558 0.294763 -0.955508
-0.0109558 0.294763 -0.955508
0.0236935 -0.51236 -0.858444
0.0236935 -0.51236 -0.858444
0.735276 0.229226 -0.637828
0.735276 0.229226 -0.637829
-0.749928 0.165147 -0.640573
-0.749928 0.165147 -0.640573
-0.0383517 0.906733 -0.419958
-0.0383517 0.906733 -0.419958
-0.698704 -0.238909 0.674341
-0.0217653 0.466573 0.884215
0.714193 -0.177949 0.676951
0.0372592 -0.883432 0.467077
BONE = 12
BONE_NAME = Neck01
PARENT_ID = 11
LOCALTM 
MAT 0.305717 0.95177 -0.0254677 0.0
MAT 0.0353594 0.0153875 0.999263 0.0
MAT 0.95147 -0.306397 -0.0289405 0.0
MAT 0.285622 -0.0130695 -0.000313252 1.0
WORLDTM 
MAT -0.00720563 0.193865 -0.628436 0.0
MAT -0.6571 -0.0283498 -0.00121649 0.0
MAT -0.0274505 0.627845 0.193999 0.0
MAT 0.00633666 0.963285 0.133634 1.0
VERTEX = 9
-0.000609306 1.06154 -0.200794
-0.000849294 1.06678 -0.204756
0.0057228 1.06703 -0.204825
0.00596279 1.06179 -0.200862
0.00219251 1.06599 -0.199983
0.00216851 1.06651 -0.200379
0.00282572 1.06654 -0.200386
0.00284972 1.06601 -0.19999
0.00250911 1.06626 -0.200185
INDEX = 14
4 5 7
6 7 5
1 2 5
6 5 2
0 1 4
5 4 1
7 6 3
2 3 6
4 7 0
3 0 7
8 1 0
8 2 1
8 3 2
8 0 3
FACE-NORMAL = 14
0.0144844 -0.602341 -0.798108
0.0144844 -0.602341 -0.798108
0.0368108 -0.995603 -0.0861357
0.0368108 -0.995603 -0.0861359
0.75242 -0.374816 -0.541643
0.75242 -0.374816 -0.541643
-0.733023 -0.431074 -0.526168
-0.733023 -0.431073 -0.526168
-0.0174322 0.189723 -0.981683
-0.0174322 0.189723 -0.981683
-0.716813 0.39916 0.571709
-0.0360429 0.989724 0.138377
0.696311 0.452678 0.556986
0.0155593 -0.137894 0.990325
BONE = 13
BONE_NAME = Neck02
PARENT_ID = 12
LOCALTM 
MAT 0.584885 0.0129681 -0.81099 0.0
MAT -0.0101556 0.999916 0.00863517 0.0
MAT 0.811054 0.00319042 0.584987 0.0
MAT 0.53119 0.0 -1.19209e-007 1.0
WORLDTM 
MAT 0.00952627 -0.396155 -0.524909 0.0
MAT -0.657209 -0.0248947 0.00684097 0.0
MAT -0.0239988 0.524426 -0.396213 0.0
MAT 0.00250911 1.06626 -0.200185 1.0
VERTEX = 9
0.00351823 0.891411 -0.424669
0.00354001 0.889424 -0.430939
0.0101099 0.889727 -0.431012
0.0100881 0.891714 -0.424742
0.00632919 0.893784 -0.428517
0.00633137 0.893586 -0.429144
0.00698835 0.893616 -0.429151
0.00698618 0.893815 -0.428524
0.00665877 0.8937 -0.428834
INDEX = 14
4 5 7
6 7 5
1 2 5
6 5 2
0 1 4
5 4 1
7 6 3
2 3 6
4 7 0
3 0 7
8 1 0
8 2 1
8 3 2
8 0 3
FACE-NORMAL = 14
0.0472202 -0.952125 0.302042
0.0472202 -0.952125 0.302042
0.029127 -0.412312 0.910577
0.029127 -0.412312 0.910577
0.774054 -0.602712 0.193851
0.774054 -0.602712 0.193851
-0.710867 -0.671163 0.21026
-0.710867 -0.671163 0.21026
0.0340504 -0.861572 -0.506492
0.0340504 -0.861572 -0.506492
-0.739708 0.640695 -0.205771
-0.0310478 0.459562 -0.887603
0.672919 0.705812 -0.22138
-0.0357317 0.886953 0.460476
BONE = 14
BONE_NAME = Head
PARENT_ID = 13
LOCALTM 
MAT 0.333106 -0.00799808 -0.942808 0.0
MAT 0.00443536 0.999978 -0.00693691 0.0
MAT 0.942894 -0.00181303 0.333185 0.0
MAT 0.435597 0.0 2.38419e-007 1.0
WORLDTM 
MAT 0.0310559 -0.626196 0.198647 0.0
MAT -0.656986 -0.0302891 0.00726116 0.0
MAT 0.00217777 -0.198756 -0.626958 0.0
MAT 0.00665877 0.8937 -0.428834 1.0
VERTEX = 9
0.00878956 0.784631 -0.393084
0.00864583 0.786178 -0.399475
0.015216 0.786482 -0.399548
0.0153597 0.784935 -0.393157
0.0115425 0.788656 -0.395217
0.0115281 0.788811 -0.395856
0.0121851 0.788841 -0.395863
0.0121995 0.788687 -0.395224
0.0118638 0.788749 -0.39554
INDEX = 14
4 5 7
6 7 5
1 2 5
6 5 2
0 1 4
5 4 1
7 6 3
2 3 6
4 7 0
3 0 7
8 1 0
8 2 1
8 3 2
8 0 3
FACE-NORMAL = 14
0.0422701 -0.970866 -0.235865
0.0422701 -0.970866 -0.235865
0.0445188 -0.824261 0.564457
0.0445188 -0.824261 0.564457
0.770744 -0.615122 -0.16607
0.770743 -0.615122 -0.16607
-0.714164 -0.683827 -0.149502
-0.714164 -0.683827 -0.149502
0.0120345 -0.474677 -0.880078
0.0120345 -0.474677 -0.880078
-0.736209 0.653827 0.174663
-0.0453403 0.85278 -0.520298
0.676406 0.719184 0.158901
-0.0144376 0.52022 0.85391
BONE = 15
BONE_NAME = Jaw
PARENT_ID = 14
LOCALTM 
MAT 0.855112 -0.00017301 0.518345 0.0
MAT 0.000202287 1.00006 -4.23752e-005 0.0
MAT -0.518447 0.000204379 0.855101 0.0
MAT 0.167602 0.0 0.0 1.0
WORLDTM 
MAT 0.0277988 -0.638486 -0.155116 0.0
MAT -0.657018 -0.0304091 0.00732833 0.0
MAT -0.0143729 0.154686 -0.639099 0.0
MAT 0.0118638 0.788749 -0.39554 1.0
VERTEX = 9
-0.0901762 0.90812 -0.471647
-0.0903592 0.913147 -0.463004
-0.0926333 0.904707 -0.458145
-0.0924503 0.899681 -0.466788
-0.09615 0.907523 -0.46622
-0.0961682 0.908025 -0.465356
-0.0963957 0.907181 -0.46487
-0.0963774 0.906679 -0.465734
-0.0962728 0.907352 -0.465545
INDEX = 14
4 5 7
6 7 5
1 2 5
6 5 2
0 1 4
5 4 1
7 6 3
2 3 6
4 7 0
3 0 7
8 1 0
8 2 1
8 3 2
8 0 3
FACE-NORMAL = 14
0.973629 -0.187643 0.129753
0.973629 -0.187643 0.129753
0.66493 -0.499144 -0.555628
0.664931 -0.499144 -0.555628
0.482298 -0.752792 0.447988
0.482298 -0.752792 0.447988
0.820349 0.501737 -0.274386
0.820349 0.501737 -0.274386
0.637717 0.248088 0.729225
0.637717 0.248088 0.729225
-0.527663 0.72941 -0.435353
-0.701404 0.488112 0.519402
-0.849256 -0.464041 0.251853
-0.675515 -0.222742 -0.702898
BONE = 16
BONE_NAME = Unit_Zerg_Hydralisk_Jaw_03
PARENT_ID = 14
LOCALTM 
MAT 0.401152 -1.46329 -0.096797 0.0
MAT -1.42857 -0.412615 0.317669 0.0
MAT -0.332118 0.00724182 -1.48369 0.0
MAT -0.0440141 0.154746 0.0464012 1.0
WORLDTM 
MAT 0.973606 -0.187639 0.12975 0.0
MAT 0.227409 0.843926 -0.485944 0.0
MAT -0.0183032 0.502644 0.86429 0.0
MAT -0.0962728 0.907352 -0.465545 1.0
VERTEX = 9
-0.0840721 1.09969 -0.148686
-0.0868469 1.1062 -0.141619
-0.0865881 1.09889 -0.134793
-0.0838133 1.09239 -0.141861
-0.0900061 1.09829 -0.143363
-0.0902836 1.09894 -0.142657
-0.0902577 1.09821 -0.141974
-0.0899803 1.09756 -0.142681
-0.0901319 1.09825 -0.142669
INDEX = 14
4 5 7
6 7 5
1 2 5
6 5 2
0 1 4
5 4 1
7 6 3
2 3 6
4 7 0
3 0 7
8 1 0
8 2 1
8 3 2
8 0 3
FACE-NORMAL = 14
0.960392 0.207666 0.185802
0.960392 0.207666 0.185802
0.848704 -0.34477 -0.401043
0.848704 -0.34477 -0.401043
0.661706 -0.403979 0.631622
0.661706 -0.403979 0.631622
0.623231 0.681816 -0.383027
0.623231 0.681816 -0.383027
0.436227 0.622626 0.649648
0.436227 0.622626 0.649649
-0.697401 0.369627 -0.61401
-0.875293 0.313301 0.36838
-0.660798 -0.663306 0.351241
-0.4829 -0.606998 -0.631159
BONE = 17
BONE_NAME = Karapis_Bone02
PARENT_ID = 13
LOCALTM 
MAT -0.394463 -1.46803 0.0283093 0.0
MAT 0.158786 -0.0135384 1.51208 0.0
MAT -1.45978 0.39532 0.15692 0.0
MAT -0.101137 0.139815 -0.008762 1.0
WORLDTM 
MAT 0.960368 0.207661 0.185798 0.0
MAT -0.0258778 0.730407 -0.682546 0.0
MAT -0.27748 0.650751 0.706784 0.0
MAT -0.0901319 1.09825 -0.142669 1.0
VERTEX = 9
0.0733483 1.10332 -0.150768
0.0758709 1.10998 -0.143743
0.0761295 1.10267 -0.136917
0.0736069 1.09602 -0.143942
0.0697634 1.1038 -0.143528
0.0700157 1.10447 -0.142826
0.0700415 1.10374 -0.142143
0.0697893 1.10307 -0.142845
0.0699025 1.10377 -0.142836
INDEX = 14
4 5 7
6 7 5
1 2 5
6 5 2
0 1 4
5 4 1
7 6 3
2 3 6
4 7 0
3 0 7
8 1 0
8 2 1
8 3 2
8 0 3
FACE-NORMAL = 14
0.967317 -0.154001 -0.201448
0.967317 -0.154001 -0.201448
0.459605 -0.59768 -0.656918
0.459605 -0.59768 -0.656918
0.666324 -0.645917 0.372564
0.666324 -0.645917 0.372564
0.627878 0.439876 -0.642089
0.627878 0.439876 -0.642089
0.834596 0.391635 0.387392
0.834596 0.391635 0.387392
-0.702283 0.62536 -0.340182
-0.505629 0.579472 0.639181
-0.66571 -0.407571 0.625073
-0.862363 -0.361678 -0.354287
BONE = 18
BONE_NAME = Karapis_Bone01
PARENT_ID = 13
LOCALTM 
MAT 0.40682 -1.46387 -0.0558212 0.0
MAT 0.158792 -0.013561 1.51208 0.0
MAT -1.45641 -0.410395 0.149353 0.0
MAT -0.102455 -0.103636 -0.0107986 1.0
WORLDTM 
MAT 0.967282 -0.153995 -0.201441 0.0
MAT -0.0258629 0.730404 -0.682549 0.0
MAT 0.252257 0.665506 0.702501 0.0
MAT 0.0699025 1.10377 -0.142836 1.0
VERTEX = 9
-0.0328785 1.54978 -0.0424128
-0.0329679 1.55225 -0.0327236
-0.0326003 1.54257 -0.0302499
-0.0325109 1.5401 -0.0399391
-0.0377496 1.54635 -0.0369373
-0.0377585 1.5466 -0.0359684
-0.0377218 1.54563 -0.035721
-0.0377128 1.54538 -0.0366899
-0.0377357 1.54599 -0.0363291
INDEX = 14
4 5 7
6 7 5
1 2 5
6 5 2
0 1 4
5 4 1
7 6 3
2 3 6
4 7 0
3 0 7
8 1 0
8 2 1
8 3 2
8 0 3
FACE-NORMAL = 14
0.999283 0.0378481 -0.000439298
0.999283 0.0378481 -0.000439298
0.675131 -0.158458 -0.720479
0.675131 -0.158458 -0.720478
0.695818 -0.694363 0.183569
0.695818 -0.694363 0.183569
0.641153 0.74499 -0.184154
0.641153 0.74499 -0.184154
0.66184 0.209097 0.719893
0.66184 0.209097 0.719893
-0.732603 0.657881 -0.174601
-0.712922 0.148067 0.685433
-0.680598 -0.711396 0.17522
-0.700278 -0.201593 -0.684814
BONE = 19
BONE_NAME = Unit_Zerg_Hydralisk_Crest
PARENT_ID = 13
LOCALTM 
MAT -0.0120854 -1.5203 -0.00912967 0.0
MAT -0.587367 -0.00378205 1.40241 0.0
MAT -1.40243 0.0147216 -0.587238 0.0
MAT -0.639069 0.0361349 0.433718 1.0
WORLDTM 
MAT 0.999256 0.0378471 -0.000439286 0.0
MAT -0.036766 0.968244 -0.247366 0.0
MAT -0.00894208 0.24725 0.968919 0.0
MAT -0.0377357 1.54599 -0.0363291 1.0
VERTEX = 9
-0.00631319 0.824515 0.162441
-0.00632255 0.824823 0.163661
-0.00628024 0.823604 0.16397
-0.00627087 0.823296 0.16275
-0.00692717 0.824083 0.16313
-0.0069281 0.824114 0.163252
-0.00692387 0.823992 0.163283
-0.00692294 0.823961 0.163161
-0.00692552 0.824038 0.163206
INDEX = 14
4 5 7
6 7 5
1 2 5
6 5 2
0 1 4
5 4 1
7 6 3
2 3 6
4 7 0
3 0 7
8 1 0
8 2 1
8 3 2
8 0 3
FACE-NORMAL = 14
0.999406 0.0344372 -0.00104095
0.999406 0.0344372 -0.00104095
0.674098 -0.159203 -0.721281
0.674098 -0.159203 -0.721281
0.693566 -0.69713 0.181592
0.693567 -0.69713 0.181592
0.643569 0.743193 -0.182982
0.643569 0.743193 -0.182982
0.663037 0.205278 0.719891
0.663037 0.205278 0.719891
-0.730469 0.660755 -0.172678
-0.711948 0.149017 0.686239
-0.682905 -0.709446 0.174147
-0.701426 -0.197719 -0.684769
BONE = 20
BONE_NAME = Spikes
PARENT_ID = 13
LOCALTM 
MAT -0.00103552 -0.191313 -0.00160072 0.0
MAT -0.0743039 -0.00107672 0.176312 0.0
MAT -0.17632 0.00158178 -0.0742856 0.0
MAT -0.219352 0.0340342 -0.625973 1.0
WORLDTM 
MAT 0.125761 0.00433343 -0.000130989 0.0
MAT -0.00423148 0.121925 -0.0308617 0.0
MAT -0.000936473 0.0308534 0.121996 0.0
MAT -0.00692552 0.824038 0.163206 1.0
VERTEX = 9
0.00426472 1.00404 -0.487757
0.0041903 1.00649 -0.478062
0.00452656 0.9968 -0.47561
0.00460097 0.994349 -0.485304
-0.000614351 1.00061 -0.482285
-0.000621793 1.00085 -0.481316
-0.000588167 0.999885 -0.481071
-0.000580726 0.99964 -0.48204
-0.000601259 1.00025 -0.481678
INDEX = 14
4 5 7
6 7 5
1 2 5
6 5 2
0 1 4
5 4 1
7 6 3
2 3 6
4 7 0
3 0 7
8 1 0
8 2 1
8 3 2
8 0 3
FACE-NORMAL = 14
0.999406 0.0344371 -0.00104067
0.999406 0.0344371 -0.00104067
0.674098 -0.159191 -0.721284
0.674098 -0.159191 -0.721284
0.693566 -0.697133 0.181582
0.693566 -0.697132 0.181582
0.643569 0.743196 -0.182972
0.643569 0.743196 -0.182972
0.663038 0.205266 0.719894
0.663038 0.205266 0.719894
-0.730469 0.660757 -0.172668
-0.711948 0.149006 0.686242
-0.682905 -0.709448 0.174137
-0.701426 -0.197708 -0.684772
BONE = 21
BONE_NAME = Ref_Head
PARENT_ID = 13
LOCALTM 
MAT -0.00822915 -1.5203 -0.0127207 0.0
MAT -0.590486 -0.00855682 1.40108 0.0
MAT -1.40114 0.0125701 -0.590343 0.0
MAT 0.401987 0.00406067 0.177972 1.0
WORLDTM 
MAT 0.999379 0.0344362 -0.00104064 0.0
MAT -0.0336257 0.968901 -0.245233 0.0
MAT -0.00744134 0.245166 0.96946 0.0
MAT -0.000601259 1.00025 -0.481678 1.0
VERTEX = 9
-0.0360656 1.69264 0.689646
-0.0363086 1.69967 0.682532
-0.0365728 1.70678 0.689561
-0.0363298 1.69975 0.696674
-0.0412905 1.69882 0.689601
-0.0413148 1.69953 0.68889
-0.0413412 1.70024 0.689592
-0.0413169 1.69953 0.690304
-0.0413158 1.69953 0.689597
INDEX = 14
4 5 7
6 7 5
1 2 5
6 5 2
0 1 4
5 4 1
7 6 3
2 3 6
4 7 0
3 0 7
8 1 0
8 2 1
8 3 2
8 0 3
FACE-NORMAL = 14
0.999357 0.0358422 0.00132503
0.999357 0.0358422 0.00132503
0.686578 -0.498106 0.529623
0.686578 -0.498106 0.529623
0.648892 0.552344 0.523311
0.648893 0.552344 0.523311
0.688176 -0.504391 -0.521539
0.688176 -0.504391 -0.52154
0.65049 0.546086 -0.527876
0.65049 0.546086 -0.527876
-0.687966 -0.527988 -0.497927
-0.723815 0.471322 -0.503932
-0.725338 0.4773 0.496055
-0.689488 -0.522034 0.502083
BONE = 22
BONE_NAME = HitTestFuzzy01
PARENT_ID = 13
LOCALTM 
MAT -0.0123877 -1.52026 -0.0131814 0.0
MAT 1.5045 -0.0103859 -0.21945 0.0
MAT 0.219437 -0.0147858 1.50449 0.0
MAT -1.66068 0.0442495 -0.0448505 1.0
WORLDTM 
MAT 0.999329 0.0358412 0.001325 0.0
MAT 0.0264244 -0.71084 -0.702846 0.0
MAT -0.0242981 0.702432 -0.711385 0.0
MAT -0.0413158 1.69953 0.689597 1.0
VERTEX = 9
-0.161746 1.38893 0.0272114
-0.161829 1.38205 0.0344696
-0.162055 1.37479 0.027591
-0.161972 1.38167 0.0203328
-0.166883 1.38268 0.0274298
-0.166892 1.38199 0.0281556
-0.166914 1.38127 0.0274677
-0.166906 1.38195 0.0267419
-0.166899 1.38197 0.0274488
INDEX = 14
4 5 7
6 7 5
1 2 5
6 5 2
0 1 4
5 4 1
7 6 3
2 3 6
4 7 0
3 0 7
8 1 0
8 2 1
8 3 2
8 0 3
FACE-NORMAL = 14
0.999712 -0.0220255 -0.00951139
0.999712 -0.0220255 -0.00951139
0.674909 0.496547 -0.545838
0.674909 0.496547 -0.545838
0.65201 -0.553991 -0.517665
0.65201 -0.553991 -0.517665
0.685534 0.5245 0.504918
0.685534 0.5245 0.504918
0.662636 -0.526021 0.533119
0.662636 -0.526021 0.533119
-0.690958 0.528578 0.493135
-0.712741 -0.470815 0.519937
-0.722848 -0.497407 -0.479664
-0.701066 0.501969 -0.506491
BONE = 23
BONE_NAME = Ref_Weapon Right
PARENT_ID = 13
LOCALTM 
MAT 0.053765 -1.51765 -0.0734272 0.0
MAT -1.49864 -0.065128 0.248194 0.0
MAT -0.250993 0.0636431 -1.49827 0.0
MAT -0.569104 0.242814 0.183628 1.0
WORLDTM 
MAT 0.999688 -0.022025 -0.00951117 0.0
MAT 0.0225699 0.725475 0.687867 0.0
MAT -0.0082612 -0.687885 0.725819 0.0
MAT -0.166899 1.38197 0.0274488 1.0
VERTEX = 9
0.104872 1.35487 0.0339851
0.105429 1.35091 0.0431529
0.10553 1.34173 0.039186
0.104973 1.34569 0.0300183
0.100177 1.3488 0.0365612
0.100232 1.34841 0.0374779
0.100242 1.34749 0.0370813
0.100187 1.34788 0.0361645
0.10021 1.34814 0.0368212
INDEX = 14
4 5 7
6 7 5
1 2 5
6 5 2
0 1 4
5 4 1
7 6 3
2 3 6
4 7 0
3 0 7
8 1 0
8 2 1
8 3 2
8 0 3
FACE-NORMAL = 14
0.998396 0.0313895 -0.0471293
0.998396 0.0313895 -0.0471293
0.626483 0.315006 -0.712945
0.626483 0.315006 -0.712944
0.675409 -0.661283 -0.326385
0.675409 -0.661283 -0.326385
0.660374 0.703256 0.263319
0.660374 0.703256 0.263319
0.7093 -0.273011 0.649892
0.7093 -0.273011 0.649892
-0.713125 0.626869 0.313828
-0.66658 -0.30189 0.681567
-0.69882 -0.671237 -0.247167
-0.745365 0.257499 -0.614919
BONE = 24
BONE_NAME = Ref_Weapon Left
PARENT_ID = 13
LOCALTM 
MAT 0.0504671 -1.51931 0.0258542 0.0
MAT -1.32224 -0.0311887 0.749996 0.0
MAT -0.749031 -0.047336 -1.32234 0.0
MAT -0.543606 -0.160893 0.119221 1.0
WORLDTM 
MAT 0.998367 0.0313886 -0.047128 0.0
MAT -0.0100975 0.917906 0.396685 0.0
MAT 0.0557086 -0.395558 0.916777 0.0
MAT 0.10021 1.34814 0.0368212 1.0
VERTEX = 9
-0.0385788 1.3928 -0.121938
-0.0385656 1.39357 -0.115407
-0.0388364 1.38704 -0.114636
-0.0388495 1.38627 -0.121167
-0.0419803 1.39035 -0.118661
-0.041979 1.39042 -0.118008
-0.0420061 1.38977 -0.117931
-0.0420074 1.38969 -0.118584
-0.0419932 1.39006 -0.118296
INDEX = 14
4 5 7
6 7 5
1 2 5
6 5 2
0 1 4
5 4 1
7 6 3
2 3 6
4 7 0
3 0 7
8 1 0
8 2 1
8 3 2
8 0 3
FACE-NORMAL = 14
0.999152 -0.0410879 0.00284055
0.999152 -0.0410879 0.00284055
0.666912 -0.114669 -0.736261
0.666912 -0.114669 -0.736261
0.637811 -0.765029 0.0890406
0.637811 -0.765029 0.0890406
0.698983 0.71004 -0.0852383
0.698983 0.71004 -0.0852383
0.669883 0.0596966 0.740063
0.669883 0.0596966 0.740063
-0.67741 0.730689 -0.0849065
-0.705094 0.111992 0.700215
-0.735603 -0.672567 0.0808876
-0.70792 -0.0538849 -0.704234
BONE = 25
BONE_NAME = Ref_Weapon
PARENT_ID = 13
LOCALTM 
MAT 0.0369767 -0.996751 -0.0709122 0.0
MAT -0.503517 -0.0799041 0.860299 0.0
MAT -0.863253 0.00392224 -0.504818 0.0
MAT -0.396891 0.0502761 0.319997 1.0
WORLDTM 
MAT 0.657128 -0.0270229 0.00186819 0.0
MAT 0.027071 0.652623 -0.0771071 0.0
MAT 0.00131369 0.0771448 0.653172 0.0
MAT -0.0419932 1.39006 -0.118296 1.0
VERTEX = 9
-0.00335782 1.13619 0.0734355
-0.00345805 1.14833 0.0870336
-0.00408561 1.13974 0.0947041
-0.00398538 1.12759 0.0811061
-0.00867772 1.13797 0.0828049
-0.00868774 1.13918 0.0841647
-0.0087505 1.13833 0.0849317
-0.00874047 1.13711 0.0835719
-0.00871411 1.13815 0.0838683
INDEX = 14
4 5 7
6 7 5
1 2 5
6 5 2
0 1 4
5 4 1
7 6 3
2 3 6
4 7 0
3 0 7
8 1 0
8 2 1
8 3 2
8 0 3
FACE-NORMAL = 14
0.998504 -0.0369353 0.040311
0.998504 -0.0369353 0.040311
0.672038 -0.519897 -0.527325
0.672039 -0.519897 -0.527325
0.627531 -0.578445 0.521159
0.627531 -0.578445 0.521159
0.708397 0.52903 -0.467227
0.708397 0.52903 -0.467227
0.66389 0.470497 0.581277
0.66389 0.470497 0.581277
-0.667585 0.552895 -0.498636
-0.709924 0.497197 0.498802
-0.744514 -0.500662 0.441629
-0.702174 -0.444979 -0.555828
BONE = 26
BONE_NAME = Vol_Target
PARENT_ID = 13
LOCALTM 
MAT 0.00693402 -1.51416 -0.137068 0.0
MAT 0.14509 -0.156962 1.74104 0.0
MAT -2.76291 -0.0331146 0.22777 0.0
MAT -0.410782 0.0174185 -0.172409 1.0
WORLDTM 
MAT 0.998478 -0.0369343 0.04031 0.0
MAT 0.062756 0.859476 -0.767055 0.0
MAT -0.0100232 1.21481 1.3598 0.0
MAT -0.00871411 1.13815 0.0838683 1.0
VERTEX = 9
-0.000126734 0.973884 0.11367
0.000907833 0.978193 0.108809
0.000796352 0.973283 0.104434
-0.000238215 0.968975 0.109295
0.00353574 0.973229 0.109863
0.0036392 0.973659 0.109377
0.00362805 0.973168 0.10894
0.00352459 0.972738 0.109426
0.0035819 0.973199 0.109402
INDEX = 14
4 5 7
6 7 5
1 2 5
6 5 2
0 1 4
5 4 1
7 6 3
2 3 6
4 7 0
3 0 7
8 1 0
8 2 1
8 3 2
8 0 3
FACE-NORMAL = 14
-0.987406 0.117162 -0.10631
-0.987406 0.117162 -0.10631
-0.777457 -0.40851 0.478205
-0.777458 -0.40851 0.478204
-0.673139 -0.476461 -0.565569
-0.673139 -0.476461 -0.565569
-0.647941 0.633215 0.423333
-0.647941 0.633215 0.423333
-0.543622 0.565267 -0.620442
-0.543622 0.565267 -0.620442
0.710187 0.44498 0.545552
0.809427 0.380337 -0.447406
0.686216 -0.610672 -0.395206
0.586976 -0.546031 0.597753
BONE = 27
BONE_NAME = ShoulderRt
PARENT_ID = 11
LOCALTM 
MAT 0.195411 0.117659 0.973626 0.0
MAT 0.735115 -0.674733 -0.0659952 0.0
MAT 0.649186 0.728624 -0.218348 0.0
MAT 0.301401 0.0236324 0.00216886 1.0
WORLDTM 
MAT -0.649418 0.0770578 -0.0699202 0.0
MAT 0.0111481 0.490952 0.437518 0.0
MAT 0.103457 0.430827 -0.486073 0.0
MAT 0.0035819 0.973199 0.109402 1.0
VERTEX = 9
-0.42787 1.02244 0.0681902
-0.43076 1.02152 0.0623548
-0.425004 1.01962 0.0598058
-0.422114 1.02054 0.0656412
-0.425915 1.02429 0.0635943
-0.426204 1.02419 0.0630107
-0.425628 1.024 0.0627559
-0.425339 1.0241 0.0633394
-0.425772 1.02414 0.0631751
INDEX = 14
4 5 7
6 7 5
1 2 5
6 5 2
0 1 4
5 4 1
7 6 3
2 3 6
4 7 0
3 0 7
8 1 0
8 2 1
8 3 2
8 0 3
FACE-NORMAL = 14
-0.20236 -0.9468 0.250241
-0.20236 -0.9468 0.250241
0.191216 -0.52887 0.826881
0.191216 -0.52887 0.826881
0.515179 -0.848546 -0.120665
0.515179 -0.848546 -0.120665
-0.785909 -0.418209 0.455464
-0.785909 -0.418209 0.455464
-0.461955 -0.73788 -0.492068
-0.461955 -0.73788 -0.492068
-0.475788 0.874184 0.0970954
-0.167597 0.570072 -0.804319
0.761956 0.464797 -0.450984
0.453773 0.768905 0.450417
BONE = 28
BONE_NAME = ArmRT
PARENT_ID = 27
LOCALTM 
MAT 0.0622772 -0.543711 -0.836962 0.0
MAT 0.856908 0.459044 -0.234468 0.0
MAT 0.5117 -0.702604 0.49449 0.0
MAT 0.661136 0.0 -4.17233e-007 1.0
WORLDTM 
MAT -0.133095 -0.622723 0.164587 0.0
MAT -0.575631 0.190385 0.254893 0.0
MAT -0.288981 -0.092475 -0.583538 0.0
MAT -0.425772 1.02414 0.0631751 1.0
VERTEX = 9
-0.521649 0.597843 0.172737
-0.517735 0.603084 0.173423
-0.512465 0.59928 0.172417
-0.516379 0.594039 0.171732
-0.517313 0.597916 0.175825
-0.516922 0.59844 0.175893
-0.516395 0.59806 0.175793
-0.516786 0.597536 0.175724
-0.516854 0.597988 0.175809
INDEX = 14
4 5 7
6 7 5
1 2 5
6 5 2
0 1 4
5 4 1
7 6 3
2 3 6
4 7 0
3 0 7
8 1 0
8 2 1
8 3 2
8 0 3
FACE-NORMAL = 14
-0.0615929 0.174487 -0.982731
-0.0615929 0.174487 -0.982731
-0.483537 -0.475574 -0.734861
-0.483537 -0.475574 -0.734861
0.55438 -0.313212 -0.771078
0.55438 -0.313212 -0.771078
-0.636787 0.546664 -0.543747
-0.636787 0.546664 -0.543747
0.401138 0.709036 -0.579962
0.401138 0.709036 -0.579962
-0.523034 0.285625 0.803027
0.464351 0.440083 0.768574
0.61014 -0.532388 0.586764
-0.377253 -0.686855 0.621217
BONE = 29
BONE_NAME = ForeArmRt
PARENT_ID = 28
LOCALTM 
MAT -0.398664 -0.276443 0.874448 0.0
MAT -0.347245 0.927989 0.135058 0.0
MAT -0.848814 -0.249783 -0.465967 0.0
MAT 0.684344 1.19209e-007 0.0 1.0
WORLDTM 
MAT -0.0405103 0.114762 -0.646352 0.0
MAT -0.526991 0.380423 0.100575 0.0
MAT 0.391411 0.524111 0.068538 0.0
MAT -0.516854 0.597988 0.175809 1.0
VERTEX = 9
-0.555983 0.698881 -0.413385
-0.558505 0.700849 -0.419132
-0.552449 0.701182 -0.421675
-0.549927 0.699214 -0.415929
-0.554158 0.70305 -0.416146
-0.55441 0.703247 -0.416721
-0.553804 0.70328 -0.416975
-0.553552 0.703084 -0.4164
-0.553981 0.703165 -0.416561
INDEX = 14
4 5 7
6 7 5
1 2 5
6 5 2
0 1 4
5 4 1
7 6 3
2 3 6
4 7 0
3 0 7
8 1 0
8 2 1
8 3 2
8 0 3
FACE-NORMAL = 14
-0.071431 -0.952864 -0.29487
-0.071431 -0.952864 -0.29487
0.237209 -0.859786 0.452216
0.237209 -0.859787 0.452216
0.636661 -0.599775 -0.484697
0.636661 -0.599776 -0.484697
-0.732206 -0.675088 0.0901715
-0.732206 -0.675088 0.0901716
-0.332783 -0.415075 -0.84674
-0.332783 -0.415075 -0.84674
-0.600614 0.637954 0.481951
-0.22061 0.885305 -0.409349
0.701609 0.709597 -0.0649315
0.321632 0.462245 0.826367
BONE = 30
BONE_NAME = HandRt
PARENT_ID = 29
LOCALTM 
MAT 0.127904 -0.539035 -0.832547 0.0
MAT -0.332143 0.767645 -0.548055 0.0
MAT 0.934496 0.346654 -0.080831 0.0
MAT 0.916481 0.0 2.68221e-007 1.0
WORLDTM 
MAT -0.0469825 -0.62673 -0.193946 0.0
MAT -0.605602 -0.0333291 0.254325 0.0
MAT -0.252178 0.196755 -0.574689 0.0
MAT -0.553981 0.703165 -0.416561 1.0
VERTEX = 9
-0.770514 -0.0437317 -0.710113
-0.771667 -0.0495207 -0.702041
-0.774414 -0.0571445 -0.7079
-0.77326 -0.0513555 -0.715972
-0.774585 -0.0490657 -0.708945
-0.7747 -0.0496446 -0.708138
-0.774975 -0.050407 -0.708724
-0.774859 -0.0498281 -0.709531
-0.77478 -0.0497364 -0.708834
INDEX = 14
4 5 7
6 7 5
1 2 5
6 5 2
0 1 4
5 4 1
7 6 3
2 3 6
4 7 0
3 0 7
8 1 0
8 2 1
8 3 2
8 0 3
FACE-NORMAL = 14
0.954612 -0.28926 -0.0710242
0.954612 -0.28926 -0.0710242
0.724352 0.236782 -0.647494
0.724352 0.236782 -0.647494
0.434475 -0.760195 -0.483048
0.434475 -0.760195 -0.483048
0.842725 0.373175 0.388014
0.842725 0.373175 0.388014
0.552851 -0.623798 0.552478
0.552851 -0.623798 0.552478
-0.480825 0.743639 0.464553
-0.756587 -0.204801 0.620993
-0.869197 -0.334554 -0.364102
-0.593437 0.613883 -0.520558
BONE = 31
BONE_NAME = HitTestFuzzy02
PARENT_ID = 30
LOCALTM 
MAT 0.168488 -0.657922 -0.288057 0.0
MAT -1.39697 -0.0986708 -0.59178 0.0
MAT 0.489263 0.680746 -1.26845 0.0
MAT 1.24574 0.195255 0.174574 1.0
WORLDTM 
MAT 0.463165 -0.140345 -0.03446 0.0
MAT 0.274622 0.762375 0.585931 0.0
MAT -0.115373 -0.578898 0.807204 0.0
MAT -0.77478 -0.0497364 -0.708834 1.0
VERTEX = 9
0.00748097 0.969058 0.109091
0.00594663 0.973203 0.10422
0.00607708 0.978231 0.108458
0.00761142 0.974086 0.113328
0.00365212 0.97274 0.109433
0.00349868 0.973154 0.108946
0.00351173 0.973657 0.10937
0.00366516 0.973242 0.109857
0.00358192 0.973198 0.109402
INDEX = 14
4 5 7
6 7 5
1 2 5
6 5 2
0 1 4
5 4 1
7 6 3
2 3 6
4 7 0
3 0 7
8 1 0
8 2 1
8 3 2
8 0 3
FACE-NORMAL = 14
0.972207 0.135622 -0.190843
0.972207 0.135622 -0.190843
0.823771 -0.377694 0.422787
0.823771 -0.377694 0.422787
0.665115 0.658968 0.351259
0.665115 0.658968 0.351259
0.635629 -0.477515 -0.606593
0.635629 -0.477515 -0.606593
0.476973 0.559148 -0.678123
0.476973 0.559148 -0.678123
-0.701479 -0.636476 -0.320664
-0.852411 0.349716 -0.388709
-0.673429 0.444677 0.590556
-0.522497 -0.541516 0.658603
BONE = 32
BONE_NAME = ShoulderLft
PARENT_ID = 11
LOCALTM 
MAT 0.0611968 0.176456 -0.982392 0.0
MAT -0.753104 0.654114 0.0705714 0.0
MAT 0.65505 0.735539 0.172924 0.0
MAT 0.301401 0.0236324 0.00216886 1.0
WORLDTM 
MAT 0.639421 0.0891985 -0.125518 0.0
MAT -0.0130446 -0.502811 -0.423781 0.0
MAT -0.153434 0.414486 -0.487074 0.0
MAT 0.00358192 0.973198 0.109402 1.0
VERTEX = 9
0.376582 1.02027 0.0372164
0.377 1.02264 0.0310944
0.382967 1.02506 0.0324378
0.382548 1.02269 0.0385599
0.378087 1.02525 0.0360629
0.378129 1.02548 0.0354507
0.378726 1.02573 0.035585
0.378684 1.02549 0.0361972
0.378407 1.02549 0.035824
INDEX = 14
4 5 7
6 7 5
1 2 5
6 5 2
0 1 4
5 4 1
7 6 3
2 3 6
4 7 0
3 0 7
8 1 0
8 2 1
8 3 2
8 0 3
FACE-NORMAL = 14
0.415894 -0.857406 -0.303128
0.415894 -0.857406 -0.303128
0.230938 -0.841108 0.489086
0.230938 -0.841108 0.489086
0.952527 -0.300162 -0.0509502
0.952526 -0.300162 -0.0509503
-0.396074 -0.846981 -0.354611
-0.396075 -0.846981 -0.354611
0.325499 -0.306044 -0.894644
0.325499 -0.306044 -0.894644
-0.935561 0.346177 0.0699044
-0.249103 0.860786 -0.443841
0.347384 0.866372 0.358781
-0.33906 0.351772 0.872522
BONE = 33
BONE_NAME = ArmLft
PARENT_ID = 32
LOCALTM 
MAT 0.345902 0.842546 -0.412879 0.0
MAT -0.892867 0.430818 0.131082 0.0
MAT 0.288302 0.323318 0.901304 0.0
MAT 0.586194 -2.38419e-007 0.0 1.0
WORLDTM 
MAT 0.273536 -0.56392 -0.199369 0.0
MAT -0.59665 -0.241931 -0.134349 0.0
MAT 0.041838 0.236726 -0.612205 0.0
MAT 0.378407 1.02549 0.035824 1.0
VERTEX = 9
0.573 0.61959 -0.112366
0.569248 0.623047 -0.108216
0.574395 0.626868 -0.106746
0.578147 0.623411 -0.110896
0.574447 0.620822 -0.107394
0.574072 0.621168 -0.106979
0.574586 0.62155 -0.106832
0.574962 0.621204 -0.107247
0.574517 0.621186 -0.107113
INDEX = 14
4 5 7
6 7 5
1 2 5
6 5 2
0 1 4
5 4 1
7 6 3
2 3 6
4 7 0
3 0 7
8 1 0
8 2 1
8 3 2
8 0 3
FACE-NORMAL = 14
-0.249021 0.621329 -0.742926
-0.249021 0.621329 -0.742926
0.257475 0.0248784 -0.965965
0.257475 0.0248786 -0.965965
0.415138 0.847486 -0.330799
0.415138 0.847486 -0.330799
-0.748288 -0.0161749 -0.663177
-0.748288 -0.0161751 -0.663176
-0.590664 0.806432 -0.0279993
-0.590664 0.806432 -0.0279991
-0.377318 -0.850162 0.367228
-0.227332 -0.067601 0.971468
0.729466 -0.0285462 0.683421
0.579516 -0.811106 0.0791698
BONE = 34
BONE_NAME = ForeArmLft
PARENT_ID = 33
LOCALTM 
MAT -0.411117 0.149093 0.899322 0.0
MAT 0.240383 0.969331 -0.0507926 0.0
MAT -0.879303 0.195329 -0.434374 0.0
