EXPORTER_V17
ANIMATION_EXPORT
BONEOBJECT_COUNT = 45
VERTEX = 9
-0.00591112 0.55685 -0.0951143
-0.00591112 0.560597 -0.10052
0.000665246 0.560676 -0.100465
0.000665244 0.556929 -0.0950597
-0.00299972 0.561274 -0.0956493
-0.00299972 0.561649 -0.0961898
-0.00234208 0.561657 -0.0961844
-0.00234208 0.561282 -0.0956438
-0.0026709 0.561465 -0.0959168
INDEX = 14
4 5 7
6 7 5
1 2 5
6 5 2
0 1 4
5 4 1
7 6 3
2 3 6
4 7 0
3 0 7
8 1 0
8 2 1
8 3 2
8 0 3
FACE-NORMAL = 14
0.0145859 -0.821814 -0.569569
0.0145859 -0.821814 -0.569569
0.00975723 -0.973167 0.229893
0.00975723 -0.973167 0.229892
0.752973 -0.540854 -0.374846
0.752972 -0.540854 -0.374846
-0.733458 -0.558675 -0.387198
-0.733458 -0.558675 -0.387198
0.00975775 -0.126362 -0.991936
0.00975774 -0.126362 -0.991936
-0.717345 0.572633 0.396871
-0.0103136 0.983899 -0.178426
0.696718 0.589587 0.408622
-0.0103141 0.178321 0.983918
BONE = 0
BONE_NAME = Root
PARENT_ID = -1
LOCALTM 
MAT 0.00959327 -0.540512 -0.374609 0.0
MAT -0.657636 -0.00788459 -0.0054648 0.0
MAT 2.29089e-007 0.374649 -0.540569 0.0
MAT -0.0026709 0.561465 -0.0959168 1.0
WORLDTM 
MAT 0.00959327 -0.540512 -0.374609 0.0
MAT -0.657636 -0.00788459 -0.0054648 0.0
MAT 2.29089e-007 0.374649 -0.540569 0.0
MAT -0.0026709 0.561465 -0.0959168 1.0
VERTEX = 9
0.00221135 0.467551 -0.156117
-0.00436571 0.467548 -0.156118
-0.00436571 0.469794 -0.1623
0.00221134 0.469797 -0.162299
-0.00074997 0.471651 -0.157777
-0.00140768 0.471651 -0.157777
-0.00140768 0.471876 -0.158395
-0.00074997 0.471876 -0.158395
-0.00107882 0.471764 -0.158086
INDEX = 14
4 5 7
6 7 5
1 2 5
6 5 2
0 1 4
5 4 1
7 6 3
2 3 6
4 7 0
3 0 7
8 1 0
8 2 1
8 3 2
8 0 3
FACE-NORMAL = 14
0.000498448 -0.939904 -0.341439
0.000498448 -0.939904 -0.341439
0.743628 -0.628414 -0.228284
0.743627 -0.628414 -0.228284
0.000333209 -0.374973 -0.927036
0.000333209 -0.374973 -0.927036
0.00033368 -0.882552 0.470214
0.00033368 -0.882552 0.470215
-0.74296 -0.629111 -0.228537
-0.742961 -0.629111 -0.228537
-0.000352232 0.423179 0.906046
-0.707459 0.664281 0.241313
-0.000352681 0.906046 -0.423179
0.706754 0.664944 0.241554
BONE = 1
BONE_NAME = Tail01
PARENT_ID = 0
LOCALTM 
MAT 0.966906 0.0136061 -0.254768 0.0
MAT -0.254742 -0.00371669 -0.967002 0.0
MAT -0.014104 0.9999 -0.000127529 0.0
MAT 0.165957 0.0 0.0 1.0
WORLDTM 
MAT 0.000327833 -0.61818 -0.224566 0.0
MAT 2.08616e-007 -0.224566 0.618181 0.0
MAT -0.657706 -0.000308208 -0.000111833 0.0
MAT -0.00107882 0.471764 -0.158086 1.0
VERTEX = 9
0.00205731 0.270075 -0.226279
-0.00450511 0.270389 -0.226585
-0.00443492 0.266605 -0.231965
0.0021275 0.266291 -0.231658
-0.000647729 0.271199 -0.230724
-0.00130397 0.27123 -0.230754
-0.00129695 0.270852 -0.231292
-0.00064071 0.27082 -0.231262
-0.00097234 0.271025 -0.231008
INDEX = 14
4 5 7
6 7 5
1 2 5
6 5 2
0 1 4
5 4 1
7 6 3
2 3 6
4 7 0
3 0 7
8 1 0
8 2 1
8 3 2
8 0 3
FACE-NORMAL = 14
-0.0658252 -0.816552 0.573507
-0.0658252 -0.816552 0.573507
0.697605 -0.581712 0.418281
0.697605 -0.581712 0.418281
-0.0361024 -0.973859 -0.224267
-0.0361024 -0.973859 -0.224266
-0.051967 -0.11863 0.991578
-0.051967 -0.11863 0.991578
-0.785674 -0.510777 0.34903
-0.785674 -0.510777 0.34903
0.0389993 0.984185 0.172795
-0.658987 0.61113 -0.43847
0.0540915 0.170594 -0.983856
0.752078 0.543649 -0.372591
BONE = 2
BONE_NAME = Tail02
PARENT_ID = 1
LOCALTM 
MAT 0.571631 0.817844 0.0661104 0.0
MAT -0.819983 0.572296 0.0102633 0.0
MAT -0.0294407 -0.0600766 0.997759 0.0
MAT 0.324725 1.19209e-007 0.0 1.0
WORLDTM 
MAT -0.0432936 -0.537051 0.377199 0.0
MAT -0.00701892 0.378376 0.537922 0.0
MAT -0.656242 0.0313833 -0.0306384 0.0
MAT -0.00097234 0.271025 -0.231008 1.0
VERTEX = 9
-0.0139203 0.0714716 -0.0853544
-0.0204935 0.0714685 -0.0851271
-0.0204934 0.064892 -0.085218
-0.0139203 0.0648952 -0.0854452
-0.0169919 0.0685562 -0.0885792
-0.0176492 0.0685559 -0.0885565
-0.0176492 0.0678982 -0.0885656
-0.0169918 0.0678986 -0.0885883
-0.0173205 0.0682272 -0.0885724
INDEX = 14
4 5 7
6 7 5
1 2 5
6 5 2
0 1 4
5 4 1
7 6 3
2 3 6
4 7 0
3 0 7
8 1 0
8 2 1
8 3 2
8 0 3
FACE-NORMAL = 14
0.0345513 -0.0138015 0.999308
0.0345513 -0.0138015 0.999308
0.765963 -0.00887486 0.642823
0.765963 -0.00887487 0.642823
0.0231167 -0.752456 0.658237
0.0231167 -0.752456 0.658237
0.0231106 0.733991 0.678766
0.0231106 0.733991 0.678766
-0.719737 -0.00959062 0.69418
-0.719737 -0.00959062 0.69418
-0.0244344 0.716798 -0.696852
-0.731116 0.0094187 -0.682189
-0.0244286 -0.69728 -0.716382
0.682254 0.0100996 -0.731046
BONE = 3
BONE_NAME = Tail03
PARENT_ID = 2
LOCALTM 
MAT 0.582105 0.809 -0.0816838 0.0
MAT -0.808554 0.586536 0.0470727 0.0
MAT 0.0859918 0.0386437 0.995545 0.0
MAT 0.377614 0.0 -1.56462e-007 1.0
WORLDTM 
MAT 0.0227246 -0.00907736 0.657251 0.0
MAT -2.70084e-006 0.657643 0.00908256 0.0
MAT -0.657312 -0.000316665 0.0227214 0.0
MAT -0.0173205 0.0682272 -0.0885724 1.0
VERTEX = 9
-0.00272658 0.0674518 0.220676
-0.00911506 0.0675731 0.222235
-0.00911505 0.0610159 0.222745
-0.00272657 0.0608946 0.221186
-0.0063832 0.0643076 0.218422
-0.00702205 0.0643198 0.218578
-0.00702204 0.0636641 0.218629
-0.0063832 0.0636519 0.218473
-0.00670262 0.0639859 0.218526
INDEX = 14
4 5 7
6 7 5
1 2 5
6 5 2
0 1 4
5 4 1
7 6 3
2 3 6
4 7 0
3 0 7
8 1 0
8 2 1
8 3 2
8 0 3
FACE-NORMAL = 14
0.237737 0.0754095 0.968398
0.237737 0.0754095 0.968398
0.88102 0.0367291 0.47165
0.88102 0.0367291 0.47165
0.159038 -0.690604 0.70553
0.159038 -0.690604 0.705531
0.159037 0.791498 0.590118
0.159037 0.791498 0.590118
-0.562947 0.0641635 0.823998
-0.562947 0.0641634 0.823998
-0.168106 0.651649 -0.739658
-0.854938 -0.0402732 -0.517164
-0.168105 -0.758296 -0.629864
0.51873 -0.0663719 -0.852358
BONE = 4
BONE_NAME = Tail04
PARENT_ID = 3
LOCALTM 
MAT 0.974902 0.0887749 -0.204176 0.0
MAT -0.0913424 0.995814 -0.00316092 0.0
MAT 0.203038 0.02173 0.978928 0.0
MAT 0.467247 0.0 1.71363e-007 1.0
WORLDTM 
MAT 0.156361 0.0495973 0.636922 0.0
MAT -7.00355e-007 0.65572 -0.0510622 0.0
MAT -0.638848 0.0121376 0.155887 0.0
MAT -0.00670262 0.0639859 0.218526 1.0
VERTEX = 9
0.0585611 0.0881781 0.479835
0.0523867 0.0876962 0.477621
0.0523868 0.0812695 0.479019
0.0585611 0.0817514 0.481233
0.0569156 0.0844129 0.476451
0.0562981 0.0843647 0.47623
0.0562981 0.083722 0.47637
0.0569156 0.0837702 0.476591
0.0566069 0.0840675 0.476411
INDEX = 14
4 5 7
6 7 5
1 2 5
6 5 2
0 1 4
5 4 1
7 6 3
2 3 6
4 7 0
3 0 7
8 1 0
8 2 1
8 3 2
8 0 3
FACE-NORMAL = 14
-0.344513 0.199588 0.91732
-0.344513 0.199588 0.91732
0.467317 0.18797 0.863876
0.467317 0.18797 0.863876
-0.230459 -0.592781 0.771686
-0.230459 -0.592781 0.771686
-0.230475 0.859819 0.455623
-0.230475 0.859819 0.455623
-0.928261 0.0790644 0.36343
-0.928261 0.0790644 0.363429
0.2436 0.549809 -0.79898
-0.420205 -0.192931 -0.886682
0.243615 -0.832072 -0.498305
0.907429 -0.0893282 -0.410601
BONE = 5
BONE_NAME = Tail05
PARENT_ID = 4
LOCALTM 
MAT 0.821479 0.127771 0.555744 0.0
MAT -0.132207 0.990694 -0.0323491 0.0
MAT -0.554709 -0.0469012 0.830718 0.0
MAT 0.404892 0.0 0.0 1.0
WORLDTM 
MAT -0.226589 0.13127 0.603327 0.0
MAT -6.69807e-006 0.642669 -0.139836 0.0
MAT -0.617438 -0.0481833 -0.221414 0.0
MAT 0.0566069 0.0840675 0.476411 1.0
VERTEX = 9
-0.0576422 0.153701 0.791836
-0.0640402 0.154132 0.790375
-0.0640401 0.147824 0.788513
-0.0576421 0.147393 0.789974
-0.0597595 0.151962 0.787272
-0.0603993 0.152005 0.787126
-0.0603993 0.151374 0.78694
-0.0597594 0.151331 0.787086
-0.0600794 0.151668 0.787106
INDEX = 14
4 5 7
6 7 5
1 2 5
6 5 2
0 1 4
5 4 1
7 6 3
2 3 6
4 7 0
3 0 7
8 1 0
8 2 1
8 3 2
8 0 3
FACE-NORMAL = 14
-0.23165 -0.275408 0.933
-0.23165 -0.275408 0.933
0.568098 -0.232972 0.789296
0.568098 -0.232972 0.789297
-0.154954 -0.897122 0.413716
-0.154954 -0.897122 0.413716
-0.154977 0.528649 0.834573
-0.154977 0.528649 0.834573
-0.878049 -0.135502 0.458987
-0.878049 -0.135502 0.458987
0.16379 0.87292 -0.459547
-0.52406 0.241104 -0.816842
0.163812 -0.483437 -0.859915
0.851681 0.14838 -0.502615
BONE = 6
BONE_NAME = Tail06
PARENT_ID = 5
LOCALTM 
MAT 0.880702 -0.467476 -0.0764372 0.0
MAT 0.451123 0.876972 -0.165547 0.0
MAT 0.144406 0.111324 0.983231 0.0
MAT 0.51497 0.0 -2.68221e-007 1.0
WORLDTM 
MAT -0.152359 -0.181139 0.613646 0.0
MAT -1.01998e-005 0.630798 0.186197 0.0
MAT -0.639805 0.0431253 -0.146144 0.0
MAT -0.0600794 0.151668 0.787106 1.0
VERTEX = 9
-0.127703 0.0700991 1.0738
-0.134089 0.0705464 1.07229
-0.13393 0.0644562 1.06982
-0.127544 0.0640089 1.07132
-0.129723 0.0687812 1.06906
-0.130361 0.068826 1.06891
-0.130345 0.068217 1.06866
-0.129707 0.0681722 1.06881
-0.130034 0.0684991 1.06886
INDEX = 14
4 5 7
6 7 5
1 2 5
6 5 2
0 1 4
5 4 1
7 6 3
2 3 6
4 7 0
3 0 7
8 1 0
8 2 1
8 3 2
8 0 3
FACE-NORMAL = 14
-0.237994 -0.371423 0.897443
-0.237994 -0.371423 0.897443
0.562474 -0.299008 0.770855
0.562474 -0.299008 0.770855
-0.141239 -0.936735 0.320278
-0.141239 -0.936735 0.320279
-0.17718 0.439808 0.880441
-0.17718 0.439808 0.880441
-0.880939 -0.197927 0.42985
-0.880939 -0.197927 0.42985
0.151192 0.917394 -0.368144
-0.518262 0.310713 -0.796782
0.185383 -0.392132 -0.901036
0.85488 0.214555 -0.472383
BONE = 7
BONE_NAME = TailTIP
PARENT_ID = 6
LOCALTM 
MAT 0.994752 -0.102156 0.0077765 0.0
MAT 0.10214 0.994771 0.000512365 0.0
MAT -0.00782295 0.000295579 0.999954 0.0
MAT 0.459144 0.0 0.0 1.0
WORLDTM 
MAT -0.156534 -0.244293 0.590267 0.0
MAT -0.0158999 0.60902 0.247826 0.0
MAT -0.638584 0.0447268 -0.150883 0.0
MAT -0.130034 0.0684991 1.06886 1.0
VERTEX = 9
-0.00119139 0.57456 -0.0902573
-0.00119139 0.581137 -0.0902573
0.00538568 0.581137 -0.0902573
0.00538568 0.57456 -0.0902573
0.0017683 0.57752 -0.0869687
0.0017683 0.578178 -0.0869687
0.002426 0.578178 -0.0869687
0.002426 0.57752 -0.0869687
0.00209715 0.577849 -0.0869687
INDEX = 14
4 5 7
6 7 5
1 2 5
6 5 2
0 1 4
5 4 1
7 6 3
2 3 6
4 7 0
3 0 7
8 1 0
8 2 1
8 3 2
8 0 3
FACE-NORMAL = 14
-3.65332e-007 -5.52601e-007 -1.0
-3.65332e-007 -5.52601e-007 -1.0
-2.19134e-007 -0.743294 -0.668964
-2.19134e-007 -0.743294 -0.668965
0.743294 -3.10729e-007 -0.668965
0.743294 -3.10729e-007 -0.668965
-0.743294 -4.28611e-007 -0.668965
-0.743294 -4.28611e-007 -0.668964
-2.69655e-007 0.743294 -0.668965
-2.69655e-007 0.743294 -0.668965
-0.707107 3.34676e-007 0.707107
2.34298e-007 0.707107 0.707106
0.707107 4.46819e-007 0.707107
2.8236e-007 -0.707106 0.707107
BONE = 8
BONE_NAME = Dummy01
PARENT_ID = 0
LOCALTM 
MAT 0.56957 0.00830925 0.821901 0.0
MAT -0.0145861 0.999894 -7.25815e-007 0.0
MAT -0.821814 -0.011988 0.569631 0.0
MAT -0.0281144 -0.00766041 0.00300741 1.0
WORLDTM 
MAT -2.40281e-007 -3.63449e-007 -0.657706 0.0
MAT -0.657707 0.0 2.6729e-007 0.0
MAT 0.0 0.657706 -2.20083e-007 0.0
MAT 0.00209715 0.577849 -0.0869687 1.0
VERTEX = 9
0.00536332 0.582514 -0.087083
-0.00121359 0.582483 -0.087049
-0.0011677 0.577931 -0.0823021
0.00540921 0.577962 -0.0823362
0.0024237 0.578078 -0.0872078
0.00176601 0.578075 -0.0872044
0.0017706 0.577619 -0.0867297
0.00242829 0.577623 -0.0867331
0.00209715 0.577849 -0.0869687
INDEX = 14
4 5 7
6 7 5
1 2 5
6 5 2
0 1 4
5 4 1
7 6 3
2 3 6
4 7 0
3 0 7
8 1 0
8 2 1
8 3 2
8 0 3
FACE-NORMAL = 14
0.00020061 0.721753 0.69215
0.00020061 0.721753 0.69215
0.743411 0.48631 0.459177
0.74341 0.48631 0.459177
0.00532016 -0.0316324 0.999485
0.00532016 -0.0316323 0.999485
-0.00505176 0.997287 -0.0734365
-0.00505176 0.997287 -0.0734366
-0.743141 0.479345 0.466872
-0.743141 0.479345 0.466872
-0.00507534 -0.0209433 -0.999768
-0.707232 -0.51367 -0.485764
0.00479163 -0.99977 0.020919
0.706947 -0.507044 -0.493084
BONE = 9
BONE_NAME = SpineUp01
PARENT_ID = 8
LOCALTM 
MAT -0.692151 -0.000200381 0.721753 0.0
MAT 0.721734 0.0069767 0.692135 0.0
MAT -0.0051761 0.999976 -0.00468505 0.0
MAT 0.0 0.0 0.0 1.0
WORLDTM 
MAT 0.000131942 0.474702 0.455231 0.0
MAT -0.00458881 0.455221 -0.474689 0.0
MAT -0.657691 -0.00308144 0.00340462 0.0
MAT 0.00209715 0.577849 -0.0869687 1.0
VERTEX = 9
0.00582198 0.673594 0.000212814
-0.000716291 0.674227 0.000540337
-0.000883044 0.669934 0.00552003
0.00565523 0.6693 0.00519251
0.00245789 0.669476 0.000459037
0.00180406 0.669539 0.000491789
0.00178739 0.66911 0.000989758
0.00244121 0.669046 0.000957006
0.00212264 0.669293 0.000724398
INDEX = 14
4 5 7
6 7 5
1 2 5
6 5 2
0 1 4
5 4 1
7 6 3
2 3 6
4 7 0
3 0 7
8 1 0
8 2 1
8 3 2
8 0 3
FACE-NORMAL = 14
0.105467 0.751401 0.651363
0.105467 0.751401 0.651363
0.809462 0.431033 0.398724
0.809462 0.431034 0.398724
0.0517086 0.0174599 0.99851
0.0517086 0.0174601 0.99851
0.0893991 0.987862 -0.127032
0.0893991 0.987862 -0.127032
-0.668355 0.574288 0.472753
-0.668355 0.574288 0.472753
-0.0566488 -0.069742 -0.995955
-0.777511 -0.463181 -0.425371
-0.0925043 -0.9929 0.0747896
0.628358 -0.599461 -0.495795
BONE = 10
BONE_NAME = SpineUp02
PARENT_ID = 9
LOCALTM 
MAT 0.993187 0.0492235 -0.105614 0.0
MAT -0.0529044 0.998075 -0.0323286 0.0
MAT 0.103819 0.0376946 0.993883 0.0
MAT 0.192635 3.57628e-007 0.0 1.0
WORLDTM 
MAT 0.0693664 0.494201 0.428405 0.0
MAT 0.0166753 0.429331 -0.497969 0.0
MAT -0.653827 0.0633799 0.0327523 0.0
MAT 0.00212264 0.669293 0.000724398 1.0
VERTEX = 9
0.0247562 0.812556 0.118517
0.0181983 0.81206 0.118598
0.0182581 0.812346 0.125168
0.024816 0.812842 0.125087
0.0220813 0.809185 0.12165
0.0214255 0.809136 0.121658
0.0214315 0.809164 0.122315
0.0220873 0.809214 0.122307
0.0217564 0.809175 0.121983
INDEX = 14
4 5 7
6 7 5
1 2 5
6 5 2
0 1 4
5 4 1
7 6 3
2 3 6
4 7 0
3 0 7
8 1 0
8 2 1
8 3 2
8 0 3
FACE-NORMAL = 14
-0.0757897 0.996209 -0.0426928
-0.0757897 0.996209 -0.0426928
0.690426 0.722419 -0.0377358
0.690425 0.722419 -0.0377358
-0.0439495 0.698764 0.714001
-0.0439495 0.698764 0.714001
-0.0574517 0.634094 -0.771119
-0.0574517 0.634094 -0.771119
-0.791826 0.61044 -0.0193842
-0.791826 0.610439 -0.0193842
0.0471689 -0.735188 -0.676221
-0.651453 -0.75769 0.0389175
0.0600138 -0.673665 0.736596
0.758635 -0.651163 0.0214593
BONE = 11
BONE_NAME = SpineUp03
PARENT_ID = 10
LOCALTM 
MAT 0.712749 0.680698 0.169217 0.0
MAT -0.684365 0.727757 -0.0449087 0.0
MAT -0.153719 -0.0837939 0.984557 0.0
MAT 0.283047 5.96046e-007 2.83122e-007 1.0
WORLDTM 
MAT -0.0498471 0.65521 -0.0280792 0.0
MAT -0.00597382 -0.0286114 -0.657057 0.0
MAT -0.655791 -0.0495423 0.00811926 0.0
MAT 0.0217564 0.809175 0.121983 1.0
VERTEX = 9
0.00465903 0.993962 0.118671
0.00436805 1.00041 0.119919
0.0109387 1.0007 0.119967
0.0112297 0.994249 0.118719
0.00748846 0.99637 0.122483
0.00745936 0.997015 0.122608
0.00811643 0.997044 0.122612
0.00814553 0.996399 0.122488
0.00780245 0.996707 0.122548
INDEX = 14
4 5 7
6 7 5
1 2 5
6 5 2
0 1 4
5 4 1
7 6 3
2 3 6
4 7 0
3 0 7
8 1 0
8 2 1
8 3 2
8 0 3
FACE-NORMAL = 14
-0.00108428 0.189828 -0.981817
-0.00108428 0.189828 -0.981817
0.0321592 -0.602071 -0.797794
0.0321592 -0.602071 -0.797795
0.741842 0.159427 -0.651347
0.741842 0.159427 -0.651348
-0.74329 0.0945497 -0.662254
-0.74329 0.0945497 -0.662254
-0.0336098 0.856045 -0.515808
-0.0336098 0.856045 -0.515808
-0.705649 -0.165088 0.689062
-0.0305169 0.559337 0.828379
0.707179 -0.103369 0.699437
0.0320501 -0.827791 0.56012
BONE = 12
BONE_NAME = Neck01
PARENT_ID = 11
LOCALTM 
MAT 0.231104 0.972592 -0.0253386 0.0
MAT 0.0325519 0.0183031 0.999308 0.0
MAT 0.972387 -0.231766 -0.0274299 0.0
MAT 0.285622 -0.0130695 -0.00031326 1.0
WORLDTM 
MAT -0.000713132 0.12485 -0.645743 0.0
MAT -0.657069 -0.0287034 -0.00482657 0.0
MAT -0.0290979 0.645108 0.124757 0.0
MAT 0.00780245 0.996707 0.122548 1.0
VERTEX = 9
0.00430625 1.05831 -0.22117
0.00408142 1.06363 -0.225037
0.0106537 1.06387 -0.225078
0.0108786 1.05856 -0.221211
0.00710626 1.06275 -0.220269
0.00708378 1.06328 -0.220656
0.00774101 1.0633 -0.22066
0.0077635 1.06277 -0.220273
0.00742364 1.06303 -0.220464
INDEX = 14
4 5 7
6 7 5
1 2 5
6 5 2
0 1 4
5 4 1
7 6 3
2 3 6
4 7 0
3 0 7
8 1 0
8 2 1
8 3 2
8 0 3
FACE-NORMAL = 14
0.0171389 -0.587814 -0.808814
0.0171389 -0.587814 -0.808814
0.0368743 -0.993895 -0.103988
0.0368743 -0.993895 -0.103989
0.754216 -0.365186 -0.545709
0.754216 -0.365186 -0.545709
-0.731285 -0.421268 -0.536428
-0.731285 -0.421268 -0.536428
-0.0139436 0.207441 -0.978148
-0.0139436 0.207441 -0.978148
-0.718709 0.388971 0.576333
-0.0362909 0.987072 0.156118
0.694471 0.442323 0.567504
0.0120529 -0.155777 0.987719
BONE = 13
BONE_NAME = Neck02
PARENT_ID = 12
LOCALTM 
MAT 0.682503 0.0144638 -0.730729 0.0
MAT -0.0122115 0.999892 0.00838972 0.0
MAT 0.730783 0.00319539 0.682612 0.0
MAT 0.531189 0.0 0.0 1.0
WORLDTM 
MAT 0.0112722 -0.386603 -0.531955 0.0
MAT -0.657233 -0.0248126 0.00410612 0.0
MAT -0.0224833 0.531505 -0.386753 0.0
MAT 0.00742364 1.06303 -0.220464 1.0
VERTEX = 9
0.00922014 0.891491 -0.448585
0.00913337 0.890955 -0.455139
0.0157049 0.891204 -0.455247
0.0157917 0.891741 -0.448692
0.0120096 0.894637 -0.451849
0.0120009 0.894584 -0.452504
0.0126581 0.894608 -0.452515
0.0126667 0.894662 -0.45186
0.0123338 0.894623 -0.452182
INDEX = 14
4 5 7
6 7 5
1 2 5
6 5 2
0 1 4
5 4 1
7 6 3
2 3 6
4 7 0
3 0 7
8 1 0
8 2 1
8 3 2
8 0 3
FACE-NORMAL = 14
0.0391345 -0.995941 0.0810563
0.0391345 -0.995941 0.0810563
0.0359856 -0.605579 0.794971
0.0359856 -0.605579 0.794971
0.768837 -0.638059 0.0420796
0.768837 -0.638059 0.0420796
-0.716483 -0.69444 0.0663681
-0.716483 -0.69444 0.0663681
0.0163736 -0.72692 -0.686527
0.0163736 -0.72692 -0.686527
-0.734173 0.677418 -0.0457625
-0.0370008 0.646519 -0.762
0.678834 0.731055 -0.0688686
-0.0183437 0.761954 0.647371
BONE = 14
BONE_NAME = Head
PARENT_ID = 13
LOCALTM 
MAT 0.52055 -0.00102601 -0.853838 0.0
MAT -0.00804709 0.999947 -0.00610003 0.0
MAT 0.853798 0.0100397 0.520499 0.0
MAT 0.435597 0.0 1.19209e-007 1.0
WORLDTM 
MAT 0.0257391 -0.65504 0.0533115 0.0
MAT -0.657152 -0.0249424 0.0107458 0.0
MAT -0.00867677 -0.0536829 -0.655445 0.0
MAT 0.0123338 0.894623 -0.452182 1.0
VERTEX = 9
0.0135552 0.780389 -0.441489
0.0133562 0.783006 -0.44752
0.0199274 0.783257 -0.447628
0.0201264 0.780639 -0.441597
0.0163291 0.784694 -0.44294
0.0163092 0.784955 -0.443543
0.0169664 0.784981 -0.443554
0.0169863 0.784719 -0.442951
0.0166477 0.784837 -0.443247
INDEX = 14
4 5 7
6 7 5
1 2 5
6 5 2
0 1 4
5 4 1
7 6 3
2 3 6
4 7 0
3 0 7
8 1 0
8 2 1
8 3 2
8 0 3
FACE-NORMAL = 14
0.0284438 -0.916582 -0.398834
0.0284438 -0.916582 -0.398834
0.0415141 -0.909003 0.414716
0.0415141 -0.909003 0.414716
0.761679 -0.584799 -0.279026
0.761679 -0.584799 -0.279026
-0.723625 -0.641523 -0.254586
-0.723625 -0.641523 -0.254586
-0.00345773 -0.317327 -0.94831
-0.00345774 -0.317326 -0.94831
-0.726608 0.62114 0.293643
-0.0415043 0.929561 -0.366324
0.686384 0.675103 0.270393
0.00127815 0.366689 0.930343
BONE = 15
BONE_NAME = Jaw
PARENT_ID = 14
LOCALTM 
MAT 0.881672 -0.000166774 0.471932 0.0
MAT 0.000240948 0.999962 -8.3298e-005 0.0
MAT -0.47188 0.000153136 0.881669 0.0
MAT 0.167602 0.0 -1.78814e-007 1.0
WORLDTM 
MAT 0.0187082 -0.602861 -0.262324 0.0
MAT -0.65712 -0.0250949 0.0108128 0.0
MAT -0.0198964 0.261766 -0.60304 0.0
MAT 0.0166477 0.784837 -0.443247 1.0
VERTEX = 9
-0.084869 0.919157 -0.489152
-0.0848724 0.922127 -0.479604
-0.0871886 0.912839 -0.476715
-0.0871852 0.909868 -0.486263
-0.0907771 0.917419 -0.483901
-0.0907774 0.917716 -0.482946
-0.091009 0.916787 -0.482657
-0.0910087 0.91649 -0.483612
-0.090893 0.917103 -0.483279
INDEX = 14
4 5 7
6 7 5
1 2 5
6 5 2
0 1 4
5 4 1
7 6 3
2 3 6
4 7 0
3 0 7
8 1 0
8 2 1
8 3 2
8 0 3
FACE-NORMAL = 14
0.972806 -0.221057 0.0691533
0.972806 -0.221057 0.0691533
0.651038 -0.368674 -0.663498
0.651038 -0.368674 -0.663497
0.478606 -0.838338 0.26101
0.478606 -0.838338 0.261009
0.822939 0.542572 -0.168485
0.822939 0.542572 -0.168485
0.650508 0.0729062 0.755992
0.650508 0.0729063 0.755992
-0.524093 0.813155 -0.253192
-0.688131 0.366357 0.626305
-0.851661 -0.500526 0.155393
-0.687624 -0.053726 -0.724076
BONE = 16
BONE_NAME = Unit_Zerg_Hydralisk_Jaw_03
PARENT_ID = 14
LOCALTM 
MAT 0.40115 -1.46341 -0.0968748 0.0
MAT -1.42838 -0.412606 0.317828 0.0
MAT -0.332139 0.00709783 -1.48371 0.0
MAT -0.0440139 0.154746 0.0464012 1.0
WORLDTM 
MAT 0.97285 -0.221067 0.0691564 0.0
MAT 0.231622 0.928878 -0.288902 0.0
MAT -0.000339536 0.297037 0.954858 0.0
MAT -0.090893 0.917103 -0.483279 1.0
VERTEX = 9
-0.078742 1.09646 -0.16765
-0.0834741 1.10227 -0.161035
-0.0832719 1.09484 -0.154351
-0.0785398 1.08902 -0.160966
-0.0851841 1.09408 -0.163366
-0.0856573 1.09466 -0.162704
-0.0856371 1.09392 -0.162036
-0.0851639 1.09334 -0.162697
-0.0854106 1.094 -0.162701
INDEX = 14
4 5 7
6 7 5
1 2 5
6 5 2
0 1 4
5 4 1
7 6 3
2 3 6
4 7 0
3 0 7
8 1 0
8 2 1
8 3 2
8 0 3
FACE-NORMAL = 14
0.880718 0.329675 0.340074
0.880718 0.329675 0.340074
0.940904 -0.211919 -0.264176
0.940905 -0.211919 -0.264176
0.604195 -0.332099 0.724333
0.604195 -0.332099 0.724333
0.574143 0.773185 -0.269342
0.574143 0.773185 -0.269342
0.237432 0.653004 0.719174
0.237431 0.653004 0.719174
-0.637056 0.292619 -0.713116
-0.957372 0.178291 0.227268
-0.608467 -0.758854 0.232182
-0.288148 -0.644524 -0.708208
BONE = 17
BONE_NAME = Karapis_Bone02
PARENT_ID = 13
LOCALTM 
MAT -0.689917 -1.35378 0.0552476 0.0
MAT 0.156982 -0.0182754 1.5122 0.0
MAT -1.34578 0.691856 0.148058 0.0
MAT -0.101137 0.139815 -0.008762 1.0
WORLDTM 
MAT 0.88073 0.32968 0.340079 0.0
MAT -0.0202184 0.743503 -0.668428 0.0
MAT -0.473209 0.581809 0.661471 0.0
MAT -0.0854106 1.094 -0.162701 1.0
VERTEX = 9
0.0767419 1.09871 -0.170574
0.0812389 1.10476 -0.164008
0.0814364 1.09734 -0.157304
0.0769394 1.09129 -0.163871
0.0743895 1.09954 -0.162875
0.0748392 1.10014 -0.162219
0.0748589 1.0994 -0.161548
0.0744092 1.09879 -0.162205
0.0746242 1.09947 -0.162212
INDEX = 14
4 5 7
6 7 5
1 2 5
6 5 2
0 1 4
5 4 1
7 6 3
2 3 6
4 7 0
3 0 7
8 1 0
8 2 1
8 3 2
8 0 3
FACE-NORMAL = 14
0.892976 -0.288487 -0.3455
0.892976 -0.288487 -0.3455
0.263112 -0.643022 -0.719232
0.263112 -0.643022 -0.719232
0.612049 -0.744326 0.26716
0.612049 -0.744326 0.26716
0.58269 0.358357 -0.72942
0.58269 0.358357 -0.72942
0.931615 0.257031 0.256961
0.931615 0.257031 0.256961
-0.645394 0.728488 -0.229723
-0.313446 0.632116 0.708647
-0.617464 -0.320511 0.718338
-0.949401 -0.224119 -0.220021
BONE = 18
BONE_NAME = Karapis_Bone01
PARENT_ID = 13
LOCALTM 
MAT 0.705998 -1.34345 -0.0919729 0.0
MAT 0.160954 -0.0189001 1.51177 0.0
MAT -1.33692 -0.711722 0.133431 0.0
MAT -0.102455 -0.103636 -0.0107988 1.0
WORLDTM 
MAT 0.892988 -0.288491 -0.345504 0.0
MAT -0.0197535 0.741757 -0.67038 0.0
MAT 0.449697 0.605436 0.656653 0.0
MAT 0.0746242 1.09947 -0.162212 1.0
VERTEX = 9
-0.0284229 1.54414 -0.0544566
-0.0285446 1.54641 -0.0447199
-0.0281875 1.53668 -0.0424414
-0.0280658 1.53441 -0.0521781
-0.0333135 1.54059 -0.0490684
-0.0333257 1.54082 -0.0480948
-0.03329 1.53985 -0.0478669
-0.0332778 1.53962 -0.0488406
-0.0333017 1.54022 -0.0484677
INDEX = 14
4 5 7
6 7 5
1 2 5
6 5 2
0 1 4
5 4 1
7 6 3
2 3 6
4 7 0
3 0 7
8 1 0
8 2 1
8 3 2
8 0 3
FACE-NORMAL = 14
0.999288 0.0375428 0.00373498
0.999288 0.0375428 0.00373498
0.677542 -0.144012 -0.721247
0.677542 -0.144012 -0.721247
0.695031 -0.698138 0.171858
0.695031 -0.698138 0.171858
0.641945 0.748374 -0.166862
0.641945 0.748374 -0.166863
0.659435 0.19424 0.726234
0.659435 0.19424 0.726234
-0.731854 0.661494 -0.163755
-0.715216 0.134346 0.685869
-0.681353 -0.714594 0.158475
-0.69799 -0.187438 -0.691142
BONE = 19
BONE_NAME = Unit_Zerg_Hydralisk_Crest
PARENT_ID = 13
LOCALTM 
MAT -0.0121071 -1.52037 -0.00914655 0.0
MAT -0.590378 -0.00371692 1.40113 0.0
MAT -1.40107 0.0146871 -0.590328 0.0
MAT -0.639069 0.0361349 0.434663 1.0
WORLDTM 
MAT 0.999307 0.0375436 0.00373505 0.0
MAT -0.0357139 0.973039 -0.227851 0.0
MAT -0.0121735 0.227532 0.973677 0.0
MAT -0.0333017 1.54022 -0.0484677 1.0
VERTEX = 9
-0.00638398 0.901187 0.0748193
-0.00639751 0.901474 0.0760446
-0.00635654 0.900249 0.0763313
-0.00634301 0.899963 0.075106
-0.00700047 0.900743 0.0754978
-0.00700182 0.900772 0.0756203
-0.00699772 0.90065 0.075649
-0.00699637 0.900621 0.0755264
-0.0069991 0.900697 0.0755734
INDEX = 14
4 5 7
6 7 5
1 2 5
6 5 2
0 1 4
5 4 1
7 6 3
2 3 6
4 7 0
3 0 7
8 1 0
8 2 1
8 3 2
8 0 3
FACE-NORMAL = 14
0.999412 0.0341486 0.00307023
0.999412 0.0341486 0.00307023
0.676569 -0.146321 -0.721696
0.676569 -0.14632 -0.721696
0.69277 -0.700492 0.171405
0.69277 -0.700492 0.171405
0.644372 0.746187 -0.167299
0.644372 0.746187 -0.167299
0.660574 0.192006 0.725793
0.660574 0.192007 0.725793
-0.729712 0.663974 -0.163277
-0.7143 0.136782 0.686343
-0.68367 -0.712274 0.158937
-0.699082 -0.185073 -0.690675
BONE = 20
BONE_NAME = Spikes
PARENT_ID = 13
LOCALTM 
MAT -0.00103852 -0.191322 -0.00160183 0.0
MAT -0.0742968 -0.00107142 0.176312 0.0
MAT -0.176311 0.00157624 -0.0742884 0.0
MAT -0.219352 0.0340342 -0.463377 1.0
WORLDTM 
MAT 0.125768 0.00429732 0.000386363 0.0
MAT -0.00409739 0.122461 -0.0286711 0.0
MAT -0.00135313 0.0286388 0.122527 0.0
MAT -0.0069991 0.900697 0.0755734 1.0
VERTEX = 9
0.0101728 1.00601 -0.50911
0.0100654 1.00828 -0.499373
0.010391 0.998552 -0.497094
0.0104984 0.996276 -0.506831
0.00527381 1.00248 -0.503718
0.00526307 1.00271 -0.502744
0.00529563 1.00174 -0.502516
0.00530637 1.00151 -0.50349
0.00528472 1.00211 -0.503117
INDEX = 14
4 5 7
6 7 5
1 2 5
6 5 2
0 1 4
5 4 1
7 6 3
2 3 6
4 7 0
3 0 7
8 1 0
8 2 1
8 3 2
8 0 3
FACE-NORMAL = 14
0.999412 0.0341473 0.00305872
0.999412 0.0341473 0.00305872
0.676561 -0.146337 -0.7217
0.676561 -0.146337 -0.7217
0.692772 -0.70049 0.171411
0.692772 -0.700489 0.171411
0.644371 0.746183 -0.167321
0.644371 0.746183 -0.167321
0.660582 0.192021 0.725781
0.660582 0.192021 0.725781
-0.729713 0.663972 -0.163283
-0.714292 0.136798 0.686348
-0.683669 -0.71227 0.158958
-0.69909 -0.185087 -0.690663
BONE = 21
BONE_NAME = Ref_Head
PARENT_ID = 13
LOCALTM 
MAT -0.00823735 -1.52037 -0.0127206 0.0
MAT -0.590383 -0.008511 1.4011 0.0
MAT -1.4011 0.0125071 -0.590313 0.0
MAT 0.401987 0.00406066 0.177971 1.0
WORLDTM 
MAT 0.999432 0.0341479 0.00305878 0.0
MAT -0.0325626 0.973147 -0.227858 0.0
MAT -0.0107413 0.227604 0.973677 0.0
MAT 0.00528472 1.00211 -0.503117 1.0
VERTEX = 9
-0.0341212 1.67323 0.680415
-0.0343376 1.68038 0.673429
-0.0346246 1.68736 0.680583
-0.0344082 1.68021 0.68757
-0.0393446 1.67941 0.680464
-0.0393663 1.68012 0.679765
-0.039395 1.68082 0.680481
-0.0393733 1.68011 0.681179
-0.0393698 1.68012 0.680472
INDEX = 14
4 5 7
6 7 5
1 2 5
6 5 2
0 1 4
5 4 1
7 6 3
2 3 6
4 7 0
3 0 7
8 1 0
8 2 1
8 3 2
8 0 3
FACE-NORMAL = 14
0.999353 0.0355432 0.00541747
0.999353 0.0355432 0.00541747
0.684618 -0.507798 0.522915
0.684618 -0.507798 0.522914
0.647198 0.542647 0.535415
0.647198 0.542647 0.535415
0.689867 -0.495096 -0.52817
0.689867 -0.495096 -0.528171
0.652447 0.555345 -0.51566
0.652447 0.555345 -0.51566
-0.686354 -0.518741 -0.509732
-0.721953 0.480562 -0.49784
-0.726946 0.468479 0.502073
-0.691347 -0.530822 0.490172
BONE = 22
BONE_NAME = HitTestFuzzy01
PARENT_ID = 13
LOCALTM 
MAT -0.0123873 -1.52034 -0.0131112 0.0
MAT 1.50446 -0.0103536 -0.219536 0.0
MAT 0.219419 -0.0147833 1.50444 0.0
MAT -1.66068 0.0442495 -0.0448505 1.0
WORLDTM 
MAT 0.999373 0.0355439 0.00541757 0.0
MAT 0.0286992 -0.698058 -0.715442 0.0
MAT -0.0216353 0.715155 -0.698628 0.0
MAT -0.0393698 1.68012 0.680472 1.0
VERTEX = 9
-0.15755 1.38158 0.0121579
-0.15766 1.37457 0.0192901
-0.157863 1.36744 0.0122812
-0.157754 1.37445 0.00514902
-0.16269 1.37532 0.0122456
-0.162701 1.37462 0.0129588
-0.162721 1.37391 0.0122579
-0.16271 1.37461 0.0115447
-0.162705 1.37462 0.0122518
INDEX = 14
4 5 7
6 7 5
1 2 5
6 5 2
0 1 4
5 4 1
7 6 3
2 3 6
4 7 0
3 0 7
8 1 0
8 2 1
8 3 2
8 0 3
FACE-NORMAL = 14
0.999733 -0.022171 -0.00644724
0.999733 -0.022171 -0.00644724
0.676913 0.506117 -0.534447
0.676914 0.506117 -0.534447
0.653677 -0.544774 -0.525288
0.653677 -0.544774 -0.525288
0.683896 0.515115 0.516665
0.683896 0.515115 0.516665
0.66066 -0.535771 0.525812
0.660659 -0.535771 0.525812
-0.692544 0.51982 0.50017
-0.71465 -0.479909 0.508883
-0.721292 -0.488469 -0.491056
-0.699186 0.511255 -0.499757
BONE = 23
BONE_NAME = Ref_Weapon Right
PARENT_ID = 13
LOCALTM 
MAT 0.0537968 -1.51773 -0.0734371 0.0
MAT -1.4986 -0.0651201 0.248303 0.0
MAT -0.250985 0.0635724 -1.49822 0.0
MAT -0.569104 0.242814 0.183627 1.0
WORLDTM 
MAT 0.999757 -0.0221715 -0.00644739 0.0
MAT 0.0203239 0.712955 0.700889 0.0
MAT -0.0109261 -0.700857 0.713215 0.0
MAT -0.162705 1.37462 0.0122518 1.0
VERTEX = 9
0.109034 1.34732 0.0192413
0.109558 1.3432 0.0283377
0.109671 1.33409 0.0242066
0.109147 1.33821 0.0151102
0.104328 1.34121 0.0216912
0.10438 1.34079 0.0226008
0.104391 1.33988 0.0221877
0.104339 1.3403 0.021278
0.104359 1.34054 0.0219394
INDEX = 14
4 5 7
6 7 5
1 2 5
6 5 2
0 1 4
5 4 1
7 6 3
2 3 6
4 7 0
3 0 7
8 1 0
8 2 1
8 3 2
8 0 3
FACE-NORMAL = 14
0.998561 0.0319189 -0.0430925
0.998561 0.0319189 -0.0430925
0.629027 0.327638 -0.704967
0.629027 0.327638 -0.704967
0.676388 -0.655494 -0.335896
0.676388 -0.655494 -0.335896
0.659616 0.698203 0.278243
0.659616 0.698203 0.278243
0.706977 -0.284928 0.647302
0.706977 -0.284928 0.647302
-0.714067 0.621324 0.32259
-0.669012 -0.313944 0.673693
-0.698112 -0.666468 -0.26165
-0.743166 0.2688 -0.612741
BONE = 24
BONE_NAME = Ref_Weapon Left
PARENT_ID = 13
LOCALTM 
MAT 0.0504884 -1.51939 0.0258484 0.0
MAT -1.32217 -0.0311654 0.750071 0.0
MAT -0.749004 -0.0474045 -1.32229 0.0
MAT -0.543606 -0.160893 0.119221 1.0
WORLDTM 
MAT 0.998581 0.0319195 -0.0430933 0.0
MAT -0.0112849 0.910596 0.413116 0.0
MAT 0.0524423 -0.41206 0.909641 0.0
MAT 0.104359 1.34054 0.0219394 1.0
VERTEX = 9
-0.0338601 1.3881 -0.13647
-0.0338694 1.38876 -0.129926
-0.0341442 1.38222 -0.129273
-0.0341349 1.38157 -0.135818
-0.0372737 1.38559 -0.13325
-0.0372746 1.38566 -0.132595
-0.0373021 1.385 -0.13253
-0.0373011 1.38494 -0.133185
-0.0372879 1.3853 -0.13289
INDEX = 14
4 5 7
6 7 5
1 2 5
6 5 2
0 1 4
5 4 1
7 6 3
2 3 6
4 7 0
3 0 7
8 1 0
8 2 1
8 3 2
8 0 3
FACE-NORMAL = 14
0.999126 -0.0414373 0.00557281
0.999126 -0.0414373 0.00557281
0.669438 -0.101547 -0.735895
0.669438 -0.101547 -0.735895
0.637322 -0.766694 0.077464
0.637322 -0.766694 0.077464
0.699437 0.711257 -0.0700083
0.699437 0.711257 -0.0700083
0.667322 0.0461056 0.743341
0.667322 0.0461056 0.743341
-0.676943 0.732297 -0.0740868
-0.707496 0.0995331 0.699674
-0.736034 -0.673699 0.0662059
-0.705481 -0.0409309 -0.707546
BONE = 25
BONE_NAME = Ref_Weapon
PARENT_ID = 13
LOCALTM 
MAT 0.036975 -0.996803 -0.0709169 0.0
MAT -0.503453 -0.0798773 0.860321 0.0
MAT -0.863222 0.00388256 -0.504801 0.0
MAT -0.39689 0.0502761 0.319997 1.0
WORLDTM 
MAT 0.657143 -0.0272541 0.00366534 0.0
MAT 0.0274801 0.653884 -0.0652456 0.0
MAT -0.000932582 0.0653243 0.654444 0.0
MAT -0.0372879 1.3853 -0.13289 1.0
VERTEX = 9
0.000613587 1.12799 0.054356
0.000469258 1.13989 0.0681712
-0.000186841 1.13116 0.0756843
-4.25107e-005 1.11926 0.0618691
-0.00473845 1.12961 0.063738
-0.00475288 1.1308 0.0651195
-0.00481849 1.12993 0.0658708
-0.00480406 1.12874 0.0644893
-0.00477847 1.12977 0.0648044
INDEX = 14
4 5 7
6 7 5
1 2 5
6 5 2
0 1 4
5 4 1
7 6 3
2 3 6
4 7 0
3 0 7
8 1 0
8 2 1
8 3 2
8 0 3
FACE-NORMAL = 14
0.998349 -0.0379235 0.0431448
0.998349 -0.0379235 0.0431448
0.673757 -0.510448 -0.534317
0.673757 -0.510448 -0.534317
0.625583 -0.58785 0.512911
0.625583 -0.58785 0.512911
0.710138 0.537122 -0.455196
0.710138 0.537122 -0.455196
0.661964 0.459691 0.59202
0.661964 0.459691 0.59202
-0.66572 0.561912 -0.490991
-0.71155 0.488279 0.505253
-0.74616 -0.508291 0.429984
-0.700329 -0.434629 -0.566249
BONE = 26
BONE_NAME = Vol_Target
PARENT_ID = 13
LOCALTM 
MAT 0.00685162 -1.51424 -0.137059 0.0
MAT 0.145363 -0.156892 1.741 0.0
MAT -2.76282 -0.0332121 0.227637 0.0
MAT -0.410782 0.0174185 -0.172409 1.0
WORLDTM 
MAT 0.998368 -0.0379243 0.0431457 0.0
MAT 0.0656098 0.873044 -0.751307 0.0
MAT -0.014433 1.18993 1.38152 0.0
MAT -0.00477847 1.12977 0.0648044 1.0
VERTEX = 9
0.00158715 1.00727 0.102214
0.00330514 1.0112 0.0972298
0.00245863 1.00622 0.093012
0.000740646 1.00229 0.0979958
0.00512533 1.00592 0.0984695
0.00529713 1.00632 0.0979711
0.00521248 1.00582 0.0975494
0.00504068 1.00543 0.0980478
0.0051689 1.00587 0.0980095
INDEX = 14
4 5 7
6 7 5
1 2 5
6 5 2
0 1 4
5 4 1
7 6 3
2 3 6
4 7 0
3 0 7
8 1 0
8 2 1
8 3 2
8 0 3
FACE-NORMAL = 14
-0.956663 0.265038 -0.120623
-0.956663 0.265038 -0.120623
-0.834128 -0.267168 0.482547
-0.834128 -0.267168 0.482546
-0.73564 -0.384947 -0.557359
-0.73564 -0.384946 -0.557359
-0.544308 0.739549 0.395975
-0.544308 0.739549 0.395975
-0.44582 0.62177 -0.64393
-0.44582 0.62177 -0.643931
0.767472 0.347464 0.538753
0.861165 0.23542 -0.450524
0.585454 -0.722285 -0.368167
0.491762 -0.61024 0.62111
BONE = 27
BONE_NAME = ShoulderRt
PARENT_ID = 11
LOCALTM 
MAT 0.341688 0.117661 0.932412 0.0
MAT 0.716433 -0.674734 -0.177392 0.0
MAT 0.608262 0.728626 -0.314843 0.0
MAT 0.301401 0.0236324 0.00216886 1.0
WORLDTM 
MAT -0.629202 0.174317 -0.0793341 0.0
MAT 0.0846509 0.497508 0.421781 0.0
MAT 0.171798 0.393291 -0.498384 0.0
MAT 0.0051689 1.00587 0.0980095 1.0
VERTEX = 9
-0.413561 1.11843 0.0497648
-0.416043 1.11968 0.0438034
-0.41042 1.11767 0.0410425
-0.407938 1.11642 0.0470039
-0.410977 1.12116 0.0459952
-0.411225 1.12128 0.045399
-0.410663 1.12108 0.045123
-0.410414 1.12096 0.0457191
-0.41082 1.12112 0.0455591
INDEX = 14
4 5 7
6 7 5
1 2 5
6 5 2
0 1 4
5 4 1
7 6 3
2 3 6
4 7 0
3 0 7
8 1 0
8 2 1
8 3 2
8 0 3
FACE-NORMAL = 14
-0.355988 -0.933294 -0.047263
-0.355988 -0.933294 -0.047263
0.0423468 -0.765445 0.642107
0.0423467 -0.765445 0.642107
0.397305 -0.85092 -0.343633
0.397305 -0.85092 -0.343633
-0.873591 -0.397763 0.280398
-0.873591 -0.397763 0.280398
-0.518633 -0.483238 -0.705338
-0.518633 -0.483238 -0.705338
-0.35279 0.875487 0.330245
-0.0151129 0.794173 -0.607504
0.856233 0.444392 -0.263405
0.518555 0.525705 0.67434
BONE = 28
BONE_NAME = ArmRT
PARENT_ID = 27
LOCALTM 
MAT 0.098904 -0.782097 -0.615259 0.0
MAT 0.848019 0.389745 -0.359116 0.0
MAT 0.520654 -0.486236 0.701777 0.0
MAT 0.661136 1.19209e-007 -3.57628e-007 1.0
WORLDTM 
MAT -0.234136 -0.613835 -0.0310852 0.0
MAT -0.562279 0.200488 0.276088 0.0
MAT -0.248193 0.124854 -0.596146 0.0
MAT -0.41082 1.12112 0.0455591 1.0
VERTEX = 9
-0.575816 0.701542 0.0212084
-0.571453 0.706351 0.0222521
-0.566538 0.702165 0.0209931
-0.570902 0.697356 0.0199494
-0.571513 0.701015 0.0242968
-0.571077 0.701496 0.0244012
-0.570585 0.701077 0.0242753
-0.571022 0.700596 0.0241709
-0.571049 0.701046 0.024286
INDEX = 14
4 5 7
6 7 5
1 2 5
6 5 2
0 1 4
5 4 1
7 6 3
2 3 6
4 7 0
3 0 7
8 1 0
8 2 1
8 3 2
8 0 3
FACE-NORMAL = 14
-0.0389853 0.245556 -0.968598
-0.0389853 0.245556 -0.968598
-0.519203 -0.379232 -0.765905
-0.519203 -0.379232 -0.765905
0.529316 -0.30878 -0.79024
0.529316 -0.30878 -0.79024
-0.581478 0.637319 -0.505675
-0.581478 0.637319 -0.505675
0.467054 0.70778 -0.530008
0.467054 0.70778 -0.530008
-0.50079 0.276384 0.820257
0.496682 0.343406 0.797107
0.555926 -0.623654 0.549547
-0.441559 -0.690685 0.572696
BONE = 29
BONE_NAME = ForeArmRt
PARENT_ID = 28
LOCALTM 
MAT -0.169523 -0.298404 0.939265 0.0
MAT -0.337021 0.913152 0.229284 0.0
MAT -0.926108 -0.277669 -0.255384 0.0
MAT 0.684344 -1.19209e-007 0.0 1.0
WORLDTM 
MAT -0.0256409 0.161504 -0.637055 0.0
MAT -0.491444 0.418578 0.1259 0.0
MAT 0.436347 0.480922 0.104373 0.0
MAT -0.571049 0.701046 0.024286 1.0
VERTEX = 9
-0.596719 0.844943 -0.556281
-0.599269 0.846993 -0.561987
-0.593274 0.846931 -0.564689
-0.590723 0.844881 -0.558983
-0.594721 0.848962 -0.559142
-0.594976 0.849167 -0.559713
-0.594376 0.849161 -0.559983
-0.594121 0.848956 -0.559412
-0.594548 0.849062 -0.559563
INDEX = 14
4 5 7
6 7 5
1 2 5
6 5 2
0 1 4
5 4 1
7 6 3
2 3 6
4 7 0
3 0 7
8 1 0
8 2 1
8 3 2
8 0 3
FACE-NORMAL = 14
-0.136222 -0.950139 -0.280499
-0.136222 -0.950139 -0.280499
0.197091 -0.867289 0.457127
0.197091 -0.867289 0.457127
0.586504 -0.642589 -0.493045
0.586504 -0.642589 -0.493045
-0.768739 -0.628631 0.117747
-0.768739 -0.628631 0.117748
-0.379352 -0.403926 -0.832428
-0.379352 -0.403926 -0.832428
-0.548318 0.67849 0.488875
-0.177863 0.892249 -0.415038
0.740945 0.66521 -0.092181
0.370516 0.451446 0.811735
BONE = 30
BONE_NAME = HandRt
PARENT_ID = 29
LOCALTM 
MAT 0.0436695 -0.556596 -0.82964 0.0
MAT -0.360121 0.765804 -0.532771 0.0
MAT 0.931875 0.322072 -0.166977 0.0
MAT 0.916481 -2.38419e-007 3.57628e-007 1.0
WORLDTM 
MAT -0.0895951 -0.624919 -0.184488 0.0
MAT -0.599589 0.00616644 0.270225 0.0
MAT -0.255034 0.205011 -0.570535 0.0
MAT -0.594548 0.849062 -0.559563 1.0
VERTEX = 9
-0.863173 0.11329 -0.83769
-0.864458 0.107674 -0.829516
-0.86781 0.100164 -0.835204
-0.866525 0.10578 -0.843377
-0.867524 0.108225 -0.836349
-0.867652 0.107664 -0.835531
-0.867988 0.106913 -0.8361
-0.867859 0.107474 -0.836917
-0.867756 0.107569 -0.836224
INDEX = 14
4 5 7
6 7 5
1 2 5
6 5 2
0 1 4
5 4 1
7 6 3
2 3 6
4 7 0
3 0 7
8 1 0
8 2 1
8 3 2
8 0 3
FACE-NORMAL = 14
0.933335 -0.347076 -0.0917785
0.933335 -0.347076 -0.0917785
0.719859 0.185242 -0.668946
0.719859 0.185241 -0.668946
0.37517 -0.790478 -0.48414
0.37517 -0.790478 -0.48414
0.873558 0.326093 0.361331
0.873558 0.326094 0.361331
0.528877 -0.649612 0.546163
0.528876 -0.649612 0.546163
-0.422903 0.776536 0.46706
-0.750808 -0.151681 0.642868
-0.897024 -0.285676 -0.33725
-0.569125 0.642528 -0.513083
BONE = 31
BONE_NAME = HitTestFuzzy02
PARENT_ID = 30
LOCALTM 
MAT 0.16848 -0.657897 -0.288035 0.0
MAT -1.39701 -0.0986775 -0.591825 0.0
MAT 0.489253 0.680716 -1.26848 0.0
MAT 1.24574 0.195255 0.174574 1.0
WORLDTM 
MAT 0.452832 -0.168393 -0.0445287 0.0
MAT 0.335268 0.751081 0.568724 0.0
MAT -0.128479 -0.561597 0.817396 0.0
MAT -0.867756 0.107569 -0.836224 1.0
VERTEX = 9
0.0100436 1.00294 0.0977802
0.00744426 1.00637 0.0928117
0.00620798 1.01136 0.096912
0.00880735 1.00793 0.10188
0.0053607 1.00545 0.0980529
0.00510076 1.00579 0.097556
0.00497713 1.00629 0.097966
0.00523707 1.00595 0.0984629
0.00516892 1.00587 0.0980095
INDEX = 14
4 5 7
6 7 5
1 2 5
6 5 2
0 1 4
5 4 1
7 6 3
2 3 6
4 7 0
3 0 7
8 1 0
8 2 1
8 3 2
8 0 3
FACE-NORMAL = 14
0.899153 0.388371 -0.201721
0.899153 0.388371 -0.201721
0.895262 -0.128657 0.426559
0.895262 -0.128656 0.426559
0.461789 0.823943 0.328435
0.461789 0.823943 0.328435
0.741214 -0.304325 -0.598321
0.741214 -0.304325 -0.598321
0.307741 0.64827 -0.696449
0.307741 0.64827 -0.696449
-0.502886 -0.811291 -0.298182
-0.915256 0.094931 -0.391529
-0.768707 0.262047 0.583455
-0.356338 -0.644171 0.676806
BONE = 32
BONE_NAME = ShoulderLft
PARENT_ID = 11
LOCALTM 
MAT 0.327366 0.17646 -0.928267 0.0
MAT -0.743723 0.654108 -0.137944 0.0
MAT 0.582849 0.735536 0.345368 0.0
MAT 0.301401 0.0236324 0.00216887 1.0
WORLDTM 
MAT 0.591377 0.255433 -0.132673 0.0
MAT 0.123627 -0.499176 -0.410023 0.0
MAT -0.259936 0.343734 -0.49685 0.0
MAT 0.00516892 1.00587 0.0980095 1.0
VERTEX = 9
0.351554 1.1504 0.0225381
0.350882 1.15177 0.016139
0.35608 1.15578 0.0164487
0.356752 1.15442 0.0228478
0.351604 1.15534 0.0205418
0.351537 1.15547 0.0199019
0.352057 1.15588 0.0199329
0.352124 1.15574 0.0205728
0.351831 1.15561 0.0202374
INDEX = 14
4 5 7
6 7 5
1 2 5
6 5 2
0 1 4
5 4 1
7 6 3
2 3 6
4 7 0
3 0 7
8 1 0
8 2 1
8 3 2
8 0 3
FACE-NORMAL = 14
0.603989 -0.764209 -0.226235
0.603989 -0.764209 -0.226235
0.48001 -0.665276 0.571837
0.48001 -0.665276 0.571837
0.991557 -0.0572532 -0.116345
0.991557 -0.0572533 -0.116345
-0.183462 -0.965204 -0.186341
-0.183462 -0.965204 -0.186341
0.328085 -0.357182 -0.874518
0.328085 -0.357182 -0.874518
-0.985992 0.108504 0.126678
-0.49935 0.686925 -0.528
0.131822 0.972251 0.193266
-0.354821 0.39383 0.847939
BONE = 33
BONE_NAME = ArmLft
PARENT_ID = 32
LOCALTM 
MAT 0.291914 0.834575 -0.467198 0.0
MAT -0.938404 0.344331 0.0287517 0.0
MAT 0.184861 0.430037 0.883686 0.0
MAT 0.586194 -1.19209e-007 0.0 1.0
WORLDTM 
MAT 0.397249 -0.502627 -0.148796 0.0
MAT -0.519855 -0.401698 -0.0309679 0.0
MAT -0.0672149 0.136309 -0.639911 0.0
MAT 0.351831 1.15561 0.0202374 1.0
VERTEX = 9
0.635381 0.79225 -0.091118
0.63102 0.795445 -0.0873724
0.635019 0.800663 -0.0871675
0.63938 0.797468 -0.0909131
0.636654 0.794829 -0.086639
0.636218 0.795149 -0.0862645
0.636618 0.795671 -0.086244
0.637054 0.795351 -0.0866185
0.636636 0.79525 -0.0864415
INDEX = 14
4 5 7
6 7 5
1 2 5
6 5 2
0 1 4
5 4 1
7 6 3
2 3 6
4 7 0
3 0 7
8 1 0
8 2 1
8 3 2
8 0 3
FACE-NORMAL = 14
-0.436676 0.366894 -0.821403
-0.436676 0.366894 -0.821403
0.200745 -0.11565 -0.972793
0.200745 -0.11565 -0.972793
0.159792 0.835127 -0.526335
0.159792 0.835127 -0.526335
-0.744027 -0.344242 -0.572644
-0.744027 -0.344242 -0.572644
-0.784986 0.606526 -0.126188
-0.784986 0.606526 -0.126188
-0.121134 -0.820413 0.558793
-0.160094 0.0840759 0.983515
0.738681 0.301539 0.602846
0.777646 -0.602941 0.178126
BONE = 34
BONE_NAME = ForeArmLft
PARENT_ID = 33
LOCALTM 
