EXPORTER_V17
ANIMATION_EXPORT
BONEOBJECT_COUNT = 45
VERTEX = 9
-0.0057574 0.527957 -0.08745
-0.0057574 0.531837 -0.0927614
0.000817903 0.531959 -0.0926716
0.000817899 0.52808 -0.0873602
-0.00287464 0.532413 -0.0878607
-0.00287464 0.532801 -0.0883918
-0.00221711 0.532813 -0.0883829
-0.00221711 0.532426 -0.0878517
-0.00254588 0.532613 -0.0881218
INDEX = 14
4 5 7
6 7 5
1 2 5
6 5 2
0 1 4
5 4 1
7 6 3
2 3 6
4 7 0
3 0 7
8 1 0
8 2 1
8 3 2
8 0 3
FACE-NORMAL = 14
0.0231501 -0.807339 -0.589633
0.0231501 -0.807339 -0.589633
0.0154862 -0.97847 0.205808
0.0154862 -0.97847 0.205807
0.758582 -0.526186 -0.384295
0.758581 -0.526186 -0.384295
-0.727608 -0.553977 -0.404593
-0.727608 -0.553977 -0.404593
0.0154869 -0.101693 -0.994695
0.0154869 -0.101693 -0.994695
-0.723287 0.557656 0.407279
-0.0163692 0.987921 -0.154094
0.690548 0.584094 0.426589
-0.0163699 0.15383 0.987962
BONE = 0
BONE_NAME = Root
PARENT_ID = -1
LOCALTM 
MAT 0.0152259 -0.530992 -0.387805 0.0
MAT -0.65753 -0.0122956 -0.00898039 0.0
MAT 3.3077e-007 0.387909 -0.531134 0.0
MAT -0.00254588 0.532613 -0.0881218 1.0
WORLDTM 
MAT 0.0152259 -0.530992 -0.387805 0.0
MAT -0.65753 -0.0122956 -0.00898039 0.0
MAT 3.3077e-007 0.387909 -0.531134 0.0
MAT -0.00254588 0.532613 -0.0881218 1.0
VERTEX = 9
0.00323003 0.440206 -0.150605
-0.00334656 0.440279 -0.150577
-0.00334656 0.442639 -0.156716
0.00323003 0.442566 -0.156744
0.000309811 0.44437 -0.152175
-0.000347848 0.444377 -0.152172
-0.000347848 0.444613 -0.152786
0.000309811 0.444606 -0.152789
-1.90183e-005 0.444492 -0.152481
INDEX = 14
4 5 7
6 7 5
1 2 5
6 5 2
0 1 4
5 4 1
7 6 3
2 3 6
4 7 0
3 0 7
8 1 0
8 2 1
8 3 2
8 0 3
FACE-NORMAL = 14
-0.0119344 -0.933331 -0.35882
-0.0119344 -0.933331 -0.35882
0.735258 -0.632645 -0.243221
0.735257 -0.632645 -0.243221
-0.00798375 -0.357637 -0.933826
-0.00798375 -0.357638 -0.933826
-0.00798361 -0.891093 0.453751
-0.00798361 -0.891093 0.453751
-0.751225 -0.616085 -0.236855
-0.751225 -0.616085 -0.236855
0.00843894 0.406222 0.913735
-0.698618 0.667841 0.256752
0.00843882 0.913706 -0.406287
0.715495 0.652088 0.250696
BONE = 1
BONE_NAME = Tail01
PARENT_ID = 0
LOCALTM 
MAT 0.96481 0.0342788 -0.260703 0.0
MAT -0.260652 -0.0060363 -0.965414 0.0
MAT -0.0346669 0.999394 0.00311112 0.0
MAT 0.165957 0.0 -1.19209e-007 1.0
WORLDTM 
MAT -0.00784931 -0.613857 -0.235998 0.0
MAT 0.0 -0.236015 0.613901 0.0
MAT -0.657659 0.00732653 0.00281664 0.0
MAT -1.90183e-005 0.444492 -0.152481 1.0
VERTEX = 9
0.000237885 0.24438 -0.224219
-0.00628476 0.244991 -0.224802
-0.00621499 0.240856 -0.229916
0.000307657 0.240245 -0.229333
-0.00224521 0.245333 -0.22883
-0.00289748 0.245394 -0.228889
-0.0028905 0.244981 -0.2294
-0.00223824 0.24492 -0.229342
-0.00256786 0.245157 -0.229115
INDEX = 14
4 5 7
6 7 5
1 2 5
6 5 2
0 1 4
5 4 1
7 6 3
2 3 6
4 7 0
3 0 7
8 1 0
8 2 1
8 3 2
8 0 3
FACE-NORMAL = 14
-0.127928 -0.772068 0.622532
-0.127928 -0.772068 0.622532
0.651565 -0.585514 0.482324
0.651565 -0.585514 0.482324
-0.0776942 -0.983809 -0.161504
-0.0776942 -0.983809 -0.161504
-0.0934644 -0.0491634 0.994408
-0.0934644 -0.0491632 0.994408
-0.822724 -0.447458 0.35058
-0.822724 -0.447458 0.35058
0.0829575 0.990505 0.109622
-0.610798 0.611602 -0.502861
0.09796 0.101363 -0.990015
0.791716 0.480267 -0.377532
BONE = 2
BONE_NAME = Tail02
PARENT_ID = 1
LOCALTM 
MAT 0.498745 0.858123 0.121985 0.0
MAT -0.86568 0.50016 0.0209412 0.0
MAT -0.0430414 -0.116044 0.992311 0.0
MAT 0.324725 0.0 0.0 1.0
WORLDTM 
MAT -0.084139 -0.507794 0.409443 0.0
MAT -0.00697717 0.413512 0.511406 0.0
MAT -0.652265 0.0610796 -0.0582868 0.0
MAT -0.00256786 0.245157 -0.229115 1.0
VERTEX = 9
-0.0305949 0.0575635 -0.0734347
-0.0370974 0.0579894 -0.0725439
-0.0370974 0.0520559 -0.0697064
-0.0305948 0.05163 -0.0705972
-0.0340147 0.0536824 -0.0746901
-0.0346649 0.053725 -0.074601
-0.0346649 0.0531316 -0.0743173
-0.0340147 0.053089 -0.0744064
-0.0343398 0.053407 -0.0745037
INDEX = 14
4 5 7
6 7 5
1 2 5
6 5 2
0 1 4
5 4 1
7 6 3
2 3 6
4 7 0
3 0 7
8 1 0
8 2 1
8 3 2
8 0 3
FACE-NORMAL = 14
0.150126 0.426535 0.891925
0.150126 0.426535 0.891925
0.835299 0.237198 0.495996
0.835299 0.237198 0.495996
0.100432 -0.385225 0.917341
0.100432 -0.385225 0.917341
0.100426 0.955899 0.275991
0.100426 0.955899 0.275991
-0.634441 0.333476 0.697336
-0.634441 0.333476 0.697336
-0.106158 0.33631 -0.935749
-0.805248 -0.255811 -0.534917
-0.106152 -0.939522 -0.325623
0.592938 -0.347401 -0.726455
BONE = 3
BONE_NAME = Tail03
PARENT_ID = 2
LOCALTM 
MAT 0.206732 0.960103 -0.188316 0.0
MAT -0.965094 0.23174 0.122018 0.0
MAT 0.16079 0.156518 0.974499 0.0
MAT 0.377614 0.0 -1.56462e-007 1.0
WORLDTM 
MAT 0.0987389 0.280535 0.586624 0.0
MAT -2.57418e-006 0.593349 -0.28375 0.0
MAT -0.650252 0.0425958 0.0890782 0.0
MAT -0.0343398 0.053407 -0.0745037 1.0
VERTEX = 9
0.0161643 0.187996 0.200611
0.0102011 0.188464 0.203346
0.0102011 0.181981 0.204455
0.0161643 0.181513 0.201721
0.0120937 0.184787 0.199402
0.0114973 0.184833 0.199676
0.0114973 0.184185 0.199787
0.0120937 0.184138 0.199513
0.0117955 0.184486 0.199594
INDEX = 14
4 5 7
6 7 5
1 2 5
6 5 2
0 1 4
5 4 1
7 6 3
2 3 6
4 7 0
3 0 7
8 1 0
8 2 1
8 3 2
8 0 3
FACE-NORMAL = 14
0.421839 0.152924 0.893681
0.421839 0.152924 0.893681
0.956119 0.0494177 0.288782
0.956119 0.0494178 0.288782
0.282197 -0.630344 0.723209
0.282197 -0.630344 0.723209
0.282195 0.834946 0.472473
0.282195 0.834946 0.472473
-0.391727 0.155184 0.9069
-0.391727 0.155184 0.9069
-0.298287 0.588843 -0.751192
-0.939398 -0.0578252 -0.337916
-0.298285 -0.80511 -0.512663
0.342828 -0.158443 -0.92594
BONE = 4
BONE_NAME = Tail04
PARENT_ID = 3
LOCALTM 
MAT 0.925653 -0.247596 -0.286116 0.0
MAT 0.269987 0.96199 0.0409944 0.0
MAT 0.265091 -0.115195 0.957318 0.0
MAT 0.467247 0.0 1.49012e-007 1.0
WORLDTM 
MAT 0.277446 0.100579 0.587779 0.0
MAT -9.23872e-007 0.648283 -0.110932 0.0
MAT -0.596323 0.046794 0.273471 0.0
MAT 0.0117955 0.184486 0.199594 1.0
VERTEX = 9
0.126298 0.227041 0.442521
0.120016 0.227652 0.44067
0.120016 0.221407 0.438607
0.126298 0.220796 0.440457
0.124445 0.225491 0.437777
0.123817 0.225552 0.437592
0.123817 0.224928 0.437386
0.124445 0.224867 0.437571
0.124131 0.22521 0.437582
INDEX = 14
4 5 7
6 7 5
1 2 5
6 5 2
0 1 4
5 4 1
7 6 3
2 3 6
4 7 0
3 0 7
8 1 0
8 2 1
8 3 2
8 0 3
FACE-NORMAL = 14
-0.296329 -0.299678 0.906853
-0.296329 -0.299678 0.906853
0.511676 -0.269575 0.815792
0.511676 -0.269575 0.815792
-0.198224 -0.906232 0.373431
-0.198225 -0.906232 0.373431
-0.198242 0.505283 0.839874
-0.198242 0.505283 0.839874
-0.908143 -0.131373 0.397514
-0.908143 -0.131373 0.397513
0.209528 0.883303 -0.419374
-0.465812 0.277641 -0.840199
0.209545 -0.459493 -0.863109
0.884884 0.146168 -0.442285
BONE = 5
BONE_NAME = Tail05
PARENT_ID = 4
LOCALTM 
MAT 0.639606 -0.448339 0.624417 0.0
MAT 0.425605 0.882975 0.19803 0.0
MAT -0.640129 0.139093 0.755571 0.0
MAT 0.404892 0.0 0.0 1.0
WORLDTM 
MAT -0.194897 -0.1971 0.596443 0.0
MAT -8.00937e-006 0.624491 0.206367 0.0
MAT -0.628166 0.0611441 -0.185057 0.0
MAT 0.124131 0.22521 0.437582 1.0
VERTEX = 9
0.0251044 0.127778 0.748486
0.0193116 0.127191 0.745427
0.0193117 0.120732 0.746667
0.0251045 0.121319 0.749726
0.024055 0.124061 0.744823
0.0234757 0.124003 0.744517
0.0234757 0.123357 0.744641
0.024055 0.123415 0.744947
0.0237653 0.123709 0.744732
INDEX = 14
4 5 7
6 7 5
1 2 5
6 5 2
0 1 4
5 4 1
7 6 3
2 3 6
4 7 0
3 0 7
8 1 0
8 2 1
8 3 2
8 0 3
FACE-NORMAL = 14
-0.473559 0.166037 0.86497
-0.473559 0.166037 0.86497
0.337871 0.177446 0.924314
0.337871 0.177446 0.924314
-0.316781 -0.618892 0.718764
-0.316781 -0.618892 0.718764
-0.316808 0.841039 0.438505
-0.316808 0.841039 0.438505
-0.97146 0.0447007 0.232956
-0.97146 0.0447006 0.232955
0.334844 0.577021 -0.744934
-0.287936 -0.180547 -0.940476
0.33487 -0.811833 -0.478319
0.95765 -0.054265 -0.282777
BONE = 6
BONE_NAME = Tail06
PARENT_ID = 5
LOCALTM 
MAT 0.874971 0.429058 0.224351 0.0
MAT -0.465264 0.873321 0.144362 0.0
MAT -0.13399 -0.230696 0.963756 0.0
MAT 0.51497 0.0 -2.68221e-007 1.0
WORLDTM 
MAT -0.311462 0.109204 0.568896 0.0
MAT -1.18315e-005 0.645912 -0.123994 0.0
MAT -0.579283 -0.0587299 -0.305875 0.0
MAT 0.0237653 0.123709 0.744732 1.0
VERTEX = 9
-0.114307 0.176186 1.00756
-0.12003 0.176798 1.01075
-0.121123 0.170353 1.01002
-0.1154 0.169741 1.00684
-0.1189 0.174141 1.00581
-0.119472 0.174202 1.00613
-0.119581 0.173558 1.00606
-0.119009 0.173496 1.00574
-0.119241 0.173849 1.00594
INDEX = 14
4 5 7
6 7 5
1 2 5
6 5 2
0 1 4
5 4 1
7 6 3
2 3 6
4 7 0
3 0 7
8 1 0
8 2 1
8 3 2
8 0 3
FACE-NORMAL = 14
0.463942 -0.176231 0.868159
0.463942 -0.176231 0.868159
0.957135 -0.187129 0.22108
0.957134 -0.187129 0.22108
0.186862 -0.84627 0.498908
0.186862 -0.84627 0.498908
0.433859 0.610484 0.662628
0.433859 0.610484 0.662628
-0.336413 -0.0486555 0.940457
-0.336414 -0.0486554 0.940457
-0.21057 0.817531 -0.536007
-0.943342 0.19048 -0.271705
-0.445542 -0.568301 -0.691756
0.28723 0.0587481 -0.956059
BONE = 7
BONE_NAME = TailTIP
PARENT_ID = 6
LOCALTM 
MAT 0.501968 -0.336751 -0.796636 0.0
MAT 0.179284 0.941593 -0.285058 0.0
MAT 0.8461 0.000265546 0.533023 0.0
MAT 0.459143 0.0 0.0 1.0
WORLDTM 
MAT 0.305137 -0.115908 0.570994 0.0
MAT 0.109278 0.644506 0.0724342 0.0
MAT -0.5723 0.0612644 0.318271 0.0
MAT -0.119241 0.173849 1.00594 1.0
VERTEX = 9
-0.00239552 0.546592 -0.0771207
-0.00239551 0.553169 -0.0771207
0.00418155 0.553169 -0.0771207
0.00418155 0.546592 -0.0771207
0.000564163 0.549552 -0.0738321
0.000564164 0.55021 -0.0738321
0.00122187 0.55021 -0.0738321
0.00122187 0.549552 -0.0738321
0.000893017 0.549881 -0.0738321
INDEX = 14
4 5 7
6 7 5
1 2 5
6 5 2
0 1 4
5 4 1
7 6 3
2 3 6
4 7 0
3 0 7
8 1 0
8 2 1
8 3 2
8 0 3
FACE-NORMAL = 14
-1.70807e-007 -1.83131e-007 -1.0
-1.70807e-007 -1.83131e-007 -1.0
-3.41607e-007 -0.743294 -0.668965
-3.41607e-007 -0.743294 -0.668965
0.743294 -2.5723e-007 -0.668965
0.743294 -2.5723e-007 -0.668965
-0.743294 0.0 -0.668965
-0.743294 0.0 -0.668965
0.0 0.743294 -0.668965
0.0 0.743294 -0.668965
-0.707107 2.57656e-007 0.707107
3.37054e-007 0.707107 0.707107
0.707107 0.0 0.707107
0.0 -0.707107 0.707107
BONE = 8
BONE_NAME = Dummy01
PARENT_ID = 0
LOCALTM 
MAT 0.589633 0.0136543 0.807555 0.0
MAT -0.0231503 0.999732 -5.36527e-007 0.0
MAT -0.807339 -0.018695 0.589792 0.0
MAT -0.0338857 -0.00601469 -0.00206089 1.0
WORLDTM 
MAT 0.0 -1.20446e-007 -0.657706 0.0
MAT -0.657706 1.19209e-007 0.0 0.0
MAT 2.01166e-007 0.657706 0.0 0.0
MAT 0.000893017 0.549881 -0.0738321 1.0
VERTEX = 9
0.00415851 0.554541 -0.0740806
-0.00241839 0.55451 -0.0740466
-0.00237248 0.550097 -0.0691703
0.00420442 0.550128 -0.0692043
0.00121957 0.550103 -0.0740776
0.000561876 0.5501 -0.0740742
0.000566467 0.549659 -0.0735866
0.00122416 0.549662 -0.07359
0.000893017 0.549881 -0.0738321
INDEX = 14
4 5 7
6 7 5
1 2 5
6 5 2
0 1 4
5 4 1
7 6 3
2 3 6
4 7 0
3 0 7
8 1 0
8 2 1
8 3 2
8 0 3
FACE-NORMAL = 14
-5.25342e-007 0.741435 0.671025
-5.25342e-007 0.741435 0.671025
0.743276 0.499476 0.445045
0.743275 0.499476 0.445045
0.00518813 -0.00276357 0.999983
0.00518813 -0.00276339 0.999983
-0.00518883 0.994751 -0.102198
-0.00518883 0.99475 -0.102198
-0.743276 0.492512 0.452739
-0.743276 0.492512 0.452739
-0.00493551 -0.0497984 -0.998747
-0.707089 -0.527586 -0.470827
0.00493625 -0.998748 0.049774
0.70709 -0.520961 -0.478146
BONE = 9
BONE_NAME = SpineUp01
PARENT_ID = 8
LOCALTM 
MAT -0.671026 8.66733e-007 0.741435 0.0
MAT 0.741417 0.00698046 0.671009 0.0
MAT -0.00517499 0.999975 -0.00468496 0.0
MAT 0.0 0.0 0.0 1.0
WORLDTM 
MAT -3.45521e-007 0.487646 0.441337 0.0
MAT -0.00459104 0.441327 -0.487634 0.0
MAT -0.65769 -0.00308121 0.00340374 0.0
MAT 0.000893017 0.549881 -0.0738321 1.0
VERTEX = 9
0.00457913 0.648132 0.0106841
-0.00196024 0.648746 0.011027
-0.0021051 0.644431 0.0159886
0.00443427 0.643817 0.0156458
0.00122723 0.644004 0.0109193
0.000573297 0.644065 0.0109536
0.000558811 0.643633 0.0114497
0.00121275 0.643572 0.0114154
0.000893022 0.643819 0.0111845
INDEX = 14
4 5 7
6 7 5
1 2 5
6 5 2
0 1 4
5 4 1
7 6 3
2 3 6
4 7 0
3 0 7
8 1 0
8 2 1
8 3 2
8 0 3
FACE-NORMAL = 14
0.104604 0.748913 0.65436
0.104604 0.748913 0.65436
0.809011 0.43163 0.398994
0.809011 0.43163 0.398994
0.053605 0.0133469 0.998473
0.053605 0.013347 0.998473
0.0863474 0.988645 -0.122984
0.0863474 0.988645 -0.122984
-0.669059 0.570363 0.476494
-0.669059 0.570363 0.476494
-0.0583918 -0.0656532 -0.996133
-0.777021 -0.463572 -0.425839
-0.0895401 -0.993469 0.0707264
0.629089 -0.595551 -0.499566
BONE = 10
BONE_NAME = SpineUp02
PARENT_ID = 9
LOCALTM 
MAT 0.994364 0.0166432 -0.104723 0.0
MAT -0.0197808 0.999383 -0.029002 0.0
MAT 0.104176 0.0309089 0.994077 0.0
MAT 0.192635 2.98023e-007 0.0 1.0
WORLDTM 
MAT 0.0687987 0.492566 0.430378 0.0
MAT 0.0144861 0.431498 -0.496162 0.0
MAT -0.653937 0.0613788 0.0342879 0.0
MAT 0.000893022 0.643819 0.0111845 1.0
VERTEX = 9
0.0233437 0.786732 0.12963
0.0167874 0.786218 0.129721
0.016873 0.7863 0.136297
0.0234292 0.786815 0.136205
0.0206896 0.78326 0.132668
0.020034 0.783208 0.132677
0.0200425 0.783216 0.133335
0.0206982 0.783268 0.133326
0.0203661 0.783238 0.133001
INDEX = 14
4 5 7
6 7 5
1 2 5
6 5 2
0 1 4
5 4 1
7 6 3
2 3 6
4 7 0
3 0 7
8 1 0
8 2 1
8 3 2
8 0 3
FACE-NORMAL = 14
-0.0783799 0.996857 -0.0115395
-0.0783799 0.996857 -0.0115395
0.68851 0.725001 -0.0180908
0.68851 0.725001 -0.0180908
-0.0427659 0.676226 0.735452
-0.0427659 0.676226 0.735452
-0.0621009 0.657498 -0.750893
-0.0621009 0.657498 -0.750893
-0.793378 0.608723 0.00265176
-0.793378 0.608723 0.00265177
0.0462261 -0.713792 -0.69883
-0.649448 -0.760193 0.018026
0.0646198 -0.695976 0.715151
0.760295 -0.649576 -0.0017067
BONE = 11
BONE_NAME = SpineUp03
PARENT_ID = 10
LOCALTM 
MAT 0.730809 0.660984 0.17036 0.0
MAT -0.665048 0.745708 -0.0403674 0.0
MAT -0.153721 -0.0837966 0.984554 0.0
MAT 0.283047 5.36442e-007 2.98023e-007 1.0
WORLDTM 
MAT -0.0515511 0.655641 -0.00758965 0.0
MAT -0.00855426 -0.00828621 -0.657597 0.0
MAT -0.655625 -0.0514448 0.00917706 0.0
MAT 0.0203661 0.783238 0.133001 1.0
VERTEX = 9
0.00277488 0.968316 0.135307
0.00250036 0.974595 0.137247
0.00907127 0.974878 0.137259
0.00934579 0.9686 0.135319
0.00564428 0.9703 0.139328
0.00561683 0.970928 0.139522
0.00627392 0.970956 0.139523
0.00630138 0.970328 0.139329
0.0059591 0.970628 0.139425
INDEX = 14
4 5 7
6 7 5
1 2 5
6 5 2
0 1 4
5 4 1
7 6 3
2 3 6
4 7 0
3 0 7
8 1 0
8 2 1
8 3 2
8 0 3
FACE-NORMAL = 14
-0.0109546 0.294759 -0.955509
-0.0109546 0.294759 -0.955509
0.023696 -0.512364 -0.858441
0.023696 -0.512364 -0.858441
0.735273 0.229231 -0.63783
0.735273 0.229231 -0.63783
-0.74993 0.165137 -0.640573
-0.74993 0.165137 -0.640573
-0.0383524 0.906731 -0.419962
-0.0383524 0.906731 -0.419962
-0.698701 -0.238913 0.674342
-0.0217677 0.466577 0.884213
0.714195 -0.17794 0.676952
0.0372599 -0.883429 0.467081
BONE = 12
BONE_NAME = Neck01
PARENT_ID = 11
LOCALTM 
MAT 0.305719 0.951784 -0.0254674 0.0
MAT 0.0353503 0.0153822 0.999255 0.0
MAT 0.951465 -0.306391 -0.0289436 0.0
MAT 0.285622 -0.0130695 -0.000313252 1.0
WORLDTM 
MAT -0.00720492 0.193865 -0.628445 0.0
MAT -0.657091 -0.0283569 -0.00121338 0.0
MAT -0.0274519 0.627847 0.193995 0.0
MAT 0.0059591 0.970628 0.139425 1.0
VERTEX = 9
-0.000986363 1.06888 -0.195007
-0.00122639 1.07412 -0.198969
0.00534556 1.07437 -0.199038
0.00558559 1.06913 -0.195076
0.00181534 1.07333 -0.194196
0.00179134 1.07386 -0.194593
0.00244853 1.07388 -0.1946
0.00247254 1.07336 -0.194203
0.00213194 1.07361 -0.194398
INDEX = 14
4 5 7
6 7 5
1 2 5
6 5 2
0 1 4
5 4 1
7 6 3
2 3 6
4 7 0
3 0 7
8 1 0
8 2 1
8 3 2
8 0 3
FACE-NORMAL = 14
0.0144933 -0.60234 -0.798108
0.0144933 -0.60234 -0.798108
0.0368219 -0.995603 -0.0861284
0.0368219 -0.995603 -0.0861286
0.752416 -0.374803 -0.541657
0.752416 -0.374803 -0.541657
-0.733025 -0.431086 -0.526155
-0.733025 -0.431086 -0.526155
-0.0174309 0.189715 -0.981684
-0.0174309 0.189716 -0.981684
-0.71681 0.399148 0.571721
-0.036054 0.989724 0.13837
0.696313 0.45269 0.556974
0.0155574 -0.137887 0.990326
BONE = 13
BONE_NAME = Neck02
PARENT_ID = 12
LOCALTM 
MAT 0.584896 0.012962 -0.811006 0.0
MAT -0.0101758 0.999909 0.0086424 0.0
MAT 0.811045 0.00319695 0.584976 0.0
MAT 0.531189 0.0 0.0 1.0
WORLDTM 
MAT 0.00953237 -0.396164 -0.524922 0.0
MAT -0.657195 -0.0249009 0.00685824 0.0
MAT -0.0240029 0.524418 -0.396218 0.0
MAT 0.00213194 1.07361 -0.194398 1.0
VERTEX = 9
0.00314069 0.898876 -0.418824
0.00316819 0.896701 -0.425031
0.00973783 0.897003 -0.425108
0.00971033 0.899177 -0.418901
0.00595439 0.901133 -0.422738
0.00595714 0.900915 -0.423359
0.00661411 0.900945 -0.423367
0.00661136 0.901163 -0.422746
0.00628425 0.901039 -0.423053
INDEX = 14
4 5 7
6 7 5
1 2 5
6 5 2
0 1 4
5 4 1
7 6 3
2 3 6
4 7 0
3 0 7
8 1 0
8 2 1
8 3 2
8 0 3
FACE-NORMAL = 14
0.0471377 -0.942653 0.330429
0.0471377 -0.942653 0.330429
0.0284254 -0.384862 0.922536
0.0284254 -0.384863 0.922536
0.773996 -0.596507 0.21239
0.773996 -0.596507 0.212391
-0.710927 -0.664696 0.229701
-0.710927 -0.664696 0.229701
0.0346414 -0.876341 -0.480445
0.0346414 -0.876341 -0.480445
-0.739647 0.634122 -0.225415
-0.0303747 0.432781 -0.900987
0.672982 0.698991 -0.241882
-0.036288 0.900331 0.433689
BONE = 14
BONE_NAME = Head
PARENT_ID = 13
LOCALTM 
MAT 0.304762 -0.00796941 -0.952397 0.0
MAT 0.00385864 0.999965 -0.00713279 0.0
MAT 0.952421 -0.00150183 0.304783 0.0
MAT 0.435597 0.0 0.0 1.0
WORLDTM 
MAT 0.0310029 -0.619992 0.217326 0.0
MAT -0.656964 -0.0301692 0.00765865 0.0
MAT 0.00275014 -0.217444 -0.620718 0.0
MAT 0.00628425 0.901039 -0.423053 1.0
VERTEX = 9
0.00840503 0.793084 -0.384052
0.00826669 0.794439 -0.390486
0.0148362 0.794742 -0.390564
0.0149746 0.793387 -0.384129
0.0111588 0.797045 -0.386303
0.011145 0.79718 -0.386946
0.0118019 0.79721 -0.386954
0.0118158 0.797075 -0.38631
0.0114804 0.797127 -0.386628
INDEX = 14
4 5 7
6 7 5
1 2 5
6 5 2
0 1 4
5 4 1
7 6 3
2 3 6
4 7 0
3 0 7
8 1 0
8 2 1
8 3 2
8 0 3
FACE-NORMAL = 14
0.0426478 -0.977486 -0.206643
0.0426478 -0.977486 -0.206643
0.0441638 -0.806953 0.588962
0.0441638 -0.806954 0.588961
0.770984 -0.619658 -0.146994
0.770984 -0.619659 -0.146994
-0.713922 -0.68815 -0.12948
-0.713923 -0.688149 -0.12948
0.012896 -0.500855 -0.865435
0.0128959 -0.500854 -0.865435
-0.736464 0.658609 0.154449
-0.0450294 0.836785 -0.545676
0.676149 0.723765 0.137788
-0.0152838 0.545589 0.837913
BONE = 15
BONE_NAME = Jaw
PARENT_ID = 14
LOCALTM 
MAT 0.855161 -0.000170313 0.518366 0.0
MAT 0.000236735 0.999998 -6.15902e-005 0.0
MAT -0.518364 0.000174773 0.85516 0.0
MAT 0.167602 0.0 0.0 1.0
WORLDTM 
MAT 0.0280499 -0.642903 -0.135911 0.0
MAT -0.656955 -0.0303025 0.00774831 0.0
MAT -0.0138338 0.135427 -0.643466 0.0
MAT 0.0114804 0.797127 -0.386628 1.0
VERTEX = 9
-0.0905136 0.914155 -0.466353
-0.0907043 0.919438 -0.457865
-0.0929809 0.911149 -0.452756
-0.0927902 0.905865 -0.461244
-0.0964916 0.91372 -0.460915
-0.0965107 0.914248 -0.460066
-0.0967383 0.913419 -0.459555
-0.0967193 0.912891 -0.460404
-0.096615 0.913569 -0.460235
INDEX = 14
4 5 7
6 7 5
1 2 5
6 5 2
0 1 4
5 4 1
7 6 3
2 3 6
4 7 0
3 0 7
8 1 0
8 2 1
8 3 2
8 0 3
FACE-NORMAL = 14
0.973553 -0.183502 0.136091
0.973553 -0.183502 0.136091
0.66545 -0.515458 -0.539889
0.66545 -0.515458 -0.539889
0.482055 -0.738928 0.470753
0.482055 -0.738928 0.470753
0.820492 0.493417 -0.288674
0.820492 0.493417 -0.288674
0.637096 0.269945 0.721969
0.637096 0.269945 0.721969
-0.527426 0.715929 -0.457458
-0.701893 0.503338 0.503981
-0.849387 -0.45642 0.264997
-0.674919 -0.243827 -0.696443
BONE = 16
BONE_NAME = Unit_Zerg_Hydralisk_Jaw_03
PARENT_ID = 14
LOCALTM 
MAT 0.40115 -1.46337 -0.0968515 0.0
MAT -1.42845 -0.412612 0.317782 0.0
MAT -0.332136 0.00714739 -1.4837 0.0
MAT -0.0440141 0.154746 0.0464011 1.0
WORLDTM 
MAT 0.973549 -0.183501 0.136091 0.0
MAT 0.227659 0.828977 -0.510854 0.0
MAT -0.0190731 0.528327 0.84883 0.0
MAT -0.096615 0.913569 -0.460235 1.0
VERTEX = 9
-0.084448 1.10703 -0.142896
-0.0872225 1.11354 -0.135828
-0.0869635 1.10624 -0.129002
-0.084189 1.09973 -0.13607
-0.0903819 1.10564 -0.137573
-0.0906594 1.10629 -0.136866
-0.0906335 1.10556 -0.136184
-0.090356 1.10491 -0.13689
-0.0905077 1.1056 -0.136878
INDEX = 14
4 5 7
6 7 5
1 2 5
6 5 2
0 1 4
5 4 1
7 6 3
2 3 6
4 7 0
3 0 7
8 1 0
8 2 1
8 3 2
8 0 3
FACE-NORMAL = 14
0.960389 0.207695 0.185783
0.960389 0.207695 0.185783
0.848696 -0.34475 -0.401076
0.848696 -0.34475 -0.401076
0.661718 -0.403922 0.631646
0.661718 -0.403921 0.631646
0.623215 0.681801 -0.38308
0.623215 0.681801 -0.38308
0.436238 0.62263 0.649638
0.436238 0.62263 0.649638
-0.697412 0.36957 -0.614031
-0.875287 0.31328 0.368412
-0.660783 -0.663294 0.351293
-0.482909 -0.607003 -0.631147
BONE = 17
BONE_NAME = Karapis_Bone02
PARENT_ID = 13
LOCALTM 
MAT -0.394487 -1.4681 0.0283283 0.0
MAT 0.158867 -0.0135122 1.51205 0.0
MAT -1.45975 0.395272 0.156903 0.0
MAT -0.101137 0.139815 -0.00876176 1.0
WORLDTM 
MAT 0.960388 0.207695 0.185782 0.0
MAT -0.0258991 0.730345 -0.682587 0.0
MAT -0.277452 0.650739 0.706796 0.0
MAT -0.0905077 1.1056 -0.136878 1.0
VERTEX = 9
0.072969 1.11067 -0.144982
0.0754916 1.11732 -0.137957
0.0757506 1.11002 -0.131131
0.073228 1.10336 -0.138156
0.0693842 1.11115 -0.137742
0.0696364 1.11181 -0.137039
0.0696623 1.11108 -0.136357
0.0694101 1.11042 -0.137059
0.0695233 1.11111 -0.137049
INDEX = 14
4 5 7
6 7 5
1 2 5
6 5 2
0 1 4
5 4 1
7 6 3
2 3 6
4 7 0
3 0 7
8 1 0
8 2 1
8 3 2
8 0 3
FACE-NORMAL = 14
0.967312 -0.153995 -0.201475
0.967312 -0.153995 -0.201475
0.459596 -0.597674 -0.65693
0.459596 -0.597674 -0.65693
0.666349 -0.645879 0.372583
0.666349 -0.645879 0.372583
0.627847 0.439844 -0.642142
0.627847 0.439844 -0.642142
0.834601 0.391642 0.387373
0.834601 0.391642 0.387373
-0.702307 0.625324 -0.340198
-0.50562 0.579465 0.639194
-0.665679 -0.407541 0.625125
-0.862368 -0.361686 -0.354268
BONE = 18
BONE_NAME = Karapis_Bone01
PARENT_ID = 13
LOCALTM 
MAT 0.40683 -1.46394 -0.0558263 0.0
MAT 0.158866 -0.0135121 1.51205 0.0
MAT -1.45636 -0.410417 0.149346 0.0
MAT -0.102455 -0.103636 -0.0107987 1.0
WORLDTM 
MAT 0.96731 -0.153995 -0.201475 0.0
MAT -0.0258992 0.730346 -0.682587 0.0
MAT 0.252257 0.665496 0.702485 0.0
MAT 0.0695233 1.11111 -0.137049 1.0
VERTEX = 9
-0.0332411 1.5567 -0.0362757
-0.0333295 1.55915 -0.0265811
-0.0329614 1.54946 -0.0241285
-0.0328731 1.54701 -0.0338231
-0.0381117 1.55325 -0.0308071
-0.0381205 1.5535 -0.0298377
-0.0380837 1.55253 -0.0295924
-0.0380749 1.55228 -0.0305618
-0.0380977 1.55289 -0.0301998
INDEX = 14
4 5 7
6 7 5
1 2 5
6 5 2
0 1 4
5 4 1
7 6 3
2 3 6
4 7 0
3 0 7
8 1 0
8 2 1
8 3 2
8 0 3
FACE-NORMAL = 14
0.999283 0.0378522 -0.000463601
0.999283 0.0378522 -0.000463601
0.675053 -0.156862 -0.720901
0.675053 -0.156862 -0.720901
0.695845 -0.694751 0.181991
0.695845 -0.694751 0.181991
0.641126 0.745393 -0.182611
0.641126 0.745393 -0.182611
0.661918 0.207506 0.720282
0.661918 0.207506 0.720282
-0.732627 0.658251 -0.173098
-0.712848 0.146549 0.685837
-0.680573 -0.71178 0.173753
-0.700352 -0.20008 -0.685182
BONE = 19
BONE_NAME = Unit_Zerg_Hydralisk_Crest
PARENT_ID = 13
LOCALTM 
MAT -0.0120822 -1.52037 -0.00913946 0.0
MAT -0.590397 -0.0037309 1.40112 0.0
MAT -1.40107 0.0146846 -0.59034 0.0
MAT -0.639069 0.0361348 0.432869 1.0
WORLDTM 
MAT 0.999281 0.0378521 -0.0004636 0.0
MAT -0.0368068 0.968758 -0.245261 0.0
MAT -0.00883631 0.245104 0.969459 0.0
MAT -0.0380977 1.55289 -0.0301998 1.0
VERTEX = 9
-0.00668863 0.831865 0.168235
-0.00669796 0.832173 0.169455
-0.00665561 0.830954 0.169764
-0.00664628 0.830645 0.168544
-0.00730259 0.831433 0.168923
-0.00730352 0.831464 0.169045
-0.00729929 0.831342 0.169076
-0.00729836 0.831311 0.168954
-0.00730094 0.831388 0.169
INDEX = 14
4 5 7
6 7 5
1 2 5
6 5 2
0 1 4
5 4 1
7 6 3
2 3 6
4 7 0
3 0 7
8 1 0
8 2 1
8 3 2
8 0 3
FACE-NORMAL = 14
0.999406 0.0344466 -0.00106724
0.999406 0.0344466 -0.00106724
0.67408 -0.159204 -0.721297
0.67408 -0.159204 -0.721297
0.693582 -0.697108 0.181615
0.693582 -0.697108 0.181615
0.643552 0.743193 -0.183043
0.643552 0.743193 -0.183043
0.663055 0.205292 0.719871
0.663055 0.205292 0.719871
-0.730484 0.660733 -0.172698
-0.711931 0.149018 0.686256
-0.682889 -0.709446 0.174207
-0.701442 -0.197733 -0.684748
BONE = 20
BONE_NAME = Spikes
PARENT_ID = 13
LOCALTM 
MAT -0.00103542 -0.191322 -0.00160092 0.0
MAT -0.0742927 -0.00107329 0.176314 0.0
MAT -0.176314 0.001576 -0.0742835 0.0
MAT -0.219352 0.0340342 -0.625973 1.0
WORLDTM 
MAT 0.125764 0.00433472 -0.000134301 0.0
MAT -0.00423487 0.121921 -0.0308682 0.0
MAT -0.000933412 0.0308545 0.121995 0.0
MAT -0.00730094 0.831388 0.169 1.0
VERTEX = 9
0.00388917 1.01138 -0.481976
0.003815 1.01383 -0.472282
0.00415153 1.00414 -0.469829
0.00422571 1.00169 -0.479524
-0.000989787 1.00795 -0.476505
-0.000997204 1.00819 -0.475535
-0.000963551 1.00722 -0.47529
-0.000956134 1.00698 -0.476259
-0.000976669 1.00758 -0.475897
INDEX = 14
4 5 7
6 7 5
1 2 5
6 5 2
0 1 4
5 4 1
7 6 3
2 3 6
4 7 0
3 0 7
8 1 0
8 2 1
8 3 2
8 0 3
FACE-NORMAL = 14
0.999406 0.0344466 -0.00106701
0.999406 0.0344466 -0.00106701
0.67408 -0.159201 -0.721298
0.67408 -0.159201 -0.721298
0.693582 -0.697109 0.181612
0.693583 -0.697109 0.181612
0.643552 0.743194 -0.183039
0.643552 0.743194 -0.183039
0.663055 0.205288 0.719872
0.663055 0.205288 0.719872
-0.730484 0.660734 -0.172695
-0.711931 0.149014 0.686257
-0.68289 -0.709447 0.174203
-0.701442 -0.19773 -0.684749
BONE = 21
BONE_NAME = Ref_Head
PARENT_ID = 13
LOCALTM 
MAT -0.00822842 -1.52037 -0.0127222 0.0
MAT -0.590385 -0.00852905 1.4011 0.0
MAT -1.4011 0.0125244 -0.590311 0.0
MAT 0.401987 0.00406066 0.177972 1.0
WORLDTM 
MAT 0.999404 0.0344466 -0.00106701 0.0
MAT -0.033653 0.968865 -0.245294 0.0
MAT -0.00741761 0.245185 0.969448 0.0
MAT -0.000976669 1.00758 -0.475897 1.0
VERTEX = 9
-0.036452 1.7 0.695455
-0.036695 1.70703 0.688341
-0.0369592 1.71413 0.69537
-0.0367161 1.70711 0.702483
-0.041677 1.70618 0.69541
-0.0417013 1.70688 0.694699
-0.0417277 1.7076 0.695402
-0.0417034 1.70689 0.696113
-0.0417023 1.70689 0.695406
INDEX = 14
4 5 7
6 7 5
1 2 5
6 5 2
0 1 4
5 4 1
7 6 3
2 3 6
4 7 0
3 0 7
8 1 0
8 2 1
8 3 2
8 0 3
FACE-NORMAL = 14
0.999355 0.0358748 0.00127813
0.999355 0.0358748 0.00127813
0.686599 -0.49809 0.529612
0.686599 -0.49809 0.529612
0.648898 0.552393 0.523254
0.648898 0.552393 0.523254
0.68817 -0.504395 -0.521544
0.68817 -0.504395 -0.521544
0.650469 0.546087 -0.527901
0.650469 0.546087 -0.527901
-0.687971 -0.528036 -0.497869
-0.723837 0.471304 -0.503918
-0.725331 0.477302 0.496062
-0.689465 -0.522037 0.50211
BONE = 22
BONE_NAME = HitTestFuzzy01
PARENT_ID = 13
LOCALTM 
MAT -0.0123832 -1.52033 -0.013136 0.0
MAT 1.50446 -0.0103573 -0.219528 0.0
MAT 0.219423 -0.0147842 1.50445 0.0
MAT -1.66068 0.0442495 -0.0448506 1.0
WORLDTM 
MAT 0.999353 0.0358747 0.00127813 0.0
MAT 0.0264172 -0.710881 -0.702815 0.0
MAT -0.0243033 0.702399 -0.711371 0.0
MAT -0.0417023 1.70689 0.695406 1.0
VERTEX = 9
-0.162124 1.39627 0.0330082
-0.162207 1.3894 0.0402663
-0.162432 1.38214 0.033388
-0.16235 1.38902 0.0261299
-0.167261 1.39002 0.0332268
-0.16727 1.38934 0.0339526
-0.167292 1.38861 0.0332648
-0.167284 1.3893 0.032539
-0.167277 1.38932 0.0332458
INDEX = 14
4 5 7
6 7 5
1 2 5
6 5 2
0 1 4
5 4 1
7 6 3
2 3 6
4 7 0
3 0 7
8 1 0
8 2 1
8 3 2
8 0 3
FACE-NORMAL = 14
0.999712 -0.0220286 -0.00954967
0.999712 -0.0220286 -0.00954967
0.674886 0.496538 -0.545875
0.674886 0.496538 -0.545875
0.652005 -0.554011 -0.51765
0.652005 -0.554011 -0.51765
0.685539 0.524538 0.504873
0.685539 0.524538 0.504873
0.662658 -0.526012 0.5331
0.662658 -0.526012 0.5331
-0.690953 0.528597 0.493123
-0.712719 -0.470806 0.519974
-0.722853 -0.497443 -0.479618
-0.701087 0.501961 -0.506471
BONE = 23
BONE_NAME = Ref_Weapon Right
PARENT_ID = 13
LOCALTM 
MAT 0.0537926 -1.51772 -0.0734346 0.0
MAT -1.4986 -0.0651282 0.248281 0.0
MAT -0.250982 0.0635976 -1.49823 0.0
MAT -0.569104 0.242814 0.183628 1.0
WORLDTM 
MAT 0.999714 -0.0220286 -0.00954969 0.0
MAT 0.0225572 0.725518 0.687829 0.0
MAT -0.00822664 -0.687852 0.725808 0.0
MAT -0.167277 1.38932 0.0332458 1.0
VERTEX = 9
0.104489 1.36222 0.039775
0.105046 1.35826 0.0489427
0.105147 1.34908 0.0449762
0.10459 1.35304 0.0358086
0.0997933 1.35615 0.0423514
0.0998491 1.35575 0.0432682
0.0998592 1.35484 0.0428715
0.0998034 1.35523 0.0419547
0.0998263 1.35549 0.0426114
INDEX = 14
4 5 7
6 7 5
1 2 5
6 5 2
0 1 4
5 4 1
7 6 3
2 3 6
4 7 0
3 0 7
8 1 0
8 2 1
8 3 2
8 0 3
FACE-NORMAL = 14
0.998394 0.0313875 -0.0471647
0.998394 0.0313875 -0.0471647
0.626459 0.314991 -0.712973
0.626459 0.314991 -0.712973
0.675412 -0.661286 -0.326374
0.675412 -0.661286 -0.326374
0.660369 0.703279 0.263271
0.660369 0.703279 0.263271
0.709322 -0.272998 0.649872
0.709322 -0.272998 0.649872
-0.713126 0.626872 0.313819
-0.666556 -0.301875 0.681597
-0.698816 -0.671259 -0.247118
-0.745386 0.257488 -0.614898
BONE = 24
BONE_NAME = Ref_Weapon Left
PARENT_ID = 13
LOCALTM 
MAT 0.0504889 -1.51938 0.0258483 0.0
MAT -1.32218 -0.031176 0.750054 0.0
MAT -0.749001 -0.0473828 -1.3223 0.0
MAT -0.543605 -0.160893 0.119221 1.0
WORLDTM 
MAT 0.998392 0.0313874 -0.0471646 0.0
MAT -0.0101183 0.91792 0.396644 0.0
MAT 0.055739 -0.39553 0.916761 0.0
MAT 0.0998263 1.35549 0.0426114 1.0
VERTEX = 9
-0.0389591 1.40014 -0.116148
-0.0389458 1.40092 -0.109616
-0.0392163 1.39439 -0.108845
-0.0392296 1.39362 -0.115376
-0.0423606 1.39769 -0.112871
-0.0423592 1.39777 -0.112217
-0.0423863 1.39711 -0.11214
-0.0423876 1.39704 -0.112794
-0.0423734 1.3974 -0.112506
INDEX = 14
4 5 7
6 7 5
1 2 5
6 5 2
0 1 4
5 4 1
7 6 3
2 3 6
4 7 0
3 0 7
8 1 0
8 2 1
8 3 2
8 0 3
FACE-NORMAL = 14
0.999152 -0.0410825 0.0028155
0.999152 -0.0410825 0.0028155
0.666893 -0.114673 -0.736277
0.666893 -0.114673 -0.736277
0.637826 -0.765014 0.0890618
0.637826 -0.765014 0.0890618
0.698969 0.710047 -0.0852947
0.698969 0.710047 -0.0852947
0.669901 0.0597081 0.740045
0.669901 0.0597081 0.740045
-0.677424 0.730674 -0.0849249
-0.705076 0.111995 0.700232
-0.73559 -0.672574 0.0809431
-0.707938 -0.0538962 -0.704215
BONE = 25
BONE_NAME = Ref_Weapon
PARENT_ID = 13
LOCALTM 
MAT 0.0369796 -0.996796 -0.070919 0.0
MAT -0.503465 -0.079887 0.860314 0.0
MAT -0.863223 0.00389252 -0.504807 0.0
MAT -0.39689 0.0502761 0.319997 1.0
WORLDTM 
MAT 0.657145 -0.0270201 0.00185176 0.0
MAT 0.0270521 0.652609 -0.0771402 0.0
MAT 0.00133014 0.0771512 0.653165 0.0
MAT -0.0423734 1.3974 -0.112506 1.0
VERTEX = 9
-0.00373671 1.14353 0.0792279
-0.00383666 1.15568 0.0928264
-0.00446391 1.14709 0.100498
-0.00436395 1.13494 0.0868997
-0.00905646 1.14532 0.0885981
-0.00906646 1.14653 0.0899579
-0.00912918 1.14567 0.0907251
-0.00911919 1.14446 0.0893652
-0.00909282 1.1455 0.0896616
INDEX = 14
4 5 7
6 7 5
1 2 5
6 5 2
0 1 4
5 4 1
7 6 3
2 3 6
4 7 0
3 0 7
8 1 0
8 2 1
8 3 2
8 0 3
FACE-NORMAL = 14
0.998506 -0.0369005 0.0403025
0.998506 -0.0369005 0.0403025
0.67204 -0.519856 -0.527363
0.67204 -0.519856 -0.527363
0.627553 -0.578347 0.521241
0.627553 -0.578347 0.521241
0.708377 0.528976 -0.467318
0.708377 0.528976 -0.467318
0.663891 0.470486 0.581285
0.663891 0.470486 0.581285
-0.667606 0.552799 -0.498714
-0.709927 0.497156 0.498839
-0.744495 -0.500613 0.441717
-0.702174 -0.444971 -0.555835
BONE = 26
BONE_NAME = Vol_Target
PARENT_ID = 13
LOCALTM 
MAT 0.00689174 -1.51423 -0.137058 0.0
MAT 0.145329 -0.156922 1.741 0.0
MAT -2.76283 -0.0331785 0.227635 0.0
MAT -0.410782 0.0174185 -0.172409 1.0
WORLDTM 
MAT 0.998503 -0.0369004 0.0403024 0.0
MAT 0.0627246 0.859345 -0.767178 0.0
MAT -0.00999551 1.21474 1.35985 0.0
MAT -0.00909282 1.1455 0.0896616 1.0
VERTEX = 9
-0.000504262 0.981227 0.119461
0.000530251 0.985536 0.114601
0.000418795 0.980626 0.110226
-0.000615718 0.976318 0.115086
0.00315823 0.980572 0.115655
0.00326168 0.981002 0.115169
0.00325054 0.980511 0.114731
0.00314708 0.980081 0.115217
0.00320438 0.980542 0.115193
INDEX = 14
4 5 7
6 7 5
1 2 5
6 5 2
0 1 4
5 4 1
7 6 3
2 3 6
4 7 0
3 0 7
8 1 0
8 2 1
8 3 2
8 0 3
FACE-NORMAL = 14
-0.987407 0.117156 -0.106311
-0.987407 0.117156 -0.106311
-0.777454 -0.408513 0.478208
-0.777454 -0.408513 0.478208
-0.673136 -0.476467 -0.565568
-0.673136 -0.476466 -0.565568
-0.647945 0.633213 0.423331
-0.647944 0.633213 0.423331
-0.543627 0.565259 -0.620445
-0.543627 0.565259 -0.620445
0.710185 0.444986 0.545551
0.809424 0.38034 -0.447409
0.686219 -0.610669 -0.395204
0.586981 -0.546024 0.597756
BONE = 27
BONE_NAME = ShoulderRt
PARENT_ID = 11
LOCALTM 
MAT 0.195408 0.117661 0.97364 0.0
MAT 0.735107 -0.67473 -0.0659971 0.0
MAT 0.649177 0.728625 -0.218341 0.0
MAT 0.301401 0.0236325 0.00216886 1.0
WORLDTM 
MAT -0.649423 0.0770541 -0.0699215 0.0
MAT 0.0111456 0.490952 0.437516 0.0
MAT 0.103451 0.430822 -0.486073 0.0
MAT 0.00320438 0.980542 0.115193 1.0
VERTEX = 9
-0.428252 1.02979 0.0739808
-0.431142 1.02886 0.0681454
-0.425385 1.02696 0.0655965
-0.422495 1.02788 0.0714318
-0.426296 1.03163 0.0693849
-0.426585 1.03153 0.0688014
-0.42601 1.03134 0.0685465
-0.425721 1.03144 0.06913
-0.426153 1.03148 0.0689657
INDEX = 14
4 5 7
6 7 5
1 2 5
6 5 2
0 1 4
5 4 1
7 6 3
2 3 6
4 7 0
3 0 7
8 1 0
8 2 1
8 3 2
8 0 3
FACE-NORMAL = 14
-0.202339 -0.946803 0.250248
-0.202339 -0.946803 0.250248
0.19123 -0.528866 0.826881
0.19123 -0.528866 0.826881
0.515186 -0.848543 -0.120659
0.515186 -0.848543 -0.120659
-0.785903 -0.418212 0.455473
-0.785903 -0.418212 0.455473
-0.461944 -0.737889 -0.492065
-0.461944 -0.737889 -0.492065
-0.475797 0.87418 0.0970895
-0.167612 0.570067 -0.804319
0.761948 0.4648 -0.450994
0.453762 0.768914 0.450413
BONE = 28
BONE_NAME = ArmRT
PARENT_ID = 27
LOCALTM 
MAT 0.0622631 -0.543708 -0.836962 0.0
MAT 0.856908 0.459057 -0.234466 0.0
MAT 0.511694 -0.702601 0.49449 0.0
MAT 0.661136 0.0 -4.17233e-007 1.0
WORLDTM 
MAT -0.13308 -0.622719 0.16459 0.0
MAT -0.575636 0.19039 0.254896 0.0
MAT -0.288981 -0.0924785 -0.583536 0.0
MAT -0.426153 1.03148 0.0689657 1.0
VERTEX = 9
-0.52202 0.605186 0.17853
-0.518106 0.610427 0.179215
-0.512836 0.606623 0.17821
-0.51675 0.601382 0.177524
-0.517685 0.605259 0.181618
-0.517293 0.605783 0.181686
-0.516766 0.605403 0.181586
-0.517158 0.604878 0.181517
-0.517225 0.605331 0.181602
INDEX = 14
4 5 7
6 7 5
1 2 5
6 5 2
0 1 4
5 4 1
7 6 3
2 3 6
4 7 0
3 0 7
8 1 0
8 2 1
8 3 2
8 0 3
FACE-NORMAL = 14
-0.061593 0.174493 -0.98273
-0.061593 0.174493 -0.98273
-0.483541 -0.475576 -0.734857
-0.483541 -0.475576 -0.734858
0.554385 -0.3132 -0.771079
0.554385 -0.3132 -0.771079
-0.636793 0.546659 -0.543745
-0.636793 0.546659 -0.543745
0.401134 0.709035 -0.579966
0.401134 0.709035 -0.579966
-0.52304 0.285613 0.803028
0.464355 0.440084 0.76857
0.610146 -0.532383 0.586762
-0.37725 -0.686854 0.62122
BONE = 29
BONE_NAME = ForeArmRt
PARENT_ID = 28
LOCALTM 
MAT -0.398676 -0.276442 0.874437 0.0
MAT -0.347239 0.927998 0.13506 0.0
MAT -0.848812 -0.249795 -0.465962 0.0
MAT 0.684344 0.0 0.0 1.0
WORLDTM 
MAT -0.0405101 0.114765 -0.646347 0.0
MAT -0.527008 0.380424 0.100579 0.0
MAT 0.391405 0.524104 0.0685282 0.0
MAT -0.517225 0.605331 0.181602 1.0
VERTEX = 9
-0.556354 0.706227 -0.407588
-0.558876 0.708194 -0.413335
-0.55282 0.708528 -0.415878
-0.550298 0.70656 -0.410132
-0.554529 0.710396 -0.410349
-0.554781 0.710592 -0.410924
-0.554175 0.710626 -0.411178
-0.553923 0.710429 -0.410603
-0.554352 0.710511 -0.410764
INDEX = 14
4 5 7
6 7 5
1 2 5
6 5 2
0 1 4
5 4 1
7 6 3
2 3 6
4 7 0
3 0 7
8 1 0
8 2 1
8 3 2
8 0 3
FACE-NORMAL = 14
-0.07141 -0.952855 -0.294904
-0.07141 -0.952855 -0.294904
0.237226 -0.859793 0.452194
0.237226 -0.859794 0.452194
0.636662 -0.599758 -0.484719
0.636661 -0.599758 -0.484719
-0.732201 -0.675095 0.0901578
-0.732201 -0.675095 0.0901578
-0.332767 -0.415059 -0.846754
-0.332767 -0.415059 -0.846754
-0.600616 0.637936 0.481974
-0.220627 0.885311 -0.409326
0.701603 0.709605 -0.0649157
0.321616 0.462229 0.826382
BONE = 30
BONE_NAME = HandRt
PARENT_ID = 29
LOCALTM 
MAT 0.127943 -0.539021 -0.83252 0.0
MAT -0.332157 0.767653 -0.548068 0.0
MAT 0.934506 0.34665 -0.0808248 0.0
MAT 0.916481 0.0 3.57628e-007 1.0
WORLDTM 
MAT -0.0469669 -0.6267 -0.193961 0.0
MAT -0.60562 -0.0333317 0.25434 0.0
MAT -0.25218 0.196762 -0.574688 0.0
MAT -0.554352 0.710511 -0.410764 1.0
VERTEX = 9
-0.770869 -0.0363492 -0.704331
-0.772023 -0.0421384 -0.696259
-0.774769 -0.0497619 -0.702119
-0.773615 -0.0439728 -0.710191
-0.77494 -0.0416832 -0.703164
-0.775055 -0.0422622 -0.702356
-0.77533 -0.0430245 -0.702942
-0.775214 -0.0424456 -0.70375
-0.775135 -0.0423539 -0.703053
INDEX = 14
4 5 7
6 7 5
1 2 5
6 5 2
0 1 4
5 4 1
7 6 3
2 3 6
4 7 0
3 0 7
8 1 0
8 2 1
8 3 2
8 0 3
FACE-NORMAL = 14
0.95461 -0.289261 -0.0710515
0.95461 -0.289261 -0.0710515
0.724333 0.236802 -0.647508
0.724333 0.236802 -0.647508
0.434476 -0.760159 -0.483103
0.434476 -0.760159 -0.483103
0.842724 0.373149 0.388041
0.842724 0.373149 0.388041
0.552868 -0.623812 0.552445
0.552868 -0.623812 0.552445
-0.480825 0.743605 0.464607
-0.75657 -0.20482 0.621008
-0.869197 -0.334528 -0.364125
-0.593452 0.613895 -0.520525
BONE = 31
BONE_NAME = HitTestFuzzy02
PARENT_ID = 30
LOCALTM 
MAT 0.168494 -0.657888 -0.288045 0.0
MAT -1.39703 -0.0986671 -0.591848 0.0
MAT 0.489304 0.680687 -1.26845 0.0
MAT 1.24574 0.195255 0.174574 1.0
WORLDTM 
MAT 0.463155 -0.140343 -0.0344726 0.0
MAT 0.274621 0.762354 0.586002 0.0
MAT -0.115341 -0.578918 0.807185 0.0
MAT -0.775135 -0.0423539 -0.703053 1.0
VERTEX = 9
0.0071035 0.976401 0.114882
0.00556915 0.980546 0.110011
0.00569957 0.985574 0.114249
0.00723392 0.981429 0.11912
0.0032746 0.980083 0.115225
0.00312117 0.980497 0.114738
0.00313421 0.981 0.115161
0.00328765 0.980585 0.115649
0.00320441 0.980541 0.115193
INDEX = 14
4 5 7
6 7 5
1 2 5
6 5 2
0 1 4
5 4 1
7 6 3
2 3 6
4 7 0
3 0 7
8 1 0
8 2 1
8 3 2
8 0 3
FACE-NORMAL = 14
0.972205 0.13563 -0.190845
0.972205 0.13563 -0.190845
0.823774 -0.377691 0.422784
0.823774 -0.377691 0.422784
0.665109 0.658979 0.35125
0.665109 0.658979 0.35125
0.635633 -0.477516 -0.606588
0.635633 -0.477517 -0.606588
0.476969 0.559154 -0.678121
0.476968 0.559154 -0.678121
-0.701473 -0.636487 -0.320654
-0.852413 0.349713 -0.388706
-0.673432 0.444678 0.590551
-0.522492 -0.541522 0.658601
BONE = 32
BONE_NAME = ShoulderLft
PARENT_ID = 11
LOCALTM 
MAT 0.0612034 0.17646 -0.982405 0.0
MAT -0.753104 0.654103 0.0705731 0.0
MAT 0.655047 0.735532 0.172926 0.0
MAT 0.301401 0.0236324 0.00216886 1.0
WORLDTM 
MAT 0.639425 0.0892049 -0.12552 0.0
MAT -0.0130415 -0.502817 -0.423773 0.0
MAT -0.153435 0.414485 -0.487069 0.0
MAT 0.00320441 0.980541 0.115193 1.0
VERTEX = 9
0.376207 1.02762 0.0430065
0.376625 1.02999 0.0368846
0.382592 1.03241 0.0382279
0.382174 1.03004 0.0443499
0.377713 1.03259 0.041853
0.377754 1.03283 0.0412408
0.378351 1.03307 0.0413751
0.378309 1.03284 0.0419873
0.378032 1.03283 0.041614
INDEX = 14
4 5 7
6 7 5
1 2 5
6 5 2
0 1 4
5 4 1
7 6 3
2 3 6
4 7 0
3 0 7
8 1 0
8 2 1
8 3 2
8 0 3
FACE-NORMAL = 14
0.415912 -0.857402 -0.303117
0.415912 -0.857402 -0.303117
0.230942 -0.841105 0.489089
0.230942 -0.841105 0.489089
0.95253 -0.300149 -0.0509611
0.95253 -0.300149 -0.0509612
-0.396068 -0.846994 -0.354588
-0.396068 -0.846994 -0.354588
0.325519 -0.306038 -0.894639
0.325519 -0.306038 -0.894639
-0.935566 0.346163 0.0699137
-0.249108 0.860783 -0.443844
0.347376 0.866385 0.358758
-0.339081 0.351766 0.872517
BONE = 33
BONE_NAME = ArmLft
PARENT_ID = 32
LOCALTM 
MAT 0.345913 0.842539 -0.412883 0.0
MAT -0.892874 0.430809 0.131072 0.0
MAT 0.288308 0.323313 0.901303 0.0
MAT 0.586194 -1.19209e-007 0.0 1.0
WORLDTM 
MAT 0.273548 -0.563919 -0.199362 0.0
MAT -0.596655 -0.241939 -0.134333 0.0
MAT 0.0418433 0.236728 -0.612196 0.0
MAT 0.378032 1.03283 0.041614 1.0
VERTEX = 9
0.572635 0.626937 -0.106571
0.568882 0.630395 -0.102421
0.574029 0.634216 -0.100951
0.577782 0.630758 -0.1051
0.574081 0.62817 -0.101599
0.573706 0.628515 -0.101184
0.574221 0.628897 -0.101037
0.574596 0.628552 -0.101452
0.574151 0.628533 -0.101318
INDEX = 14
4 5 7
6 7 5
1 2 5
6 5 2
0 1 4
5 4 1
7 6 3
2 3 6
4 7 0
3 0 7
8 1 0
8 2 1
8 3 2
8 0 3
FACE-NORMAL = 14
-0.249024 0.621337 -0.742918
-0.249024 0.621337 -0.742918
0.257491 0.0248748 -0.965961
0.257491 0.0248749 -0.965961
0.415117 0.847495 -0.330804
0.415116 0.847495 -0.330804
-0.748295 -0.0161906 -0.663169
-0.748295 -0.0161907 -0.663169
-0.590666 0.80643 -0.0280125
-0.590666 0.80643 -0.0280123
-0.377298 -0.850169 0.367231
-0.227346 -0.067599 0.971465
0.729473 -0.0285328 0.683415
0.579518 -0.811104 0.0791807
BONE = 34
BONE_NAME = ForeArmLft
PARENT_ID = 33
LOCALTM 
MAT -0.411115 0.149089 0.899311 0.0
MAT 0.24041 0.969339 -0.0507945 0.0
MAT -0.879311 0.19532 -0.434353 0.0
MAT 0.716945 0.0 -1.19209e-007 1.0
WORLDTM 
MAT -0.163785 0.408657 -0.488622 0.0
MAT -0.514723 -0.382118 -0.147046 0.0
