EXPORTER_V17
ANIMATION_EXPORT
BONEOBJECT_COUNT = 45
VERTEX = 9
-0.00541256 0.510384 -0.100191
-0.00541255 0.51414 -0.10559
0.00116312 0.514251 -0.105512
0.00116311 0.510495 -0.100114
-0.00252116 0.514823 -0.100708
-0.00252116 0.515198 -0.101248
-0.00186359 0.515209 -0.10124
-0.00186359 0.514834 -0.1007
-0.00219237 0.515016 -0.100974
INDEX = 14
4 5 7
6 7 5
1 2 5
6 5 2
0 1 4
5 4 1
7 6 3
2 3 6
4 7 0
3 0 7
8 1 0
8 2 1
8 3 2
8 0 3
FACE-NORMAL = 14
0.0205732 -0.820658 -0.571049
0.0205732 -0.820658 -0.571049
0.0137623 -0.973539 0.228108
0.0137623 -0.973539 0.228108
0.7569 -0.53644 -0.373277
0.7569 -0.53644 -0.373277
-0.729374 -0.561543 -0.390746
-0.729374 -0.561543 -0.390746
0.0137633 -0.124444 -0.992131
0.0137633 -0.124444 -0.992131
-0.721505 0.568352 0.395483
-0.014547 0.984171 -0.176623
0.69241 0.592234 0.412102
-0.0145479 0.176415 0.984208
BONE = 0
BONE_NAME = Root
PARENT_ID = -1
LOCALTM 
MAT 0.0135311 -0.539752 -0.375582 0.0
MAT -0.657567 -0.0111066 -0.00772894 0.0
MAT 4.31226e-007 0.375662 -0.539866 0.0
MAT -0.00219237 0.515016 -0.100974 1.0
WORLDTM 
MAT 0.0135311 -0.539752 -0.375582 0.0
MAT -0.657567 -0.0111066 -0.00772894 0.0
MAT 4.31226e-007 0.375662 -0.539866 0.0
MAT -0.00219237 0.515016 -0.100974 1.0
VERTEX = 9
0.00332722 0.421298 -0.161168
-0.00324977 0.421326 -0.161159
-0.00324977 0.423314 -0.167429
0.00332723 0.423286 -0.167437
0.000382074 0.42534 -0.162991
-0.000275626 0.425342 -0.16299
-0.000275626 0.425541 -0.163617
0.000382074 0.425538 -0.163618
5.32242e-005 0.42544 -0.163304
INDEX = 14
4 5 7
6 7 5
1 2 5
6 5 2
0 1 4
5 4 1
7 6 3
2 3 6
4 7 0
3 0 7
8 1 0
8 2 1
8 3 2
8 0 3
FACE-NORMAL = 14
-0.00440847 -0.953213 -0.302267
-0.00440847 -0.953213 -0.302267
0.740338 -0.640789 -0.203196
0.740338 -0.640789 -0.203196
-0.00294904 -0.41299 -0.910731
-0.00294904 -0.412991 -0.910731
-0.00294918 -0.862342 0.506318
-0.00294918 -0.862341 0.506319
-0.746236 -0.634543 -0.201216
-0.746236 -0.634542 -0.201216
0.00311719 0.460286 0.887765
-0.703983 0.676995 0.214677
0.00311732 0.887761 -0.460295
0.710217 0.671052 0.212793
BONE = 1
BONE_NAME = Tail01
PARENT_ID = 0
LOCALTM 
MAT 0.95478 0.0240563 -0.296336 0.0
MAT -0.296276 -0.00609718 -0.955083 0.0
MAT -0.024782 0.999692 0.00130591 0.0
MAT 0.165957 0.0 -1.78814e-007 1.0
WORLDTM 
MAT -0.00289948 -0.626934 -0.198803 0.0
MAT 0.0 -0.198805 0.62694 0.0
MAT -0.6577 0.00276357 0.000876099 0.0
MAT 5.32242e-005 0.42544 -0.163304 1.0
VERTEX = 9
0.0021597 0.221683 -0.223052
-0.00440491 0.221919 -0.22338
-0.00433469 0.217331 -0.228091
0.00222992 0.217094 -0.227763
-0.00056356 0.222077 -0.227608
-0.00122002 0.222101 -0.227641
-0.001213 0.221642 -0.228112
-0.000556538 0.221618 -0.228079
-0.00088828 0.22186 -0.22786
INDEX = 14
4 5 7
6 7 5
1 2 5
6 5 2
0 1 4
5 4 1
7 6 3
2 3 6
4 7 0
3 0 7
8 1 0
8 2 1
8 3 2
8 0 3
FACE-NORMAL = 14
-0.0605793 -0.71548 0.696002
-0.0605793 -0.71548 0.696002
0.701361 -0.505361 0.502695
0.701361 -0.505361 0.502695
-0.0325899 -0.997232 -0.0668239
-0.0325899 -0.997232 -0.0668237
-0.0484609 0.0399703 0.998025
-0.0484609 0.0399705 0.998025
-0.782412 -0.451901 0.428506
-0.782412 -0.451901 0.428506
0.0352868 0.999274 0.0143558
-0.662932 0.53135 -0.527436
0.0503852 0.0125676 -0.998651
0.748604 0.480492 -0.456859
BONE = 2
BONE_NAME = Tail02
PARENT_ID = 1
LOCALTM 
MAT 0.471894 0.879712 0.0584994 0.0
MAT -0.881531 0.471901 0.0145624 0.0
MAT -0.0147949 -0.0584414 0.998182 0.0
MAT 0.324725 0.0 0.0 1.0
WORLDTM 
MAT -0.0398433 -0.470576 0.457764 0.0
MAT -0.00702175 0.458886 0.471117 0.0
MAT -0.656461 0.0236524 -0.0328235 0.0
MAT -0.00088828 0.22186 -0.22786 1.0
VERTEX = 9
-0.0120753 0.0475996 -0.0526038
-0.0185302 0.0476739 -0.0513443
-0.0185302 0.0411082 -0.0509568
-0.0120753 0.0410339 -0.0522163
-0.0156108 0.0444883 -0.0550845
-0.0162563 0.0444957 -0.0549585
-0.0162563 0.0438392 -0.0549198
-0.0156108 0.0438318 -0.0550457
-0.0159336 0.0441637 -0.0550021
INDEX = 14
4 5 7
6 7 5
1 2 5
6 5 2
0 1 4
5 4 1
7 6 3
2 3 6
4 7 0
3 0 7
8 1 0
8 2 1
8 3 2
8 0 3
FACE-NORMAL = 14
0.191835 0.0578185 0.979722
0.191835 0.0578185 0.979722
0.857819 0.0302824 0.513059
0.857819 0.0302824 0.513059
0.128334 -0.703324 0.699189
0.128334 -0.703324 0.699189
0.128328 0.780682 0.611611
0.128328 0.780682 0.611611
-0.601159 0.0470746 0.797742
-0.601159 0.0470746 0.797741
-0.135651 0.664995 -0.734426
-0.829621 -0.0328965 -0.557357
-0.135645 -0.746763 -0.651111
0.558327 -0.0488712 -0.82818
BONE = 3
BONE_NAME = Tail03
PARENT_ID = 2
LOCALTM 
MAT 0.628899 0.740071 -0.238286 0.0
MAT -0.75524 0.654296 0.0388439 0.0
MAT 0.184656 0.155532 0.970418 0.0
MAT 0.377614 0.0 -1.52737e-007 1.0
WORLDTM 
MAT 0.126171 0.0380275 0.644369 0.0
MAT -2.52575e-006 0.656563 -0.0387469 0.0
MAT -0.645491 0.00742924 0.12595 0.0
MAT -0.0159336 0.0441637 -0.0550021 1.0
VERTEX = 9
0.0468456 0.065224 0.248716
0.0403757 0.0652255 0.249899
0.0403757 0.0586485 0.249908
0.0468456 0.058647 0.248725
0.0433429 0.0622607 0.246018
0.0426959 0.0622609 0.246136
0.0426959 0.0616032 0.246137
0.0433429 0.061603 0.246018
0.0430194 0.061932 0.246077
INDEX = 14
4 5 7
6 7 5
1 2 5
6 5 2
0 1 4
5 4 1
7 6 3
2 3 6
4 7 0
3 0 7
8 1 0
8 2 1
8 3 2
8 0 3
FACE-NORMAL = 14
0.179795 0.00130437 0.983703
0.179795 0.00130437 0.983703
0.851456 0.000697873 0.524425
0.851456 0.000697874 0.524425
0.120277 -0.74242 0.659049
0.120277 -0.74242 0.659049
0.120275 0.744166 0.657077
0.120275 0.744167 0.657077
-0.610907 0.00104728 0.791701
-0.610908 0.00104728 0.791701
-0.127135 0.706183 -0.696521
-0.822716 -0.00075613 -0.568452
-0.127133 -0.708029 -0.694645
0.568452 -0.00108853 -0.822716
BONE = 4
BONE_NAME = Tail04
PARENT_ID = 3
LOCALTM 
MAT 0.998322 -0.0566503 0.0119409 0.0
MAT 0.0565183 0.99834 0.0110448 0.0
MAT -0.0125489 -0.0103516 0.999867 0.0
MAT 0.467247 0.0 1.67638e-007 1.0
WORLDTM 
MAT 0.118252 0.00085789 0.646987 0.0
MAT -8.64267e-007 0.657705 -0.000872791 0.0
MAT -0.646988 0.000154585 0.118248 0.0
MAT 0.0430194 0.061932 0.246077 1.0
VERTEX = 9
0.0927142 0.0659855 0.511963
0.086617 0.0657351 0.509509
0.086617 0.059192 0.510177
0.0927142 0.0594424 0.51263
0.0912035 0.062619 0.508126
0.0905938 0.062594 0.507881
0.0905938 0.0619397 0.507948
0.0912036 0.0619647 0.508193
0.0908987 0.0622794 0.508037
INDEX = 14
4 5 7
6 7 5
1 2 5
6 5 2
0 1 4
5 4 1
7 6 3
2 3 6
4 7 0
3 0 7
8 1 0
8 2 1
8 3 2
8 0 3
FACE-NORMAL = 14
-0.374971 0.094087 0.92225
-0.374971 0.094087 0.92225
0.438219 0.0912386 0.894226
0.438219 0.0912387 0.894226
-0.250834 -0.676513 0.692396
-0.250834 -0.676513 0.692396
-0.25085 0.802398 0.541509
-0.25085 0.802398 0.541509
-0.939903 0.0346431 0.33968
-0.939903 0.0346431 0.339679
0.265137 0.636924 -0.723899
-0.39037 -0.0934496 -0.915903
0.265152 -0.769986 -0.580359
0.920658 -0.0396094 -0.388355
BONE = 5
BONE_NAME = Tail05
PARENT_ID = 4
LOCALTM 
MAT 0.839927 0.0928656 0.534697 0.0
MAT -0.098549 0.994969 -0.0180029 0.0
MAT -0.533676 -0.0375733 0.844853 0.0
MAT 0.404892 0.0 0.0 1.0
WORLDTM 
MAT -0.24662 0.0618814 0.606568 0.0
MAT -6.78003e-006 0.654309 -0.0667571 0.0
MAT -0.609718 -0.0250394 -0.245346 0.0
MAT 0.0908987 0.0622794 0.508037 1.0
VERTEX = 9
-0.0336666 0.0971376 0.824592
-0.0400645 0.0972486 0.823071
-0.0400644 0.090689 0.822592
-0.0336665 0.090578 0.824112
-0.0357831 0.0944688 0.820501
-0.0364229 0.0944799 0.820349
-0.0364229 0.093824 0.820301
-0.0357831 0.0938129 0.820453
-0.036103 0.0941464 0.820401
INDEX = 14
4 5 7
6 7 5
1 2 5
6 5 2
0 1 4
5 4 1
7 6 3
2 3 6
4 7 0
3 0 7
8 1 0
8 2 1
8 3 2
8 0 3
FACE-NORMAL = 14
-0.231863 -0.070878 0.970163
-0.231863 -0.070878 0.970163
0.567932 -0.0599557 0.820889
0.567932 -0.0599557 0.820889
-0.155096 -0.788731 0.594852
-0.155096 -0.788731 0.594852
-0.155121 0.693907 0.703158
-0.155121 0.693907 0.703158
-0.878145 -0.0348741 0.477122
-0.878145 -0.0348741 0.477122
0.16394 0.755343 -0.634492
-0.523887 0.0620486 -0.849525
0.163964 -0.655112 -0.737526
0.851788 0.0381881 -0.522493
BONE = 6
BONE_NAME = Tail06
PARENT_ID = 5
LOCALTM 
MAT 0.975004 -0.168977 -0.144258 0.0
MAT 0.161034 0.984797 -0.065129 0.0
MAT 0.153076 0.0402682 0.987395 0.0
MAT 0.51497 0.0 -2.98023e-007 1.0
WORLDTM 
MAT -0.152497 -0.0466167 0.638079 0.0
MAT -1.05202e-005 0.655957 0.0479149 0.0
MAT -0.639785 0.0110967 -0.152091 0.0
MAT -0.036103 0.0941464 0.820401 1.0
VERTEX = 9
-0.102151 0.0754624 1.11642
-0.108583 0.075364 1.11779
-0.108725 0.0688866 1.11666
-0.102293 0.0689849 1.11529
-0.105792 0.0730714 1.11336
-0.106436 0.0730616 1.1135
-0.10645 0.0724138 1.11338
-0.105807 0.0724237 1.11325
-0.106121 0.0727426 1.11337
INDEX = 14
4 5 7
6 7 5
1 2 5
6 5 2
0 1 4
5 4 1
7 6 3
2 3 6
4 7 0
3 0 7
8 1 0
8 2 1
8 3 2
8 0 3
FACE-NORMAL = 14
0.207776 -0.172763 0.962799
0.207776 -0.172763 0.962799
0.865891 -0.104457 0.489204
0.865891 -0.104457 0.489205
0.122935 -0.847601 0.516198
0.122935 -0.8476 0.516198
0.155055 0.616468 0.771962
0.155055 0.616468 0.771962
-0.587899 -0.126687 0.798953
-0.587899 -0.126687 0.798952
-0.131642 0.818551 -0.559146
-0.838427 0.111588 -0.533468
-0.162198 -0.574239 -0.802459
0.544585 0.132736 -0.828135
BONE = 7
BONE_NAME = TailTIP
PARENT_ID = 6
LOCALTM 
MAT 0.898142 -0.10216 -0.427672 0.0
MAT 0.0921017 0.994769 -0.044179 0.0
MAT 0.429952 0.000287875 0.902852 0.0
MAT 0.459144 0.0 0.0 1.0
WORLDTM 
MAT 0.136655 -0.113627 0.633236 0.0
MAT 0.0142093 0.647742 0.113152 0.0
MAT -0.643197 -0.00983545 0.137042 0.0
MAT -0.106121 0.0727426 1.11337 1.0
VERTEX = 9
0.0275827 0.55181 -0.151691
0.0275827 0.558387 -0.151691
0.0341598 0.558387 -0.151691
0.0341598 0.55181 -0.151691
0.0305424 0.55477 -0.148402
0.0305424 0.555427 -0.148402
0.0312001 0.555427 -0.148402
0.0312001 0.55477 -0.148402
0.0308712 0.555098 -0.148402
INDEX = 14
4 5 7
6 7 5
1 2 5
6 5 2
0 1 4
5 4 1
7 6 3
2 3 6
4 7 0
3 0 7
8 1 0
8 2 1
8 3 2
8 0 3
FACE-NORMAL = 14
0.0 -6.11719e-007 -1.0
0.0 -6.11719e-007 -1.0
0.0 -0.743294 -0.668965
0.0 -0.743294 -0.668965
0.743294 -2.07135e-007 -0.668965
0.743294 -2.07136e-007 -0.668965
-0.743294 -6.11302e-007 -0.668965
-0.743294 -6.11302e-007 -0.668965
0.0 0.743294 -0.668965
0.0 0.743294 -0.668965
-0.707107 2.40306e-007 0.707107
0.0 0.707107 0.707107
0.707107 6.24795e-007 0.707107
0.0 -0.707107 0.707107
BONE = 8
BONE_NAME = Dummy01
PARENT_ID = 0
LOCALTM 
MAT 0.571049 0.0117515 0.820832 0.0
MAT -0.020573 0.999789 -8.3269e-007 0.0
MAT -0.820658 -0.0168868 0.57117 0.0
MAT -0.00779939 -0.0504422 0.0940003 1.0
WORLDTM 
MAT 0.0 -4.02331e-007 -0.657706 0.0
MAT -0.657706 -1.78814e-007 0.0 0.0
MAT 0.0 0.657706 0.0 0.0
MAT 0.0308712 0.555098 -0.148402 1.0
VERTEX = 9
0.0341367 0.559759 -0.148651
0.0275598 0.559728 -0.148617
0.0276057 0.555315 -0.14374
0.0341826 0.555345 -0.143774
0.0311978 0.555321 -0.148648
0.0305401 0.555318 -0.148644
0.0305447 0.554876 -0.148157
0.0312024 0.554879 -0.14816
0.0308712 0.555098 -0.148402
INDEX = 14
4 5 7
6 7 5
1 2 5
6 5 2
0 1 4
5 4 1
7 6 3
2 3 6
4 7 0
3 0 7
8 1 0
8 2 1
8 3 2
8 0 3
FACE-NORMAL = 14
-1.1668e-006 0.741435 0.671025
-1.1668e-006 0.741435 0.671025
0.743276 0.499476 0.445045
0.743276 0.499476 0.445045
0.00518757 -0.00276309 0.999983
0.00518757 -0.00276292 0.999983
-0.00518913 0.99475 -0.102199
-0.00518913 0.99475 -0.102199
-0.743276 0.492512 0.452739
-0.743276 0.492512 0.452739
-0.00493493 -0.0497988 -0.998747
-0.707089 -0.527586 -0.470826
0.00493658 -0.998748 0.0497745
0.70709 -0.520961 -0.478146
BONE = 9
BONE_NAME = SpineUp01
PARENT_ID = 8
LOCALTM 
MAT -0.671024 1.24281e-006 0.741434 0.0
MAT 0.741417 0.00698013 0.67101 0.0
MAT -0.00517598 0.999976 -0.00468405 0.0
MAT 0.0 0.0 0.0 1.0
WORLDTM 
MAT -7.6741e-007 0.487646 0.441337 0.0
MAT -0.00459093 0.441327 -0.487634 0.0
MAT -0.657691 -0.0030809 0.00340429 0.0
MAT 0.0308712 0.555098 -0.148402 1.0
VERTEX = 9
0.0345573 0.653349 -0.063886
0.0280179 0.653963 -0.0635432
0.027873 0.649648 -0.0585815
0.0344124 0.649034 -0.0589244
0.0312054 0.649221 -0.0636509
0.0305514 0.649282 -0.0636166
0.0305369 0.648851 -0.0631204
0.0311909 0.64879 -0.0631547
0.0308712 0.649036 -0.0633857
INDEX = 14
4 5 7
6 7 5
1 2 5
6 5 2
0 1 4
5 4 1
7 6 3
2 3 6
4 7 0
3 0 7
8 1 0
8 2 1
8 3 2
8 0 3
FACE-NORMAL = 14
0.104605 0.748913 0.65436
0.104605 0.748913 0.65436
0.809012 0.431629 0.398994
0.809012 0.431629 0.398994
0.0536064 0.0133472 0.998473
0.0536064 0.0133474 0.998473
0.086348 0.988645 -0.122985
0.086348 0.988645 -0.122985
-0.669058 0.570363 0.476494
-0.669058 0.570363 0.476494
-0.0583933 -0.0656535 -0.996132
-0.777022 -0.463571 -0.425839
-0.0895408 -0.993469 0.070727
0.629088 -0.595551 -0.499566
BONE = 10
BONE_NAME = SpineUp02
PARENT_ID = 9
LOCALTM 
MAT 0.994361 0.0166423 -0.104725 0.0
MAT -0.0197816 0.999384 -0.0290013 0.0
MAT 0.104176 0.0309097 0.994079 0.0
MAT 0.192634 2.98023e-007 0.0 1.0
WORLDTM 
MAT 0.0687994 0.492564 0.430376 0.0
MAT 0.0144858 0.431498 -0.496163 0.0
MAT -0.653938 0.0613795 0.0342881 0.0
MAT 0.0308712 0.649036 -0.0633857 1.0
VERTEX = 9
0.053322 0.791949 0.0550589
0.0467657 0.791434 0.0551507
0.0468513 0.791517 0.0617267
0.0534076 0.792032 0.0616349
0.050668 0.788476 0.0580974
0.0500123 0.788425 0.0581065
0.0500209 0.788433 0.0587641
0.0506765 0.788485 0.058755
0.0503444 0.788455 0.0584307
INDEX = 14
4 5 7
6 7 5
1 2 5
6 5 2
0 1 4
5 4 1
7 6 3
2 3 6
4 7 0
3 0 7
8 1 0
8 2 1
8 3 2
8 0 3
FACE-NORMAL = 14
-0.078378 0.996857 -0.0115436
-0.078378 0.996857 -0.0115436
0.688513 0.724998 -0.0180935
0.688513 0.724999 -0.0180935
-0.0427622 0.676227 0.735451
-0.0427622 0.676227 0.735451
-0.062102 0.657498 -0.750893
-0.062102 0.657497 -0.750893
-0.793376 0.608726 0.00264901
-0.793376 0.608726 0.00264902
0.0462225 -0.713793 -0.69883
-0.64945 -0.76019 0.0180289
0.0646207 -0.695975 0.715152
0.760293 -0.649578 -0.00170379
BONE = 11
BONE_NAME = SpineUp03
PARENT_ID = 10
LOCALTM 
MAT 0.730804 0.660981 0.170357 0.0
MAT -0.66505 0.745709 -0.0403652 0.0
MAT -0.153719 -0.0837943 0.984558 0.0
MAT 0.283047 5.36442e-007 3.12924e-007 1.0
WORLDTM 
MAT -0.0515494 0.655636 -0.00759225 0.0
MAT -0.00855651 -0.0082852 -0.657599 0.0
MAT -0.65563 -0.051442 0.00917709 0.0
MAT 0.0503444 0.788455 0.0584307 1.0
VERTEX = 9
0.032742 0.973652 0.0606794
0.0324781 0.979873 0.0627964
0.0390494 0.98015 0.0628013
0.0393133 0.973929 0.0606843
0.0356226 0.975518 0.0647478
0.0355962 0.976141 0.0649594
0.0362533 0.976168 0.0649599
0.0362797 0.975546 0.0647482
0.035938 0.975843 0.0648538
INDEX = 14
4 5 7
6 7 5
1 2 5
6 5 2
0 1 4
5 4 1
7 6 3
2 3 6
4 7 0
3 0 7
8 1 0
8 2 1
8 3 2
8 0 3
FACE-NORMAL = 14
-0.0128606 0.321615 -0.946783
-0.0128606 0.321615 -0.946783
0.0212208 -0.487957 -0.87261
0.0212207 -0.487957 -0.87261
0.734031 0.246462 -0.632815
0.734031 0.246462 -0.632815
-0.751237 0.183836 -0.633914
-0.751237 0.183836 -0.633914
-0.0384274 0.918256 -0.394119
-0.0384274 0.918256 -0.394119
-0.697385 -0.257205 0.668954
-0.0192782 0.441459 0.897074
0.715572 -0.197627 0.67
0.037466 -0.896292 0.441879
BONE = 12
BONE_NAME = Neck01
PARENT_ID = 11
LOCALTM 
MAT 0.332536 0.942732 -0.0255481 0.0
MAT 0.0363211 0.0142654 0.999245 0.0
MAT 0.942395 -0.333217 -0.0294965 0.0
MAT 0.285622 -0.0130695 -0.000313252 1.0
WORLDTM 
MAT -0.00845844 0.211526 -0.622699 0.0
MAT -0.657129 -0.0277079 -0.000486493 0.0
MAT -0.0263899 0.622146 0.211697 0.0
MAT 0.035938 0.975843 0.0648538 1.0
VERTEX = 9
0.0283181 1.08356 -0.266962
0.0280635 1.08916 -0.2704
0.0346355 1.08941 -0.270479
0.0348901 1.08381 -0.26704
0.0311291 1.08791 -0.265741
0.0311036 1.08847 -0.266085
0.0317608 1.0885 -0.266093
0.0317863 1.08794 -0.265749
0.0314449 1.0882 -0.265917
INDEX = 14
4 5 7
6 7 5
1 2 5
6 5 2
0 1 4
5 4 1
7 6 3
2 3 6
4 7 0
3 0 7
8 1 0
8 2 1
8 3 2
8 0 3
FACE-NORMAL = 14
0.00970052 -0.522833 -0.85238
0.00970052 -0.522833 -0.85238
0.0352614 -0.982733 -0.181638
0.0352614 -0.982733 -0.181638
0.749194 -0.321457 -0.579115
0.749193 -0.321457 -0.579115
-0.73621 -0.378057 -0.561309
-0.73621 -0.378057 -0.561309
-0.0222833 0.28323 -0.958793
-0.0222833 0.28323 -0.958793
-0.713405 0.342777 0.611193
-0.0342307 0.971858 0.233066
0.699682 0.396621 0.594254
0.0205125 -0.232471 0.972387
BONE = 13
BONE_NAME = Neck02
PARENT_ID = 12
LOCALTM 
MAT 0.638733 0.0129639 -0.769291 0.0
MAT -0.0107341 0.999924 0.00792993 0.0
MAT 0.769345 0.0031851 0.63884 0.0
MAT 0.531189 0.0 0.0 1.0
WORLDTM 
MAT 0.00637993 -0.343862 -0.560601 0.0
MAT -0.657198 -0.0250428 0.00787642 0.0
MAT -0.0254594 0.5601 -0.343831 0.0
MAT 0.0314449 1.0882 -0.265917 1.0
VERTEX = 9
0.0311391 0.934312 -0.50765
0.0310165 0.935834 -0.514048
0.037587 0.936133 -0.514102
0.0377095 0.934611 -0.507705
0.0339017 0.938327 -0.509791
0.0338894 0.938479 -0.510431
0.0345464 0.938509 -0.510436
0.0345587 0.938357 -0.509796
0.034224 0.938418 -0.510113
INDEX = 14
4 5 7
6 7 5
1 2 5
6 5 2
0 1 4
5 4 1
7 6 3
2 3 6
4 7 0
3 0 7
8 1 0
8 2 1
8 3 2
8 0 3
FACE-NORMAL = 14
0.0422684 -0.971793 -0.232016
0.0422684 -0.971793 -0.232016
0.0421294 -0.822118 0.567757
0.0421294 -0.822118 0.567756
0.770779 -0.616321 -0.161396
0.770779 -0.616321 -0.161396
-0.714222 -0.68387 -0.149025
-0.714223 -0.683869 -0.149025
0.0144223 -0.478066 -0.878205
0.0144223 -0.478066 -0.878205
-0.736242 0.655032 0.169944
-0.043067 0.850808 -0.523709
0.676462 0.719291 0.158176
-0.016709 0.523509 0.851856
BONE = 14
BONE_NAME = Head
PARENT_ID = 13
LOCALTM 
MAT 0.70623 -0.00802063 -0.707866 0.0
MAT 0.00696929 1.0 -0.00437276 0.0
MAT 0.707916 -0.00183683 0.706315 0.0
MAT 0.435597 0.0 1.19209e-007 1.0
WORLDTM 
MAT 0.0277987 -0.63912 -0.15259 0.0
MAT -0.657043 -0.0298885 0.00547293 0.0
MAT -0.0122588 0.152228 -0.639726 0.0
MAT 0.034224 0.938418 -0.510113 1.0
VERTEX = 9
0.0358063 0.82652 -0.536031
0.0355422 0.83152 -0.540296
0.0421132 0.83182 -0.54035
0.0423773 0.82682 -0.536086
0.0385678 0.831036 -0.535472
0.0385414 0.831536 -0.535898
0.0391985 0.831566 -0.535904
0.0392249 0.831066 -0.535477
0.0388832 0.831301 -0.535688
INDEX = 14
4 5 7
6 7 5
1 2 5
6 5 2
0 1 4
5 4 1
7 6 3
2 3 6
4 7 0
3 0 7
8 1 0
8 2 1
8 3 2
8 0 3
FACE-NORMAL = 14
0.0232982 -0.64802 -0.761267
0.0232982 -0.64802 -0.761267
0.0454339 -0.998594 -0.0273122
0.0454339 -0.998594 -0.0273124
0.758076 -0.399549 -0.515443
0.758076 -0.399549 -0.515443
-0.726909 -0.467456 -0.503079
-0.726909 -0.467456 -0.503079
-0.0142621 0.131581 -0.991203
-0.0142621 0.131581 -0.991203
-0.722817 0.425918 0.544178
-0.0448694 0.9958 0.0798126
0.689872 0.49052 0.532416
0.0119204 -0.0793537 0.996775
BONE = 15
BONE_NAME = Jaw
PARENT_ID = 14
LOCALTM 
MAT 0.807285 -0.000170082 0.589976 0.0
MAT 0.000232335 1.00011 -5.34458e-005 0.0
MAT -0.590058 0.000168707 0.807364 0.0
MAT 0.167602 0.0 -2.38419e-007 1.0
WORLDTM 
MAT 0.0153209 -0.426137 -0.500608 0.0
MAT -0.657106 -0.0300483 0.00547225 0.0
MAT -0.026411 0.500016 -0.426453 0.0
MAT 0.0388832 0.831301 -0.535688 1.0
VERTEX = 9
-0.063258 0.972788 -0.537208
-0.0632154 0.97265 -0.527209
-0.0654905 0.962912 -0.527333
-0.065533 0.96305 -0.537332
-0.0691312 0.969481 -0.532728
-0.069127 0.969467 -0.531728
-0.0693545 0.968493 -0.531741
-0.0693588 0.968507 -0.532741
-0.0692429 0.968987 -0.532234
INDEX = 14
4 5 7
6 7 5
1 2 5
6 5 2
0 1 4
5 4 1
7 6 3
2 3 6
4 7 0
3 0 7
8 1 0
8 2 1
8 3 2
8 0 3
FACE-NORMAL = 14
0.97378 -0.227374 -0.00727813
0.97378 -0.227374 -0.00727813
0.648266 -0.141838 -0.748087
0.648266 -0.141838 -0.748087
0.482341 -0.87587 -0.0141028
0.482341 -0.87587 -0.0141028
0.820501 0.571628 0.00436477
0.820501 0.571628 0.00436478
0.654584 -0.162373 0.738346
0.654583 -0.162373 0.738346
-0.527716 0.849306 0.0139308
-0.685562 0.15101 0.712181
-0.84941 -0.527721 -0.00363764
-0.691572 0.170546 -0.701885
BONE = 16
BONE_NAME = Unit_Zerg_Hydralisk_Jaw_03
PARENT_ID = 14
LOCALTM 
MAT 0.401109 -1.4632 -0.0968158 0.0
MAT -1.42862 -0.412633 0.317809 0.0
MAT -0.332114 0.00716028 -1.48371 0.0
MAT -0.0440141 0.154746 0.046401 1.0
WORLDTM 
MAT 0.973726 -0.227362 -0.00727772 0.0
MAT 0.227508 0.973769 0.0124235 0.0
MAT 0.00425145 -0.0138143 0.999882 0.0
MAT -0.0692429 0.968987 -0.532234 1.0
VERTEX = 9
-0.0548334 1.11658 -0.210989
-0.0575643 1.12238 -0.203314
-0.0572782 1.11445 -0.197223
-0.0545474 1.10865 -0.204898
-0.0607413 1.11468 -0.205794
-0.0610144 1.11526 -0.205026
-0.0609858 1.11447 -0.204417
-0.0607127 1.11389 -0.205185
-0.0608635 1.11457 -0.205105
INDEX = 14
4 5 7
6 7 5
1 2 5
6 5 2
0 1 4
5 4 1
7 6 3
2 3 6
4 7 0
3 0 7
8 1 0
8 2 1
8 3 2
8 0 3
FACE-NORMAL = 14
0.96157 0.188269 0.199843
0.96157 0.188269 0.199843
0.846232 -0.305125 -0.436794
0.846232 -0.305125 -0.436794
0.664518 -0.463201 0.586397
0.664518 -0.463201 0.586397
0.621996 0.715086 -0.319018
0.621996 0.715086 -0.319018
0.440276 0.557028 0.704185
0.440275 0.557028 0.704186
-0.700159 0.427337 -0.571979
-0.873026 0.276958 0.401398
-0.659707 -0.693585 0.289356
-0.486835 -0.543222 -0.684033
BONE = 17
BONE_NAME = Karapis_Bone02
PARENT_ID = 13
LOCALTM 
MAT -0.394462 -1.46803 0.0283165 0.0
MAT 0.158867 -0.0135161 1.51211 0.0
MAT -1.45976 0.395286 0.156917 0.0
MAT -0.101137 0.139815 -0.00876164 1.0
WORLDTM 
MAT 0.961545 0.188264 0.199837 0.0
MAT -0.0286011 0.79264 -0.609076 0.0
MAT -0.273089 0.579947 0.767507 0.0
MAT -0.0608635 1.11457 -0.205105 1.0
VERTEX = 9
0.102579 1.1203 -0.213541
0.105146 1.12625 -0.205922
0.105432 1.11832 -0.199831
0.102865 1.11237 -0.20745
0.0990326 1.12008 -0.206269
0.0992892 1.12067 -0.205508
0.0993178 1.11988 -0.204898
0.0990612 1.11929 -0.20566
0.0991752 1.11998 -0.205584
INDEX = 14
4 5 7
6 7 5
1 2 5
6 5 2
0 1 4
5 4 1
7 6 3
2 3 6
4 7 0
3 0 7
8 1 0
8 2 1
8 3 2
8 0 3
FACE-NORMAL = 14
0.966091 -0.134506 -0.220399
0.966091 -0.134506 -0.220399
0.455534 -0.532043 -0.713736
0.455534 -0.532043 -0.713736
0.667536 -0.679123 0.305267
0.667536 -0.679123 0.305267
0.625026 0.499166 -0.600147
0.625026 0.499166 -0.600147
0.837025 0.352075 0.418847
0.837025 0.352075 0.418847
-0.70335 0.65557 -0.274821
-0.501669 0.515651 0.694573
-0.66291 -0.465353 0.586513
-0.864586 -0.325423 -0.382871
BONE = 18
BONE_NAME = Karapis_Bone01
PARENT_ID = 13
LOCALTM 
MAT 0.406813 -1.46386 -0.055835 0.0
MAT 0.158867 -0.0135203 1.51211 0.0
MAT -1.45638 -0.410415 0.149356 0.0
MAT -0.102455 -0.103635 -0.0107986 1.0
WORLDTM 
MAT 0.966062 -0.134502 -0.220392 0.0
MAT -0.0285983 0.792641 -0.609076 0.0
MAT 0.25663 0.594725 0.761862 0.0
MAT 0.0991752 1.11998 -0.205584 1.0
VERTEX = 9
-0.00257133 1.55387 -0.0619105
-0.00260701 1.55538 -0.052025
-0.00223716 1.5455 -0.050517
-0.00220148 1.54399 -0.0604024
-0.00741738 1.54992 -0.0567731
-0.00742095 1.55007 -0.0557846
-0.00738396 1.54908 -0.0556337
-0.00738039 1.54893 -0.0566223
-0.00740067 1.5495 -0.0562034
INDEX = 14
4 5 7
6 7 5
1 2 5
6 5 2
0 1 4
5 4 1
7 6 3
2 3 6
4 7 0
3 0 7
8 1 0
8 2 1
8 3 2
8 0 3
FACE-NORMAL = 14
0.999309 0.0371028 -0.00205928
0.999309 0.0371028 -0.00205928
0.671153 -0.0872458 -0.736167
0.671153 -0.0872458 -0.736167
0.695994 -0.709461 0.11071
0.695994 -0.709461 0.11071
0.641011 0.759098 -0.113465
0.641011 0.759098 -0.113465
0.665853 0.136888 0.733418
0.665853 0.136888 0.733418
-0.732772 0.672297 -0.105175
-0.709139 0.0803747 0.700473
-0.680465 -0.724765 0.108087
-0.704098 -0.132847 -0.697566
BONE = 19
BONE_NAME = Unit_Zerg_Hydralisk_Crest
PARENT_ID = 13
LOCALTM 
MAT -0.0120767 -1.52029 -0.00914676 0.0
MAT -0.59042 -0.00373502 1.40117 0.0
MAT -1.4011 0.0146974 -0.590337 0.0
MAT -0.639069 0.0361349 0.43287 1.0
WORLDTM 
MAT 0.999285 0.0371019 -0.00205923 0.0
MAT -0.0369852 0.987912 -0.150805 0.0
MAT -0.00356837 0.150768 0.988549 0.0
MAT -0.00740067 1.5495 -0.0562034 1.0
VERTEX = 9
0.0237935 0.82219 0.0660158
0.0237908 0.82238 0.0672598
0.0238334 0.821137 0.0674496
0.0238361 0.820947 0.0662057
0.0231827 0.821695 0.0666629
0.0231824 0.821714 0.0667873
0.0231867 0.82159 0.0668063
0.0231869 0.821571 0.0666819
0.0231847 0.821642 0.0667346
INDEX = 14
4 5 7
6 7 5
1 2 5
6 5 2
0 1 4
5 4 1
7 6 3
2 3 6
4 7 0
3 0 7
8 1 0
8 2 1
8 3 2
8 0 3
FACE-NORMAL = 14
0.999425 0.0337711 -0.00298834
0.999425 0.0337711 -0.00298834
0.670175 -0.0895277 -0.736784
0.670175 -0.0895277 -0.736784
0.693728 -0.711771 0.11011
0.693728 -0.711771 0.11011
0.643433 0.75695 -0.114108
0.643433 0.75695 -0.114108
0.666986 0.134712 0.732791
0.666986 0.134712 0.732791
-0.730624 0.67473 -0.104538
-0.708217 0.0827811 0.701125
-0.682777 -0.722486 0.108764
-0.705184 -0.130541 -0.696904
BONE = 20
BONE_NAME = Spikes
PARENT_ID = 13
LOCALTM 
MAT -0.00103473 -0.191312 -0.00160177 0.0
MAT -0.0742983 -0.00107378 0.176319 0.0
MAT -0.176316 0.00157754 -0.0742857 0.0
MAT -0.219352 0.0340342 -0.609062 1.0
WORLDTM 
MAT 0.125764 0.00424963 -0.00037604 0.0
MAT -0.00425732 0.124332 -0.0189807 0.0
MAT -0.00027037 0.0189815 0.124397 0.0
MAT 0.0231847 0.821642 0.0667346 1.0
VERTEX = 9
0.0316485 1.05391 -0.558143
0.031627 1.05542 -0.548258
0.0319653 1.04554 -0.546749
0.0319868 1.04403 -0.556635
0.026794 1.04997 -0.553001
0.0267919 1.05013 -0.552013
0.0268257 1.04914 -0.551862
0.0268278 1.04899 -0.55285
0.0268099 1.04956 -0.552431
INDEX = 14
4 5 7
6 7 5
1 2 5
6 5 2
0 1 4
5 4 1
7 6 3
2 3 6
4 7 0
3 0 7
8 1 0
8 2 1
8 3 2
8 0 3
FACE-NORMAL = 14
0.999425 0.0337711 -0.00298774
0.999425 0.0337711 -0.00298774
0.670176 -0.0895505 -0.73678
0.670176 -0.0895505 -0.73678
0.693728 -0.711767 0.110132
0.693728 -0.711767 0.110132
0.643433 0.756947 -0.114129
0.643433 0.756947 -0.114129
0.666985 0.134735 0.732788
0.666984 0.134735 0.732788
-0.730624 0.674727 -0.104559
-0.708218 0.0828028 0.701121
-0.682777 -0.722483 0.108784
-0.705182 -0.130563 -0.696901
BONE = 21
BONE_NAME = Ref_Head
PARENT_ID = 13
LOCALTM 
MAT -0.00822334 -1.52029 -0.0127293 0.0
MAT -0.590381 -0.00853344 1.40116 0.0
MAT -1.40114 0.0125365 -0.590279 0.0
MAT 0.401987 0.00406067 0.177972 1.0
WORLDTM 
MAT 0.999401 0.0337702 -0.00298767 0.0
MAT -0.0338313 0.988015 -0.150862 0.0
MAT -0.00215001 0.15087 0.988537 0.0
MAT 0.0268099 1.04956 -0.552431 1.0
VERTEX = 9
-0.00184622 1.62616 0.680194
-0.00211807 1.63383 0.67379
-0.00233802 1.64023 0.68147
-0.00206616 1.63256 0.687874
-0.00706434 1.63232 0.680771
-0.00709153 1.63308 0.68013
-0.00711352 1.63372 0.680898
-0.00708634 1.63296 0.681539
-0.00708893 1.63302 0.680834
INDEX = 14
4 5 7
6 7 5
1 2 5
6 5 2
0 1 4
5 4 1
7 6 3
2 3 6
4 7 0
3 0 7
8 1 0
8 2 1
8 3 2
8 0 3
FACE-NORMAL = 14
0.999388 0.034967 -0.000508004
0.999388 0.034967 -0.000508004
0.688761 -0.547125 0.475671
0.688761 -0.547125 0.475671
0.652204 0.49913 0.570525
0.652205 0.49913 0.570525
0.684907 -0.452351 -0.57121
0.684907 -0.452351 -0.57121
0.64835 0.593911 -0.476353
0.64835 0.593911 -0.476353
-0.691119 -0.477302 -0.542713
-0.725896 0.518016 -0.452477
-0.72223 0.427856 0.543437
-0.687453 -0.567469 0.453197
BONE = 22
BONE_NAME = HitTestFuzzy01
PARENT_ID = 13
LOCALTM 
MAT -0.0123883 -1.52025 -0.0131497 0.0
MAT 1.50452 -0.0103563 -0.219539 0.0
MAT 0.219441 -0.0147856 1.50446 0.0
MAT -1.66068 0.0442495 -0.0448507 1.0
WORLDTM 
MAT 0.999363 0.0349661 -0.000507992 0.0
MAT 0.0219942 -0.640051 -0.768033 0.0
MAT -0.0271857 0.767563 -0.640417 0.0
MAT -0.00708893 1.63302 0.680834 1.0
VERTEX = 9
-0.131279 1.38761 -0.00769566
-0.131332 1.38007 -0.00113215
-0.131601 1.37351 -0.00867485
-0.131548 1.38105 -0.0152384
-0.136422 1.38137 -0.008052
-0.136427 1.38062 -0.00739565
-0.136454 1.37996 -0.00814992
-0.136449 1.38072 -0.00880627
-0.136438 1.38067 -0.00810096
INDEX = 14
4 5 7
6 7 5
1 2 5
6 5 2
0 1 4
5 4 1
7 6 3
2 3 6
4 7 0
3 0 7
8 1 0
8 2 1
8 3 2
8 0 3
FACE-NORMAL = 14
0.999624 -0.0216209 -0.0168603
0.999624 -0.0216209 -0.0168603
0.67262 0.546307 -0.499131
0.67262 0.546306 -0.499131
0.648707 -0.502083 -0.571919
0.648707 -0.502083 -0.571919
0.688719 0.473152 0.549357
0.688719 0.473152 0.549357
0.664807 -0.575242 0.47658
0.664806 -0.575242 0.47658
-0.687809 0.479168 0.545267
-0.710557 -0.518181 0.476023
-0.725873 -0.448588 -0.521419
-0.703125 0.548765 -0.452186
BONE = 23
BONE_NAME = Ref_Weapon Right
PARENT_ID = 13
LOCALTM 
MAT 0.0537904 -1.51764 -0.0734332 0.0
MAT -1.49866 -0.0651276 0.248289 0.0
MAT -0.250991 0.0636127 -1.49825 0.0
MAT -0.569104 0.242814 0.183628 1.0
WORLDTM 
MAT 0.999603 -0.0216204 -0.0168599 0.0
MAT 0.026919 0.656031 0.75427 0.0
MAT -0.00526294 -0.754454 0.65635 0.0
MAT -0.136438 1.38067 -0.00810096 1.0
VERTEX = 9
0.135335 1.3529 -0.00563144
0.135935 1.34808 0.00311037
0.136006 1.33932 -0.00172069
0.135406 1.34414 -0.0104625
0.130646 1.34661 -0.00362581
0.130706 1.34613 -0.00275163
0.130713 1.34526 -0.00323474
0.130653 1.34574 -0.00410892
0.13068 1.34593 -0.00343028
INDEX = 14
4 5 7
6 7 5
1 2 5
6 5 2
0 1 4
5 4 1
7 6 3
2 3 6
4 7 0
3 0 7
8 1 0
8 2 1
8 3 2
8 0 3
FACE-NORMAL = 14
0.998172 0.0351619 -0.0491585
0.998172 0.0351619 -0.0491585
0.623128 0.3817 -0.682654
0.623129 0.3817 -0.682653
0.672979 -0.627264 -0.391967
0.672979 -0.627264 -0.391967
0.662505 0.674304 0.326194
0.662504 0.674304 0.326194
0.712356 -0.33466 0.616889
0.712356 -0.33466 0.616889
-0.710797 0.59424 0.37636
-0.663372 -0.365603 0.652895
-0.700831 -0.643961 -0.306837
-0.748256 0.31588 -0.58338
BONE = 24
BONE_NAME = Ref_Weapon Left
PARENT_ID = 13
LOCALTM 
MAT 0.0504901 -1.5193 0.0258436 0.0
MAT -1.32224 -0.0311767 0.750071 0.0
MAT -0.749019 -0.0473686 -1.32232 0.0
MAT -0.543606 -0.160893 0.119222 1.0
WORLDTM 
MAT 0.998147 0.035161 -0.0491573 0.0
MAT -0.00704288 0.875562 0.483105 0.0
MAT 0.0600172 -0.481883 0.874181 0.0
MAT 0.13068 1.34593 -0.00343028 1.0
VERTEX = 9
-0.00887694 1.40573 -0.156428
-0.00882913 1.40587 -0.149853
-0.00910302 1.3993 -0.149711
-0.00915083 1.39916 -0.156286
-0.0122642 1.40297 -0.153385
-0.0122594 1.40299 -0.152727
-0.0122868 1.40233 -0.152713
-0.0122916 1.40231 -0.15337
-0.0122755 1.40265 -0.153049
INDEX = 14
4 5 7
6 7 5
1 2 5
6 5 2
0 1 4
5 4 1
7 6 3
2 3 6
4 7 0
3 0 7
8 1 0
8 2 1
8 3 2
8 0 3
FACE-NORMAL = 14
0.999106 -0.0417789 -0.00638297
0.999106 -0.0417789 -0.00638297
0.662961 -0.0437654 -0.747373
0.662961 -0.0437654 -0.747373
0.637418 -0.770428 0.0117615
0.637419 -0.770428 0.0117615
0.699315 0.714525 -0.0203013
0.699315 0.714525 -0.0203013
0.673773 -0.0121316 0.738839
0.673773 -0.0121316 0.738839
-0.677033 0.735874 -0.0107375
-0.701332 0.0445889 0.711439
-0.735916 -0.676784 0.0197643
-0.711618 0.0144952 -0.702417
BONE = 25
BONE_NAME = Ref_Weapon
PARENT_ID = 13
LOCALTM 
MAT 0.0369812 -0.996744 -0.07092 0.0
MAT -0.503488 -0.0798914 0.860343 0.0
MAT -0.86324 0.00390093 -0.504807 0.0
MAT -0.39689 0.0502761 0.319997 1.0
WORLDTM 
MAT 0.6571 -0.0274774 -0.004198 0.0
MAT 0.0273884 0.657009 -0.014186 0.0
MAT 0.004781 0.0139956 0.657533 0.0
MAT -0.0122755 1.40265 -0.153049 1.0
VERTEX = 9
0.0270678 1.1315 0.0131852
0.0270486 1.14229 0.0278855
0.026451 1.13299 0.0346949
0.0264702 1.12221 0.0199946
0.021797 1.13238 0.0227092
0.0217951 1.13346 0.0241793
0.0217354 1.13253 0.0248602
0.0217373 1.13145 0.0233902
0.0217662 1.13245 0.0237847
INDEX = 14
4 5 7
6 7 5
1 2 5
6 5 2
0 1 4
5 4 1
7 6 3
2 3 6
4 7 0
3 0 7
8 1 0
8 2 1
8 3 2
8 0 3
FACE-NORMAL = 14
0.99866 -0.0413926 0.0310603
0.99866 -0.0413926 0.0310603
0.668685 -0.467335 -0.578323
0.668685 -0.467335 -0.578323
0.629582 -0.626492 0.459493
0.629583 -0.626492 0.459493
0.706552 0.57108 -0.417913
0.706552 0.57108 -0.417913
0.667452 0.412174 0.620178
0.667452 0.412174 0.620178
-0.669549 0.598918 -0.439319
-0.706727 0.447509 0.547971
-0.742768 -0.54035 0.395371
-0.705591 -0.38918 -0.592182
BONE = 26
BONE_NAME = Vol_Target
PARENT_ID = 13
LOCALTM 
MAT 0.00738757 -1.51415 -0.137065 0.0
MAT 0.144582 -0.156982 1.74112 0.0
MAT -2.76281 -0.0327477 0.228442 0.0
MAT -0.410782 0.0174185 -0.172409 1.0
WORLDTM 
MAT 0.998634 -0.0413915 0.0310595 0.0
MAT 0.0597626 0.929417 -0.680941 0.0
MAT -0.00192083 1.0788 1.47003 0.0
MAT 0.0217662 1.13245 0.0237847 1.0
VERTEX = 9
0.0294745 0.986443 0.0448901
0.0305091 0.990751 0.0400293
0.0303976 0.985842 0.0356541
0.029363 0.981533 0.0405149
0.033137 0.985787 0.0410835
0.0332405 0.986218 0.0405974
0.0332293 0.985727 0.0401599
0.0331259 0.985296 0.040646
0.0331832 0.985757 0.0406217
INDEX = 14
4 5 7
6 7 5
1 2 5
6 5 2
0 1 4
5 4 1
7 6 3
2 3 6
4 7 0
3 0 7
8 1 0
8 2 1
8 3 2
8 0 3
FACE-NORMAL = 14
-0.987406 0.117161 -0.106314
-0.987406 0.117161 -0.106314
-0.777458 -0.408506 0.478208
-0.777458 -0.408506 0.478208
-0.673139 -0.476459 -0.565571
-0.673139 -0.476459 -0.565571
-0.647941 0.633216 0.423333
-0.64794 0.633216 0.423333
-0.543622 0.56526 -0.620449
-0.543622 0.56526 -0.620449
0.710187 0.444978 0.545553
0.809427 0.380333 -0.447409
0.686216 -0.610672 -0.395205
0.586976 -0.546025 0.597759
BONE = 27
BONE_NAME = ShoulderRt
PARENT_ID = 11
LOCALTM 
MAT 0.195409 0.117662 0.973626 0.0
MAT 0.735112 -0.674736 -0.0659997 0.0
MAT 0.649182 0.728628 -0.218348 0.0
MAT 0.301401 0.0236324 0.00216888 1.0
WORLDTM 
MAT -0.649418 0.0770571 -0.0699228 0.0
MAT 0.0111502 0.490951 0.437518 0.0
MAT 0.103456 0.430822 -0.486077 0.0
MAT 0.0331832 0.985757 0.0406217 1.0
VERTEX = 9
-0.398042 1.03418 -0.000852128
-0.401176 1.03419 -0.00663431
-0.395525 1.03279 -0.00969773
-0.392391 1.03279 -0.00391555
-0.396297 1.03677 -0.00516435
-0.39661 1.03677 -0.00574257
-0.396045 1.03663 -0.00604891
-0.395732 1.03663 -0.00547069
-0.396171 1.0367 -0.00560663
INDEX = 14
4 5 7
6 7 5
1 2 5
6 5 2
0 1 4
5 4 1
7 6 3
2 3 6
4 7 0
3 0 7
8 1 0
8 2 1
8 3 2
8 0 3
FACE-NORMAL = 14
-0.186317 -0.977298 0.100866
-0.186317 -0.977298 0.100866
0.229591 -0.653869 0.720932
0.229591 -0.653869 0.720932
0.51397 -0.81126 -0.278732
0.51397 -0.81126 -0.278732
-0.763253 -0.496295 0.413686
-0.763253 -0.496295 0.413686
-0.478871 -0.653688 -0.585982
-0.478871 -0.653688 -0.585982
-0.475773 0.840869 0.25803
-0.205239 0.69114 -0.692966
0.739269 0.541238 -0.400678
0.468731 0.690968 0.550321
BONE = 28
BONE_NAME = ArmRT
PARENT_ID = 27
LOCALTM 
MAT 0.0587416 -0.665574 -0.744014 0.0
MAT 0.82365 0.453431 -0.340582 0.0
MAT 0.564051 -0.592803 0.574839 0.0
MAT 0.661136 0.0 -4.76837e-007 1.0
WORLDTM 
MAT -0.122542 -0.642775 0.0663402 0.0
MAT -0.565073 0.13935 0.306342 0.0
MAT -0.313445 8.06078e-005 -0.578218 0.0
MAT -0.396171 1.0367 -0.00560663 1.0
VERTEX = 9
-0.484954 0.597121 0.0369418
-0.481041 0.602228 0.0383078
-0.4758 0.598703 0.0364762
-0.479712 0.593595 0.0351103
-0.480489 0.596744 0.0398161
-0.480098 0.597254 0.0399527
-0.479574 0.596902 0.0397696
-0.479965 0.596391 0.039633
-0.480032 0.596823 0.0397928
INDEX = 14
4 5 7
6 7 5
1 2 5
6 5 2
0 1 4
5 4 1
7 6 3
2 3 6
4 7 0
3 0 7
8 1 0
8 2 1
8 3 2
8 0 3
FACE-NORMAL = 14
-0.104944 0.331155 -0.937722
-0.104944 0.331155 -0.937722
-0.512335 -0.355681 -0.781667
-0.512335 -0.355681 -0.781668
0.522181 -0.176869 -0.834293
0.522181 -0.176869 -0.834293
-0.662588 0.61993 -0.420314
-0.662588 0.61993 -0.420314
0.371931 0.798747 -0.472938
0.371931 0.798747 -0.472938
-0.489338 0.144842 0.859982
0.494813 0.314948 0.809919
0.63775 -0.613165 0.466158
-0.346403 -0.783277 0.51622
BONE = 29
BONE_NAME = ForeArmRt
PARENT_ID = 28
LOCALTM 
MAT -0.398677 -0.276448 0.874449 0.0
MAT -0.347234 0.927992 0.135062 0.0
MAT -0.848808 -0.249798 -0.465958 0.0
MAT 0.684344 0.0 0.0 1.0
WORLDTM 
MAT -0.0690237 0.217807 -0.616758 0.0
MAT -0.524166 0.35252 0.183152 0.0
MAT 0.391221 0.510746 0.136592 0.0
MAT -0.480032 0.596823 0.0397928 1.0
VERTEX = 9
-0.54513 0.791672 -0.522938
-0.547909 0.794516 -0.528177
-0.54197 0.795333 -0.530883
-0.539192 0.792488 -0.525644
-0.543448 0.796256 -0.525057
-0.543726 0.79654 -0.525581
-0.543132 0.796622 -0.525851
-0.542854 0.796338 -0.525327
-0.54329 0.796439 -0.525454
INDEX = 14
4 5 7
6 7 5
1 2 5
6 5 2
0 1 4
5 4 1
7 6 3
2 3 6
4 7 0
3 0 7
8 1 0
8 2 1
8 3 2
8 0 3
FACE-NORMAL = 14
-0.0790492 -0.893039 -0.442981
-0.0790492 -0.893039 -0.442981
0.261106 -0.918889 0.295749
0.261106 -0.918889 0.295749
0.618272 -0.505128 -0.60215
0.618272 -0.505128 -0.60215
-0.724037 -0.689696 0.00947465
-0.724037 -0.689696 0.00947477
-0.366859 -0.275945 -0.888408
-0.366859 -0.275944 -0.888408
-0.582582 0.543683 0.604158
-0.242804 0.937301 -0.250026
0.694377 0.719266 0.02231
0.354588 0.325657 0.876479
BONE = 30
BONE_NAME = HandRt
PARENT_ID = 29
LOCALTM 
MAT 0.127947 -0.53903 -0.832527 0.0
MAT -0.332156 0.767649 -0.548064 0.0
MAT 0.934498 0.346649 -0.080843 0.0
MAT 0.916481 0.0 5.06639e-007 1.0
WORLDTM 
MAT -0.0519915 -0.587361 -0.291353 0.0
MAT -0.593863 -0.0816558 0.270595 0.0
MAT -0.277832 0.284451 -0.523912 0.0
MAT -0.54329 0.796439 -0.525454 1.0
VERTEX = 9
-0.76834 0.104639 -0.927491
-0.769114 0.0976006 -0.920429
-0.77207 0.0909983 -0.927333
-0.771297 0.0980362 -0.934395
-0.772329 0.099136 -0.927038
-0.772406 0.0984322 -0.926332
-0.772702 0.0977719 -0.927022
-0.772624 0.0984757 -0.927729
-0.772515 0.0984539 -0.92703
INDEX = 14
4 5 7
6 7 5
1 2 5
6 5 2
0 1 4
5 4 1
7 6 3
2 3 6
4 7 0
3 0 7
8 1 0
8 2 1
8 3 2
8 0 3
FACE-NORMAL = 14
0.952175 -0.261958 -0.157294
0.952175 -0.261958 -0.157294
0.694347 0.347824 -0.630001
0.694347 0.347824 -0.630001
0.417206 -0.665985 -0.618387
0.417207 -0.665985 -0.618387
0.856745 0.315525 0.40796
0.856745 0.315525 0.40796
0.579575 -0.698501 0.419749
0.579574 -0.698501 0.419749
-0.464222 0.652084 0.599403
-0.727858 -0.31237 0.610449
-0.882365 -0.28164 -0.376976
-0.6187 0.683022 -0.38819
BONE = 31
BONE_NAME = HitTestFuzzy02
PARENT_ID = 30
LOCALTM 
MAT 0.168459 -0.658012 -0.287868 0.0
MAT -1.39697 -0.0986453 -0.59184 0.0
MAT 0.48933 0.68082 -1.26836 0.0
MAT 1.24574 0.195255 0.174574 1.0
WORLDTM 
MAT 0.461989 -0.1271 -0.0763183 0.0
MAT 0.295644 0.660232 0.690391 0.0
MAT -0.0773652 -0.703791 0.706166 0.0
MAT -0.772515 0.0984539 -0.92703 1.0
VERTEX = 9
0.0375129 0.98207 0.0402993
0.0355255 0.986028 0.0354368
0.0351092 0.991034 0.0396819
0.0370966 0.987076 0.0445444
0.0333034 0.985308 0.0406526
0.0331046 0.985704 0.0401663
0.033063 0.986205 0.0405908
0.0332617 0.985809 0.0410771
0.0331832 0.985757 0.0406217
INDEX = 14
4 5 7
6 7 5
1 2 5
6 5 2
0 1 4
5 4 1
7 6 3
2 3 6
4 7 0
3 0 7
8 1 0
8 2 1
8 3 2
8 0 3
FACE-NORMAL = 14
0.951154 0.241824 -0.191906
0.951154 0.241824 -0.191906
0.860883 -0.285516 0.421143
0.860883 -0.285516 0.421143
0.58924 0.727551 0.351378
0.58924 0.727551 0.351378
0.683337 -0.404008 -0.608135
0.683337 -0.404008 -0.608135
0.411693 0.609063 -0.677902
0.411693 0.609063 -0.677902
-0.627809 -0.709229 -0.320701
-0.886227 0.254516 -0.38707
-0.717325 0.367239 0.592098
-0.458906 -0.59651 0.658468
BONE = 32
BONE_NAME = ShoulderLft
PARENT_ID = 11
LOCALTM 
MAT 0.16873 0.176454 -0.969727 0.0
MAT -0.756304 0.65411 -0.0125688 0.0
MAT 0.632096 0.735538 0.243825 0.0
MAT 0.301401 0.0236324 0.00216886 1.0
WORLDTM 
MAT 0.625574 0.159048 -0.126216 0.0
MAT 0.0416306 -0.500633 -0.424515 0.0
MAT -0.198737 0.395788 -0.48625 0.0
MAT 0.0331832 0.985757 0.0406217 1.0
VERTEX = 9
0.398989 1.07385 -0.0310918
0.398375 1.07534 -0.0374674
0.404054 1.07865 -0.0372384
0.404668 1.07716 -0.0308628
0.399638 1.07875 -0.0330582
0.399577 1.0789 -0.0336958
0.400144 1.07923 -0.0336729
0.400206 1.07908 -0.0330353
0.399891 1.07899 -0.0333656
INDEX = 14
4 5 7
6 7 5
1 2 5
6 5 2
0 1 4
5 4 1
7 6 3
2 3 6
4 7 0
3 0 7
8 1 0
8 2 1
8 3 2
8 0 3
FACE-NORMAL = 14
0.495784 -0.833721 -0.243122
0.495784 -0.833721 -0.243122
0.40106 -0.726582 0.55788
0.40106 -0.726582 0.557879
0.973435 -0.183631 -0.136765
0.973435 -0.183631 -0.136765
-0.310104 -0.931825 -0.188515
-0.310105 -0.931825 -0.188515
0.262262 -0.388875 -0.883173
0.262262 -0.388874 -0.883173
-0.9611 0.233644 0.147298
-0.416592 0.75016 -0.513528
0.25995 0.945411 0.196528
-0.284551 0.428896 0.857368
BONE = 33
BONE_NAME = ArmLft
PARENT_ID = 32
LOCALTM 
MAT 0.31661 0.822914 -0.47177 0.0
MAT -0.936273 0.350917 -0.0162475 0.0
MAT 0.152161 0.446838 0.881575 0.0
MAT 0.586194 0.0 0.0 1.0
WORLDTM 
MAT 0.32608 -0.548342 -0.159903 0.0
MAT -0.56787 -0.331023 -0.022896 0.0
MAT -0.061411 0.149416 -0.63756 0.0
MAT 0.399891 1.07899 -0.0333656 1.0
VERTEX = 9
0.631813 0.683346 -0.152769
0.628103 0.686872 -0.148638
0.632793 0.691475 -0.148356
0.636502 0.687949 -0.152486
0.633623 0.685452 -0.148228
0.633252 0.685804 -0.147815
0.633721 0.686265 -0.147786
0.634092 0.685912 -0.148199
0.633672 0.685858 -0.148007
INDEX = 14
4 5 7
6 7 5
1 2 5
6 5 2
0 1 4
5 4 1
7 6 3
2 3 6
4 7 0
3 0 7
8 1 0
8 2 1
8 3 2
8 0 3
FACE-NORMAL = 14
-0.416498 0.472013 -0.777003
-0.416498 0.472013 -0.777003
0.140623 -0.0827166 -0.986602
0.140623 -0.0827165 -0.986602
0.251363 0.835944 -0.487867
0.251363 0.835944 -0.487867
-0.808599 -0.204415 -0.551708
-0.808599 -0.204415 -0.551708
-0.697883 0.714251 -0.0529563
-0.697883 0.714251 -0.0529561
-0.209675 -0.828623 0.519058
-0.104327 0.0453137 0.99351
0.798683 0.161087 0.57979
0.693358 -0.712855 0.105321
BONE = 34
BONE_NAME = ForeArmLft
PARENT_ID = 33
LOCALTM 
MAT -0.4111 0.149076 0.899311 0.0
MAT 0.240389 0.96935 -0.0507943 0.0
MAT -0.879297 0.195335 -0.434383 0.0
MAT 0.716945 1.19209e-007 -1.78814e-007 1.0
WORLDTM 
