EXPORTER_V17
ANIMATION_EXPORT
BONEOBJECT_COUNT = 45
VERTEX = 9
-0.00521143 0.516547 -0.123951
-0.00521142 0.520078 -0.129499
0.00136498 0.520157 -0.129449
0.00136497 0.516625 -0.123901
-0.00229874 0.520945 -0.124659
-0.00229874 0.521298 -0.125214
-0.0016411 0.521306 -0.125209
-0.0016411 0.520953 -0.124654
-0.00196992 0.521126 -0.124934
INDEX = 14
4 5 7
6 7 5
1 2 5
6 5 2
0 1 4
5 4 1
7 6 3
2 3 6
4 7 0
3 0 7
8 1 0
8 2 1
8 3 2
8 0 3
FACE-NORMAL = 14
0.0141991 -0.843541 -0.536877
0.0141991 -0.843541 -0.536877
0.00949824 -0.963397 0.26791
0.00949824 -0.963397 0.26791
0.752718 -0.555396 -0.353485
0.752718 -0.555396 -0.353485
-0.73372 -0.573203 -0.364819
-0.733721 -0.573203 -0.364819
0.00949916 -0.165201 -0.986214
0.00949915 -0.165201 -0.986214
-0.717076 0.588003 0.374238
-0.0100398 0.976141 -0.216904
0.696995 0.604943 0.385021
-0.0100407 0.216806 0.976163
BONE = 0
BONE_NAME = Root
PARENT_ID = -1
LOCALTM 
MAT 0.00933884 -0.554802 -0.353107 0.0
MAT -0.65764 -0.00787827 -0.00501466 0.0
MAT 4.04274e-007 0.353143 -0.554858 0.0
MAT -0.00196992 0.521126 -0.124934 1.0
WORLDTM 
MAT 0.00933884 -0.554802 -0.353107 0.0
MAT -0.65764 -0.00787827 -0.00501466 0.0
MAT 4.04274e-007 0.353143 -0.554858 0.0
MAT -0.00196992 0.521126 -0.124934 1.0
VERTEX = 9
0.00283052 0.425164 -0.180935
-0.00374611 0.425238 -0.180921
-0.0037461 0.426483 -0.187379
0.00283052 0.426409 -0.187394
-9.12312e-005 0.428986 -0.183213
-0.000748894 0.428994 -0.183211
-0.000748894 0.429118 -0.183857
-9.1231e-005 0.429111 -0.183859
-0.000420063 0.429052 -0.183535
INDEX = 14
4 5 7
6 7 5
1 2 5
6 5 2
0 1 4
5 4 1
7 6 3
2 3 6
4 7 0
3 0 7
8 1 0
8 2 1
8 3 2
8 0 3
FACE-NORMAL = 14
-0.0114728 -0.981854 -0.189289
-0.0114728 -0.981854 -0.189289
0.73557 -0.665199 -0.128241
0.73557 -0.6652 -0.128241
-0.00767463 -0.51612 -0.856482
-0.00767463 -0.51612 -0.856482
-0.0076751 -0.797532 0.603227
-0.0076751 -0.797532 0.603227
-0.75092 -0.648453 -0.125013
-0.75092 -0.648453 -0.125013
0.00811223 0.56042 0.828169
-0.698948 0.702242 0.135383
0.00811268 0.828132 -0.560474
0.715173 0.68631 0.132312
BONE = 1
BONE_NAME = Tail01
PARENT_ID = 0
LOCALTM 
MAT 0.929696 0.0246759 -0.3675 0.0
MAT -0.367487 -0.00521876 -0.930014 0.0
MAT -0.0248666 0.999682 0.00421618 0.0
MAT 0.165957 0.0 -1.19209e-007 1.0
WORLDTM 
MAT -0.0075457 -0.645772 -0.124496 0.0
MAT -2.08616e-007 -0.124504 0.645814 0.0
MAT -0.657663 0.00740919 0.00142813 0.0
MAT -0.000420063 0.429052 -0.183535 1.0
VERTEX = 9
0.000132512 0.219408 -0.219122
-0.00642641 0.219684 -0.219525
-0.00635625 0.21485 -0.223984
0.000202671 0.214574 -0.223581
-0.00254587 0.219582 -0.223719
-0.00320176 0.21961 -0.223759
-0.00319475 0.219127 -0.224205
-0.00253885 0.219099 -0.224165
-0.00287031 0.219354 -0.223962
INDEX = 14
4 5 7
6 7 5
1 2 5
6 5 2
0 1 4
5 4 1
7 6 3
2 3 6
4 7 0
3 0 7
8 1 0
8 2 1
8 3 2
8 0 3
FACE-NORMAL = 14
-0.0734547 -0.676784 0.732508
-0.0734547 -0.676784 0.732508
0.692105 -0.483954 0.535518
0.692105 -0.483954 0.535518
-0.0412096 -0.999053 -0.0139317
-0.0412096 -0.999053 -0.0139315
-0.0570675 0.0935646 0.993976
-0.0570675 0.0935648 0.993976
-0.790382 -0.421535 0.444527
-0.790382 -0.421535 0.444527
0.0443974 0.99827 -0.0385427
-0.653216 0.508248 -0.561242
0.0594832 -0.0411537 -0.997381
0.757096 0.448868 -0.474681
BONE = 2
BONE_NAME = Tail02
PARENT_ID = 1
LOCALTM 
MAT 0.526691 0.84738 0.0674163 0.0
MAT -0.849862 0.526608 0.0204187 0.0
MAT -0.0181992 -0.068049 0.997516 0.0
MAT 0.324725 0.0 0.0 1.0
WORLDTM 
MAT -0.0483116 -0.445125 0.481775 0.0
MAT -0.00701594 0.483403 0.445925 0.0
MAT -0.655892 0.0276157 -0.0402567 0.0
MAT -0.00287031 0.219354 -0.223962 1.0
VERTEX = 9
-0.0175344 0.054697 -0.039229
-0.0240832 0.0547264 -0.0386205
-0.0240832 0.0481569 -0.0383036
-0.0175344 0.0481276 -0.038912
-0.0207859 0.0515962 -0.0420831
-0.0214408 0.0515991 -0.0420223
-0.0214408 0.0509422 -0.0419906
-0.0207859 0.0509393 -0.0420514
-0.0211133 0.0512692 -0.0420368
INDEX = 14
4 5 7
6 7 5
1 2 5
6 5 2
0 1 4
5 4 1
7 6 3
2 3 6
4 7 0
3 0 7
8 1 0
8 2 1
8 3 2
8 0 3
FACE-NORMAL = 14
0.0926137 0.0479879 0.994545
0.0926137 0.0479879 0.994545
0.802054 0.0287889 0.596557
0.802054 0.0287889 0.596557
0.0619583 -0.710328 0.701139
0.0619583 -0.710328 0.701139
0.0619524 0.774533 0.629493
0.0619524 0.774533 0.629492
-0.678145 0.0354156 0.734075
-0.678145 0.0354156 0.734074
-0.0654906 0.672352 -0.737329
-0.769555 -0.0307806 -0.637838
-0.065485 -0.740218 -0.669171
0.638581 -0.0370846 -0.768661
BONE = 3
BONE_NAME = Tail03
PARENT_ID = 2
LOCALTM 
MAT 0.689232 0.708584 -0.151217 0.0
MAT -0.7113 0.701454 0.0448936 0.0
MAT 0.137882 0.0766167 0.98748 0.0
MAT 0.377614 0.0 -1.56462e-007 1.0
WORLDTM 
MAT 0.0609126 0.0315619 0.654118 0.0
MAT -2.6226e-006 0.656942 -0.0316983 0.0
MAT -0.654879 0.0029318 0.060841 0.0
MAT -0.0211133 0.0512692 -0.0420368 1.0
VERTEX = 9
0.0110882 0.0696244 0.265929
0.00458406 0.0697464 0.266898
0.00458407 0.0632209 0.267719
0.0110882 0.0630989 0.26675
0.00767296 0.0663366 0.263508
0.00702254 0.0663488 0.263605
0.00702254 0.0656962 0.263687
0.00767296 0.065684 0.26359
0.00734775 0.0660164 0.263597
INDEX = 14
4 5 7
6 7 5
1 2 5
6 5 2
0 1 4
5 4 1
7 6 3
2 3 6
4 7 0
3 0 7
8 1 0
8 2 1
8 3 2
8 0 3
FACE-NORMAL = 14
0.148509 0.12354 0.981164
0.148509 0.12354 0.981164
0.834398 0.0688566 0.546845
0.834397 0.0688566 0.546845
0.099348 -0.654828 0.74922
0.099348 -0.654828 0.74922
0.0993464 0.820115 0.563509
0.0993463 0.820115 0.563508
-0.635706 0.0964311 0.765884
-0.635707 0.0964311 0.765884
-0.105012 0.614212 -0.782123
-0.804276 -0.0742399 -0.5896
-0.105011 -0.788923 -0.605453
0.594256 -0.100472 -0.797976
BONE = 4
BONE_NAME = Tail04
PARENT_ID = 3
LOCALTM 
MAT 0.995495 0.0761087 -0.0565558 0.0
MAT -0.0766305 0.997033 -0.00713057 0.0
MAT 0.0558425 0.0114317 0.998374 0.0
MAT 0.467247 0.0 1.546e-007 1.0
WORLDTM 
MAT 0.0976752 0.0812529 0.645318 0.0
MAT -7.15256e-007 0.652553 -0.0821635 0.0
MAT -0.650412 0.0121995 0.0969072 0.0
MAT 0.00734775 0.0660164 0.263597 1.0
VERTEX = 9
0.0487778 0.102758 0.528641
0.0426429 0.102431 0.526293
0.042643 0.0959171 0.527199
0.0487779 0.0962437 0.529547
0.0472025 0.0992571 0.524954
0.046589 0.0992245 0.524719
0.046589 0.0985731 0.524809
0.0472025 0.0986057 0.525044
0.0468957 0.0989151 0.524882
INDEX = 14
4 5 7
6 7 5
1 2 5
6 5 2
0 1 4
5 4 1
7 6 3
2 3 6
4 7 0
3 0 7
8 1 0
8 2 1
8 3 2
8 0 3
FACE-NORMAL = 14
-0.36045 0.128477 0.923888
-0.36045 0.128477 0.923888
0.452196 0.122859 0.883416
0.452196 0.122859 0.883416
-0.24112 -0.650263 0.72043
-0.24112 -0.650263 0.72043
-0.241136 0.822156 0.515668
-0.241136 0.822156 0.515668
-0.934459 0.0490338 0.352679
-0.934459 0.0490338 0.352679
0.254869 0.60952 -0.750684
-0.404694 -0.125963 -0.905735
0.254884 -0.791214 -0.555891
0.914452 -0.0557314 -0.400838
BONE = 5
BONE_NAME = Tail05
PARENT_ID = 4
LOCALTM 
MAT 0.868828 0.0120555 0.494967 0.0
MAT -0.0127846 0.999916 -0.00190956 0.0
MAT -0.494953 -0.00466875 0.868908 0.0
MAT 0.404892 0.0 0.0 1.0
WORLDTM 
MAT -0.237069 0.0845001 0.607646 0.0
MAT -7.45058e-006 0.651437 -0.0905918 0.0
MAT -0.613493 -0.0326627 -0.234815 0.0
MAT 0.0468957 0.0989151 0.524882 1.0
VERTEX = 9
-0.0726906 0.144327 0.842556
-0.0791111 0.144773 0.841201
-0.079111 0.138526 0.839145
-0.0726904 0.13808 0.8405
-0.0748667 0.14272 0.837971
-0.0755088 0.142765 0.837836
-0.0755088 0.14214 0.83763
-0.0748667 0.142095 0.837766
-0.0751877 0.14243 0.837801
INDEX = 14
4 5 7
6 7 5
1 2 5
6 5 2
0 1 4
5 4 1
7 6 3
2 3 6
4 7 0
3 0 7
8 1 0
8 2 1
8 3 2
8 0 3
FACE-NORMAL = 14
-0.216835 -0.305197 0.927274
-0.216835 -0.305197 0.927274
0.580548 -0.25454 0.773416
0.580548 -0.25454 0.773416
-0.145041 -0.910203 0.387935
-0.145041 -0.910203 0.387935
-0.145068 0.501868 0.852692
-0.145068 0.501869 0.852692
-0.870669 -0.153792 0.467209
-0.870669 -0.153792 0.467209
0.153312 0.88747 -0.434617
-0.536952 0.263728 -0.80133
0.153338 -0.455854 -0.876746
0.843613 0.167885 -0.510031
BONE = 6
BONE_NAME = Tail06
PARENT_ID = 5
LOCALTM 
MAT 0.895642 -0.430007 -0.113634 0.0
MAT 0.410881 0.897758 -0.158766 0.0
MAT 0.170281 0.0955133 0.980759 0.0
MAT 0.51497 0.0 -2.68221e-007 1.0
WORLDTM 
MAT -0.142613 -0.200729 0.609871 0.0
MAT -1.21761e-005 0.624738 0.205621 0.0
MAT -0.642058 0.0445754 -0.135479 0.0
MAT -0.0751877 0.14243 0.837801 1.0
VERTEX = 9
-0.138272 0.0517241 1.12278
-0.144681 0.0521874 1.12138
-0.144532 0.0461775 1.11871
-0.138123 0.0457142 1.12011
-0.140354 0.0505438 1.11802
-0.140995 0.0505901 1.11788
-0.14098 0.0499892 1.11762
-0.14034 0.0499428 1.11776
-0.140667 0.0502665 1.11782
INDEX = 14
4 5 7
6 7 5
1 2 5
6 5 2
0 1 4
5 4 1
7 6 3
2 3 6
4 7 0
3 0 7
8 1 0
8 2 1
8 3 2
8 0 3
FACE-NORMAL = 14
-0.223287 -0.400092 0.888859
-0.223287 -0.400092 0.888859
0.574939 -0.319995 0.753026
0.574939 -0.319995 0.753026
-0.132517 -0.946844 0.29313
-0.132517 -0.946844 0.29313
-0.166226 0.41155 0.8961
-0.166226 0.41155 0.8961
-0.873716 -0.215297 0.436196
-0.873716 -0.215297 0.436196
0.141854 0.929038 -0.341711
-0.531159 0.332706 -0.779215
0.173922 -0.363223 -0.915325
0.846969 0.233107 -0.477813
BONE = 7
BONE_NAME = TailTIP
PARENT_ID = 6
LOCALTM 
MAT 0.994735 -0.102146 0.00777999 0.0
MAT 0.102144 0.99477 0.000521116 0.0
MAT -0.00782553 0.000291459 0.999972 0.0
MAT 0.459144 0.0 0.0 1.0
WORLDTM 
MAT -0.146856 -0.26314 0.584603 0.0
MAT -0.0149138 0.60099 0.26677 0.0
MAT -0.640924 0.046327 -0.140188 0.0
MAT -0.140667 0.0502665 1.11782 1.0
VERTEX = 9
-0.00043066 0.534392 -0.126439
-0.000430658 0.540969 -0.126439
0.00614641 0.540969 -0.126439
0.0061464 0.534392 -0.126439
0.00252902 0.537352 -0.12315
0.00252902 0.53801 -0.12315
0.00318673 0.53801 -0.12315
0.00318673 0.537352 -0.12315
0.00285787 0.537681 -0.12315
INDEX = 14
4 5 7
6 7 5
1 2 5
6 5 2
0 1 4
5 4 1
7 6 3
2 3 6
4 7 0
3 0 7
8 1 0
8 2 1
8 3 2
8 0 3
FACE-NORMAL = 14
0.0 -6.41456e-007 -1.0
0.0 -6.41456e-007 -1.0
-2.58919e-007 -0.743295 -0.668964
-2.58919e-007 -0.743294 -0.668964
0.743294 -4.79632e-007 -0.668965
0.743294 -4.79632e-007 -0.668965
-0.743294 -3.7859e-007 -0.668965
-0.743294 -3.7859e-007 -0.668965
1.45247e-007 0.743294 -0.668965
1.45247e-007 0.743294 -0.668965
-0.707107 5.01639e-007 0.707107
2.52321e-007 0.707107 0.707106
0.707107 4.05516e-007 0.707107
-1.32168e-007 -0.707106 0.707107
BONE = 8
BONE_NAME = Dummy01
PARENT_ID = 0
LOCALTM 
MAT 0.536878 0.00762455 0.843625 0.0
MAT -0.0141992 0.999899 -6.52543e-007 0.0
MAT -0.843541 -0.0119787 0.536932 0.0
MAT -0.0225852 -0.0076618 0.0112265 1.0
WORLDTM 
MAT 0.0 -4.21889e-007 -0.657706 0.0
MAT -0.657706 0.0 0.0 0.0
MAT 1.78814e-007 0.657706 -3.09199e-007 0.0
MAT 0.00285787 0.537681 -0.12315 1.0
VERTEX = 9
0.00612404 0.542346 -0.123264
-0.000452865 0.542315 -0.12323
-0.00040698 0.537763 -0.118483
0.00616993 0.537794 -0.118517
0.00318442 0.53791 -0.123389
0.00252673 0.537907 -0.123386
0.00253132 0.537452 -0.122911
0.00318901 0.537455 -0.122914
0.00285787 0.537681 -0.12315
INDEX = 14
4 5 7
6 7 5
1 2 5
6 5 2
0 1 4
5 4 1
7 6 3
2 3 6
4 7 0
3 0 7
8 1 0
8 2 1
8 3 2
8 0 3
FACE-NORMAL = 14
0.000200327 0.721752 0.692152
0.000200327 0.721752 0.692152
0.74341 0.486309 0.459178
0.74341 0.486309 0.459178
0.00531972 -0.0316345 0.999485
0.00531972 -0.0316343 0.999485
-0.00505169 0.997287 -0.0734345
-0.00505169 0.997287 -0.0734346
-0.743141 0.479344 0.466872
-0.743142 0.479344 0.466872
-0.00507489 -0.0209413 -0.999768
-0.707232 -0.513669 -0.485765
0.00479159 -0.99977 0.020917
0.706947 -0.507043 -0.493085
BONE = 9
BONE_NAME = SpineUp01
PARENT_ID = 8
LOCALTM 
MAT -0.692152 -0.000200072 0.721751 0.0
MAT 0.721733 0.00697678 0.692137 0.0
MAT -0.00517613 0.999976 -0.00468475 0.0
MAT 0.0 0.0 0.0 1.0
WORLDTM 
MAT 0.000131756 0.474701 0.455232 0.0
MAT -0.00458859 0.455223 -0.474688 0.0
MAT -0.657691 -0.00308114 0.00340443 0.0
MAT 0.00285787 0.537681 -0.12315 1.0
VERTEX = 9
0.00658267 0.633426 -0.0359683
4.43996e-005 0.634059 -0.0356408
-0.000122349 0.629766 -0.0306611
0.00641592 0.629132 -0.0309886
0.00321858 0.629308 -0.0357221
0.00256475 0.629371 -0.0356893
0.00254808 0.628942 -0.0351914
0.0032019 0.628878 -0.0352241
0.00288333 0.629125 -0.0354567
INDEX = 14
4 5 7
6 7 5
1 2 5
6 5 2
0 1 4
5 4 1
7 6 3
2 3 6
4 7 0
3 0 7
8 1 0
8 2 1
8 3 2
8 0 3
FACE-NORMAL = 14
0.105468 0.751401 0.651362
0.105468 0.751401 0.651362
0.809462 0.431033 0.398725
0.809462 0.431033 0.398725
0.0517095 0.0174597 0.99851
0.0517095 0.0174598 0.99851
0.0893991 0.987862 -0.127032
0.0893991 0.987862 -0.127032
-0.668355 0.574289 0.472751
-0.668355 0.574289 0.472751
-0.0566497 -0.0697418 -0.995955
-0.777511 -0.46318 -0.425371
-0.0925044 -0.9929 0.0747894
0.628358 -0.599462 -0.495794
BONE = 10
BONE_NAME = SpineUp02
PARENT_ID = 9
LOCALTM 
MAT 0.993187 0.0492262 -0.105615 0.0
MAT -0.0529055 0.998076 -0.0323277 0.0
MAT 0.103818 0.037696 0.993883 0.0
MAT 0.192635 2.98023e-007 0.0 1.0
WORLDTM 
MAT 0.0693668 0.494201 0.428404 0.0
MAT 0.0166749 0.429332 -0.497969 0.0
MAT -0.653827 0.0633802 0.032751 0.0
MAT 0.00288333 0.629125 -0.0354567 1.0
VERTEX = 9
0.0256248 0.770805 0.0813796
0.0190669 0.770309 0.0814608
0.0189273 0.77313 0.0874008
0.0254853 0.773625 0.0873196
0.0228521 0.768891 0.0855004
0.0221963 0.768841 0.0855086
0.0221823 0.769123 0.0861026
0.0228381 0.769173 0.0860944
0.0225172 0.769007 0.0858015
INDEX = 14
4 5 7
6 7 5
1 2 5
6 5 2
0 1 4
5 4 1
7 6 3
2 3 6
4 7 0
3 0 7
8 1 0
8 2 1
8 3 2
8 0 3
FACE-NORMAL = 14
-0.0733248 0.900242 -0.429171
-0.0733248 0.900242 -0.429171
0.692075 0.65822 -0.296275
0.692075 0.65822 -0.296275
-0.064819 0.920972 0.3842
-0.064819 0.920972 0.384199
-0.0332844 0.28349 -0.958397
-0.0332844 0.28349 -0.958398
-0.790176 0.546241 -0.277926
-0.790176 0.546241 -0.277926
0.0668481 -0.939791 -0.335148
-0.653196 -0.689831 0.312198
0.0368488 -0.333345 0.942085
0.756891 -0.583303 0.294742
BONE = 11
BONE_NAME = SpineUp03
PARENT_ID = 10
LOCALTM 
MAT 0.389161 0.910727 0.138274 0.0
MAT -0.908251 0.404412 -0.107384 0.0
MAT -0.15372 -0.0837939 0.98456 0.0
MAT 0.283047 4.76837e-007 3.05474e-007 1.0
WORLDTM 
MAT -0.0482259 0.592092 -0.282267 0.0
MAT 0.0139516 -0.282037 -0.594 0.0
MAT -0.655792 -0.0495422 0.00811796 0.0
MAT 0.0225172 0.769007 0.0858015 1.0
VERTEX = 9
0.0057385 0.937753 0.0103501
0.00541712 0.944178 0.00897975
0.0119836 0.944531 0.00909923
0.012305 0.938107 0.0104695
0.0084536 0.941484 0.013003
0.00842146 0.942127 0.0128659
0.00907811 0.942162 0.0128779
0.00911025 0.94152 0.0130149
0.00876586 0.941823 0.0129404
INDEX = 14
4 5 7
6 7 5
1 2 5
6 5 2
0 1 4
5 4 1
7 6 3
2 3 6
4 7 0
3 0 7
8 1 0
8 2 1
8 3 2
8 0 3
FACE-NORMAL = 14
0.0289545 -0.207119 -0.977887
0.0289545 -0.207119 -0.977887
0.0556907 -0.864632 -0.49931
0.0556907 -0.864632 -0.49931
0.761465 -0.0985553 -0.64067
0.761465 -0.0985554 -0.64067
-0.722723 -0.178556 -0.667674
-0.722723 -0.178555 -0.667674
-0.0169515 0.587518 -0.809033
-0.0169515 0.587518 -0.809033
-0.72644 0.108403 0.678626
-0.0550267 0.837182 0.544149
0.68549 0.184508 0.704315
0.0140788 -0.54427 0.838792
BONE = 12
BONE_NAME = Neck01
PARENT_ID = 11
LOCALTM 
MAT 0.231095 0.97259 -0.0253417 0.0
MAT 0.0325544 0.0183028 0.999308 0.0
MAT 0.972392 -0.231762 -0.0274312 0.0
MAT 0.285622 -0.0130696 -0.000313245 1.0
WORLDTM 
MAT 0.0190433 -0.136222 -0.643155 0.0
MAT -0.656653 -0.0353948 -0.0119486 0.0
MAT -0.0321388 0.64247 -0.137031 0.0
MAT 0.00876586 0.941823 0.0129404 1.0
VERTEX = 9
0.0157815 0.864813 -0.3276
0.0156803 0.868202 -0.333236
0.0222512 0.868485 -0.333183
0.0223524 0.865096 -0.327547
0.018558 0.86928 -0.328417
0.0185479 0.869619 -0.328981
0.0192049 0.869647 -0.328976
0.0192151 0.869308 -0.328412
0.0188815 0.869464 -0.328696
INDEX = 14
4 5 7
6 7 5
1 2 5
6 5 2
0 1 4
5 4 1
7 6 3
2 3 6
4 7 0
3 0 7
8 1 0
8 2 1
8 3 2
8 0 3
FACE-NORMAL = 14
0.0410209 -0.85595 -0.515429
0.0410209 -0.85595 -0.515429
0.038873 -0.955594 0.292111
0.038873 -0.955594 0.292111
0.770027 -0.540575 -0.338875
0.770027 -0.540575 -0.338875
-0.715133 -0.604625 -0.350733
-0.715133 -0.604625 -0.350733
0.0160099 -0.189599 -0.981731
0.0160098 -0.189599 -0.981731
-0.735439 0.574782 0.358824
-0.039881 0.969595 -0.241444
0.677416 0.635713 0.370103
-0.018131 0.240894 0.970382
BONE = 13
BONE_NAME = Neck02
PARENT_ID = 12
LOCALTM 
MAT 0.682491 0.014471 -0.730715 0.0
MAT -0.0122024 0.999902 0.00838554 0.0
MAT 0.730782 0.00318791 0.682626 0.0
MAT 0.531189 0.0 0.0 1.0
WORLDTM 
MAT 0.0269788 -0.562945 -0.33899 0.0
MAT -0.65709 -0.0283417 -0.00524843 0.0
MAT -0.0101156 0.338905 -0.563585 0.0
MAT 0.0188815 0.869464 -0.328696 1.0
VERTEX = 9
0.0274081 0.622728 -0.471917
0.0275198 0.619683 -0.477745
0.0340922 0.619941 -0.477755
0.0339804 0.622987 -0.471926
0.0302992 0.624386 -0.476068
0.0303104 0.624081 -0.47665
0.0309676 0.624107 -0.476651
0.0309564 0.624412 -0.476069
0.0306334 0.624246 -0.476359
INDEX = 14
4 5 7
6 7 5
1 2 5
6 5 2
0 1 4
5 4 1
7 6 3
2 3 6
4 7 0
3 0 7
8 1 0
8 2 1
8 3 2
8 0 3
FACE-NORMAL = 14
0.0355055 -0.885454 0.463368
0.0355055 -0.885454 0.463368
0.0111247 -0.248173 0.968652
0.0111247 -0.248173 0.968652
0.766473 -0.563086 0.308956
0.766473 -0.563086 0.308956
-0.718962 -0.62159 0.310998
-0.718962 -0.621589 0.310998
0.0363798 -0.936518 -0.348727
0.0363798 -0.936518 -0.348728
-0.731668 0.598283 -0.32668
-0.0130936 0.2987 -0.954257
0.681449 0.653938 -0.328622
-0.0371193 0.953536 0.298984
BONE = 14
BONE_NAME = Head
PARENT_ID = 13
LOCALTM 
MAT 0.520506 -0.00102254 -0.853799 0.0
MAT -0.00802523 0.999981 -0.0060907 0.0
MAT 0.853812 0.0100389 0.52052 0.0
MAT 0.435597 0.0 0.0 1.0
WORLDTM 
MAT 0.0233512 -0.582344 0.304747 0.0
MAT -0.657232 -0.0258875 0.000904769 0.0
MAT 0.011173 -0.304527 -0.582843 0.0
MAT 0.0306334 0.624246 -0.476359 1.0
VERTEX = 9
0.0313968 0.523198 -0.422022
0.0313841 0.523261 -0.428598
0.0379571 0.523521 -0.428609
0.0379698 0.523458 -0.422032
0.0342191 0.526628 -0.424954
0.0342178 0.526635 -0.425612
0.0348751 0.526661 -0.425613
0.0348764 0.526654 -0.424955
0.0345471 0.526645 -0.425283
INDEX = 14
4 5 7
6 7 5
1 2 5
6 5 2
0 1 4
5 4 1
7 6 3
2 3 6
4 7 0
3 0 7
8 1 0
8 2 1
8 3 2
8 0 3
FACE-NORMAL = 14
0.0394867 -0.999173 -0.00969842
0.0394867 -0.999173 -0.00969842
0.0278467 -0.675562 0.736777
0.0278467 -0.675562 0.736777
0.769133 -0.639043 -0.00764896
0.769133 -0.639043 -0.00764897
-0.716293 -0.69778 -0.00532686
-0.716293 -0.697779 -0.00532685
0.0249837 -0.661261 -0.74974
0.0249837 -0.661261 -0.74974
-0.73448 0.678584 0.00796236
-0.0292831 0.713325 -0.700221
0.678628 0.73446 0.00575329
-0.0265595 0.699719 0.713924
BONE = 15
BONE_NAME = Jaw
PARENT_ID = 14
LOCALTM 
MAT 0.881538 -0.000165939 0.471866 0.0
MAT 0.000226934 1.00011 -9.17409e-005 0.0
MAT -0.471909 0.00014833 0.881655 0.0
MAT 0.167602 0.0 0.0 1.0
WORLDTM 
MAT 0.0259662 -0.657049 -0.00637762 0.0
MAT -0.6573 -0.0259946 0.00102749 0.0
MAT -0.00126645 0.0063221 -0.657679 0.0
MAT 0.0345471 0.526645 -0.425283 1.0
VERTEX = 9
-0.065378 0.631414 -0.522713
-0.0656682 0.637865 -0.515078
-0.0680821 0.630406 -0.508868
-0.0677919 0.623956 -0.516503
-0.0714445 0.631792 -0.51737
-0.0714736 0.632437 -0.516606
-0.071715 0.631691 -0.515985
-0.0716859 0.631046 -0.516749
-0.0715798 0.631741 -0.516677
INDEX = 14
4 5 7
6 7 5
1 2 5
6 5 2
0 1 4
5 4 1
7 6 3
2 3 6
4 7 0
3 0 7
8 1 0
8 2 1
8 3 2
8 0 3
FACE-NORMAL = 14
0.970007 -0.166223 0.177358
0.970007 -0.166223 0.177358
0.670486 -0.590686 -0.448931
0.670486 -0.590685 -0.448931
0.4695 -0.665532 0.580205
0.4695 -0.665531 0.580205
0.828295 0.443115 -0.342894
0.828295 0.443115 -0.342894
0.627316 0.368262 0.68619
0.627316 0.368262 0.68619
-0.515233 0.644884 -0.564499
-0.706436 0.573682 0.414533
-0.856558 -0.409789 0.31366
-0.665363 -0.33858 -0.665324
BONE = 16
BONE_NAME = Unit_Zerg_Hydralisk_Jaw_03
PARENT_ID = 14
LOCALTM 
MAT 0.4011 -1.46319 -0.0968297 0.0
MAT -1.42861 -0.412639 0.317861 0.0
MAT -0.332116 0.0071217 -1.48371 0.0
MAT -0.0440142 0.154746 0.0464012 1.0
WORLDTM 
MAT 0.969943 -0.166212 0.177347 0.0
MAT 0.241391 0.745825 -0.621 0.0
MAT -0.0290134 0.645051 0.763567 0.0
MAT -0.0715798 0.631741 -0.516677 1.0
VERTEX = 9
-0.068811 0.919876 -0.295531
-0.0737355 0.927758 -0.29184
-0.073745 0.923511 -0.282786
-0.0688205 0.915629 -0.286477
-0.075383 0.919285 -0.290845
-0.0758754 0.920073 -0.290476
-0.0758764 0.919648 -0.289571
-0.0753839 0.91886 -0.28994
-0.0756297 0.919466 -0.290208
INDEX = 14
4 5 7
6 7 5
1 2 5
6 5 2
0 1 4
5 4 1
7 6 3
2 3 6
4 7 0
3 0 7
8 1 0
8 2 1
8 3 2
8 0 3
FACE-NORMAL = 14
0.870364 0.44546 0.209839
0.870364 0.44546 0.209839
0.948256 -0.287849 -0.133991
0.948256 -0.287848 -0.133991
0.581538 -0.0176413 0.813328
0.581538 -0.0176412 0.813328
0.582947 0.613631 -0.532569
0.582947 0.613631 -0.532569
0.21621 0.883873 0.414755
0.21621 0.883873 0.414755
-0.61477 -0.0147166 -0.788569
-0.963632 0.242337 0.11263
-0.61611 -0.615255 0.491803
-0.267229 -0.872341 -0.409401
BONE = 17
BONE_NAME = Karapis_Bone02
PARENT_ID = 13
LOCALTM 
MAT -0.689872 -1.35371 0.0552384 0.0
MAT 0.156965 -0.0182858 1.51225 0.0
MAT -1.34579 0.691905 0.148077 0.0
MAT -0.101137 0.139815 -0.00876176 1.0
WORLDTM 
MAT 0.870337 0.445447 0.209833 0.0
MAT 0.000952825 0.424664 -0.905394 0.0
MAT -0.49245 0.788178 0.369123 0.0
MAT -0.0756297 0.919466 -0.290208 1.0
VERTEX = 9
0.0866942 0.922486 -0.294679
0.0909965 0.930667 -0.290861
0.0909817 0.926444 -0.281796
0.0866793 0.918263 -0.285614
0.0841101 0.92622 -0.287979
0.0845403 0.927038 -0.287598
0.0845388 0.926615 -0.286691
0.0841086 0.925797 -0.287073
0.0843244 0.926417 -0.287335
INDEX = 14
4 5 7
6 7 5
1 2 5
6 5 2
0 1 4
5 4 1
7 6 3
2 3 6
4 7 0
3 0 7
8 1 0
8 2 1
8 3 2
8 0 3
FACE-NORMAL = 14
0.902733 -0.390531 -0.180439
0.902733 -0.390531 -0.180439
0.284113 -0.869304 -0.404463
0.284113 -0.869304 -0.404463
0.602789 -0.575127 0.553058
0.60279 -0.575127 0.553058
0.605004 0.0526281 -0.794481
0.605004 0.0526282 -0.794481
0.923669 0.346778 0.163037
0.923669 0.346778 0.163037
-0.637275 0.574742 -0.513373
-0.334115 0.854597 0.397531
-0.639382 -0.0224511 0.768561
-0.942531 -0.302281 -0.142341
BONE = 18
BONE_NAME = Karapis_Bone01
PARENT_ID = 13
LOCALTM 
MAT 0.705965 -1.34337 -0.0919698 0.0
MAT 0.160944 -0.0189251 1.51182 0.0
MAT -1.33697 -0.711704 0.133444 0.0
MAT -0.102455 -0.103635 -0.0107989 1.0
WORLDTM 
MAT 0.902695 -0.390515 -0.180431 0.0
MAT 0.00148454 0.422298 -0.906499 0.0
MAT 0.430234 0.818033 0.381745 0.0
MAT 0.0843244 0.926417 -0.287335 1.0
VERTEX = 9
-0.0214377 1.37684 -0.364117
-0.0218527 1.38272 -0.356041
-0.0215762 1.37465 -0.350146
-0.0211611 1.36877 -0.358222
-0.0264936 1.37562 -0.357916
-0.0265351 1.37621 -0.357109
-0.0265075 1.3754 -0.356519
-0.026466 1.37481 -0.357327
-0.0265006 1.37551 -0.357218
INDEX = 14
4 5 7
6 7 5
1 2 5
6 5 2
0 1 4
5 4 1
7 6 3
2 3 6
4 7 0
3 0 7
8 1 0
8 2 1
8 3 2
8 0 3
FACE-NORMAL = 14
0.998755 0.0468049 0.0172344
0.998755 0.0468049 0.0172344
0.698983 -0.405947 -0.588752
0.698983 -0.405947 -0.588752
0.688689 -0.568758 0.44969
0.688689 -0.568758 0.44969
0.647575 0.631375 -0.426629
0.647575 0.631375 -0.426629
0.637281 0.46857 0.611813
0.637281 0.46857 0.611813
-0.725783 0.537758 -0.429016
-0.735576 0.382874 0.55887
-0.68667 -0.603946 0.40464
-0.676877 -0.449068 -0.583245
BONE = 19
BONE_NAME = Unit_Zerg_Hydralisk_Crest
PARENT_ID = 13
LOCALTM 
MAT -0.0121045 -1.52029 -0.00914065 0.0
MAT -0.590421 -0.00372521 1.40116 0.0
MAT -1.40111 0.0147293 -0.590331 0.0
MAT -0.639069 0.0361349 0.434663 1.0
WORLDTM 
MAT 0.998731 0.0468038 0.0172339 0.0
MAT -0.0276546 0.807341 -0.589508 0.0
MAT -0.0415071 0.588262 0.807585 0.0
MAT -0.0265006 1.37551 -0.357218 1.0
VERTEX = 9
-0.00407429 0.835106 0.00576748
-0.00412473 0.835847 0.00678376
-0.0040939 0.834831 0.00752554
-0.00404345 0.83409 0.00650926
-0.0047116 0.834955 0.00654732
-0.00471664 0.835029 0.00664894
-0.00471356 0.834927 0.00672312
-0.00470851 0.834853 0.00662149
-0.00471258 0.834941 0.00663522
INDEX = 14
4 5 7
6 7 5
1 2 5
6 5 2
0 1 4
5 4 1
7 6 3
2 3 6
4 7 0
3 0 7
8 1 0
8 2 1
8 3 2
8 0 3
FACE-NORMAL = 14
0.998896 0.0434211 0.0179468
0.998896 0.0434211 0.0179468
0.698022 -0.408269 -0.588286
0.698022 -0.408269 -0.588286
0.68644 -0.571119 0.450137
0.68644 -0.571119 0.450137
0.650012 0.629209 -0.426122
0.650012 0.629209 -0.426122
0.63843 0.466365 0.6123
0.638429 0.466365 0.6123
-0.723653 0.540244 -0.429491
-0.734672 0.385322 0.558376
-0.688999 -0.601646 0.404107
-0.67798 -0.446731 -0.583759
BONE = 20
BONE_NAME = Spikes
PARENT_ID = 13
LOCALTM 
MAT -0.00103822 -0.191312 -0.00160105 0.0
MAT -0.0742989 -0.00107259 0.176318 0.0
MAT -0.176317 0.00158159 -0.0742855 0.0
MAT -0.219352 0.0340342 -0.463377 1.0
WORLDTM 
MAT 0.125697 0.00546395 0.00225836 0.0
MAT -0.00308327 0.101612 -0.074178 0.0
MAT -0.00504463 0.0740363 0.101628 0.0
MAT -0.00471258 0.834941 0.00663522 1.0
VERTEX = 9
0.0303303 0.70468 -0.572185
0.0299296 0.710564 -0.564109
0.0301745 0.702489 -0.558214
0.0305752 0.696606 -0.56629
0.0252659 0.703477 -0.565988
0.0252258 0.704066 -0.56518
0.0252503 0.703258 -0.564591
0.0252903 0.70267 -0.565398
0.0252581 0.703368 -0.565289
INDEX = 14
4 5 7
6 7 5
1 2 5
6 5 2
0 1 4
5 4 1
7 6 3
2 3 6
4 7 0
3 0 7
8 1 0
8 2 1
8 3 2
8 0 3
FACE-NORMAL = 14
0.998897 0.0434019 0.0179378
0.998897 0.0434019 0.0179378
0.698009 -0.408278 -0.588296
0.698009 -0.408278 -0.588296
0.686433 -0.571136 0.450126
0.686433 -0.571136 0.450126
0.65002 0.6292 -0.426123
0.65002 0.6292 -0.426123
0.638444 0.466348 0.612298
0.638444 0.466348 0.612298
-0.723647 0.540261 -0.42948
-0.734659 0.385332 0.558386
-0.689006 -0.601636 0.404109
-0.677994 -0.446713 -0.583756
BONE = 21
BONE_NAME = Ref_Head
PARENT_ID = 13
LOCALTM 
MAT -0.00821824 -1.52029 -0.0127263 0.0
MAT -0.590437 -0.00853884 1.40113 0.0
MAT -1.40113 0.0125406 -0.590331 0.0
MAT 0.401987 0.00406067 0.177972 1.0
WORLDTM 
MAT 0.998873 0.0434009 0.0179373 0.0
MAT -0.0244918 0.807477 -0.589461 0.0
MAT -0.0400694 0.588334 0.807603 0.0
MAT 0.0252581 0.703368 -0.565289 1.0
VERTEX = 9
-0.0493043 1.78157 0.262081
-0.0493001 1.78544 0.252859
-0.0497963 1.79465 0.256722
-0.0498005 1.79078 0.265944
-0.0545194 1.78723 0.259571
-0.054519 1.78762 0.258649
-0.0545686 1.78854 0.259035
-0.054569 1.78815 0.259958
-0.054544 1.78788 0.259303
INDEX = 14
4 5 7
6 7 5
1 2 5
6 5 2
0 1 4
5 4 1
7 6 3
2 3 6
4 7 0
3 0 7
8 1 0
8 2 1
8 3 2
8 0 3
FACE-NORMAL = 14
0.998768 0.0456004 0.019592
0.998768 0.0456004 0.019592
0.667826 -0.256965 0.698554
0.667826 -0.256965 0.698553
0.631257 0.715119 0.300199
0.631257 0.715119 0.300199
0.705025 -0.654118 -0.27399
0.705024 -0.654118 -0.27399
0.668454 0.31798 -0.672352
0.668454 0.31798 -0.672352
-0.671147 -0.683528 -0.286969
-0.705936 0.24123 -0.66593
-0.741324 0.619048 0.259265
-0.706535 -0.305724 0.638233
BONE = 22
BONE_NAME = HitTestFuzzy01
PARENT_ID = 13
LOCALTM 
MAT -0.0123838 -1.52025 -0.0131561 0.0
MAT 1.50452 -0.0103579 -0.219515 0.0
MAT 0.219432 -0.0147828 1.50447 0.0
MAT -1.66068 0.0442495 -0.0448508 1.0
WORLDTM 
MAT 0.998743 0.0455992 0.0195915 0.0
MAT 0.0496166 -0.921061 -0.386246 0.0
MAT 0.000415019 0.386764 -0.922205 0.0
MAT -0.054544 1.78788 0.259303 1.0
VERTEX = 9
-0.152717 1.25162 -0.243188
-0.153051 1.24793 -0.233897
-0.15305 1.23864 -0.237581
-0.152716 1.24232 -0.246872
-0.157864 1.24584 -0.24082
-0.157897 1.24547 -0.239891
-0.157897 1.24454 -0.24026
-0.157864 1.24491 -0.241189
-0.157881 1.24519 -0.24054
INDEX = 14
4 5 7
6 7 5
1 2 5
6 5 2
0 1 4
5 4 1
7 6 3
2 3 6
4 7 0
3 0 7
8 1 0
8 2 1
8 3 2
8 0 3
FACE-NORMAL = 14
0.999442 -0.0121534 0.0311148
0.999442 -0.0121534 0.0311148
0.693426 0.265595 -0.669791
0.693426 0.265595 -0.669791
0.668706 -0.699139 -0.253053
0.668706 -0.699139 -0.253053
0.668477 0.682865 0.294677
0.668477 0.682865 0.294677
0.643756 -0.281859 0.71143
0.643756 -0.281859 0.711431
-0.706822 0.665961 0.238533
-0.730337 -0.251805 0.634982
-0.706602 -0.64876 -0.282531
-0.683087 0.268996 -0.678995
BONE = 23
BONE_NAME = Ref_Weapon Right
PARENT_ID = 13
LOCALTM 
MAT 0.0537894 -1.51764 -0.0734281 0.0
MAT -1.49866 -0.0651327 0.248273 0.0
MAT -0.250998 0.0636195 -1.49825 0.0
MAT -0.569104 0.242814 0.183628 1.0
WORLDTM 
MAT 0.999421 -0.0121532 0.0311141 0.0
MAT -0.000145338 0.929648 0.368448 0.0
MAT -0.0334196 -0.368271 0.929144 0.0
MAT -0.157881 1.24519 -0.24054 1.0
VERTEX = 9
0.113492 1.22569 -0.215754
0.113735 1.22544 -0.20576
0.113963 1.21544 -0.206016
0.11372 1.21569 -0.21601
0.108707 1.22096 -0.211253
0.108731 1.22094 -0.210254
0.108754 1.21994 -0.21028
0.10873 1.21996 -0.211279
0.108731 1.22045 -0.210767
INDEX = 14
4 5 7
6 7 5
1 2 5
6 5 2
0 1 4
5 4 1
7 6 3
2 3 6
4 7 0
3 0 7
8 1 0
8 2 1
8 3 2
8 0 3
FACE-NORMAL = 14
0.999445 0.0233965 -0.0237097
0.999445 0.0233965 -0.0237097
0.650536 0.0343397 -0.758698
0.650537 0.0343397 -0.758698
0.685524 -0.727211 -0.0349381
0.685524 -0.727211 -0.0349381
0.651663 0.758501 0.00321581
0.651663 0.758502 0.00321582
0.686651 -0.00303692 0.726981
0.686651 -0.00303693 0.726981
-0.722821 0.690152 0.0349136
-0.689536 -0.0343222 0.723438
-0.690608 -0.723228 -0.00138274
-0.723893 0.00123469 -0.689911
BONE = 24
BONE_NAME = Ref_Weapon Left
PARENT_ID = 13
LOCALTM 
MAT 0.0504908 -1.5193 0.0258474 0.0
MAT -1.32224 -0.0311819 0.750061 0.0
MAT -0.749018 -0.0473638 -1.32232 0.0
MAT -0.543606 -0.160893 0.119221 1.0
WORLDTM 
MAT 0.99942 0.0233959 -0.0237091 0.0
MAT -0.0227704 0.99943 0.0256657 0.0
MAT 0.0242908 -0.0251428 0.999397 0.0
MAT 0.108731 1.22045 -0.210767 1.0
VERTEX = 9
-0.0245609 1.20114 -0.379055
-0.0247684 1.20429 -0.373284
-0.0250705 1.19852 -0.370146
-0.024863 1.19537 -0.375917
-0.0280736 1.20005 -0.375209
-0.0280943 1.20036 -0.374632
-0.0281245 1.19978 -0.374319
-0.0281038 1.19947 -0.374896
-0.028099 1.19991 -0.374764
INDEX = 14
4 5 7
6 7 5
1 2 5
6 5 2
0 1 4
5 4 1
7 6 3
2 3 6
4 7 0
3 0 7
8 1 0
8 2 1
8 3 2
8 0 3
FACE-NORMAL = 14
0.998447 -0.0252473 0.0496629
0.998447 -0.0252473 0.0496629
0.691373 -0.372619 -0.618999
0.691373 -0.372618 -0.618998
0.633788 -0.669262 0.387817
0.633788 -0.669261 0.387817
0.702064 0.635476 -0.321368
0.702063 0.635476 -0.321368
0.644479 0.33884 0.685445
0.644479 0.33884 0.685445
-0.673533 0.638464 -0.372448
-0.728314 0.356263 0.585351
-0.738484 -0.602752 0.302211
-0.683703 -0.320558 -0.655586
BONE = 25
BONE_NAME = Ref_Weapon
PARENT_ID = 13
LOCALTM 
MAT 0.0369836 -0.996745 -0.0709181 0.0
MAT -0.503491 -0.0798943 0.860338 0.0
MAT -0.863242 0.00390272 -0.50481 0.0
MAT -0.396891 0.0502761 0.319997 1.0
WORLDTM 
MAT 0.656666 -0.0166048 0.0326627 0.0
MAT 0.0302113 0.577275 -0.313775 0.0
MAT -0.0207472 0.314764 0.577113 0.0
MAT -0.028099 1.19991 -0.374764 1.0
VERTEX = 9
0.00380355 1.03615 -0.101145
0.00325122 1.05248 -0.093063
0.00235673 1.04735 -0.0827677
0.00290906 1.03102 -0.0908493
-0.00183011 1.04123 -0.0932887
-0.00188534 1.04286 -0.0924805
-0.00197479 1.04235 -0.091451
-0.00191955 1.04071 -0.0922591
-0.00190245 1.04179 -0.0923698
INDEX = 14
4 5 7
6 7 5
1 2 5
6 5 2
0 1 4
5 4 1
7 6 3
2 3 6
4 7 0
3 0 7
8 1 0
8 2 1
8 3 2
8 0 3
FACE-NORMAL = 14
0.996542 -0.00760043 0.0827371
0.996542 -0.00760043 0.0827371
0.689055 -0.670895 -0.274047
0.689056 -0.670895 -0.274047
0.60904 -0.335589 0.718645
0.60904 -0.335589 0.718645
0.724261 0.325403 -0.607914
0.724261 0.325403 -0.607914
0.644241 0.660942 0.38485
0.644241 0.660942 0.38485
-0.649857 0.319788 -0.689508
-0.725963 0.63877 0.254856
-0.759464 -0.309023 0.572467
-0.683354 -0.628227 -0.371965
BONE = 26
BONE_NAME = Vol_Target
PARENT_ID = 13
LOCALTM 
MAT 0.00722621 -1.51415 -0.137047 0.0
MAT 0.144823 -0.156986 1.74109 0.0
MAT -2.76284 -0.0328935 0.228164 0.0
MAT -0.410782 0.0174185 -0.172409 1.0
WORLDTM 
MAT 0.996517 -0.00760024 0.082735 0.0
MAT 0.0894489 0.512987 -1.02952 0.0
MAT -0.0552322 1.63359 0.808159 0.0
MAT -0.00190245 1.04179 -0.0923698 1.0
VERTEX = 9
0.00264818 0.941482 -0.00957515
0.00464371 0.945872 -0.0140483
0.00486722 0.94113 -0.0186011
0.00287169 0.936741 -0.014128
0.00677826 0.940709 -0.012843
0.00697781 0.941148 -0.0132903
0.00700016 0.940674 -0.0137456
0.00680061 0.940235 -0.0132983
0.00688921 0.940692 -0.0132943
INDEX = 14
4 5 7
6 7 5
1 2 5
6 5 2
0 1 4
5 4 1
7 6 3
2 3 6
4 7 0
3 0 7
8 1 0
8 2 1
8 3 2
8 0 3
FACE-NORMAL = 14
-0.952256 0.186909 -0.241398
-0.952256 0.186909 -0.241398
-0.862544 -0.371024 0.344033
-0.862544 -0.371024 0.344033
-0.611765 -0.410787 -0.676016
-0.611765 -0.410787 -0.676016
-0.662287 0.66086 0.353044
-0.662287 0.66086 0.353044
-0.411507 0.621097 -0.667009
-0.411507 0.621097 -0.667009
0.649316 0.377571 0.660174
0.887886 0.339744 -0.310215
0.697378 -0.641903 -0.318787
0.458807 -0.604075 0.651605
BONE = 27
BONE_NAME = ShoulderRt
PARENT_ID = 11
LOCALTM 
MAT 0.341686 0.117662 0.932408 0.0
MAT 0.354376 -0.935034 -0.01187 0.0
MAT 0.870446 0.334482 -0.361188 0.0
MAT 0.301401 0.0236324 0.00216886 1.0
WORLDTM 
MAT -0.626302 0.122931 -0.158769 0.0
MAT -0.0223511 0.474126 0.455285 0.0
MAT 0.199553 0.438942 -0.447313 0.0
MAT 0.00688921 0.940692 -0.0132943 1.0
VERTEX = 9
-0.409844 1.01948 -0.113883
-0.412176 1.01987 -0.12002
-0.406285 1.01812 -0.122369
-0.403953 1.01774 -0.116232
-0.40736 1.02203 -0.117837
-0.407593 1.02207 -0.118451
-0.407004 1.0219 -0.118686
-0.406771 1.02186 -0.118072
-0.407182 1.02197 -0.118262
INDEX = 14
4 5 7
6 7 5
1 2 5
6 5 2
0 1 4
5 4 1
7 6 3
2 3 6
4 7 0
3 0 7
8 1 0
8 2 1
8 3 2
8 0 3
FACE-NORMAL = 14
-0.268396 -0.962424 0.041278
-0.268396 -0.962424 0.041278
0.0840546 -0.687589 0.721218
0.0840545 -0.687589 0.721218
0.486187 -0.840869 -0.237828
0.486187 -0.840869 -0.237828
-0.845281 -0.446787 0.293055
-0.845281 -0.446787 0.293055
-0.443148 -0.600067 -0.665988
-0.443148 -0.600066 -0.665988
-0.443539 0.867984 0.22333
-0.0609839 0.722168 -0.689025
0.823107 0.493089 -0.281706
0.440551 0.638906 0.630646
BONE = 28
BONE_NAME = ArmRT
PARENT_ID = 27
LOCALTM 
MAT 0.0657262 -0.656095 -0.75181 0.0
MAT 0.816232 0.468739 -0.3377 0.0
MAT 0.573978 -0.59146 0.566335 0.0
MAT 0.661136 1.19209e-007 -2.98023e-007 1.0
WORLDTM 
MAT -0.176526 -0.632992 0.0271488 0.0
MAT -0.589074 0.174351 0.234875 0.0
MAT -0.23325 0.0387214 -0.613741 0.0
MAT -0.407182 1.02197 -0.118262 1.0
VERTEX = 9
-0.532645 0.588507 -0.102947
-0.528779 0.593786 -0.102284
-0.52346 0.589972 -0.10293
-0.527326 0.584693 -0.103593
-0.528445 0.588708 -0.0996836
-0.528059 0.589236 -0.0996172
-0.527527 0.588854 -0.0996818
-0.527913 0.588326 -0.0997482
-0.527986 0.588781 -0.0996827
INDEX = 14
4 5 7
6 7 5
1 2 5
6 5 2
0 1 4
5 4 1
7 6 3
2 3 6
4 7 0
3 0 7
8 1 0
8 2 1
8 3 2
8 0 3
FACE-NORMAL = 14
-0.0203391 0.139323 -0.990038
-0.0203391 0.139323 -0.990038
-0.450532 -0.503412 -0.737291
-0.450532 -0.503412 -0.737291
0.587518 -0.337849 -0.73531
0.587518 -0.337849 -0.73531
-0.614731 0.524254 -0.589291
-0.614731 0.524254 -0.589291
0.423328 0.689827 -0.587309
0.423328 0.689827 -0.587309
-0.557476 0.311549 0.769518
0.430036 0.469051 0.771401
0.586241 -0.508582 0.630608
-0.40128 -0.666095 0.628723
BONE = 29
BONE_NAME = ForeArmRt
PARENT_ID = 28
LOCALTM 
MAT -0.169503 -0.298415 0.939281 0.0
MAT -0.33701 0.913139 0.229287 0.0
MAT -0.926111 -0.27768 -0.255359 0.0
MAT 0.684344 -1.78814e-007 0.0 1.0
WORLDTM 
MAT -0.0133775 0.0916357 -0.651168 0.0
MAT -0.531897 0.38141 0.0646017 0.0
MAT 0.386619 0.52792 0.0663611 0.0
MAT -0.527986 0.588781 -0.0996827 1.0
VERTEX = 9
-0.542173 0.668821 -0.692834
-0.544656 0.670022 -0.698805
-0.538572 0.670243 -0.701291
-0.536088 0.669043 -0.69532
-0.540426 0.672693 -0.696043
-0.540674 0.672813 -0.69664
-0.540066 0.672835 -0.696888
-0.539818 0.672715 -0.696291
-0.540246 0.672764 -0.696465
INDEX = 14
4 5 7
6 7 5
1 2 5
6 5 2
0 1 4
5 4 1
7 6 3
2 3 6
4 7 0
3 0 7
8 1 0
8 2 1
8 3 2
8 0 3
FACE-NORMAL = 14
-0.0384305 -0.98262 -0.181605
-0.0384305 -0.98262 -0.181605
0.254945 -0.793022 0.553281
0.254945 -0.793022 0.553281
0.661982 -0.63229 -0.40248
0.661982 -0.63229 -0.40248
-0.713379 -0.682386 0.159497
-0.713379 -0.682386 0.159497
-0.306361 -0.521656 -0.796253
-0.306361 -0.521655 -0.796253
-0.627036 0.670989 0.395727
-0.239816 0.823895 -0.513503
0.681366 0.718645 -0.138891
0.294163 0.56574 0.770328
BONE = 30
BONE_NAME = HandRt
PARENT_ID = 29
LOCALTM 
MAT 0.0436599 -0.55662 -0.829646 0.0
MAT -0.360139 0.765805 -0.532763 0.0
MAT 0.931852 0.322058 -0.167011 0.0
MAT 0.916481 -1.19209e-007 4.17233e-007 1.0
WORLDTM 
MAT -0.0252764 -0.646286 -0.119445 0.0
MAT -0.608488 -0.0221721 0.248628 0.0
MAT -0.248337 0.120058 -0.59707 0.0
MAT -0.540246 0.672764 -0.696465 1.0
VERTEX = 9
-0.729789 -0.109767 -0.902871
-0.730906 -0.114603 -0.894189
-0.733329 -0.122943 -0.899146
-0.732212 -0.118107 -0.907828
-0.73372 -0.115052 -0.901136
-0.733832 -0.115536 -0.900268
-0.734074 -0.11637 -0.900764
-0.733962 -0.115886 -0.901632
-0.733897 -0.115711 -0.90095
INDEX = 14
4 5 7
6 7 5
1 2 5
6 5 2
0 1 4
5 4 1
7 6 3
2 3 6
4 7 0
3 0 7
8 1 0
8 2 1
8 3 2
8 0 3
FACE-NORMAL = 14
0.963781 -0.265586 -0.0242991
0.963781 -0.265586 -0.0242991
0.727622 0.181752 -0.661463
0.727622 0.181752 -0.661463
0.464622 -0.797576 -0.384706
0.464622 -0.797576 -0.384706
0.82485 0.442244 0.352197
0.82485 0.442244 0.352197
0.561828 -0.537178 0.629117
0.561828 -0.537178 0.629117
-0.510151 0.777526 0.367695
-0.760338 -0.154126 0.630977
-0.852842 -0.401934 -0.333332
-0.602634 0.529808 -0.59677
BONE = 31
BONE_NAME = HitTestFuzzy02
PARENT_ID = 30
LOCALTM 
MAT 0.168461 -0.65795 -0.287935 0.0
MAT -1.39702 -0.0986576 -0.591833 0.0
MAT 0.489264 0.680807 -1.26841 0.0
MAT 1.24574 0.195255 0.174574 1.0
WORLDTM 
MAT 0.467601 -0.128855 -0.0117893 0.0
MAT 0.242318 0.834008 0.495703 0.0
MAT -0.111637 -0.483582 0.868155 0.0
MAT -0.733897 -0.115711 -0.90095 1.0
VERTEX = 9
0.0112818 0.937212 -0.0143139
0.00848832 0.941197 -0.0187376
0.00845092 0.946072 -0.014322
0.0112444 0.942086 -0.00989837
0.00703078 0.940248 -0.0132938
0.00675143 0.940647 -0.0137362
0.00674769 0.941134 -0.0132946
0.00702704 0.940736 -0.0128522
0.00688923 0.940691 -0.0132942
INDEX = 14
4 5 7
6 7 5
1 2 5
6 5 2
0 1 4
5 4 1
7 6 3
2 3 6
4 7 0
3 0 7
8 1 0
8 2 1
8 3 2
8 0 3
FACE-NORMAL = 14
0.905308 0.288961 -0.311318
0.905308 0.288961 -0.311318
0.921311 -0.257134 0.291665
0.921311 -0.257134 0.291665
0.601392 0.744171 0.290753
0.601392 0.744171 0.290753
0.609846 -0.357561 -0.707275
0.609846 -0.357561 -0.707275
0.289925 0.643747 -0.70819
0.289925 0.643747 -0.70819
-0.636128 -0.728373 -0.254584
-0.940471 0.224183 -0.255452
-0.644171 0.319721 0.694854
-0.339825 -0.632839 0.695726
BONE = 32
BONE_NAME = ShoulderLft
PARENT_ID = 11
LOCALTM 
MAT 0.327363 0.176456 -0.928265 0.0
MAT -0.37948 0.924258 0.0418661 0.0
MAT 0.865353 0.338558 0.369533 0.0
MAT 0.301401 0.0236324 0.00216885 1.0
WORLDTM 
MAT 0.595423 0.19005 -0.204754 0.0
MAT 0.00374022 -0.487436 -0.441555 0.0
MAT -0.279346 0.398575 -0.442364 0.0
MAT 0.00688923 0.940691 -0.0132942 1.0
VERTEX = 9
0.355308 1.04685 -0.131198
0.353957 1.04862 -0.137384
0.359612 1.05197 -0.137658
0.360963 1.05019 -0.131472
0.355708 1.05184 -0.132997
0.355572 1.05202 -0.133616
0.356138 1.05235 -0.133643
0.356273 1.05218 -0.133024
0.355923 1.0521 -0.13332
INDEX = 14
4 5 7
6 7 5
1 2 5
6 5 2
0 1 4
5 4 1
7 6 3
2 3 6
4 7 0
3 0 7
8 1 0
8 2 1
8 3 2
8 0 3
FACE-NORMAL = 14
0.467441 -0.817298 -0.336932
0.467441 -0.817298 -0.336932
0.465465 -0.747602 0.473744
0.465465 -0.747602 0.473744
0.951794 -0.168462 -0.256339
0.951794 -0.168462 -0.256339
-0.326383 -0.92502 -0.194453
-0.326383 -0.92502 -0.194453
0.159935 -0.345881 -0.924547
0.159935 -0.345881 -0.924547
-0.938509 0.218053 0.267684
-0.475856 0.768996 -0.426855
0.27744 0.937777 0.208811
-0.185202 0.386834 0.90336
BONE = 33
BONE_NAME = ArmLft
PARENT_ID = 32
LOCALTM 
MAT 0.291901 0.834571 -0.467206 0.0
MAT -0.938413 0.344336 0.0287591 0.0
MAT 0.184857 0.430025 0.883684 0.0
MAT 0.586194 -1.19209e-007 0.0 1.0
WORLDTM 
MAT 0.307438 -0.537541 -0.221602 0.0
MAT -0.565498 -0.334725 0.0273786 0.0
MAT -0.135177 0.177737 -0.61864 0.0
MAT 0.355923 1.0521 -0.13332 1.0
VERTEX = 9
0.573958 0.664266 -0.296757
0.570734 0.667722 -0.292183
0.575423 0.672329 -0.292359
0.578648 0.668874 -0.296932
0.576266 0.666307 -0.292416
0.575943 0.666653 -0.291959
0.576412 0.667113 -0.291976
0.576735 0.666768 -0.292434
0.576339 0.66671 -0.292196
INDEX = 14
4 5 7
6 7 5
1 2 5
6 5 2
0 1 4
5 4 1
7 6 3
2 3 6
4 7 0
3 0 7
8 1 0
8 2 1
8 3 2
8 0 3
FACE-NORMAL = 14
-0.501253 0.48277 -0.718108
-0.501253 0.48277 -0.718108
0.0290782 -0.0675446 -0.997292
0.0290781 -0.0675445 -0.997292
0.194679 0.843734 -0.500213
0.194679 0.843734 -0.500213
-0.865305 -0.197806 -0.460566
-0.865305 -0.197807 -0.460566
-0.699732 0.713471 0.036533
-0.699732 0.713471 0.0365332
-0.149757 -0.836794 0.526638
0.00778074 0.0301198 0.999516
0.85862 0.15404 0.48892
0.70111 -0.712873 0.0160242
BONE = 34
BONE_NAME = ForeArmLft
PARENT_ID = 33
LOCALTM 
