EXPORTER_V17
ANIMATION_EXPORT
BONEOBJECT_COUNT = 45
VERTEX = 9
-0.0059653 0.534319 -0.0824935
-0.0059653 0.538162 -0.0878307
0.000610434 0.53827 -0.0877533
0.000610433 0.534426 -0.0824161
-0.00307242 0.538765 -0.0829391
-0.00307242 0.539149 -0.0834728
-0.00241484 0.53916 -0.0834651
-0.00241484 0.538775 -0.0829314
-0.00274363 0.538962 -0.0832021
INDEX = 14
4 5 7
6 7 5
1 2 5
6 5 2
0 1 4
5 4 1
7 6 3
2 3 6
4 7 0
3 0 7
8 1 0
8 2 1
8 3 2
8 0 3
FACE-NORMAL = 14
0.0201302 -0.811326 -0.584247
0.0201302 -0.811326 -0.584247
0.0134663 -0.977104 0.212336
0.0134663 -0.977104 0.212335
0.75661 -0.530607 -0.382097
0.75661 -0.530607 -0.382097
-0.729677 -0.554891 -0.399584
-0.729677 -0.554891 -0.399584
0.0134665 -0.108393 -0.994017
0.0134665 -0.108393 -0.994017
-0.721198 0.562143 0.404807
-0.0142341 0.986903 -0.160686
0.692729 0.585245 0.421443
-0.0142343 0.160485 0.986936
BONE = 0
BONE_NAME = Root
PARENT_ID = -1
LOCALTM 
MAT 0.0132398 -0.533614 -0.384263 0.0
MAT -0.657573 -0.0107439 -0.00773694 0.0
MAT 0.0 0.384341 -0.533722 0.0
MAT -0.00274363 0.538962 -0.0832021 1.0
WORLDTM 
MAT 0.0132398 -0.533614 -0.384263 0.0
MAT -0.657573 -0.0107439 -0.00773694 0.0
MAT 0.0 0.384341 -0.533722 0.0
MAT -0.00274363 0.538962 -0.0832021 1.0
VERTEX = 9
0.00275559 0.446119 -0.145193
-0.00382142 0.446094 -0.145204
-0.00382142 0.448618 -0.151277
0.00275559 0.448643 -0.151267
-0.00021754 0.45028 -0.146669
-0.000875241 0.450278 -0.14667
-0.000875241 0.45053 -0.147277
-0.00021754 0.450533 -0.147276
-0.000546391 0.450405 -0.146973
INDEX = 14
4 5 7
6 7 5
1 2 5
6 5 2
0 1 4
5 4 1
7 6 3
2 3 6
4 7 0
3 0 7
8 1 0
8 2 1
8 3 2
8 0 3
FACE-NORMAL = 14
0.00409812 -0.923431 -0.383743
0.00409812 -0.923431 -0.383743
0.746029 -0.61493 -0.255542
0.746029 -0.61493 -0.255542
0.00274097 -0.332507 -0.943097
0.00274097 -0.332507 -0.943097
0.00274202 -0.902979 0.429676
0.00274202 -0.902979 0.429676
-0.740546 -0.620556 -0.257879
-0.740546 -0.620556 -0.257879
-0.00289731 0.381615 0.924317
-0.709999 0.650288 0.270235
-0.0028983 0.924314 -0.381623
0.704203 0.655641 0.272459
BONE = 1
BONE_NAME = Tail01
PARENT_ID = 0
LOCALTM 
MAT 0.973487 0.0155015 -0.228218 0.0
MAT -0.228173 -0.00459496 -0.97361 0.0
MAT -0.0161407 0.999869 -0.000936002 0.0
MAT 0.165957 0.0 -1.19209e-007 1.0
WORLDTM 
MAT 0.00269536 -0.607346 -0.25239 0.0
MAT 4.61936e-007 -0.252392 0.607351 0.0
MAT -0.657701 -0.00248929 -0.00103408 0.0
MAT -0.000546391 0.450405 -0.146973 1.0
VERTEX = 9
0.00335887 0.252321 -0.224185
-0.0032036 0.252628 -0.224497
-0.00313341 0.248748 -0.229807
0.00342906 0.24844 -0.229495
0.000653499 0.253364 -0.228649
-2.74775e-006 0.253394 -0.22868
4.27151e-006 0.253006 -0.229211
0.000660518 0.252975 -0.22918
0.000328885 0.253185 -0.22893
INDEX = 14
4 5 7
6 7 5
1 2 5
6 5 2
0 1 4
5 4 1
7 6 3
2 3 6
4 7 0
3 0 7
8 1 0
8 2 1
8 3 2
8 0 3
FACE-NORMAL = 14
-0.0657301 -0.806034 0.588208
-0.0657301 -0.806034 0.588208
0.697673 -0.573985 0.428711
0.697673 -0.573985 0.428711
-0.0360385 -0.977764 -0.206586
-0.0360385 -0.977764 -0.206586
-0.0519038 -0.100653 0.993567
-0.0519038 -0.100652 0.993567
-0.785615 -0.504432 0.358269
-0.785616 -0.504432 0.358269
0.0389317 0.987157 0.154936
-0.659059 0.603036 -0.449432
0.0540247 0.152747 -0.986787
0.752015 0.536869 -0.38242
BONE = 2
BONE_NAME = Tail02
PARENT_ID = 1
LOCALTM 
MAT 0.518327 0.852486 0.0678555 0.0
MAT -0.854687 0.519094 0.00717014 0.0
MAT -0.0291108 -0.0617119 0.99767 0.0
MAT 0.324725 0.0 0.0 1.0
WORLDTM 
MAT -0.0432311 -0.530134 0.386868 0.0
MAT -0.00701925 0.388058 0.530979 0.0
MAT -0.656247 0.0307724 -0.0311652 0.0
MAT 0.000328885 0.253185 -0.22893 1.0
VERTEX = 9
-0.0122255 0.0563552 -0.0802043
-0.0187186 0.0563815 -0.0791574
-0.0187186 0.0498065 -0.0789919
-0.0122255 0.0497802 -0.0800388
-0.015671 0.0533266 -0.0829043
-0.0163203 0.0533292 -0.0827996
-0.0163203 0.0526717 -0.082783
-0.015671 0.0526691 -0.0828877
-0.0159957 0.0529992 -0.0828437
INDEX = 14
4 5 7
6 7 5
1 2 5
6 5 2
0 1 4
5 4 1
7 6 3
2 3 6
4 7 0
3 0 7
8 1 0
8 2 1
8 3 2
8 0 3
FACE-NORMAL = 14
0.159231 0.0248452 0.986929
0.159231 0.0248452 0.986929
0.84033 0.0136467 0.541904
0.84033 0.0136467 0.541904
0.106523 -0.726438 0.678926
0.106523 -0.726438 0.678926
0.106517 0.759679 0.641515
0.106517 0.759679 0.641515
-0.627292 0.0195944 0.778538
-0.627292 0.0195944 0.778538
-0.112596 0.689315 -0.715659
-0.810678 -0.0147391 -0.585307
-0.11259 -0.724451 -0.680069
0.585493 -0.0203973 -0.810421
BONE = 3
BONE_NAME = Tail03
PARENT_ID = 2
LOCALTM 
MAT 0.550026 0.809727 -0.204479 0.0
MAT -0.820581 0.569513 0.0479693 0.0
MAT 0.155297 0.141405 0.977695 0.0
MAT 0.377614 0.0 -1.56462e-007 1.0
WORLDTM 
MAT 0.104727 0.0163408 0.649109 0.0
MAT -2.63751e-006 0.657498 -0.0165513 0.0
MAT -0.649315 0.00263143 0.104693 0.0
MAT -0.0159957 0.0529992 -0.0828437 1.0
VERTEX = 9
0.0369273 0.0639073 0.222861
0.0305478 0.0638969 0.224461
0.0305478 0.05732 0.224418
0.0369273 0.0573304 0.222819
0.0332565 0.0609637 0.220372
0.0326186 0.0609627 0.220532
0.0326186 0.060305 0.220528
0.0332565 0.060306 0.220368
0.0329375 0.0606343 0.22045
INDEX = 14
4 5 7
6 7 5
1 2 5
6 5 2
0 1 4
5 4 1
7 6 3
2 3 6
4 7 0
3 0 7
8 1 0
8 2 1
8 3 2
8 0 3
FACE-NORMAL = 14
0.243266 -0.00629369 0.969939
0.243266 -0.00629369 0.969939
0.883699 -0.00303383 0.468045
0.883699 -0.00303383 0.468045
0.162737 -0.747489 0.644032
0.162737 -0.747489 0.644032
0.162735 0.739068 0.653678
0.162735 0.739068 0.653678
-0.558233 -0.0053867 0.829667
-0.558233 -0.0053867 0.829667
-0.172015 0.711542 -0.681262
-0.857878 0.00333115 -0.513843
-0.172014 -0.702642 -0.690439
0.513854 0.00556948 -0.85786
BONE = 4
BONE_NAME = Tail04
PARENT_ID = 3
LOCALTM 
MAT 0.995839 -0.030702 -0.0857916 0.0
MAT 0.0312482 0.999498 0.00503682 0.0
MAT 0.0855885 -0.00769773 0.996301 0.0
MAT 0.467247 0.0 1.75554e-007 1.0
WORLDTM 
MAT 0.159997 -0.00413939 0.637934 0.0
MAT -5.96046e-007 0.657691 0.00426778 0.0
MAT -0.63795 -0.00104096 0.159989 0.0
MAT 0.0329375 0.0606343 0.22045 1.0
VERTEX = 9
0.0995732 0.0627057 0.482613
0.093454 0.0624345 0.480217
0.093454 0.0558992 0.480957
0.0995732 0.0561704 0.483353
0.0980251 0.0592987 0.478827
0.0974132 0.0592716 0.478588
0.0974132 0.0586181 0.478662
0.0980251 0.0586452 0.478901
0.0977191 0.0589584 0.478745
INDEX = 14
4 5 7
6 7 5
1 2 5
6 5 2
0 1 4
5 4 1
7 6 3
2 3 6
4 7 0
3 0 7
8 1 0
8 2 1
8 3 2
8 0 3
FACE-NORMAL = 14
-0.366591 0.104629 0.92448
-0.366591 0.104629 0.92448
0.446305 0.100648 0.889203
0.446305 0.100648 0.889203
-0.245228 -0.668584 0.702039
-0.245228 -0.668584 0.702039
-0.245245 0.808573 0.53485
-0.245244 0.808573 0.53485
-0.936787 0.0393381 0.347683
-0.936787 0.039338 0.347683
0.259211 0.628635 -0.733231
-0.398655 -0.103147 -0.911282
0.259227 -0.776606 -0.574182
0.917101 -0.0448213 -0.396127
BONE = 5
BONE_NAME = Tail05
PARENT_ID = 4
LOCALTM 
MAT 0.806852 0.110628 0.580298 0.0
MAT -0.115342 0.992905 -0.0289178 0.0
MAT -0.579393 -0.0436024 0.813885 0.0
MAT 0.404892 0.0 0.0 1.0
WORLDTM 
MAT -0.241107 0.0688149 0.608032 0.0
MAT -6.84708e-006 0.653532 -0.0739696 0.0
MAT -0.611919 -0.0271258 -0.239588 0.0
MAT 0.0977191 0.0589584 0.478745 1.0
VERTEX = 9
-0.0240417 0.0974175 0.796052
-0.0304261 0.0975206 0.794475
-0.030426 0.0909576 0.794045
-0.0240416 0.0908545 0.795622
-0.0261246 0.094719 0.791963
-0.026763 0.0947293 0.791806
-0.026763 0.094073 0.791763
-0.0261246 0.0940627 0.79192
-0.0264438 0.094396 0.791863
INDEX = 14
4 5 7
6 7 5
1 2 5
6 5 2
0 1 4
5 4 1
7 6 3
2 3 6
4 7 0
3 0 7
8 1 0
8 2 1
8 3 2
8 0 3
FACE-NORMAL = 14
-0.240251 -0.0633863 0.968639
-0.240251 -0.0633863 0.968639
0.560787 -0.0540487 0.826194
0.560787 -0.0540487 0.826194
-0.160709 -0.784108 0.599456
-0.160709 -0.784108 0.599456
-0.160729 0.699308 0.696516
-0.160729 0.699308 0.696516
-0.882253 -0.0307573 0.46977
-0.882253 -0.0307573 0.46977
0.169873 0.750416 -0.638764
-0.516497 0.0558993 -0.854463
0.169893 -0.66078 -0.731099
0.856289 0.033742 -0.515393
BONE = 6
BONE_NAME = Tail06
PARENT_ID = 5
LOCALTM 
MAT 0.976922 -0.171916 -0.126699 0.0
MAT 0.16477 0.984192 -0.06492 0.0
MAT 0.135837 0.0425501 0.989826 0.0
MAT 0.51497 0.0 -2.98023e-007 1.0
WORLDTM 
MAT -0.158012 -0.0416891 0.637072 0.0
MAT -8.23289e-006 0.656301 0.0429393 0.0
MAT -0.638445 0.0103056 -0.157705 0.0
MAT -0.0264438 0.094396 0.791863 1.0
VERTEX = 9
-0.0950483 0.0779952 1.08743
-0.101492 0.077911 1.08875
-0.101628 0.0714253 1.08766
-0.0951847 0.0715095 1.08635
-0.0986651 0.0755832 1.08436
-0.0993095 0.0755748 1.08449
-0.0993231 0.0749262 1.08438
-0.0986787 0.0749346 1.08425
-0.0989941 0.0752547 1.08437
INDEX = 14
4 5 7
6 7 5
1 2 5
6 5 2
0 1 4
5 4 1
7 6 3
2 3 6
4 7 0
3 0 7
8 1 0
8 2 1
8 3 2
8 0 3
FACE-NORMAL = 14
0.199412 -0.165564 0.965828
0.199412 -0.165564 0.965828
0.861568 -0.101232 0.497446
0.861568 -0.101232 0.497446
0.117982 -0.843729 0.523643
0.117982 -0.843729 0.523643
0.148816 0.62222 0.768568
0.148816 0.62222 0.768568
-0.594856 -0.120282 0.794782
-0.594857 -0.120282 0.794782
-0.126339 0.814359 -0.566443
-0.833722 0.10801 -0.541517
-0.155672 -0.58022 -0.799444
0.551795 0.126134 -0.824386
BONE = 7
BONE_NAME = TailTIP
PARENT_ID = 6
LOCALTM 
MAT 0.898111 -0.102152 -0.427704 0.0
MAT 0.092106 0.994769 -0.0441754 0.0
MAT 0.429924 0.000298704 0.902883 0.0
MAT 0.459143 0.0 -1.19209e-007 1.0
WORLDTM 
MAT 0.131153 -0.108892 0.635226 0.0
MAT 0.0136415 0.648572 0.10836 0.0
MAT -0.644374 -0.00842234 0.131517 0.0
MAT -0.0989941 0.0752547 1.08437 1.0
VERTEX = 9
-0.0021232 0.552622 -0.0737213
-0.0021232 0.559199 -0.0737213
0.00445387 0.559199 -0.0737213
0.00445387 0.552622 -0.0737213
0.000836483 0.555581 -0.0704328
0.000836483 0.556239 -0.0704328
0.00149419 0.556239 -0.0704328
0.00149419 0.555581 -0.0704328
0.00116534 0.55591 -0.0704328
INDEX = 14
4 5 7
6 7 5
1 2 5
6 5 2
0 1 4
5 4 1
7 6 3
2 3 6
4 7 0
3 0 7
8 1 0
8 2 1
8 3 2
8 0 3
FACE-NORMAL = 14
-7.81641e-007 -2.54883e-007 -1.0
-7.81641e-007 -2.54883e-007 -1.0
-7.58654e-007 -0.743294 -0.668965
-7.58654e-007 -0.743294 -0.668965
0.743294 0.0 -0.668965
0.743294 0.0 -0.668965
-0.743295 -2.37869e-007 -0.668964
-0.743295 -2.37869e-007 -0.668964
-2.87127e-007 0.743294 -0.668965
-2.87127e-007 0.743294 -0.668965
-0.707106 0.0 0.707107
7.76989e-007 0.707107 0.707107
0.707107 2.44311e-007 0.707106
3.28418e-007 -0.707107 0.707107
BONE = 8
BONE_NAME = Dummy01
PARENT_ID = 0
LOCALTM 
MAT 0.584247 0.0117643 0.811491 0.0
MAT -0.0201305 0.999798 -7.41933e-007 0.0
MAT -0.811327 -0.0163357 0.584366 0.0
MAT -0.03213 -0.00659145 -0.000696898 1.0
WORLDTM 
MAT -5.1409e-007 -1.67638e-007 -0.657706 0.0
MAT -0.657707 0.0 4.28408e-007 0.0
MAT 2.08616e-007 0.657706 0.0 0.0
MAT 0.00116534 0.55591 -0.0704328 1.0
VERTEX = 9
0.00443084 0.56057 -0.0706813
-0.00214607 0.56054 -0.0706473
-0.00210016 0.556126 -0.0657709
0.00447675 0.556157 -0.065805
0.00149189 0.556132 -0.0706783
0.000834195 0.556129 -0.0706749
0.000838786 0.555688 -0.0701873
0.00149648 0.555691 -0.0701907
0.00116534 0.55591 -0.0704328
INDEX = 14
4 5 7
6 7 5
1 2 5
6 5 2
0 1 4
5 4 1
7 6 3
2 3 6
4 7 0
3 0 7
8 1 0
8 2 1
8 3 2
8 0 3
FACE-NORMAL = 14
1.2461e-006 0.741435 0.671025
1.2461e-006 0.741435 0.671025
0.743276 0.499476 0.445044
0.743276 0.499476 0.445045
0.00518949 -0.00276345 0.999983
0.00518949 -0.00276333 0.999983
-0.00518782 0.994751 -0.102198
-0.00518782 0.99475 -0.102198
-0.743276 0.492511 0.45274
-0.743276 0.492511 0.45274
-0.00493693 -0.0497985 -0.998747
-0.707089 -0.527587 -0.470826
0.00493516 -0.998748 0.049774
0.70709 -0.520961 -0.478147
BONE = 9
BONE_NAME = SpineUp01
PARENT_ID = 8
LOCALTM 
MAT -0.671025 -4.8642e-007 0.741434 0.0
MAT 0.741417 0.00698025 0.671009 0.0
MAT -0.00517481 0.999976 -0.00468646 0.0
MAT 0.0 0.0 0.0 1.0
WORLDTM 
MAT 8.19564e-007 0.487646 0.441337 0.0
MAT -0.0045912 0.441327 -0.487634 0.0
MAT -0.657691 -0.00308237 0.00340393 0.0
MAT 0.00116534 0.55591 -0.0704328 1.0
VERTEX = 9
0.00485169 0.654161 0.0140834
-0.00168769 0.654775 0.0144263
-0.00183255 0.65046 0.0193879
0.00470684 0.649846 0.019045
0.00149978 0.650033 0.0143186
0.00084584 0.650094 0.0143528
0.000831354 0.649663 0.014849
0.00148529 0.649601 0.0148147
0.00116557 0.649848 0.0145838
INDEX = 14
4 5 7
6 7 5
1 2 5
6 5 2
0 1 4
5 4 1
7 6 3
2 3 6
4 7 0
3 0 7
8 1 0
8 2 1
8 3 2
8 0 3
FACE-NORMAL = 14
0.104608 0.748911 0.654362
0.104608 0.748911 0.654362
0.809012 0.43163 0.398994
0.809011 0.43163 0.398994
0.0536088 0.0133453 0.998473
0.0536088 0.0133454 0.998473
0.0863497 0.988645 -0.122983
0.0863497 0.988645 -0.122983
-0.669059 0.570361 0.476496
-0.669059 0.570361 0.476496
-0.0583958 -0.0656515 -0.996132
-0.777022 -0.463571 -0.425839
-0.0895427 -0.993469 0.0707252
0.629089 -0.595549 -0.499568
BONE = 10
BONE_NAME = SpineUp02
PARENT_ID = 9
LOCALTM 
MAT 0.994362 0.0166406 -0.104726 0.0
MAT -0.0197804 0.999383 -0.0290012 0.0
MAT 0.104174 0.0309089 0.994079 0.0
MAT 0.192635 2.98023e-007 0.0 1.0
WORLDTM 
MAT 0.0688014 0.492563 0.430378 0.0
MAT 0.0144854 0.431498 -0.496162 0.0
MAT -0.653939 0.0613769 0.0342875 0.0
MAT 0.00116557 0.649848 0.0145838 1.0
VERTEX = 9
0.023617 0.79276 0.133029
0.0170607 0.792246 0.133121
0.0171463 0.792329 0.139696
0.0237026 0.792843 0.139605
0.020963 0.789288 0.136067
0.0203073 0.789237 0.136076
0.0203159 0.789245 0.136734
0.0209715 0.789296 0.136725
0.0206394 0.789266 0.136401
INDEX = 14
4 5 7
6 7 5
1 2 5
6 5 2
0 1 4
5 4 1
7 6 3
2 3 6
4 7 0
3 0 7
8 1 0
8 2 1
8 3 2
8 0 3
FACE-NORMAL = 14
-0.0783755 0.996857 -0.0115372
-0.0783755 0.996857 -0.0115372
0.68851 0.725001 -0.0180896
0.68851 0.725001 -0.0180896
-0.042758 0.676223 0.735455
-0.042758 0.676224 0.735455
-0.0621029 0.657501 -0.75089
-0.0621029 0.657501 -0.75089
-0.793378 0.608723 0.00265379
-0.793378 0.608723 0.00265379
0.0462183 -0.71379 -0.698833
-0.649448 -0.760192 0.0180247
0.0646213 -0.695979 0.715148
0.760295 -0.649576 -0.00170879
BONE = 11
BONE_NAME = SpineUp03
PARENT_ID = 10
LOCALTM 
MAT 0.730809 0.66098 0.170357 0.0
MAT -0.665047 0.745709 -0.0403641 0.0
MAT -0.153721 -0.0837989 0.984555 0.0
MAT 0.283047 5.36442e-007 3.05474e-007 1.0
WORLDTM 
MAT -0.0515479 0.655637 -0.00758806 0.0
MAT -0.00855868 -0.0082829 -0.657598 0.0
MAT -0.655629 -0.0514476 0.00917751 0.0
MAT 0.0206394 0.789266 0.136401 1.0
VERTEX = 9
0.00303744 0.974464 0.13865
0.00277357 0.980685 0.140767
0.00934483 0.980962 0.140772
0.0096087 0.974741 0.138655
0.00591805 0.976331 0.142719
0.00589166 0.976953 0.14293
0.00654879 0.97698 0.142931
0.00657518 0.976358 0.142719
0.00623342 0.976655 0.142825
INDEX = 14
4 5 7
6 7 5
1 2 5
6 5 2
0 1 4
5 4 1
7 6 3
2 3 6
4 7 0
3 0 7
8 1 0
8 2 1
8 3 2
8 0 3
FACE-NORMAL = 14
-0.0128584 0.321626 -0.946779
-0.0128584 0.321626 -0.946779
0.0212195 -0.487946 -0.872616
0.0212195 -0.487946 -0.872616
0.73403 0.246477 -0.63281
0.73403 0.246477 -0.63281
-0.751237 0.183835 -0.633915
-0.751237 0.183835 -0.633914
-0.0384231 0.918261 -0.394108
-0.0384231 0.918261 -0.394108
-0.697385 -0.25722 0.668949
-0.0192772 0.441448 0.89708
0.715572 -0.197628 0.67
0.0374617 -0.896298 0.441868
BONE = 12
BONE_NAME = Neck01
PARENT_ID = 11
LOCALTM 
MAT 0.332545 0.942739 -0.0255535 0.0
MAT 0.0363185 0.0142681 0.999243 0.0
MAT 0.942384 -0.333222 -0.0294963 0.0
MAT 0.285622 -0.0130695 -0.000313252 1.0
WORLDTM 
MAT -0.00845701 0.211535 -0.622701 0.0
MAT -0.657127 -0.027715 -0.000487685 0.0
MAT -0.0263874 0.62214 0.211705 0.0
MAT 0.00623342 0.976655 0.142825 1.0
VERTEX = 9
-0.00138562 1.08438 -0.188992
-0.00164022 1.08998 -0.19243
0.0049317 1.09023 -0.192509
0.0051863 1.08463 -0.189071
0.00142529 1.08873 -0.187772
0.00139983 1.08929 -0.188115
0.00205702 1.08931 -0.188123
0.00208248 1.08875 -0.18778
0.00174115 1.08902 -0.187947
INDEX = 14
4 5 7
6 7 5
1 2 5
6 5 2
0 1 4
5 4 1
7 6 3
2 3 6
4 7 0
3 0 7
8 1 0
8 2 1
8 3 2
8 0 3
FACE-NORMAL = 14
0.00969679 -0.522816 -0.852391
0.00969679 -0.522816 -0.852391
0.0352589 -0.982731 -0.181651
0.0352589 -0.982731 -0.181651
0.749193 -0.321435 -0.579128
0.749193 -0.321435 -0.579128
-0.73621 -0.378055 -0.56131
-0.73621 -0.378055 -0.56131
-0.0222854 0.283242 -0.958789
-0.0222854 0.283243 -0.958789
-0.713404 0.342755 0.611207
-0.034228 0.971855 0.23308
0.699682 0.396618 0.594256
0.0205148 -0.232484 0.972384
BONE = 13
BONE_NAME = Neck02
PARENT_ID = 12
LOCALTM 
MAT 0.638735 0.012966 -0.769291 0.0
MAT -0.0107424 0.99992 0.00792895 0.0
MAT 0.769346 0.00318901 0.638843 0.0
MAT 0.531189 0.0 -1.19209e-007 1.0
WORLDTM 
MAT 0.00637749 -0.343851 -0.56061 0.0
MAT -0.657192 -0.0250523 0.00788024 0.0
MAT -0.0254593 0.560105 -0.343828 0.0
MAT 0.00174115 1.08902 -0.187947 1.0
VERTEX = 9
0.00143434 0.935133 -0.429684
0.00131176 0.936656 -0.436082
0.00788205 0.936955 -0.436136
0.00800464 0.935432 -0.429739
0.00419682 0.939149 -0.431825
0.00418457 0.939301 -0.432465
0.0048416 0.939331 -0.43247
0.00485385 0.939179 -0.43183
0.00451921 0.93924 -0.432147
INDEX = 14
4 5 7
6 7 5
1 2 5
6 5 2
0 1 4
5 4 1
7 6 3
2 3 6
4 7 0
3 0 7
8 1 0
8 2 1
8 3 2
8 0 3
FACE-NORMAL = 14
0.0422661 -0.971794 -0.232015
0.0422661 -0.971794 -0.232015
0.0421272 -0.822119 0.567755
0.0421272 -0.822119 0.567755
0.770784 -0.616314 -0.1614
0.770783 -0.616314 -0.1614
-0.714217 -0.683877 -0.14902
-0.714217 -0.683877 -0.14902
0.0144212 -0.478064 -0.878206
0.0144212 -0.478064 -0.878206
-0.736247 0.655026 0.169948
-0.0430648 0.850809 -0.523708
0.676457 0.719297 0.15817
-0.0167079 0.523507 0.851857
BONE = 14
BONE_NAME = Head
PARENT_ID = 13
LOCALTM 
MAT 0.706229 -0.00802083 -0.707886 0.0
MAT 0.00697146 0.99999 -0.00437466 0.0
MAT 0.707922 -0.00183944 0.706307 0.0
MAT 0.435597 0.0 -1.19209e-007 1.0
WORLDTM 
MAT 0.0277975 -0.639127 -0.152591 0.0
MAT -0.65703 -0.0298994 0.00547603 0.0
MAT -0.0122585 0.152232 -0.639731 0.0
MAT 0.00451921 0.93924 -0.432147 1.0
VERTEX = 9
0.00610139 0.82734 -0.458065
0.00583732 0.83234 -0.46233
0.0124081 0.832641 -0.462385
0.0126722 0.82764 -0.45812
0.00886278 0.831856 -0.457506
0.00883637 0.832356 -0.457932
0.00949345 0.832386 -0.457938
0.00951986 0.831886 -0.457511
0.00917812 0.832121 -0.457722
INDEX = 14
4 5 7
6 7 5
1 2 5
6 5 2
0 1 4
5 4 1
7 6 3
2 3 6
4 7 0
3 0 7
8 1 0
8 2 1
8 3 2
8 0 3
FACE-NORMAL = 14
0.023306 -0.648024 -0.761263
0.023306 -0.648024 -0.761263
0.0454337 -0.998594 -0.0273069
0.0454337 -0.998594 -0.027307
0.758084 -0.399543 -0.515435
0.758084 -0.399543 -0.515435
-0.7269 -0.467468 -0.503081
-0.7269 -0.467468 -0.503081
-0.0142517 0.131576 -0.991204
-0.0142517 0.131577 -0.991204
-0.722825 0.425913 0.544171
-0.0448698 0.9958 0.0798072
0.689863 0.490531 0.532418
0.0119098 -0.0793488 0.996776
BONE = 15
BONE_NAME = Jaw
PARENT_ID = 14
LOCALTM 
MAT 0.807306 -0.000178978 0.589983 0.0
MAT 0.00023251 1.00009 -3.85903e-005 0.0
MAT -0.590052 0.000163719 0.80737 0.0
MAT 0.167602 0.0 0.0 1.0
WORLDTM 
MAT 0.0153264 -0.426151 -0.500619 0.0
MAT -0.657079 -0.0300565 0.0054657 0.0
MAT -0.0264067 0.500022 -0.426461 0.0
MAT 0.00917812 0.832121 -0.457722 1.0
VERTEX = 9
-0.0929608 0.973609 -0.459242
-0.0929182 0.97347 -0.449243
-0.0951932 0.963733 -0.449367
-0.0952357 0.963871 -0.459366
-0.098834 0.970301 -0.454762
-0.0988297 0.970287 -0.453762
-0.0990572 0.969314 -0.453774
-0.0990615 0.969327 -0.454774
-0.0989456 0.969807 -0.454268
INDEX = 14
4 5 7
6 7 5
1 2 5
6 5 2
0 1 4
5 4 1
7 6 3
2 3 6
4 7 0
3 0 7
8 1 0
8 2 1
8 3 2
8 0 3
FACE-NORMAL = 14
0.973782 -0.227365 -0.00728744
0.973782 -0.227365 -0.00728744
0.648262 -0.141826 -0.748092
0.648262 -0.141826 -0.748092
0.482349 -0.875866 -0.0141139
0.482349 -0.875866 -0.0141139
0.820496 0.571635 0.00436338
0.820496 0.571636 0.00436338
0.65459 -0.162373 0.738341
0.65459 -0.162373 0.738341
-0.527724 0.849302 0.013942
-0.685558 0.150998 0.712186
-0.849405 -0.527729 -0.00363566
-0.691578 0.170545 -0.701879
BONE = 16
BONE_NAME = Unit_Zerg_Hydralisk_Jaw_03
PARENT_ID = 14
LOCALTM 
MAT 0.401117 -1.46323 -0.0968103 0.0
MAT -1.42859 -0.412623 0.317791 0.0
MAT -0.33211 0.00715199 -1.48371 0.0
MAT -0.0440142 0.154746 0.0464011 1.0
WORLDTM 
MAT 0.973726 -0.227352 -0.00728701 0.0
MAT 0.227499 0.973765 0.0124299 0.0
MAT 0.00425711 -0.0138219 0.99989 0.0
MAT -0.0989456 0.969807 -0.454268 1.0
VERTEX = 9
-0.084536 1.11739 -0.133018
-0.087267 1.12319 -0.125343
-0.086981 1.11526 -0.119252
-0.08425 1.10946 -0.126927
-0.090444 1.11549 -0.127823
-0.0907171 1.11607 -0.127055
-0.0906885 1.11528 -0.126446
-0.0904154 1.1147 -0.127214
-0.0905663 1.11539 -0.127134
INDEX = 14
4 5 7
6 7 5
1 2 5
6 5 2
0 1 4
5 4 1
7 6 3
2 3 6
4 7 0
3 0 7
8 1 0
8 2 1
8 3 2
8 0 3
FACE-NORMAL = 14
0.961565 0.188291 0.199849
0.961565 0.188291 0.199849
0.84624 -0.305102 -0.436796
0.84624 -0.305102 -0.436796
0.664517 -0.463187 0.586408
0.664518 -0.463187 0.586408
0.621989 0.715094 -0.319015
0.621989 0.715094 -0.319015
0.440262 0.557032 0.704191
0.440262 0.557032 0.704191
-0.700159 0.427322 -0.571991
-0.873033 0.276935 0.401399
-0.659699 -0.693593 0.289352
-0.486821 -0.543227 -0.684039
BONE = 17
BONE_NAME = Karapis_Bone02
PARENT_ID = 13
LOCALTM 
MAT -0.394486 -1.46804 0.0283259 0.0
MAT 0.158885 -0.0135185 1.51209 0.0
MAT -1.45975 0.39531 0.156932 0.0
MAT -0.101137 0.139815 -0.00876212 1.0
WORLDTM 
MAT 0.961547 0.188288 0.199845 0.0
MAT -0.0285992 0.792633 -0.609078 0.0
MAT -0.2731 0.579933 0.76751 0.0
MAT -0.0905663 1.11539 -0.127134 1.0
VERTEX = 9
0.0728754 1.12111 -0.135571
0.0754415 1.12706 -0.127952
0.0757275 1.11914 -0.121861
0.0731614 1.11319 -0.12948
0.0693285 1.1209 -0.128299
0.0695851 1.12149 -0.127537
0.0696137 1.1207 -0.126928
0.0693571 1.1201 -0.12769
0.0694711 1.1208 -0.127614
INDEX = 14
4 5 7
6 7 5
1 2 5
6 5 2
0 1 4
5 4 1
7 6 3
2 3 6
4 7 0
3 0 7
8 1 0
8 2 1
8 3 2
8 0 3
FACE-NORMAL = 14
0.966095 -0.134483 -0.220399
0.966095 -0.134483 -0.220399
0.455547 -0.532025 -0.713741
0.455547 -0.532025 -0.713741
0.667544 -0.679112 0.305273
0.667544 -0.679112 0.305273
0.625023 0.499174 -0.600144
0.625023 0.499174 -0.600144
0.837016 0.352089 0.418853
0.837016 0.352089 0.418853
-0.703359 0.655559 -0.274826
-0.501683 0.515633 0.694577
-0.662906 -0.465362 0.58651
-0.864578 -0.325439 -0.382876
BONE = 18
BONE_NAME = Karapis_Bone01
PARENT_ID = 13
LOCALTM 
MAT 0.406799 -1.46388 -0.0558363 0.0
MAT 0.158884 -0.0135217 1.51209 0.0
MAT -1.45638 -0.410389 0.149372 0.0
MAT -0.102455 -0.103636 -0.0107988 1.0
WORLDTM 
MAT 0.966069 -0.134479 -0.220393 0.0
MAT -0.0285971 0.792634 -0.609077 0.0
MAT 0.256613 0.594724 0.76187 0.0
MAT 0.0694711 1.1208 -0.127614 1.0
VERTEX = 9
-0.0322732 1.55468 0.0160654
-0.0323089 1.55619 0.0259509
-0.0319391 1.54631 0.027459
-0.0319034 1.5448 0.0175734
-0.0371193 1.55073 0.0212028
-0.0371229 1.55088 0.0221914
-0.0370859 1.54989 0.0223422
-0.0370823 1.54974 0.0213536
-0.0371026 1.55031 0.0217725
INDEX = 14
4 5 7
6 7 5
1 2 5
6 5 2
0 1 4
5 4 1
7 6 3
2 3 6
4 7 0
3 0 7
8 1 0
8 2 1
8 3 2
8 0 3
FACE-NORMAL = 14
0.999309 0.0371159 -0.00206714
0.999309 0.0371159 -0.00206714
0.67115 -0.0872316 -0.736172
0.67115 -0.0872316 -0.736171
0.695997 -0.709459 0.110711
0.695997 -0.709459 0.110711
0.641009 0.759099 -0.113474
0.641009 0.759099 -0.113474
0.665855 0.136891 0.733415
0.665855 0.136891 0.733415
-0.732775 0.672294 -0.105175
-0.709136 0.0803603 0.700477
-0.680462 -0.724767 0.108095
-0.7041 -0.132851 -0.697563
BONE = 19
BONE_NAME = Unit_Zerg_Hydralisk_Crest
PARENT_ID = 13
LOCALTM 
MAT -0.012073 -1.52031 -0.00914708 0.0
MAT -0.590393 -0.00374109 1.40116 0.0
MAT -1.4011 0.0147004 -0.590319 0.0
MAT -0.639068 0.0361349 0.432869 1.0
WORLDTM 
MAT 0.99929 0.0371152 -0.0020671 0.0
MAT -0.0369792 0.987899 -0.150809 0.0
MAT -0.0035674 0.150762 0.988556 0.0
MAT -0.0371026 1.55031 0.0217725 1.0
VERTEX = 9
-0.00590956 0.823001 0.143986
-0.00591226 0.823191 0.14523
-0.00586969 0.821948 0.14542
-0.00586699 0.821758 0.144176
-0.00652044 0.822506 0.144633
-0.00652071 0.822525 0.144757
-0.00651645 0.8224 0.144776
-0.00651618 0.822381 0.144652
-0.00651845 0.822453 0.144705
INDEX = 14
4 5 7
6 7 5
1 2 5
6 5 2
0 1 4
5 4 1
7 6 3
2 3 6
4 7 0
3 0 7
8 1 0
8 2 1
8 3 2
8 0 3
FACE-NORMAL = 14
0.999425 0.0337843 -0.00299607
0.999425 0.0337843 -0.00299607
0.670172 -0.0895055 -0.736789
0.670172 -0.0895054 -0.736789
0.69373 -0.71177 0.110103
0.69373 -0.711769 0.110103
0.64343 0.756952 -0.114108
0.64343 0.756952 -0.114108
0.666988 0.134708 0.73279
0.666988 0.134708 0.73279
-0.730627 0.674728 -0.10453
-0.708214 0.082759 0.70113
-0.682774 -0.722489 0.108765
-0.705186 -0.130539 -0.696902
BONE = 20
BONE_NAME = Spikes
PARENT_ID = 13
LOCALTM 
MAT -0.00103429 -0.191314 -0.00160183 0.0
MAT -0.0742968 -0.00107451 0.176317 0.0
MAT -0.176316 0.00157796 -0.0742854 0.0
MAT -0.219352 0.0340342 -0.609063 1.0
WORLDTM 
MAT 0.125764 0.00425131 -0.000377016 0.0
MAT -0.00425659 0.12433 -0.0189799 0.0
MAT -0.000270225 0.0189794 0.124398 0.0
MAT -0.00651845 0.822453 0.144705 1.0
VERTEX = 9
0.00194378 1.05473 -0.480177
0.00192231 1.05624 -0.470291
0.00226056 1.04636 -0.468783
0.00228204 1.04485 -0.478668
-0.0029107 1.0508 -0.475034
-0.00291284 1.05095 -0.474046
-0.00287902 1.04996 -0.473895
-0.00287687 1.04981 -0.474884
-0.00289486 1.05038 -0.474465
INDEX = 14
4 5 7
6 7 5
1 2 5
6 5 2
0 1 4
5 4 1
7 6 3
2 3 6
4 7 0
3 0 7
8 1 0
8 2 1
8 3 2
8 0 3
FACE-NORMAL = 14
0.999425 0.0337841 -0.00299591
0.999425 0.0337841 -0.00299591
0.670172 -0.0894988 -0.73679
0.670172 -0.0894988 -0.73679
0.69373 -0.711771 0.110095
0.69373 -0.711771 0.110095
0.64343 0.756953 -0.1141
0.64343 0.756953 -0.1141
0.666988 0.134701 0.732791
0.666988 0.134701 0.732791
-0.730627 0.674729 -0.104523
-0.708214 0.0827526 0.701131
-0.682774 -0.72249 0.108757
-0.705186 -0.130532 -0.696903
BONE = 21
BONE_NAME = Ref_Head
PARENT_ID = 13
LOCALTM 
MAT -0.0082192 -1.52031 -0.0127295 0.0
MAT -0.590426 -0.00853885 1.40113 0.0
MAT -1.40112 0.0125398 -0.590332 0.0
MAT 0.401987 0.00406067 0.177971 1.0
WORLDTM 
MAT 0.999406 0.0337835 -0.00299585 0.0
MAT -0.0338255 0.988011 -0.150816 0.0
MAT -0.00214722 0.150813 0.988551 0.0
MAT -0.00289486 1.05038 -0.474465 1.0
VERTEX = 9
-0.0315457 1.62696 0.758177
-0.0318176 1.63463 0.751773
-0.0320375 1.64103 0.759454
-0.0317656 1.63336 0.765858
-0.0367638 1.63312 0.758754
-0.036791 1.63388 0.758114
-0.036813 1.63452 0.758882
-0.0367858 1.63376 0.759522
-0.0367884 1.63382 0.758818
INDEX = 14
4 5 7
6 7 5
1 2 5
6 5 2
0 1 4
5 4 1
7 6 3
2 3 6
4 7 0
3 0 7
8 1 0
8 2 1
8 3 2
8 0 3
FACE-NORMAL = 14
0.999388 0.0349765 -0.000512979
0.999388 0.0349765 -0.000512979
0.688764 -0.547129 0.475661
0.688765 -0.547129 0.475661
0.652205 0.49912 0.570533
0.652205 0.49912 0.570533
0.684906 -0.452331 -0.571227
0.684906 -0.452331 -0.571227
0.648346 0.593922 -0.476344
0.648346 0.593922 -0.476344
-0.691119 -0.477293 -0.54272
-0.7259 0.518019 -0.452467
-0.722229 0.427836 0.543454
-0.687449 -0.56748 0.453189
BONE = 22
BONE_NAME = HitTestFuzzy01
PARENT_ID = 13
LOCALTM 
MAT -0.0123855 -1.52027 -0.0131569 0.0
MAT 1.5045 -0.0103565 -0.219527 0.0
MAT 0.219428 -0.0147856 1.50446 0.0
MAT -1.66068 0.0442495 -0.0448506 1.0
WORLDTM 
MAT 0.999369 0.0349758 -0.000512969 0.0
MAT 0.0219902 -0.640024 -0.768041 0.0
MAT -0.0271862 0.767578 -0.640407 0.0
MAT -0.0367884 1.63382 0.758818 1.0
VERTEX = 9
-0.16098 1.38842 0.0702801
-0.161033 1.38087 0.0768436
-0.161302 1.37431 0.0693008
-0.161249 1.38186 0.0627374
-0.166123 1.38218 0.0699238
-0.166128 1.38143 0.0705801
-0.166155 1.38077 0.0698258
-0.16615 1.38152 0.0691695
-0.166139 1.38148 0.0698748
INDEX = 14
4 5 7
6 7 5
1 2 5
6 5 2
0 1 4
5 4 1
7 6 3
2 3 6
4 7 0
3 0 7
8 1 0
8 2 1
8 3 2
8 0 3
FACE-NORMAL = 14
0.999624 -0.0216062 -0.0168674
0.999624 -0.0216062 -0.0168674
0.672617 0.546317 -0.499124
0.672617 0.546317 -0.499123
0.648706 -0.502064 -0.571937
0.648706 -0.502064 -0.571937
0.68872 0.473147 0.549359
0.68872 0.473148 0.54936
0.66481 -0.575244 0.476573
0.66481 -0.575244 0.476573
-0.687809 0.479149 0.545285
-0.710553 -0.518192 0.476016
-0.725873 -0.448584 -0.521421
-0.703129 0.548766 -0.452178
BONE = 23
BONE_NAME = Ref_Weapon Right
PARENT_ID = 13
LOCALTM 
MAT 0.0537916 -1.51766 -0.0734334 0.0
MAT -1.49865 -0.0651309 0.248282 0.0
MAT -0.250985 0.0636198 -1.49825 0.0
MAT -0.569104 0.242814 0.183627 1.0
WORLDTM 
MAT 0.999608 -0.0216059 -0.0168671 0.0
MAT 0.0269248 0.656007 0.754276 0.0
MAT -0.0052668 -0.754467 0.656345 0.0
MAT -0.166139 1.38148 0.0698748 1.0
VERTEX = 9
0.105632 1.35371 0.0723425
0.106232 1.34889 0.0810843
0.106302 1.34014 0.0762532
0.105702 1.34495 0.0675114
0.100943 1.34743 0.0743481
0.101003 1.34694 0.0752223
0.10101 1.34607 0.0747392
0.10095 1.34655 0.073865
0.100976 1.34675 0.0745436
INDEX = 14
4 5 7
6 7 5
1 2 5
6 5 2
0 1 4
5 4 1
7 6 3
2 3 6
4 7 0
3 0 7
8 1 0
8 2 1
8 3 2
8 0 3
FACE-NORMAL = 14
0.998171 0.0351771 -0.0491659
0.998171 0.0351771 -0.0491659
0.623125 0.381715 -0.682649
0.623125 0.381715 -0.682649
0.672979 -0.627254 -0.391984
0.672979 -0.627254 -0.391984
0.662504 0.674304 0.326195
0.662503 0.674304 0.326195
0.712359 -0.33466 0.616885
0.712359 -0.33466 0.616885
-0.710797 0.594229 0.376377
-0.663368 -0.365618 0.65289
-0.70083 -0.643963 -0.306838
-0.74826 0.315879 -0.583376
BONE = 24
BONE_NAME = Ref_Weapon Left
PARENT_ID = 13
LOCALTM 
MAT 0.0504919 -1.51932 0.0258445 0.0
MAT -1.32222 -0.0311815 0.750066 0.0
MAT -0.749017 -0.047363 -1.32231 0.0
MAT -0.543606 -0.160893 0.119221 1.0
WORLDTM 
MAT 0.998152 0.0351765 -0.0491649 0.0
MAT -0.00703639 0.875544 0.48311 0.0
MAT 0.060015 -0.481897 0.874182 0.0
MAT 0.100976 1.34675 0.0745436 1.0
VERTEX = 9
-0.0385794 1.40654 -0.0784544
-0.0385316 1.40668 -0.071879
-0.0388055 1.40011 -0.0717372
-0.0388533 1.39997 -0.0783126
-0.0419667 1.40379 -0.0754106
-0.0419619 1.4038 -0.0747531
-0.0419893 1.40314 -0.0747389
-0.041994 1.40313 -0.0753965
-0.041978 1.40346 -0.0750748
INDEX = 14
4 5 7
6 7 5
1 2 5
6 5 2
0 1 4
5 4 1
7 6 3
2 3 6
4 7 0
3 0 7
8 1 0
8 2 1
8 3 2
8 0 3
FACE-NORMAL = 14
0.999107 -0.0417658 -0.00639149
0.999107 -0.0417658 -0.00639149
0.662959 -0.0437399 -0.747377
0.662959 -0.0437399 -0.747377
0.637421 -0.770426 0.0117482
0.637421 -0.770426 0.0117482
0.699313 0.714527 -0.0202992
0.699313 0.714527 -0.0202992
0.673776 -0.0121395 0.738836
0.673776 -0.0121395 0.738836
-0.677036 0.735872 -0.0107243
-0.70133 0.0445637 0.711443
-0.735914 -0.676787 0.0197629
-0.711621 0.0145018 -0.702414
BONE = 25
BONE_NAME = Ref_Weapon
PARENT_ID = 13
LOCALTM 
MAT 0.0369838 -0.996758 -0.0709207 0.0
MAT -0.503483 -0.0798944 0.860333 0.0
MAT -0.863237 0.00390349 -0.50481 0.0
MAT -0.39689 0.0502761 0.319997 1.0
WORLDTM 
MAT 0.657103 -0.0274689 -0.00420362 0.0
MAT 0.0273915 0.657002 -0.0141791 0.0
MAT 0.00478149 0.013981 0.657538 0.0
MAT -0.041978 1.40346 -0.0750748 1.0
VERTEX = 9
-0.00263482 1.13231 0.0911579
-0.0026542 1.1431 0.105858
-0.00325177 1.1338 0.112667
-0.00323239 1.12302 0.0979669
-0.00790564 1.13319 0.100682
-0.00790758 1.13427 0.102152
-0.00796734 1.13334 0.102833
-0.0079654 1.13226 0.101363
-0.00793649 1.13326 0.101757
INDEX = 14
4 5 7
6 7 5
1 2 5
6 5 2
0 1 4
5 4 1
7 6 3
2 3 6
4 7 0
3 0 7
8 1 0
8 2 1
8 3 2
8 0 3
FACE-NORMAL = 14
0.99866 -0.041404 0.031036
0.99866 -0.041404 0.031036
0.66868 -0.467335 -0.578329
0.66868 -0.467335 -0.578329
0.629586 -0.62652 0.459449
0.629587 -0.62652 0.459449
0.706549 0.571093 -0.417902
0.706549 0.571093 -0.417902
0.667457 0.412174 0.620172
0.667457 0.412174 0.620173
-0.669553 0.598946 -0.439276
-0.706721 0.447509 0.547978
-0.742764 -0.540361 0.395362
-0.705597 -0.38918 -0.592175
BONE = 26
BONE_NAME = Vol_Target
PARENT_ID = 13
LOCALTM 
MAT 0.00743114 -1.51417 -0.137084 0.0
MAT 0.144514 -0.156974 1.74111 0.0
MAT -2.7628 -0.0327141 0.228501 0.0
MAT -0.410782 0.0174185 -0.172409 1.0
WORLDTM 
MAT 0.998639 -0.0414032 0.0310353 0.0
MAT 0.0597565 0.929445 -0.680896 0.0
MAT -0.00193778 1.0788 1.47003 0.0
MAT -0.00793649 1.13326 0.101757 1.0
VERTEX = 9
-0.000230068 0.987255 0.122861
0.000804491 0.991563 0.118
0.000692974 0.986654 0.113625
-0.000341585 0.982346 0.118486
0.00343242 0.986599 0.119055
0.00353588 0.98703 0.118568
0.00352472 0.986539 0.118131
0.00342127 0.986108 0.118617
0.00347857 0.986569 0.118593
INDEX = 14
4 5 7
6 7 5
1 2 5
6 5 2
0 1 4
5 4 1
7 6 3
2 3 6
4 7 0
3 0 7
8 1 0
8 2 1
8 3 2
8 0 3
FACE-NORMAL = 14
-0.987407 0.117152 -0.106315
-0.987407 0.117152 -0.106315
-0.777457 -0.408519 0.478198
-0.777457 -0.408519 0.478198
-0.673137 -0.476456 -0.565575
-0.673138 -0.476456 -0.565575
-0.647943 0.633207 0.423341
-0.647943 0.633207 0.423341
-0.543623 0.565264 -0.620444
-0.543623 0.565264 -0.620444
0.710185 0.444976 0.545557
0.809426 0.380346 -0.447399
0.686219 -0.610664 -0.395213
0.586977 -0.546028 0.597755
BONE = 27
BONE_NAME = ShoulderRt
PARENT_ID = 11
LOCALTM 
MAT 0.195409 0.117666 0.973636 0.0
MAT 0.735103 -0.674741 -0.0659974 0.0
MAT 0.649181 0.728617 -0.218349 0.0
MAT 0.301401 0.0236325 0.00216886 1.0
WORLDTM 
MAT -0.649424 0.0770518 -0.0699241 0.0
MAT 0.0111517 0.490945 0.437525 0.0
MAT 0.103456 0.430826 -0.486067 0.0
MAT 0.00347857 0.986569 0.118593 1.0
VERTEX = 9
-0.42775 1.03499 0.077118
-0.430884 1.03499 0.0713359
-0.425234 1.0336 0.0682724
-0.422099 1.0336 0.0740546
-0.426005 1.03758 0.0728059
-0.426318 1.03758 0.0722277
-0.425753 1.03744 0.0719213
-0.42544 1.03744 0.0724996
-0.425879 1.03751 0.0723636
INDEX = 14
4 5 7
6 7 5
1 2 5
6 5 2
0 1 4
5 4 1
7 6 3
2 3 6
4 7 0
3 0 7
8 1 0
8 2 1
8 3 2
8 0 3
FACE-NORMAL = 14
-0.186327 -0.977299 0.100841
-0.186327 -0.977299 0.100841
0.229582 -0.65388 0.720926
0.229582 -0.65388 0.720925
0.51397 -0.811253 -0.278754
0.51397 -0.811253 -0.278754
-0.763255 -0.496306 0.413668
-0.763255 -0.496306 0.413668
-0.478867 -0.653678 -0.585996
-0.478868 -0.653678 -0.585996
-0.475772 0.840863 0.258052
-0.205229 0.691152 -0.692958
0.739271 0.541249 -0.400659
0.468729 0.690958 0.550336
BONE = 28
BONE_NAME = ArmRT
PARENT_ID = 27
LOCALTM 
MAT 0.05875 -0.66558 -0.744011 0.0
MAT 0.823654 0.453433 -0.340595 0.0
MAT 0.564034 -0.592799 0.574841 0.0
MAT 0.661136 -1.19209e-007 -3.57628e-007 1.0
WORLDTM 
MAT -0.122548 -0.642776 0.0663235 0.0
MAT -0.56508 0.139338 0.306347 0.0
MAT -0.313437 8.4132e-005 -0.578215 0.0
MAT -0.425879 1.03751 0.0723636 1.0
VERTEX = 9
-0.514666 0.597929 0.114901
-0.510754 0.603036 0.116267
-0.505512 0.599511 0.114435
-0.509425 0.594404 0.113069
-0.510202 0.597552 0.117775
-0.509811 0.598063 0.117912
-0.509287 0.59771 0.117728
-0.509678 0.597199 0.117592
-0.509744 0.597631 0.117752
INDEX = 14
4 5 7
6 7 5
1 2 5
6 5 2
0 1 4
5 4 1
7 6 3
2 3 6
4 7 0
3 0 7
8 1 0
8 2 1
8 3 2
8 0 3
FACE-NORMAL = 14
-0.104913 0.331177 -0.937718
-0.104913 0.331177 -0.937718
-0.512327 -0.355659 -0.781682
-0.512327 -0.355658 -0.781683
0.522205 -0.176829 -0.834286
0.522205 -0.176829 -0.834286
-0.662589 0.619933 -0.420308
-0.662589 0.619933 -0.420308
0.371958 0.798746 -0.472919
0.371958 0.798746 -0.472919
-0.489363 0.144803 0.859974
0.494803 0.314925 0.809933
0.637749 -0.61317 0.466153
-0.346431 -0.783276 0.516201
BONE = 29
BONE_NAME = ForeArmRt
PARENT_ID = 28
LOCALTM 
MAT -0.398689 -0.276459 0.874443 0.0
MAT -0.347219 0.927993 0.135069 0.0
MAT -0.848801 -0.24981 -0.465964 0.0
MAT 0.684344 -1.19209e-007 0.0 1.0
WORLDTM 
MAT -0.0690027 0.21782 -0.616751 0.0
MAT -0.524175 0.3525 0.18316 0.0
MAT 0.391232 0.510742 0.136603 0.0
MAT -0.509744 0.597631 0.117752 1.0
VERTEX = 9
-0.574824 0.792492 -0.444973
-0.577602 0.795336 -0.450212
-0.571663 0.796153 -0.452918
-0.568885 0.793308 -0.447679
-0.573142 0.797076 -0.447091
-0.573419 0.797361 -0.447615
-0.572826 0.797442 -0.447886
-0.572548 0.797158 -0.447362
-0.572984 0.797259 -0.447489
INDEX = 14
4 5 7
6 7 5
1 2 5
6 5 2
0 1 4
5 4 1
7 6 3
2 3 6
4 7 0
3 0 7
8 1 0
8 2 1
8 3 2
8 0 3
FACE-NORMAL = 14
-0.0790571 -0.893033 -0.442991
-0.0790571 -0.893033 -0.442991
0.261079 -0.9189 0.295737
0.261079 -0.9189 0.295737
0.618275 -0.505118 -0.602156
0.618275 -0.505118 -0.602156
-0.724037 -0.689696 0.00945927
-0.724037 -0.689696 0.00945939
-0.366848 -0.27592 -0.88842
-0.366848 -0.27592 -0.88842
-0.582584 0.543674 0.604164
-0.242778 0.937311 -0.250015
0.694377 0.719265 0.0223251
0.354578 0.325634 0.876491
BONE = 30
BONE_NAME = HandRt
PARENT_ID = 29
LOCALTM 
MAT 0.127931 -0.53903 -0.832535 0.0
MAT -0.332158 0.767654 -0.548056 0.0
MAT 0.934495 0.346649 -0.0808257 0.0
MAT 0.916481 -1.19209e-007 5.66244e-007 1.0
WORLDTM 
MAT -0.0519962 -0.587352 -0.291358 0.0
MAT -0.593883 -0.0816677 0.270596 0.0
MAT -0.277809 0.284465 -0.523899 0.0
MAT -0.572984 0.797259 -0.447489 1.0
VERTEX = 9
-0.798039 0.10547 -0.849529
-0.798813 0.0984315 -0.842468
-0.80177 0.0918291 -0.849372
-0.800995 0.0988671 -0.856433
-0.802028 0.099967 -0.849077
-0.802105 0.0992632 -0.84837
-0.802401 0.0986029 -0.849061
-0.802323 0.0993067 -0.849767
-0.802214 0.0992849 -0.849069
INDEX = 14
4 5 7
6 7 5
1 2 5
6 5 2
0 1 4
5 4 1
7 6 3
2 3 6
4 7 0
3 0 7
8 1 0
8 2 1
8 3 2
8 0 3
FACE-NORMAL = 14
0.952167 -0.262014 -0.157247
0.952167 -0.262014 -0.157247
0.694405 0.3478 -0.62995
0.694405 0.3478 -0.62995
0.417215 -0.666019 -0.618344
0.417216 -0.666019 -0.618344
0.856735 0.315502 0.408
0.856734 0.315502 0.408001
0.579506 -0.698551 0.41976
0.579506 -0.698551 0.41976
-0.464229 0.652121 0.599358
-0.727913 -0.312344 0.610397
-0.882356 -0.281614 -0.377018
-0.618635 0.683074 -0.388203
BONE = 31
BONE_NAME = HitTestFuzzy02
PARENT_ID = 30
LOCALTM 
MAT 0.168487 -0.657979 -0.28792 0.0
MAT -1.39701 -0.0986157 -0.591806 0.0
MAT 0.489334 0.680862 -1.26831 0.0
MAT 1.24574 0.195255 0.174574 1.0
WORLDTM 
MAT 0.461989 -0.127129 -0.0762956 0.0
MAT 0.295615 0.660245 0.690392 0.0
MAT -0.0774475 -0.703806 0.706135 0.0
MAT -0.802214 0.0992849 -0.849069 1.0
VERTEX = 9
0.00780831 0.982882 0.11827
0.00582096 0.98684 0.113408
0.00540467 0.991846 0.117653
0.00739202 0.987888 0.122516
0.00359877 0.986121 0.118624
0.00340004 0.986517 0.118137
0.00335841 0.987017 0.118562
0.00355714 0.986621 0.119048
0.00347859 0.986569 0.118593
INDEX = 14
4 5 7
6 7 5
1 2 5
6 5 2
0 1 4
5 4 1
7 6 3
2 3 6
4 7 0
3 0 7
8 1 0
8 2 1
8 3 2
8 0 3
FACE-NORMAL = 14
0.951152 0.241837 -0.191898
0.951152 0.241837 -0.191898
0.860883 -0.285516 0.421142
0.860883 -0.285516 0.421142
0.589236 0.72755 0.351386
0.589236 0.72755 0.351385
0.683339 -0.403998 -0.608139
0.683339 -0.403998 -0.608139
0.411691 0.609078 -0.67789
0.41169 0.609078 -0.67789
-0.627805 -0.709229 -0.320709
-0.886227 0.254515 -0.38707
-0.717327 0.367229 0.592102
-0.458904 -0.596525 0.658457
BONE = 32
BONE_NAME = ShoulderLft
PARENT_ID = 11
LOCALTM 
MAT 0.168735 0.17645 -0.969738 0.0
MAT -0.756299 0.654112 -0.0125709 0.0
MAT 0.632097 0.735527 0.243822 0.0
MAT 0.301401 0.0236324 0.00216886 1.0
WORLDTM 
MAT 0.62558 0.159058 -0.126213 0.0
MAT 0.0416291 -0.500629 -0.424519 0.0
MAT -0.198735 0.39579 -0.486239 0.0
MAT 0.00347859 0.986569 0.118593 1.0
VERTEX = 9
0.369288 1.07466 0.0468811
0.368674 1.07616 0.0405056
0.374353 1.07947 0.0407346
0.374967 1.07797 0.0471101
0.369937 1.07957 0.0449147
0.369875 1.07972 0.0442772
0.370443 1.08005 0.0443001
0.370505 1.0799 0.0449376
0.37019 1.07981 0.0446074
INDEX = 14
4 5 7
6 7 5
1 2 5
6 5 2
0 1 4
5 4 1
7 6 3
2 3 6
4 7 0
3 0 7
8 1 0
8 2 1
8 3 2
8 0 3
FACE-NORMAL = 14
0.495787 -0.833712 -0.243145
0.495787 -0.833712 -0.243145
0.401052 -0.726595 0.557869
0.401052 -0.726595 0.557869
0.973435 -0.183621 -0.136777
0.973435 -0.183621 -0.136777
-0.310099 -0.931823 -0.188533
-0.310099 -0.931823 -0.188533
0.262276 -0.388854 -0.883178
0.262276 -0.388854 -0.883178
-0.961101 0.233634 0.147311
-0.416584 0.750173 -0.513516
0.259945 0.945409 0.196547
-0.284564 0.428875 0.857374
BONE = 33
BONE_NAME = ArmLft
PARENT_ID = 32
LOCALTM 
MAT 0.316615 0.822919 -0.471761 0.0
MAT -0.936274 0.350917 -0.01625 0.0
MAT 0.152179 0.446835 0.88157 0.0
MAT 0.586194 1.19209e-007 -1.19209e-007 1.0
WORLDTM 
MAT 0.326081 -0.548336 -0.159917 0.0
MAT -0.567876 -0.331033 -0.0228997 0.0
MAT -0.0613973 0.149424 -0.637551 0.0
MAT 0.37019 1.07981 0.0446074 1.0
VERTEX = 9
0.602112 0.684169 -0.0748062
0.598403 0.687695 -0.0706756
0.603092 0.692298 -0.0703929
0.606802 0.688772 -0.0745236
0.603923 0.686275 -0.070265
0.603552 0.686627 -0.069852
0.604021 0.687087 -0.0698237
0.604392 0.686735 -0.0702368
0.603972 0.686681 -0.0700444
INDEX = 14
4 5 7
6 7 5
1 2 5
6 5 2
0 1 4
5 4 1
7 6 3
2 3 6
4 7 0
3 0 7
8 1 0
8 2 1
8 3 2
8 0 3
FACE-NORMAL = 14
-0.416506 0.472021 -0.776993
-0.416506 0.472021 -0.776993
0.140625 -0.0827145 -0.986602
0.140624 -0.0827144 -0.986602
0.251353 0.835959 -0.487847
0.251353 0.835959 -0.487847
-0.808595 -0.204414 -0.551715
-0.808595 -0.204414 -0.551715
-0.697885 0.714249 -0.0529558
-0.697885 0.714249 -0.0529557
-0.209664 -0.828638 0.519038
-0.104327 0.0453108 0.99351
0.798679 0.161086 0.579795
0.69336 -0.712853 0.10532
BONE = 34
BONE_NAME = ForeArmLft
PARENT_ID = 33
LOCALTM 
