EXPORTER_V17
ANIMATION_EXPORT
BONEOBJECT_COUNT = 45
VERTEX = 9
-0.00538205 0.509135 -0.101108
-0.00538205 0.512886 -0.106511
0.00119362 0.512997 -0.106434
0.00119362 0.509246 -0.101031
-0.00249064 0.513573 -0.10163
-0.00249064 0.513948 -0.10217
-0.00183307 0.51396 -0.102162
-0.00183307 0.513584 -0.101622
-0.00216185 0.513766 -0.101896
INDEX = 14
4 5 7
6 7 5
1 2 5
6 5 2
0 1 4
5 4 1
7 6 3
2 3 6
4 7 0
3 0 7
8 1 0
8 2 1
8 3 2
8 0 3
FACE-NORMAL = 14
0.0205675 -0.821257 -0.570188
0.0205675 -0.821257 -0.570188
0.0137587 -0.973299 0.229129
0.0137587 -0.973299 0.229129
0.756896 -0.536834 -0.372716
0.756896 -0.536834 -0.372716
-0.729378 -0.56195 -0.390154
-0.729378 -0.56195 -0.390154
0.0137592 -0.125485 -0.992
0.0137592 -0.125485 -0.992
-0.721501 0.56877 0.394889
-0.0145432 0.983985 -0.177656
0.692414 0.592663 0.411478
-0.0145437 0.177448 0.984023
BONE = 0
BONE_NAME = Root
PARENT_ID = -1
LOCALTM 
MAT 0.0135274 -0.540146 -0.375016 0.0
MAT -0.657567 -0.0111117 -0.00771497 0.0
MAT 2.31539e-007 0.375095 -0.54026 0.0
MAT -0.00216185 0.513766 -0.101896 1.0
WORLDTM 
MAT 0.0135274 -0.540146 -0.375016 0.0
MAT -0.657567 -0.0111117 -0.00771497 0.0
MAT 2.31539e-007 0.375095 -0.54026 0.0
MAT -0.00216185 0.513766 -0.101896 1.0
VERTEX = 9
0.00335567 0.419991 -0.161978
-0.00322132 0.420021 -0.161969
-0.00322132 0.421982 -0.168247
0.00335567 0.421951 -0.168257
0.000411971 0.424026 -0.163819
-0.000245728 0.424029 -0.163818
-0.000245728 0.424225 -0.164446
0.000411971 0.424222 -0.164447
8.31215e-005 0.424125 -0.164133
INDEX = 14
4 5 7
6 7 5
1 2 5
6 5 2
0 1 4
5 4 1
7 6 3
2 3 6
4 7 0
3 0 7
8 1 0
8 2 1
8 3 2
8 0 3
FACE-NORMAL = 14
-0.00484889 -0.954535 -0.298059
-0.00484889 -0.954535 -0.298059
0.740042 -0.641991 -0.200465
0.740041 -0.641991 -0.200465
-0.00324385 -0.417002 -0.9089
-0.00324385 -0.417003 -0.908899
-0.00324362 -0.860098 0.510118
-0.00324362 -0.860098 0.510118
-0.746529 -0.63511 -0.198317
-0.746529 -0.63511 -0.198317
0.00342879 0.464196 0.885726
-0.70367 0.678231 0.211782
0.00342857 0.88572 -0.464207
0.710527 0.671685 0.209737
BONE = 1
BONE_NAME = Tail01
PARENT_ID = 0
LOCALTM 
MAT 0.953768 0.0244706 -0.299544 0.0
MAT -0.299485 -0.00616146 -0.954081 0.0
MAT -0.0251928 0.999681 0.00145216 0.0
MAT 0.165957 0.0 -1.19209e-007 1.0
WORLDTM 
MAT -0.00318914 -0.627803 -0.196035 0.0
MAT 0.0 -0.196037 0.627811 0.0
MAT -0.657698 0.00304435 0.000950649 0.0
MAT 8.31215e-005 0.424125 -0.164133 1.0
VERTEX = 9
0.00209684 0.220115 -0.222981
-0.00446792 0.220348 -0.223309
-0.0043977 0.215731 -0.227993
0.00216706 0.215498 -0.227665
-0.000627718 0.220481 -0.227539
-0.00128419 0.220505 -0.227572
-0.00127717 0.220043 -0.22804
-0.000620695 0.22002 -0.228008
-0.000952444 0.220262 -0.22779
INDEX = 14
4 5 7
6 7 5
1 2 5
6 5 2
0 1 4
5 4 1
7 6 3
2 3 6
4 7 0
3 0 7
8 1 0
8 2 1
8 3 2
8 0 3
FACE-NORMAL = 14
-0.0602055 -0.711306 0.700299
-0.0602055 -0.711306 0.700299
0.701628 -0.502148 0.505535
0.701628 -0.502148 0.505535
-0.0323393 -0.997624 -0.0608289
-0.0323393 -0.997624 -0.0608286
-0.0482114 0.0459467 0.99778
-0.0482114 0.0459468 0.99778
-0.782179 -0.449529 0.431416
-0.782179 -0.449529 0.431416
0.0350221 0.999352 0.00834876
-0.663212 0.527998 -0.530441
0.0501214 0.00658706 -0.998721
0.748355 0.477941 -0.459931
BONE = 2
BONE_NAME = Tail02
PARENT_ID = 1
LOCALTM 
MAT 0.470528 0.880481 0.0579247 0.0
MAT -0.882273 0.470501 0.0149551 0.0
MAT -0.0140859 -0.0581421 0.998209 0.0
MAT 0.324725 1.19209e-007 0.0 1.0
WORLDTM 
MAT -0.0395975 -0.46783 0.460591 0.0
MAT -0.0070222 0.461704 0.468356 0.0
MAT -0.656476 0.0232801 -0.032792 0.0
MAT -0.000952444 0.220262 -0.22779 1.0
VERTEX = 9
-0.0120447 0.0470419 -0.0514734
-0.0184987 0.047118 -0.0502093
-0.0184986 0.0405529 -0.0498134
-0.0120447 0.0404767 -0.0510775
-0.0155822 0.0439276 -0.0539475
-0.0162276 0.0439352 -0.0538211
-0.0162276 0.0432787 -0.0537815
-0.0155822 0.0432711 -0.0539079
-0.0159049 0.0436031 -0.0538645
INDEX = 14
4 5 7
6 7 5
1 2 5
6 5 2
0 1 4
5 4 1
7 6 3
2 3 6
4 7 0
3 0 7
8 1 0
8 2 1
8 3 2
8 0 3
FACE-NORMAL = 14
0.192557 0.0590677 0.979506
0.192557 0.0590677 0.979506
0.858197 0.0309033 0.512389
0.858197 0.0309033 0.512389
0.128818 -0.702432 0.699996
0.128818 -0.702432 0.699996
0.12881 0.78146 0.610514
0.12881 0.78146 0.610514
-0.600571 0.0481251 0.798122
-0.600571 0.0481251 0.798122
-0.136162 0.664058 -0.735179
-0.830032 -0.0335755 -0.556705
-0.136154 -0.747592 -0.650053
0.557716 -0.0499588 -0.828527
BONE = 3
BONE_NAME = Tail03
PARENT_ID = 2
LOCALTM 
MAT 0.632339 0.736921 -0.238942 0.0
MAT -0.752169 0.657854 0.0383378 0.0
MAT 0.185441 0.155481 0.970276 0.0
MAT 0.377614 0.0 -1.52737e-007 1.0
WORLDTM 
MAT 0.126646 0.0388491 0.644227 0.0
MAT -3.42727e-006 0.656513 -0.0395891 0.0
MAT -0.645397 0.00761932 0.126415 0.0
MAT -0.0159049 0.0436031 -0.0538645 1.0
VERTEX = 9
0.0470959 0.0650473 0.249788
0.040626 0.0650488 0.25097
0.0406261 0.0584718 0.250979
0.0470959 0.0584703 0.249796
0.0435932 0.062084 0.247089
0.0429462 0.0620842 0.247207
0.0429462 0.0614265 0.247208
0.0435932 0.0614263 0.24709
0.0432697 0.0617553 0.247148
INDEX = 14
4 5 7
6 7 5
1 2 5
6 5 2
0 1 4
5 4 1
7 6 3
2 3 6
4 7 0
3 0 7
8 1 0
8 2 1
8 3 2
8 0 3
FACE-NORMAL = 14
0.179794 0.00130595 0.983703
0.179794 0.00130595 0.983703
0.851457 0.000699373 0.524424
0.851457 0.000699373 0.524425
0.120277 -0.74242 0.65905
0.120277 -0.742419 0.65905
0.120274 0.744167 0.657076
0.120274 0.744168 0.657076
-0.610907 0.0010479 0.791702
-0.610907 0.0010479 0.791702
-0.127135 0.706182 -0.696522
-0.822717 -0.000757669 -0.568451
-0.127132 -0.70803 -0.694645
0.568452 -0.00108923 -0.822716
BONE = 4
BONE_NAME = Tail04
PARENT_ID = 3
LOCALTM 
MAT 0.998241 -0.0579095 0.0126611 0.0
MAT 0.0577659 0.998266 0.0113321 0.0
MAT -0.0132975 -0.0105823 0.999855 0.0
MAT 0.467247 0.0 1.546e-007 1.0
WORLDTM 
MAT 0.118252 0.000858933 0.646987 0.0
MAT -1.35601e-006 0.657705 -0.000873566 0.0
MAT -0.646988 0.000154197 0.118249 0.0
MAT 0.0432697 0.0617553 0.247148 1.0
VERTEX = 9
0.0929644 0.0658092 0.513034
0.0868672 0.0655588 0.51058
0.0868672 0.0590157 0.511248
0.0929644 0.0592661 0.513701
0.0914537 0.0624427 0.509197
0.090844 0.0624177 0.508952
0.090844 0.0617634 0.509019
0.0914537 0.0617884 0.509264
0.0911489 0.062103 0.509108
INDEX = 14
4 5 7
6 7 5
1 2 5
6 5 2
0 1 4
5 4 1
7 6 3
2 3 6
4 7 0
3 0 7
8 1 0
8 2 1
8 3 2
8 0 3
FACE-NORMAL = 14
-0.374968 0.0940882 0.922251
-0.374968 0.0940882 0.922251
0.438219 0.0912409 0.894225
0.438219 0.0912409 0.894225
-0.250832 -0.676512 0.692398
-0.250832 -0.676512 0.692398
-0.250849 0.802398 0.541508
-0.250849 0.802399 0.541508
-0.939903 0.0346424 0.33968
-0.939903 0.0346424 0.33968
0.265134 0.636923 -0.723901
-0.39037 -0.0934518 -0.915903
0.265151 -0.769987 -0.580358
0.920658 -0.0396089 -0.388356
BONE = 5
BONE_NAME = Tail05
PARENT_ID = 4
LOCALTM 
MAT 0.839926 0.0928656 0.534693 0.0
MAT -0.0985499 0.994969 -0.018003 0.0
MAT -0.53368 -0.0375741 0.844855 0.0
MAT 0.404892 0.0 0.0 1.0
WORLDTM 
MAT -0.246618 0.0618821 0.606567 0.0
MAT -7.30902e-006 0.654309 -0.0667585 0.0
MAT -0.609719 -0.0250408 -0.245347 0.0
MAT 0.0911489 0.062103 0.509108 1.0
VERTEX = 9
-0.0334152 0.0969617 0.825662
-0.0398131 0.0970727 0.824141
-0.039813 0.0905131 0.823662
-0.0334151 0.0904022 0.825183
-0.0355318 0.0942929 0.821572
-0.0361716 0.094304 0.82142
-0.0361716 0.0936481 0.821372
-0.0355318 0.093637 0.821524
-0.0358517 0.0939705 0.821472
INDEX = 14
4 5 7
6 7 5
1 2 5
6 5 2
0 1 4
5 4 1
7 6 3
2 3 6
4 7 0
3 0 7
8 1 0
8 2 1
8 3 2
8 0 3
FACE-NORMAL = 14
-0.231852 -0.0708764 0.970165
-0.231852 -0.0708764 0.970165
0.567932 -0.059953 0.820889
0.567932 -0.059953 0.820889
-0.155088 -0.788729 0.594856
-0.155089 -0.788729 0.594856
-0.155114 0.693909 0.703158
-0.155114 0.693909 0.703157
-0.878145 -0.0348745 0.477121
-0.878145 -0.0348745 0.477121
0.163932 0.755341 -0.634496
-0.523888 0.0620459 -0.849524
0.163956 -0.655114 -0.737526
0.851787 0.0381884 -0.522494
BONE = 6
BONE_NAME = Tail06
PARENT_ID = 5
LOCALTM 
MAT 0.974998 -0.168977 -0.144265 0.0
MAT 0.161032 0.984797 -0.0651287 0.0
MAT 0.153069 0.0402699 0.987401 0.0
MAT 0.51497 0.0 -2.38419e-007 1.0
WORLDTM 
MAT -0.152489 -0.0466154 0.638077 0.0
MAT -1.0401e-005 0.655957 0.0479124 0.0
MAT -0.639788 0.0110958 -0.152098 0.0
MAT -0.0358517 0.0939705 0.821472 1.0
VERTEX = 9
-0.103468 0.0751842 1.1189
-0.109878 0.0752933 1.11743
-0.109729 0.0688158 1.1163
-0.103319 0.0687067 1.11777
-0.105553 0.0728858 1.11457
-0.106194 0.0728967 1.11442
-0.106179 0.0722489 1.11431
-0.105538 0.072238 1.11446
-0.105866 0.0725674 1.11444
INDEX = 14
4 5 7
6 7 5
1 2 5
6 5 2
0 1 4
5 4 1
7 6 3
2 3 6
4 7 0
3 0 7
8 1 0
8 2 1
8 3 2
8 0 3
FACE-NORMAL = 14
-0.222802 -0.172521 0.959477
-0.222802 -0.172521 0.959477
0.57535 -0.127738 0.807871
0.57535 -0.127738 0.807871
-0.13224 -0.847451 0.514139
-0.13224 -0.847451 0.514139
-0.165854 0.616641 0.769575
-0.165854 0.616642 0.769575
-0.873473 -0.103083 0.475835
-0.873473 -0.103083 0.475834
0.141556 0.818392 -0.556953
-0.531585 0.133718 -0.836384
0.173534 -0.574421 -0.799954
0.846703 0.110263 -0.520515
BONE = 7
BONE_NAME = TailTIP
PARENT_ID = 6
LOCALTM 
MAT 0.994723 -0.102151 -0.00804731 0.0
MAT 0.102143 0.994768 -0.00111796 0.0
MAT 0.00809278 0.000292873 0.999981 0.0
MAT 0.459144 0.0 0.0 1.0
WORLDTM 
MAT -0.146535 -0.113465 0.63104 0.0
MAT -0.0148707 0.647751 0.113007 0.0
MAT -0.64101 0.0109105 -0.146917 0.0
MAT -0.105866 0.0725674 1.11444 1.0
VERTEX = 9
-0.00160934 0.527687 -0.0955084
-0.00160934 0.534264 -0.0955084
0.00496772 0.534264 -0.0955084
0.00496772 0.527687 -0.0955084
0.00135034 0.530646 -0.0922199
0.00135034 0.531304 -0.0922199
0.00200804 0.531304 -0.0922199
0.00200804 0.530646 -0.0922199
0.00167919 0.530975 -0.0922199
INDEX = 14
4 5 7
6 7 5
1 2 5
6 5 2
0 1 4
5 4 1
7 6 3
2 3 6
4 7 0
3 0 7
8 1 0
8 2 1
8 3 2
8 0 3
FACE-NORMAL = 14
-2.73291e-007 -3.18604e-007 -1.0
-2.73291e-007 -3.18604e-007 -1.0
-4.52266e-007 -0.743294 -0.668965
-4.52266e-007 -0.743294 -0.668965
0.743294 -2.13135e-007 -0.668965
0.743294 -2.13135e-007 -0.668965
-0.743294 -2.13135e-007 -0.668965
-0.743294 -2.13135e-007 -0.668965
0.0 0.743294 -0.668965
0.0 0.743294 -0.668965
-0.707107 2.25287e-007 0.707107
4.49572e-007 0.707107 0.707107
0.707107 2.25287e-007 0.707107
0.0 -0.707107 0.707107
BONE = 8
BONE_NAME = Dummy01
PARENT_ID = 0
LOCALTM 
MAT 0.570188 0.0117304 0.821431 0.0
MAT -0.0205677 0.999789 -5.98513e-007 0.0
MAT -0.821257 -0.016895 0.570309 0.0
MAT -0.0297564 -0.00645344 0.00283694 1.0
WORLDTM 
MAT -1.79745e-007 -2.09548e-007 -0.657706 0.0
MAT -0.657707 0.0 1.96509e-007 0.0
MAT 2.38419e-007 0.657706 0.0 0.0
MAT 0.00167919 0.530975 -0.0922199 1.0
VERTEX = 9
0.00494469 0.535635 -0.0924684
-0.00163221 0.535604 -0.0924344
-0.00158631 0.531191 -0.087558
0.0049906 0.531222 -0.0875921
0.00200574 0.531197 -0.0924654
0.00134805 0.531194 -0.092462
0.00135264 0.530753 -0.0919744
0.00201033 0.530756 -0.0919778
0.00167919 0.530975 -0.0922199
INDEX = 14
4 5 7
6 7 5
1 2 5
6 5 2
0 1 4
5 4 1
7 6 3
2 3 6
4 7 0
3 0 7
8 1 0
8 2 1
8 3 2
8 0 3
FACE-NORMAL = 14
1.47266e-007 0.741435 0.671025
1.47266e-007 0.741435 0.671025
0.743276 0.499476 0.445045
0.743275 0.499476 0.445045
0.00518825 -0.00276315 0.999983
0.00518825 -0.002763 0.999983
-0.00518805 0.99475 -0.102198
-0.00518805 0.99475 -0.102199
-0.743276 0.492511 0.452739
-0.743277 0.492511 0.452739
-0.00493567 -0.0497988 -0.998747
-0.707089 -0.527586 -0.470827
0.00493546 -0.998748 0.0497744
0.70709 -0.520961 -0.478146
BONE = 9
BONE_NAME = SpineUp01
PARENT_ID = 8
LOCALTM 
MAT -0.671025 3.04889e-007 0.741434 0.0
MAT 0.741417 0.00697998 0.671009 0.0
MAT -0.00517478 0.999975 -0.00468559 0.0
MAT 0.0 0.0 -1.19209e-007 1.0
WORLDTM 
MAT 0.0 0.487646 0.441337 0.0
MAT -0.00459075 0.441327 -0.487634 0.0
MAT -0.65769 -0.00308174 0.00340368 0.0
MAT 0.00167919 0.530975 -0.0922199 1.0
VERTEX = 9
0.00536539 0.629226 -0.00770364
-0.00117399 0.62984 -0.00736076
-0.00131884 0.625525 -0.00239913
0.00522053 0.624911 -0.00274201
0.00201349 0.625098 -0.00746849
0.00135956 0.625159 -0.0074342
0.00134507 0.624728 -0.00693804
0.00199901 0.624666 -0.00697233
0.00167928 0.624913 -0.00720327
INDEX = 14
4 5 7
6 7 5
1 2 5
6 5 2
0 1 4
5 4 1
7 6 3
2 3 6
4 7 0
3 0 7
8 1 0
8 2 1
8 3 2
8 0 3
FACE-NORMAL = 14
0.104604 0.748912 0.654361
0.104604 0.748912 0.654361
0.809012 0.431629 0.398995
0.809011 0.431629 0.398995
0.0536059 0.0133463 0.998473
0.0536059 0.0133464 0.998473
0.0863469 0.988645 -0.122983
0.0863469 0.988645 -0.122984
-0.669059 0.570363 0.476494
-0.669059 0.570363 0.476494
-0.0583927 -0.0656525 -0.996133
-0.777021 -0.463571 -0.42584
-0.0895397 -0.993469 0.0707257
0.629089 -0.595551 -0.499567
BONE = 10
BONE_NAME = SpineUp02
PARENT_ID = 9
LOCALTM 
MAT 0.994361 0.0166416 -0.104722 0.0
MAT -0.0197804 0.999385 -0.0290007 0.0
MAT 0.104177 0.0309103 0.994078 0.0
MAT 0.192634 2.38419e-007 0.0 1.0
WORLDTM 
MAT 0.0687986 0.492563 0.430377 0.0
MAT 0.0144855 0.431499 -0.496163 0.0
MAT -0.653937 0.0613796 0.0342878 0.0
MAT 0.00167928 0.624913 -0.00720327 1.0
VERTEX = 9
0.0241299 0.767825 0.111241
0.0175736 0.767311 0.111333
0.0176592 0.767394 0.117909
0.0242155 0.767908 0.117817
0.0214758 0.764353 0.11428
0.0208202 0.764302 0.114289
0.0208288 0.76431 0.114947
0.0214844 0.764361 0.114938
0.0211523 0.764331 0.114613
INDEX = 14
4 5 7
6 7 5
1 2 5
6 5 2
0 1 4
5 4 1
7 6 3
2 3 6
4 7 0
3 0 7
8 1 0
8 2 1
8 3 2
8 0 3
FACE-NORMAL = 14
-0.0783782 0.996857 -0.0115398
-0.0783782 0.996857 -0.0115398
0.688513 0.724999 -0.0180917
0.688513 0.724999 -0.0180917
-0.0427636 0.676226 0.735452
-0.0427636 0.676226 0.735452
-0.0621008 0.657499 -0.750892
-0.0621008 0.657498 -0.750892
-0.793376 0.608726 0.00265223
-0.793376 0.608726 0.00265223
0.0462238 -0.713792 -0.698831
-0.64945 -0.76019 0.0180269
0.0646196 -0.695977 0.715151
0.760293 -0.649578 -0.00170712
BONE = 11
BONE_NAME = SpineUp03
PARENT_ID = 10
LOCALTM 
MAT 0.730806 0.660978 0.170357 0.0
MAT -0.665052 0.745709 -0.0403668 0.0
MAT -0.153719 -0.0837957 0.984557 0.0
MAT 0.283047 5.36442e-007 3.05474e-007 1.0
WORLDTM 
MAT -0.0515496 0.655636 -0.00758979 0.0
MAT -0.00855531 -0.00828555 -0.6576 0.0
MAT -0.655628 -0.0514422 0.00917769 0.0
MAT 0.0211523 0.764331 0.114613 1.0
VERTEX = 9
0.00354982 0.949528 0.116863
0.00328588 0.95575 0.11898
0.00985715 0.956027 0.118985
0.0101211 0.949806 0.116868
0.00643042 0.951395 0.120931
0.00640403 0.952017 0.121143
0.00706116 0.952045 0.121143
0.00708755 0.951423 0.120932
0.00674579 0.95172 0.121037
INDEX = 14
4 5 7
6 7 5
1 2 5
6 5 2
0 1 4
5 4 1
7 6 3
2 3 6
4 7 0
3 0 7
8 1 0
8 2 1
8 3 2
8 0 3
FACE-NORMAL = 14
-0.0128656 0.321613 -0.946784
-0.0128656 0.321613 -0.946784
0.0212211 -0.487957 -0.872609
0.0212211 -0.487957 -0.87261
0.734029 0.246462 -0.632817
0.734029 0.246462 -0.632817
-0.751239 0.183833 -0.633913
-0.751239 0.183833 -0.633913
-0.0384344 0.918255 -0.39412
-0.0384344 0.918255 -0.39412
-0.697383 -0.257205 0.668956
-0.0192782 0.44146 0.897074
0.715574 -0.197625 0.669999
0.037473 -0.896291 0.44188
BONE = 12
BONE_NAME = Neck01
PARENT_ID = 11
LOCALTM 
MAT 0.332535 0.942733 -0.0255415 0.0
MAT 0.0363207 0.0142665 0.999244 0.0
MAT 0.942397 -0.333214 -0.0294926 0.0
MAT 0.285622 -0.0130695 -0.000313252 1.0
WORLDTM 
MAT -0.0084617 0.211525 -0.6227 0.0
MAT -0.657127 -0.0277083 -0.000486568 0.0
MAT -0.0263932 0.622147 0.211698 0.0
MAT 0.00674579 0.95172 0.121037 1.0
VERTEX = 9
-0.000875686 1.05943 -0.210779
-0.00113037 1.06504 -0.214217
0.00544159 1.06529 -0.214296
0.00569628 1.05969 -0.210858
0.00193516 1.06379 -0.209559
0.0019097 1.06435 -0.209902
0.00256689 1.06437 -0.20991
0.00259236 1.06381 -0.209566
0.00225103 1.06408 -0.209734
INDEX = 14
4 5 7
6 7 5
1 2 5
6 5 2
0 1 4
5 4 1
7 6 3
2 3 6
4 7 0
3 0 7
8 1 0
8 2 1
8 3 2
8 0 3
FACE-NORMAL = 14
0.00970849 -0.522831 -0.852381
0.00970849 -0.522831 -0.852381
0.0352768 -0.982733 -0.181636
0.0352768 -0.982733 -0.181636
0.749196 -0.321455 -0.579113
0.749196 -0.321455 -0.579113
-0.736207 -0.378056 -0.561313
-0.736208 -0.378056 -0.561313
-0.0222878 0.283228 -0.958794
-0.0222878 0.283228 -0.958794
-0.713408 0.342775 0.611191
-0.0342458 0.971858 0.233065
0.699679 0.39662 0.594258
0.0205162 -0.232469 0.972387
BONE = 13
BONE_NAME = Neck02
PARENT_ID = 12
LOCALTM 
MAT 0.638739 0.0129565 -0.769293 0.0
MAT -0.0107327 0.999925 0.00793079 0.0
MAT 0.769344 0.00319153 0.638832 0.0
MAT 0.53119 0.0 0.0 1.0
WORLDTM 
MAT 0.00638522 -0.343863 -0.560607 0.0
MAT -0.657196 -0.0250423 0.00787565 0.0
MAT -0.025468 0.560095 -0.343832 0.0
MAT 0.00225103 1.06408 -0.209734 1.0
VERTEX = 9
0.00194767 0.910188 -0.45147
0.00182498 0.91171 -0.457867
0.00839528 0.912009 -0.457922
0.00851798 0.910487 -0.451525
0.00471007 0.914203 -0.453611
0.0046978 0.914355 -0.45425
0.00535483 0.914385 -0.454256
0.0053671 0.914233 -0.453616
0.00503245 0.914294 -0.453933
INDEX = 14
4 5 7
6 7 5
1 2 5
6 5 2
0 1 4
5 4 1
7 6 3
2 3 6
4 7 0
3 0 7
8 1 0
8 2 1
8 3 2
8 0 3
FACE-NORMAL = 14
0.042278 -0.971791 -0.232024
0.042278 -0.971791 -0.232024
0.0421475 -0.822119 0.567753
0.0421475 -0.822119 0.567753
0.77078 -0.616318 -0.161401
0.77078 -0.616318 -0.161401
-0.714221 -0.68387 -0.149031
-0.714221 -0.68387 -0.149031
0.0144171 -0.478064 -0.878207
0.0144171 -0.478063 -0.878207
-0.736244 0.655028 0.169949
-0.043085 0.850809 -0.523706
0.676459 0.719292 0.158182
-0.0167048 0.523506 0.851858
BONE = 14
BONE_NAME = Head
PARENT_ID = 13
LOCALTM 
MAT 0.706237 -0.00801535 -0.707869 0.0
MAT 0.00696602 0.999985 -0.00437168 0.0
MAT 0.707916 -0.0018251 0.706328 0.0
MAT 0.435597 0.0 2.38419e-007 1.0
WORLDTM 
MAT 0.0278052 -0.639122 -0.152596 0.0
MAT -0.657031 -0.0298859 0.00547346 0.0
MAT -0.0122691 0.15223 -0.639735 0.0
MAT 0.00503245 0.914294 -0.453933 1.0
VERTEX = 9
0.00661607 0.802395 -0.479852
0.00635163 0.807395 -0.484116
0.0129225 0.807696 -0.484171
0.0131869 0.802696 -0.479907
0.00937733 0.806911 -0.479292
0.00935089 0.807411 -0.479719
0.010008 0.807441 -0.479724
0.0100344 0.806941 -0.479298
0.00969265 0.807176 -0.479508
INDEX = 14
4 5 7
6 7 5
1 2 5
6 5 2
0 1 4
5 4 1
7 6 3
2 3 6
4 7 0
3 0 7
8 1 0
8 2 1
8 3 2
8 0 3
FACE-NORMAL = 14
0.023299 -0.648015 -0.761271
0.023299 -0.648015 -0.761271
0.0454709 -0.998592 -0.0273273
0.0454709 -0.998592 -0.0273274
0.758077 -0.399554 -0.515438
0.758077 -0.399554 -0.515438
-0.726909 -0.467445 -0.503089
-0.726909 -0.467445 -0.503089
-0.0142986 0.131594 -0.991201
-0.0142986 0.131594 -0.991201
-0.722817 0.425923 0.544174
-0.0449046 0.995797 0.0798268
0.689872 0.490509 0.532426
0.011955 -0.079366 0.996774
BONE = 15
BONE_NAME = Jaw
PARENT_ID = 14
LOCALTM 
MAT 0.80731 -0.00017231 0.589989 0.0
MAT 0.000226371 1.00009 -4.12641e-005 0.0
MAT -0.590072 0.000199512 0.807342 0.0
MAT 0.167602 0.0 0.0 1.0
WORLDTM 
MAT 0.015322 -0.426151 -0.50063 0.0
MAT -0.657082 -0.0300395 0.00546581 0.0
MAT -0.0264435 0.500023 -0.426441 0.0
MAT 0.00969265 0.807176 -0.479508 1.0
VERTEX = 9
-0.0924483 0.948664 -0.481028
-0.0924059 0.948526 -0.471029
-0.0946809 0.938789 -0.471153
-0.0947232 0.938927 -0.481152
-0.0983216 0.945357 -0.476548
-0.0983174 0.945343 -0.475548
-0.0985449 0.94437 -0.47556
-0.0985491 0.944383 -0.47656
-0.0984333 0.944863 -0.476054
INDEX = 14
4 5 7
6 7 5
1 2 5
6 5 2
0 1 4
5 4 1
7 6 3
2 3 6
4 7 0
3 0 7
8 1 0
8 2 1
8 3 2
8 0 3
FACE-NORMAL = 14
0.973776 -0.227392 -0.00727458
0.973776 -0.227392 -0.00727458
0.64827 -0.14186 -0.748078
0.648271 -0.14186 -0.748078
0.482338 -0.875871 -0.014129
0.482338 -0.875871 -0.014129
0.820503 0.571625 0.00439599
0.820503 0.571625 0.00439599
0.654574 -0.162374 0.738355
0.654574 -0.162374 0.738355
-0.527712 0.849308 0.0139555
-0.685565 0.151032 0.712172
-0.849413 -0.527717 -0.00366758
-0.691562 0.170548 -0.701894
BONE = 16
BONE_NAME = Unit_Zerg_Hydralisk_Jaw_03
PARENT_ID = 14
LOCALTM 
MAT 0.401131 -1.46324 -0.0968303 0.0
MAT -1.4286 -0.41264 0.317753 0.0
MAT -0.332139 0.00720517 -1.48369 0.0
MAT -0.0440143 0.154746 0.0464011 1.0
WORLDTM 
MAT 0.973735 -0.227382 -0.00727428 0.0
MAT 0.227496 0.973751 0.012462 0.0
MAT 0.00423433 -0.0137986 0.999888 0.0
MAT -0.0984333 0.944863 -0.476054 1.0
VERTEX = 9
-0.0840274 1.09245 -0.154806
-0.0867585 1.09825 -0.147131
-0.0864724 1.09033 -0.14104
-0.0837413 1.08453 -0.148715
-0.0899354 1.09055 -0.149611
-0.0902085 1.09113 -0.148843
-0.0901799 1.09034 -0.148234
-0.0899068 1.08976 -0.149001
-0.0900576 1.09045 -0.148922
INDEX = 14
4 5 7
6 7 5
1 2 5
6 5 2
0 1 4
5 4 1
7 6 3
2 3 6
4 7 0
3 0 7
8 1 0
8 2 1
8 3 2
8 0 3
FACE-NORMAL = 14
0.961569 0.188273 0.199848
0.961569 0.188273 0.199848
0.846238 -0.305118 -0.436789
0.846238 -0.305117 -0.436789
0.664523 -0.463196 0.586394
0.664523 -0.463196 0.586394
0.621988 0.715095 -0.319015
0.621988 0.715095 -0.319015
0.440266 0.557029 0.704191
0.440266 0.557029 0.704191
-0.700164 0.427332 -0.571977
-0.873031 0.27695 0.401393
-0.659699 -0.693594 0.289352
-0.486826 -0.543223 -0.684039
BONE = 17
BONE_NAME = Karapis_Bone02
PARENT_ID = 13
LOCALTM 
MAT -0.394469 -1.46803 0.0283203 0.0
MAT 0.15885 -0.0135114 1.51208 0.0
MAT -1.45978 0.395301 0.156917 0.0
MAT -0.101137 0.139815 -0.00876212 1.0
WORLDTM 
MAT 0.961546 0.188269 0.199843 0.0
MAT -0.0286159 0.792625 -0.609061 0.0
MAT -0.273108 0.579952 0.76752 0.0
MAT -0.0900576 1.09045 -0.148922 1.0
VERTEX = 9
0.0733849 1.09617 -0.157357
0.0759511 1.10212 -0.149739
0.0762372 1.0942 -0.143648
0.073671 1.08825 -0.151267
0.0698381 1.09596 -0.150086
0.0700947 1.09655 -0.149324
0.0701233 1.09576 -0.148715
0.0698667 1.09516 -0.149477
0.0699807 1.09586 -0.149401
INDEX = 14
4 5 7
6 7 5
1 2 5
6 5 2
0 1 4
5 4 1
7 6 3
2 3 6
4 7 0
3 0 7
8 1 0
8 2 1
8 3 2
8 0 3
FACE-NORMAL = 14
0.966092 -0.134501 -0.2204
0.966092 -0.134501 -0.2204
0.455544 -0.532035 -0.713736
0.455544 -0.532035 -0.713736
0.667543 -0.679118 0.305263
0.667543 -0.679118 0.305263
0.625019 0.499172 -0.600149
0.625019 0.499172 -0.600149
0.837018 0.352081 0.418854
0.837018 0.352081 0.418854
-0.703356 0.655565 -0.274817
-0.501679 0.515644 0.694572
-0.662903 -0.465359 0.586515
-0.864581 -0.32543 -0.382878
BONE = 18
BONE_NAME = Karapis_Bone01
PARENT_ID = 13
LOCALTM 
MAT 0.406812 -1.46387 -0.0558276 0.0
MAT 0.15885 -0.0135194 1.51208 0.0
MAT -1.4564 -0.410407 0.149359 0.0
MAT -0.102455 -0.103636 -0.0107987 1.0
WORLDTM 
MAT 0.96607 -0.134498 -0.220395 0.0
MAT -0.0286106 0.792625 -0.609061 0.0
MAT 0.256614 0.594734 0.761879 0.0
MAT 0.0699807 1.09586 -0.149401 1.0
VERTEX = 9
-0.0317723 1.52975 -0.00572509
-0.0318081 1.53125 0.00416056
-0.031438 1.52138 0.0056686
-0.0314023 1.51987 -0.00421705
-0.0366183 1.52579 -0.000587641
-0.0366219 1.52594 0.000400924
-0.0365849 1.52496 0.000551729
-0.0365813 1.52481 -0.000436836
-0.0366016 1.52538 -1.79559e-005
INDEX = 14
4 5 7
6 7 5
1 2 5
6 5 2
0 1 4
5 4 1
7 6 3
2 3 6
4 7 0
3 0 7
8 1 0
8 2 1
8 3 2
8 0 3
FACE-NORMAL = 14
0.999309 0.0371084 -0.00205797
0.999309 0.0371084 -0.00205797
0.671157 -0.087255 -0.736162
0.671157 -0.087255 -0.736162
0.696004 -0.709451 0.110713
0.696004 -0.709451 0.110713
0.641001 0.759106 -0.113468
0.641001 0.759106 -0.113468
0.665848 0.136905 0.733419
0.665848 0.136905 0.733419
-0.73278 0.672288 -0.105177
-0.709143 0.080383 0.700468
-0.680456 -0.724773 0.108089
-0.704094 -0.132864 -0.697567
BONE = 19
BONE_NAME = Unit_Zerg_Hydralisk_Crest
PARENT_ID = 13
LOCALTM 
MAT -0.0120818 -1.5203 -0.0091389 0.0
MAT -0.590404 -0.00372879 1.40115 0.0
MAT -1.40112 0.0147071 -0.590323 0.0
MAT -0.639069 0.0361349 0.43287 1.0
WORLDTM 
MAT 0.999289 0.0371076 -0.00205793 0.0
MAT -0.0370038 0.987888 -0.150805 0.0
MAT -0.00357752 0.150789 0.988565 0.0
MAT -0.0366016 1.52538 -1.79559e-005 1.0
VERTEX = 9
-0.00535866 0.797244 0.122707
-0.00536139 0.797434 0.123951
-0.0053188 0.796191 0.124141
-0.00531608 0.796001 0.122897
-0.00596955 0.796749 0.123354
-0.00596982 0.796768 0.123478
-0.00596556 0.796644 0.123497
-0.00596529 0.796625 0.123373
-0.00596756 0.796696 0.123426
INDEX = 14
4 5 7
6 7 5
1 2 5
6 5 2
0 1 4
5 4 1
7 6 3
2 3 6
4 7 0
3 0 7
8 1 0
8 2 1
8 3 2
8 0 3
FACE-NORMAL = 14
0.999425 0.0337713 -0.00297628
0.999425 0.0337713 -0.00297628
0.670187 -0.0895418 -0.736771
0.670187 -0.0895418 -0.736771
0.693732 -0.711765 0.110122
0.693732 -0.711764 0.110122
0.643428 0.756955 -0.114105
0.643428 0.756955 -0.114105
0.666974 0.134727 0.732799
0.666974 0.134727 0.732799
-0.730627 0.674724 -0.10455
-0.708228 0.0827945 0.701112
-0.682773 -0.72249 0.10876
-0.705172 -0.130556 -0.696912
BONE = 20
BONE_NAME = Spikes
PARENT_ID = 13
LOCALTM 
MAT -0.00103658 -0.191313 -0.00160275 0.0
MAT -0.0742959 -0.0010743 0.176317 0.0
MAT -0.176319 0.00158062 -0.0742835 0.0
MAT -0.219352 0.0340342 -0.610537 1.0
WORLDTM 
MAT 0.125764 0.00424967 -0.000374525 0.0
MAT -0.00425882 0.124329 -0.018981 0.0
MAT -0.000272758 0.0189844 0.124399 0.0
MAT -0.00596756 0.796696 0.123426 1.0
VERTEX = 9
0.0024552 1.02979 -0.501963
0.00243353 1.03129 -0.492077
0.00277197 1.02141 -0.490569
0.00279364 1.01991 -0.500455
-0.00239928 1.02585 -0.496821
-0.00240145 1.026 -0.495832
-0.0023676 1.02501 -0.495681
-0.00236544 1.02486 -0.49667
-0.00238344 1.02543 -0.496251
INDEX = 14
4 5 7
6 7 5
1 2 5
6 5 2
0 1 4
5 4 1
7 6 3
2 3 6
4 7 0
3 0 7
8 1 0
8 2 1
8 3 2
8 0 3
FACE-NORMAL = 14
0.999425 0.0337712 -0.00297547
0.999425 0.0337712 -0.00297547
0.670187 -0.0895326 -0.736773
0.670187 -0.0895326 -0.736772
0.693732 -0.711766 0.110112
0.693732 -0.711766 0.110112
0.643428 0.756956 -0.114094
0.643428 0.756956 -0.114094
0.666974 0.134717 0.732801
0.666974 0.134717 0.732801
-0.730627 0.674726 -0.104541
-0.708228 0.0827858 0.701113
-0.682773 -0.722492 0.10875
-0.705173 -0.130547 -0.696914
BONE = 21
BONE_NAME = Ref_Head
PARENT_ID = 13
LOCALTM 
MAT -0.00823823 -1.5203 -0.0127374 0.0
MAT -0.590423 -0.00853682 1.40112 0.0
MAT -1.40114 0.0125606 -0.590322 0.0
MAT 0.401986 0.00406067 0.177972 1.0
WORLDTM 
MAT 0.999405 0.0337705 -0.00297541 0.0
MAT -0.0338434 0.987998 -0.150822 0.0
MAT -0.00216698 0.150849 0.988558 0.0
MAT -0.00238344 1.02543 -0.496251 1.0
VERTEX = 9
-0.0310483 1.60204 0.736385
-0.0313202 1.60971 0.729981
-0.0315404 1.61611 0.737662
-0.0312684 1.60844 0.744066
-0.0362666 1.6082 0.736962
-0.0362938 1.60896 0.736322
-0.0363158 1.6096 0.73709
-0.0362886 1.60884 0.73773
-0.0362912 1.6089 0.737026
INDEX = 14
4 5 7
6 7 5
1 2 5
6 5 2
0 1 4
5 4 1
7 6 3
2 3 6
4 7 0
3 0 7
8 1 0
8 2 1
8 3 2
8 0 3
FACE-NORMAL = 14
0.999388 0.0349642 -0.00049211
0.999388 0.0349642 -0.00049211
0.688759 -0.547118 0.475682
0.688759 -0.547117 0.475682
0.652192 0.499123 0.570545
0.652193 0.499123 0.570545
0.684919 -0.452343 -0.571202
0.684919 -0.452343 -0.571202
0.648352 0.59391 -0.476351
0.648352 0.59391 -0.476351
-0.691108 -0.477296 -0.542733
-0.725893 0.518009 -0.452489
-0.722241 0.427848 0.543428
-0.687455 -0.567468 0.453195
BONE = 22
BONE_NAME = HitTestFuzzy01
PARENT_ID = 13
LOCALTM 
MAT -0.0124056 -1.52026 -0.0131644 0.0
MAT 1.5045 -0.010374 -0.219523 0.0
MAT 0.219445 -0.0147948 1.50448 0.0
MAT -1.66068 0.0442495 -0.0448506 1.0
WORLDTM 
MAT 0.999368 0.0349635 -0.0004921 0.0
MAT 0.0220151 -0.640035 -0.768033 0.0
MAT -0.0271919 0.767562 -0.640427 0.0
MAT -0.0362912 1.6089 0.737026 1.0
VERTEX = 9
-0.160477 1.36349 0.0484898
-0.16053 1.35594 0.0550535
-0.160799 1.34938 0.0475108
-0.160746 1.35693 0.0409471
-0.16562 1.35725 0.0481335
-0.165625 1.35649 0.0487898
-0.165652 1.35584 0.0480356
-0.165647 1.35659 0.0473792
-0.165636 1.35654 0.0480845
INDEX = 14
4 5 7
6 7 5
1 2 5
6 5 2
0 1 4
5 4 1
7 6 3
2 3 6
4 7 0
3 0 7
8 1 0
8 2 1
8 3 2
8 0 3
FACE-NORMAL = 14
0.999624 -0.0216187 -0.0168471
0.999624 -0.0216187 -0.0168471
0.672622 0.546304 -0.49913
0.672622 0.546304 -0.49913
0.64872 -0.502074 -0.571913
0.64872 -0.502074 -0.571913
0.688707 0.47315 0.549373
0.688707 0.47315 0.549373
0.664805 -0.575233 0.476594
0.664805 -0.575233 0.476594
-0.687821 0.479159 0.545261
-0.710559 -0.518179 0.476021
-0.725862 -0.448586 -0.521436
-0.703123 0.548756 -0.4522
BONE = 23
BONE_NAME = Ref_Weapon Right
PARENT_ID = 13
LOCALTM 
MAT 0.0537728 -1.51765 -0.0734402 0.0
MAT -1.49864 -0.0651112 0.248276 0.0
MAT -0.251 0.0636298 -1.49826 0.0
MAT -0.569104 0.242814 0.183628 1.0
WORLDTM 
MAT 0.999608 -0.0216184 -0.0168468 0.0
MAT 0.0268986 0.656016 0.754269 0.0
MAT -0.00526216 -0.754451 0.656363 0.0
MAT -0.165636 1.35654 0.0480845 1.0
VERTEX = 9
0.106137 1.32877 0.0505542
0.106737 1.32395 0.0592961
0.106808 1.3152 0.0544651
0.106208 1.32002 0.0457231
0.101448 1.32249 0.0525598
0.101508 1.32201 0.053434
0.101515 1.32113 0.0529509
0.101455 1.32161 0.0520767
0.101482 1.32181 0.0527554
INDEX = 14
4 5 7
6 7 5
1 2 5
6 5 2
0 1 4
5 4 1
7 6 3
2 3 6
4 7 0
3 0 7
8 1 0
8 2 1
8 3 2
8 0 3
FACE-NORMAL = 14
0.998172 0.0351636 -0.0491459
0.998172 0.0351636 -0.0491459
0.623135 0.381692 -0.682652
0.623135 0.381692 -0.682652
0.67299 -0.627256 -0.391962
0.67299 -0.627256 -0.391962
0.662495 0.674306 0.32621
0.662495 0.674306 0.32621
0.71235 -0.334647 0.616903
0.71235 -0.334648 0.616903
-0.710806 0.594232 0.376354
-0.663379 -0.365595 0.652893
-0.700823 -0.643964 -0.306853
-0.748251 0.315869 -0.583394
BONE = 24
BONE_NAME = Ref_Weapon Left
PARENT_ID = 13
LOCALTM 
MAT 0.050473 -1.51931 0.0258375 0.0
MAT -1.32222 -0.0311674 0.750056 0.0
MAT -0.749035 -0.0473481 -1.32232 0.0
MAT -0.543606 -0.160893 0.119221 1.0
WORLDTM 
MAT 0.998152 0.0351628 -0.0491448 0.0
MAT -0.00706204 0.875546 0.483106 0.0
MAT 0.0600112 -0.481874 0.874198 0.0
MAT 0.101482 1.32181 0.0527554 1.0
VERTEX = 9
-0.0380756 1.3816 -0.100244
-0.0380279 1.38174 -0.0936684
-0.0383017 1.37517 -0.0935266
-0.0383494 1.37503 -0.100102
-0.0414628 1.37885 -0.0972002
-0.0414581 1.37886 -0.0965426
-0.0414854 1.3782 -0.0965284
-0.0414902 1.37819 -0.097186
-0.0414741 1.37853 -0.0968643
INDEX = 14
4 5 7
6 7 5
1 2 5
6 5 2
0 1 4
5 4 1
7 6 3
2 3 6
4 7 0
3 0 7
8 1 0
8 2 1
8 3 2
8 0 3
FACE-NORMAL = 14
0.999107 -0.0417774 -0.00637147
0.999107 -0.0417774 -0.00637147
0.662972 -0.043771 -0.747364
0.662972 -0.043771 -0.747363
0.637425 -0.770423 0.0117624
0.637425 -0.770423 0.0117624
0.69931 0.714531 -0.0202871
0.69931 0.714531 -0.0202871
0.673763 -0.012124 0.738848
0.673762 -0.0121239 0.738849
-0.677039 0.735869 -0.0107392
-0.701342 0.0445941 0.711429
-0.735911 -0.67679 0.0197499
-0.711608 0.0144878 -0.702427
BONE = 25
BONE_NAME = Ref_Weapon
PARENT_ID = 13
LOCALTM 
MAT 0.0369716 -0.996751 -0.0709245 0.0
MAT -0.503485 -0.0798913 0.860326 0.0
MAT -0.86325 0.00391695 -0.504808 0.0
MAT -0.396891 0.0502761 0.319997 1.0
WORLDTM 
MAT 0.657104 -0.0274766 -0.00419046 0.0
MAT 0.0273786 0.656995 -0.0141798 0.0
MAT 0.00477022 0.0140018 0.657544 0.0
MAT -0.0414741 1.37853 -0.0968643 1.0
VERTEX = 9
-0.002127 1.10738 0.0693694
-0.00214546 1.11816 0.084071
-0.0027433 1.10887 0.0908817
-0.00272484 1.09808 0.0761801
-0.00739754 1.10826 0.0788941
-0.00739939 1.10934 0.0803643
-0.00745917 1.10841 0.0810454
-0.00745733 1.10733 0.0795752
-0.00742836 1.10833 0.0799698
INDEX = 14
4 5 7
6 7 5
1 2 5
6 5 2
0 1 4
5 4 1
7 6 3
2 3 6
4 7 0
3 0 7
8 1 0
8 2 1
8 3 2
8 0 3
FACE-NORMAL = 14
0.998661 -0.0412986 0.0311562
0.998661 -0.0412986 0.0311562
0.668715 -0.467253 -0.578356
0.668715 -0.467253 -0.578356
0.62958 -0.626372 0.459659
0.629581 -0.626372 0.459659
0.706554 0.571063 -0.417934
0.706554 0.571063 -0.417934
0.667423 0.412139 0.620232
0.667423 0.412139 0.620232
-0.669549 0.598798 -0.439484
-0.706762 0.447424 0.547995
-0.742768 -0.54034 0.395384
-0.705557 -0.389153 -0.59224
BONE = 26
BONE_NAME = Vol_Target
PARENT_ID = 13
LOCALTM 
MAT 0.00719024 -1.51417 -0.137019 0.0
MAT 0.144841 -0.157032 1.74107 0.0
MAT -2.76286 -0.032877 0.228166 0.0
MAT -0.410782 0.0174185 -0.172409 1.0
WORLDTM 
MAT 0.998641 -0.0412977 0.0311556 0.0
MAT 0.0597841 0.929289 -0.681071 0.0
MAT -0.00184579 1.07866 1.47017 0.0
MAT -0.00742836 1.10833 0.0799698 1.0
VERTEX = 9
0.000282423 0.96232 0.101073
0.00131695 0.966628 0.0962126
0.00120549 0.961718 0.0918374
0.000170965 0.95741 0.0966981
0.00394489 0.961664 0.0972667
0.00404834 0.962095 0.0967807
0.0040372 0.961604 0.0963431
0.00393374 0.961173 0.0968292
0.00399104 0.961634 0.0968049
INDEX = 14
4 5 7
6 7 5
1 2 5
6 5 2
0 1 4
5 4 1
7 6 3
2 3 6
4 7 0
3 0 7
8 1 0
8 2 1
8 3 2
8 0 3
FACE-NORMAL = 14
-0.987406 0.117161 -0.10631
-0.987406 0.117161 -0.10631
-0.777455 -0.408507 0.478211
-0.777455 -0.408507 0.478211
-0.673137 -0.476463 -0.56557
-0.673138 -0.476462 -0.56557
-0.647943 0.633214 0.423333
-0.647943 0.633214 0.423333
-0.543625 0.56526 -0.620445
-0.543625 0.56526 -0.620446
0.710186 0.444981 0.545552
0.809425 0.380335 -0.447412
0.686218 -0.61067 -0.395206
0.586979 -0.546025 0.597756
BONE = 27
BONE_NAME = ShoulderRt
PARENT_ID = 11
LOCALTM 
MAT 0.195409 0.117659 0.973627 0.0
MAT 0.735115 -0.674732 -0.0659949 0.0
MAT 0.649184 0.728629 -0.218343 0.0
MAT 0.301402 0.0236325 0.00216887 1.0
WORLDTM 
MAT -0.649417 0.0770567 -0.0699201 0.0
MAT 0.0111458 0.490953 0.437519 0.0
MAT 0.103453 0.430823 -0.486078 0.0
MAT 0.00399104 0.961634 0.0968049 1.0
VERTEX = 9
-0.427233 1.01006 0.055333
-0.430367 1.01006 0.0495508
-0.424717 1.00867 0.0464873
-0.421582 1.00867 0.0522695
-0.425488 1.01265 0.0510207
-0.425801 1.01265 0.0504425
-0.425236 1.01251 0.0501361
-0.424923 1.01251 0.0507144
-0.425362 1.01258 0.0505784
INDEX = 14
4 5 7
6 7 5
1 2 5
6 5 2
0 1 4
5 4 1
7 6 3
2 3 6
4 7 0
3 0 7
8 1 0
8 2 1
8 3 2
8 0 3
FACE-NORMAL = 14
-0.186305 -0.9773 0.100869
-0.186305 -0.9773 0.100869
0.229598 -0.653865 0.720934
0.229598 -0.653865 0.720933
0.513974 -0.811256 -0.278735
0.513974 -0.811257 -0.278735
-0.763244 -0.496301 0.413695
-0.763244 -0.496301 0.413695
-0.478863 -0.653694 -0.585981
-0.478863 -0.653694 -0.585981
-0.475778 0.840865 0.258033
-0.205247 0.691137 -0.692967
0.73926 0.541244 -0.400687
0.468723 0.690975 0.55032
BONE = 28
BONE_NAME = ArmRT
PARENT_ID = 27
LOCALTM 
MAT 0.0587377 -0.665573 -0.744017 0.0
MAT 0.823649 0.453432 -0.340589 0.0
MAT 0.56405 -0.592803 0.574834 0.0
MAT 0.661136 0.0 -4.76837e-007 1.0
WORLDTM 
MAT -0.122534 -0.642779 0.0663425 0.0
MAT -0.565073 0.139348 0.306348 0.0
MAT -0.313442 7.72178e-005 -0.578215 0.0
MAT -0.425362 1.01258 0.0505784 1.0
VERTEX = 9
-0.51414 0.572995 0.0931285
-0.510228 0.578102 0.0944945
-0.504986 0.574577 0.0926629
-0.508898 0.56947 0.0912969
-0.509675 0.572618 0.0960027
-0.509284 0.573129 0.0961393
-0.50876 0.572776 0.0959562
-0.509151 0.572265 0.0958196
-0.509218 0.572697 0.0959795
INDEX = 14
4 5 7
6 7 5
1 2 5
6 5 2
0 1 4
5 4 1
7 6 3
2 3 6
4 7 0
3 0 7
8 1 0
8 2 1
8 3 2
8 0 3
FACE-NORMAL = 14
-0.104951 0.331157 -0.937721
-0.104951 0.331157 -0.937721
-0.512327 -0.355689 -0.781669
-0.512327 -0.355689 -0.781669
0.522173 -0.176866 -0.834298
0.522173 -0.176866 -0.834299
-0.662592 0.619932 -0.420305
-0.662592 0.619932 -0.420305
0.371914 0.798757 -0.472935
0.371914 0.798757 -0.472934
-0.48933 0.144839 0.859987
0.494806 0.314956 0.80992
0.637755 -0.613167 0.46615
-0.346386 -0.783286 0.516217
BONE = 29
BONE_NAME = ForeArmRt
PARENT_ID = 28
LOCALTM 
MAT -0.398673 -0.276438 0.874438 0.0
MAT -0.34724 0.927998 0.135056 0.0
MAT -0.848814 -0.249789 -0.465967 0.0
MAT 0.684344 -1.78814e-007 0.0 1.0
WORLDTM 
MAT -0.0690272 0.217805 -0.616748 0.0
MAT -0.52417 0.352523 0.183162 0.0
MAT 0.391212 0.510756 0.136594 0.0
MAT -0.509218 0.572697 0.0959795 1.0
VERTEX = 9
-0.57432 0.767544 -0.466743
-0.577098 0.770388 -0.471982
-0.571159 0.771205 -0.474688
-0.568381 0.76836 -0.469449
-0.572638 0.772128 -0.468861
-0.572915 0.772412 -0.469385
-0.572322 0.772494 -0.469656
-0.572044 0.77221 -0.469132
-0.57248 0.772311 -0.469259
INDEX = 14
4 5 7
6 7 5
1 2 5
6 5 2
0 1 4
5 4 1
7 6 3
2 3 6
4 7 0
3 0 7
8 1 0
8 2 1
8 3 2
8 0 3
FACE-NORMAL = 14
-0.0790315 -0.89304 -0.442982
-0.0790315 -0.89304 -0.442982
0.261104 -0.918895 0.295731
0.261104 -0.918895 0.295731
0.618274 -0.505127 -0.602149
0.618274 -0.505127 -0.602149
-0.724032 -0.689701 0.00947993
-0.724032 -0.689701 0.00948005
-0.366848 -0.275925 -0.888419
-0.366848 -0.275925 -0.888419
-0.582585 0.543681 0.604157
-0.242804 0.937305 -0.25001
0.694371 0.719271 0.0223055
0.354577 0.32564 0.87649
BONE = 30
BONE_NAME = HandRt
PARENT_ID = 29
LOCALTM 
MAT 0.127947 -0.539038 -0.832535 0.0
MAT -0.332153 0.767654 -0.548055 0.0
MAT 0.934493 0.346649 -0.0808035 0.0
MAT 0.916481 0.0 3.27826e-007 1.0
WORLDTM 
MAT -0.0519813 -0.587378 -0.291362 0.0
MAT -0.593859 -0.0816511 0.270599 0.0
MAT -0.277819 0.284468 -0.523891 0.0
MAT -0.57248 0.772311 -0.469259 1.0
VERTEX = 9
-0.797514 0.080493 -0.871302
-0.798288 0.0734552 -0.86424
-0.801244 0.0668526 -0.871144
-0.80047 0.0738904 -0.878206
-0.801502 0.0749904 -0.87085
-0.80158 0.0742866 -0.870144
-0.801875 0.0736263 -0.870834
-0.801798 0.0743301 -0.87154
-0.801689 0.0743083 -0.870842
INDEX = 14
4 5 7
6 7 5
1 2 5
6 5 2
0 1 4
5 4 1
7 6 3
2 3 6
4 7 0
3 0 7
8 1 0
8 2 1
8 3 2
8 0 3
FACE-NORMAL = 14
0.95218 -0.261973 -0.157235
0.95218 -0.261973 -0.157235
0.694373 0.347798 -0.629986
0.694373 0.347798 -0.629986
0.417217 -0.666027 -0.618335
0.417217 -0.666027 -0.618335
0.856736 0.315532 0.407973
0.856736 0.315532 0.407973
0.579557 -0.698484 0.419802
0.579557 -0.698484 0.419802
-0.464233 0.652125 0.59935
-0.727884 -0.312344 0.610431
-0.882356 -0.281646 -0.376993
-0.618683 0.683007 -0.388244
BONE = 31
BONE_NAME = HitTestFuzzy02
PARENT_ID = 30
LOCALTM 
MAT 0.168425 -0.657989 -0.287914 0.0
MAT -1.39698 -0.0986939 -0.591808 0.0
MAT 0.489232 0.68087 -1.2684 0.0
MAT 1.24574 0.195255 0.174574 1.0
WORLDTM 
MAT 0.461986 -0.127106 -0.0762885 0.0
MAT 0.295643 0.660261 0.690362 0.0
MAT -0.077386 -0.703777 0.706202 0.0
MAT -0.801689 0.0743083 -0.870842 1.0
VERTEX = 9
0.00832078 0.957946 0.0964825
0.00633341 0.961904 0.09162
0.00591707 0.966911 0.0958652
0.00790444 0.962953 0.100728
0.00411125 0.961185 0.0968358
0.00391251 0.961581 0.0963496
0.00387088 0.962082 0.0967741
0.00406961 0.961686 0.0972604
0.00399106 0.961633 0.096805
INDEX = 14
4 5 7
6 7 5
1 2 5
6 5 2
0 1 4
5 4 1
7 6 3
2 3 6
4 7 0
3 0 7
8 1 0
8 2 1
8 3 2
8 0 3
FACE-NORMAL = 14
0.951152 0.241826 -0.191913
0.951152 0.241826 -0.191913
0.860884 -0.285513 0.421142
0.860884 -0.285513 0.421142
0.589237 0.727553 0.351377
0.589237 0.727553 0.351377
0.683337 -0.404002 -0.608139
0.683337 -0.404002 -0.608139
0.41169 0.60906 -0.677907
0.41169 0.60906 -0.677907
-0.627807 -0.709232 -0.3207
-0.886229 0.254513 -0.387068
-0.717324 0.367234 0.592102
-0.458903 -0.596507 0.658473
BONE = 32
BONE_NAME = ShoulderLft
PARENT_ID = 11
LOCALTM 
MAT 0.168731 0.17646 -0.969726 0.0
MAT -0.756303 0.65411 -0.0125734 0.0
MAT 0.632093 0.735541 0.243827 0.0
MAT 0.301401 0.0236324 0.00216888 1.0
WORLDTM 
MAT 0.625572 0.159049 -0.126221 0.0
MAT 0.0416344 -0.500632 -0.424518 0.0
MAT -0.198737 0.395786 -0.486252 0.0
MAT 0.00399106 0.961633 0.096805 1.0
VERTEX = 9
0.369966 1.04936 0.0215522
0.37018 1.05427 0.0171747
0.375411 1.05679 0.02026
0.375197 1.05189 0.0246375
0.370425 1.0545 0.0228797
0.370447 1.05499 0.0224419
0.37097 1.05524 0.0227505
0.370949 1.05475 0.0231882
0.370698 1.05487 0.0228151
INDEX = 14
4 5 7
6 7 5
1 2 5
6 5 2
0 1 4
5 4 1
7 6 3
2 3 6
4 7 0
3 0 7
8 1 0
8 2 1
8 3 2
8 0 3
FACE-NORMAL = 14
0.605293 -0.544648 -0.580499
0.605293 -0.544648 -0.580499
0.380687 -0.918564 0.106381
0.380687 -0.918564 0.106381
0.996087 -0.0789784 -0.0396531
0.996087 -0.0789786 -0.0396532
-0.186239 -0.649718 -0.737009
-0.18624 -0.649718 -0.737009
0.429153 0.189867 -0.883051
0.429153 0.189868 -0.883051
-0.990394 0.113646 0.0787703
-0.404954 0.912356 -0.0601544
0.134372 0.656598 0.742174
-0.45106 -0.142111 0.881107
BONE = 33
BONE_NAME = ArmLft
PARENT_ID = 32
LOCALTM 
MAT 0.555421 0.827566 -0.0814883 0.0
MAT -0.759301 0.544669 0.356086 0.0
MAT 0.339056 -0.135908 0.930899 0.0
MAT 0.586194 0.0 0.0 1.0
WORLDTM 
MAT 0.398106 -0.358219 -0.381798 0.0
MAT -0.523088 -0.252511 -0.30853 0.0
MAT 0.0214417 0.490403 -0.437752 0.0
MAT 0.370698 1.05487 0.0228151 1.0
VERTEX = 9
0.655251 0.798755 -0.256498
0.650636 0.799281 -0.251842
0.65476 0.802839 -0.248156
0.659376 0.802313 -0.252812
0.656142 0.79784 -0.25133
0.655681 0.797892 -0.250865
0.656093 0.798248 -0.250496
0.656555 0.798195 -0.250962
0.656118 0.798044 -0.250913
INDEX = 14
4 5 7
6 7 5
1 2 5
6 5 2
0 1 4
5 4 1
7 6 3
2 3 6
4 7 0
3 0 7
8 1 0
8 2 1
8 3 2
8 0 3
FACE-NORMAL = 14
-0.338085 0.837216 -0.429846
-0.338085 0.837216 -0.429846
0.295432 0.500568 -0.813727
0.295432 0.500568 -0.813727
0.239943 0.962173 0.129039
0.239943 0.962173 0.129039
-0.69227 0.15797 -0.704136
-0.69227 0.15797 -0.704136
-0.747785 0.619571 0.238643
-0.747785 0.619571 0.238643
-0.204355 -0.97453 -0.092362
-0.257143 -0.535396 0.804505
0.682473 -0.209479 0.70025
0.735286 -0.648608 -0.196629
