EXPORTER_V17
ANIMATION_EXPORT
BONEOBJECT_COUNT = 45
VERTEX = 9
-0.00529339 0.524079 -0.120836
-0.00529338 0.527631 -0.126372
0.001283 0.52771 -0.126321
0.00128299 0.524159 -0.120785
-0.00238135 0.528481 -0.121529
-0.00238135 0.528836 -0.122082
-0.00172372 0.528844 -0.122077
-0.00172372 0.528488 -0.121524
-0.00205253 0.528662 -0.121803
INDEX = 14
4 5 7
6 7 5
1 2 5
6 5 2
0 1 4
5 4 1
7 6 3
2 3 6
4 7 0
3 0 7
8 1 0
8 2 1
8 3 2
8 0 3
FACE-NORMAL = 14
0.0143952 -0.84157 -0.539957
0.0143952 -0.84157 -0.539957
0.00962959 -0.964369 0.264387
0.00962959 -0.964369 0.264386
0.752847 -0.553975 -0.355434
0.752847 -0.553975 -0.355434
-0.733587 -0.571986 -0.36699
-0.733587 -0.571986 -0.36699
0.00963018 -0.161592 -0.986811
0.00963018 -0.161592 -0.986811
-0.717212 0.586513 0.37631
-0.0101787 0.976926 -0.213334
0.696855 0.603647 0.387304
-0.0101792 0.213233 0.976948
BONE = 0
BONE_NAME = Root
PARENT_ID = -1
LOCALTM 
MAT 0.00946782 -0.553505 -0.355133 0.0
MAT -0.657638 -0.00796851 -0.00511296 0.0
MAT 2.62166e-007 0.35517 -0.553563 0.0
MAT -0.00205253 0.528662 -0.121803 1.0
WORLDTM 
MAT 0.00946782 -0.553505 -0.355133 0.0
MAT -0.657638 -0.00796851 -0.00511296 0.0
MAT 2.62166e-007 0.35517 -0.553563 0.0
MAT -0.00205253 0.528662 -0.121803 1.0
VERTEX = 9
0.00277607 0.432866 -0.178225
-0.0038007 0.432926 -0.178212
-0.0038007 0.434313 -0.184641
0.00277607 0.434253 -0.184654
-0.000152436 0.436732 -0.180419
-0.000810113 0.436738 -0.180418
-0.000810113 0.436876 -0.181061
-0.000152436 0.43687 -0.181062
-0.000481275 0.436804 -0.18074
INDEX = 14
4 5 7
6 7 5
1 2 5
6 5 2
0 1 4
5 4 1
7 6 3
2 3 6
4 7 0
3 0 7
8 1 0
8 2 1
8 3 2
8 0 3
FACE-NORMAL = 14
-0.00943858 -0.97747 -0.210861
-0.00943858 -0.97747 -0.210861
0.736947 -0.660751 -0.142538
0.736947 -0.660751 -0.142538
-0.00631425 -0.497154 -0.867639
-0.00631425 -0.497154 -0.867639
-0.0063139 -0.810632 0.585522
-0.0063139 -0.810632 0.585522
-0.749575 -0.647035 -0.139579
-0.749575 -0.647035 -0.139579
0.00667425 0.542068 0.840308
-0.700401 0.6977 0.150509
0.00667392 0.840284 -0.542105
0.713749 0.684652 0.147694
BONE = 1
BONE_NAME = Tail01
PARENT_ID = 0
LOCALTM 
MAT 0.936329 0.0229195 -0.350374 0.0
MAT -0.350353 -0.00504454 -0.936604 0.0
MAT -0.023234 0.999724 0.00330673 0.0
MAT 0.165957 0.0 -1.19209e-007 1.0
WORLDTM 
MAT -0.00620781 -0.642888 -0.138685 0.0
MAT 1.56462e-007 -0.138691 0.642917 0.0
MAT -0.657677 0.0060683 0.00130913 0.0
MAT -0.000481275 0.436804 -0.18074 1.0
VERTEX = 9
0.00050877 0.227931 -0.220937
-0.00605056 0.228217 -0.221326
-0.0059804 0.223539 -0.225948
0.000578935 0.223253 -0.22556
-0.00217262 0.228262 -0.225523
-0.00282855 0.228291 -0.225562
-0.00282154 0.227823 -0.226025
-0.0021656 0.227794 -0.225986
-0.00249708 0.228042 -0.225774
INDEX = 14
4 5 7
6 7 5
1 2 5
6 5 2
0 1 4
5 4 1
7 6 3
2 3 6
4 7 0
3 0 7
8 1 0
8 2 1
8 3 2
8 0 3
FACE-NORMAL = 14
-0.0725971 -0.701567 0.708895
-0.0725971 -0.701567 0.708895
0.692725 -0.501628 0.51817
0.692725 -0.501628 0.518171
-0.0406353 -0.998012 -0.0481848
-0.0406353 -0.998012 -0.0481846
-0.0564944 0.0593632 0.996637
-0.0564944 0.0593634 0.996637
-0.789855 -0.43702 0.430282
-0.789855 -0.437019 0.430282
0.0437904 0.999032 -0.0042876
-0.653867 0.526815 -0.54307
0.0588774 -0.00686496 -0.998242
0.756535 0.465351 -0.45946
BONE = 2
BONE_NAME = Tail02
PARENT_ID = 1
LOCALTM 
MAT 0.536968 0.840895 0.0675321 0.0
MAT -0.843351 0.537041 0.0186291 0.0
MAT -0.0206024 -0.0669567 0.997544 0.0
MAT 0.324725 1.49012e-007 0.0 1.0
WORLDTM 
MAT -0.0477475 -0.461425 0.466245 0.0
MAT -0.00701651 0.467811 0.462257 0.0
MAT -0.655933 0.0285847 -0.0388844 0.0
MAT -0.00249708 0.228042 -0.225774 1.0
VERTEX = 9
-0.0169781 0.0572096 -0.0468438
-0.0235327 0.0572316 -0.0463008
-0.0235326 0.05066 -0.046034
-0.0169781 0.0506379 -0.046577
-0.0201994 0.0541293 -0.049754
-0.0208548 0.0541315 -0.0496997
-0.0208548 0.0534744 -0.049673
-0.0201994 0.0534722 -0.0497273
-0.0205271 0.0538018 -0.0497135
INDEX = 14
4 5 7
6 7 5
1 2 5
6 5 2
0 1 4
5 4 1
7 6 3
2 3 6
4 7 0
3 0 7
8 1 0
8 2 1
8 3 2
8 0 3
FACE-NORMAL = 14
0.0826281 0.040423 0.99576
0.0826281 0.040423 0.99576
0.796027 0.0245542 0.604762
0.796027 0.0245542 0.604762
0.0552797 -0.715641 0.696277
0.0552797 -0.715641 0.696278
0.0552709 0.769724 0.63598
0.0552709 0.769724 0.63598
-0.685477 0.029529 0.727495
-0.685477 0.029529 0.727495
-0.0584311 0.677941 -0.73279
-0.763115 -0.0262171 -0.64573
-0.0584227 -0.735108 -0.675428
0.646262 -0.0309497 -0.762488
BONE = 3
BONE_NAME = Tail03
PARENT_ID = 2
LOCALTM 
MAT 0.671531 0.727722 -0.139519 0.0
MAT -0.729743 0.682182 0.0458291 0.0
MAT 0.128528 0.0710374 0.989158 0.0
MAT 0.377614 0.0 -1.52737e-007 1.0
WORLDTM 
MAT 0.054345 0.0265864 0.654918 0.0
MAT -3.91901e-006 0.657164 -0.0266775 0.0
MAT -0.655457 0.00220098 0.0543 0.0
MAT -0.0205271 0.0538018 -0.0497135 1.0
VERTEX = 9
0.0086476 0.0698074 0.258597
0.00215917 0.0699335 0.259665
0.00215919 0.0634018 0.260436
0.00864762 0.0632757 0.259368
0.00518974 0.0665445 0.256203
0.0045409 0.0665572 0.256309
0.0045409 0.065904 0.256387
0.00518974 0.0658914 0.25628
0.00486532 0.0662243 0.256295
INDEX = 14
4 5 7
6 7 5
1 2 5
6 5 2
0 1 4
5 4 1
7 6 3
2 3 6
4 7 0
3 0 7
8 1 0
8 2 1
8 3 2
8 0 3
FACE-NORMAL = 14
0.163623 0.115644 0.979721
0.163623 0.115644 0.979721
0.842734 0.063107 0.534618
0.842734 0.063107 0.534618
0.10946 -0.660807 0.742531
0.10946 -0.660807 0.742531
0.109456 0.815532 0.568267
0.109456 0.815532 0.568267
-0.623819 0.0916161 0.77618
-0.62382 0.0916161 0.77618
-0.115701 0.620459 -0.775657
-0.813275 -0.0682119 -0.577867
-0.115697 -0.784005 -0.609878
0.581879 -0.095333 -0.807669
BONE = 4
BONE_NAME = Tail04
PARENT_ID = 3
LOCALTM 
MAT 0.993761 0.075809 -0.0817899 0.0
MAT -0.0765834 0.997043 -0.00635255 0.0
MAT 0.0810661 0.0125757 0.99663 0.0
MAT 0.467247 0.0 1.60187e-007 1.0
WORLDTM 
MAT 0.107615 0.0760595 0.644368 0.0
MAT -2.01166e-006 0.653171 -0.0770994 0.0
MAT -0.648843 0.0126131 0.106873 0.0
MAT 0.00486532 0.0662243 0.256295 1.0
VERTEX = 9
0.0503227 0.100906 0.520908
0.0441863 0.100553 0.518567
0.0441863 0.0940493 0.519548
0.0503227 0.0944023 0.521888
0.0487448 0.097363 0.517262
0.0481312 0.0973277 0.517028
0.0481312 0.0966773 0.517126
0.0487448 0.0967126 0.51736
0.048438 0.0970202 0.517194
INDEX = 14
4 5 7
6 7 5
1 2 5
6 5 2
0 1 4
5 4 1
7 6 3
2 3 6
4 7 0
3 0 7
8 1 0
8 2 1
8 3 2
8 0 3
FACE-NORMAL = 14
-0.359888 0.139098 0.922569
-0.359888 0.139098 0.922569
0.452736 0.132944 0.881678
0.452736 0.132944 0.881678
-0.240743 -0.641932 0.727988
-0.240743 -0.641932 0.727988
-0.240761 0.82804 0.506343
-0.240761 0.82804 0.506343
-0.934243 0.0531593 0.352652
-0.934243 0.0531592 0.352652
0.25447 0.600844 -0.757781
-0.405246 -0.136307 -0.903989
0.254487 -0.797563 -0.546928
0.914208 -0.0604069 -0.400719
BONE = 5
BONE_NAME = Tail05
PARENT_ID = 4
LOCALTM 
MAT 0.861059 0.0299939 0.507616 0.0
MAT -0.0317239 0.999483 -0.00525373 0.0
MAT -0.507518 -0.0115816 0.861566 0.0
MAT 0.404892 0.0 0.0 1.0
WORLDTM 
MAT -0.2367 0.0914855 0.606777 0.0
MAT -7.15256e-006 0.650354 -0.0980628 0.0
MAT -0.613637 -0.0352993 -0.234057 0.0
MAT 0.048438 0.0970202 0.517194 1.0
VERTEX = 9
-0.0709648 0.146045 0.834418
-0.0773828 0.146489 0.833051
-0.0773827 0.140235 0.831017
-0.0709647 0.13979 0.832384
-0.0731342 0.144423 0.829836
-0.073776 0.144467 0.8297
-0.0737759 0.143842 0.829496
-0.0731341 0.143798 0.829633
-0.0734551 0.144132 0.829666
INDEX = 14
4 5 7
6 7 5
1 2 5
6 5 2
0 1 4
5 4 1
7 6 3
2 3 6
4 7 0
3 0 7
8 1 0
8 2 1
8 3 2
8 0 3
FACE-NORMAL = 14
-0.218549 -0.301804 0.927982
-0.218549 -0.301804 0.927982
0.579117 -0.252121 0.775279
0.579117 -0.252121 0.775279
-0.14619 -0.908746 0.390909
-0.14619 -0.908746 0.390909
-0.146214 0.504961 0.850668
-0.146213 0.504961 0.850668
-0.871531 -0.15167 0.466293
-0.871531 -0.15167 0.466293
0.154526 0.885844 -0.437496
-0.535469 0.261187 -0.803152
0.154549 -0.459036 -0.874872
0.844555 0.165627 -0.50921
BONE = 6
BONE_NAME = Tail06
PARENT_ID = 5
LOCALTM 
MAT 0.892796 -0.436782 -0.110131 0.0
MAT 0.417608 0.894234 -0.161079 0.0
MAT 0.168832 0.0978224 0.980783 0.0
MAT 0.51497 0.0 -2.68221e-007 1.0
WORLDTM 
MAT -0.14374 -0.198497 0.610337 0.0
MAT -9.80496e-006 0.62546 0.203406 0.0
MAT -0.641808 0.0444439 -0.136709 0.0
MAT -0.0734551 0.144132 0.829666 1.0
VERTEX = 9
-0.137064 0.0544674 1.11486
-0.143471 0.0549292 1.11344
-0.143321 0.0489099 1.11079
-0.136914 0.0484481 1.11221
-0.13914 0.0532715 1.1101
-0.13978 0.0533177 1.10996
-0.139765 0.0527158 1.1097
-0.139125 0.0526696 1.10984
-0.139453 0.0529936 1.1099
INDEX = 14
4 5 7
6 7 5
1 2 5
6 5 2
0 1 4
5 4 1
7 6 3
2 3 6
4 7 0
3 0 7
8 1 0
8 2 1
8 3 2
8 0 3
FACE-NORMAL = 14
-0.224989 -0.396836 0.889889
-0.224989 -0.396836 0.889889
0.57351 -0.317653 0.755104
0.57351 -0.317653 0.755104
-0.133535 -0.945729 0.296252
-0.133535 -0.945729 0.296253
-0.167484 0.414806 0.894363
-0.167484 0.414807 0.894363
-0.874558 -0.213283 0.435498
-0.874558 -0.213283 0.435497
0.142943 0.927746 -0.344753
-0.52968 0.330248 -0.781265
0.175239 -0.366551 -0.913746
0.84789 0.23096 -0.477221
BONE = 7
BONE_NAME = TailTIP
PARENT_ID = 6
LOCALTM 
MAT 0.994727 -0.102153 0.00777916 0.0
MAT 0.10214 0.994771 0.000508964 0.0
MAT -0.0078161 0.000299223 0.99998 0.0
MAT 0.459144 0.0 0.0 1.0
WORLDTM 
MAT -0.147974 -0.260998 0.585277 0.0
MAT -0.0150181 0.601937 0.264612 0.0
MAT -0.640672 0.0461816 -0.141415 0.0
MAT -0.139453 0.0529936 1.1099 1.0
VERTEX = 9
-0.000543571 0.541948 -0.122625
-0.000543573 0.548525 -0.122625
0.00603349 0.548525 -0.122625
0.00603349 0.541948 -0.122625
0.00241611 0.544907 -0.119337
0.00241611 0.545565 -0.119337
0.00307381 0.545565 -0.119337
0.00307382 0.544907 -0.119337
0.00274496 0.545236 -0.119337
INDEX = 14
4 5 7
6 7 5
1 2 5
6 5 2
0 1 4
5 4 1
7 6 3
2 3 6
4 7 0
3 0 7
8 1 0
8 2 1
8 3 2
8 0 3
FACE-NORMAL = 14
-3.29932e-007 -2.76927e-007 -1.0
-3.29932e-007 -2.76927e-007 -1.0
0.0 -0.743294 -0.668965
0.0 -0.743294 -0.668965
0.743294 0.0 -0.668965
0.743294 0.0 -0.668965
-0.743294 -4.20262e-007 -0.668965
-0.743294 -4.20262e-007 -0.668965
-4.53105e-007 0.743294 -0.668965
-4.53105e-007 0.743294 -0.668965
-0.707107 0.0 0.707107
0.0 0.707107 0.707107
0.707107 4.19383e-007 0.707107
4.54375e-007 -0.707107 0.707107
BONE = 8
BONE_NAME = Dummy01
PARENT_ID = 0
LOCALTM 
MAT 0.539957 0.00777426 0.841656 0.0
MAT -0.0143951 0.999897 -8.65139e-007 0.0
MAT -0.84157 -0.0121153 0.540013 0.0
MAT -0.0231273 -0.00762799 0.010452 1.0
WORLDTM 
MAT -2.16998e-007 -1.82137e-007 -0.657706 0.0
MAT -0.657706 -2.07947e-007 2.30968e-007 0.0
MAT -2.05633e-007 0.657706 0.0 0.0
MAT 0.00274496 0.545236 -0.119337 1.0
VERTEX = 9
0.00601113 0.549901 -0.119451
-0.000565781 0.54987 -0.119417
-0.000519891 0.545318 -0.11467
0.00605702 0.545349 -0.114704
0.00307151 0.545465 -0.119576
0.00241382 0.545462 -0.119572
0.00241841 0.545007 -0.119098
0.0030761 0.54501 -0.119101
0.00274496 0.545236 -0.119337
INDEX = 14
4 5 7
6 7 5
1 2 5
6 5 2
0 1 4
5 4 1
7 6 3
2 3 6
4 7 0
3 0 7
8 1 0
8 2 1
8 3 2
8 0 3
FACE-NORMAL = 14
0.000200055 0.721752 0.692152
0.000200055 0.721752 0.692152
0.74341 0.486309 0.459178
0.74341 0.48631 0.459178
0.00532008 -0.0316345 0.999485
0.00532008 -0.0316343 0.999485
-0.00505241 0.997287 -0.0734345
-0.00505241 0.997287 -0.0734346
-0.743142 0.479344 0.466872
-0.743142 0.479344 0.466872
-0.00507521 -0.0209413 -0.999768
-0.707231 -0.513669 -0.485765
0.00479229 -0.99977 0.0209169
0.706948 -0.507043 -0.493085
BONE = 9
BONE_NAME = SpineUp01
PARENT_ID = 8
LOCALTM 
MAT -0.692151 -0.000200052 0.721751 0.0
MAT 0.721733 0.00697692 0.692137 0.0
MAT -0.00517605 0.999977 -0.00468486 0.0
MAT 0.0 0.0 0.0 1.0
WORLDTM 
MAT 0.000131577 0.4747 0.455232 0.0
MAT -0.00458907 0.455223 -0.474688 0.0
MAT -0.657691 -0.00308147 0.00340455 0.0
MAT 0.00274496 0.545236 -0.119337 1.0
VERTEX = 9
0.00646972 0.640981 -0.032155
-6.8547e-005 0.641614 -0.0318275
-0.000235295 0.637321 -0.0268478
0.00630298 0.636687 -0.0271753
0.00310563 0.636863 -0.0319088
0.0024518 0.636926 -0.031876
0.00243513 0.636497 -0.031378
0.00308896 0.636434 -0.0314108
0.00277038 0.63668 -0.0316434
INDEX = 14
4 5 7
6 7 5
1 2 5
6 5 2
0 1 4
5 4 1
7 6 3
2 3 6
4 7 0
3 0 7
8 1 0
8 2 1
8 3 2
8 0 3
FACE-NORMAL = 14
0.105468 0.751401 0.651362
0.105468 0.751401 0.651362
0.809462 0.431033 0.398725
0.809462 0.431033 0.398725
0.05171 0.0174598 0.99851
0.05171 0.01746 0.99851
0.0893993 0.987862 -0.127032
0.0893993 0.987862 -0.127032
-0.668354 0.574289 0.472752
-0.668355 0.574289 0.472752
-0.0566502 -0.0697418 -0.995955
-0.777511 -0.46318 -0.425371
-0.0925046 -0.9929 0.0747895
0.628358 -0.599462 -0.495794
BONE = 10
BONE_NAME = SpineUp02
PARENT_ID = 9
LOCALTM 
MAT 0.993186 0.0492254 -0.105615 0.0
MAT -0.0529063 0.998076 -0.0323282 0.0
MAT 0.103818 0.0376958 0.993883 0.0
MAT 0.192634 2.38419e-007 0.0 1.0
WORLDTM 
MAT 0.069367 0.4942 0.428404 0.0
MAT 0.0166748 0.429332 -0.49797 0.0
MAT -0.653827 0.0633799 0.0327513 0.0
MAT 0.00277038 0.63668 -0.0316434 1.0
VERTEX = 9
0.0253286 0.78135 0.088634
0.0187707 0.780855 0.0887152
0.0191106 0.777256 0.0942096
0.0256685 0.777751 0.0941284
0.0227152 0.776767 0.0893359
0.0220594 0.776717 0.089344
0.0220934 0.776357 0.0898935
0.0227492 0.776407 0.0898853
0.0224043 0.776562 0.0896147
INDEX = 14
4 5 7
6 7 5
1 2 5
6 5 2
0 1 4
5 4 1
7 6 3
2 3 6
4 7 0
3 0 7
8 1 0
8 2 1
8 3 2
8 0 3
FACE-NORMAL = 14
-0.0561698 0.833589 0.549521
-0.0561698 0.833589 0.549521
0.70355 0.61363 0.358434
0.70355 0.61363 0.358435
0.000841657 0.150891 0.98855
0.000841646 0.150891 0.98855
-0.0759927 0.964391 -0.253326
-0.0759927 0.964391 -0.253327
-0.778701 0.501654 0.376786
-0.778701 0.501654 0.376786
0.00317113 -0.202488 -0.97928
-0.665326 -0.642699 -0.379841
0.0762648 -0.976383 0.202136
0.744762 -0.536174 -0.397299
BONE = 11
BONE_NAME = SpineUp03
PARENT_ID = 10
LOCALTM 
MAT 0.978368 0.126658 0.163532 0.0
MAT -0.138403 0.988401 0.0625156 0.0
MAT -0.153718 -0.0837945 0.98456 0.0
MAT 0.283047 5.36442e-007 2.90573e-007 1.0
WORLDTM 
MAT -0.0369429 0.548252 0.361421 0.0
MAT -0.0339936 0.359915 -0.549438 0.0
MAT -0.655792 -0.0495417 0.00811939 0.0
MAT 0.0224043 0.776562 0.0896147 1.0
VERTEX = 9
0.00914187 0.928476 0.195424
0.00904131 0.932987 0.200209
0.0156129 0.933237 0.200111
0.0157135 0.928727 0.195326
0.0121787 0.928229 0.199789
0.0121687 0.92868 0.200267
0.0128258 0.928705 0.200257
0.0128359 0.928254 0.199779
0.0125023 0.928467 0.200023
INDEX = 14
4 5 7
6 7 5
1 2 5
6 5 2
0 1 4
5 4 1
7 6 3
2 3 6
4 7 0
3 0 7
8 1 0
8 2 1
8 3 2
8 0 3
FACE-NORMAL = 14
-0.0379779 0.726781 -0.685819
-0.0379779 0.726781 -0.685819
-0.0140411 -0.0235666 -0.999624
-0.0140411 -0.0235664 -0.999624
0.717265 0.514524 -0.46989
0.717265 0.514524 -0.46989
-0.768077 0.457858 -0.447688
-0.768077 0.457857 -0.447688
-0.0367708 0.99595 0.0820483
-0.0367708 0.99595 0.0820484
-0.679659 -0.540865 0.495508
0.0160429 -0.0289719 0.999451
0.733369 -0.486958 0.474387
0.0376661 -0.998853 -0.0295591
BONE = 12
BONE_NAME = Neck01
PARENT_ID = 11
LOCALTM 
MAT 0.231093 0.972592 -0.025345 0.0
MAT 0.0325553 0.0183039 0.999307 0.0
MAT 0.972391 -0.231765 -0.0274298 0.0
MAT 0.285622 -0.0130696 -0.000313252 1.0
WORLDTM 
MAT -0.0249781 0.478004 -0.451063 0.0
MAT -0.657163 -0.025071 0.00982305 0.0
MAT -0.0100562 0.451059 0.47856 0.0
MAT 0.0125023 0.928467 0.200023 1.0
VERTEX = 9
-0.00401017 1.17894 -0.0427529
-0.00428225 1.18551 -0.0427821
0.00228656 1.18578 -0.0429756
0.00255864 1.17921 -0.0429464
-0.00108064 1.18203 -0.0395661
-0.00110785 1.18269 -0.039569
-0.00045097 1.18272 -0.0395883
-0.000423762 1.18206 -0.0395854
-0.000765807 1.18238 -0.0395772
INDEX = 14
4 5 7
6 7 5
1 2 5
6 5 2
0 1 4
5 4 1
7 6 3
2 3 6
4 7 0
3 0 7
8 1 0
8 2 1
8 3 2
8 0 3
FACE-NORMAL = 14
-0.0291919 -0.00565998 -0.999558
-0.0291919 -0.00565998 -0.999558
0.0112205 -0.746433 -0.665366
0.0112205 -0.746433 -0.665366
0.722806 0.0268615 -0.690529
0.722806 0.0268615 -0.690529
-0.761875 -0.0344346 -0.646809
-0.761875 -0.0344346 -0.646808
-0.0502775 0.738868 -0.671972
-0.0502775 0.738868 -0.671972
-0.685552 -0.0251535 0.727589
-0.00861007 0.710493 0.703651
0.726847 0.0331584 0.685999
0.0498939 -0.702496 0.709937
BONE = 13
BONE_NAME = Neck02
PARENT_ID = 12
LOCALTM 
MAT 0.682501 0.014456 -0.730721 0.0
MAT -0.0122129 0.999907 0.00839521 0.0
MAT 0.730769 0.00318074 0.682615 0.0
MAT 0.531189 0.0 -1.19209e-007 1.0
WORLDTM 
MAT -0.0191993 -0.00372253 -0.657403 0.0
MAT -0.656881 -0.0271198 0.0193486 0.0
MAT -0.027208 0.65713 -0.00291982 0.0
MAT -0.000765807 1.18238 -0.0395772 1.0
VERTEX = 9
-0.0121564 1.17609 -0.324702
-0.0125278 1.17948 -0.330328
-0.00596234 1.17979 -0.330575
-0.0055909 1.1764 -0.324949
-0.00943863 1.18057 -0.325646
-0.00947578 1.18091 -0.326209
-0.00881923 1.18094 -0.326234
-0.00878208 1.1806 -0.325671
-0.00912893 1.18076 -0.32594
INDEX = 14
4 5 7
6 7 5
1 2 5
6 5 2
0 1 4
5 4 1
7 6 3
2 3 6
4 7 0
3 0 7
8 1 0
8 2 1
8 3 2
8 0 3
FACE-NORMAL = 14
0.021158 -0.856004 -0.516536
0.021158 -0.856004 -0.516536
0.0561331 -0.955286 0.290307
0.0561331 -0.955286 0.290307
0.756086 -0.53749 -0.373415
0.756086 -0.53749 -0.373415
-0.727793 -0.607784 -0.317673
-0.727793 -0.607784 -0.317673
-0.027825 -0.18999 -0.981392
-0.027825 -0.18999 -0.981392
-0.720772 0.57185 0.39176
-0.0548964 0.969306 -0.239649
0.690864 0.638723 0.338732
0.0249743 0.241268 0.970137
BONE = 14
BONE_NAME = Head
PARENT_ID = 13
LOCALTM 
MAT 0.520515 -0.00103235 -0.853813 0.0
MAT -0.00806271 0.99998 -0.00609891 0.0
MAT 0.853811 0.010033 0.52049 0.0
MAT 0.435597 0.0 1.19209e-007 1.0
WORLDTM 
MAT 0.0139152 -0.562976 -0.339715 0.0
MAT -0.656547 -0.031097 0.0246664 0.0
MAT -0.0371446 0.33858 -0.562624 0.0
MAT -0.00912893 1.18076 -0.32594 1.0
VERTEX = 9
-0.00990835 1.08174 -0.3839
-0.0103025 1.08738 -0.387257
-0.00373659 1.08769 -0.387504
-0.00334239 1.08205 -0.384146
-0.00710531 1.0861 -0.382697
-0.00714473 1.08667 -0.383032
-0.00648813 1.0867 -0.383057
-0.00644871 1.08613 -0.382721
-0.00679672 1.0864 -0.382877
INDEX = 14
4 5 7
6 7 5
1 2 5
6 5 2
0 1 4
5 4 1
7 6 3
2 3 6
4 7 0
3 0 7
8 1 0
8 2 1
8 3 2
8 0 3
FACE-NORMAL = 14
-0.00783084 -0.511757 -0.859095
-0.00783084 -0.511757 -0.859095
0.0393133 -0.979964 -0.195255
0.0393133 -0.979964 -0.195256
0.736678 -0.307003 -0.60254
0.736678 -0.307003 -0.60254
-0.747184 -0.377692 -0.546867
-0.747184 -0.377692 -0.546867
-0.0497875 0.295229 -0.954129
-0.0497875 0.295229 -0.954128
-0.700259 0.328243 0.633951
-0.0368456 0.968442 0.246499
0.711361 0.395492 0.580992
0.0479173 -0.24467 0.968422
BONE = 15
BONE_NAME = Jaw
PARENT_ID = 14
LOCALTM 
MAT 0.881576 -0.00016688 0.471847 0.0
MAT 0.000245199 1.00009 -0.000105297 0.0
MAT -0.471856 0.000158731 0.881683 0.0
MAT 0.167602 0.0 0.0 1.0
WORLDTM 
MAT -0.00514974 -0.336543 -0.564961 0.0
MAT -0.656596 -0.0312734 0.0246445 0.0
MAT -0.0394199 0.564158 -0.335755 0.0
MAT -0.00679672 1.0864 -0.382877 1.0
VERTEX = 9
-0.107246 1.22157 -0.337124
-0.106788 1.21841 -0.327646
-0.10918 1.20917 -0.330609
-0.109639 1.21232 -0.340087
-0.112966 1.21705 -0.333603
-0.11292 1.21674 -0.332655
-0.113159 1.21581 -0.332951
-0.113205 1.21613 -0.333899
-0.113063 1.21643 -0.333277
INDEX = 14
4 5 7
6 7 5
1 2 5
6 5 2
0 1 4
5 4 1
7 6 3
2 3 6
4 7 0
3 0 7
8 1 0
8 2 1
8 3 2
8 0 3
FACE-NORMAL = 14
0.969893 -0.21311 -0.117864
0.969893 -0.21311 -0.117864
0.614758 0.0920179 -0.78333
0.614758 0.0920178 -0.78333
0.471024 -0.829879 -0.299061
0.471024 -0.829879 -0.299061
0.826617 0.544723 0.141357
0.826617 0.544723 0.141357
0.682891 -0.377144 0.625638
0.682891 -0.377144 0.625638
-0.516675 0.804546 0.292836
-0.65341 -0.0724688 0.753527
-0.854953 -0.503134 -0.126141
-0.718226 0.373852 -0.586844
BONE = 16
BONE_NAME = Unit_Zerg_Hydralisk_Jaw_03
PARENT_ID = 14
LOCALTM 
MAT 0.401102 -1.46323 -0.0968551 0.0
MAT -1.42856 -0.412641 0.31789 0.0
MAT -0.332131 0.00709844 -1.48371 0.0
MAT -0.0440141 0.154746 0.0464013 1.0
WORLDTM 
MAT 0.969858 -0.213102 -0.11786 0.0
MAT 0.239231 0.924709 0.296273 0.0
MAT 0.0458296 -0.315592 0.947774 0.0
MAT -0.113063 1.21643 -0.333277 1.0
VERTEX = 9
-0.0839202 1.17813 0.0267491
-0.0882469 1.17897 0.0357259
-0.0879253 1.16903 0.0368058
-0.0835987 1.1682 0.027829
-0.0902274 1.17366 0.0291387
-0.0906601 1.17374 0.0300364
-0.0906279 1.17275 0.0301444
-0.0901953 1.17267 0.0292467
-0.0904277 1.1732 0.0296416
INDEX = 14
4 5 7
6 7 5
1 2 5
6 5 2
0 1 4
5 4 1
7 6 3
2 3 6
4 7 0
3 0 7
8 1 0
8 2 1
8 3 2
8 0 3
FACE-NORMAL = 14
0.900999 0.0755837 0.427185
0.900999 0.0755837 0.427185
0.924313 -0.011531 -0.38146
0.924313 -0.011531 -0.38146
0.626637 -0.687997 0.366041
0.626637 -0.687997 0.366041
0.578836 0.789124 0.205502
0.578836 0.789124 0.205502
0.281148 0.112659 0.953029
0.281148 0.112659 0.953029
-0.65984 0.649157 -0.378427
-0.943022 0.00562515 0.332682
-0.614366 -0.75605 -0.225704
-0.331172 -0.112519 -0.936838
BONE = 17
BONE_NAME = Karapis_Bone02
PARENT_ID = 13
LOCALTM 
MAT -0.689884 -1.35373 0.0552422 0.0
MAT 0.15702 -0.0182729 1.51224 0.0
MAT -1.34579 0.69186 0.148056 0.0
MAT -0.101137 0.139815 -0.00876164 1.0
WORLDTM 
MAT 0.900983 0.0755824 0.427177 0.0
MAT -0.0321567 0.993651 -0.107994 0.0
MAT -0.43266 0.0835389 0.897677 0.0
MAT -0.0904277 1.1732 0.0296416 1.0
VERTEX = 9
0.0713214 1.18275 0.0184775
0.076217 1.18387 0.0271248
0.0765352 1.17393 0.028231
0.0716396 1.17281 0.0195836
0.0693106 1.17891 0.0253157
0.0698002 1.17903 0.0261804
0.069832 1.17803 0.0262911
0.0693424 1.17792 0.0254263
0.0695713 1.17847 0.0258034
INDEX = 14
4 5 7
6 7 5
1 2 5
6 5 2
0 1 4
5 4 1
7 6 3
2 3 6
4 7 0
3 0 7
8 1 0
8 2 1
8 3 2
8 0 3
FACE-NORMAL = 14
0.871406 -0.0266424 -0.489838
0.871406 -0.0266424 -0.489838
0.219054 -0.101045 -0.970466
0.219055 -0.101045 -0.970466
0.606588 -0.756172 -0.245468
0.606588 -0.756172 -0.245468
0.559292 0.720537 -0.409901
0.559292 0.720537 -0.409901
0.946812 0.0653964 0.315073
0.946812 0.0653965 0.315073
-0.638673 0.721242 0.268154
-0.270009 0.0980099 0.957857
-0.593681 -0.683573 0.424582
-0.962332 -0.0603288 -0.265097
BONE = 18
BONE_NAME = Karapis_Bone01
PARENT_ID = 13
LOCALTM 
MAT 0.705976 -1.3434 -0.0919861 0.0
MAT 0.160983 -0.0188824 1.51182 0.0
MAT -1.33693 -0.711727 0.133431 0.0
MAT -0.102455 -0.103636 -0.0107987 1.0
WORLDTM 
MAT 0.871401 -0.0266422 -0.489835 0.0
MAT -0.0318208 0.993374 -0.11061 0.0
MAT 0.489558 0.11196 0.864738 0.0
MAT 0.0695713 1.17847 0.0258034 1.0
VERTEX = 9
-0.0193514 1.47611 0.377176
-0.0190182 1.47228 0.386406
-0.0187747 1.46305 0.382567
-0.0191078 1.46688 0.373336
-0.0240876 1.47006 0.379709
-0.0240543 1.46968 0.380632
-0.0240299 1.46875 0.380248
-0.0240633 1.46914 0.379325
-0.0240588 1.46941 0.379978
INDEX = 14
4 5 7
6 7 5
1 2 5
6 5 2
0 1 4
5 4 1
7 6 3
2 3 6
4 7 0
3 0 7
8 1 0
8 2 1
8 3 2
8 0 3
FACE-NORMAL = 14
0.999148 0.0352608 -0.021438
0.999148 0.0352608 -0.021438
0.643629 0.308349 -0.700474
0.643629 0.308349 -0.700473
0.686491 -0.662496 -0.299715
0.686491 -0.662496 -0.299715
0.650299 0.709683 0.271037
0.650298 0.709684 0.271037
0.693162 -0.261176 0.671799
0.693162 -0.261176 0.671799
-0.723719 0.627749 0.286639
-0.682943 -0.29583 0.667887
-0.68929 -0.677626 -0.256326
-0.730066 0.245967 -0.637577
BONE = 19
BONE_NAME = Unit_Zerg_Hydralisk_Crest
PARENT_ID = 13
LOCALTM 
MAT -0.0120949 -1.52031 -0.00915325 0.0
MAT -0.590363 -0.00370707 1.40119 0.0
MAT -1.40108 0.0146866 -0.590323 0.0
MAT -0.639069 0.0361349 0.434663 1.0
WORLDTM 
MAT 0.999146 0.0352607 -0.0214379 0.0
MAT -0.0243538 0.92306 0.383943 0.0
MAT 0.033314 -0.383102 0.923084 0.0
MAT -0.0240588 1.46941 0.379978 1.0
VERTEX = 9
-0.00570979 0.878614 0.106282
-0.00566608 0.878132 0.107444
-0.0056394 0.87697 0.106961
-0.00568311 0.877452 0.105799
-0.00630679 0.877854 0.106603
-0.00630242 0.877805 0.106719
-0.00629975 0.877689 0.106671
-0.00630412 0.877738 0.106555
-0.00630327 0.877771 0.106637
INDEX = 14
4 5 7
6 7 5
1 2 5
6 5 2
0 1 4
5 4 1
7 6 3
2 3 6
4 7 0
3 0 7
8 1 0
8 2 1
8 3 2
8 0 3
FACE-NORMAL = 14
0.999172 0.0328925 -0.0239614
0.999172 0.0328925 -0.0239614
0.642589 0.306727 -0.702138
0.642589 0.306727 -0.702138
0.684163 -0.664161 -0.301348
0.684163 -0.664161 -0.301348
0.652658 0.70818 0.269294
0.652658 0.70818 0.269294
0.694233 -0.262722 0.670088
0.694233 -0.262722 0.670088
-0.721506 0.629501 0.288371
-0.681956 -0.29412 0.669649
-0.691536 -0.676028 -0.254489
-0.731086 0.247606 -0.63577
BONE = 20
BONE_NAME = Spikes
PARENT_ID = 13
LOCALTM 
MAT -0.00103698 -0.191315 -0.00160262 0.0
MAT -0.0742942 -0.00107025 0.17632 0.0
MAT -0.176313 0.00157623 -0.0742872 0.0
MAT -0.219352 0.0340342 -0.463377 1.0
WORLDTM 
MAT 0.125735 0.00413915 -0.00301527 0.0
MAT -0.00266789 0.116171 0.0483057 0.0
MAT 0.0043709 -0.0482028 0.116156 0.0
MAT -0.00630327 0.877771 0.106637 1.0
VERTEX = 9
-0.0112771 1.30442 -0.307101
-0.0109298 1.30059 -0.297871
-0.0107178 1.29135 -0.301709
-0.0110651 1.29518 -0.31094
-0.0160213 1.29837 -0.304555
-0.0159865 1.29799 -0.303632
-0.0159653 1.29707 -0.304016
-0.0160001 1.29745 -0.304939
-0.0159933 1.29772 -0.304285
INDEX = 14
4 5 7
6 7 5
1 2 5
6 5 2
0 1 4
5 4 1
7 6 3
2 3 6
4 7 0
3 0 7
8 1 0
8 2 1
8 3 2
8 0 3
FACE-NORMAL = 14
0.999172 0.0328896 -0.023963
0.999172 0.0328896 -0.023963
0.642589 0.306705 -0.702148
0.642589 0.306705 -0.702147
0.684162 -0.664171 -0.301329
0.684162 -0.664171 -0.301329
0.65266 0.708186 0.269273
0.652659 0.708186 0.269273
0.694233 -0.262705 0.670095
0.694233 -0.262705 0.670095
-0.721505 0.629511 0.288353
-0.681956 -0.294099 0.669658
-0.691537 -0.676034 -0.254469
-0.731086 0.247589 -0.635777
BONE = 21
BONE_NAME = Ref_Head
PARENT_ID = 13
LOCALTM 
MAT -0.00823803 -1.52031 -0.0127398 0.0
MAT -0.59035 -0.00851012 1.40117 0.0
MAT -1.40111 0.0125256 -0.590293 0.0
MAT 0.401987 0.00406067 0.177972 1.0
WORLDTM 
MAT 0.99917 0.0328895 -0.023963 0.0
MAT -0.0211986 0.92318 0.383842 0.0
MAT 0.0347333 -0.383023 0.923062 0.0
MAT -0.0159933 1.29772 -0.304285 1.0
VERTEX = 9
0.00836455 1.15236 1.04884
0.00801026 1.16224 1.04735
0.00817138 1.16374 1.05724
0.00852567 1.15386 1.05873
0.00328143 1.15732 1.05273
0.003246 1.15831 1.05258
0.00326211 1.15846 1.05357
0.00329754 1.15747 1.05372
0.00327177 1.15789 1.05315
INDEX = 14
4 5 7
6 7 5
1 2 5
6 5 2
0 1 4
5 4 1
7 6 3
2 3 6
4 7 0
3 0 7
8 1 0
8 2 1
8 3 2
8 0 3
FACE-NORMAL = 14
0.999242 0.0326509 -0.0212205
0.999242 0.0326509 -0.0212205
0.6948 -0.712698 0.0965103
0.6948 -0.712698 0.0965103
0.680431 0.133049 0.720633
0.680431 0.133049 0.720632
0.656484 -0.0893653 -0.749028
0.656483 -0.0893654 -0.749028
0.642116 0.756365 -0.124899
0.642115 0.756365 -0.124899
-0.717961 -0.128881 -0.684048
-0.731631 0.675692 -0.0903111
-0.69518 0.0827058 0.714062
-0.68151 -0.72185 0.120319
BONE = 22
BONE_NAME = HitTestFuzzy01
PARENT_ID = 13
LOCALTM 
MAT -0.0124071 -1.52028 -0.0131254 0.0
MAT 1.5045 -0.0103505 -0.219585 0.0
MAT 0.219436 -0.0147932 1.50445 0.0
MAT -1.66068 0.0442495 -0.0448505 1.0
WORLDTM 
MAT 0.999239 0.0326508 -0.0212205 0.0
MAT -0.0161119 -0.149616 -0.988625 0.0
MAT -0.0354286 0.988202 -0.148937 0.0
MAT 0.00327177 1.15789 1.05315 1.0
VERTEX = 9
-0.149041 1.30432 0.342456
-0.149003 1.29447 0.344162
-0.149651 1.29276 0.33433
-0.149689 1.30262 0.332624
-0.154305 1.29916 0.339122
-0.154301 1.29817 0.339292
-0.154366 1.298 0.338309
-0.15437 1.29899 0.338138
-0.154336 1.29858 0.338715
INDEX = 14
4 5 7
6 7 5
1 2 5
6 5 2
0 1 4
5 4 1
7 6 3
2 3 6
4 7 0
3 0 7
8 1 0
8 2 1
8 3 2
8 0 3
FACE-NORMAL = 14
0.99789 -0.00730303 -0.0645143
0.99789 -0.00730303 -0.0645143
0.664719 0.727501 -0.169973
0.664719 0.727501 -0.169973
0.619391 -0.131642 -0.773967
0.619391 -0.131642 -0.773967
0.715717 0.121875 0.687674
0.715717 0.121875 0.687674
0.670388 -0.737279 0.083659
0.670388 -0.73728 0.083659
-0.659796 0.12575 0.740848
-0.702918 -0.691566 0.16626
-0.751435 -0.115425 -0.649633
-0.708312 0.701901 -0.0750242
BONE = 23
BONE_NAME = Ref_Weapon Right
PARENT_ID = 13
LOCALTM 
MAT 0.0537938 -1.51767 -0.073443 0.0
MAT -1.49865 -0.0651075 0.248343 0.0
MAT -0.250999 0.0635937 -1.49823 0.0
MAT -0.569104 0.242814 0.183627 1.0
WORLDTM 
MAT 0.997892 -0.00730304 -0.0645144 0.0
MAT 0.0647839 0.170538 0.983228 0.0
MAT 0.00380928 -0.985322 0.170612 0.0
MAT -0.154336 1.29858 0.338715 1.0
VERTEX = 9
0.116816 1.27422 0.315872
0.117631 1.26557 0.320825
0.117377 1.26058 0.312161
0.116562 1.26923 0.307207
0.112087 1.26779 0.314515
0.112168 1.26692 0.31501
0.112143 1.26643 0.314144
0.112061 1.26729 0.313649
0.112115 1.26711 0.31433
INDEX = 14
4 5 7
6 7 5
1 2 5
6 5 2
0 1 4
5 4 1
7 6 3
2 3 6
4 7 0
3 0 7
8 1 0
8 2 1
8 3 2
8 0 3
FACE-NORMAL = 14
0.996349 0.0579902 -0.0626642
0.996349 0.0579902 -0.0626642
0.605952 0.681635 -0.410116
0.605952 0.681635 -0.410116
0.647605 -0.331875 -0.685906
0.647605 -0.331875 -0.685906
0.68544 0.409472 0.602084
0.68544 0.409472 0.602084
0.727092 -0.604053 0.326278
0.727092 -0.604053 0.326278
-0.686527 0.311617 0.656944
-0.646904 -0.65255 0.39458
-0.722523 -0.393638 -0.56834
-0.762146 0.570544 -0.305962
BONE = 24
BONE_NAME = Ref_Weapon Left
PARENT_ID = 13
LOCALTM 
MAT 0.0504894 -1.51933 0.0258307 0.0
MAT -1.3222 -0.0311521 0.750129 0.0
MAT -0.749018 -0.0473857 -1.32229 0.0
MAT -0.543606 -0.160893 0.119221 1.0
WORLDTM 
MAT 0.996347 0.0579901 -0.0626641 0.0
MAT 0.025439 0.498699 0.866424 0.0
MAT 0.0814843 -0.864845 0.495351 0.0
MAT 0.112115 1.26711 0.31433 1.0
VERTEX = 9
-0.0315429 1.39716 0.219951
-0.0312654 1.39388 0.225641
-0.0316527 1.38818 0.222372
-0.0319302 1.39147 0.216682
-0.0348722 1.39322 0.221257
-0.0348444 1.39289 0.221826
-0.0348832 1.39232 0.221499
-0.0349109 1.39265 0.22093
-0.0348777 1.39277 0.221378
INDEX = 14
4 5 7
6 7 5
1 2 5
6 5 2
0 1 4
5 4 1
7 6 3
2 3 6
4 7 0
3 0 7
8 1 0
8 2 1
8 3 2
8 0 3
FACE-NORMAL = 14
0.997372 -0.029977 -0.0659629
0.997372 -0.029977 -0.0659629
0.635841 0.351324 -0.687225
0.635841 0.351324 -0.687225
0.623438 -0.663541 -0.413567
0.623438 -0.663541 -0.413567
0.710976 0.623443 0.325319
0.710976 0.623443 0.325319
0.698573 -0.391435 0.598978
0.698573 -0.391435 0.598978
-0.66361 0.633356 0.398097
-0.675409 -0.3321 0.658431
-0.746887 -0.590971 -0.304816
-0.735088 0.374498 -0.565153
BONE = 25
BONE_NAME = Ref_Weapon
PARENT_ID = 13
LOCALTM 
MAT 0.0369715 -0.996762 -0.0709301 0.0
MAT -0.503449 -0.0798753 0.860363 0.0
MAT -0.863231 0.00389359 -0.504798 0.0
MAT -0.396891 0.0502761 0.319997 1.0
WORLDTM 
MAT 0.655974 -0.0197159 -0.043384 0.0
MAT 0.0387257 0.569411 0.326911 0.0
MAT 0.0277503 -0.32861 0.569039 0.0
MAT -0.0348777 1.39277 0.221378 1.0
VERTEX = 9
0.00528377 1.07483 0.221553
0.00596809 1.07644 0.239702
0.00543838 1.06496 0.240736
0.00475406 1.06335 0.222586
0.000362204 1.07063 0.230353
0.000430636 1.07079 0.232168
0.000377665 1.06965 0.232272
0.000309233 1.06948 0.230457
0.000369934 1.07014 0.231312
INDEX = 14
4 5 7
6 7 5
1 2 5
6 5 2
0 1 4
5 4 1
7 6 3
2 3 6
4 7 0
3 0 7
8 1 0
8 2 1
8 3 2
8 0 3
FACE-NORMAL = 14
0.998232 -0.0490055 -0.0336375
0.998232 -0.0490055 -0.0336375
0.639775 -0.0984575 -0.76223
0.639775 -0.0984575 -0.76223
0.633683 -0.772335 0.0440966
0.633683 -0.772335 0.0440966
0.701878 0.706703 -0.0890953
0.701878 0.706703 -0.0890953
0.695799 0.0329144 0.717482
0.695799 0.0329144 0.717482
-0.673421 0.7382 -0.0395712
-0.6792 0.0971286 0.727498
-0.738289 -0.668832 0.0871361
-0.732522 -0.0278461 -0.680173
BONE = 26
BONE_NAME = Vol_Target
PARENT_ID = 13
LOCALTM 
MAT 0.00721054 -1.51418 -0.137024 0.0
MAT 0.144884 -0.156991 1.74109 0.0
MAT -2.76279 -0.0328789 0.228225 0.0
MAT -0.410782 0.0174185 -0.172409 1.0
WORLDTM 
MAT 0.998229 -0.0490054 -0.0336374 0.0
MAT 0.0529711 1.14784 -0.103368 0.0
MAT 0.0684317 0.161149 1.81496 0.0
MAT 0.000369934 1.07014 0.231312 1.0
VERTEX = 9
0.00567137 0.948858 0.189969
0.00726375 0.954972 0.188138
0.00613571 0.953384 0.181856
0.00454333 0.947271 0.183687
0.00902077 0.949978 0.185986
0.00918001 0.950589 0.185803
0.0090672 0.95043 0.185175
0.00890797 0.949819 0.185358
0.00904399 0.950204 0.18558
INDEX = 14
4 5 7
6 7 5
1 2 5
6 5 2
0 1 4
5 4 1
7 6 3
2 3 6
4 7 0
3 0 7
8 1 0
8 2 1
8 3 2
8 0 3
FACE-NORMAL = 14
-0.954974 0.278978 0.100979
-0.954974 0.278978 0.100979
-0.818798 -0.504244 0.274422
-0.818798 -0.504244 0.274422
-0.766323 0.00724452 -0.642415
-0.766323 0.00724458 -0.642415
-0.511363 0.36601 0.777525
-0.511363 0.36601 0.777525
-0.458888 0.877503 -0.139321
-0.458888 0.877503 -0.139321
0.796541 -0.0266184 0.603998
0.846461 0.459968 -0.268202
0.553994 -0.367918 -0.746811
0.504074 -0.854509 0.125398
BONE = 27
BONE_NAME = ShoulderRt
PARENT_ID = 11
LOCALTM 
MAT 0.341685 0.117662 0.93241 0.0
MAT 0.716432 -0.674735 -0.177395 0.0
MAT 0.608264 0.728625 -0.314851 0.0
MAT 0.301401 0.0236323 0.00216888 1.0
WORLDTM 
MAT -0.62809 0.183485 0.0664142 0.0
MAT 0.112804 0.158726 0.628218 0.0
MAT 0.159237 0.611324 -0.183052 0.0
MAT 0.00904399 0.950204 0.18558 1.0
VERTEX = 9
-0.406842 1.06757 0.233548
-0.41128 1.06898 0.228906
-0.406519 1.06904 0.224369
-0.40208 1.06762 0.229011
-0.406225 1.07144 0.229948
-0.406669 1.07158 0.229484
-0.406193 1.07159 0.22903
-0.405749 1.07144 0.229494
-0.406209 1.07151 0.229489
INDEX = 14
4 5 7
6 7 5
1 2 5
6 5 2
0 1 4
5 4 1
7 6 3
2 3 6
4 7 0
3 0 7
8 1 0
8 2 1
8 3 2
8 0 3
FACE-NORMAL = 14
-0.143262 -0.976433 -0.161414
-0.143262 -0.976433 -0.161414
0.405758 -0.813515 0.416599
0.405758 -0.813515 0.416599
0.442248 -0.647393 -0.620725
0.442248 -0.647393 -0.620725
-0.633932 -0.659006 0.404774
-0.633932 -0.659006 0.404774
-0.597436 -0.492883 -0.632564
-0.597436 -0.492882 -0.632564
-0.410587 0.684918 0.601918
-0.375873 0.842953 -0.384903
0.613199 0.695967 -0.373654
0.57848 0.537931 0.613181
BONE = 28
BONE_NAME = ArmRT
PARENT_ID = 27
LOCALTM 
MAT -0.151904 -0.414397 -0.897326 0.0
MAT 0.758818 0.532872 -0.374507 0.0
MAT 0.633346 -0.73779 0.23352 0.0
MAT 0.661136 0.0 -3.57628e-007 1.0
WORLDTM 
MAT -0.0942239 -0.642205 -0.106163 0.0
MAT -0.476132 -0.00513259 0.45371 0.0
MAT -0.443839 0.141859 -0.464176 0.0
MAT -0.406209 1.07151 0.229489 1.0
VERTEX = 9
-0.476173 0.631663 0.155335
-0.472845 0.637263 0.156243
-0.467797 0.63482 0.152807
-0.471125 0.62922 0.151898
-0.47111 0.631866 0.156964
-0.470777 0.632425 0.157055
-0.470272 0.632181 0.156711
-0.470605 0.631621 0.15662
-0.470691 0.632023 0.156837
INDEX = 14
4 5 7
6 7 5
1 2 5
6 5 2
0 1 4
5 4 1
7 6 3
2 3 6
4 7 0
3 0 7
8 1 0
8 2 1
8 3 2
8 0 3
FACE-NORMAL = 14
-0.393532 0.370432 -0.841375
-0.393532 0.370432 -0.841375
-0.639386 -0.385018 -0.665542
-0.639386 -0.385018 -0.665542
0.307219 -0.0282465 -0.951219
0.307219 -0.0282464 -0.95122
-0.833743 0.523861 -0.174478
-0.833743 0.523861 -0.174478
0.11287 0.880633 -0.460158
0.11287 0.880633 -0.460158
-0.264435 0.00067794 0.964403
0.636085 0.34008 0.692634
0.820979 -0.52455 0.225478
-0.0795477 -0.863953 0.49725
BONE = 29
BONE_NAME = ForeArmRt
PARENT_ID = 28
LOCALTM 
MAT -0.169512 -0.298407 0.939266 0.0
MAT -0.337007 0.913153 0.229287 0.0
MAT -0.926113 -0.27768 -0.255368 0.0
MAT 0.684344 -1.78814e-007 0.0 1.0
WORLDTM 
MAT -0.25883 0.243636 -0.55338 0.0
MAT -0.504794 0.244267 0.343655 0.0
MAT 0.332816 0.559953 0.0908678 0.0
MAT -0.470691 0.632023 0.156837 1.0
VERTEX = 9
-0.707992 0.850306 -0.347607
-0.712585 0.852428 -0.351809
-0.707879 0.854418 -0.35595
-0.703285 0.852296 -0.351748
-0.707909 0.855106 -0.349907
-0.708368 0.855318 -0.350327
-0.707897 0.855517 -0.350741
-0.707438 0.855305 -0.350321
-0.707903 0.855312 -0.350324
INDEX = 14
4 5 7
6 7 5
1 2 5
6 5 2
0 1 4
5 4 1
7 6 3
2 3 6
4 7 0
3 0 7
8 1 0
8 2 1
8 3 2
8 0 3
FACE-NORMAL = 14
-0.00981878 -0.896849 -0.442227
-0.00981878 -0.896849 -0.442227
0.512562 -0.83978 0.179026
0.512562 -0.83978 0.179026
0.525349 -0.375061 -0.763765
0.525349 -0.375061 -0.763765
-0.538496 -0.824865 0.172106
-0.538496 -0.824865 0.172106
-0.525684 -0.360149 -0.770681
-0.525684 -0.360148 -0.770681
-0.499078 0.420217 0.757851
-0.486914 0.862313 -0.139039
0.512974 0.848123 -0.132456
0.500786 0.40603 0.76443
BONE = 30
BONE_NAME = HandRt
PARENT_ID = 29
LOCALTM 
MAT 0.0437121 -0.556609 -0.829637 0.0
MAT -0.360141 0.76582 -0.532766 0.0
MAT 0.931855 0.322049 -0.166996 0.0
MAT 0.916481 0.0 1.78814e-007 1.0
WORLDTM 
MAT -0.00645793 -0.589869 -0.290858 0.0
MAT -0.470679 -0.199003 0.414062 0.0
MAT -0.459339 0.21219 -0.420171 0.0
MAT -0.707903 0.855312 -0.350324 1.0
VERTEX = 9
-0.885493 0.125584 -0.706455
-0.882903 0.118651 -0.69973
-0.886177 0.11147 -0.705872
-0.888766 0.118402 -0.712597
-0.888005 0.11938 -0.705191
-0.887746 0.118687 -0.704518
-0.888073 0.117969 -0.705132
-0.888332 0.118662 -0.705805
-0.888039 0.118674 -0.705162
INDEX = 14
4 5 7
6 7 5
1 2 5
6 5 2
0 1 4
5 4 1
7 6 3
2 3 6
4 7 0
3 0 7
8 1 0
8 2 1
8 3 2
8 0 3
FACE-NORMAL = 14
0.908631 -0.0608625 -0.413141
0.908631 -0.0608625 -0.413141
0.415267 0.474515 -0.776138
0.415267 0.474515 -0.776138
0.364541 -0.57447 -0.732867
0.364541 -0.57447 -0.732867
0.851149 0.493052 0.180124
0.851149 0.493052 0.180124
0.80048 -0.556111 0.223545
0.80048 -0.556111 0.223545
-0.411042 0.550805 0.726401
-0.459288 -0.44711 0.767559
-0.873961 -0.464744 -0.142141
-0.825769 0.533342 -0.183444
BONE = 31
BONE_NAME = HitTestFuzzy02
PARENT_ID = 30
LOCALTM 
MAT 0.168453 -0.657937 -0.287924 0.0
MAT -1.39707 -0.0986712 -0.591878 0.0
MAT 0.489317 0.680833 -1.26834 0.0
MAT 1.24574 0.195255 0.174574 1.0
WORLDTM 
MAT 0.440844 -0.0295289 -0.200445 0.0
MAT 0.327337 0.718134 0.614183 0.0
MAT 0.258984 -0.693249 0.672504 0.0
MAT -0.888039 0.118674 -0.705162 1.0
VERTEX = 9
0.0138409 0.947985 0.183456
0.0111107 0.953657 0.181549
0.0101537 0.955312 0.187843
0.0128839 0.94964 0.189749
0.00922837 0.949837 0.185361
0.00895535 0.950405 0.18517
0.00885965 0.95057 0.1858
0.00913267 0.950003 0.18599
0.00904401 0.950204 0.18558
INDEX = 14
4 5 7
6 7 5
1 2 5
6 5 2
0 1 4
5 4 1
7 6 3
2 3 6
4 7 0
3 0 7
8 1 0
8 2 1
8 3 2
8 0 3
FACE-NORMAL = 14
0.898062 0.439366 0.0210272
0.898062 0.439366 0.0210272
0.909319 -0.347051 0.229551
0.909319 -0.347051 0.229551
0.492618 0.480946 0.725271
0.492618 0.480946 0.725271
0.708925 0.106895 -0.697136
0.708925 0.106895 -0.697136
0.292221 0.934899 -0.201421
0.292221 0.934899 -0.201421
-0.532138 -0.488599 -0.691448
-0.928551 0.299087 -0.219862
-0.737914 -0.132759 0.661709
-0.341497 -0.920452 0.190128
BONE = 32
BONE_NAME = ShoulderLft
PARENT_ID = 11
LOCALTM 
MAT 0.327362 0.176451 -0.928267 0.0
MAT -0.743722 0.654109 -0.137942 0.0
MAT 0.582851 0.735539 0.345368 0.0
MAT 0.301401 0.0236323 0.00216887 1.0
WORLDTM 
MAT 0.590659 0.288973 0.0138297 0.0
MAT 0.0957007 -0.165489 -0.629309 0.0
MAT -0.273026 0.567171 -0.190675 0.0
MAT 0.00904401 0.950204 0.18558 1.0
VERTEX = 9
0.353978 1.11405 0.193618
0.354685 1.11786 0.188298
0.360163 1.12043 0.190867
0.359456 1.11663 0.196188
0.354976 1.11928 0.193825
0.355046 1.11966 0.193293
0.355594 1.11992 0.19355
0.355523 1.11954 0.194082
0.355285 1.1196 0.193687
INDEX = 14
4 5 7
6 7 5
1 2 5
6 5 2
0 1 4
5 4 1
7 6 3
2 3 6
4 7 0
3 0 7
8 1 0
8 2 1
8 3 2
8 0 3
FACE-NORMAL = 14
0.542903 -0.715802 -0.439185
0.542903 -0.715802 -0.439185
0.283272 -0.908406 0.307499
0.283272 -0.908406 0.307498
0.982257 -0.187508 -0.00338752
0.982257 -0.187508 -0.00338761
-0.25591 -0.770193 -0.58422
-0.25591 -0.770193 -0.58422
0.443097 -0.0492715 -0.895119
0.443097 -0.0492713 -0.895119
-0.972824 0.228994 0.0342772
-0.307869 0.914794 -0.261473
0.205061 0.783312 0.586832
-0.459914 0.0974883 0.882596
BONE = 33
BONE_NAME = ArmLft
PARENT_ID = 32
LOCALTM 
MAT 0.163816 0.679332 -0.715308 0.0
MAT -0.928424 0.351272 0.121007 0.0
MAT 0.333467 0.644265 0.688275 0.0
MAT 0.586194 -1.78814e-007 1.19209e-007 1.0
WORLDTM 
MAT 0.357069 -0.470786 -0.288853 0.0
MAT -0.547803 -0.257789 -0.256972 0.0
MAT 0.0707049 0.380113 -0.532067 0.0
MAT 0.355285 1.1196 0.193687 1.0
VERTEX = 9
0.61051 0.781279 -0.0189921
0.606012 0.78368 -0.0148385
0.610575 0.787581 -0.0121522
0.615073 0.78518 -0.0163059
0.611281 0.781755 -0.0137469
0.610831 0.781995 -0.0133315
0.611287 0.782385 -0.0130629
0.611737 0.782145 -0.0134782
0.611284 0.78207 -0.0134049
INDEX = 14
4 5 7
6 7 5
1 2 5
6 5 2
0 1 4
5 4 1
7 6 3
2 3 6
4 7 0
3 0 7
8 1 0
8 2 1
8 3 2
8 0 3
FACE-NORMAL = 14
-0.22542 0.717527 -0.659045
-0.22542 0.717527 -0.659045
0.357586 0.208578 -0.91029
0.357586 0.208578 -0.91029
0.364929 0.920856 -0.137301
0.364929 0.920856 -0.137301
-0.666524 0.039146 -0.744455
-0.666524 0.0391458 -0.744455
-0.659195 0.75143 0.028546
-0.659195 0.75143 0.0285462
-0.331223 -0.92676 0.177218
-0.324237 -0.249159 0.912573
0.650014 -0.0879768 0.754812
0.643042 -0.765584 0.0194457
BONE = 34
BONE_NAME = ForeArmLft
PARENT_ID = 33
LOCALTM 
MAT -0.346508 0.16399 0.923581 0.0
MAT 0.227263 0.96996 -0.0869694 0.0
MAT -0.910077 0.179776 -0.373423 0.0
MAT 0.716945 2.38419e-007 -1.78814e-007 1.0
WORLDTM 
