EXPORTER_V17
ANIMATION_EXPORT
BONEOBJECT_COUNT = 45
VERTEX = 9
-0.00594303 0.53329 -0.0832562
-0.00594302 0.53713 -0.088596
0.000632702 0.537237 -0.0885185
0.000632698 0.533398 -0.0831787
-0.00305031 0.537736 -0.0837047
-0.00305031 0.53812 -0.0842387
-0.00239274 0.53813 -0.084231
-0.00239274 0.537746 -0.083697
-0.00272152 0.537933 -0.0839679
INDEX = 14
4 5 7
6 7 5
1 2 5
6 5 2
0 1 4
5 4 1
7 6 3
2 3 6
4 7 0
3 0 7
8 1 0
8 2 1
8 3 2
8 0 3
FACE-NORMAL = 14
0.0201796 -0.81172 -0.583698
0.0201796 -0.81172 -0.583698
0.013499 -0.97696 0.212996
0.013499 -0.97696 0.212996
0.756642 -0.530835 -0.381716
0.756642 -0.530835 -0.381716
-0.729643 -0.55519 -0.399231
-0.729643 -0.555189 -0.399231
0.0134998 -0.109064 -0.993943
0.0134998 -0.109064 -0.993943
-0.721232 0.562388 0.404406
-0.0142687 0.986794 -0.161353
0.692694 0.585557 0.421068
-0.0142695 0.161152 0.986826
BONE = 0
BONE_NAME = Root
PARENT_ID = -1
LOCALTM 
MAT 0.0132722 -0.533873 -0.383902 0.0
MAT -0.657572 -0.0107753 -0.00774885 0.0
MAT 3.79773e-007 0.38398 -0.533982 0.0
MAT -0.00272152 0.537933 -0.0839679 1.0
WORLDTM 
MAT 0.0132722 -0.533873 -0.383902 0.0
MAT -0.657572 -0.0107753 -0.00774885 0.0
MAT 3.79773e-007 0.38398 -0.533982 0.0
MAT -0.00272152 0.537933 -0.0839679 1.0
VERTEX = 9
0.00278198 0.445052 -0.145884
-0.00379503 0.445029 -0.145894
-0.00379503 0.447532 -0.151976
0.00278198 0.447554 -0.151967
-0.000190045 0.449209 -0.147374
-0.000847747 0.449207 -0.147375
-0.000847747 0.449457 -0.147984
-0.000190045 0.449459 -0.147983
-0.000518896 0.449333 -0.147679
INDEX = 14
4 5 7
6 7 5
1 2 5
6 5 2
0 1 4
5 4 1
7 6 3
2 3 6
4 7 0
3 0 7
8 1 0
8 2 1
8 3 2
8 0 3
FACE-NORMAL = 14
0.00376264 -0.924791 -0.380456
0.00376264 -0.924791 -0.380456
0.745806 -0.616066 -0.253448
0.745806 -0.616066 -0.253448
0.00251697 -0.33586 -0.941909
0.00251697 -0.33586 -0.941909
0.00251718 -0.901446 0.432885
0.00251717 -0.901446 0.432885
-0.740772 -0.621239 -0.255576
-0.740772 -0.621239 -0.255576
-0.00266049 0.384901 0.922954
-0.709763 0.651466 0.268011
-0.00266068 0.922951 -0.384908
0.704441 0.656387 0.270035
BONE = 1
BONE_NAME = Tail01
PARENT_ID = 0
LOCALTM 
MAT 0.972819 0.0158715 -0.231022 0.0
MAT -0.230977 -0.00466265 -0.972948 0.0
MAT -0.0165189 0.999863 -0.000869845 0.0
MAT 0.165957 0.0 -1.19209e-007 1.0
WORLDTM 
MAT 0.00247471 -0.608241 -0.250228 0.0
MAT 0.0 -0.25023 0.608245 0.0
MAT -0.657701 -0.00228881 -0.000941664 0.0
MAT -0.000518896 0.449333 -0.147679 1.0
VERTEX = 9
0.00331512 0.250988 -0.224184
-0.00324739 0.251293 -0.224497
-0.0031772 0.247379 -0.229783
0.00338531 0.247074 -0.229469
0.000609347 0.252003 -0.228654
-4.69045e-005 0.252033 -0.228686
-3.98853e-005 0.251642 -0.229214
0.000616366 0.251611 -0.229183
0.000284731 0.251822 -0.228934
INDEX = 14
4 5 7
6 7 5
1 2 5
6 5 2
0 1 4
5 4 1
7 6 3
2 3 6
4 7 0
3 0 7
8 1 0
8 2 1
8 3 2
8 0 3
FACE-NORMAL = 14
-0.0656126 -0.802349 0.593237
-0.0656126 -0.802349 0.593237
0.697757 -0.571229 0.432241
0.697757 -0.571229 0.432241
-0.0359599 -0.97904 -0.20047
-0.0359599 -0.97904 -0.20047
-0.0518252 -0.0944475 0.99418
-0.0518251 -0.0944474 0.99418
-0.785543 -0.502258 0.361469
-0.785543 -0.502258 0.361469
0.0388487 0.98811 0.148762
-0.659147 0.600153 -0.453145
0.0539415 0.146584 -0.987726
0.751938 0.53454 -0.385819
BONE = 2
BONE_NAME = Tail02
PARENT_ID = 1
LOCALTM 
MAT 0.516058 0.853885 0.0675549 0.0
MAT -0.856078 0.516794 0.00745129 0.0
MAT -0.0285489 -0.0616783 0.997688 0.0
MAT 0.324725 0.0 0.0 1.0
WORLDTM 
MAT -0.0431538 -0.52771 0.390176 0.0
MAT -0.00701922 0.391367 0.528545 0.0
MAT -0.656251 0.0305149 -0.0313112 0.0
MAT 0.000284731 0.251822 -0.228934 1.0
VERTEX = 9
-0.0122361 0.0559128 -0.0789716
-0.0187276 0.0559414 -0.0779145
-0.0187276 0.0493668 -0.0777362
-0.0122361 0.0493381 -0.0787934
-0.0156861 0.0528791 -0.0816602
-0.0163352 0.0528819 -0.0815545
-0.0163352 0.0522245 -0.0815367
-0.0156861 0.0522216 -0.0816424
-0.0160106 0.0525518 -0.0815985
INDEX = 14
4 5 7
6 7 5
1 2 5
6 5 2
0 1 4
5 4 1
7 6 3
2 3 6
4 7 0
3 0 7
8 1 0
8 2 1
8 3 2
8 0 3
FACE-NORMAL = 14
0.160795 0.0267547 0.986625
0.160795 0.0267547 0.986625
0.841188 0.014662 0.540545
0.841188 0.014662 0.540545
0.107569 -0.725123 0.680165
0.107569 -0.725123 0.680166
0.107563 0.760919 0.63987
0.107563 0.760919 0.639869
-0.626057 0.0211339 0.779491
-0.626057 0.0211339 0.779491
-0.113702 0.687929 -0.716816
-0.811604 -0.01584 -0.583993
-0.113696 -0.725765 -0.678482
0.584208 -0.0219968 -0.811306
BONE = 3
BONE_NAME = Tail03
PARENT_ID = 2
LOCALTM 
MAT 0.553286 0.807074 -0.206167 0.0
MAT -0.818134 0.573047 0.0476734 0.0
MAT 0.156619 0.142293 0.977354 0.0
MAT 0.377614 0.0 -1.56462e-007 1.0
WORLDTM 
MAT 0.105756 0.0175967 0.648909 0.0
MAT -2.47359e-006 0.657464 -0.0178278 0.0
MAT -0.649148 0.00286332 0.105715 0.0
MAT -0.0160106 0.0525518 -0.0815985 1.0
VERTEX = 9
0.0373825 0.064048 0.224029
0.030996 0.0640386 0.225601
0.030996 0.0574617 0.225562
0.0373825 0.057471 0.22399
0.0337226 0.0611031 0.221526
0.033084 0.0611022 0.221683
0.033084 0.0604445 0.221679
0.0337226 0.0604454 0.221522
0.0334033 0.0607738 0.221602
INDEX = 14
4 5 7
6 7 5
1 2 5
6 5 2
0 1 4
5 4 1
7 6 3
2 3 6
4 7 0
3 0 7
8 1 0
8 2 1
8 3 2
8 0 3
FACE-NORMAL = 14
0.239002 -0.00576876 0.971002
0.239002 -0.00576876 0.971002
0.881636 -0.00280145 0.471922
0.881636 -0.00280145 0.471922
0.159885 -0.747141 0.64515
0.159885 -0.74714 0.64515
0.159883 0.739421 0.653983
0.159883 0.739422 0.653983
-0.561871 -0.00491675 0.827211
-0.561871 -0.00491675 0.827211
-0.169001 0.711174 -0.682401
-0.855613 0.00307297 -0.517607
-0.168999 -0.703015 -0.690803
0.517616 0.00508529 -0.855598
BONE = 4
BONE_NAME = Tail04
PARENT_ID = 3
LOCALTM 
MAT 0.99629 -0.0320884 -0.0798422 0.0
MAT 0.032616 0.999453 0.00531103 0.0
MAT 0.0796272 -0.00789576 0.996794 0.0
MAT 0.467247 0.0 1.60187e-007 1.0
WORLDTM 
MAT 0.157193 -0.00379414 0.638633 0.0
MAT -7.82311e-007 0.657694 0.00390822 0.0
MAT -0.638646 -0.00093586 0.157188 0.0
MAT 0.0334033 0.0607738 0.221602 1.0
VERTEX = 9
0.0988973 0.0629841 0.484051
0.0927816 0.0627126 0.481647
0.0927817 0.0561771 0.482385
0.0988974 0.0564486 0.484789
0.0973552 0.0595779 0.480263
0.0967436 0.0595508 0.480022
0.0967436 0.0588972 0.480096
0.0973552 0.0589244 0.480337
0.0970494 0.0592376 0.48018
INDEX = 14
4 5 7
6 7 5
1 2 5
6 5 2
0 1 4
5 4 1
7 6 3
2 3 6
4 7 0
3 0 7
8 1 0
8 2 1
8 3 2
8 0 3
FACE-NORMAL = 14
-0.367926 0.104309 0.923986
-0.367926 0.104309 0.923986
0.445025 0.100467 0.889865
0.445025 0.100467 0.889865
-0.246121 -0.668823 0.701498
-0.246121 -0.668823 0.701499
-0.246138 0.808381 0.53473
-0.246138 0.808381 0.53473
-0.937286 0.0390907 0.346363
-0.937286 0.0390907 0.346363
0.260154 0.628886 -0.732682
-0.397343 -0.102951 -0.911877
0.260171 -0.776401 -0.574032
0.91767 -0.0445633 -0.394836
BONE = 5
BONE_NAME = Tail05
PARENT_ID = 4
LOCALTM 
MAT 0.808654 0.109797 0.577942 0.0
MAT -0.114665 0.993003 -0.0282123 0.0
MAT -0.577002 -0.0434558 0.81559 0.0
MAT 0.404892 0.0 0.0 1.0
WORLDTM 
MAT -0.241985 0.068604 0.607708 0.0
MAT -7.6592e-006 0.653553 -0.0737828 0.0
MAT -0.611573 -0.0271546 -0.240462 0.0
MAT 0.0970494 0.0592376 0.48018 1.0
VERTEX = 9
-0.0251619 0.0975866 0.797319
-0.031547 0.0976901 0.795745
-0.0315469 0.0911272 0.795313
-0.0251618 0.0910238 0.796888
-0.0272464 0.0948895 0.793231
-0.0278849 0.0948999 0.793074
-0.0278849 0.0942436 0.793031
-0.0272464 0.0942333 0.793188
-0.0275657 0.0945666 0.793131
INDEX = 14
4 5 7
6 7 5
1 2 5
6 5 2
0 1 4
5 4 1
7 6 3
2 3 6
4 7 0
3 0 7
8 1 0
8 2 1
8 3 2
8 0 3
FACE-NORMAL = 14
-0.239854 -0.0637448 0.968714
-0.239854 -0.0637448 0.968714
0.561135 -0.0543336 0.825939
0.561135 -0.0543336 0.825939
-0.160439 -0.784332 0.599235
-0.160439 -0.784332 0.599235
-0.160469 0.699049 0.696836
-0.160469 0.699049 0.696836
-0.882055 -0.0309522 0.470129
-0.882055 -0.0309522 0.470129
0.169588 0.750654 -0.63856
-0.516856 0.0561958 -0.854226
0.169616 -0.660508 -0.731409
0.856072 0.0339528 -0.515739
BONE = 6
BONE_NAME = Tail06
PARENT_ID = 5
LOCALTM 
MAT 0.976673 -0.17201 -0.128501 0.0
MAT 0.164753 0.984177 -0.0651805 0.0
MAT 0.13767 0.0424934 0.989571 0.0
MAT 0.51497 0.0 -3.27826e-007 1.0
WORLDTM 
MAT -0.157752 -0.0419249 0.637123 0.0
MAT -1.27703e-005 0.656285 0.0431799 0.0
MAT -0.63851 0.010345 -0.157426 0.0
MAT -0.0275657 0.0945666 0.793131 1.0
VERTEX = 9
-0.0976336 0.0779647 1.09012
-0.104031 0.0780666 1.08859
-0.103877 0.071581 1.08751
-0.0974795 0.0714791 1.08903
-0.0996843 0.0756362 1.08579
-0.100324 0.0756464 1.08564
-0.100309 0.0749978 1.08553
-0.0996689 0.0749876 1.08568
-0.0999965 0.075317 1.08566
INDEX = 14
4 5 7
6 7 5
1 2 5
6 5 2
0 1 4
5 4 1
7 6 3
2 3 6
4 7 0
3 0 7
8 1 0
8 2 1
8 3 2
8 0 3
FACE-NORMAL = 14
-0.230778 -0.165465 0.958834
-0.230778 -0.165465 0.958834
0.568617 -0.122209 0.813474
0.568617 -0.122209 0.813474
-0.136959 -0.843644 0.51914
-0.136959 -0.843644 0.51914
-0.171806 0.622273 0.763714
-0.171806 0.622273 0.763714
-0.877414 -0.0991719 0.469371
-0.877415 -0.0991719 0.46937
0.14661 0.814272 -0.561665
-0.524615 0.127959 -0.841668
0.17976 -0.580277 -0.794333
0.851016 0.106044 -0.514321
BONE = 7
BONE_NAME = TailTIP
PARENT_ID = 6
LOCALTM 
MAT 0.99474 -0.10215 -0.00804592 0.0
MAT 0.102136 0.99477 -0.00111012 0.0
MAT 0.00808966 0.000287879 0.999963 0.0
MAT 0.459143 0.0 0.0 1.0
WORLDTM 
MAT -0.151783 -0.108827 0.630627 0.0
MAT -0.015416 0.648559 0.108202 0.0
MAT -0.639763 0.0101944 -0.152254 0.0
MAT -0.0999965 0.075317 1.08566 1.0
VERTEX = 9
-0.00210872 0.551608 -0.0746052
-0.00210872 0.558185 -0.0746052
0.00446834 0.558185 -0.0746052
0.00446834 0.551608 -0.0746052
0.000850959 0.554568 -0.0713167
0.000850959 0.555225 -0.0713167
0.00150867 0.555225 -0.0713167
0.00150867 0.554568 -0.0713167
0.00117981 0.554897 -0.0713167
INDEX = 14
4 5 7
6 7 5
1 2 5
6 5 2
0 1 4
5 4 1
7 6 3
2 3 6
4 7 0
3 0 7
8 1 0
8 2 1
8 3 2
8 0 3
FACE-NORMAL = 14
-2.49219e-007 0.0 -1.0
-2.49219e-007 0.0 -1.0
-1.33038e-007 -0.743294 -0.668965
-1.33038e-007 -0.743294 -0.668965
0.743294 0.0 -0.668965
0.743294 0.0 -0.668965
-0.743294 1.45826e-007 -0.668965
-0.743294 1.45826e-007 -0.668965
-2.00399e-007 0.743294 -0.668965
-2.00399e-007 0.743294 -0.668965
-0.707107 0.0 0.707107
1.44184e-007 0.707107 0.707107
0.707107 -1.4168e-007 0.707107
2.08265e-007 -0.707107 0.707107
BONE = 8
BONE_NAME = Dummy01
PARENT_ID = 0
LOCALTM 
MAT 0.583698 0.0117819 0.811885 0.0
MAT -0.0201799 0.999797 -7.13256e-007 0.0
MAT -0.81172 -0.0163831 0.583817 0.0
MAT -0.0320437 -0.0065797 -0.000559092 1.0
WORLDTM 
MAT -1.63913e-007 0.0 -0.657706 0.0
MAT -0.657707 0.0 1.86265e-007 0.0
MAT 0.0 0.657706 2.40281e-007 0.0
MAT 0.00117981 0.554897 -0.0713167 1.0
VERTEX = 9
0.00444531 0.559557 -0.0715652
-0.00213159 0.559526 -0.0715311
-0.00208569 0.555113 -0.0666548
0.00449122 0.555144 -0.0666888
0.00150636 0.555119 -0.0715622
0.000848672 0.555116 -0.0715588
0.000853263 0.554674 -0.0710712
0.00151095 0.554677 -0.0710746
0.00117981 0.554897 -0.0713167
INDEX = 14
4 5 7
6 7 5
1 2 5
6 5 2
0 1 4
5 4 1
7 6 3
2 3 6
4 7 0
3 0 7
8 1 0
8 2 1
8 3 2
8 0 3
FACE-NORMAL = 14
0.0 0.741434 0.671025
0.0 0.741434 0.671025
0.743276 0.499476 0.445045
0.743276 0.499476 0.445045
0.00518826 -0.00276384 0.999983
0.00518826 -0.00276369 0.999983
-0.0051881 0.994751 -0.102198
-0.0051881 0.994751 -0.102198
-0.743276 0.492511 0.45274
-0.743276 0.492511 0.45274
-0.00493567 -0.0497981 -0.998747
-0.707089 -0.527586 -0.470826
0.00493551 -0.998748 0.0497738
0.70709 -0.520961 -0.478147
BONE = 9
BONE_NAME = SpineUp01
PARENT_ID = 8
LOCALTM 
MAT -0.671025 0.0 0.741434 0.0
MAT 0.741417 0.00697977 0.67101 0.0
MAT -0.00517563 0.999976 -0.00468536 0.0
MAT 0.0 0.0 0.0 1.0
WORLDTM 
MAT 0.0 0.487646 0.441337 0.0
MAT -0.00459078 0.441327 -0.487634 0.0
MAT -0.65769 -0.00308149 0.00340423 0.0
MAT 0.00117981 0.554897 -0.0713167 1.0
VERTEX = 9
0.00486602 0.653147 0.0131996
-0.00167337 0.653761 0.0135425
-0.00181823 0.649446 0.0185041
0.00472116 0.648832 0.0181612
0.00151411 0.649019 0.0134347
0.000860172 0.649081 0.013469
0.000845687 0.648649 0.0139652
0.00149963 0.648588 0.0139309
0.0011799 0.648834 0.0137
INDEX = 14
4 5 7
6 7 5
1 2 5
6 5 2
0 1 4
5 4 1
7 6 3
2 3 6
4 7 0
3 0 7
8 1 0
8 2 1
8 3 2
8 0 3
FACE-NORMAL = 14
0.104605 0.748912 0.654361
0.104605 0.748912 0.654361
0.809012 0.431629 0.398994
0.809012 0.431629 0.398994
0.0536065 0.013346 0.998473
0.0536065 0.0133461 0.998473
0.086348 0.988645 -0.122983
0.0863479 0.988645 -0.122983
-0.669058 0.570363 0.476495
-0.669058 0.570363 0.476495
-0.0583934 -0.0656524 -0.996132
-0.777022 -0.463571 -0.425839
-0.0895408 -0.993469 0.0707256
0.629088 -0.595551 -0.499567
BONE = 10
BONE_NAME = SpineUp02
PARENT_ID = 9
LOCALTM 
MAT 0.99436 0.0166426 -0.104724 0.0
MAT -0.0197802 0.999384 -0.029001 0.0
MAT 0.104177 0.03091 0.99408 0.0
MAT 0.192635 2.98023e-007 0.0 1.0
WORLDTM 
MAT 0.0687993 0.492563 0.430376 0.0
MAT 0.0144857 0.431499 -0.496162 0.0
MAT -0.653939 0.0613797 0.0342885 0.0
MAT 0.0011799 0.648834 0.0137 1.0
VERTEX = 9
0.0236308 0.791747 0.132144
0.0170745 0.791232 0.132236
0.01716 0.791315 0.138812
0.0237163 0.791829 0.13872
0.0209767 0.788274 0.135183
0.0203211 0.788223 0.135192
0.0203296 0.788231 0.13585
0.0209852 0.788283 0.13584
0.0206531 0.788253 0.135516
INDEX = 14
4 5 7
6 7 5
1 2 5
6 5 2
0 1 4
5 4 1
7 6 3
2 3 6
4 7 0
3 0 7
8 1 0
8 2 1
8 3 2
8 0 3
FACE-NORMAL = 14
-0.0783768 0.996857 -0.0115403
-0.0783768 0.996857 -0.0115403
0.688513 0.724998 -0.0180931
0.688513 0.724998 -0.0180931
-0.0427627 0.676225 0.735453
-0.0427627 0.676225 0.735453
-0.0621 0.657499 -0.750891
-0.0621 0.657499 -0.750892
-0.793376 0.608726 0.00265297
-0.793376 0.608726 0.00265297
0.0462229 -0.713791 -0.698831
-0.649451 -0.76019 0.0180282
0.0646187 -0.695977 0.71515
0.760292 -0.649579 -0.00170779
BONE = 11
BONE_NAME = SpineUp03
PARENT_ID = 10
LOCALTM 
MAT 0.730805 0.660978 0.170356 0.0
MAT -0.66505 0.745709 -0.0403669 0.0
MAT -0.153719 -0.0837959 0.984559 0.0
MAT 0.283047 5.96046e-007 2.98023e-007 1.0
WORLDTM 
MAT -0.0515486 0.655635 -0.00759008 0.0
MAT -0.00855539 -0.00828414 -0.657598 0.0
MAT -0.655631 -0.051442 0.00917865 0.0
MAT 0.0206531 0.788253 0.135516 1.0
VERTEX = 9
0.00305092 0.973449 0.137766
0.00278699 0.979671 0.139883
0.00935828 0.979948 0.139887
0.00962221 0.973727 0.13777
0.00593153 0.975316 0.141834
0.00590514 0.975938 0.142046
0.00656227 0.975966 0.142046
0.00658866 0.975344 0.141834
0.0062469 0.975641 0.14194
INDEX = 14
4 5 7
6 7 5
1 2 5
6 5 2
0 1 4
5 4 1
7 6 3
2 3 6
4 7 0
3 0 7
8 1 0
8 2 1
8 3 2
8 0 3
FACE-NORMAL = 14
-0.0128629 0.321616 -0.946783
-0.0128629 0.321616 -0.946783
0.0212223 -0.487956 -0.87261
0.0212223 -0.487956 -0.87261
0.73403 0.246463 -0.632816
0.73403 0.246463 -0.632816
-0.751238 0.183836 -0.633913
-0.751238 0.183836 -0.633913
-0.038432 0.918256 -0.394118
-0.038432 0.918256 -0.394118
-0.697384 -0.257206 0.668955
-0.0192796 0.441458 0.897075
0.715574 -0.197627 0.669998
0.0374704 -0.896292 0.441878
BONE = 12
BONE_NAME = Neck01
PARENT_ID = 11
LOCALTM 
MAT 0.332535 0.942732 -0.0255438 0.0
MAT 0.0363207 0.0142662 0.999243 0.0
MAT 0.942398 -0.333216 -0.029492 0.0
MAT 0.285622 -0.0130695 -0.00031326 1.0
WORLDTM 
MAT -0.00845988 0.211526 -0.622697 0.0
MAT -0.657129 -0.0277081 -0.00048542 0.0
MAT -0.0263927 0.622147 0.211699 0.0
MAT 0.0062469 0.975641 0.14194 1.0
VERTEX = 9
-0.00137365 1.08336 -0.189875
-0.00162829 1.08896 -0.193313
0.00494369 1.08921 -0.193392
0.00519833 1.08361 -0.189953
0.00143723 1.08771 -0.188654
0.00141177 1.08827 -0.188998
0.00206897 1.08829 -0.189006
0.00209443 1.08773 -0.188662
0.0017531 1.088 -0.18883
INDEX = 14
4 5 7
6 7 5
1 2 5
6 5 2
0 1 4
5 4 1
7 6 3
2 3 6
4 7 0
3 0 7
8 1 0
8 2 1
8 3 2
8 0 3
FACE-NORMAL = 14
0.00970705 -0.522832 -0.85238
0.00970705 -0.522832 -0.85238
0.0352708 -0.982732 -0.181639
0.0352708 -0.982732 -0.181639
0.749196 -0.321456 -0.579113
0.749196 -0.321456 -0.579113
-0.736208 -0.378056 -0.561312
-0.736208 -0.378056 -0.561312
-0.022284 0.283231 -0.958793
-0.022284 0.283231 -0.958793
-0.713408 0.342776 0.611191
-0.0342401 0.971857 0.233068
0.699679 0.396621 0.594257
0.0205127 -0.232472 0.972387
BONE = 13
BONE_NAME = Neck02
PARENT_ID = 12
LOCALTM 
MAT 0.638738 0.0129592 -0.769294 0.0
MAT -0.0107308 0.999924 0.00793018 0.0
MAT 0.769341 0.00318753 0.638835 0.0
MAT 0.531189 0.0 -1.19209e-007 1.0
WORLDTM 
MAT 0.00638426 -0.343863 -0.560605 0.0
MAT -0.657198 -0.0250421 0.00787544 0.0
MAT -0.0254637 0.560097 -0.343827 0.0
MAT 0.0017531 1.088 -0.18883 1.0
VERTEX = 9
0.00145117 0.934 -0.430754
0.00131812 0.93582 -0.437073
0.00788851 0.936117 -0.437125
0.00802156 0.934298 -0.430806
0.00421224 0.93811 -0.43271
0.00419893 0.938292 -0.433341
0.00485597 0.938321 -0.433347
0.00486928 0.938139 -0.432715
0.0045341 0.938215 -0.433028
INDEX = 14
4 5 7
6 7 5
1 2 5
6 5 2
0 1 4
5 4 1
7 6 3
2 3 6
4 7 0
3 0 7
8 1 0
8 2 1
8 3 2
8 0 3
FACE-NORMAL = 14
0.0412769 -0.959934 -0.27717
0.0412769 -0.959934 -0.27717
0.0426492 -0.847727 0.528715
0.0426492 -0.847727 0.528715
0.770122 -0.608521 -0.191348
0.770122 -0.608521 -0.191348
-0.714895 -0.675803 -0.179486
-0.714895 -0.675803 -0.179486
0.0125759 -0.43659 -0.899573
0.0125759 -0.436589 -0.899573
-0.735547 0.646773 0.201631
-0.0434915 0.874332 -0.483376
0.677172 0.710779 0.190346
-0.0148824 0.483213 0.875376
BONE = 14
BONE_NAME = Head
PARENT_ID = 13
LOCALTM 
MAT 0.738508 -0.00801283 -0.674136 0.0
MAT 0.00716445 0.999985 -0.00404137 0.0
MAT 0.674175 -0.00182248 0.7386 0.0
MAT 0.435597 0.0 1.19209e-007 1.0
WORLDTM 
MAT 0.0271469 -0.631326 -0.182288 0.0
MAT -0.657039 -0.0297689 0.00524843 0.0
MAT -0.0133057 0.181908 -0.631911 0.0
MAT 0.0045341 0.938215 -0.433028 1.0
VERTEX = 9
0.00601083 0.827609 -0.463493
0.00576398 0.832192 -0.468203
0.0123348 0.832492 -0.468256
0.0125816 0.827908 -0.463545
0.00876777 0.83216 -0.463342
0.00874308 0.832618 -0.463813
0.00940016 0.832648 -0.463818
0.00942485 0.83219 -0.463347
0.00908396 0.832404 -0.46358
INDEX = 14
4 5 7
6 7 5
1 2 5
6 5 2
0 1 4
5 4 1
7 6 3
2 3 6
4 7 0
3 0 7
8 1 0
8 2 1
8 3 2
8 0 3
FACE-NORMAL = 14
0.0270179 -0.715823 -0.697759
0.0270179 -0.715823 -0.697759
0.045969 -0.996787 0.0655964
0.045969 -0.996787 0.0655962
0.760573 -0.44506 -0.472705
0.760573 -0.44506 -0.472705
-0.72443 -0.512661 -0.460848
-0.72443 -0.512661 -0.460848
-0.00982293 0.0391033 -0.999187
-0.00982294 0.0391035 -0.999187
-0.725455 0.474008 0.49903
-0.0456414 0.998872 -0.0130656
0.68725 0.538318 0.48775
0.00743419 0.0134184 0.999882
BONE = 15
BONE_NAME = Jaw
PARENT_ID = 14
LOCALTM 
MAT 0.881616 -0.000171967 0.471841 0.0
MAT 0.000204276 1.00007 -5.73136e-005 0.0
MAT -0.471945 0.000216082 0.881614 0.0
MAT 0.167602 0.0 -1.19209e-007 1.0
WORLDTM 
MAT 0.0177679 -0.47075 -0.458871 0.0
MAT -0.65708 -0.0299104 0.00524779 0.0
MAT -0.0246843 0.458318 -0.471071 0.0
MAT 0.00908396 0.832404 -0.46358 1.0
VERTEX = 9
-0.0929733 0.973862 -0.458315
-0.0929137 0.973258 -0.448334
-0.0951948 0.963538 -0.448909
-0.0952543 0.964143 -0.45889
-0.098841 0.970353 -0.453984
-0.098835 0.970293 -0.452986
-0.0990631 0.969321 -0.453044
-0.0990691 0.969381 -0.454042
-0.098952 0.969837 -0.453514
INDEX = 14
4 5 7
6 7 5
1 2 5
6 5 2
0 1 4
5 4 1
7 6 3
2 3 6
4 7 0
3 0 7
8 1 0
8 2 1
8 3 2
8 0 3
FACE-NORMAL = 14
0.973624 -0.227312 -0.0196261
0.973624 -0.227312 -0.0196261
0.646874 -0.107149 -0.755032
0.646874 -0.107149 -0.755032
0.481782 -0.874509 -0.0558684
0.481782 -0.874508 -0.0558683
0.820856 0.570368 0.0296092
0.820856 0.570368 0.0296093
0.655767 -0.196981 0.728813
0.655767 -0.196981 0.728813
-0.527172 0.848006 0.0545362
-0.684224 0.118006 0.719661
-0.849737 -0.526526 -0.02678
-0.692688 0.203464 -0.691943
BONE = 16
BONE_NAME = Unit_Zerg_Hydralisk_Jaw_03
PARENT_ID = 14
LOCALTM 
MAT 0.401149 -1.46327 -0.0968157 0.0
MAT -1.42859 -0.412631 0.317684 0.0
MAT -0.332139 0.00725368 -1.48368 0.0
MAT -0.0440142 0.154746 0.046401 1.0
WORLDTM 
MAT 0.973604 -0.227307 -0.0196257 0.0
MAT 0.228106 0.971978 0.0575013 0.0
MAT 0.00595882 -0.0604211 0.998135 0.0
MAT -0.098952 0.969837 -0.453514 1.0
VERTEX = 9
-0.0839286 1.11721 -0.132818
-0.0885993 1.12249 -0.125728
-0.0883444 1.11455 -0.119648
-0.0836737 1.10927 -0.126738
-0.090335 1.1145 -0.128677
-0.090802 1.11503 -0.127968
-0.0907765 1.11424 -0.12736
-0.0903095 1.11371 -0.128069
-0.0905557 1.11437 -0.128018
INDEX = 14
4 5 7
6 7 5
1 2 5
6 5 2
0 1 4
5 4 1
7 6 3
2 3 6
4 7 0
3 0 7
8 1 0
8 2 1
8 3 2
8 0 3
FACE-NORMAL = 14
0.883879 0.302065 0.357091
0.883879 0.302065 0.357091
0.938427 -0.190665 -0.2881
0.938427 -0.190665 -0.2881
0.610235 -0.387713 0.690863
0.610236 -0.387713 0.690863
0.572333 0.791849 -0.213096
0.572333 0.791849 -0.213096
0.244124 0.594827 0.765888
0.244124 0.594827 0.765888
-0.643026 0.347478 -0.682478
-0.955238 0.160024 0.248824
-0.606968 -0.774657 0.177471
-0.29474 -0.587227 -0.753852
BONE = 17
BONE_NAME = Karapis_Bone02
PARENT_ID = 13
LOCALTM 
MAT -0.689856 -1.35373 0.0552424 0.0
MAT 0.156959 -0.0182783 1.51223 0.0
MAT -1.3458 0.691888 0.14808 0.0
MAT -0.101137 0.139815 -0.00876188 1.0
WORLDTM 
MAT 0.883857 0.302058 0.357082 0.0
MAT -0.0254925 0.79348 -0.608081 0.0
MAT -0.46707 0.528386 0.708999 0.0
MAT -0.0905557 1.11437 -0.128018 1.0
VERTEX = 9
0.0715273 1.11967 -0.136911
0.0760855 1.1252 -0.129931
0.0763358 1.11728 -0.123829
0.0717777 1.11175 -0.130809
0.0692426 1.1199 -0.129151
0.0696984 1.12045 -0.128453
0.0697234 1.11966 -0.127842
0.0692676 1.11911 -0.12854
0.069483 1.11978 -0.128497
INDEX = 14
4 5 7
6 7 5
1 2 5
6 5 2
0 1 4
5 4 1
7 6 3
2 3 6
4 7 0
3 0 7
8 1 0
8 2 1
8 3 2
8 0 3
FACE-NORMAL = 14
0.889735 -0.260641 -0.374751
0.889735 -0.260641 -0.374751
0.256405 -0.58488 -0.769527
0.256405 -0.58488 -0.769527
0.613805 -0.762956 0.202834
0.613805 -0.762956 0.202834
0.576597 0.414242 -0.70423
0.576597 0.414242 -0.70423
0.933991 0.236154 0.268127
0.933991 0.236154 0.268127
-0.646835 0.744241 -0.166461
-0.306836 0.574835 0.758562
-0.611439 -0.375645 0.696443
-0.951433 -0.206227 -0.228575
BONE = 18
BONE_NAME = Karapis_Bone01
PARENT_ID = 13
LOCALTM 
MAT 0.705992 -1.34337 -0.0919667 0.0
MAT 0.160937 -0.0189221 1.5118 0.0
MAT -1.33696 -0.711728 0.13345 0.0
MAT -0.102455 -0.103636 -0.0107988 1.0
WORLDTM 
MAT 0.889712 -0.260634 -0.374742 0.0
MAT -0.0250332 0.791889 -0.61017 0.0
MAT 0.455813 0.552299 0.698017 0.0
MAT 0.069483 1.11978 -0.128497 1.0
VERTEX = 9
-0.0322677 1.55367 0.0151804
-0.0323035 1.55518 0.025066
-0.0319336 1.5453 0.0265738
-0.0318978 1.54379 0.0166882
-0.0371138 1.54972 0.0203177
-0.0371174 1.54987 0.0213063
-0.0370804 1.54888 0.0214571
-0.0370768 1.54873 0.0204685
-0.0370971 1.5493 0.0208874
INDEX = 14
4 5 7
6 7 5
1 2 5
6 5 2
0 1 4
5 4 1
7 6 3
2 3 6
4 7 0
3 0 7
8 1 0
8 2 1
8 3 2
8 0 3
FACE-NORMAL = 14
0.999309 0.0371084 -0.00205919
0.999309 0.0371084 -0.00205919
0.671157 -0.0872453 -0.736164
0.671157 -0.0872452 -0.736164
0.696 -0.709458 0.110695
0.696001 -0.709457 0.110695
0.641005 0.759106 -0.11345
0.641005 0.759106 -0.11345
0.665849 0.136895 0.73342
0.665848 0.136895 0.73342
-0.732777 0.672293 -0.105161
-0.709143 0.0803738 0.700469
-0.680459 -0.724773 0.108073
-0.704094 -0.132855 -0.697568
BONE = 19
BONE_NAME = Unit_Zerg_Hydralisk_Crest
PARENT_ID = 13
LOCALTM 
MAT -0.0120803 -1.5203 -0.00913717 0.0
MAT -0.590428 -0.00373141 1.40114 0.0
MAT -1.40111 0.0147066 -0.590341 0.0
MAT -0.639069 0.0361349 0.432869 1.0
WORLDTM 
MAT 0.999292 0.0371078 -0.00205915 0.0
MAT -0.0369954 0.987893 -0.150781 0.0
MAT -0.00357791 0.150775 0.988561 0.0
MAT -0.0370971 1.5493 0.0208874 1.0
VERTEX = 9
-0.00960629 0.903588 0.0930106
-0.009609 0.903778 0.0942546
-0.00956642 0.902535 0.0944444
-0.0095637 0.902345 0.0932004
-0.0102172 0.903093 0.0936577
-0.0102174 0.903112 0.0937821
-0.0102132 0.902987 0.0938011
-0.0102129 0.902969 0.0936767
-0.0102152 0.90304 0.0937294
INDEX = 14
4 5 7
6 7 5
1 2 5
6 5 2
0 1 4
5 4 1
7 6 3
2 3 6
4 7 0
3 0 7
8 1 0
8 2 1
8 3 2
8 0 3
FACE-NORMAL = 14
0.999425 0.0337766 -0.00298804
0.999425 0.0337766 -0.00298804
0.670179 -0.0895409 -0.736778
0.670179 -0.0895409 -0.736778
0.693734 -0.711765 0.11011
0.693734 -0.711765 0.11011
0.643426 0.756956 -0.114107
0.643426 0.756956 -0.114107
0.666981 0.134733 0.732792
0.666981 0.134733 0.732792
-0.730629 0.674724 -0.104538
-0.708221 0.0827932 0.701119
-0.682771 -0.722492 0.108763
-0.705179 -0.130562 -0.696904
BONE = 20
BONE_NAME = Spikes
PARENT_ID = 13
LOCALTM 
MAT -0.00103519 -0.191313 -0.00160062 0.0
MAT -0.074296 -0.00107338 0.176317 0.0
MAT -0.176319 0.00157864 -0.0742829 0.0
MAT -0.219352 0.0340342 -0.463377 1.0
WORLDTM 
MAT 0.125765 0.00425035 -0.000376007 0.0
MAT -0.00425859 0.124329 -0.0189802 0.0
MAT -0.000271629 0.0189847 0.124398 0.0
MAT -0.0102152 0.90304 0.0937294 1.0
VERTEX = 9
0.00195772 1.05371 -0.481057
0.00193604 1.05522 -0.471172
0.00227439 1.04534 -0.469663
0.00229607 1.04383 -0.479549
-0.00289683 1.04977 -0.475915
-0.00289899 1.04992 -0.474926
-0.00286516 1.04893 -0.474776
-0.00286299 1.04878 -0.475764
-0.00288099 1.04935 -0.475345
INDEX = 14
4 5 7
6 7 5
1 2 5
6 5 2
0 1 4
5 4 1
7 6 3
2 3 6
4 7 0
3 0 7
8 1 0
8 2 1
8 3 2
8 0 3
FACE-NORMAL = 14
0.999425 0.0337719 -0.00297737
0.999425 0.0337719 -0.00297737
0.670186 -0.0895423 -0.736772
0.670187 -0.0895423 -0.736771
0.693729 -0.711768 0.110116
0.693729 -0.711768 0.110116
0.643431 0.756953 -0.1141
0.643431 0.756953 -0.1141
0.666974 0.134728 0.732799
0.666974 0.134728 0.732799
-0.730625 0.674728 -0.104545
-0.708228 0.0827949 0.701112
-0.682776 -0.722488 0.108755
-0.705173 -0.130557 -0.696912
BONE = 21
BONE_NAME = Ref_Head
PARENT_ID = 13
LOCALTM 
MAT -0.00823642 -1.5203 -0.0127341 0.0
MAT -0.590405 -0.00853951 1.40113 0.0
MAT -1.40115 0.0125589 -0.590302 0.0
MAT 0.401987 0.00406067 0.177971 1.0
WORLDTM 
MAT 0.999409 0.0337714 -0.00297732 0.0
MAT -0.0338351 0.987999 -0.150829 0.0
MAT -0.00216767 0.150862 0.98855 0.0
MAT -0.00288099 1.04935 -0.475345 1.0
VERTEX = 9
-0.0315449 1.62596 0.757287
-0.0318169 1.63363 0.750883
-0.0320369 1.64003 0.758563
-0.031765 1.63236 0.764967
-0.0367632 1.63212 0.757863
-0.0367904 1.63288 0.757223
-0.0368124 1.63352 0.757991
-0.0367852 1.63276 0.758632
-0.0367878 1.63282 0.757927
INDEX = 14
4 5 7
6 7 5
1 2 5
6 5 2
0 1 4
5 4 1
7 6 3
2 3 6
4 7 0
3 0 7
8 1 0
8 2 1
8 3 2
8 0 3
FACE-NORMAL = 14
0.999388 0.0349671 -0.000503912
0.999388 0.0349671 -0.000503912
0.688764 -0.547123 0.475669
0.688764 -0.547123 0.475668
0.652198 0.499121 0.570541
0.652198 0.49912 0.570541
0.684913 -0.452336 -0.571214
0.684913 -0.452336 -0.571214
0.648347 0.593916 -0.476351
0.648346 0.593916 -0.476351
-0.691113 -0.477293 -0.542728
-0.725898 0.518013 -0.452475
-0.722236 0.427842 0.54344
-0.68745 -0.567474 0.453196
BONE = 22
BONE_NAME = HitTestFuzzy01
PARENT_ID = 13
LOCALTM 
MAT -0.0123926 -1.52027 -0.0131505 0.0
MAT 1.5045 -0.0103666 -0.219508 0.0
MAT 0.219438 -0.0147781 1.50448 0.0
MAT -1.66068 0.0442495 -0.0448509 1.0
WORLDTM 
MAT 0.999371 0.0349665 -0.000503903 0.0
MAT 0.0220075 -0.640028 -0.768038 0.0
MAT -0.0271966 0.767566 -0.640415 0.0
MAT -0.0367878 1.63282 0.757927 1.0
VERTEX = 9
-0.160974 1.38741 0.0693939
-0.161027 1.37986 0.0759574
-0.161296 1.3733 0.0684147
-0.161243 1.38085 0.0618512
-0.166117 1.38117 0.0690375
-0.166122 1.38041 0.0696939
-0.166149 1.37976 0.0689396
-0.166144 1.38051 0.0682832
-0.166133 1.38046 0.0689885
INDEX = 14
4 5 7
6 7 5
1 2 5
6 5 2
0 1 4
5 4 1
7 6 3
2 3 6
4 7 0
3 0 7
8 1 0
8 2 1
8 3 2
8 0 3
FACE-NORMAL = 14
0.999624 -0.0216202 -0.0168488
0.999624 -0.0216202 -0.0168488
0.672624 0.546307 -0.499125
0.672624 0.546307 -0.499124
0.648717 -0.50207 -0.57192
0.648718 -0.502069 -0.571919
0.688709 0.473143 0.549377
0.688709 0.473143 0.549377
0.664802 -0.57524 0.476588
0.664802 -0.57524 0.476588
-0.687819 0.479155 0.545267
-0.710561 -0.518181 0.476016
-0.725864 -0.448579 -0.521439
-0.703121 0.548764 -0.452194
BONE = 23
BONE_NAME = Ref_Weapon Right
PARENT_ID = 13
LOCALTM 
MAT 0.0537761 -1.51765 -0.0734401 0.0
MAT -1.49864 -0.0651116 0.248259 0.0
MAT -0.250997 0.0636282 -1.49826 0.0
MAT -0.569104 0.242814 0.183628 1.0
WORLDTM 
MAT 0.999611 -0.0216199 -0.0168486 0.0
MAT 0.0269019 0.656007 0.754275 0.0
MAT -0.00526746 -0.754455 0.656354 0.0
MAT -0.166133 1.38046 0.0689885 1.0
VERTEX = 9
0.10564 1.35269 0.0714582
0.106241 1.34788 0.0802
0.106311 1.33912 0.0753689
0.105711 1.34394 0.0666271
0.100951 1.34641 0.0734637
0.101011 1.34593 0.0743379
0.101019 1.34505 0.0738548
0.100959 1.34554 0.0729806
0.100985 1.34573 0.0736593
INDEX = 14
4 5 7
6 7 5
1 2 5
6 5 2
0 1 4
5 4 1
7 6 3
2 3 6
4 7 0
3 0 7
8 1 0
8 2 1
8 3 2
8 0 3
FACE-NORMAL = 14
0.998172 0.0351654 -0.049146
0.998172 0.0351654 -0.049146
0.623136 0.381698 -0.682647
0.623137 0.381698 -0.682647
0.672987 -0.627257 -0.391967
0.672987 -0.627256 -0.391967
0.662497 0.674302 0.326211
0.662497 0.674302 0.326211
0.712348 -0.334654 0.616901
0.712348 -0.334654 0.616901
-0.710804 0.594232 0.376359
-0.66338 -0.365602 0.652888
-0.700825 -0.64396 -0.306854
-0.748249 0.315874 -0.583392
BONE = 24
BONE_NAME = Ref_Weapon Left
PARENT_ID = 13
LOCALTM 
MAT 0.0504723 -1.51932 0.0258411 0.0
MAT -1.32222 -0.0311722 0.750051 0.0
MAT -0.749029 -0.047348 -1.32232 0.0
MAT -0.543606 -0.160893 0.119221 1.0
WORLDTM 
MAT 0.998156 0.0351648 -0.0491452 0.0
MAT -0.0070542 0.875545 0.48311 0.0
MAT 0.0600063 -0.481879 0.874187 0.0
MAT 0.100985 1.34573 0.0736593 1.0
VERTEX = 9
-0.0385718 1.40553 -0.0793385
-0.0385241 1.40567 -0.0727631
-0.0387979 1.3991 -0.0726214
-0.0388456 1.39896 -0.0791968
-0.0419591 1.40277 -0.0762949
-0.0419543 1.40278 -0.0756373
-0.0419817 1.40213 -0.0756232
-0.0419865 1.40211 -0.0762807
-0.0419704 1.40245 -0.075959
INDEX = 14
4 5 7
6 7 5
1 2 5
6 5 2
0 1 4
5 4 1
7 6 3
2 3 6
4 7 0
3 0 7
8 1 0
8 2 1
8 3 2
8 0 3
FACE-NORMAL = 14
0.999107 -0.0417754 -0.00637423
0.999107 -0.0417754 -0.00637423
0.662972 -0.0437659 -0.747364
0.662972 -0.0437659 -0.747364
0.637421 -0.770426 0.0117538
0.637421 -0.770426 0.0117538
0.699313 0.714528 -0.020282
0.699313 0.714528 -0.020282
0.673763 -0.0121264 0.738848
0.673763 -0.0121264 0.738848
-0.677036 0.735872 -0.0107309
-0.701342 0.0445891 0.711429
-0.735914 -0.676787 0.0197453
-0.711609 0.01449 -0.702427
BONE = 25
BONE_NAME = Ref_Weapon
PARENT_ID = 13
LOCALTM 
MAT 0.0369726 -0.996754 -0.0709212 0.0
MAT -0.503488 -0.0798946 0.860323 0.0
MAT -0.863247 0.00391674 -0.504811 0.0
MAT -0.396891 0.0502761 0.319997 1.0
WORLDTM 
MAT 0.657106 -0.0274754 -0.00419229 0.0
MAT 0.0273851 0.656996 -0.0141738 0.0
MAT 0.00476909 0.0139984 0.657539 0.0
MAT -0.0419704 1.40245 -0.075959 1.0
VERTEX = 9
-0.00262606 1.1313 0.0902716
-0.00264325 1.14208 0.104974
-0.00324083 1.13279 0.111786
-0.00322365 1.12201 0.0970835
-0.00789593 1.13218 0.0997967
-0.00789764 1.13326 0.101267
-0.0079574 1.13233 0.101948
-0.00795568 1.13125 0.100478
-0.00792666 1.13225 0.100872
INDEX = 14
4 5 7
6 7 5
1 2 5
6 5 2
0 1 4
5 4 1
7 6 3
2 3 6
4 7 0
3 0 7
8 1 0
8 2 1
8 3 2
8 0 3
FACE-NORMAL = 14
0.998659 -0.041249 0.0312777
0.998659 -0.041249 0.0312777
0.668729 -0.467211 -0.578373
0.668729 -0.467211 -0.578373
0.629579 -0.626269 0.459801
0.629579 -0.626269 0.459801
0.706555 0.571058 -0.417937
0.706555 0.571058 -0.417938
0.667407 0.412075 0.620292
0.667407 0.412075 0.620292
-0.669545 0.598696 -0.439628
-0.706783 0.447382 0.548003
-0.742771 -0.54034 0.395379
-0.705534 -0.389097 -0.592305
BONE = 26
BONE_NAME = Vol_Target
PARENT_ID = 13
LOCALTM 
MAT 0.00699242 -1.51417 -0.137051 0.0
MAT 0.145068 -0.156979 1.74105 0.0
MAT -2.76287 -0.0330551 0.227899 0.0
MAT -0.410782 0.0174185 -0.172409 1.0
WORLDTM 
MAT 0.998643 -0.0412484 0.0312772 0.0
MAT 0.0597585 0.929205 -0.681183 0.0
MAT -0.00171837 1.07852 1.47026 0.0
MAT -0.00792666 1.13225 0.100872 1.0
VERTEX = 9
-0.000216485 0.986241 0.121976
0.000818102 0.990549 0.117115
0.000706617 0.985639 0.11274
-0.00032797 0.981331 0.117601
0.003446 0.985585 0.11817
0.00354946 0.986016 0.117684
0.00353831 0.985525 0.117246
0.00343485 0.985094 0.117732
0.00349216 0.985555 0.117708
INDEX = 14
4 5 7
6 7 5
1 2 5
6 5 2
0 1 4
5 4 1
7 6 3
2 3 6
4 7 0
3 0 7
8 1 0
8 2 1
8 3 2
8 0 3
FACE-NORMAL = 14
-0.987406 0.117165 -0.106311
-0.987406 0.117165 -0.106311
-0.777459 -0.408504 0.478207
-0.777459 -0.408504 0.478207
-0.673139 -0.47646 -0.56557
-0.67314 -0.476459 -0.56557
-0.64794 0.633217 0.423332
-0.64794 0.633217 0.423332
-0.54362 0.565265 -0.620446
-0.54362 0.565265 -0.620446
0.710188 0.444978 0.545553
0.809428 0.380331 -0.447408
0.686215 -0.610673 -0.395205
0.586974 -0.546029 0.597757
BONE = 27
BONE_NAME = ShoulderRt
PARENT_ID = 11
LOCALTM 
MAT 0.195412 0.117662 0.973624 0.0
MAT 0.735113 -0.674732 -0.0659975 0.0
MAT 0.649184 0.728629 -0.21835 0.0
MAT 0.301402 0.0236324 0.00216885 1.0
WORLDTM 
MAT -0.649418 0.0770594 -0.0699212 0.0
MAT 0.0111485 0.490951 0.437517 0.0
MAT 0.103459 0.430824 -0.486077 0.0
MAT 0.00349216 0.985555 0.117708 1.0
VERTEX = 9
-0.427733 1.03398 0.0762351
-0.430867 1.03398 0.070453
-0.425216 1.03259 0.0673896
-0.422082 1.03259 0.0731717
-0.425988 1.03657 0.0719229
-0.426301 1.03657 0.0713447
-0.425736 1.03643 0.0710384
-0.425422 1.03643 0.0716166
-0.425862 1.0365 0.0714806
INDEX = 14
4 5 7
6 7 5
1 2 5
6 5 2
0 1 4
5 4 1
7 6 3
2 3 6
4 7 0
3 0 7
8 1 0
8 2 1
8 3 2
8 0 3
FACE-NORMAL = 14
-0.186313 -0.977299 0.100869
-0.186313 -0.977299 0.100869
0.229592 -0.653868 0.720933
0.229592 -0.653868 0.720933
0.513973 -0.811259 -0.27873
0.513973 -0.81126 -0.278729
-0.763251 -0.496296 0.413688
-0.763251 -0.496296 0.413688
-0.478868 -0.653689 -0.585983
-0.478868 -0.653689 -0.585983
-0.475776 0.840868 0.258027
-0.20524 0.691139 -0.692967
0.739266 0.54124 -0.40068
0.468729 0.69097 0.550322
BONE = 28
BONE_NAME = ArmRT
PARENT_ID = 27
LOCALTM 
MAT 0.0587361 -0.665573 -0.744017 0.0
MAT 0.823651 0.45343 -0.340584 0.0
MAT 0.56405 -0.592804 0.574837 0.0
MAT 0.661136 -2.38419e-007 -4.76837e-007 1.0
WORLDTM 
MAT -0.122539 -0.642778 0.0663426 0.0
MAT -0.565075 0.13935 0.306342 0.0
MAT -0.313441 8.15596e-005 -0.578215 0.0
MAT -0.425862 1.0365 0.0714806 1.0
VERTEX = 9
-0.514643 0.596918 0.114031
-0.510731 0.602026 0.115397
-0.505489 0.598501 0.113565
-0.509401 0.593393 0.112199
-0.510179 0.596541 0.116905
-0.509787 0.597052 0.117042
-0.509263 0.5967 0.116858
-0.509654 0.596189 0.116722
-0.509721 0.59662 0.116882
INDEX = 14
4 5 7
6 7 5
1 2 5
6 5 2
0 1 4
5 4 1
7 6 3
2 3 6
4 7 0
3 0 7
8 1 0
8 2 1
8 3 2
8 0 3
FACE-NORMAL = 14
-0.104946 0.331158 -0.937721
-0.104946 0.331158 -0.937721
-0.512327 -0.355686 -0.781671
-0.512326 -0.355686 -0.781671
0.522176 -0.17687 -0.834296
0.522176 -0.17687 -0.834296
-0.662585 0.619936 -0.420309
-0.662585 0.619936 -0.420309
0.371919 0.798756 -0.472933
0.371919 0.798756 -0.472933
-0.489333 0.144843 0.859985
0.494805 0.314953 0.809922
0.637748 -0.613171 0.466153
-0.346391 -0.783285 0.516215
BONE = 29
BONE_NAME = ForeArmRt
PARENT_ID = 28
LOCALTM 
MAT -0.39867 -0.276439 0.874437 0.0
MAT -0.347242 0.927995 0.135053 0.0
MAT -0.848819 -0.249787 -0.465966 0.0
MAT 0.684344 0.0 0.0 1.0
WORLDTM 
MAT -0.0690235 0.217806 -0.616747 0.0
MAT -0.524167 0.352526 0.183157 0.0
MAT 0.391215 0.510757 0.136596 0.0
MAT -0.509721 0.59662 0.116882 1.0
VERTEX = 9
-0.574819 0.791468 -0.445839
-0.577598 0.794312 -0.451078
-0.571659 0.795129 -0.453784
-0.568881 0.792284 -0.448545
-0.573137 0.796052 -0.447958
-0.573415 0.796337 -0.448482
-0.572821 0.796418 -0.448752
-0.572544 0.796134 -0.448228
-0.572979 0.796235 -0.448355
INDEX = 14
4 5 7
6 7 5
1 2 5
6 5 2
0 1 4
5 4 1
7 6 3
2 3 6
4 7 0
3 0 7
8 1 0
8 2 1
8 3 2
8 0 3
FACE-NORMAL = 14
-0.0790273 -0.893047 -0.442969
-0.0790273 -0.893047 -0.442969
0.261124 -0.918884 0.295746
0.261124 -0.918885 0.295746
0.618275 -0.505132 -0.602144
0.618275 -0.505132 -0.602144
-0.724028 -0.689705 0.00949164
-0.724028 -0.689705 0.00949173
-0.366856 -0.27595 -0.888408
-0.366856 -0.275949 -0.888408
-0.582587 0.543686 0.604151
-0.242823 0.937296 -0.250025
0.694367 0.719276 0.0222935
0.354584 0.325663 0.876478
BONE = 30
BONE_NAME = HandRt
PARENT_ID = 29
LOCALTM 
MAT 0.127935 -0.539046 -0.832531 0.0
MAT -0.332162 0.767645 -0.548046 0.0
MAT 0.934499 0.346653 -0.0808457 0.0
MAT 0.916481 -1.19209e-007 2.98023e-007 1.0
WORLDTM 
MAT -0.0519786 -0.587383 -0.291354 0.0
MAT -0.593851 -0.0816497 0.270599 0.0
MAT -0.277834 0.284451 -0.5239 0.0
MAT -0.572979 0.796235 -0.448355 1.0
VERTEX = 9
-0.798012 0.104408 -0.85039
-0.798784 0.0973702 -0.843329
-0.801741 0.0907676 -0.850232
-0.800968 0.0978056 -0.857294
-0.802 0.0989057 -0.849938
-0.802077 0.0982019 -0.849232
-0.802373 0.0975416 -0.849922
-0.802295 0.0982454 -0.850628
-0.802186 0.0982236 -0.84993
INDEX = 14
4 5 7
6 7 5
1 2 5
6 5 2
0 1 4
5 4 1
7 6 3
2 3 6
4 7 0
3 0 7
8 1 0
8 2 1
8 3 2
8 0 3
FACE-NORMAL = 14
0.952168 -0.262064 -0.157158
0.952168 -0.262064 -0.157158
0.694359 0.347794 -0.630003
0.694359 0.347794 -0.630003
0.417202 -0.666087 -0.618281
0.417202 -0.666087 -0.61828
0.856735 0.315472 0.408022
0.856735 0.315472 0.408022
0.579568 -0.698477 0.419798
0.579568 -0.698478 0.419798
-0.464218 0.652189 0.599292
-0.727879 -0.312332 0.610443
-0.882354 -0.281582 -0.377045
-0.618684 0.683004 -0.388247
BONE = 31
BONE_NAME = HitTestFuzzy02
PARENT_ID = 30
LOCALTM 
MAT 0.16847 -0.657964 -0.287987 0.0
MAT -1.39694 -0.0986954 -0.591817 0.0
MAT 0.489289 0.680733 -1.26845 0.0
MAT 1.24574 0.195255 0.174575 1.0
WORLDTM 
MAT 0.461988 -0.127152 -0.0762523 0.0
MAT 0.295648 0.660252 0.690349 0.0
MAT -0.0772677 -0.703793 0.706189 0.0
MAT -0.802186 0.0982236 -0.84993 1.0
VERTEX = 9
0.0078219 0.981868 0.117385
0.00583453 0.985826 0.112523
0.00541819 0.990832 0.116768
0.00740557 0.986874 0.121631
0.00361236 0.985106 0.117739
0.00341362 0.985502 0.117253
0.00337199 0.986003 0.117677
0.00357073 0.985607 0.118163
0.00349217 0.985555 0.117708
INDEX = 14
4 5 7
6 7 5
1 2 5
6 5 2
0 1 4
5 4 1
7 6 3
2 3 6
4 7 0
3 0 7
8 1 0
8 2 1
8 3 2
8 0 3
FACE-NORMAL = 14
0.951152 0.241826 -0.19191
0.951152 0.241826 -0.19191
0.860884 -0.285515 0.421141
0.860884 -0.285515 0.421141
0.589238 0.727552 0.351378
0.589238 0.727552 0.351378
0.683337 -0.404004 -0.608138
0.683337 -0.404004 -0.608138
0.41169 0.609062 -0.677905
0.41169 0.609062 -0.677905
-0.627807 -0.709231 -0.320701
-0.886228 0.254515 -0.387068
-0.717325 0.367235 0.592101
-0.458904 -0.596509 0.658471
BONE = 32
BONE_NAME = ShoulderLft
PARENT_ID = 11
LOCALTM 
MAT 0.168731 0.176458 -0.969726 0.0
MAT -0.756302 0.654109 -0.0125727 0.0
MAT 0.632094 0.735541 0.243828 0.0
MAT 0.301401 0.0236324 0.00216886 1.0
WORLDTM 
MAT 0.625574 0.159049 -0.12622 0.0
MAT 0.0416332 -0.50063 -0.424516 0.0
MAT -0.198737 0.395787 -0.48625 0.0
MAT 0.00349217 0.985555 0.117708 1.0
VERTEX = 9
0.369298 1.07364 0.0459925
0.368684 1.07514 0.0396169
0.374363 1.07845 0.0398458
0.374977 1.07695 0.0462215
0.369947 1.07855 0.044026
0.369886 1.0787 0.0433885
0.370453 1.07903 0.0434114
0.370515 1.07888 0.0440489
0.3702 1.07879 0.0437187
INDEX = 14
4 5 7
6 7 5
1 2 5
6 5 2
0 1 4
5 4 1
7 6 3
2 3 6
4 7 0
3 0 7
8 1 0
8 2 1
8 3 2
8 0 3
FACE-NORMAL = 14
0.495793 -0.833715 -0.243122
0.495793 -0.833715 -0.243122
0.401066 -0.726579 0.557879
0.401066 -0.726579 0.557879
0.973435 -0.183624 -0.13677
0.973435 -0.183624 -0.13677
-0.310098 -0.931828 -0.18851
-0.310099 -0.931828 -0.18851
0.262269 -0.38887 -0.883173
0.262269 -0.38887 -0.883173
-0.961101 0.233637 0.147302
-0.416598 0.750157 -0.513528
0.259944 0.945414 0.196523
-0.284559 0.428891 0.857368
BONE = 33
BONE_NAME = ArmLft
PARENT_ID = 32
LOCALTM 
MAT 0.316614 0.82291 -0.471772 0.0
MAT -0.936268 0.350915 -0.0162517 0.0
MAT 0.152162 0.446839 0.88158 0.0
MAT 0.586194 0.0 0.0 1.0
WORLDTM 
MAT 0.326085 -0.548337 -0.159902 0.0
MAT -0.567866 -0.331023 -0.022891 0.0
MAT -0.0614111 0.149418 -0.637565 0.0
MAT 0.3702 1.07879 0.0437187 1.0
VERTEX = 9
0.602126 0.683148 -0.075684
0.598416 0.686674 -0.0715533
0.603105 0.691277 -0.0712708
0.606815 0.687751 -0.0754015
0.603936 0.685254 -0.0711428
0.603565 0.685606 -0.0707297
0.604034 0.686067 -0.0707015
0.604405 0.685714 -0.0711146
0.603985 0.68566 -0.0709222
INDEX = 14
4 5 7
6 7 5
1 2 5
6 5 2
0 1 4
5 4 1
7 6 3
2 3 6
4 7 0
3 0 7
8 1 0
8 2 1
8 3 2
8 0 3
FACE-NORMAL = 14
-0.416499 0.47201 -0.777004
-0.416499 0.47201 -0.777004
0.140626 -0.0827167 -0.986601
0.140626 -0.0827166 -0.986601
0.251355 0.835946 -0.487869
0.251355 0.835946 -0.487869
-0.808596 -0.204426 -0.551708
-0.808596 -0.204426 -0.551708
-0.697887 0.714247 -0.0529589
-0.697887 0.714247 -0.0529587
-0.209666 -0.828624 0.519059
-0.10433 0.0453141 0.99351
0.79868 0.161098 0.579791
0.693362 -0.71285 0.105324
BONE = 34
BONE_NAME = ForeArmLft
PARENT_ID = 33
LOCALTM 
MAT -0.411099 0.149076 0.89931 0.0
