EXPORTER_V17
ANIMATION_EXPORT
BONEOBJECT_COUNT = 45
VERTEX = 9
-0.00548003 0.513166 -0.0981429
-0.00548002 0.516934 -0.103534
0.00109565 0.517045 -0.103456
0.00109564 0.513277 -0.0980654
-0.00258864 0.517606 -0.0986506
-0.00258864 0.517983 -0.0991897
-0.00193107 0.517994 -0.099182
-0.00193107 0.517617 -0.0986428
-0.00225985 0.5178 -0.0989163
INDEX = 14
4 5 7
6 7 5
1 2 5
6 5 2
0 1 4
5 4 1
7 6 3
2 3 6
4 7 0
3 0 7
8 1 0
8 2 1
8 3 2
8 0 3
FACE-NORMAL = 14
0.0205754 -0.819493 -0.572719
0.0205754 -0.819493 -0.572719
0.0137639 -0.974001 0.226125
0.0137639 -0.974001 0.226124
0.756901 -0.535677 -0.374368
0.756901 -0.535677 -0.374368
-0.729372 -0.560748 -0.39189
-0.729373 -0.560748 -0.39189
0.0137646 -0.122423 -0.992383
0.0137646 -0.122423 -0.992383
-0.721506 0.567544 0.396639
-0.0145487 0.984529 -0.174618
0.692408 0.591394 0.413308
-0.0145493 0.17441 0.984566
BONE = 0
BONE_NAME = Root
PARENT_ID = -1
LOCALTM 
MAT 0.0135326 -0.538986 -0.376681 0.0
MAT -0.657567 -0.0110921 -0.00775225 0.0
MAT 2.78092e-007 0.376761 -0.5391 0.0
MAT -0.00225985 0.5178 -0.0989163 1.0
WORLDTM 
MAT 0.0135326 -0.538986 -0.376681 0.0
MAT -0.657567 -0.0110921 -0.00775225 0.0
MAT 2.78092e-007 0.376761 -0.5391 0.0
MAT -0.00225985 0.5178 -0.0989163 1.0
VERTEX = 9
0.00326285 0.424194 -0.159328
-0.00331417 0.424216 -0.159321
-0.00331417 0.426258 -0.165573
0.00326285 0.426236 -0.16558
0.000314837 0.428249 -0.161117
-0.000342865 0.428251 -0.161116
-0.000342865 0.428455 -0.161741
0.000314837 0.428453 -0.161742
-1.40143e-005 0.428352 -0.161429
INDEX = 14
4 5 7
6 7 5
1 2 5
6 5 2
0 1 4
5 4 1
7 6 3
2 3 6
4 7 0
3 0 7
8 1 0
8 2 1
8 3 2
8 0 3
FACE-NORMAL = 14
-0.00354229 -0.950551 -0.310548
-0.00354229 -0.950551 -0.310548
0.74092 -0.638388 -0.208563
0.74092 -0.638388 -0.208563
-0.00236979 -0.405055 -0.914289
-0.00236979 -0.405056 -0.914289
-0.00236955 -0.866715 0.498798
-0.00236955 -0.866715 0.498798
-0.745659 -0.633382 -0.206928
-0.745659 -0.633382 -0.206928
0.00250489 0.452549 0.891736
-0.704598 0.674522 0.220368
0.00250467 0.891733 -0.452555
0.709607 0.66976 0.218813
BONE = 1
BONE_NAME = Tail01
PARENT_ID = 0
LOCALTM 
MAT 0.956754 0.0232327 -0.289968 0.0
MAT -0.289909 -0.00596683 -0.957036 0.0
MAT -0.0239647 0.999712 0.00102696 0.0
MAT 0.165957 0.0 -1.19209e-007 1.0
WORLDTM 
MAT -0.00232979 -0.625183 -0.204249 0.0
MAT 0.0 -0.20425 0.625187 0.0
MAT -0.657702 0.00221467 0.000723392 0.0
MAT -1.40143e-005 0.428352 -0.161429 1.0
VERTEX = 9
0.00227497 0.225103 -0.222946
-0.00428936 0.225347 -0.223275
-0.00421914 0.220815 -0.228041
0.00234518 0.220571 -0.227712
-0.000445821 0.225554 -0.227499
-0.00110225 0.225578 -0.227532
-0.00109523 0.225125 -0.228008
-0.0004388 0.225101 -0.227976
-0.000770526 0.225339 -0.227754
INDEX = 14
4 5 7
6 7 5
1 2 5
6 5 2
0 1 4
5 4 1
7 6 3
2 3 6
4 7 0
3 0 7
8 1 0
8 2 1
8 3 2
8 0 3
FACE-NORMAL = 14
-0.0612921 -0.723773 0.687311
-0.0612921 -0.723773 0.687311
0.700852 -0.511738 0.496921
0.700852 -0.511738 0.496921
-0.0330671 -0.996339 -0.078837
-0.0330671 -0.996339 -0.0788369
-0.0489374 0.0279812 0.99841
-0.0489374 0.0279814 0.99841
-0.782856 -0.456619 0.422652
-0.782857 -0.456619 0.422652
0.0357912 0.999011 0.0263987
-0.662397 0.538003 -0.521329
0.0508889 0.0245594 -0.998402
0.749077 0.485567 -0.450675
BONE = 2
BONE_NAME = Tail02
PARENT_ID = 1
LOCALTM 
MAT 0.474758 0.878095 0.0596108 0.0
MAT -0.879968 0.474834 0.0137929 0.0
MAT -0.0161936 -0.059004 0.998127 0.0
MAT 0.324725 1.19209e-007 0.0 1.0
WORLDTM 
MAT -0.0403121 -0.47603 0.452048 0.0
MAT -0.00702146 0.453187 0.476603 0.0
MAT -0.656432 0.0243861 -0.032859 0.0
MAT -0.000770526 0.225339 -0.227754 1.0
VERTEX = 9
-0.0121427 0.0490149 -0.0546356
-0.0186016 0.0490851 -0.0533962
-0.0186015 0.0425185 -0.0530241
-0.0121427 0.0424483 -0.0542635
-0.0156699 0.0459088 -0.0571347
-0.0163158 0.0459158 -0.0570107
-0.0163158 0.0452592 -0.0569735
-0.0156699 0.0452522 -0.0570975
-0.0159928 0.045584 -0.0570541
INDEX = 14
4 5 7
6 7 5
1 2 5
6 5 2
0 1 4
5 4 1
7 6 3
2 3 6
4 7 0
3 0 7
8 1 0
8 2 1
8 3 2
8 0 3
FACE-NORMAL = 14
0.188749 0.0555555 0.980453
0.188749 0.0555555 0.980453
0.856199 0.0292323 0.515818
0.856199 0.0292323 0.515818
0.12627 -0.704939 0.697937
0.12627 -0.704939 0.697937
0.126263 0.779268 0.613839
0.126263 0.779268 0.613839
-0.603668 0.0450971 0.795959
-0.603668 0.0450971 0.795959
-0.133469 0.666691 -0.733287
-0.827862 -0.0317375 -0.560034
-0.133462 -0.745258 -0.653283
0.560932 -0.0468299 -0.826536
BONE = 3
BONE_NAME = Tail03
PARENT_ID = 2
LOCALTM 
MAT 0.622096 0.746743 -0.235306 0.0
MAT -0.761496 0.646944 0.0398489 0.0
MAT 0.181987 0.154393 0.971104 0.0
MAT 0.377614 0.0 -1.58325e-007 1.0
WORLDTM 
MAT 0.124141 0.0365392 0.644849 0.0
MAT -3.03984e-006 0.656653 -0.0372071 0.0
MAT -0.645884 0.00701897 0.123941 0.0
MAT -0.0159928 0.045584 -0.0570541 1.0
VERTEX = 9
0.0458544 0.0659464 0.246868
0.0393921 0.0659468 0.248091
0.0393921 0.0593698 0.248094
0.0458544 0.0593693 0.24687
0.0423346 0.0629857 0.244188
0.0416884 0.0629857 0.244311
0.0416884 0.062328 0.244311
0.0423346 0.062328 0.244188
0.0420115 0.0626568 0.24425
INDEX = 14
4 5 7
6 7 5
1 2 5
6 5 2
0 1 4
5 4 1
7 6 3
2 3 6
4 7 0
3 0 7
8 1 0
8 2 1
8 3 2
8 0 3
FACE-NORMAL = 14
0.186028 0.000382393 0.982544
0.186028 0.000382393 0.982544
0.854765 0.000204579 0.519016
0.854765 0.000204579 0.519016
0.124448 -0.743039 0.657576
0.124448 -0.743039 0.657576
0.124445 0.743549 0.656999
0.124445 0.74355 0.656999
-0.605875 0.000307036 0.79556
-0.605875 0.000307036 0.79556
-0.131543 0.706837 -0.695038
-0.826305 -0.000221658 -0.563223
-0.131541 -0.707377 -0.694489
0.563223 -0.000319127 -0.826305
BONE = 4
BONE_NAME = Tail04
PARENT_ID = 3
LOCALTM 
MAT 0.998471 -0.055203 0.00247665 0.0
MAT 0.0551746 0.99842 0.0106018 0.0
MAT -0.00306015 -0.0104491 0.999942 0.0
MAT 0.467247 0.0 1.41561e-007 1.0
WORLDTM 
MAT 0.122352 0.000251502 0.646224 0.0
MAT -1.15484e-006 0.657706 -0.000255048 0.0
MAT -0.646227 4.53293e-005 0.12235 0.0
MAT 0.0420115 0.0626568 0.24425 1.0
VERTEX = 9
0.0933673 0.0664696 0.509821
0.0872695 0.0662164 0.50737
0.0872696 0.0596741 0.508045
0.0933674 0.0599274 0.510497
0.0918557 0.0630985 0.505989
0.0912459 0.0630731 0.505744
0.0912459 0.0624189 0.505812
0.0918557 0.0624442 0.506057
0.0915508 0.0627587 0.505901
INDEX = 14
4 5 7
6 7 5
1 2 5
6 5 2
0 1 4
5 4 1
7 6 3
2 3 6
4 7 0
3 0 7
8 1 0
8 2 1
8 3 2
8 0 3
FACE-NORMAL = 14
-0.37474 0.0952329 0.922226
-0.37474 0.0952329 0.922226
0.438441 0.0923291 0.894005
0.438441 0.0923291 0.894005
-0.250679 -0.675655 0.693289
-0.250679 -0.675655 0.693289
-0.250696 0.803069 0.540584
-0.250696 0.803069 0.540584
-0.939819 0.0350858 0.339868
-0.939819 0.0350858 0.339868
0.264973 0.636027 -0.724747
-0.390598 -0.094568 -0.915691
0.264989 -0.770706 -0.579477
0.920561 -0.0401116 -0.388533
BONE = 5
BONE_NAME = Tail05
PARENT_ID = 4
LOCALTM 
MAT 0.836452 0.0948755 0.539763 0.0
MAT -0.100551 0.99475 -0.0190274 0.0
MAT -0.538739 -0.0383588 0.841601 0.0
MAT 0.404892 0.0 0.0 1.0
WORLDTM 
MAT -0.246468 0.062635 0.606551 0.0
MAT -7.7188e-006 0.654226 -0.0675601 0.0
MAT -0.609781 -0.0253261 -0.245166 0.0
MAT 0.0915508 0.0627587 0.505901 1.0
VERTEX = 9
-0.0329391 0.0980077 0.822447
-0.0393358 0.098118 0.820921
-0.0393357 0.0915581 0.820446
-0.0329389 0.0914478 0.821972
-0.0350527 0.0953363 0.818356
-0.0356924 0.0953474 0.818204
-0.0356924 0.0946914 0.818156
-0.0350527 0.0946803 0.818309
-0.0353726 0.0950138 0.818256
INDEX = 14
4 5 7
6 7 5
1 2 5
6 5 2
0 1 4
5 4 1
7 6 3
2 3 6
4 7 0
3 0 7
8 1 0
8 2 1
8 3 2
8 0 3
FACE-NORMAL = 14
-0.23257 -0.0702293 0.970041
-0.23257 -0.0702293 0.970041
0.567325 -0.0594468 0.821345
0.567325 -0.0594468 0.821345
-0.155567 -0.788336 0.595253
-0.155567 -0.788336 0.595253
-0.155595 0.694372 0.702593
-0.155595 0.694372 0.702593
-0.878498 -0.0345148 0.476498
-0.878498 -0.0345148 0.476498
0.164438 0.754921 -0.634865
-0.52326 0.0615186 -0.84995
0.164465 -0.655601 -0.736979
0.852173 0.0378005 -0.521893
BONE = 6
BONE_NAME = Tail06
PARENT_ID = 5
LOCALTM 
MAT 0.975058 -0.169499 -0.143261 0.0
MAT 0.161581 0.984696 -0.0653013 0.0
MAT 0.152128 0.0405255 0.987534 0.0
MAT 0.51497 0.0 -2.98023e-007 1.0
WORLDTM 
MAT -0.152961 -0.0461899 0.637997 0.0
MAT -1.26436e-005 0.655989 0.0474907 0.0
MAT -0.639674 0.011031 -0.152575 0.0
MAT -0.0353726 0.0950138 0.818256 1.0
VERTEX = 9
-0.103209 0.0764258 1.11564
-0.109618 0.0765342 1.11417
-0.109469 0.070056 1.11304
-0.10306 0.0699475 1.11452
-0.105291 0.0741246 1.11132
-0.105932 0.0741354 1.11117
-0.105917 0.0734876 1.11106
-0.105276 0.0734768 1.11121
-0.105604 0.0738061 1.11119
INDEX = 14
4 5 7
6 7 5
1 2 5
6 5 2
0 1 4
5 4 1
7 6 3
2 3 6
4 7 0
3 0 7
8 1 0
8 2 1
8 3 2
8 0 3
FACE-NORMAL = 14
-0.223521 -0.171877 0.959425
-0.223521 -0.171877 0.959425
0.574746 -0.127232 0.808381
0.574746 -0.127232 0.808381
-0.132657 -0.84711 0.514594
-0.132657 -0.847109 0.514595
-0.166398 0.617151 0.769049
-0.166398 0.617151 0.769049
-0.87383 -0.102727 0.475256
-0.87383 -0.102727 0.475256
0.142004 0.818021 -0.557383
-0.530959 0.133191 -0.836865
0.174103 -0.574951 -0.799449
0.847093 0.10988 -0.519961
BONE = 7
BONE_NAME = TailTIP
PARENT_ID = 6
LOCALTM 
MAT 0.994729 -0.102148 -0.00804287 0.0
MAT 0.102141 0.994769 -0.0011072 0.0
MAT 0.0080888 0.000284612 0.999975 0.0
MAT 0.459143 0.0 0.0 1.0
WORLDTM 
MAT -0.147009 -0.113043 0.63101 0.0
MAT -0.014928 0.647827 0.112577 0.0
MAT -0.640895 0.0108438 -0.147397 0.0
MAT -0.105604 0.0738061 1.11119 1.0
VERTEX = 9
-0.0017086 0.531689 -0.0919654
-0.0017086 0.538266 -0.0919654
0.00486847 0.538266 -0.0919654
0.00486847 0.531689 -0.0919654
0.00125108 0.534649 -0.0886769
0.00125108 0.535307 -0.0886769
0.00190879 0.535307 -0.0886769
0.00190879 0.534649 -0.0886769
0.00157993 0.534978 -0.0886769
INDEX = 14
4 5 7
6 7 5
1 2 5
6 5 2
0 1 4
5 4 1
7 6 3
2 3 6
4 7 0
3 0 7
8 1 0
8 2 1
8 3 2
8 0 3
FACE-NORMAL = 14
-3.32764e-007 -3.06568e-007 -1.0
-3.32764e-007 -3.06568e-007 -1.0
-3.23649e-007 -0.743294 -0.668965
-3.23649e-007 -0.743294 -0.668965
0.743294 0.0 -0.668965
0.743294 0.0 -0.668965
-0.743294 -3.39805e-007 -0.668965
-0.743294 -3.39805e-007 -0.668965
-1.21566e-007 0.743294 -0.668965
-1.21566e-007 0.743294 -0.668965
-0.707107 0.0 0.707107
3.31422e-007 0.707107 0.707107
0.707107 3.44939e-007 0.707107
1.39177e-007 -0.707107 0.707107
BONE = 8
BONE_NAME = Dummy01
PARENT_ID = 0
LOCALTM 
MAT 0.572719 0.0117871 0.819666 0.0
MAT -0.0205755 0.999789 -8.14729e-007 0.0
MAT -0.819493 -0.0168649 0.572841 0.0
MAT -0.0301992 -0.00646088 0.00220025 1.0
WORLDTM 
MAT -2.18861e-007 -2.01631e-007 -0.657706 0.0
MAT -0.657706 -1.19209e-007 2.30968e-007 0.0
MAT 0.0 0.657706 -1.27126e-007 0.0
MAT 0.00157993 0.534978 -0.0886769 1.0
VERTEX = 9
0.00484543 0.539638 -0.0889254
-0.00173147 0.539607 -0.0888914
-0.00168557 0.535194 -0.084015
0.00489134 0.535225 -0.0840491
0.00190648 0.5352 -0.0889224
0.00124879 0.535197 -0.088919
0.00125338 0.534756 -0.0884314
0.00191108 0.534759 -0.0884348
0.00157993 0.534978 -0.0886769
INDEX = 14
4 5 7
6 7 5
1 2 5
6 5 2
0 1 4
5 4 1
7 6 3
2 3 6
4 7 0
3 0 7
8 1 0
8 2 1
8 3 2
8 0 3
FACE-NORMAL = 14
0.0 0.741435 0.671025
0.0 0.741435 0.671025
0.743275 0.499476 0.445045
0.743275 0.499476 0.445045
0.00518839 -0.00276303 0.999983
0.00518838 -0.00276285 0.999983
-0.00518832 0.99475 -0.102198
-0.00518832 0.99475 -0.102199
-0.743276 0.492511 0.452739
-0.743277 0.492511 0.452739
-0.00493579 -0.0497988 -0.998747
-0.707089 -0.527587 -0.470826
0.00493573 -0.998748 0.0497744
0.70709 -0.520961 -0.478146
BONE = 9
BONE_NAME = SpineUp01
PARENT_ID = 8
LOCALTM 
MAT -0.671025 2.78769e-007 0.741435 0.0
MAT 0.741416 0.00698005 0.671008 0.0
MAT -0.00517493 0.999976 -0.00468581 0.0
MAT 0.0 0.0 0.0 1.0
WORLDTM 
MAT 0.0 0.487646 0.441337 0.0
MAT -0.00459093 0.441326 -0.487634 0.0
MAT -0.657691 -0.00308201 0.00340381 0.0
MAT 0.00157993 0.534978 -0.0886769 1.0
VERTEX = 9
0.00526612 0.633229 -0.0041607
-0.00127327 0.633843 -0.00381782
-0.00141812 0.629528 0.0011438
0.00512127 0.628914 0.000800921
0.00191422 0.629101 -0.00392555
0.00126029 0.629162 -0.00389127
0.0012458 0.62873 -0.0033951
0.00189974 0.628669 -0.00342939
0.00158001 0.628915 -0.00366033
INDEX = 14
4 5 7
6 7 5
1 2 5
6 5 2
0 1 4
5 4 1
7 6 3
2 3 6
4 7 0
3 0 7
8 1 0
8 2 1
8 3 2
8 0 3
FACE-NORMAL = 14
0.104603 0.748913 0.65436
0.104603 0.748913 0.65436
0.809011 0.431631 0.398994
0.809011 0.431631 0.398994
0.0536051 0.0133468 0.998473
0.0536051 0.0133469 0.998473
0.0863457 0.988645 -0.122984
0.0863457 0.988645 -0.122984
-0.669059 0.570362 0.476494
-0.669059 0.570362 0.476494
-0.0583918 -0.0656532 -0.996133
-0.777021 -0.463573 -0.425839
-0.0895384 -0.993469 0.0707263
0.62909 -0.59555 -0.499566
BONE = 10
BONE_NAME = SpineUp02
PARENT_ID = 9
LOCALTM 
MAT 0.994361 0.0166431 -0.104721 0.0
MAT -0.01978 0.999384 -0.0290006 0.0
MAT 0.104177 0.0309096 0.994079 0.0
MAT 0.192634 3.57628e-007 0.0 1.0
WORLDTM 
MAT 0.0687976 0.492564 0.430376 0.0
MAT 0.0144854 0.431498 -0.496162 0.0
MAT -0.653939 0.0613789 0.0342882 0.0
MAT 0.00158001 0.628915 -0.00366033 1.0
VERTEX = 9
0.0240304 0.771828 0.114784
0.0174741 0.771314 0.114876
0.0175596 0.771397 0.121452
0.0241159 0.771911 0.12136
0.0213763 0.768356 0.117823
0.0207207 0.768304 0.117832
0.0207292 0.768313 0.118489
0.0213849 0.768364 0.11848
0.0210528 0.768334 0.118156
INDEX = 14
4 5 7
6 7 5
1 2 5
6 5 2
0 1 4
5 4 1
7 6 3
2 3 6
4 7 0
3 0 7
8 1 0
8 2 1
8 3 2
8 0 3
FACE-NORMAL = 14
-0.0783795 0.996857 -0.0115409
-0.0783795 0.996857 -0.0115409
0.688511 0.725 -0.0180916
0.688511 0.725 -0.0180916
-0.0427645 0.676226 0.735452
-0.0427645 0.676226 0.735452
-0.0621017 0.657498 -0.750893
-0.0621017 0.657498 -0.750893
-0.793378 0.608724 0.00265067
-0.793378 0.608724 0.00265067
0.0462248 -0.713792 -0.69883
-0.649449 -0.760192 0.0180269
0.0646205 -0.695976 0.715151
0.760294 -0.649577 -0.00170556
BONE = 11
BONE_NAME = SpineUp03
PARENT_ID = 10
LOCALTM 
MAT 0.730805 0.660979 0.170356 0.0
MAT -0.665051 0.745709 -0.0403658 0.0
MAT -0.153721 -0.0837955 0.984557 0.0
MAT 0.283047 5.36442e-007 2.98023e-007 1.0
WORLDTM 
MAT -0.0515504 0.655636 -0.0075905 0.0
MAT -0.00855529 -0.00828568 -0.657598 0.0
MAT -0.655629 -0.051444 0.00917697 0.0
MAT 0.0210528 0.768334 0.118156 1.0
VERTEX = 9
0.00345005 0.953531 0.120405
0.0031861 0.959753 0.122522
0.00975738 0.96003 0.122527
0.0100213 0.953808 0.12041
0.00633065 0.955398 0.124473
0.00630426 0.95602 0.124685
0.00696139 0.956048 0.124686
0.00698778 0.955426 0.124474
0.00664602 0.955723 0.12458
INDEX = 14
4 5 7
6 7 5
1 2 5
6 5 2
0 1 4
5 4 1
7 6 3
2 3 6
4 7 0
3 0 7
8 1 0
8 2 1
8 3 2
8 0 3
FACE-NORMAL = 14
-0.0128646 0.321613 -0.946784
-0.0128646 0.321613 -0.946784
0.0212236 -0.487956 -0.87261
0.0212236 -0.487956 -0.87261
0.73403 0.246463 -0.632816
0.73403 0.246463 -0.632816
-0.751238 0.183833 -0.633914
-0.751238 0.183833 -0.633914
-0.0384357 0.918256 -0.394119
-0.0384357 0.918256 -0.394118
-0.697384 -0.257205 0.668955
-0.0192807 0.441458 0.897075
0.715573 -0.197625 0.669999
0.0374741 -0.896292 0.441879
BONE = 12
BONE_NAME = Neck01
PARENT_ID = 11
LOCALTM 
MAT 0.332535 0.942734 -0.0255429 0.0
MAT 0.0363229 0.0142669 0.999243 0.0
MAT 0.942395 -0.333217 -0.029491 0.0
MAT 0.285622 -0.0130695 -0.000313252 1.0
WORLDTM 
MAT -0.00846106 0.211525 -0.622699 0.0
MAT -0.657128 -0.0277087 -0.000487551 0.0
MAT -0.0263949 0.622146 0.211699 0.0
MAT 0.00664602 0.955723 0.12458 1.0
VERTEX = 9
-0.000975136 1.06344 -0.207236
-0.0012298 1.06904 -0.210674
0.00534217 1.06929 -0.210753
0.00559684 1.06369 -0.207315
0.00183573 1.06779 -0.206016
0.00181026 1.06835 -0.20636
0.00246746 1.06838 -0.206367
0.00249293 1.06782 -0.206024
0.00215159 1.06808 -0.206192
INDEX = 14
4 5 7
6 7 5
1 2 5
6 5 2
0 1 4
5 4 1
7 6 3
2 3 6
4 7 0
3 0 7
8 1 0
8 2 1
8 3 2
8 0 3
FACE-NORMAL = 14
0.00970785 -0.522831 -0.852381
0.00970785 -0.522831 -0.852381
0.035275 -0.982732 -0.181639
0.035275 -0.982732 -0.181639
0.749198 -0.321456 -0.57911
0.749198 -0.321456 -0.57911
-0.736206 -0.378055 -0.561316
-0.736206 -0.378055 -0.561316
-0.022287 0.283231 -0.958793
-0.022287 0.283231 -0.958793
-0.71341 0.342775 0.611188
-0.0342441 0.971857 0.233068
0.699677 0.396619 0.59426
0.0205155 -0.232472 0.972387
BONE = 13
BONE_NAME = Neck02
PARENT_ID = 12
LOCALTM 
MAT 0.638738 0.0129598 -0.769294 0.0
MAT -0.0107278 0.999926 0.00792939 0.0
MAT 0.769339 0.00318883 0.638835 0.0
MAT 0.531189 0.0 -1.19209e-007 1.0
WORLDTM 
MAT 0.0063848 -0.343863 -0.560607 0.0
MAT -0.657198 -0.0250426 0.00787132 0.0
MAT -0.0254669 0.560095 -0.343828 0.0
MAT 0.00215159 1.06808 -0.206192 1.0
VERTEX = 9
0.00184803 0.914191 -0.447927
0.00172531 0.915713 -0.454325
0.00829562 0.916012 -0.454379
0.00841834 0.914489 -0.447982
0.00461046 0.918206 -0.450068
0.00459818 0.918358 -0.450708
0.00525521 0.918388 -0.450713
0.00526749 0.918236 -0.450073
0.00493284 0.918297 -0.45039
INDEX = 14
4 5 7
6 7 5
1 2 5
6 5 2
0 1 4
5 4 1
7 6 3
2 3 6
4 7 0
3 0 7
8 1 0
8 2 1
8 3 2
8 0 3
FACE-NORMAL = 14
0.0422672 -0.971792 -0.232023
0.0422672 -0.971792 -0.232023
0.042144 -0.822123 0.567748
0.042144 -0.822123 0.567748
0.770778 -0.616322 -0.161392
0.770778 -0.616322 -0.161392
-0.714223 -0.683866 -0.149039
-0.714223 -0.683866 -0.149039
0.0144059 -0.478058 -0.87821
0.0144059 -0.478058 -0.87821
-0.736242 0.655033 0.169941
-0.0430809 0.850812 -0.523701
0.676462 0.719288 0.158189
-0.0166933 0.523501 0.851861
BONE = 14
BONE_NAME = Head
PARENT_ID = 13
LOCALTM 
MAT 0.706231 -0.00800608 -0.707871 0.0
MAT 0.00697114 0.999983 -0.00436864 0.0
MAT 0.707912 -0.00181927 0.706339 0.0
MAT 0.435597 0.0 -1.19209e-007 1.0
WORLDTM 
MAT 0.027798 -0.639122 -0.152596 0.0
MAT -0.657031 -0.0298861 0.00546518 0.0
MAT -0.0122727 0.152237 -0.639733 0.0
MAT 0.00493284 0.918297 -0.45039 1.0
VERTEX = 9
0.00651527 0.806398 -0.476309
0.00625069 0.811398 -0.480574
0.0128216 0.811698 -0.480628
0.0130861 0.806698 -0.476364
0.00927651 0.810914 -0.47575
0.00925006 0.811414 -0.476176
0.00990714 0.811444 -0.476182
0.0099336 0.810944 -0.475755
0.00959183 0.811179 -0.475966
INDEX = 14
4 5 7
6 7 5
1 2 5
6 5 2
0 1 4
5 4 1
7 6 3
2 3 6
4 7 0
3 0 7
8 1 0
8 2 1
8 3 2
8 0 3
FACE-NORMAL = 14
0.0232904 -0.648027 -0.761261
0.0232904 -0.648027 -0.761261
0.0454804 -0.998591 -0.0273467
0.0454804 -0.998591 -0.0273468
0.758076 -0.399585 -0.515415
0.758076 -0.399585 -0.515415
-0.726912 -0.46743 -0.503098
-0.726912 -0.46743 -0.503098
-0.0143213 0.131612 -0.991198
-0.0143213 0.131612 -0.991198
-0.722816 0.425953 0.544152
-0.044913 0.995795 0.0798428
0.689875 0.490496 0.532434
0.0119772 -0.0793809 0.996772
BONE = 15
BONE_NAME = Jaw
PARENT_ID = 14
LOCALTM 
MAT 0.807324 -0.000174904 0.589975 0.0
MAT 0.000202119 1.00009 -2.22363e-005 0.0
MAT -0.5901 0.000223197 0.807313 0.0
MAT 0.167602 0.0 0.0 1.0
WORLDTM 
MAT 0.0153163 -0.426156 -0.500621 0.0
MAT -0.657086 -0.0300215 0.00544907 0.0
MAT -0.0264582 0.500042 -0.426417 0.0
MAT 0.00959183 0.811179 -0.475966 1.0
VERTEX = 9
-0.0925476 0.952667 -0.477486
-0.0925056 0.952529 -0.467487
-0.0947806 0.942792 -0.467612
-0.0948226 0.94293 -0.477611
-0.0984211 0.94936 -0.473006
-0.0984169 0.949346 -0.472006
-0.0986444 0.948373 -0.472019
-0.0986486 0.948386 -0.473019
-0.0985328 0.948866 -0.472513
INDEX = 14
4 5 7
6 7 5
1 2 5
6 5 2
0 1 4
5 4 1
7 6 3
2 3 6
4 7 0
3 0 7
8 1 0
8 2 1
8 3 2
8 0 3
FACE-NORMAL = 14
0.973775 -0.227397 -0.00728274
0.973775 -0.227397 -0.00728274
0.648282 -0.14185 -0.74807
0.648282 -0.14185 -0.74807
0.482334 -0.875872 -0.014185
0.482334 -0.875872 -0.014185
0.820506 0.571621 0.00444108
0.820506 0.571621 0.00444108
0.65456 -0.162391 0.738363
0.65456 -0.162391 0.738363
-0.527709 0.84931 0.0140094
-0.685575 0.151023 0.712165
-0.849415 -0.527713 -0.0037099
-0.691551 0.170565 -0.701901
BONE = 16
BONE_NAME = Unit_Zerg_Hydralisk_Jaw_03
PARENT_ID = 14
LOCALTM 
MAT 0.401146 -1.46324 -0.0968021 0.0
MAT -1.42863 -0.412633 0.317659 0.0
MAT -0.332136 0.00726673 -1.48368 0.0
MAT -0.0440143 0.154746 0.0464013 1.0
WORLDTM 
MAT 0.973734 -0.227387 -0.00728244 0.0
MAT 0.227501 0.973758 0.0125301 0.0
MAT 0.00420159 -0.0138125 0.999879 0.0
MAT -0.0985328 0.948866 -0.472513 1.0
VERTEX = 9
-0.0841269 1.09646 -0.151264
-0.0868581 1.10226 -0.143589
-0.0865721 1.09433 -0.137498
-0.0838409 1.08853 -0.145173
-0.090035 1.09456 -0.146068
-0.0903081 1.09514 -0.145301
-0.0902795 1.09435 -0.144692
-0.0900064 1.09377 -0.145459
-0.0901572 1.09445 -0.14538
INDEX = 14
4 5 7
6 7 5
1 2 5
6 5 2
0 1 4
5 4 1
7 6 3
2 3 6
4 7 0
3 0 7
8 1 0
8 2 1
8 3 2
8 0 3
FACE-NORMAL = 14
0.961569 0.188259 0.199858
0.961569 0.188259 0.199858
0.846242 -0.305124 -0.436777
0.846242 -0.305124 -0.436777
0.66451 -0.463217 0.586393
0.66451 -0.463217 0.586393
0.622002 0.715092 -0.318995
0.622002 0.715092 -0.318995
0.440261 0.557022 0.7042
0.440261 0.557022 0.7042
-0.700152 0.427353 -0.571977
-0.873034 0.276958 0.401381
-0.659713 -0.693589 0.289332
-0.486821 -0.543215 -0.684048
BONE = 17
BONE_NAME = Karapis_Bone02
PARENT_ID = 13
LOCALTM 
MAT -0.394464 -1.46803 0.0282987 0.0
MAT 0.158828 -0.0135439 1.51208 0.0
MAT -1.45978 0.39532 0.156919 0.0
MAT -0.101137 0.139815 -0.00876176 1.0
WORLDTM 
MAT 0.961547 0.188255 0.199854 0.0
MAT -0.0285929 0.792634 -0.609043 0.0
MAT -0.27312 0.579954 0.76752 0.0
MAT -0.0901572 1.09445 -0.14538 1.0
VERTEX = 9
0.0732858 1.10018 -0.153814
0.0758519 1.10612 -0.146195
0.0761377 1.0982 -0.140105
0.0735717 1.09225 -0.147724
0.0697388 1.09996 -0.146543
0.0699954 1.10055 -0.145781
0.070024 1.09976 -0.145172
0.0697674 1.09917 -0.145934
0.0698814 1.09986 -0.145857
INDEX = 14
4 5 7
6 7 5
1 2 5
6 5 2
0 1 4
5 4 1
7 6 3
2 3 6
4 7 0
3 0 7
8 1 0
8 2 1
8 3 2
8 0 3
FACE-NORMAL = 14
0.966092 -0.13451 -0.220392
0.966092 -0.13451 -0.220392
0.455549 -0.532034 -0.713733
0.455549 -0.532034 -0.713733
0.667527 -0.679135 0.305259
0.667527 -0.679135 0.305259
0.625036 0.499173 -0.60013
0.625036 0.499173 -0.60013
0.837016 0.352072 0.418868
0.837016 0.352072 0.418868
-0.703341 0.655583 -0.274813
-0.501683 0.515643 0.694569
-0.662919 -0.465359 0.586497
-0.864579 -0.32542 -0.382891
BONE = 18
BONE_NAME = Karapis_Bone01
PARENT_ID = 13
LOCALTM 
MAT 0.406816 -1.46386 -0.0558417 0.0
MAT 0.15883 -0.0135558 1.51208 0.0
MAT -1.45641 -0.410392 0.149347 0.0
MAT -0.102455 -0.103635 -0.0107987 1.0
WORLDTM 
MAT 0.966068 -0.134507 -0.220387 0.0
MAT -0.0285851 0.792633 -0.609043 0.0
MAT 0.256606 0.594731 0.761893 0.0
MAT 0.0698814 1.09986 -0.145857 1.0
VERTEX = 9
-0.0318708 1.53375 -0.00218022
-0.0319068 1.53526 0.00770549
-0.0315369 1.52538 0.0092131
-0.031501 1.52387 -0.000672608
-0.036717 1.5298 0.00295701
-0.0367206 1.52995 0.00394558
-0.0366836 1.52896 0.00409634
-0.03668 1.52881 0.00310777
-0.0367003 1.52938 0.00352667
INDEX = 14
4 5 7
6 7 5
1 2 5
6 5 2
0 1 4
5 4 1
7 6 3
2 3 6
4 7 0
3 0 7
8 1 0
8 2 1
8 3 2
8 0 3
FACE-NORMAL = 14
0.999309 0.0371003 -0.00204651
0.999309 0.0371003 -0.00204651
0.671168 -0.087241 -0.736154
0.671168 -0.087241 -0.736154
0.695992 -0.709466 0.11069
0.695993 -0.709466 0.110689
0.641013 0.759102 -0.113427
0.641013 0.759102 -0.113427
0.665838 0.136881 0.733433
0.665838 0.136881 0.733433
-0.73277 0.672302 -0.105156
-0.709153 0.0803704 0.700459
-0.680467 -0.724769 0.10805
-0.704084 -0.132841 -0.697581
BONE = 19
BONE_NAME = Unit_Zerg_Hydralisk_Crest
PARENT_ID = 13
LOCALTM 
MAT -0.0120815 -1.52029 -0.00915366 0.0
MAT -0.590456 -0.003757 1.40112 0.0
MAT -1.40111 0.0147359 -0.590361 0.0
MAT -0.639069 0.0361349 0.432869 1.0
WORLDTM 
MAT 0.999288 0.0370995 -0.00204647 0.0
MAT -0.0369831 0.987893 -0.150761 0.0
MAT -0.00359555 0.150764 0.988571 0.0
MAT -0.0367003 1.52938 0.00352667 1.0
VERTEX = 9
-0.00536687 0.799226 0.127488
-0.00536961 0.799416 0.128732
-0.00532704 0.798173 0.128921
-0.0053243 0.797983 0.127677
-0.00597776 0.798731 0.128135
-0.00597804 0.79875 0.128259
-0.00597378 0.798625 0.128278
-0.00597351 0.798607 0.128154
-0.00597577 0.798678 0.128206
INDEX = 14
4 5 7
6 7 5
1 2 5
6 5 2
0 1 4
5 4 1
7 6 3
2 3 6
4 7 0
3 0 7
8 1 0
8 2 1
8 3 2
8 0 3
FACE-NORMAL = 14
0.999425 0.0337688 -0.00297525
0.999425 0.0337688 -0.00297525
0.670191 -0.0895377 -0.736768
0.670191 -0.0895377 -0.736768
0.693726 -0.711773 0.110105
0.693726 -0.711773 0.110105
0.643435 0.756952 -0.114085
0.643435 0.756952 -0.114085
0.66697 0.134721 0.732804
0.66697 0.134721 0.732804
-0.730622 0.674733 -0.104534
-0.708232 0.0827908 0.701109
-0.682779 -0.722488 0.108742
-0.705169 -0.130549 -0.696917
BONE = 20
BONE_NAME = Spikes
PARENT_ID = 13
LOCALTM 
MAT -0.00103539 -0.191312 -0.00160265 0.0
MAT -0.0742991 -0.00107653 0.176315 0.0
MAT -0.17632 0.00158242 -0.0742851 0.0
MAT -0.219352 0.0340342 -0.614145 1.0
WORLDTM 
MAT 0.125764 0.00424935 -0.000374395 0.0
MAT -0.00425709 0.124329 -0.0189779 0.0
MAT -0.000273918 0.0189835 0.1244 0.0
MAT -0.00597577 0.798678 0.128206 1.0
VERTEX = 9
0.00235592 1.03379 -0.498419
0.00233415 1.0353 -0.488534
0.00267244 1.02542 -0.487026
0.00269421 1.02391 -0.496911
-0.00249867 1.02985 -0.493277
-0.00250084 1.03 -0.492289
-0.00246702 1.02901 -0.492138
-0.00246484 1.02886 -0.493127
-0.00248284 1.02943 -0.492708
INDEX = 14
4 5 7
6 7 5
1 2 5
6 5 2
0 1 4
5 4 1
7 6 3
2 3 6
4 7 0
3 0 7
8 1 0
8 2 1
8 3 2
8 0 3
FACE-NORMAL = 14
0.999425 0.0337687 -0.00297492
0.999425 0.0337687 -0.00297492
0.670191 -0.0895395 -0.736768
0.670191 -0.0895394 -0.736768
0.693726 -0.711773 0.110108
0.693726 -0.711773 0.110108
0.643435 0.756951 -0.114088
0.643435 0.756951 -0.114088
0.66697 0.134722 0.732804
0.66697 0.134722 0.732804
-0.730622 0.674733 -0.104537
-0.708232 0.0827924 0.701109
-0.682779 -0.722487 0.108744
-0.705169 -0.130551 -0.696917
BONE = 21
BONE_NAME = Ref_Head
PARENT_ID = 13
LOCALTM 
MAT -0.00822822 -1.52029 -0.0127362 0.0
MAT -0.590423 -0.0085558 1.40112 0.0
MAT -1.40115 0.0125747 -0.590314 0.0
MAT 0.401987 0.00406067 0.177971 1.0
WORLDTM 
MAT 0.999404 0.033768 -0.00297486 0.0
MAT -0.0338289 0.987997 -0.150815 0.0
MAT -0.00217666 0.150857 0.988559 0.0
MAT -0.00248284 1.02943 -0.492708 1.0
VERTEX = 9
-0.0311472 1.60604 0.739928
-0.0314191 1.61372 0.733524
-0.0316392 1.62012 0.741204
-0.0313673 1.61244 0.747608
-0.0363654 1.6122 0.740505
-0.0363926 1.61297 0.739864
-0.0364146 1.61361 0.740632
-0.0363874 1.61284 0.741273
-0.03639 1.6129 0.740569
INDEX = 14
4 5 7
6 7 5
1 2 5
6 5 2
0 1 4
5 4 1
7 6 3
2 3 6
4 7 0
3 0 7
8 1 0
8 2 1
8 3 2
8 0 3
FACE-NORMAL = 14
0.999389 0.0349488 -0.000482011
0.999389 0.0349488 -0.000482011
0.688753 -0.54713 0.475676
0.688753 -0.54713 0.475676
0.652193 0.499101 0.570563
0.652194 0.499101 0.570563
0.684919 -0.452339 -0.571205
0.684919 -0.452339 -0.571205
0.648358 0.593912 -0.47634
0.648358 0.593912 -0.47634
-0.691109 -0.477273 -0.542751
-0.725887 0.518022 -0.452484
-0.722241 0.427846 0.54343
-0.687462 -0.567469 0.453184
BONE = 22
BONE_NAME = HitTestFuzzy01
PARENT_ID = 13
LOCALTM 
MAT -0.0123976 -1.52026 -0.0131876 0.0
MAT 1.5045 -0.0103776 -0.219489 0.0
MAT 0.219432 -0.0147935 1.50449 0.0
MAT -1.66068 0.0442495 -0.0448503 1.0
WORLDTM 
MAT 0.999367 0.034948 -0.000482 0.0
MAT 0.0220158 -0.640017 -0.768047 0.0
MAT -0.0271913 0.767572 -0.640416 0.0
MAT -0.03639 1.6129 0.740569 1.0
VERTEX = 9
-0.160576 1.36749 0.0520325
-0.160629 1.35994 0.0585961
-0.160898 1.35338 0.0510532
-0.160845 1.36093 0.0444897
-0.165719 1.36125 0.051676
-0.165724 1.3605 0.0523324
-0.165751 1.35984 0.0515781
-0.165746 1.36059 0.0509217
-0.165735 1.36054 0.0516271
INDEX = 14
4 5 7
6 7 5
1 2 5
6 5 2
0 1 4
5 4 1
7 6 3
2 3 6
4 7 0
3 0 7
8 1 0
8 2 1
8 3 2
8 0 3
FACE-NORMAL = 14
0.999624 -0.0216178 -0.0168408
0.999624 -0.0216178 -0.0168408
0.672629 0.546307 -0.499118
0.67263 0.546306 -0.499118
0.648719 -0.502064 -0.571923
0.648719 -0.502064 -0.571923
0.688708 0.473135 0.549385
0.688708 0.473135 0.549385
0.664798 -0.57524 0.476595
0.664798 -0.57524 0.476595
-0.68782 0.479149 0.54527
-0.710566 -0.518181 0.476009
-0.725862 -0.448572 -0.521448
-0.703117 0.548763 -0.452201
BONE = 23
BONE_NAME = Ref_Weapon Right
PARENT_ID = 13
LOCALTM 
MAT 0.0537722 -1.51765 -0.0734392 0.0
MAT -1.49864 -0.0651189 0.248243 0.0
MAT -0.250996 0.0636496 -1.49827 0.0
MAT -0.569104 0.242814 0.183628 1.0
WORLDTM 
MAT 0.999607 -0.0216174 -0.0168405 0.0
MAT 0.0269055 0.655999 0.754284 0.0
MAT -0.00527672 -0.754458 0.656357 0.0
MAT -0.165735 1.36054 0.0516271 1.0
VERTEX = 9
0.106038 1.33278 0.0540984
0.106638 1.32796 0.0628404
0.106709 1.3192 0.0580092
0.106109 1.32402 0.0492672
0.101349 1.32649 0.056104
0.101409 1.32601 0.0569782
0.101416 1.32513 0.056495
0.101356 1.32562 0.0556208
0.101383 1.32581 0.0562995
INDEX = 14
4 5 7
6 7 5
1 2 5
6 5 2
0 1 4
5 4 1
7 6 3
2 3 6
4 7 0
3 0 7
8 1 0
8 2 1
8 3 2
8 0 3
FACE-NORMAL = 14
0.998173 0.0351669 -0.0491408
0.998173 0.0351669 -0.0491408
0.623142 0.381699 -0.682642
0.623142 0.381699 -0.682642
0.672986 -0.627253 -0.391973
0.672986 -0.627253 -0.391973
0.662498 0.674296 0.326221
0.662498 0.674296 0.326221
0.712343 -0.334654 0.616906
0.712343 -0.334654 0.616906
-0.710804 0.594229 0.376364
-0.663385 -0.365603 0.652882
-0.700825 -0.643955 -0.306865
-0.748245 0.315875 -0.583397
BONE = 24
BONE_NAME = Ref_Weapon Left
PARENT_ID = 13
LOCALTM 
MAT 0.0504726 -1.51931 0.0258428 0.0
MAT -1.32223 -0.031183 0.750036 0.0
MAT -0.749029 -0.0473276 -1.32233 0.0
MAT -0.543606 -0.160893 0.119221 1.0
WORLDTM 
MAT 0.998151 0.0351662 -0.0491397 0.0
MAT -0.00704983 0.875537 0.48312 0.0
MAT 0.0599969 -0.481884 0.874194 0.0
MAT 0.101383 1.32581 0.0562995 1.0
VERTEX = 9
-0.0381745 1.38561 -0.0966997
-0.0381268 1.38575 -0.0901243
-0.0384007 1.37918 -0.0899826
-0.0384484 1.37904 -0.0965581
-0.0415618 1.38285 -0.0936561
-0.041557 1.38286 -0.0929985
-0.0415844 1.38221 -0.0929844
-0.0415892 1.38219 -0.0936419
-0.0415731 1.38253 -0.0933202
INDEX = 14
4 5 7
6 7 5
1 2 5
6 5 2
0 1 4
5 4 1
7 6 3
2 3 6
4 7 0
3 0 7
8 1 0
8 2 1
8 3 2
8 0 3
FACE-NORMAL = 14
0.999107 -0.0417775 -0.0063725
0.999107 -0.0417775 -0.0063725
0.662976 -0.0437638 -0.74736
0.662976 -0.0437638 -0.74736
0.637418 -0.770428 0.011745
0.637418 -0.770428 0.011745
0.699316 0.714525 -0.0202708
0.699316 0.714526 -0.0202708
0.673758 -0.0121312 0.738852
0.673758 -0.0121312 0.738852
-0.677033 0.735874 -0.0107226
-0.701346 0.0445872 0.711425
-0.735916 -0.676785 0.0197345
-0.711605 0.0144948 -0.702431
BONE = 25
BONE_NAME = Ref_Weapon
PARENT_ID = 13
LOCALTM 
MAT 0.0369779 -0.996749 -0.0709211 0.0
MAT -0.503497 -0.0799041 0.860315 0.0
MAT -0.86325 0.00392786 -0.504818 0.0
MAT -0.396891 0.0502761 0.319997 1.0
WORLDTM 
MAT 0.657104 -0.0274767 -0.00419114 0.0
MAT 0.0273885 0.656993 -0.0141649 0.0
MAT 0.00476308 0.0139955 0.657545 0.0
MAT -0.0415731 1.38253 -0.0933202 1.0
VERTEX = 9
-0.00222662 1.11138 0.0729114
-0.00224478 1.12217 0.0876134
-0.00284268 1.11287 0.0944241
-0.00282452 1.10209 0.079722
-0.00749705 1.11226 0.0824362
-0.00749886 1.11334 0.0839064
-0.00755865 1.11241 0.0845874
-0.00755684 1.11133 0.0831172
-0.00752785 1.11233 0.0835118
INDEX = 14
4 5 7
6 7 5
1 2 5
6 5 2
0 1 4
5 4 1
7 6 3
2 3 6
4 7 0
3 0 7
8 1 0
8 2 1
8 3 2
8 0 3
FACE-NORMAL = 14
0.99866 -0.0412924 0.031186
0.99866 -0.0412924 0.031186
0.668717 -0.467243 -0.578361
0.668717 -0.467243 -0.578361
0.629574 -0.626365 0.459678
0.629574 -0.626365 0.459678
0.70656 0.571068 -0.417916
0.70656 0.571068 -0.417916
0.66742 0.412117 0.62025
0.66742 0.412117 0.62025
-0.669542 0.598791 -0.439504
-0.706766 0.447414 0.547998
-0.742774 -0.540346 0.395364
-0.705553 -0.389133 -0.592259
BONE = 26
BONE_NAME = Vol_Target
PARENT_ID = 13
LOCALTM 
MAT 0.00715456 -1.51416 -0.13703 0.0
MAT 0.144854 -0.157038 1.74106 0.0
MAT -2.76288 -0.0329169 0.22809 0.0
MAT -0.410782 0.0174185 -0.172409 1.0
WORLDTM 
MAT 0.99864 -0.0412916 0.0311854 0.0
MAT 0.0597905 0.929283 -0.681067 0.0
MAT -0.00181627 1.07863 1.4702 0.0
MAT -0.00752785 1.11233 0.0835118 1.0
VERTEX = 9
0.000182606 0.966322 0.104616
0.00121715 0.970631 0.0997551
0.0011057 0.965721 0.0953799
7.11479e-005 0.961413 0.100241
0.00384509 0.965667 0.100809
0.00394855 0.966097 0.100323
0.0039374 0.965606 0.0998857
0.00383395 0.965176 0.100372
0.00389125 0.965636 0.100347
INDEX = 14
4 5 7
6 7 5
1 2 5
6 5 2
0 1 4
5 4 1
7 6 3
2 3 6
4 7 0
3 0 7
8 1 0
8 2 1
8 3 2
8 0 3
FACE-NORMAL = 14
-0.987407 0.117158 -0.106311
-0.987407 0.117158 -0.106311
-0.777456 -0.40851 0.478207
-0.777456 -0.40851 0.478207
-0.673137 -0.476466 -0.565568
-0.673137 -0.476466 -0.565568
-0.647944 0.633214 0.423331
-0.647944 0.633214 0.423331
-0.543625 0.565261 -0.620445
-0.543624 0.565261 -0.620445
0.710185 0.444985 0.545551
0.809425 0.380338 -0.447408
0.686219 -0.61067 -0.395204
0.586978 -0.546026 0.597756
BONE = 27
BONE_NAME = ShoulderRt
PARENT_ID = 11
LOCALTM 
MAT 0.195409 0.117659 0.973628 0.0
MAT 0.735114 -0.67473 -0.0659956 0.0
MAT 0.649185 0.728626 -0.218346 0.0
MAT 0.301401 0.0236325 0.00216887 1.0
WORLDTM 
MAT -0.649419 0.077055 -0.0699206 0.0
MAT 0.0111458 0.490953 0.437516 0.0
MAT 0.103455 0.430824 -0.486075 0.0
MAT 0.00389125 0.965636 0.100347 1.0
VERTEX = 9
-0.427334 1.01406 0.0588751
-0.430469 1.01406 0.0530929
-0.424818 1.01267 0.0500295
-0.421684 1.01267 0.0558116
-0.425589 1.01665 0.0545629
-0.425903 1.01665 0.0539846
-0.425338 1.01651 0.0536783
-0.425024 1.01651 0.0542565
-0.425464 1.01658 0.0541206
INDEX = 14
4 5 7
6 7 5
1 2 5
6 5 2
0 1 4
5 4 1
7 6 3
2 3 6
4 7 0
3 0 7
8 1 0
8 2 1
8 3 2
8 0 3
FACE-NORMAL = 14
-0.186307 -0.9773 0.100867
-0.186307 -0.9773 0.100867
0.229599 -0.653867 0.720932
0.229599 -0.653867 0.720931
0.513977 -0.811256 -0.278731
0.513977 -0.811256 -0.278731
-0.763249 -0.496301 0.413687
-0.763249 -0.496301 0.413687
-0.478866 -0.653692 -0.585982
-0.478866 -0.653692 -0.585982
-0.47578 0.840865 0.258028
-0.205247 0.691139 -0.692965
0.739264 0.541244 -0.400679
0.468726 0.690972 0.550321
BONE = 28
BONE_NAME = ArmRT
PARENT_ID = 27
LOCALTM 
MAT 0.0587376 -0.665574 -0.744016 0.0
MAT 0.82365 0.45343 -0.340585 0.0
MAT 0.564051 -0.592802 0.574837 0.0
MAT 0.661136 0.0 -4.17233e-007 1.0
WORLDTM 
MAT -0.122536 -0.64278 0.0663411 0.0
MAT -0.565076 0.139347 0.306342 0.0
MAT -0.313443 7.91028e-005 -0.578213 0.0
MAT -0.425464 1.01658 0.0541206 1.0
VERTEX = 9
-0.514242 0.576996 0.0966697
-0.51033 0.582103 0.0980357
-0.505088 0.578578 0.0962041
-0.509 0.573471 0.0948381
-0.509778 0.576619 0.0995439
-0.509386 0.57713 0.0996805
-0.508862 0.576777 0.0994974
-0.509254 0.576266 0.0993608
-0.50932 0.576698 0.0995206
INDEX = 14
4 5 7
6 7 5
1 2 5
6 5 2
0 1 4
5 4 1
7 6 3
2 3 6
4 7 0
3 0 7
8 1 0
8 2 1
8 3 2
8 0 3
FACE-NORMAL = 14
-0.104948 0.331157 -0.937721
-0.104948 0.331157 -0.937721
-0.512325 -0.355689 -0.78167
-0.512325 -0.355689 -0.78167
0.522176 -0.176868 -0.834296
0.522176 -0.176868 -0.834296
-0.662589 0.619933 -0.420309
-0.662589 0.619932 -0.420309
0.371914 0.798758 -0.472934
0.371914 0.798758 -0.472933
-0.489333 0.144841 0.859985
0.494803 0.314956 0.809921
0.637752 -0.613167 0.466153
-0.346387 -0.783286 0.516216
BONE = 29
BONE_NAME = ForeArmRt
PARENT_ID = 28
LOCALTM 
MAT -0.39867 -0.276442 0.87444 0.0
MAT -0.347241 0.927991 0.135053 0.0
MAT -0.84882 -0.249787 -0.465967 0.0
MAT 0.684344 -1.19209e-007 0.0 1.0
WORLDTM 
MAT -0.0690253 0.217805 -0.616747 0.0
MAT -0.524167 0.352523 0.183158 0.0
MAT 0.391214 0.51076 0.136596 0.0
MAT -0.50932 0.576698 0.0995206 1.0
VERTEX = 9
-0.57442 0.771545 -0.463201
-0.577199 0.774389 -0.46844
-0.57126 0.775206 -0.471146
-0.568482 0.772361 -0.465907
-0.572738 0.776129 -0.465319
-0.573016 0.776414 -0.465843
-0.572422 0.776495 -0.466114
-0.572144 0.776211 -0.46559
-0.57258 0.776312 -0.465716
INDEX = 14
4 5 7
6 7 5
1 2 5
6 5 2
0 1 4
5 4 1
7 6 3
2 3 6
4 7 0
3 0 7
8 1 0
8 2 1
8 3 2
8 0 3
FACE-NORMAL = 14
-0.0790254 -0.893046 -0.442971
-0.0790254 -0.893046 -0.442971
0.261111 -0.91889 0.29574
0.261111 -0.91889 0.29574
0.618279 -0.505133 -0.60214
0.618279 -0.505133 -0.60214
-0.72403 -0.689703 0.00948533
-0.72403 -0.689703 0.00948545
-0.366848 -0.275937 -0.888415
-0.366848 -0.275937 -0.888415
-0.58259 0.543687 0.604147
-0.242811 0.937301 -0.25002
0.694369 0.719274 0.0222996
0.354576 0.325652 0.876486
BONE = 30
BONE_NAME = HandRt
PARENT_ID = 29
LOCALTM 
MAT 0.127938 -0.539051 -0.832537 0.0
MAT -0.33215 0.767648 -0.548039 0.0
MAT 0.934499 0.346652 -0.0808167 0.0
MAT 0.916481 1.19209e-007 4.17233e-007 1.0
WORLDTM 
MAT -0.0519779 -0.587389 -0.291358 0.0
MAT -0.593849 -0.0816473 0.270593 0.0
MAT -0.277824 0.284463 -0.523897 0.0
MAT -0.57258 0.776312 -0.465716 1.0
VERTEX = 9
-0.797609 0.0844804 -0.867758
-0.798383 0.0774426 -0.860696
-0.801339 0.07084 -0.867599
-0.800565 0.0778778 -0.874661
-0.801597 0.0789778 -0.867305
-0.801675 0.0782741 -0.866599
-0.80197 0.0776138 -0.867289
-0.801893 0.0783176 -0.867995
-0.801784 0.0782958 -0.867297
INDEX = 14
4 5 7
6 7 5
1 2 5
6 5 2
0 1 4
5 4 1
7 6 3
2 3 6
4 7 0
3 0 7
8 1 0
8 2 1
8 3 2
8 0 3
FACE-NORMAL = 14
0.952176 -0.262009 -0.157201
0.952176 -0.262009 -0.157201
0.69437 0.347791 -0.629993
0.69437 0.347791 -0.629993
0.417215 -0.666058 -0.618303
0.417215 -0.666057 -0.618303
0.856734 0.315518 0.40799
0.856734 0.315518 0.40799
0.579559 -0.698479 0.419808
0.579559 -0.698479 0.419808
-0.464231 0.652157 0.599317
-0.727884 -0.312334 0.610436
-0.882353 -0.28163 -0.377011
-0.618681 0.683003 -0.388252
BONE = 31
BONE_NAME = HitTestFuzzy02
PARENT_ID = 30
LOCALTM 
MAT 0.168441 -0.657992 -0.287941 0.0
MAT -1.39694 -0.0986964 -0.591792 0.0
MAT 0.48924 0.680834 -1.26842 0.0
MAT 1.24574 0.195255 0.174574 1.0
WORLDTM 
MAT 0.46199 -0.127125 -0.0762731 0.0
MAT 0.295635 0.660263 0.690341 0.0
MAT -0.0773451 -0.70378 0.706206 0.0
MAT -0.801784 0.0782958 -0.867297 1.0
VERTEX = 9
0.00822101 0.961949 0.100025
0.00623363 0.965907 0.0951625
0.00581729 0.970913 0.0994077
0.00780467 0.966956 0.10427
0.00401146 0.965188 0.100378
0.00381272 0.965584 0.0998921
0.00377109 0.966084 0.100317
0.00396983 0.965689 0.100803
0.00389127 0.965636 0.100347
INDEX = 14
4 5 7
6 7 5
1 2 5
6 5 2
0 1 4
5 4 1
7 6 3
2 3 6
4 7 0
3 0 7
8 1 0
8 2 1
8 3 2
8 0 3
FACE-NORMAL = 14
0.951153 0.241826 -0.191908
0.951153 0.241826 -0.191908
0.860884 -0.285512 0.421143
0.860884 -0.285512 0.421143
0.589237 0.727552 0.35138
0.589237 0.727552 0.35138
0.683338 -0.404002 -0.608137
0.683338 -0.404003 -0.608137
0.41169 0.609061 -0.677906
0.41169 0.609061 -0.677906
-0.627807 -0.709231 -0.320703
-0.886228 0.254512 -0.38707
-0.717326 0.367234 0.5921
-0.458903 -0.596509 0.658472
BONE = 32
BONE_NAME = ShoulderLft
PARENT_ID = 11
LOCALTM 
MAT 0.168729 0.176458 -0.969729 0.0
MAT -0.7563 0.654111 -0.0125725 0.0
MAT 0.632093 0.73554 0.243828 0.0
MAT 0.301401 0.0236324 0.00216888 1.0
WORLDTM 
MAT 0.625575 0.15905 -0.126218 0.0
MAT 0.0416344 -0.50063 -0.424517 0.0
MAT -0.198738 0.395785 -0.48625 0.0
MAT 0.00389127 0.965636 0.100347 1.0
VERTEX = 9
0.369698 1.05373 0.0286328
0.369084 1.05522 0.0222571
0.374762 1.05853 0.0224861
0.375376 1.05704 0.0288617
0.370346 1.05863 0.0266663
0.370285 1.05878 0.0260287
0.370853 1.05911 0.0260516
0.370914 1.05896 0.0266892
0.3706 1.05887 0.0263589
INDEX = 14
4 5 7
6 7 5
1 2 5
6 5 2
0 1 4
5 4 1
7 6 3
2 3 6
4 7 0
3 0 7
8 1 0
8 2 1
8 3 2
8 0 3
FACE-NORMAL = 14
0.495795 -0.833714 -0.243124
0.495795 -0.833714 -0.243124
0.401068 -0.726578 0.557879
0.401068 -0.726578 0.557879
0.973435 -0.183623 -0.13677
0.973435 -0.183623 -0.13677
-0.310098 -0.931827 -0.188513
-0.310098 -0.931827 -0.188513
0.262269 -0.388869 -0.883174
0.262268 -0.388869 -0.883174
-0.961102 0.233636 0.147303
-0.4166 0.750156 -0.513527
0.259943 0.945414 0.196527
-0.284558 0.42889 0.857368
BONE = 33
BONE_NAME = ArmLft
PARENT_ID = 32
LOCALTM 
MAT 0.316614 0.822911 -0.471771 0.0
MAT -0.93627 0.350914 -0.0162516 0.0
MAT 0.152161 0.446837 0.881581 0.0
MAT 0.586194 1.19209e-007 0.0 1.0
WORLDTM 
MAT 0.326086 -0.548336 -0.159904 0.0
MAT -0.567867 -0.331024 -0.0228923 0.0
MAT -0.0614119 0.149417 -0.637565 0.0
MAT 0.3706 1.05887 0.0263589 1.0
VERTEX = 9
0.602526 0.663231 -0.093045
0.598816 0.666757 -0.0889142
0.603505 0.671359 -0.0886317
0.607215 0.667834 -0.0927625
0.604336 0.665336 -0.0885038
0.603965 0.665689 -0.0880907
0.604434 0.666149 -0.0880625
0.604805 0.665797 -0.0884755
0.604385 0.665743 -0.0882831
INDEX = 14
4 5 7
6 7 5
1 2 5
6 5 2
0 1 4
5 4 1
7 6 3
2 3 6
4 7 0
3 0 7
8 1 0
8 2 1
8 3 2
8 0 3
FACE-NORMAL = 14
-0.4165 0.472004 -0.777007
-0.4165 0.472004 -0.777007
0.140622 -0.0827169 -0.986602
0.140622 -0.0827168 -0.986602
0.251358 0.835943 -0.487871
0.251357 0.835943 -0.487871
-0.808595 -0.204426 -0.55171
-0.808595 -0.204426 -0.55171
-0.69789 0.714244 -0.0529563
-0.69789 0.714244 -0.0529561
-0.209669 -0.828621 0.519062
-0.104326 0.0453149 0.99351
0.798679 0.161098 0.579792
0.693365 -0.712848 0.105322
