EXPORTER_V17
ANIMATION_EXPORT
BONEOBJECT_COUNT = 45
VERTEX = 9
-0.0059653 0.534319 -0.0824935
-0.0059653 0.538162 -0.0878307
0.000610434 0.53827 -0.0877533
0.000610433 0.534426 -0.0824161
-0.00307242 0.538765 -0.0829391
-0.00307242 0.539149 -0.0834728
-0.00241484 0.53916 -0.0834651
-0.00241484 0.538775 -0.0829314
-0.00274363 0.538962 -0.0832021
INDEX = 14
4 5 7
6 7 5
1 2 5
6 5 2
0 1 4
5 4 1
7 6 3
2 3 6
4 7 0
3 0 7
8 1 0
8 2 1
8 3 2
8 0 3
FACE-NORMAL = 14
0.0201302 -0.811326 -0.584247
0.0201302 -0.811326 -0.584247
0.0134663 -0.977104 0.212336
0.0134663 -0.977104 0.212335
0.75661 -0.530607 -0.382097
0.75661 -0.530607 -0.382097
-0.729677 -0.554891 -0.399584
-0.729677 -0.554891 -0.399584
0.0134665 -0.108393 -0.994017
0.0134665 -0.108393 -0.994017
-0.721198 0.562143 0.404807
-0.0142341 0.986903 -0.160686
0.692729 0.585245 0.421443
-0.0142343 0.160485 0.986936
BONE = 0
BONE_NAME = Root
PARENT_ID = -1
LOCALTM 
MAT 0.0132398 -0.533614 -0.384263 0.0
MAT -0.657573 -0.0107439 -0.00773694 0.0
MAT 0.0 0.384341 -0.533722 0.0
MAT -0.00274363 0.538962 -0.0832021 1.0
WORLDTM 
MAT 0.0132398 -0.533614 -0.384263 0.0
MAT -0.657573 -0.0107439 -0.00773694 0.0
MAT 0.0 0.384341 -0.533722 0.0
MAT -0.00274363 0.538962 -0.0832021 1.0
VERTEX = 9
0.00275559 0.446119 -0.145193
-0.00382141 0.446094 -0.145204
-0.00382142 0.448618 -0.151277
0.00275559 0.448643 -0.151267
-0.00021754 0.45028 -0.146669
-0.000875241 0.450278 -0.14667
-0.000875241 0.45053 -0.147277
-0.000217541 0.450533 -0.147276
-0.000546391 0.450405 -0.146973
INDEX = 14
4 5 7
6 7 5
1 2 5
6 5 2
0 1 4
5 4 1
7 6 3
2 3 6
4 7 0
3 0 7
8 1 0
8 2 1
8 3 2
8 0 3
FACE-NORMAL = 14
0.00409825 -0.923431 -0.383743
0.00409825 -0.923431 -0.383743
0.746029 -0.61493 -0.255542
0.746029 -0.61493 -0.255542
0.00274104 -0.332507 -0.943097
0.00274104 -0.332507 -0.943097
0.00274212 -0.902979 0.429676
0.00274212 -0.902979 0.429676
-0.740546 -0.620556 -0.257879
-0.740546 -0.620556 -0.257879
-0.00289739 0.381615 0.924317
-0.709999 0.650288 0.270235
-0.00289841 0.924314 -0.381623
0.704203 0.65564 0.272459
BONE = 1
BONE_NAME = Tail01
PARENT_ID = 0
LOCALTM 
MAT 0.973487 0.0155013 -0.228218 0.0
MAT -0.228173 -0.00459498 -0.97361 0.0
MAT -0.0161409 0.999869 -0.000935971 0.0
MAT 0.165957 0.0 -1.19209e-007 1.0
WORLDTM 
MAT 0.00269544 -0.607346 -0.25239 0.0
MAT 4.76837e-007 -0.252392 0.607351 0.0
MAT -0.6577 -0.00248919 -0.00103404 0.0
MAT -0.000546391 0.450405 -0.146973 1.0
VERTEX = 9
0.00335889 0.252321 -0.224185
-0.00320357 0.252628 -0.224497
-0.00313338 0.248748 -0.229807
0.00342908 0.24844 -0.229495
0.000653526 0.253364 -0.228649
-2.71996e-006 0.253394 -0.22868
4.29942e-006 0.253006 -0.229211
0.000660545 0.252976 -0.22918
0.000328913 0.253185 -0.22893
INDEX = 14
4 5 7
6 7 5
1 2 5
6 5 2
0 1 4
5 4 1
7 6 3
2 3 6
4 7 0
3 0 7
8 1 0
8 2 1
8 3 2
8 0 3
FACE-NORMAL = 14
-0.0657302 -0.806034 0.588208
-0.0657302 -0.806034 0.588208
0.697673 -0.573985 0.428711
0.697673 -0.573986 0.428711
-0.0360383 -0.977764 -0.206586
-0.0360383 -0.977764 -0.206586
-0.051904 -0.100653 0.993567
-0.051904 -0.100652 0.993567
-0.785615 -0.504432 0.358269
-0.785616 -0.504432 0.358269
0.0389316 0.987157 0.154936
-0.659059 0.603036 -0.449432
0.0540249 0.152747 -0.986787
0.752016 0.536869 -0.38242
BONE = 2
BONE_NAME = Tail02
PARENT_ID = 1
LOCALTM 
MAT 0.518327 0.852486 0.0678556 0.0
MAT -0.854687 0.519094 0.00717027 0.0
MAT -0.0291108 -0.0617121 0.997669 0.0
MAT 0.324725 1.19209e-007 0.0 1.0
WORLDTM 
MAT -0.0432311 -0.530134 0.386868 0.0
MAT -0.0070194 0.388058 0.530979 0.0
MAT -0.656246 0.0307726 -0.0311653 0.0
MAT 0.000328913 0.253185 -0.22893 1.0
VERTEX = 9
-0.0122255 0.0563552 -0.0802043
-0.0187186 0.0563815 -0.0791574
-0.0187186 0.0498066 -0.0789919
-0.0122254 0.0497803 -0.0800388
-0.015671 0.0533266 -0.0829043
-0.0163203 0.0533293 -0.0827996
-0.0163203 0.0526718 -0.082783
-0.015671 0.0526691 -0.0828877
-0.0159957 0.0529992 -0.0828436
INDEX = 14
4 5 7
6 7 5
1 2 5
6 5 2
0 1 4
5 4 1
7 6 3
2 3 6
4 7 0
3 0 7
8 1 0
8 2 1
8 3 2
8 0 3
FACE-NORMAL = 14
0.15923 0.0248452 0.986929
0.15923 0.0248452 0.986929
0.84033 0.0136458 0.541904
0.84033 0.0136458 0.541904
0.106523 -0.726438 0.678926
0.106523 -0.726438 0.678926
0.106516 0.759679 0.641515
0.106516 0.759679 0.641515
-0.627292 0.0195954 0.778538
-0.627292 0.0195954 0.778538
-0.112596 0.689314 -0.715659
-0.810677 -0.0147383 -0.585307
-0.112589 -0.724451 -0.680069
0.585493 -0.0203982 -0.810421
BONE = 3
BONE_NAME = Tail03
PARENT_ID = 2
LOCALTM 
MAT 0.550027 0.809728 -0.204479 0.0
MAT -0.82058 0.569512 0.0479701 0.0
MAT 0.155296 0.141406 0.977694 0.0
MAT 0.377614 0.0 -1.52737e-007 1.0
WORLDTM 
MAT 0.104727 0.0163409 0.649109 0.0
MAT -3.21865e-006 0.657497 -0.0165517 0.0
MAT -0.649314 0.00263223 0.104693 0.0
MAT -0.0159957 0.0529992 -0.0828436 1.0
VERTEX = 9
0.0369271 0.0639074 0.222862
0.0305477 0.063897 0.224461
0.0305477 0.0573201 0.224419
0.0369271 0.0573305 0.222819
0.0332564 0.0609638 0.220373
0.0326184 0.0609627 0.220533
0.0326184 0.0603051 0.220528
0.0332564 0.0603061 0.220368
0.0329374 0.0606344 0.220451
INDEX = 14
4 5 7
6 7 5
1 2 5
6 5 2
0 1 4
5 4 1
7 6 3
2 3 6
4 7 0
3 0 7
8 1 0
8 2 1
8 3 2
8 0 3
FACE-NORMAL = 14
0.243262 -0.00629318 0.96994
0.243262 -0.00629318 0.96994
0.883699 -0.00303429 0.468046
0.883699 -0.00303429 0.468046
0.162736 -0.747488 0.644033
0.162736 -0.747488 0.644033
0.162732 0.739069 0.653678
0.162732 0.739069 0.653678
-0.558233 -0.00538555 0.829666
-0.558234 -0.00538555 0.829666
-0.172014 0.711541 -0.681264
-0.857877 0.00333156 -0.513844
-0.172011 -0.702643 -0.690439
0.513855 0.00556835 -0.857859
BONE = 4
BONE_NAME = Tail04
PARENT_ID = 3
LOCALTM 
MAT 0.995841 -0.0307015 -0.0857892 0.0
MAT 0.0312467 0.999499 0.00503775 0.0
MAT 0.085589 -0.00769788 0.996299 0.0
MAT 0.467247 0.0 1.66707e-007 1.0
WORLDTM 
MAT 0.159995 -0.00413907 0.637936 0.0
MAT -1.93715e-006 0.657691 0.00426649 0.0
MAT -0.637948 -0.00104025 0.159989 0.0
MAT 0.0329374 0.0606344 0.220451 1.0
VERTEX = 9
0.0995723 0.0627059 0.482614
0.0934531 0.0624347 0.480218
0.0934532 0.0558993 0.480958
0.0995724 0.0561706 0.483354
0.0980243 0.0592989 0.478829
0.0974124 0.0592717 0.478589
0.0974124 0.0586182 0.478663
0.0980243 0.0586453 0.478903
0.0977183 0.0589585 0.478746
INDEX = 14
4 5 7
6 7 5
1 2 5
6 5 2
0 1 4
5 4 1
7 6 3
2 3 6
4 7 0
3 0 7
8 1 0
8 2 1
8 3 2
8 0 3
FACE-NORMAL = 14
-0.366595 0.104632 0.924478
-0.366595 0.104632 0.924478
0.446304 0.10065 0.889203
0.446304 0.10065 0.889203
-0.245229 -0.668582 0.70204
-0.245229 -0.668582 0.70204
-0.245249 0.808574 0.534846
-0.245249 0.808574 0.534846
-0.936787 0.0393395 0.347682
-0.936787 0.0393395 0.347681
0.259212 0.628633 -0.733232
-0.398653 -0.103149 -0.911283
0.259231 -0.776607 -0.574178
0.917102 -0.0448229 -0.396125
BONE = 5
BONE_NAME = Tail05
PARENT_ID = 4
LOCALTM 
MAT 0.806852 0.11063 0.580305 0.0
MAT -0.115343 0.992905 -0.0289177 0.0
MAT -0.579387 -0.0436028 0.813884 0.0
MAT 0.404892 0.0 0.0 1.0
WORLDTM 
MAT -0.241112 0.068817 0.608034 0.0
MAT -8.32975e-006 0.653533 -0.0739718 0.0
MAT -0.611914 -0.0271257 -0.239585 0.0
MAT 0.0977183 0.0589585 0.478746 1.0
VERTEX = 9
-0.0240447 0.0974188 0.796054
-0.0304291 0.0975218 0.794477
-0.030429 0.0909588 0.794048
-0.0240446 0.0908558 0.795625
-0.0261275 0.0947202 0.791966
-0.026766 0.0947305 0.791808
-0.026766 0.0940742 0.791765
-0.0261275 0.0940639 0.791923
-0.0264467 0.0943972 0.791865
INDEX = 14
4 5 7
6 7 5
1 2 5
6 5 2
0 1 4
5 4 1
7 6 3
2 3 6
4 7 0
3 0 7
8 1 0
8 2 1
8 3 2
8 0 3
FACE-NORMAL = 14
-0.240264 -0.0633809 0.968636
-0.240264 -0.0633809 0.968636
0.560788 -0.0540434 0.826194
0.560788 -0.0540434 0.826194
-0.160715 -0.784106 0.599457
-0.160715 -0.784106 0.599457
-0.160742 0.69931 0.696511
-0.160741 0.699311 0.69651
-0.882252 -0.0307556 0.469771
-0.882252 -0.0307556 0.469771
0.16988 0.750414 -0.638765
-0.516497 0.0558939 -0.854463
0.169905 -0.660783 -0.731094
0.856289 0.03374 -0.515394
BONE = 6
BONE_NAME = Tail06
PARENT_ID = 5
LOCALTM 
MAT 0.976931 -0.171915 -0.126692 0.0
MAT 0.164771 0.984193 -0.0649192 0.0
MAT 0.135846 0.0425446 0.989816 0.0
MAT 0.51497 0.0 -2.68221e-007 1.0
WORLDTM 
MAT -0.158023 -0.041686 0.637078 0.0
MAT -1.14739e-005 0.656302 0.0429378 0.0
MAT -0.638437 0.0103033 -0.157694 0.0
MAT -0.0264467 0.0943972 0.791865 1.0
VERTEX = 9
-0.0950565 0.077998 1.08744
-0.1015 0.0779136 1.08875
-0.101636 0.0714279 1.08767
-0.0951929 0.0715122 1.08635
-0.0986731 0.0755859 1.08436
-0.0993174 0.0755774 1.0845
-0.0993311 0.0749289 1.08439
-0.0986867 0.0749373 1.08426
-0.0990021 0.0752574 1.08438
INDEX = 14
4 5 7
6 7 5
1 2 5
6 5 2
0 1 4
5 4 1
7 6 3
2 3 6
4 7 0
3 0 7
8 1 0
8 2 1
8 3 2
8 0 3
FACE-NORMAL = 14
0.199355 -0.16556 0.96584
0.199355 -0.16556 0.96584
0.86157 -0.101223 0.497444
0.86157 -0.101223 0.497444
0.117948 -0.843726 0.523655
0.117948 -0.843726 0.523655
0.148775 0.622224 0.768572
0.148775 0.622224 0.768572
-0.594854 -0.120286 0.794783
-0.594854 -0.120286 0.794783
-0.126302 0.814356 -0.566456
-0.833721 0.108001 -0.541521
-0.155629 -0.580224 -0.79945
0.551797 0.126136 -0.824385
BONE = 7
BONE_NAME = TailTIP
PARENT_ID = 6
LOCALTM 
MAT 0.898142 -0.102155 -0.427676 0.0
MAT 0.0921014 0.994769 -0.0441766 0.0
MAT 0.429946 0.000284758 0.902854 0.0
MAT 0.459144 0.0 0.0 1.0
WORLDTM 
MAT 0.131118 -0.108891 0.635242 0.0
MAT 0.0136384 0.648574 0.108355 0.0
MAT -0.644357 -0.00843346 0.131547 0.0
MAT -0.0990021 0.0752574 1.08438 1.0
VERTEX = 9
-0.0021232 0.552622 -0.0737213
-0.0021232 0.559199 -0.0737213
0.00445387 0.559199 -0.0737213
0.00445387 0.552622 -0.0737213
0.000836483 0.555581 -0.0704328
0.000836483 0.556239 -0.0704328
0.00149419 0.556239 -0.0704328
0.00149419 0.555581 -0.0704328
0.00116534 0.55591 -0.0704328
INDEX = 14
4 5 7
6 7 5
1 2 5
6 5 2
0 1 4
5 4 1
7 6 3
2 3 6
4 7 0
3 0 7
8 1 0
8 2 1
8 3 2
8 0 3
FACE-NORMAL = 14
-7.25001e-007 -1.89746e-007 -1.0
-7.25001e-007 -1.89746e-007 -1.0
-4.51319e-007 -0.743294 -0.668965
-4.51319e-007 -0.743294 -0.668965
0.743294 -3.62697e-007 -0.668965
0.743294 -3.62697e-007 -0.668965
-0.743295 0.0 -0.668964
-0.743295 0.0 -0.668964
-5.18681e-007 0.743294 -0.668965
-5.1868e-007 0.743294 -0.668965
-0.707106 3.58456e-007 0.707107
4.80612e-007 0.707107 0.707107
0.707107 0.0 0.707106
5.44694e-007 -0.707107 0.707107
BONE = 8
BONE_NAME = Dummy01
PARENT_ID = 0
LOCALTM 
MAT 0.584247 0.0117642 0.81149 0.0
MAT -0.0201309 0.999798 -5.79461e-007 0.0
MAT -0.811326 -0.0163353 0.584366 0.0
MAT -0.03213 -0.00659145 -0.000696898 1.0
WORLDTM 
MAT -4.76837e-007 -1.24797e-007 -0.657706 0.0
MAT -0.657707 2.08616e-007 4.89876e-007 0.0
MAT 0.0 0.657706 0.0 0.0
MAT 0.00116534 0.55591 -0.0704328 1.0
VERTEX = 9
0.00443083 0.56057 -0.0706813
-0.00214608 0.56054 -0.0706473
-0.00210016 0.556126 -0.0657709
0.00447675 0.556157 -0.065805
0.00149189 0.556132 -0.0706783
0.000834195 0.556129 -0.0706749
0.000838786 0.555688 -0.0701873
0.00149648 0.555691 -0.0701907
0.00116534 0.55591 -0.0704328
INDEX = 14
4 5 7
6 7 5
1 2 5
6 5 2
0 1 4
5 4 1
7 6 3
2 3 6
4 7 0
3 0 7
8 1 0
8 2 1
8 3 2
8 0 3
FACE-NORMAL = 14
-6.1172e-007 0.741434 0.671026
-6.1172e-007 0.741434 0.671026
0.743276 0.499475 0.445045
0.743276 0.499475 0.445045
0.00518844 -0.00276333 0.999983
0.00518844 -0.00276318 0.999983
-0.00518926 0.99475 -0.102198
-0.00518926 0.99475 -0.102198
-0.743276 0.492512 0.45274
-0.743276 0.492512 0.45274
-0.0049358 -0.0497985 -0.998747
-0.70709 -0.527585 -0.470827
0.00493667 -0.998748 0.0497742
0.707089 -0.520961 -0.478147
BONE = 9
BONE_NAME = SpineUp01
PARENT_ID = 8
LOCALTM 
MAT -0.671025 1.06462e-006 0.741433 0.0
MAT 0.741418 0.00698032 0.671009 0.0
MAT -0.00517553 0.999976 -0.00468389 0.0
MAT 0.0 0.0 0.0 1.0
WORLDTM 
MAT -4.02331e-007 0.487645 0.441337 0.0
MAT -0.00459138 0.441327 -0.487635 0.0
MAT -0.657691 -0.00308041 0.00340447 0.0
MAT 0.00116534 0.55591 -0.0704328 1.0
VERTEX = 9
0.00485145 0.654161 0.0140834
-0.00168794 0.654775 0.0144263
-0.0018328 0.65046 0.0193879
0.00470659 0.649846 0.019045
0.00149954 0.650033 0.0143186
0.000845604 0.650094 0.0143528
0.000831118 0.649663 0.014849
0.00148506 0.649601 0.0148147
0.00116533 0.649848 0.0145838
INDEX = 14
4 5 7
6 7 5
1 2 5
6 5 2
0 1 4
5 4 1
7 6 3
2 3 6
4 7 0
3 0 7
8 1 0
8 2 1
8 3 2
8 0 3
FACE-NORMAL = 14
0.104605 0.748912 0.654361
0.104605 0.748912 0.654361
0.809012 0.431629 0.398994
0.809012 0.431629 0.398994
0.0536056 0.013348 0.998473
0.0536056 0.0133481 0.998473
0.0863483 0.988645 -0.122985
0.0863483 0.988645 -0.122985
-0.669058 0.570363 0.476495
-0.669058 0.570363 0.476495
-0.0583925 -0.0656542 -0.996132
-0.777022 -0.463571 -0.425839
-0.0895411 -0.993469 0.0707275
0.629088 -0.595551 -0.499567
BONE = 10
BONE_NAME = SpineUp02
PARENT_ID = 9
LOCALTM 
MAT 0.994361 0.0166433 -0.104724 0.0
MAT -0.0197826 0.999383 -0.0290025 0.0
MAT 0.104176 0.0309097 0.99408 0.0
MAT 0.192634 2.98023e-007 0.0 1.0
WORLDTM 
MAT 0.0687991 0.492563 0.430376 0.0
MAT 0.0144862 0.431497 -0.496163 0.0
MAT -0.653939 0.06138 0.0342884 0.0
MAT 0.00116533 0.649848 0.0145838 1.0
VERTEX = 9
0.0236162 0.79276 0.133028
0.0170599 0.792246 0.13312
0.0171454 0.792329 0.139696
0.0237017 0.792843 0.139604
0.0209621 0.789288 0.136067
0.0203064 0.789237 0.136076
0.020315 0.789245 0.136734
0.0209706 0.789296 0.136724
0.0206385 0.789266 0.1364
INDEX = 14
4 5 7
6 7 5
1 2 5
6 5 2
0 1 4
5 4 1
7 6 3
2 3 6
4 7 0
3 0 7
8 1 0
8 2 1
8 3 2
8 0 3
FACE-NORMAL = 14
-0.0783773 0.996857 -0.0115429
-0.0783773 0.996857 -0.0115429
0.688513 0.724998 -0.0180945
0.688513 0.724998 -0.0180945
-0.0427662 0.676227 0.735451
-0.0427662 0.676227 0.735451
-0.0620971 0.657497 -0.750894
-0.0620971 0.657497 -0.750894
-0.793376 0.608726 0.00265086
-0.793376 0.608726 0.00265086
0.0462262 -0.713794 -0.698829
-0.649451 -0.76019 0.0180298
0.064616 -0.695975 0.715153
0.760292 -0.649579 -0.00170559
BONE = 11
BONE_NAME = SpineUp03
PARENT_ID = 10
LOCALTM 
MAT 0.730807 0.660983 0.170357 0.0
MAT -0.665048 0.745706 -0.0403704 0.0
MAT -0.153719 -0.0837959 0.984557 0.0
MAT 0.283047 4.76837e-007 2.90573e-007 1.0
WORLDTM 
MAT -0.0515491 0.655638 -0.00759185 0.0
MAT -0.00855249 -0.00828668 -0.657597 0.0
MAT -0.65563 -0.0514419 0.00917834 0.0
MAT 0.0206385 0.789266 0.1364 1.0
VERTEX = 9
0.00303618 0.974464 0.138649
0.00277226 0.980685 0.140766
0.00934346 0.980962 0.140771
0.00960737 0.974741 0.138654
0.00591673 0.976331 0.142717
0.00589034 0.976953 0.142929
0.00654746 0.97698 0.142929
0.00657385 0.976358 0.142718
0.00623209 0.976656 0.142823
INDEX = 14
4 5 7
6 7 5
1 2 5
6 5 2
0 1 4
5 4 1
7 6 3
2 3 6
4 7 0
3 0 7
8 1 0
8 2 1
8 3 2
8 0 3
FACE-NORMAL = 14
-0.0128559 0.321612 -0.946784
-0.0128559 0.321612 -0.946784
0.0212259 -0.487961 -0.872607
0.0212259 -0.487961 -0.872607
0.734031 0.246465 -0.632814
0.734031 0.246465 -0.632814
-0.751237 0.183829 -0.633917
-0.751237 0.183829 -0.633917
-0.0384262 0.918254 -0.394124
-0.0384262 0.918254 -0.394124
-0.697385 -0.257207 0.668953
-0.0192835 0.441463 0.897072
0.715572 -0.19762 0.670002
0.0374644 -0.89629 0.441884
BONE = 12
BONE_NAME = Neck01
PARENT_ID = 11
LOCALTM 
MAT 0.332539 0.942748 -0.0255471 0.0
MAT 0.0363125 0.014266 0.999231 0.0
MAT 0.942395 -0.333211 -0.0294955 0.0
MAT 0.285622 -0.0130695 -0.000313252 1.0
WORLDTM 
MAT -0.00845546 0.211527 -0.622708 0.0
MAT -0.65712 -0.0277127 -0.000485673 0.0
MAT -0.0263917 0.622148 0.211693 0.0
MAT 0.00623209 0.976656 0.142823 1.0
VERTEX = 9
-0.00138596 1.08437 -0.188997
-0.00164063 1.08997 -0.192435
0.00493112 1.09022 -0.192514
0.00518579 1.08462 -0.189076
0.00142479 1.08872 -0.187776
0.00139932 1.08928 -0.18812
0.0020565 1.08931 -0.188128
0.00208196 1.08875 -0.187784
0.00174064 1.08902 -0.187952
INDEX = 14
4 5 7
6 7 5
1 2 5
6 5 2
0 1 4
5 4 1
7 6 3
2 3 6
4 7 0
3 0 7
8 1 0
8 2 1
8 3 2
8 0 3
FACE-NORMAL = 14
0.00971064 -0.522827 -0.852383
0.00971064 -0.522827 -0.852383
0.0352773 -0.982734 -0.18163
0.0352773 -0.982734 -0.18163
0.749192 -0.321444 -0.579124
0.749192 -0.321444 -0.579124
-0.73621 -0.378062 -0.561305
-0.736211 -0.378062 -0.561305
-0.0222849 0.283222 -0.958795
-0.0222849 0.283222 -0.958795
-0.713404 0.342764 0.611201
-0.0342465 0.971859 0.23306
0.699681 0.396626 0.594251
0.0205133 -0.232464 0.972389
BONE = 13
BONE_NAME = Neck02
PARENT_ID = 12
LOCALTM 
MAT 0.638756 0.012959 -0.76931 0.0
MAT -0.0107479 0.999903 0.00793501 0.0
MAT 0.769344 0.00319913 0.638827 0.0
MAT 0.531189 0.0 0.0 1.0
WORLDTM 
MAT 0.0063868 -0.34387 -0.560622 0.0
MAT -0.657175 -0.0250468 0.00788696 0.0
MAT -0.0254671 0.560093 -0.343842 0.0
MAT 0.00174064 1.08902 -0.187952 1.0
VERTEX = 9
0.0014382 0.935121 -0.429695
0.00131556 0.936643 -0.436092
0.00788542 0.936942 -0.436147
0.00800806 0.93542 -0.42975
0.0042004 0.939137 -0.431835
0.00418814 0.939289 -0.432475
0.00484512 0.939319 -0.43248
0.00485739 0.939167 -0.431841
0.00452276 0.939228 -0.432158
INDEX = 14
4 5 7
6 7 5
1 2 5
6 5 2
0 1 4
5 4 1
7 6 3
2 3 6
4 7 0
3 0 7
8 1 0
8 2 1
8 3 2
8 0 3
FACE-NORMAL = 14
0.0422819 -0.971789 -0.232032
0.0422819 -0.971789 -0.232032
0.0421453 -0.822109 0.567768
0.0421453 -0.822109 0.567768
0.770781 -0.616308 -0.161437
0.770781 -0.616308 -0.161437
-0.714219 -0.683878 -0.149005
-0.714219 -0.683878 -0.149005
0.014425 -0.478078 -0.878199
0.014425 -0.478078 -0.878199
-0.736245 0.655018 0.169985
-0.0430833 0.850801 -0.523719
0.676458 0.719299 0.158158
-0.0167125 0.523518 0.851851
BONE = 14
BONE_NAME = Head
PARENT_ID = 13
LOCALTM 
MAT 0.706282 -0.0080196 -0.707909 0.0
MAT 0.00694553 0.99995 -0.00438618 0.0
MAT 0.707916 -0.00182876 0.706294 0.0
MAT 0.435597 0.0 0.0 1.0
WORLDTM 
MAT 0.0278096 -0.639163 -0.152612 0.0
MAT -0.656986 -0.0298905 0.0055009 0.0
MAT -0.0122641 0.152206 -0.639741 0.0
MAT 0.00452276 0.939228 -0.432158 1.0
VERTEX = 9
0.00610769 0.827321 -0.458079
0.00584343 0.832321 -0.462344
0.012413 0.832622 -0.462399
0.0126773 0.827622 -0.458134
0.00886842 0.831838 -0.45752
0.008842 0.832338 -0.457946
0.00949895 0.832368 -0.457952
0.00952538 0.831868 -0.457525
0.00918369 0.832103 -0.457736
INDEX = 14
4 5 7
6 7 5
1 2 5
6 5 2
0 1 4
5 4 1
7 6 3
2 3 6
4 7 0
3 0 7
8 1 0
8 2 1
8 3 2
8 0 3
FACE-NORMAL = 14
0.0233085 -0.648048 -0.761243
0.0233085 -0.648048 -0.761243
0.0454566 -0.998594 -0.0272781
0.0454566 -0.998594 -0.0272783
0.758077 -0.399547 -0.515443
0.758077 -0.399547 -0.515443
-0.726905 -0.467496 -0.503047
-0.726905 -0.467496 -0.503046
-0.0142713 0.131547 -0.991207
-0.0142713 0.131547 -0.991207
-0.722818 0.425918 0.544176
-0.0448917 0.995801 0.0797783
0.689868 0.49056 0.532384
0.0119283 -0.0793187 0.996778
BONE = 15
BONE_NAME = Jaw
PARENT_ID = 14
LOCALTM 
MAT 0.807406 -0.000173392 0.590054 0.0
MAT 0.000253052 0.999967 -4.0533e-005 0.0
MAT -0.590025 0.000175186 0.807384 0.0
MAT 0.167602 0.0 0.0 1.0
WORLDTM 
MAT 0.015331 -0.426249 -0.500702 0.0
MAT -0.656957 -0.0300575 0.00548803 0.0
MAT -0.0264253 0.500005 -0.426472 0.0
MAT 0.00918369 0.832103 -0.457736 1.0
VERTEX = 9
-0.0929511 0.973597 -0.459248
-0.0929085 0.97346 -0.449249
-0.0951831 0.963723 -0.449373
-0.0952257 0.96386 -0.459372
-0.0988244 0.970291 -0.454768
-0.0988202 0.970277 -0.453768
-0.0990476 0.969303 -0.45378
-0.0990519 0.969317 -0.45478
-0.098936 0.969797 -0.454274
INDEX = 14
4 5 7
6 7 5
1 2 5
6 5 2
0 1 4
5 4 1
7 6 3
2 3 6
4 7 0
3 0 7
8 1 0
8 2 1
8 3 2
8 0 3
FACE-NORMAL = 14
0.973773 -0.227405 -0.00729957
0.973773 -0.227405 -0.00729957
0.648243 -0.141909 -0.748093
0.648243 -0.141909 -0.748093
0.482343 -0.875869 -0.0141114
0.482343 -0.875868 -0.0141114
0.8205 0.571631 0.00434526
0.820499 0.571631 0.00434526
0.654597 -0.162343 0.738341
0.654597 -0.162343 0.738341
-0.527716 0.849307 0.0139405
-0.685538 0.15108 0.712188
-0.84941 -0.527721 -0.00361755
-0.691585 0.170519 -0.701879
BONE = 16
BONE_NAME = Unit_Zerg_Hydralisk_Jaw_03
PARENT_ID = 14
LOCALTM 
MAT 0.401159 -1.46341 -0.0968702 0.0
MAT -1.4284 -0.412609 0.317793 0.0
MAT -0.332147 0.00714386 -1.48369 0.0
MAT -0.0440142 0.154746 0.0464012 1.0
WORLDTM 
MAT 0.973786 -0.227408 -0.00729967 0.0
MAT 0.227457 0.973684 0.0124152 0.0
MAT 0.00426592 -0.0137435 0.999909 0.0
MAT -0.098936 0.969797 -0.454274 1.0
VERTEX = 9
-0.0845351 1.11739 -0.133021
-0.0872658 1.12319 -0.125345
-0.0869796 1.11526 -0.119255
-0.0842489 1.10946 -0.12693
-0.090443 1.11549 -0.127825
-0.090716 1.11607 -0.127058
-0.0906874 1.11528 -0.126449
-0.0904143 1.1147 -0.127216
-0.0905652 1.11538 -0.127137
INDEX = 14
4 5 7
6 7 5
1 2 5
6 5 2
0 1 4
5 4 1
7 6 3
2 3 6
4 7 0
3 0 7
8 1 0
8 2 1
8 3 2
8 0 3
FACE-NORMAL = 14
0.961565 0.188297 0.199844
0.961565 0.188297 0.199844
0.846231 -0.305103 -0.436814
0.846231 -0.305103 -0.436813
0.664527 -0.463162 0.586417
0.664527 -0.463162 0.586417
0.621979 0.715091 -0.319041
0.621979 0.715091 -0.319041
0.440277 0.557027 0.704185
0.440277 0.557027 0.704185
-0.700167 0.427298 -0.571999
-0.873025 0.276934 0.401416
-0.659691 -0.693591 0.289377
-0.486835 -0.543223 -0.684033
BONE = 17
BONE_NAME = Karapis_Bone02
PARENT_ID = 13
LOCALTM 
MAT -0.394501 -1.46812 0.0283334 0.0
MAT 0.158882 -0.0134989 1.51203 0.0
MAT -1.45975 0.395262 0.156903 0.0
MAT -0.101137 0.139815 -0.00876212 1.0
WORLDTM 
MAT 0.96157 0.188298 0.199845 0.0
MAT -0.0286211 0.792579 -0.609078 0.0
MAT -0.273075 0.579943 0.767534 0.0
MAT -0.0905652 1.11538 -0.127137 1.0
VERTEX = 9
0.0728722 1.12111 -0.135575
0.0754384 1.12706 -0.127956
0.0757246 1.11913 -0.121865
0.0731584 1.11319 -0.129484
0.0693253 1.12089 -0.128303
0.0695819 1.12149 -0.127541
0.0696105 1.1207 -0.126932
0.0693539 1.1201 -0.127694
0.0694679 1.12079 -0.127618
INDEX = 14
4 5 7
6 7 5
1 2 5
6 5 2
0 1 4
5 4 1
7 6 3
2 3 6
4 7 0
3 0 7
8 1 0
8 2 1
8 3 2
8 0 3
FACE-NORMAL = 14
0.966087 -0.134495 -0.220425
0.966087 -0.134495 -0.220425
0.455535 -0.532026 -0.713748
0.455535 -0.532026 -0.713748
0.667556 -0.679101 0.305272
0.667556 -0.679101 0.305272
0.625001 0.499153 -0.600183
0.625001 0.499154 -0.600183
0.837024 0.352085 0.418841
0.837023 0.352085 0.418841
-0.703368 0.655549 -0.274824
-0.501669 0.515634 0.694586
-0.662885 -0.465342 0.586549
-0.864586 -0.325433 -0.382863
BONE = 18
BONE_NAME = Karapis_Bone01
PARENT_ID = 13
LOCALTM 
MAT 0.406828 -1.46396 -0.0558276 0.0
MAT 0.158879 -0.0134949 1.51203 0.0
MAT -1.45635 -0.410426 0.149351 0.0
MAT -0.102455 -0.103635 -0.0107988 1.0
WORLDTM 
MAT 0.966098 -0.134497 -0.220427 0.0
MAT -0.0286237 0.79258 -0.609076 0.0
MAT 0.256616 0.594726 0.761873 0.0
MAT 0.0694679 1.12079 -0.127618 1.0
VERTEX = 9
-0.0322825 1.55469 0.0160629
-0.0323181 1.55619 0.0259486
-0.031948 1.54632 0.0274568
-0.0319124 1.54481 0.0175711
-0.0371285 1.55073 0.0212005
-0.0371321 1.55088 0.022189
-0.0370951 1.5499 0.0223399
-0.0370915 1.54975 0.0213513
-0.0371118 1.55031 0.0217702
INDEX = 14
4 5 7
6 7 5
1 2 5
6 5 2
0 1 4
5 4 1
7 6 3
2 3 6
4 7 0
3 0 7
8 1 0
8 2 1
8 3 2
8 0 3
FACE-NORMAL = 14
0.999309 0.037119 -0.00206564
0.999309 0.037119 -0.00206564
0.671149 -0.0872475 -0.736171
0.671149 -0.0872475 -0.736171
0.696011 -0.709442 0.110727
0.696011 -0.709442 0.110727
0.640994 0.759109 -0.113492
0.640994 0.759109 -0.113492
0.665856 0.136911 0.733411
0.665856 0.136911 0.733411
-0.732787 0.672278 -0.105191
-0.709135 0.0803752 0.700476
-0.680449 -0.724777 0.108112
-0.704101 -0.13287 -0.697559
BONE = 19
BONE_NAME = Unit_Zerg_Hydralisk_Crest
PARENT_ID = 13
LOCALTM 
MAT -0.0120966 -1.52039 -0.00914352 0.0
MAT -0.590354 -0.00371565 1.40111 0.0
MAT -1.40108 0.0146811 -0.590318 0.0
MAT -0.639069 0.0361349 0.432869 1.0
WORLDTM 
MAT 0.999316 0.0371192 -0.00206565 0.0
MAT -0.0370109 0.987852 -0.150826 0.0
MAT -0.00356277 0.150788 0.988569 0.0
MAT -0.0371118 1.55031 0.0217702 1.0
VERTEX = 9
-0.00590677 0.823008 0.143992
-0.00590947 0.823198 0.145236
-0.00586686 0.821955 0.145426
-0.00586417 0.821765 0.144182
-0.00651765 0.822513 0.14464
-0.00651792 0.822532 0.144764
-0.00651366 0.822408 0.144783
-0.00651339 0.822389 0.144659
-0.00651566 0.82246 0.144711
INDEX = 14
4 5 7
6 7 5
1 2 5
6 5 2
0 1 4
5 4 1
7 6 3
2 3 6
4 7 0
3 0 7
8 1 0
8 2 1
8 3 2
8 0 3
FACE-NORMAL = 14
0.999425 0.0337872 -0.0029946
0.999425 0.0337872 -0.0029946
0.670171 -0.0895328 -0.736786
0.670171 -0.0895328 -0.736786
0.693744 -0.711752 0.110131
0.693744 -0.711751 0.110131
0.643415 0.756961 -0.114138
0.643415 0.756961 -0.114138
0.666988 0.134738 0.732784
0.666988 0.134738 0.732784
-0.730639 0.674711 -0.104557
-0.708214 0.0827847 0.701128
-0.682761 -0.722497 0.108793
-0.705186 -0.130568 -0.696896
BONE = 20
BONE_NAME = Spikes
PARENT_ID = 13
LOCALTM 
MAT -0.00103722 -0.191324 -0.00160142 0.0
MAT -0.0742892 -0.00107132 0.176312 0.0
MAT -0.176315 0.00157556 -0.0742825 0.0
MAT -0.219352 0.0340342 -0.609063 1.0
WORLDTM 
MAT 0.125768 0.00425178 -0.000376841 0.0
MAT -0.0042606 0.124324 -0.018984 0.0
MAT -0.000269746 0.0189846 0.1244 0.0
MAT -0.00651566 0.82246 0.144711 1.0
VERTEX = 9
0.00194566 1.05472 -0.480189
0.00192422 1.05623 -0.470304
0.0022628 1.04635 -0.468795
0.00228424 1.04484 -0.47868
-0.00290879 1.05078 -0.475047
-0.00291093 1.05093 -0.474058
-0.00287708 1.04995 -0.473907
-0.00287493 1.04979 -0.474896
-0.00289293 1.05036 -0.474477
INDEX = 14
4 5 7
6 7 5
1 2 5
6 5 2
0 1 4
5 4 1
7 6 3
2 3 6
4 7 0
3 0 7
8 1 0
8 2 1
8 3 2
8 0 3
FACE-NORMAL = 14
0.999425 0.0337871 -0.00299448
0.999425 0.0337871 -0.00299448
0.670172 -0.0895369 -0.736786
0.670172 -0.0895369 -0.736786
0.693744 -0.711751 0.110134
0.693744 -0.711751 0.110134
0.643415 0.75696 -0.114141
0.643415 0.75696 -0.114141
0.666988 0.134742 0.732783
0.666988 0.134742 0.732783
-0.730639 0.67471 -0.104561
-0.708214 0.0827887 0.701127
-0.682761 -0.722496 0.108796
-0.705186 -0.130571 -0.696896
BONE = 21
BONE_NAME = Ref_Head
PARENT_ID = 13
LOCALTM 
MAT -0.00824254 -1.52039 -0.0127262 0.0
MAT -0.590343 -0.00851378 1.4011 0.0
MAT -1.40111 0.0125208 -0.590288 0.0
MAT 0.401986 0.00406066 0.177971 1.0
WORLDTM 
MAT 0.999433 0.0337874 -0.00299451 0.0
MAT -0.0338572 0.987959 -0.150864 0.0
MAT -0.00214405 0.150869 0.988559 0.0
MAT -0.00289293 1.05036 -0.474477 1.0
VERTEX = 9
-0.0315603 1.62698 0.758194
-0.0318322 1.63466 0.75179
-0.0320523 1.64106 0.75947
-0.0317804 1.63338 0.765874
-0.0367787 1.63314 0.758771
-0.0368059 1.63391 0.758131
-0.0368279 1.63455 0.758899
-0.0368007 1.63378 0.759539
-0.0368033 1.63385 0.758835
INDEX = 14
4 5 7
6 7 5
1 2 5
6 5 2
0 1 4
5 4 1
7 6 3
2 3 6
4 7 0
3 0 7
8 1 0
8 2 1
8 3 2
8 0 3
FACE-NORMAL = 14
0.999387 0.0349942 -0.000529516
0.999387 0.0349942 -0.000529516
0.688775 -0.547106 0.475672
0.688775 -0.547106 0.475672
0.652198 0.499151 0.570514
0.652198 0.499151 0.570514
0.684912 -0.45233 -0.571221
0.684912 -0.45233 -0.571221
0.648335 0.593913 -0.47637
0.648335 0.593913 -0.47637
-0.691113 -0.477324 -0.542701
-0.72591 0.517995 -0.452477
-0.722234 0.427833 0.543448
-0.687437 -0.567473 0.453216
BONE = 22
BONE_NAME = HitTestFuzzy01
PARENT_ID = 13
LOCALTM 
MAT -0.0123972 -1.52036 -0.0131203 0.0
MAT 1.50444 -0.0103594 -0.219543 0.0
MAT 0.219426 -0.0147884 1.50444 0.0
MAT -1.66068 0.0442495 -0.04485 1.0
WORLDTM 
MAT 0.999395 0.0349945 -0.00052952 0.0
MAT 0.0220076 -0.640036 -0.768016 0.0
MAT -0.0271938 0.767545 -0.640423 0.0
MAT -0.0368033 1.63385 0.758835 1.0
VERTEX = 9
-0.160983 1.38842 0.0702814
-0.161035 1.38088 0.076845
-0.161304 1.37432 0.0693026
-0.161252 1.38186 0.0627389
-0.166126 1.38219 0.0699253
-0.166131 1.38143 0.0705817
-0.166158 1.38078 0.0698274
-0.166153 1.38153 0.069171
-0.166142 1.38148 0.0698763
INDEX = 14
4 5 7
6 7 5
1 2 5
6 5 2
0 1 4
5 4 1
7 6 3
2 3 6
4 7 0
3 0 7
8 1 0
8 2 1
8 3 2
8 0 3
FACE-NORMAL = 14
0.999624 -0.0216153 -0.016874
0.999624 -0.0216153 -0.016874
0.672603 0.546302 -0.499158
0.672604 0.546302 -0.499158
0.648715 -0.502076 -0.571917
0.648715 -0.502076 -0.571917
0.688712 0.473167 0.549353
0.688712 0.473167 0.549353
0.664823 -0.575222 0.476582
0.664823 -0.575222 0.476582
-0.687815 0.479161 0.545266
-0.710542 -0.518177 0.47605
-0.725867 -0.448602 -0.521415
-0.70314 0.548745 -0.452186
BONE = 23
BONE_NAME = Ref_Weapon Right
PARENT_ID = 13
LOCALTM 
MAT 0.0537898 -1.51774 -0.0734403 0.0
MAT -1.49858 -0.0651113 0.248302 0.0
MAT -0.25099 0.0635849 -1.49823 0.0
MAT -0.569104 0.242814 0.183628 1.0
WORLDTM 
MAT 0.999636 -0.0216155 -0.0168743 0.0
MAT 0.0268949 0.656019 0.754247 0.0
MAT -0.00523392 -0.754431 0.656365 0.0
MAT -0.166142 1.38148 0.0698763 1.0
VERTEX = 9
0.105622 1.35371 0.0723416
0.106223 1.34889 0.0810835
0.106293 1.34014 0.0762527
0.105693 1.34496 0.0675107
0.100934 1.34743 0.0743474
0.100994 1.34695 0.0752216
0.101001 1.34607 0.0747386
0.100941 1.34655 0.0738644
0.100967 1.34675 0.074543
INDEX = 14
4 5 7
6 7 5
1 2 5
6 5 2
0 1 4
5 4 1
7 6 3
2 3 6
4 7 0
3 0 7
8 1 0
8 2 1
8 3 2
8 0 3
FACE-NORMAL = 14
0.998171 0.0351707 -0.0491709
0.998171 0.0351707 -0.0491709
0.623115 0.381689 -0.682672
0.623115 0.381689 -0.682672
0.67299 -0.627252 -0.391968
0.67299 -0.627252 -0.391968
0.662492 0.674319 0.326187
0.662492 0.674319 0.326187
0.712368 -0.334635 0.616889
0.712368 -0.334635 0.616889
-0.710806 0.594227 0.376362
-0.66336 -0.365593 0.652913
-0.700821 -0.643977 -0.306829
-0.748268 0.315856 -0.583378
BONE = 24
BONE_NAME = Ref_Weapon Left
PARENT_ID = 13
LOCALTM 
MAT 0.0504831 -1.51941 0.0258429 0.0
MAT -1.32216 -0.0311586 0.750057 0.0
MAT -0.749005 -0.0473927 -1.32229 0.0
MAT -0.543606 -0.160893 0.119221 1.0
WORLDTM 
MAT 0.998179 0.035171 -0.0491713 0.0
MAT -0.00706952 0.875532 0.483084 0.0
MAT 0.0600365 -0.481861 0.874195 0.0
MAT 0.100967 1.34675 0.074543 1.0
VERTEX = 9
-0.0385853 1.40654 -0.0784584
-0.0385374 1.40668 -0.0718829
-0.0388111 1.40011 -0.0717409
-0.0388589 1.39997 -0.0783164
-0.0419725 1.40379 -0.0754145
-0.0419677 1.4038 -0.074757
-0.0419951 1.40314 -0.0747427
-0.0419999 1.40313 -0.0754003
-0.0419838 1.40346 -0.0750786
INDEX = 14
4 5 7
6 7 5
1 2 5
6 5 2
0 1 4
5 4 1
7 6 3
2 3 6
4 7 0
3 0 7
8 1 0
8 2 1
8 3 2
8 0 3
FACE-NORMAL = 14
0.999107 -0.041766 -0.00638869
0.999107 -0.041766 -0.00638869
0.662956 -0.0437673 -0.747378
0.662956 -0.0437673 -0.747378
0.637436 -0.770414 0.0117726
0.637436 -0.770413 0.0117726
0.699299 0.71454 -0.0203203
0.699299 0.71454 -0.0203203
0.673779 -0.0121126 0.738834
0.673779 -0.0121126 0.738834
-0.677049 0.735859 -0.0107477
-0.701327 0.0445898 0.711443
-0.735902 -0.676799 0.0197828
-0.711623 0.0144762 -0.702412
BONE = 25
BONE_NAME = Ref_Weapon
PARENT_ID = 13
LOCALTM 
MAT 0.0369706 -0.996812 -0.0709235 0.0
MAT -0.503445 -0.0798755 0.860311 0.0
MAT -0.863226 0.00388939 -0.504799 0.0
MAT -0.396891 0.0502761 0.319997 1.0
WORLDTM 
MAT 0.657122 -0.0274699 -0.0042019 0.0
MAT 0.0273671 0.656974 -0.0141985 0.0
MAT 0.00478652 0.0140051 0.657546 0.0
MAT -0.0419838 1.40346 -0.0750786 1.0
VERTEX = 9
-0.00263904 1.13232 0.0911584
-0.00265555 1.1431 0.105862
-0.00325265 1.13381 0.112675
-0.00323614 1.12303 0.0979718
-0.0079085 1.1332 0.100684
-0.00791015 1.13427 0.102155
-0.00796986 1.13334 0.102836
-0.00796821 1.13227 0.101366
-0.00793918 1.13327 0.10176
INDEX = 14
4 5 7
6 7 5
1 2 5
6 5 2
0 1 4
5 4 1
7 6 3
2 3 6
4 7 0
3 0 7
8 1 0
8 2 1
8 3 2
8 0 3
FACE-NORMAL = 14
0.99866 -0.041202 0.0313238
0.99866 -0.041202 0.0313238
0.668737 -0.467153 -0.578411
0.668737 -0.467153 -0.578411
0.6296 -0.626147 0.459939
0.6296 -0.626147 0.459939
0.706536 0.571017 -0.418026
0.706536 0.571017 -0.418026
0.6674 0.412033 0.620328
0.6674 0.412033 0.620328
-0.669564 0.598577 -0.439762
-0.706795 0.447323 0.548036
-0.742754 -0.540304 0.39546
-0.705523 -0.38906 -0.592342
BONE = 26
BONE_NAME = Vol_Target
PARENT_ID = 13
LOCALTM 
MAT 0.0068818 -1.51426 -0.137054 0.0
MAT 0.145348 -0.156913 1.74097 0.0
MAT -2.76283 -0.0331623 0.227669 0.0
MAT -0.410782 0.0174185 -0.172409 1.0
WORLDTM 
MAT 0.998667 -0.0412023 0.0313241 0.0
MAT 0.0597103 0.929057 -0.681343 0.0
MAT -0.0016503 1.0784 1.47036 0.0
MAT -0.00793918 1.13327 0.10176 1.0
VERTEX = 9
-0.000231246 0.987255 0.12286
0.00080331 0.991563 0.117999
0.000691861 0.986654 0.113624
-0.000342695 0.982346 0.118484
0.0034313 0.986599 0.119053
0.00353475 0.98703 0.118567
0.00352361 0.986539 0.118129
0.00342015 0.986108 0.118616
0.00347745 0.986569 0.118591
INDEX = 14
4 5 7
6 7 5
1 2 5
6 5 2
0 1 4
5 4 1
7 6 3
2 3 6
4 7 0
3 0 7
8 1 0
8 2 1
8 3 2
8 0 3
FACE-NORMAL = 14
-0.987406 0.117158 -0.106314
-0.987406 0.117158 -0.106314
-0.777457 -0.408505 0.47821
-0.777457 -0.408505 0.478209
-0.673135 -0.476465 -0.56557
-0.673135 -0.476465 -0.56557
-0.647945 0.633214 0.423329
-0.647945 0.633214 0.423329
-0.543623 0.565255 -0.620452
-0.543623 0.565255 -0.620452
0.710184 0.444984 0.545553
0.809426 0.380333 -0.44741
0.68622 -0.61067 -0.395202
0.586977 -0.54602 0.597763
BONE = 27
BONE_NAME = ShoulderRt
PARENT_ID = 11
LOCALTM 
MAT 0.195408 0.117666 0.973642 0.0
MAT 0.735103 -0.674726 -0.0659949 0.0
MAT 0.649176 0.728631 -0.218342 0.0
MAT 0.301402 0.0236325 0.00216886 1.0
WORLDTM 
MAT -0.649429 0.0770559 -0.0699241 0.0
MAT 0.0111449 0.490947 0.437511 0.0
MAT 0.103456 0.430818 -0.486078 0.0
MAT 0.00347745 0.986569 0.118591 1.0
VERTEX = 9
-0.427754 1.035 0.0771167
-0.430889 1.035 0.0713345
-0.425238 1.0336 0.0682711
-0.422103 1.0336 0.0740533
-0.426009 1.03758 0.0728044
-0.426323 1.03758 0.0722262
-0.425758 1.03744 0.0719199
-0.425444 1.03744 0.0724981
-0.425883 1.03751 0.0723622
INDEX = 14
4 5 7
6 7 5
1 2 5
6 5 2
0 1 4
5 4 1
7 6 3
2 3 6
4 7 0
3 0 7
8 1 0
8 2 1
8 3 2
8 0 3
FACE-NORMAL = 14
-0.186312 -0.977298 0.100882
-0.186312 -0.977298 0.100882
0.229599 -0.653861 0.720937
0.229599 -0.653861 0.720937
0.513984 -0.811257 -0.278717
0.513984 -0.811257 -0.278717
-0.76325 -0.4963 0.413686
-0.76325 -0.4963 0.413686
-0.478874 -0.653695 -0.585971
-0.478874 -0.653695 -0.585972
-0.475786 0.840867 0.258014
-0.205246 0.691132 -0.692972
0.739265 0.541243 -0.400679
0.468735 0.690975 0.55031
BONE = 28
BONE_NAME = ArmRT
PARENT_ID = 27
LOCALTM 
MAT 0.0587391 -0.66557 -0.74402 0.0
MAT 0.82365 0.453426 -0.340589 0.0
MAT 0.564052 -0.592805 0.574834 0.0
MAT 0.661136 1.19209e-007 -3.57628e-007 1.0
WORLDTM 
MAT -0.122538 -0.642771 0.0663503 0.0
MAT -0.565084 0.139343 0.306339 0.0
MAT -0.313448 7.66553e-005 -0.578214 0.0
MAT -0.425883 1.03751 0.0723622 1.0
VERTEX = 9
-0.514663 0.597935 0.114918
-0.510751 0.603043 0.116283
-0.505509 0.599517 0.114452
-0.509422 0.59441 0.113086
-0.510199 0.597558 0.117792
-0.509808 0.598069 0.117928
-0.509283 0.597716 0.117745
-0.509675 0.597206 0.117609
-0.509741 0.597637 0.117768
INDEX = 14
4 5 7
6 7 5
1 2 5
6 5 2
0 1 4
5 4 1
7 6 3
2 3 6
4 7 0
3 0 7
8 1 0
8 2 1
8 3 2
8 0 3
FACE-NORMAL = 14
-0.104954 0.331154 -0.937722
-0.104954 0.331154 -0.937722
-0.512338 -0.35569 -0.781661
-0.512338 -0.35569 -0.781661
0.522185 -0.176861 -0.834292
0.522185 -0.176861 -0.834292
-0.662599 0.619917 -0.420316
-0.662599 0.619917 -0.420316
0.371916 0.79875 -0.472945
0.371917 0.79875 -0.472945
-0.489341 0.144834 0.859981
0.494816 0.314957 0.809913
0.637762 -0.613152 0.466159
-0.346388 -0.783279 0.516226
BONE = 29
BONE_NAME = ForeArmRt
PARENT_ID = 28
LOCALTM 
MAT -0.398671 -0.276435 0.874434 0.0
MAT -0.347242 0.928003 0.135057 0.0
MAT -0.848819 -0.249789 -0.465956 0.0
MAT 0.684344 -1.19209e-007 0.0 1.0
WORLDTM 
MAT -0.0690286 0.217802 -0.616745 0.0
MAT -0.524183 0.352519 0.183152 0.0
MAT 0.391217 0.510754 0.136583 0.0
MAT -0.509741 0.597637 0.117768 1.0
VERTEX = 9
-0.574844 0.792481 -0.44495
-0.577623 0.795326 -0.450189
-0.571684 0.796143 -0.452895
-0.568906 0.793298 -0.447656
-0.573162 0.797066 -0.447069
-0.57344 0.79735 -0.447593
-0.572846 0.797432 -0.447863
-0.572569 0.797147 -0.447339
-0.573004 0.797249 -0.447466
INDEX = 14
4 5 7
6 7 5
1 2 5
6 5 2
0 1 4
5 4 1
7 6 3
2 3 6
4 7 0
3 0 7
8 1 0
8 2 1
8 3 2
8 0 3
FACE-NORMAL = 14
-0.0790282 -0.893048 -0.442967
-0.0790282 -0.893048 -0.442967
0.261131 -0.918882 0.295746
0.261131 -0.918883 0.295746
0.618282 -0.505122 -0.602145
0.618282 -0.505122 -0.602145
-0.72402 -0.689714 0.0094884
-0.72402 -0.689714 0.00948849
-0.366865 -0.275954 -0.888403
-0.366865 -0.275953 -0.888403
-0.582593 0.543678 0.604152
-0.24283 0.937295 -0.250025
0.694359 0.719283 0.022296
0.354592 0.325667 0.876474
BONE = 30
BONE_NAME = HandRt
PARENT_ID = 29
LOCALTM 
MAT 0.127944 -0.539023 -0.832509 0.0
MAT -0.332174 0.767648 -0.54807 0.0
MAT 0.934509 0.346656 -0.0808395 0.0
MAT 0.916481 -1.19209e-007 5.66244e-007 1.0
WORLDTM 
MAT -0.0519767 -0.587356 -0.291339 0.0
MAT -0.593873 -0.0816672 0.270605 0.0
MAT -0.277845 0.284451 -0.523904 0.0
MAT -0.573004 0.797249 -0.447466 1.0
VERTEX = 9
-0.798041 0.105452 -0.849482
-0.798813 0.0984137 -0.84242
-0.80177 0.091811 -0.849324
-0.800997 0.098849 -0.856386
-0.802029 0.0999492 -0.84903
-0.802106 0.0992454 -0.848323
-0.802401 0.0985852 -0.849014
-0.802324 0.099289 -0.84972
-0.802215 0.0992672 -0.849022
INDEX = 14
4 5 7
6 7 5
1 2 5
6 5 2
0 1 4
5 4 1
7 6 3
2 3 6
4 7 0
3 0 7
8 1 0
8 2 1
8 3 2
8 0 3
FACE-NORMAL = 14
0.952169 -0.262111 -0.157075
0.952169 -0.262111 -0.157075
0.694379 0.347785 -0.629987
0.694379 0.347785 -0.629987
0.41721 -0.666117 -0.618242
0.417211 -0.666117 -0.618242
0.856723 0.315428 0.408083
0.856722 0.315428 0.408083
0.579556 -0.698468 0.41983
0.579556 -0.698468 0.41983
-0.464227 0.652221 0.59925
-0.727902 -0.312319 0.610423
-0.882341 -0.281537 -0.377109
-0.618669 0.682997 -0.388283
BONE = 31
BONE_NAME = HitTestFuzzy02
PARENT_ID = 30
LOCALTM 
MAT 0.168492 -0.657884 -0.28804 0.0
MAT -1.39704 -0.0986679 -0.591854 0.0
MAT 0.489301 0.680683 -1.26846 0.0
MAT 1.24574 0.195255 0.174574 1.0
WORLDTM 
MAT 0.461972 -0.127171 -0.0762094 0.0
MAT 0.295653 0.660263 0.690386 0.0
MAT -0.0772377 -0.703797 0.706194 0.0
MAT -0.802215 0.0992672 -0.849022 1.0
VERTEX = 9
0.00780724 0.982882 0.118269
0.0058199 0.98684 0.113406
0.00540355 0.991846 0.117651
0.00739089 0.987888 0.122514
0.00359766 0.986121 0.118622
0.00339893 0.986516 0.118136
0.00335729 0.987017 0.11856
0.00355602 0.986621 0.119047
0.00347747 0.986569 0.118591
INDEX = 14
4 5 7
6 7 5
1 2 5
6 5 2
0 1 4
5 4 1
7 6 3
2 3 6
4 7 0
3 0 7
8 1 0
8 2 1
8 3 2
8 0 3
FACE-NORMAL = 14
0.951152 0.241829 -0.191909
0.951152 0.241829 -0.191909
0.860883 -0.285515 0.421143
0.860883 -0.285514 0.421143
0.589233 0.72756 0.351371
0.589233 0.727559 0.35137
0.683341 -0.404008 -0.608131
0.683341 -0.404008 -0.608131
0.411692 0.609064 -0.677902
0.411691 0.609064 -0.677902
-0.627803 -0.709238 -0.320694
-0.886228 0.254514 -0.38707
-0.717329 0.367239 0.592094
-0.458905 -0.596512 0.658468
BONE = 32
BONE_NAME = ShoulderLft
PARENT_ID = 11
LOCALTM 
MAT 0.168738 0.176459 -0.969742 0.0
MAT -0.756298 0.654095 -0.0125726 0.0
MAT 0.632093 0.735537 0.243826 0.0
MAT 0.301401 0.0236324 0.00216886 1.0
WORLDTM 
MAT 0.625584 0.159054 -0.126221 0.0
MAT 0.0416354 -0.500631 -0.424505 0.0
MAT -0.198734 0.395786 -0.486248 0.0
MAT 0.00347747 0.986569 0.118591 1.0
VERTEX = 9
0.369289 1.07466 0.0468754
0.368675 1.07616 0.0404998
0.374354 1.07947 0.0407286
0.374968 1.07797 0.0471042
0.369938 1.07957 0.0449088
0.369877 1.07971 0.0442713
0.370444 1.08005 0.0442941
0.370506 1.0799 0.0449317
0.370191 1.07981 0.0446015
INDEX = 14
4 5 7
6 7 5
1 2 5
6 5 2
0 1 4
5 4 1
7 6 3
2 3 6
4 7 0
3 0 7
8 1 0
8 2 1
8 3 2
8 0 3
FACE-NORMAL = 14
0.495806 -0.833707 -0.243122
0.495806 -0.833707 -0.243122
0.401062 -0.726575 0.557887
0.401063 -0.726575 0.557887
0.973435 -0.183615 -0.136782
0.973435 -0.183615 -0.136782
-0.310091 -0.931833 -0.188498
-0.310091 -0.931832 -0.188498
0.262291 -0.388867 -0.883168
0.262291 -0.388867 -0.883168
-0.961102 0.233627 0.147314
-0.416595 0.750153 -0.513535
0.259936 0.945419 0.196512
-0.28458 0.428887 0.857362
BONE = 33
BONE_NAME = ArmLft
PARENT_ID = 32
LOCALTM 
MAT 0.316626 0.822915 -0.471763 0.0
MAT -0.936263 0.350908 -0.0162612 0.0
MAT 0.152174 0.446851 0.881576 0.0
MAT 0.586194 1.19209e-007 -1.19209e-007 1.0
WORLDTM 
MAT 0.326094 -0.548334 -0.159903 0.0
MAT -0.567869 -0.331028 -0.0228793 0.0
MAT -0.0613965 0.149412 -0.637562 0.0
MAT 0.370191 1.07981 0.0446015 1.0
VERTEX = 9
0.602123 0.684168 -0.0748014
0.598414 0.687694 -0.0706709
0.603103 0.692297 -0.0703885
0.606813 0.688771 -0.0745191
0.603934 0.686274 -0.0702604
0.603563 0.686626 -0.0698474
0.604032 0.687087 -0.0698191
0.604403 0.686734 -0.0702322
0.603983 0.68668 -0.0700398
INDEX = 14
4 5 7
6 7 5
1 2 5
6 5 2
0 1 4
5 4 1
7 6 3
2 3 6
4 7 0
3 0 7
8 1 0
8 2 1
8 3 2
8 0 3
FACE-NORMAL = 14
-0.416504 0.472009 -0.777002
-0.416504 0.472009 -0.777002
0.140639 -0.0827335 -0.986598
0.140639 -0.0827334 -0.986598
0.251334 0.83595 -0.487873
0.251334 0.835949 -0.487873
-0.808596 -0.204444 -0.551701
-0.808596 -0.204444 -0.551701
-0.697888 0.714244 -0.0529804
-0.697888 0.714244 -0.0529802
-0.209646 -0.828627 0.519062
-0.104341 0.0453294 0.993508
0.798681 0.161114 0.579785
0.693363 -0.712847 0.105343
BONE = 34
