EXPORTER_V17
ANIMATION_EXPORT
BONEOBJECT_COUNT = 45
VERTEX = 9
-0.0059653 0.534319 -0.0824935
-0.0059653 0.538162 -0.0878307
0.000610434 0.53827 -0.0877533
0.000610433 0.534426 -0.0824161
-0.00307242 0.538765 -0.0829391
-0.00307242 0.539149 -0.0834728
-0.00241484 0.53916 -0.0834651
-0.00241484 0.538775 -0.0829314
-0.00274363 0.538962 -0.0832021
INDEX = 14
4 5 7
6 7 5
1 2 5
6 5 2
0 1 4
5 4 1
7 6 3
2 3 6
4 7 0
3 0 7
8 1 0
8 2 1
8 3 2
8 0 3
FACE-NORMAL = 14
0.0201302 -0.811326 -0.584247
0.0201302 -0.811326 -0.584247
0.0134663 -0.977104 0.212336
0.0134663 -0.977104 0.212335
0.75661 -0.530607 -0.382097
0.75661 -0.530607 -0.382097
-0.729677 -0.554891 -0.399584
-0.729677 -0.554891 -0.399584
0.0134665 -0.108393 -0.994017
0.0134665 -0.108393 -0.994017
-0.721198 0.562143 0.404807
-0.0142341 0.986903 -0.160686
0.692729 0.585245 0.421443
-0.0142343 0.160485 0.986936
BONE = 0
BONE_NAME = Root
PARENT_ID = -1
LOCALTM 
MAT 0.0132398 -0.533614 -0.384263 0.0
MAT -0.657573 -0.0107439 -0.00773694 0.0
MAT 0.0 0.384341 -0.533722 0.0
MAT -0.00274363 0.538962 -0.0832021 1.0
WORLDTM 
MAT 0.0132398 -0.533614 -0.384263 0.0
MAT -0.657573 -0.0107439 -0.00773694 0.0
MAT 0.0 0.384341 -0.533722 0.0
MAT -0.00274363 0.538962 -0.0832021 1.0
VERTEX = 9
0.00275559 0.446119 -0.145193
-0.00382141 0.446094 -0.145204
-0.00382142 0.448618 -0.151277
0.00275559 0.448643 -0.151267
-0.00021754 0.45028 -0.146669
-0.000875241 0.450278 -0.14667
-0.000875241 0.45053 -0.147277
-0.000217541 0.450533 -0.147276
-0.000546391 0.450405 -0.146973
INDEX = 14
4 5 7
6 7 5
1 2 5
6 5 2
0 1 4
5 4 1
7 6 3
2 3 6
4 7 0
3 0 7
8 1 0
8 2 1
8 3 2
8 0 3
FACE-NORMAL = 14
0.00409832 -0.923431 -0.383743
0.00409832 -0.923431 -0.383743
0.746029 -0.61493 -0.255542
0.746029 -0.61493 -0.255542
0.00274112 -0.332507 -0.943097
0.00274112 -0.332507 -0.943097
0.00274215 -0.902979 0.429676
0.00274215 -0.902979 0.429676
-0.740546 -0.620556 -0.257879
-0.740546 -0.620556 -0.257879
-0.00289746 0.381615 0.924317
-0.709999 0.650288 0.270235
-0.00289844 0.924314 -0.381623
0.704203 0.65564 0.272459
BONE = 1
BONE_NAME = Tail01
PARENT_ID = 0
LOCALTM 
MAT 0.973486 0.0155012 -0.228217 0.0
MAT -0.228173 -0.00459495 -0.97361 0.0
MAT -0.016141 0.999869 -0.000935965 0.0
MAT 0.165957 0.0 -1.19209e-007 1.0
WORLDTM 
MAT 0.00269549 -0.607346 -0.25239 0.0
MAT 4.54485e-007 -0.252392 0.607351 0.0
MAT -0.657701 -0.00248915 -0.00103401 0.0
MAT -0.000546391 0.450405 -0.146973 1.0
VERTEX = 9
0.00335891 0.252321 -0.224185
-0.00320356 0.252628 -0.224497
-0.00313336 0.248748 -0.229807
0.0034291 0.24844 -0.229495
0.000653543 0.253364 -0.228649
-2.70386e-006 0.253394 -0.22868
4.31569e-006 0.253006 -0.229211
0.000660562 0.252976 -0.22918
0.000328929 0.253185 -0.22893
INDEX = 14
4 5 7
6 7 5
1 2 5
6 5 2
0 1 4
5 4 1
7 6 3
2 3 6
4 7 0
3 0 7
8 1 0
8 2 1
8 3 2
8 0 3
FACE-NORMAL = 14
-0.0657301 -0.806034 0.588208
-0.0657301 -0.806034 0.588208
0.697673 -0.573985 0.428711
0.697673 -0.573985 0.428711
-0.0360381 -0.977764 -0.206586
-0.0360382 -0.977764 -0.206586
-0.0519041 -0.100652 0.993567
-0.0519041 -0.100652 0.993567
-0.785616 -0.504431 0.35827
-0.785616 -0.504431 0.35827
0.0389314 0.987157 0.154936
-0.659059 0.603036 -0.449432
0.054025 0.152747 -0.986787
0.752016 0.536868 -0.38242
BONE = 2
BONE_NAME = Tail02
PARENT_ID = 1
LOCALTM 
MAT 0.518327 0.852486 0.0678555 0.0
MAT -0.854687 0.519094 0.00717041 0.0
MAT -0.0291108 -0.0617123 0.99767 0.0
MAT 0.324725 1.19209e-007 0.0 1.0
WORLDTM 
MAT -0.0432311 -0.530133 0.386868 0.0
MAT -0.00701955 0.388057 0.53098 0.0
MAT -0.656246 0.0307727 -0.0311654 0.0
MAT 0.000328929 0.253185 -0.22893 1.0
VERTEX = 9
-0.0122254 0.0563554 -0.0802043
-0.0187186 0.0563817 -0.0791573
-0.0187186 0.0498068 -0.0789918
-0.0122254 0.0497805 -0.0800387
-0.015671 0.0533268 -0.0829042
-0.0163203 0.0533295 -0.0827995
-0.0163203 0.052672 -0.082783
-0.015671 0.0526693 -0.0828877
-0.0159956 0.0529994 -0.0828436
INDEX = 14
4 5 7
6 7 5
1 2 5
6 5 2
0 1 4
5 4 1
7 6 3
2 3 6
4 7 0
3 0 7
8 1 0
8 2 1
8 3 2
8 0 3
FACE-NORMAL = 14
0.159229 0.0248456 0.986929
0.159229 0.0248456 0.986929
0.840329 0.013646 0.541904
0.840329 0.013646 0.541905
0.106522 -0.726438 0.678927
0.106522 -0.726438 0.678927
0.106515 0.75968 0.641515
0.106515 0.75968 0.641515
-0.627293 0.0195957 0.778537
-0.627293 0.0195957 0.778537
-0.112595 0.689314 -0.715659
-0.810677 -0.0147385 -0.585308
-0.112589 -0.724452 -0.680069
0.585494 -0.0203985 -0.81042
BONE = 3
BONE_NAME = Tail03
PARENT_ID = 2
LOCALTM 
MAT 0.550026 0.809727 -0.204478 0.0
MAT -0.820582 0.569512 0.0479698 0.0
MAT 0.155296 0.141406 0.977696 0.0
MAT 0.377614 0.0 -1.56462e-007 1.0
WORLDTM 
MAT 0.104726 0.0163411 0.649108 0.0
MAT -3.09944e-006 0.657497 -0.0165522 0.0
MAT -0.649315 0.00263228 0.104692 0.0
MAT -0.0159956 0.0529994 -0.0828436 1.0
VERTEX = 9
0.0369268 0.0639077 0.222861
0.0305473 0.0638973 0.224461
0.0305473 0.0573204 0.224419
0.0369268 0.0573308 0.222819
0.0332561 0.0609641 0.220372
0.0326181 0.060963 0.220532
0.0326181 0.0603054 0.220528
0.0332561 0.0603064 0.220368
0.0329371 0.0606347 0.22045
INDEX = 14
4 5 7
6 7 5
1 2 5
6 5 2
0 1 4
5 4 1
7 6 3
2 3 6
4 7 0
3 0 7
8 1 0
8 2 1
8 3 2
8 0 3
FACE-NORMAL = 14
0.243262 -0.00629313 0.96994
0.243262 -0.00629313 0.96994
0.883699 -0.00303495 0.468046
0.883699 -0.00303495 0.468046
0.162735 -0.747487 0.644034
0.162735 -0.747487 0.644034
0.162732 0.73907 0.653678
0.162732 0.73907 0.653678
-0.558234 -0.00538482 0.829666
-0.558234 -0.00538482 0.829666
-0.172013 0.711541 -0.681264
-0.857877 0.00333219 -0.513844
-0.172011 -0.702643 -0.690438
0.513855 0.00556765 -0.857859
BONE = 4
BONE_NAME = Tail04
PARENT_ID = 3
LOCALTM 
MAT 0.995839 -0.0307017 -0.0857889 0.0
MAT 0.0312465 0.999499 0.0050368 0.0
MAT 0.0855904 -0.0076971 0.996301 0.0
MAT 0.467247 0.0 1.68569e-007 1.0
WORLDTM 
MAT 0.159994 -0.00413902 0.637934 0.0
MAT -1.2517e-006 0.657692 0.00426574 0.0
MAT -0.63795 -0.00103964 0.15999 0.0
MAT 0.0329371 0.0606347 0.22045 1.0
VERTEX = 9
0.0995716 0.0627062 0.482613
0.0934524 0.062435 0.480217
0.0934525 0.0558997 0.480957
0.0995716 0.0561709 0.483353
0.0980235 0.0592992 0.478828
0.0974116 0.0592721 0.478588
0.0974116 0.0586186 0.478662
0.0980235 0.0586457 0.478901
0.0977176 0.0589589 0.478745
INDEX = 14
4 5 7
6 7 5
1 2 5
6 5 2
0 1 4
5 4 1
7 6 3
2 3 6
4 7 0
3 0 7
8 1 0
8 2 1
8 3 2
8 0 3
FACE-NORMAL = 14
-0.366598 0.104632 0.924477
-0.366598 0.104632 0.924477
0.446303 0.100649 0.889204
0.446303 0.100649 0.889204
-0.245233 -0.668581 0.70204
-0.245234 -0.66858 0.70204
-0.245249 0.808575 0.534845
-0.245249 0.808576 0.534844
-0.936787 0.0393414 0.347681
-0.936787 0.0393414 0.347681
0.259217 0.628632 -0.733232
-0.398653 -0.103147 -0.911283
0.259232 -0.776609 -0.574176
0.917102 -0.0448247 -0.396125
BONE = 5
BONE_NAME = Tail05
PARENT_ID = 4
LOCALTM 
MAT 0.806849 0.110629 0.580302 0.0
MAT -0.115344 0.992904 -0.0289199 0.0
MAT -0.579391 -0.0436013 0.813887 0.0
MAT 0.404892 0.0 -1.19209e-007 1.0
WORLDTM 
MAT -0.241113 0.0688168 0.608031 0.0
MAT -6.21378e-006 0.653533 -0.0739736 0.0
MAT -0.611918 -0.0271242 -0.239586 0.0
MAT 0.0977176 0.0589589 0.478745 1.0
VERTEX = 9
-0.0240459 0.097419 0.796051
-0.0304303 0.0975221 0.794474
-0.0304303 0.0909591 0.794045
-0.0240458 0.090856 0.795622
-0.0261288 0.0947205 0.791963
-0.0267672 0.0947308 0.791805
-0.0267672 0.0940745 0.791762
-0.0261288 0.0940642 0.79192
-0.026448 0.0943975 0.791862
INDEX = 14
4 5 7
6 7 5
1 2 5
6 5 2
0 1 4
5 4 1
7 6 3
2 3 6
4 7 0
3 0 7
8 1 0
8 2 1
8 3 2
8 0 3
FACE-NORMAL = 14
-0.240259 -0.0633814 0.968638
-0.240259 -0.0633814 0.968638
0.560785 -0.0540483 0.826195
0.560785 -0.0540483 0.826196
-0.160713 -0.784103 0.599461
-0.160713 -0.784103 0.599461
-0.160736 0.699314 0.696508
-0.160736 0.699314 0.696508
-0.882254 -0.0307513 0.469768
-0.882254 -0.0307513 0.469768
0.169878 0.750411 -0.638769
-0.516494 0.0558986 -0.854464
0.169899 -0.660786 -0.731092
0.856291 0.033736 -0.515392
BONE = 6
BONE_NAME = Tail06
PARENT_ID = 5
LOCALTM 
MAT 0.976925 -0.171914 -0.126699 0.0
MAT 0.164766 0.984192 -0.064918 0.0
MAT 0.135836 0.0425506 0.989824 0.0
MAT 0.51497 0.0 -2.38419e-007 1.0
WORLDTM 
MAT -0.158018 -0.041686 0.637073 0.0
MAT -8.76188e-006 0.656301 0.042932 0.0
MAT -0.638443 0.0103078 -0.157702 0.0
MAT -0.026448 0.0943975 0.791862 1.0
VERTEX = 9
-0.0950552 0.0779981 1.08743
-0.101499 0.0779139 1.08875
-0.101635 0.0714282 1.08766
-0.0951916 0.0715123 1.08635
-0.098672 0.0755861 1.08436
-0.0993163 0.0755777 1.08449
-0.09933 0.0749291 1.08438
-0.0986856 0.0749375 1.08425
-0.099001 0.0752576 1.08437
INDEX = 14
4 5 7
6 7 5
1 2 5
6 5 2
0 1 4
5 4 1
7 6 3
2 3 6
4 7 0
3 0 7
8 1 0
8 2 1
8 3 2
8 0 3
FACE-NORMAL = 14
0.199404 -0.165566 0.965829
0.199404 -0.165566 0.965829
0.861567 -0.10124 0.497445
0.861567 -0.10124 0.497445
0.117978 -0.843722 0.523654
0.117978 -0.843722 0.523654
0.148811 0.622229 0.768561
0.148811 0.622229 0.768561
-0.594857 -0.120276 0.794782
-0.594857 -0.120276 0.794782
-0.126334 0.814353 -0.566453
-0.833721 0.108018 -0.541518
-0.155666 -0.580229 -0.799439
0.551796 0.126128 -0.824386
BONE = 7
BONE_NAME = TailTIP
PARENT_ID = 6
LOCALTM 
MAT 0.898116 -0.102157 -0.427707 0.0
MAT 0.0920945 0.994771 -0.0441707 0.0
MAT 0.429922 0.000301966 0.902874 0.0
MAT 0.459144 0.0 0.0 1.0
WORLDTM 
MAT 0.131149 -0.108893 0.635231 0.0
MAT 0.0136392 0.648575 0.108344 0.0
MAT -0.644369 -0.00841688 0.131519 0.0
MAT -0.099001 0.0752576 1.08437 1.0
VERTEX = 9
-0.0021232 0.552622 -0.0737213
-0.0021232 0.559199 -0.0737213
0.00445387 0.559199 -0.0737213
0.00445386 0.552622 -0.0737213
0.000836483 0.555581 -0.0704328
0.000836483 0.556239 -0.0704328
0.00149419 0.556239 -0.0704328
0.00149419 0.555581 -0.0704328
0.00116534 0.55591 -0.0704328
INDEX = 14
4 5 7
6 7 5
1 2 5
6 5 2
0 1 4
5 4 1
7 6 3
2 3 6
4 7 0
3 0 7
8 1 0
8 2 1
8 3 2
8 0 3
FACE-NORMAL = 14
-7.44825e-007 -2.0957e-007 -1.0
-7.44825e-007 -2.0957e-007 -1.0
-7.00345e-007 -0.743294 -0.668965
-7.00345e-007 -0.743294 -0.668965
0.743294 0.0 -0.668965
0.743294 0.0 -0.668965
-0.743294 -1.73876e-007 -0.668964
-0.743295 -1.73876e-007 -0.668964
-2.96179e-007 0.743294 -0.668965
-2.96178e-007 0.743294 -0.668965
-0.707106 0.0 0.707107
7.18915e-007 0.707107 0.707107
0.707107 1.80229e-007 0.707106
3.34426e-007 -0.707107 0.707107
BONE = 8
BONE_NAME = Dummy01
PARENT_ID = 0
LOCALTM 
MAT 0.584247 0.0117643 0.811491 0.0
MAT -0.0201306 0.999798 -7.72908e-007 0.0
MAT -0.811327 -0.0163356 0.584366 0.0
MAT -0.03213 -0.00659145 -0.000696898 1.0
WORLDTM 
MAT -4.89876e-007 -1.37836e-007 -0.657706 0.0
MAT -0.657706 0.0 4.74975e-007 0.0
MAT 1.78814e-007 0.657706 0.0 0.0
MAT 0.00116534 0.55591 -0.0704328 1.0
VERTEX = 9
0.00443083 0.56057 -0.0706813
-0.00214607 0.56054 -0.0706473
-0.00210016 0.556126 -0.0657709
0.00447675 0.556157 -0.065805
0.00149189 0.556132 -0.0706783
0.000834195 0.556129 -0.0706749
0.000838787 0.555688 -0.0701873
0.00149648 0.555691 -0.0701907
0.00116534 0.55591 -0.0704328
INDEX = 14
4 5 7
6 7 5
1 2 5
6 5 2
0 1 4
5 4 1
7 6 3
2 3 6
4 7 0
3 0 7
8 1 0
8 2 1
8 3 2
8 0 3
FACE-NORMAL = 14
5.89063e-007 0.741435 0.671025
5.89063e-007 0.741435 0.671025
0.743276 0.499476 0.445045
0.743276 0.499476 0.445045
0.00518917 -0.00276339 0.999983
0.00518917 -0.00276321 0.999983
-0.00518837 0.99475 -0.102198
-0.00518837 0.99475 -0.102198
-0.743276 0.492512 0.452739
-0.743276 0.492512 0.452739
-0.00493657 -0.0497986 -0.998747
-0.707089 -0.527586 -0.470826
0.00493573 -0.998748 0.0497743
0.70709 -0.520961 -0.478146
BONE = 9
BONE_NAME = SpineUp01
PARENT_ID = 8
LOCALTM 
MAT -0.671025 0.0 0.741435 0.0
MAT 0.741417 0.00698041 0.671009 0.0
MAT -0.00517438 0.999976 -0.00468555 0.0
MAT 0.0 0.0 0.0 1.0
WORLDTM 
MAT 3.8743e-007 0.487646 0.441337 0.0
MAT -0.0045913 0.441327 -0.487634 0.0
MAT -0.65769 -0.00308175 0.00340369 0.0
MAT 0.00116534 0.55591 -0.0704328 1.0
VERTEX = 9
0.00485159 0.654161 0.0140834
-0.00168779 0.654775 0.0144263
-0.00183264 0.65046 0.0193879
0.00470674 0.649846 0.019045
0.00149969 0.650033 0.0143185
0.000845756 0.650094 0.0143528
0.000831271 0.649663 0.014849
0.00148521 0.649601 0.0148147
0.00116548 0.649848 0.0145838
INDEX = 14
4 5 7
6 7 5
1 2 5
6 5 2
0 1 4
5 4 1
7 6 3
2 3 6
4 7 0
3 0 7
8 1 0
8 2 1
8 3 2
8 0 3
FACE-NORMAL = 14
0.104604 0.748913 0.65436
0.104604 0.748913 0.65436
0.809011 0.43163 0.398994
0.809011 0.43163 0.398994
0.0536062 0.0133465 0.998473
0.0536062 0.0133467 0.998473
0.0863464 0.988645 -0.122984
0.0863464 0.988645 -0.122984
-0.669059 0.570363 0.476494
-0.669059 0.570363 0.476494
-0.0583929 -0.0656529 -0.996132
-0.777021 -0.463572 -0.425839
-0.0895393 -0.993469 0.0707261
0.629089 -0.595551 -0.499566
BONE = 10
BONE_NAME = SpineUp02
PARENT_ID = 9
LOCALTM 
MAT 0.99436 0.0166427 -0.104722 0.0
MAT -0.0197804 0.999384 -0.0290011 0.0
MAT 0.104177 0.0309097 0.994079 0.0
MAT 0.192634 3.57628e-007 0.0 1.0
WORLDTM 
MAT 0.0687985 0.492564 0.430376 0.0
MAT 0.0144852 0.431499 -0.496162 0.0
MAT -0.653938 0.0613792 0.034288 0.0
MAT 0.00116548 0.649848 0.0145838 1.0
VERTEX = 9
0.0236161 0.792761 0.133028
0.0170598 0.792246 0.13312
0.0171454 0.792329 0.139696
0.0237017 0.792844 0.139604
0.020962 0.789288 0.136067
0.0203064 0.789237 0.136076
0.020315 0.789245 0.136733
0.0209706 0.789297 0.136724
0.0206385 0.789267 0.1364
INDEX = 14
4 5 7
6 7 5
1 2 5
6 5 2
0 1 4
5 4 1
7 6 3
2 3 6
4 7 0
3 0 7
8 1 0
8 2 1
8 3 2
8 0 3
FACE-NORMAL = 14
-0.0783769 0.996857 -0.0115402
-0.0783769 0.996857 -0.0115402
0.688512 0.725 -0.0180915
0.688512 0.725 -0.0180915
-0.0427622 0.676226 0.735452
-0.0427622 0.676227 0.735452
-0.0621006 0.657498 -0.750893
-0.0621006 0.657498 -0.750893
-0.793377 0.608725 0.00265156
-0.793377 0.608725 0.00265157
0.0462224 -0.713793 -0.69883
-0.649449 -0.760191 0.0180267
0.0646193 -0.695976 0.715152
0.760294 -0.649577 -0.00170646
BONE = 11
BONE_NAME = SpineUp03
PARENT_ID = 10
LOCALTM 
MAT 0.730805 0.660977 0.170354 0.0
MAT -0.665053 0.745708 -0.0403663 0.0
MAT -0.153721 -0.0837969 0.984557 0.0
MAT 0.283047 5.96046e-007 3.05474e-007 1.0
WORLDTM 
MAT -0.0515486 0.655635 -0.00759001 0.0
MAT -0.0085558 -0.00828654 -0.657599 0.0
MAT -0.655629 -0.0514445 0.00917733 0.0
MAT 0.0206385 0.789267 0.1364 1.0
VERTEX = 9
0.0030363 0.974464 0.138649
0.0027724 0.980685 0.140766
0.00934367 0.980962 0.140771
0.00960757 0.974741 0.138654
0.00591689 0.97633 0.142718
0.0058905 0.976952 0.142929
0.00654762 0.97698 0.14293
0.00657401 0.976358 0.142718
0.00623225 0.976655 0.142824
INDEX = 14
4 5 7
6 7 5
1 2 5
6 5 2
0 1 4
5 4 1
7 6 3
2 3 6
4 7 0
3 0 7
8 1 0
8 2 1
8 3 2
8 0 3
FACE-NORMAL = 14
-0.0128533 0.321609 -0.946786
-0.0128533 0.321609 -0.946786
0.021226 -0.487955 -0.872611
0.021226 -0.487955 -0.872611
0.734029 0.246465 -0.632816
0.734029 0.246465 -0.632816
-0.751238 0.183824 -0.633916
-0.751239 0.183824 -0.633916
-0.0384233 0.918257 -0.394117
-0.0384233 0.918257 -0.394117
-0.697384 -0.257207 0.668955
-0.0192837 0.441458 0.897075
0.715573 -0.197616 0.670002
0.0374616 -0.896293 0.441878
BONE = 12
BONE_NAME = Neck01
PARENT_ID = 11
LOCALTM 
MAT 0.332532 0.942736 -0.0255538 0.0
MAT 0.0363127 0.0142586 0.999243 0.0
MAT 0.942393 -0.333223 -0.0294948 0.0
MAT 0.285622 -0.0130695 -0.00031326 1.0
WORLDTM 
MAT -0.00845362 0.211522 -0.622701 0.0
MAT -0.657127 -0.0277158 -0.000481695 0.0
MAT -0.0263904 0.622144 0.211703 0.0
MAT 0.00623225 0.976655 0.142824 1.0
VERTEX = 9
-0.00138501 1.08437 -0.188993
-0.00163946 1.08997 -0.192431
0.00493248 1.09022 -0.19251
0.00518693 1.08462 -0.189072
0.00142591 1.08872 -0.187772
0.00140046 1.08928 -0.188116
0.00205765 1.08931 -0.188124
0.0020831 1.08875 -0.18778
0.00174178 1.08901 -0.187948
INDEX = 14
4 5 7
6 7 5
1 2 5
6 5 2
0 1 4
5 4 1
7 6 3
2 3 6
4 7 0
3 0 7
8 1 0
8 2 1
8 3 2
8 0 3
FACE-NORMAL = 14
0.00971762 -0.522827 -0.852383
0.00971762 -0.522827 -0.852383
0.0352574 -0.982732 -0.181643
0.0352574 -0.982732 -0.181643
0.749191 -0.321443 -0.579126
0.749191 -0.321443 -0.579126
-0.736211 -0.378063 -0.561303
-0.736211 -0.378063 -0.561303
-0.0222564 0.283237 -0.958792
-0.0222564 0.283237 -0.958792
-0.713404 0.342763 0.611203
-0.0342281 0.971857 0.233072
0.699682 0.396627 0.594249
0.0204857 -0.232478 0.972386
BONE = 13
BONE_NAME = Neck02
PARENT_ID = 12
LOCALTM 
MAT 0.638743 0.0129519 -0.769297 0.0
MAT -0.0107486 0.999921 0.00794206 0.0
MAT 0.769335 0.00316907 0.638839 0.0
MAT 0.531189 0.0 0.0 1.0
WORLDTM 
MAT 0.0063913 -0.343864 -0.560615 0.0
MAT -0.657194 -0.0250461 0.00789288 0.0
MAT -0.0254454 0.560093 -0.343823 0.0
MAT 0.00174178 1.08901 -0.187948 1.0
VERTEX = 9
0.00144084 0.935121 -0.429687
0.00131853 0.936643 -0.436084
0.00788885 0.936942 -0.43614
0.00801117 0.93542 -0.429742
0.00420345 0.939136 -0.431828
0.00419122 0.939288 -0.432468
0.00484825 0.939318 -0.432473
0.00486048 0.939166 -0.431833
0.00452585 0.939227 -0.43215
INDEX = 14
4 5 7
6 7 5
1 2 5
6 5 2
0 1 4
5 4 1
7 6 3
2 3 6
4 7 0
3 0 7
8 1 0
8 2 1
8 3 2
8 0 3
FACE-NORMAL = 14
0.0422679 -0.971788 -0.232036
0.0422679 -0.971788 -0.232036
0.0420999 -0.822106 0.567776
0.0420999 -0.822106 0.567775
0.770767 -0.616319 -0.161458
0.770767 -0.616319 -0.161458
-0.714233 -0.683866 -0.148989
-0.714233 -0.683866 -0.148989
0.0144522 -0.478085 -0.878195
0.0144522 -0.478085 -0.878195
-0.736231 0.655028 0.170005
-0.0430391 0.850799 -0.523726
0.676472 0.719289 0.158143
-0.0167373 0.523524 0.851847
BONE = 14
BONE_NAME = Head
PARENT_ID = 13
LOCALTM 
MAT 0.706251 -0.00802336 -0.707892 0.0
MAT 0.00692164 0.999991 -0.00438025 0.0
MAT 0.707933 -0.00184928 0.706267 0.0
MAT 0.435597 0.0 1.19209e-007 1.0
WORLDTM 
MAT 0.0277993 -0.639139 -0.152608 0.0
MAT -0.657033 -0.0298794 0.00551847 0.0
MAT -0.0122313 0.152189 -0.639722 0.0
MAT 0.00452585 0.939227 -0.43215 1.0
VERTEX = 9
0.00610829 0.827325 -0.458071
0.0058445 0.832325 -0.462336
0.0124152 0.832625 -0.462391
0.012679 0.827626 -0.458126
0.00886973 0.831841 -0.457512
0.00884335 0.832341 -0.457938
0.00950042 0.832371 -0.457944
0.0095268 0.831871 -0.457517
0.00918507 0.832106 -0.457728
INDEX = 14
4 5 7
6 7 5
1 2 5
6 5 2
0 1 4
5 4 1
7 6 3
2 3 6
4 7 0
3 0 7
8 1 0
8 2 1
8 3 2
8 0 3
FACE-NORMAL = 14
0.0233222 -0.648077 -0.761218
0.0233222 -0.648077 -0.761218
0.0454146 -0.998597 -0.027219
0.0454146 -0.998597 -0.0272191
0.758064 -0.399552 -0.515458
0.758064 -0.399552 -0.515458
-0.726916 -0.467532 -0.502997
-0.726917 -0.467532 -0.502997
-0.0142099 0.131491 -0.991215
-0.0142099 0.131491 -0.991215
-0.722807 0.425924 0.544187
-0.0448528 0.995808 0.0797213
0.689878 0.490598 0.532337
0.011869 -0.0792647 0.996783
BONE = 15
BONE_NAME = Jaw
PARENT_ID = 14
LOCALTM 
MAT 0.807331 -0.000168083 0.589955 0.0
MAT 0.000268087 1.00008 -8.22889e-005 0.0
MAT -0.58998 0.000154272 0.807429 0.0
MAT 0.167602 0.0 -1.19209e-007 1.0
WORLDTM 
MAT 0.0153378 -0.426207 -0.500614 0.0
MAT -0.657074 -0.0300655 0.00553061 0.0
MAT -0.0263783 0.499956 -0.426494 0.0
MAT 0.00918507 0.832106 -0.457728 1.0
VERTEX = 9
-0.0929532 0.973597 -0.459238
-0.0929107 0.973459 -0.449239
-0.0951857 0.963722 -0.449362
-0.0952283 0.963859 -0.459361
-0.0988265 0.97029 -0.454757
-0.0988223 0.970276 -0.453757
-0.0990498 0.969303 -0.45377
-0.099054 0.969316 -0.454769
-0.0989381 0.969796 -0.454263
INDEX = 14
4 5 7
6 7 5
1 2 5
6 5 2
0 1 4
5 4 1
7 6 3
2 3 6
4 7 0
3 0 7
8 1 0
8 2 1
8 3 2
8 0 3
FACE-NORMAL = 14
0.973777 -0.227385 -0.00733501
0.973777 -0.227385 -0.00733501
0.64824 -0.141889 -0.748099
0.64824 -0.141889 -0.748099
0.482334 -0.875874 -0.0140944
0.482334 -0.875874 -0.0140944
0.820505 0.571623 0.00428033
0.820505 0.571623 0.00428033
0.654606 -0.162337 0.738335
0.654606 -0.162337 0.738335
-0.527709 0.849311 0.0139269
-0.685534 0.151059 0.712196
-0.849414 -0.527715 -0.00355329
-0.691595 0.170513 -0.70187
BONE = 16
BONE_NAME = Unit_Zerg_Hydralisk_Jaw_03
PARENT_ID = 14
LOCALTM 
MAT 0.401098 -1.46324 -0.0968407 0.0
MAT -1.42855 -0.412627 0.317904 0.0
MAT -0.332117 0.00709579 -1.48372 0.0
MAT -0.0440141 0.154746 0.046401 1.0
WORLDTM 
MAT 0.973734 -0.227375 -0.00733468 0.0
MAT 0.227508 0.97375 0.0123608 0.0
MAT 0.00425295 -0.0137483 0.999889 0.0
MAT -0.0989381 0.969796 -0.454263 1.0
VERTEX = 9
-0.0845372 1.11739 -0.133017
-0.0872679 1.12319 -0.125342
-0.086982 1.11526 -0.119251
-0.0842513 1.10946 -0.126926
-0.0904452 1.11549 -0.127821
-0.0907182 1.11607 -0.127054
-0.0906896 1.11528 -0.126445
-0.0904166 1.1147 -0.127212
-0.0905674 1.11538 -0.127133
INDEX = 14
4 5 7
6 7 5
1 2 5
6 5 2
0 1 4
5 4 1
7 6 3
2 3 6
4 7 0
3 0 7
8 1 0
8 2 1
8 3 2
8 0 3
FACE-NORMAL = 14
0.961568 0.188281 0.199843
0.961568 0.188281 0.199843
0.846228 -0.305114 -0.436811
0.846228 -0.305114 -0.436811
0.664509 -0.46317 0.586431
0.664509 -0.46317 0.586431
0.622002 0.715067 -0.319048
0.622002 0.715068 -0.319049
0.440282 0.557021 0.704187
0.440282 0.557021 0.704187
-0.700151 0.427307 -0.572012
-0.873022 0.276946 0.401414
-0.659712 -0.693568 0.289385
-0.48684 -0.543216 -0.684035
BONE = 17
BONE_NAME = Karapis_Bone02
PARENT_ID = 13
LOCALTM 
MAT -0.3945 -1.46807 0.0283101 0.0
MAT 0.15895 -0.0135012 1.51208 0.0
MAT -1.45974 0.395238 0.156909 0.0
MAT -0.101137 0.139815 -0.008762 1.0
WORLDTM 
MAT 0.961563 0.18828 0.199842 0.0
MAT -0.0285867 0.792588 -0.609104 0.0
MAT -0.27307 0.579938 0.767524 0.0
MAT -0.0905674 1.11538 -0.127133 1.0
VERTEX = 9
0.0728747 1.12111 -0.135572
0.075441 1.12706 -0.127954
0.075727 1.11913 -0.121863
0.0731607 1.11318 -0.129481
0.0693277 1.12089 -0.128301
0.0695844 1.12149 -0.127539
0.069613 1.12069 -0.12693
0.0693564 1.1201 -0.127692
0.0694704 1.12079 -0.127616
INDEX = 14
4 5 7
6 7 5
1 2 5
6 5 2
0 1 4
5 4 1
7 6 3
2 3 6
4 7 0
3 0 7
8 1 0
8 2 1
8 3 2
8 0 3
FACE-NORMAL = 14
0.96609 -0.134507 -0.220403
0.96609 -0.134507 -0.220403
0.455528 -0.53204 -0.713742
0.455528 -0.53204 -0.713742
0.66754 -0.679107 0.305293
0.66754 -0.679107 0.305292
0.625021 0.499141 -0.600173
0.625021 0.499141 -0.600173
0.837028 0.352069 0.418845
0.837028 0.352069 0.418845
-0.703354 0.655556 -0.274844
-0.501664 0.515649 0.694578
-0.662904 -0.465329 0.586538
-0.86459 -0.325418 -0.382868
BONE = 18
BONE_NAME = Karapis_Bone01
PARENT_ID = 13
LOCALTM 
MAT 0.4068 -1.46391 -0.0558646 0.0
MAT 0.158936 -0.0134835 1.51208 0.0
MAT -1.45634 -0.410445 0.14935 0.0
MAT -0.102455 -0.103635 -0.0107988 1.0
WORLDTM 
MAT 0.966097 -0.134508 -0.220405 0.0
MAT -0.0285984 0.792593 -0.609097 0.0
MAT 0.256634 0.594712 0.761854 0.0
MAT 0.0694704 1.12079 -0.127616 1.0
VERTEX = 9
-0.0322755 1.55468 0.0160704
-0.0323112 1.55619 0.0259558
-0.0319411 1.54631 0.0274643
-0.0319054 1.5448 0.0175789
-0.0371216 1.55073 0.021208
-0.0371251 1.55088 0.0221965
-0.0370881 1.54989 0.0223474
-0.0370846 1.54974 0.0213588
-0.0371048 1.55031 0.0217777
INDEX = 14
4 5 7
6 7 5
1 2 5
6 5 2
0 1 4
5 4 1
7 6 3
2 3 6
4 7 0
3 0 7
8 1 0
8 2 1
8 3 2
8 0 3
FACE-NORMAL = 14
0.999309 0.0371131 -0.00206524
0.999309 0.0371131 -0.00206524
0.671152 -0.0872544 -0.736167
0.671152 -0.0872544 -0.736167
0.696005 -0.709445 0.110741
0.696006 -0.709445 0.110741
0.640999 0.759102 -0.113505
0.640999 0.759102 -0.113505
0.665853 0.136911 0.733413
0.665853 0.136911 0.733413
-0.732782 0.672282 -0.105204
-0.709138 0.0803821 0.700473
-0.680454 -0.72477 0.108125
-0.704098 -0.132869 -0.697561
BONE = 19
BONE_NAME = Unit_Zerg_Hydralisk_Crest
PARENT_ID = 13
LOCALTM 
MAT -0.0121057 -1.52034 -0.00915569 0.0
MAT -0.590321 -0.00368695 1.40119 0.0
MAT -1.40108 0.0146619 -0.590303 0.0
MAT -0.639069 0.0361349 0.43287 1.0
WORLDTM 
MAT 0.999311 0.0371132 -0.00206524 0.0
MAT -0.0370038 0.987882 -0.150849 0.0
MAT -0.00356998 0.150788 0.988539 0.0
MAT -0.0371048 1.55031 0.0217777 1.0
VERTEX = 9
-0.00592051 0.823004 0.143983
-0.00592322 0.823194 0.145227
-0.00588062 0.821951 0.145417
-0.00587791 0.821761 0.144173
-0.0065314 0.822509 0.14463
-0.00653167 0.822528 0.144755
-0.00652741 0.822403 0.144774
-0.00652714 0.822384 0.144649
-0.0065294 0.822456 0.144702
INDEX = 14
4 5 7
6 7 5
1 2 5
6 5 2
0 1 4
5 4 1
7 6 3
2 3 6
4 7 0
3 0 7
8 1 0
8 2 1
8 3 2
8 0 3
FACE-NORMAL = 14
0.999425 0.0337814 -0.00299411
0.999425 0.0337814 -0.00299411
0.670174 -0.0895417 -0.736783
0.670174 -0.0895417 -0.736782
0.693739 -0.711754 0.110147
0.693739 -0.711754 0.110147
0.643421 0.756953 -0.114154
0.643421 0.756954 -0.114154
0.666986 0.13474 0.732786
0.666985 0.13474 0.732786
-0.730634 0.674713 -0.104573
-0.708216 0.0827937 0.701124
-0.682766 -0.72249 0.108808
-0.705184 -0.130569 -0.696899
BONE = 20
BONE_NAME = Spikes
PARENT_ID = 13
LOCALTM 
MAT -0.00103839 -0.191318 -0.00160296 0.0
MAT -0.0742844 -0.00106772 0.176323 0.0
MAT -0.176314 0.00157315 -0.0742801 0.0
MAT -0.219352 0.0340342 -0.609063 1.0
WORLDTM 
MAT 0.125767 0.00425103 -0.000376778 0.0
MAT -0.00425968 0.124328 -0.0189873 0.0
MAT -0.000270657 0.018985 0.124396 0.0
MAT -0.0065294 0.822456 0.144702 1.0
VERTEX = 9
0.00195244 1.05472 -0.480179
0.00193093 1.05623 -0.470293
0.00226943 1.04635 -0.468784
0.00229094 1.04484 -0.47867
-0.00290205 1.05078 -0.475036
-0.0029042 1.05093 -0.474048
-0.00287035 1.04994 -0.473897
-0.0028682 1.04979 -0.474885
-0.0028862 1.05036 -0.474467
INDEX = 14
4 5 7
6 7 5
1 2 5
6 5 2
0 1 4
5 4 1
7 6 3
2 3 6
4 7 0
3 0 7
8 1 0
8 2 1
8 3 2
8 0 3
FACE-NORMAL = 14
0.999425 0.0337815 -0.00299392
0.999425 0.0337815 -0.00299392
0.670175 -0.0895496 -0.736781
0.670175 -0.0895496 -0.736781
0.693739 -0.711753 0.110157
0.693739 -0.711753 0.110157
0.643421 0.756952 -0.114163
0.643421 0.756952 -0.114163
0.666985 0.134748 0.732785
0.666985 0.134748 0.732785
-0.730634 0.674712 -0.104582
-0.708217 0.0828012 0.701123
-0.682766 -0.722488 0.108816
-0.705183 -0.130577 -0.696898
BONE = 21
BONE_NAME = Ref_Head
PARENT_ID = 13
LOCALTM 
MAT -0.00825208 -1.52034 -0.0127382 0.0
MAT -0.590295 -0.0084854 1.40118 0.0
MAT -1.40111 0.0125009 -0.590262 0.0
MAT 0.401987 0.00406067 0.177971 1.0
WORLDTM 
MAT 0.999428 0.0337816 -0.00299393 0.0
MAT -0.0338498 0.987988 -0.150898 0.0
MAT -0.00215103 0.150877 0.988528 0.0
MAT -0.0028862 1.05036 -0.474467 1.0
VERTEX = 9
-0.0315687 1.62697 0.758185
-0.0318403 1.63465 0.751781
-0.0320603 1.64105 0.759461
-0.0317887 1.63337 0.765865
-0.0367869 1.63313 0.758762
-0.036814 1.6339 0.758121
-0.036836 1.63454 0.758889
-0.0368089 1.63377 0.75953
-0.0368114 1.63383 0.758825
INDEX = 14
4 5 7
6 7 5
1 2 5
6 5 2
0 1 4
5 4 1
7 6 3
2 3 6
4 7 0
3 0 7
8 1 0
8 2 1
8 3 2
8 0 3
FACE-NORMAL = 14
0.999387 0.0350152 -0.000539078
0.999387 0.0350152 -0.000539078
0.688767 -0.547113 0.475675
0.688767 -0.547113 0.475675
0.652197 0.499188 0.570482
0.652197 0.499188 0.570482
0.684912 -0.452345 -0.571209
0.684912 -0.452345 -0.571209
0.648343 0.593915 -0.476358
0.648343 0.593915 -0.476358
-0.691112 -0.477361 -0.54267
-0.725905 0.518001 -0.452479
-0.722234 0.427847 0.543438
-0.687443 -0.567475 0.453204
BONE = 22
BONE_NAME = HitTestFuzzy01
PARENT_ID = 13
LOCALTM 
MAT -0.0124148 -1.5203 -0.0130898 0.0
MAT 1.50449 -0.0103441 -0.219623 0.0
MAT 0.219448 -0.0147942 1.50443 0.0
MAT -1.66068 0.0442495 -0.0448506 1.0
WORLDTM 
MAT 0.999389 0.0350153 -0.000539079 0.0
MAT 0.0220022 -0.640091 -0.76801 0.0
MAT -0.0271556 0.767531 -0.6404 0.0
MAT -0.0368114 1.63383 0.758825 1.0
VERTEX = 9
-0.160985 1.38842 0.070286
-0.161038 1.38088 0.0768494
-0.161307 1.37431 0.069307
-0.161254 1.38186 0.0627436
-0.166128 1.38218 0.0699299
-0.166133 1.38143 0.0705862
-0.16616 1.38077 0.069832
-0.166155 1.38152 0.0691756
-0.166144 1.38148 0.0698809
INDEX = 14
4 5 7
6 7 5
1 2 5
6 5 2
0 1 4
5 4 1
7 6 3
2 3 6
4 7 0
3 0 7
8 1 0
8 2 1
8 3 2
8 0 3
FACE-NORMAL = 14
0.999624 -0.0216241 -0.016886
0.999624 -0.0216241 -0.016886
0.67261 0.546296 -0.499156
0.67261 0.546295 -0.499156
0.648716 -0.502099 -0.571896
0.648716 -0.502099 -0.571895
0.688711 0.473193 0.549332
0.688711 0.473193 0.549332
0.664816 -0.575238 0.476573
0.664815 -0.575238 0.476573
-0.687815 0.479183 0.545247
-0.710548 -0.51817 0.476048
-0.725867 -0.448626 -0.521394
-0.703134 0.548761 -0.452177
BONE = 23
BONE_NAME = Ref_Weapon Right
PARENT_ID = 13
LOCALTM 
MAT 0.0537981 -1.51769 -0.0734471 0.0
MAT -1.49863 -0.0650951 0.24838 0.0
MAT -0.251009 0.0635586 -1.49821 0.0
MAT -0.569104 0.242814 0.183628 1.0
WORLDTM 
MAT 0.99963 -0.0216242 -0.0168862 0.0
MAT 0.0268818 0.656072 0.754242 0.0
MAT -0.00525199 -0.754418 0.656341 0.0
MAT -0.166144 1.38148 0.0698809 1.0
VERTEX = 9
0.105627 1.35371 0.0723426
0.106227 1.34889 0.0810842
0.106298 1.34013 0.0762536
0.105698 1.34495 0.067512
0.100938 1.34742 0.0743484
0.100998 1.34694 0.0752226
0.101005 1.34607 0.0747395
0.100945 1.34655 0.0738654
0.100971 1.34674 0.074544
INDEX = 14
4 5 7
6 7 5
1 2 5
6 5 2
0 1 4
5 4 1
7 6 3
2 3 6
4 7 0
3 0 7
8 1 0
8 2 1
8 3 2
8 0 3
FACE-NORMAL = 14
0.998171 0.0351583 -0.0491768
0.998171 0.0351583 -0.0491768
0.623121 0.381682 -0.682671
0.623121 0.381682 -0.682671
0.67299 -0.627271 -0.391939
0.67299 -0.627271 -0.391939
0.662493 0.674333 0.326156
0.662492 0.674334 0.326157
0.712362 -0.334649 0.616887
0.712362 -0.334649 0.616888
-0.710805 0.594246 0.376334
-0.663365 -0.365585 0.652912
-0.700822 -0.64399 -0.3068
-0.748263 0.31587 -0.583377
BONE = 24
BONE_NAME = Ref_Weapon Left
PARENT_ID = 13
LOCALTM 
MAT 0.050489 -1.51935 0.0258276 0.0
MAT -1.32217 -0.0311332 0.750157 0.0
MAT -0.749019 -0.0474175 -1.32227 0.0
MAT -0.543606 -0.160893 0.119221 1.0
WORLDTM 
MAT 0.998176 0.0351584 -0.049177 0.0
MAT -0.00707787 0.875586 0.483062 0.0
MAT 0.060021 -0.481849 0.874165 0.0
MAT 0.100971 1.34674 0.074544 1.0
VERTEX = 9
-0.0385799 1.40654 -0.0784509
-0.0385321 1.40668 -0.0718757
-0.0388058 1.40011 -0.0717335
-0.0388536 1.39997 -0.0783087
-0.0419672 1.40378 -0.0754071
-0.0419624 1.40379 -0.0747495
-0.0419898 1.40314 -0.0747353
-0.0419945 1.40312 -0.0753928
-0.0419785 1.40346 -0.0750712
INDEX = 14
4 5 7
6 7 5
1 2 5
6 5 2
0 1 4
5 4 1
7 6 3
2 3 6
4 7 0
3 0 7
8 1 0
8 2 1
8 3 2
8 0 3
FACE-NORMAL = 14
0.999107 -0.0417716 -0.00638876
0.999107 -0.0417716 -0.00638876
0.662961 -0.043772 -0.747374
0.662961 -0.043772 -0.747373
0.637431 -0.770417 0.0117932
0.637431 -0.770417 0.0117931
0.699304 0.714535 -0.020341
0.699304 0.714535 -0.020341
0.673774 -0.0121152 0.738838
0.673774 -0.0121152 0.738838
-0.677045 0.735863 -0.0107672
-0.701331 0.0445946 0.711439
-0.735906 -0.676794 0.0198024
-0.711619 0.0144791 -0.702416
BONE = 25
BONE_NAME = Ref_Weapon
PARENT_ID = 13
LOCALTM 
MAT 0.0369636 -0.996778 -0.0709315 0.0
MAT -0.503426 -0.0798587 0.86037 0.0
MAT -0.863225 0.00387752 -0.50479 0.0
MAT -0.396891 0.0502761 0.319997 1.0
WORLDTM 
MAT 0.657117 -0.0274734 -0.00420192 0.0
MAT 0.0273727 0.656998 -0.0142173 0.0
MAT 0.00477915 0.0140057 0.657525 0.0
MAT -0.0419785 1.40346 -0.0750712 1.0
VERTEX = 9
-0.00264215 1.13231 0.0911584
-0.00266185 1.1431 0.105858
-0.00325922 1.13381 0.112668
-0.00323952 1.12302 0.0979679
-0.00791313 1.13319 0.100682
-0.0079151 1.13427 0.102152
-0.00797483 1.13334 0.102833
-0.00797286 1.13226 0.101363
-0.00794398 1.13327 0.101758
INDEX = 14
4 5 7
6 7 5
1 2 5
6 5 2
0 1 4
5 4 1
7 6 3
2 3 6
4 7 0
3 0 7
8 1 0
8 2 1
8 3 2
8 0 3
FACE-NORMAL = 14
0.99866 -0.0413997 0.0310455
0.99866 -0.0413997 0.0310455
0.66869 -0.467351 -0.578305
0.66869 -0.467351 -0.578305
0.629592 -0.626483 0.459492
0.629592 -0.626482 0.459492
0.706543 0.571071 -0.41794
0.706543 0.571071 -0.41794
0.667447 0.4122 0.620166
0.667446 0.4122 0.620166
-0.669558 0.59891 -0.439317
-0.706731 0.447524 0.547954
-0.74276 -0.540341 0.395397
-0.705588 -0.389204 -0.59217
BONE = 26
BONE_NAME = Vol_Target
PARENT_ID = 13
LOCALTM 
MAT 0.00738344 -1.5142 -0.137094 0.0
MAT 0.14462 -0.156904 1.74111 0.0
MAT -2.76274 -0.03272 0.228564 0.0
MAT -0.410782 0.0174185 -0.172409 1.0
WORLDTM 
MAT 0.998659 -0.0413997 0.0310455 0.0
MAT 0.0597377 0.929383 -0.680947 0.0
MAT -0.00197001 1.07884 1.46999 0.0
MAT -0.00794398 1.13327 0.101758 1.0
VERTEX = 9
-0.000231132 0.987255 0.12286
0.00080345 0.991563 0.117999
0.000691918 0.986653 0.113624
-0.000342664 0.982345 0.118485
0.00343134 0.986599 0.119053
0.0035348 0.98703 0.118567
0.00352365 0.986539 0.11813
0.00342019 0.986108 0.118616
0.00347749 0.986569 0.118592
INDEX = 14
4 5 7
6 7 5
1 2 5
6 5 2
0 1 4
5 4 1
7 6 3
2 3 6
4 7 0
3 0 7
8 1 0
8 2 1
8 3 2
8 0 3
FACE-NORMAL = 14
-0.987408 0.117145 -0.106314
-0.987408 0.117145 -0.106314
-0.777456 -0.408513 0.478204
-0.777456 -0.408513 0.478204
-0.673138 -0.476463 -0.565569
-0.673138 -0.476463 -0.565569
-0.647944 0.633207 0.42334
-0.647944 0.633208 0.42334
-0.543625 0.565252 -0.620453
-0.543625 0.565252 -0.620453
0.710185 0.444983 0.545551
0.809425 0.380341 -0.447406
0.68622 -0.610663 -0.395212
0.586979 -0.546016 0.597764
BONE = 27
BONE_NAME = ShoulderRt
PARENT_ID = 11
LOCALTM 
MAT 0.195397 0.117663 0.973631 0.0
MAT 0.735107 -0.674737 -0.0660038 0.0
MAT 0.649181 0.728629 -0.21835 0.0
MAT 0.301402 0.0236325 0.00216886 1.0
WORLDTM 
MAT -0.64942 0.0770463 -0.0699228 0.0
MAT 0.0111532 0.490949 0.437522 0.0
MAT 0.103458 0.430821 -0.486077 0.0
MAT 0.00347749 0.986569 0.118592 1.0
VERTEX = 9
-0.427749 1.03499 0.0771179
-0.430883 1.03499 0.0713356
-0.425232 1.0336 0.0682722
-0.422098 1.0336 0.0740544
-0.426004 1.03758 0.0728057
-0.426317 1.03758 0.0722274
-0.425752 1.03744 0.0719211
-0.425438 1.03744 0.0724993
-0.425878 1.03751 0.0723634
INDEX = 14
4 5 7
6 7 5
1 2 5
6 5 2
0 1 4
5 4 1
7 6 3
2 3 6
4 7 0
3 0 7
8 1 0
8 2 1
8 3 2
8 0 3
FACE-NORMAL = 14
-0.186297 -0.977303 0.100858
-0.186297 -0.977303 0.100858
0.229599 -0.653871 0.720928
0.229599 -0.653871 0.720928
0.513977 -0.811255 -0.278734
0.513976 -0.811256 -0.278734
-0.763249 -0.496302 0.413685
-0.763249 -0.496302 0.413685
-0.478854 -0.653692 -0.585991
-0.478854 -0.653692 -0.585991
-0.47578 0.840864 0.258032
-0.205248 0.691142 -0.692961
0.739263 0.541246 -0.400677
0.468715 0.690973 0.55033
BONE = 28
BONE_NAME = ArmRT
PARENT_ID = 27
LOCALTM 
MAT 0.058716 -0.665579 -0.744009 0.0
MAT 0.823653 0.453443 -0.340571 0.0
MAT 0.564046 -0.592797 0.574848 0.0
MAT 0.661136 1.19209e-007 -2.98023e-007 1.0
WORLDTM 
MAT -0.122528 -0.642776 0.0663346 0.0
MAT -0.565074 0.139352 0.306343 0.0
MAT -0.313442 8.08835e-005 -0.578222 0.0
MAT -0.425878 1.03751 0.0723634 1.0
VERTEX = 9
-0.514651 0.597925 0.114908
-0.510739 0.603033 0.116274
-0.505498 0.599508 0.114442
-0.50941 0.5944 0.113076
-0.510187 0.597548 0.117782
-0.509796 0.598059 0.117919
-0.509272 0.597706 0.117736
-0.509663 0.597196 0.117599
-0.509729 0.597627 0.117759
INDEX = 14
4 5 7
6 7 5
1 2 5
6 5 2
0 1 4
5 4 1
7 6 3
2 3 6
4 7 0
3 0 7
8 1 0
8 2 1
8 3 2
8 0 3
FACE-NORMAL = 14
-0.104938 0.331159 -0.937722
-0.104938 0.331159 -0.937722
-0.512322 -0.355683 -0.781675
-0.512322 -0.355683 -0.781675
0.522188 -0.176864 -0.83429
0.522188 -0.176864 -0.83429
-0.662587 0.61993 -0.420316
-0.662587 0.61993 -0.420316
0.371926 0.798754 -0.47293
0.371926 0.798754 -0.47293
-0.489345 0.144837 0.859979
0.4948 0.31495 0.809925
0.637749 -0.613165 0.46616
-0.346398 -0.783284 0.516212
BONE = 29
BONE_NAME = ForeArmRt
PARENT_ID = 28
LOCALTM 
MAT -0.398681 -0.276453 0.87444 0.0
MAT -0.347235 0.927994 0.135067 0.0
MAT -0.848809 -0.2498 -0.465958 0.0
MAT 0.684344 0.0 0.0 1.0
WORLDTM 
MAT -0.0690197 0.217809 -0.616756 0.0
MAT -0.524175 0.352523 0.183152 0.0
MAT 0.391209 0.510746 0.136597 0.0
MAT -0.509729 0.597627 0.117759 1.0
VERTEX = 9
-0.574824 0.792478 -0.44497
-0.577603 0.795323 -0.45021
-0.571664 0.796139 -0.452915
-0.568886 0.793295 -0.447676
-0.573142 0.797062 -0.447089
-0.57342 0.797347 -0.447613
-0.572826 0.797428 -0.447883
-0.572549 0.797144 -0.447359
-0.572984 0.797245 -0.447486
INDEX = 14
4 5 7
6 7 5
1 2 5
6 5 2
0 1 4
5 4 1
7 6 3
2 3 6
4 7 0
3 0 7
8 1 0
8 2 1
8 3 2
8 0 3
FACE-NORMAL = 14
-0.0790323 -0.893022 -0.443018
-0.0790323 -0.893022 -0.443018
0.261114 -0.918891 0.295733
0.261114 -0.918891 0.295733
0.618277 -0.50511 -0.602161
0.618277 -0.50511 -0.602161
-0.724039 -0.689694 0.00944413
-0.724039 -0.689694 0.00944422
-0.366834 -0.27593 -0.888423
-0.366834 -0.27593 -0.888423
-0.582588 0.543664 0.60417
-0.242813 0.937303 -0.250009
0.694378 0.719263 0.0223422
0.354563 0.32564 0.876495
BONE = 30
BONE_NAME = HandRt
PARENT_ID = 29
LOCALTM 
MAT 0.12798 -0.539015 -0.832507 0.0
MAT -0.332158 0.767659 -0.548072 0.0
MAT 0.93451 0.34664 -0.0808452 0.0
MAT 0.916481 -1.19209e-007 5.66244e-007 1.0
WORLDTM 
MAT -0.0519794 -0.587339 -0.291372 0.0
MAT -0.593873 -0.0816555 0.270594 0.0
MAT -0.277827 0.284452 -0.52392 0.0
MAT -0.572984 0.797245 -0.447486 1.0
VERTEX = 9
-0.79802 0.105472 -0.849548
-0.798794 0.098434 -0.842487
-0.80175 0.0918316 -0.849392
-0.800977 0.0988697 -0.856453
-0.802009 0.0999697 -0.849096
-0.802086 0.0992658 -0.84839
-0.802382 0.0986056 -0.849081
-0.802304 0.0993094 -0.849787
-0.802195 0.0992876 -0.849089
INDEX = 14
4 5 7
6 7 5
1 2 5
6 5 2
0 1 4
5 4 1
7 6 3
2 3 6
4 7 0
3 0 7
8 1 0
8 2 1
8 3 2
8 0 3
FACE-NORMAL = 14
0.952151 -0.262082 -0.157229
0.952151 -0.262082 -0.157229
0.69438 0.347802 -0.629976
0.69438 0.347802 -0.629976
0.417208 -0.666015 -0.618354
0.417208 -0.666015 -0.618354
0.856732 0.315431 0.40806
0.856732 0.315431 0.40806
0.579519 -0.698561 0.419727
0.579519 -0.698561 0.419727
-0.464219 0.65212 0.599366
-0.727894 -0.312339 0.610422
-0.882354 -0.281541 -0.377075
-0.618639 0.683086 -0.388174
BONE = 31
BONE_NAME = HitTestFuzzy02
PARENT_ID = 30
LOCALTM 
MAT 0.16852 -0.657931 -0.287926 0.0
MAT -1.39708 -0.0985998 -0.591887 0.0
MAT 0.489415 0.680759 -1.26831 0.0
MAT 1.24574 0.195255 0.174574 1.0
WORLDTM 
MAT 0.461962 -0.127156 -0.0762838 0.0
MAT 0.295617 0.660246 0.690491 0.0
MAT -0.0773533 -0.703813 0.706099 0.0
MAT -0.802195 0.0992876 -0.849089 1.0
VERTEX = 9
0.00780724 0.982882 0.118269
0.00581983 0.98684 0.113407
0.00540355 0.991846 0.117652
0.00739096 0.987888 0.122514
0.0035977 0.98612 0.118623
0.00339896 0.986516 0.118136
0.00335733 0.987017 0.118561
0.00355608 0.986621 0.119047
0.00347752 0.986569 0.118592
INDEX = 14
4 5 7
6 7 5
1 2 5
6 5 2
0 1 4
5 4 1
7 6 3
2 3 6
4 7 0
3 0 7
8 1 0
8 2 1
8 3 2
8 0 3
FACE-NORMAL = 14
0.951153 0.241834 -0.191897
0.951153 0.241834 -0.191897
0.860884 -0.285508 0.421146
0.860884 -0.285507 0.421146
0.589237 0.727552 0.35138
0.589237 0.727552 0.35138
0.683339 -0.404005 -0.608134
0.683339 -0.404005 -0.608134
0.411688 0.60907 -0.677898
0.411688 0.60907 -0.677898
-0.627806 -0.709231 -0.320704
-0.886228 0.254507 -0.387073
-0.717328 0.367236 0.592097
-0.458902 -0.596518 0.658464
BONE = 32
BONE_NAME = ShoulderLft
PARENT_ID = 11
LOCALTM 
MAT 0.168737 0.176446 -0.96973 0.0
MAT -0.756305 0.654106 -0.0125648 0.0
MAT 0.632096 0.735535 0.243833 0.0
MAT 0.301401 0.0236324 0.00216886 1.0
WORLDTM 
MAT 0.625575 0.159055 -0.126211 0.0
MAT 0.0416279 -0.500634 -0.424515 0.0
MAT -0.198741 0.395785 -0.486247 0.0
MAT 0.00347752 0.986569 0.118592 1.0
VERTEX = 9
0.369284 1.07466 0.0468811
0.36867 1.07616 0.0405056
0.374349 1.07947 0.0407345
0.374963 1.07797 0.0471101
0.369933 1.07957 0.0449146
0.369872 1.07971 0.0442771
0.370439 1.08005 0.0443
0.370501 1.0799 0.0449375
0.370186 1.07981 0.0446073
INDEX = 14
4 5 7
6 7 5
1 2 5
6 5 2
0 1 4
5 4 1
7 6 3
2 3 6
4 7 0
3 0 7
8 1 0
8 2 1
8 3 2
8 0 3
FACE-NORMAL = 14
0.495802 -0.833712 -0.243116
0.495802 -0.833712 -0.243116
0.401075 -0.726575 0.557877
0.401075 -0.726575 0.557877
0.973436 -0.183628 -0.136758
0.973436 -0.183628 -0.136758
-0.3101 -0.931826 -0.188514
-0.3101 -0.931826 -0.188514
0.262271 -0.388866 -0.883174
0.262271 -0.388866 -0.883174
-0.961102 0.23364 0.14729
-0.416606 0.750153 -0.513527
0.259944 0.945413 0.196527
-0.284561 0.428888 0.857368
BONE = 33
BONE_NAME = ArmLft
PARENT_ID = 32
LOCALTM 
MAT 0.316626 0.822904 -0.471775 0.0
MAT -0.936278 0.350902 -0.0162408 0.0
MAT 0.152163 0.446831 0.881579 0.0
MAT 0.586194 -1.19209e-007 1.19209e-007 1.0
WORLDTM 
MAT 0.32609 -0.548334 -0.159898 0.0
MAT -0.567877 -0.331021 -0.0228973 0.0
MAT -0.0614155 0.14942 -0.637556 0.0
MAT 0.370186 1.07981 0.0446073 1.0
VERTEX = 9
0.602115 0.684168 -0.0747922
0.598406 0.687694 -0.0706616
0.603095 0.692297 -0.070379
0.606805 0.688771 -0.0745097
0.603926 0.686274 -0.0702511
0.603555 0.686626 -0.0698381
0.604024 0.687087 -0.0698098
0.604395 0.686734 -0.0702229
0.603975 0.68668 -0.0700305
INDEX = 14
4 5 7
6 7 5
1 2 5
6 5 2
0 1 4
5 4 1
7 6 3
2 3 6
4 7 0
3 0 7
8 1 0
8 2 1
8 3 2
8 0 3
FACE-NORMAL = 14
-0.416502 0.472026 -0.776993
-0.416502 0.472026 -0.776993
0.140637 -0.0827091 -0.986601
0.140636 -0.0827089 -0.986601
0.25136 0.835951 -0.487857
0.251359 0.835951 -0.487857
-0.808604 -0.204408 -0.551705
-0.808604 -0.204408 -0.551704
-0.697887 0.714247 -0.0529605
-0.697887 0.714247 -0.0529603
-0.209671 -0.82863 0.519047
-0.104338 0.0453051 0.993509
0.798688 0.161079 0.579786
0.693362 -0.712851 0.105324
BONE = 34
BONE_NAME = ForeArmLft
