EXPORTER_V17
ANIMATION_EXPORT
BONEOBJECT_COUNT = 45
VERTEX = 9
-0.00567107 0.52122 -0.092197
-0.00567107 0.525018 -0.0975667
0.000904608 0.525128 -0.0974888
0.000904604 0.521331 -0.0921191
-0.00277948 0.525663 -0.0926798
-0.00277948 0.526043 -0.0932167
-0.00212191 0.526054 -0.093209
-0.00212191 0.525674 -0.092672
-0.00245069 0.525859 -0.0929444
INDEX = 14
4 5 7
6 7 5
1 2 5
6 5 2
0 1 4
5 4 1
7 6 3
2 3 6
4 7 0
3 0 7
8 1 0
8 2 1
8 3 2
8 0 3
FACE-NORMAL = 14
0.0205136 -0.816255 -0.577327
0.0205136 -0.816255 -0.577327
0.0137224 -0.97526 0.220634
0.0137224 -0.97526 0.220634
0.756861 -0.533598 -0.377406
0.75686 -0.533598 -0.377406
-0.729415 -0.558494 -0.395017
-0.729415 -0.558494 -0.395017
0.0137234 -0.116832 -0.993057
0.0137234 -0.116832 -0.993057
-0.721463 0.565337 0.399855
-0.0145048 0.985497 -0.169069
0.692453 0.589022 0.416608
-0.0145058 0.168862 0.985533
BONE = 0
BONE_NAME = Root
PARENT_ID = -1
LOCALTM 
MAT 0.0134919 -0.536856 -0.379712 0.0
MAT -0.657568 -0.0110149 -0.00779125 0.0
MAT 4.47152e-007 0.379791 -0.536969 0.0
MAT -0.00245069 0.525859 -0.0929444 1.0
WORLDTM 
MAT 0.0134919 -0.536856 -0.379712 0.0
MAT -0.657568 -0.0110149 -0.00779125 0.0
MAT 4.47152e-007 0.379791 -0.536969 0.0
MAT -0.00245069 0.525859 -0.0929444 1.0
VERTEX = 9
0.00307504 0.432554 -0.153981
-0.00350202 0.432557 -0.15398
-0.00350202 0.434786 -0.160168
0.00307504 0.434782 -0.160169
0.000117247 0.436652 -0.155651
-0.000540459 0.436652 -0.155651
-0.000540459 0.436875 -0.156269
0.000117247 0.436875 -0.15627
-0.000211606 0.436764 -0.15596
INDEX = 14
4 5 7
6 7 5
1 2 5
6 5 2
0 1 4
5 4 1
7 6 3
2 3 6
4 7 0
3 0 7
8 1 0
8 2 1
8 3 2
8 0 3
FACE-NORMAL = 14
-0.000572949 -0.940862 -0.338789
-0.000572949 -0.940862 -0.338789
0.742911 -0.629805 -0.226782
0.742911 -0.629805 -0.226782
-0.000383215 -0.377584 -0.925975
-0.000383215 -0.377584 -0.925975
-0.00038335 -0.881223 0.4727
-0.00038335 -0.881223 0.4727
-0.743677 -0.629003 -0.226494
-0.743677 -0.629003 -0.226493
0.000405072 0.42573 0.90485
-0.706701 0.665671 0.239697
0.0004052 0.90485 -0.425731
0.707512 0.664909 0.239423
BONE = 1
BONE_NAME = Tail01
PARENT_ID = 0
LOCALTM 
MAT 0.963564 0.0203432 -0.266704 0.0
MAT -0.266648 -0.00547162 -0.963779 0.0
MAT -0.0210658 0.999778 0.000152449 0.0
MAT 0.165957 0.0 0.0 1.0
WORLDTM 
MAT -0.000376832 -0.618811 -0.222823 0.0
MAT 0.0 -0.222823 0.618811 0.0
MAT -0.657706 0.000354752 0.000127554 0.0
MAT -0.000211606 0.436764 -0.15596 1.0
VERTEX = 9
0.00270424 0.235361 -0.22352
-0.00385922 0.23563 -0.223846
-0.00378901 0.23132 -0.228814
0.00277445 0.231051 -0.228488
-9.28232e-006 0.236023 -0.228052
-0.000665629 0.23605 -0.228084
-0.000658608 0.235619 -0.228581
-2.26131e-006 0.235592 -0.228548
-0.000333945 0.235821 -0.228316
INDEX = 14
4 5 7
6 7 5
1 2 5
6 5 2
0 1 4
5 4 1
7 6 3
2 3 6
4 7 0
3 0 7
8 1 0
8 2 1
8 3 2
8 0 3
FACE-NORMAL = 14
-0.0633838 -0.754252 0.653519
-0.0633838 -0.754252 0.653519
0.699355 -0.534966 0.474039
0.699355 -0.534966 0.474039
-0.0344669 -0.991656 -0.124217
-0.0344669 -0.991656 -0.124217
-0.0503362 -0.0174796 0.998579
-0.0503362 -0.0174794 0.998579
-0.784159 -0.47417 0.400323
-0.784159 -0.474169 0.400323
0.0372708 0.996711 0.071959
-0.660825 0.562255 -0.497171
0.0523675 0.069962 -0.996174
0.750464 0.504418 -0.427044
BONE = 2
BONE_NAME = Tail02
PARENT_ID = 1
LOCALTM 
MAT 0.488279 0.870403 0.063104 0.0
MAT -0.872433 0.488607 0.0111748 0.0
MAT -0.0211065 -0.0605103 0.997944 0.0
MAT 0.324725 1.78814e-007 0.0 1.0
WORLDTM 
MAT -0.0416879 -0.496076 0.429823 0.0
MAT -0.00702098 0.431002 0.496755 0.0
MAT -0.656346 0.026898 -0.0326141 0.0
MAT -0.000333945 0.235821 -0.228316 1.0
VERTEX = 9
-0.0122525 0.0519054 -0.0635194
-0.0187237 0.0519609 -0.0623453
-0.0187237 0.0453911 -0.0620348
-0.0122525 0.0453357 -0.0632089
-0.0157522 0.0488212 -0.0660833
-0.0163993 0.0488268 -0.0659659
-0.0163993 0.0481698 -0.0659348
-0.0157522 0.0481643 -0.0660523
-0.0160758 0.0484955 -0.0660091
INDEX = 14
4 5 7
6 7 5
1 2 5
6 5 2
0 1 4
5 4 1
7 6 3
2 3 6
4 7 0
3 0 7
8 1 0
8 2 1
8 3 2
8 0 3
FACE-NORMAL = 14
0.178711 0.0464451 0.982805
0.178711 0.0464451 0.982805
0.850879 0.0248033 0.524775
0.850879 0.0248033 0.524775
0.119555 -0.711396 0.692548
0.119555 -0.711395 0.692548
0.119548 0.773536 0.622375
0.119548 0.773536 0.622375
-0.611777 0.0373369 0.790148
-0.611777 0.0373369 0.790148
-0.126371 0.673477 -0.728326
-0.822091 -0.0268799 -0.568721
-0.126364 -0.73916 -0.66157
0.569356 -0.0388033 -0.821175
BONE = 3
BONE_NAME = Tail03
PARENT_ID = 2
LOCALTM 
MAT 0.595923 0.770825 -0.225177 0.0
MAT -0.784259 0.618927 0.0431965 0.0
MAT 0.172665 0.150855 0.973359 0.0
MAT 0.377614 0.0 -1.52737e-007 1.0
WORLDTM 
MAT 0.117539 0.0305472 0.646396 0.0
MAT -3.20375e-006 0.656973 -0.0310463 0.0
MAT -0.647118 0.00554518 0.117408 0.0
MAT -0.0160758 0.0484955 -0.0660091 1.0
VERTEX = 9
0.0427392 0.0660506 0.238567
0.0363031 0.0660472 0.239921
0.0363031 0.0594701 0.239904
0.0427392 0.0594736 0.23855
0.0391657 0.0630976 0.235951
0.038522 0.0630973 0.236086
0.0385221 0.0624396 0.236084
0.0391657 0.0624399 0.235949
0.0388439 0.0627686 0.236018
INDEX = 14
4 5 7
6 7 5
1 2 5
6 5 2
0 1 4
5 4 1
7 6 3
2 3 6
4 7 0
3 0 7
8 1 0
8 2 1
8 3 2
8 0 3
FACE-NORMAL = 14
0.205961 -0.00250048 0.978557
0.205961 -0.00250048 0.978557
0.865138 -0.00127916 0.501533
0.865138 -0.00127916 0.501533
0.137782 -0.744964 0.65272
0.137782 -0.744964 0.652721
0.137779 0.741619 0.65652
0.137779 0.741619 0.65652
-0.589579 -0.00206631 0.807708
-0.589579 -0.00206631 0.807708
-0.145638 0.708873 -0.690137
-0.837582 0.00139369 -0.54631
-0.145635 -0.705336 -0.693752
0.546312 0.00214253 -0.837579
BONE = 4
BONE_NAME = Tail04
PARENT_ID = 3
LOCALTM 
MAT 0.998421 -0.0486906 -0.0279823 0.0
MAT 0.0489563 0.998761 0.0088896 0.0
MAT 0.0275122 -0.0102462 0.99957 0.0
MAT 0.467247 0.0 1.61584e-007 1.0
WORLDTM 
MAT 0.135462 -0.00164458 0.643602 0.0
MAT -1.54227e-006 0.657703 0.00168106 0.0
MAT -0.643606 -0.000348255 0.135459 0.0
MAT 0.0388439 0.0627686 0.236018 1.0
VERTEX = 9
0.0955156 0.0658269 0.500512
0.0894133 0.0655664 0.498072
0.0894134 0.0590265 0.49877
0.0955157 0.0592871 0.50121
0.0939963 0.0624428 0.496694
0.0933861 0.0624167 0.49645
0.0933861 0.0617627 0.49652
0.0939963 0.0617888 0.496764
0.0936912 0.0621028 0.496607
INDEX = 14
4 5 7
6 7 5
1 2 5
6 5 2
0 1 4
5 4 1
7 6 3
2 3 6
4 7 0
3 0 7
8 1 0
8 2 1
8 3 2
8 0 3
FACE-NORMAL = 14
-0.373043 0.0985096 0.92257
-0.373043 0.0985096 0.92257
0.440085 0.0953497 0.892879
0.440085 0.0953497 0.892879
-0.249544 -0.673193 0.696088
-0.249544 -0.673193 0.696088
-0.249561 0.804992 0.538245
-0.249561 0.804992 0.538245
-0.939192 0.0364491 0.341454
-0.939192 0.0364491 0.341454
0.263773 0.633453 -0.727435
-0.392282 -0.0976732 -0.914645
0.263789 -0.772766 -0.577276
0.919845 -0.0416403 -0.390065
BONE = 5
BONE_NAME = Tail05
PARENT_ID = 4
LOCALTM 
MAT 0.825709 0.100868 0.555003 0.0
MAT -0.10639 0.994072 -0.0223826 0.0
MAT -0.553974 -0.0405666 0.831546 0.0
MAT 0.404892 0.0 0.0 1.0
WORLDTM 
MAT -0.245352 0.0647902 0.606778 0.0
MAT -7.79331e-006 0.653988 -0.0698339 0.0
MAT -0.61023 -0.0260593 -0.243967 0.0
MAT 0.0936912 0.0621028 0.496607 1.0
VERTEX = 9
-0.0302329 0.0984695 0.813269
-0.0366262 0.0985778 0.811729
-0.036626 0.092017 0.811267
-0.0302328 0.0919087 0.812808
-0.0323377 0.0957904 0.80918
-0.0329771 0.0958012 0.809026
-0.032977 0.0951451 0.808979
-0.0323377 0.0951343 0.809134
-0.0326574 0.0954678 0.80908
INDEX = 14
4 5 7
6 7 5
1 2 5
6 5 2
0 1 4
5 4 1
7 6 3
2 3 6
4 7 0
3 0 7
8 1 0
8 2 1
8 3 2
8 0 3
FACE-NORMAL = 14
-0.234787 -0.0682605 0.969647
-0.234787 -0.0682605 0.969647
0.565449 -0.0579025 0.822748
0.565449 -0.0579025 0.822748
-0.157049 -0.787123 0.596467
-0.157049 -0.787123 0.596467
-0.157079 0.695796 0.700852
-0.157079 0.695796 0.700852
-0.879583 -0.0334252 0.47457
-0.879583 -0.0334252 0.47457
0.166005 0.753628 -0.635993
-0.521318 0.0599102 -0.851257
0.166034 -0.657094 -0.735296
0.853362 0.0366246 -0.52003
BONE = 6
BONE_NAME = Tail06
PARENT_ID = 5
LOCALTM 
MAT 0.975425 -0.170827 -0.13913 0.0
MAT 0.163054 0.984437 -0.0655491 0.0
MAT 0.148159 0.0412542 0.988106 0.0
MAT 0.51497 0.0 -2.68221e-007 1.0
WORLDTM 
MAT -0.15442 -0.0448951 0.637739 0.0
MAT -1.3195e-005 0.656082 0.0461822 0.0
MAT -0.639323 0.0108296 -0.154046 0.0
MAT -0.0326574 0.0954678 0.80908 1.0
VERTEX = 9
-0.0995965 0.0775815 1.10495
-0.106033 0.0774881 1.1063
-0.106173 0.0710078 1.10518
-0.0997365 0.0711011 1.10383
-0.103229 0.0751831 1.10188
-0.103873 0.0751738 1.10202
-0.103887 0.0745258 1.10191
-0.103243 0.0745351 1.10177
-0.103558 0.0748545 1.10189
INDEX = 14
4 5 7
6 7 5
1 2 5
6 5 2
0 1 4
5 4 1
7 6 3
2 3 6
4 7 0
3 0 7
8 1 0
8 2 1
8 3 2
8 0 3
FACE-NORMAL = 14
0.204868 -0.170244 0.96387
0.204868 -0.170244 0.96387
0.864392 -0.103335 0.492085
0.864392 -0.103335 0.492086
0.121225 -0.846254 0.518805
0.121225 -0.846254 0.518805
0.152874 0.618481 0.770786
0.152874 0.618481 0.770786
-0.590329 -0.124439 0.797513
-0.590329 -0.124439 0.797513
-0.129809 0.817092 -0.561702
-0.836795 0.110342 -0.536282
-0.159918 -0.576332 -0.801416
0.547102 0.130419 -0.826843
BONE = 7
BONE_NAME = TailTIP
PARENT_ID = 6
LOCALTM 
MAT 0.898135 -0.102147 -0.427689 0.0
MAT 0.0921038 0.994769 -0.0441691 0.0
MAT 0.429932 0.000289327 0.902862 0.0
MAT 0.459144 0.0 0.0 1.0
WORLDTM 
MAT 0.134743 -0.11197 0.633942 0.0
MAT 0.0140026 0.648037 0.111483 0.0
MAT -0.643611 -0.00933435 0.135115 0.0
MAT -0.103558 0.0748545 1.10189 1.0
VERTEX = 9
-0.00188974 0.539676 -0.0849732
-0.00188974 0.546254 -0.0849732
0.00468732 0.546254 -0.0849732
0.00468732 0.539676 -0.0849732
0.00106994 0.542636 -0.0816847
0.00106994 0.543294 -0.0816847
0.00172764 0.543294 -0.0816847
0.00172764 0.542636 -0.0816847
0.00139879 0.542965 -0.0816847
INDEX = 14
4 5 7
6 7 5
1 2 5
6 5 2
0 1 4
5 4 1
7 6 3
2 3 6
4 7 0
3 0 7
8 1 0
8 2 1
8 3 2
8 0 3
FACE-NORMAL = 14
-1.62842e-007 -3.448e-007 -1.0
-1.62842e-007 -3.448e-007 -1.0
-2.43658e-007 -0.743294 -0.668965
-2.43658e-007 -0.743294 -0.668965
0.743294 0.0 -0.668965
0.743294 0.0 -0.668965
-0.743294 -3.99062e-007 -0.668965
-0.743294 -3.99062e-007 -0.668965
0.0 0.743294 -0.668965
0.0 0.743294 -0.668965
-0.707107 0.0 0.707107
2.4331e-007 0.707107 0.707107
0.707107 4.04014e-007 0.707107
0.0 -0.707107 0.707107
BONE = 8
BONE_NAME = Dummy01
PARENT_ID = 0
LOCALTM 
MAT 0.577327 0.0118463 0.816426 0.0
MAT -0.0205135 0.99979 -9.40804e-007 0.0
MAT -0.816255 -0.0167476 0.577449 0.0
MAT -0.0309935 -0.00649004 0.00104189 1.0
WORLDTM 
MAT 0.0 -2.26777e-007 -0.657706 0.0
MAT -0.657706 -1.49012e-007 0.0 0.0
MAT 1.19209e-007 0.657706 0.0 0.0
MAT 0.00139879 0.542965 -0.0816847 1.0
VERTEX = 9
0.00466429 0.547625 -0.0819332
-0.00191261 0.547594 -0.0818992
-0.00186671 0.543181 -0.0770228
0.0047102 0.543212 -0.0770568
0.00172534 0.543187 -0.0819302
0.00106765 0.543184 -0.0819268
0.00107224 0.542743 -0.0814392
0.00172993 0.542746 -0.0814426
0.00139879 0.542965 -0.0816847
INDEX = 14
4 5 7
6 7 5
1 2 5
6 5 2
0 1 4
5 4 1
7 6 3
2 3 6
4 7 0
3 0 7
8 1 0
8 2 1
8 3 2
8 0 3
FACE-NORMAL = 14
5.75611e-007 0.741435 0.671025
5.75611e-007 0.741435 0.671025
0.743276 0.499476 0.445045
0.743276 0.499476 0.445045
0.00518863 -0.00276291 0.999983
0.00518863 -0.00276277 0.999983
-0.00518786 0.99475 -0.102199
-0.00518786 0.99475 -0.102199
-0.743276 0.492512 0.452739
-0.743276 0.492512 0.452739
-0.00493606 -0.049799 -0.998747
-0.707089 -0.527586 -0.470826
0.00493525 -0.998748 0.0497747
0.70709 -0.520961 -0.478146
BONE = 9
BONE_NAME = SpineUp01
PARENT_ID = 8
LOCALTM 
MAT -0.671025 -3.31954e-007 0.741435 0.0
MAT 0.741417 0.00698007 0.671009 0.0
MAT -0.00517456 0.999976 -0.00468505 0.0
MAT 0.0 0.0 0.0 1.0
WORLDTM 
MAT 3.78583e-007 0.487646 0.441337 0.0
MAT -0.00459084 0.441326 -0.487634 0.0
MAT -0.657691 -0.00308153 0.00340344 0.0
MAT 0.00139879 0.542965 -0.0816847 1.0
VERTEX = 9
0.00508505 0.641216 0.00283145
-0.00145434 0.64183 0.00317433
-0.00159919 0.637515 0.00813595
0.00494019 0.636901 0.00779307
0.00173315 0.637088 0.0030666
0.00107921 0.637149 0.00310089
0.00106472 0.636718 0.00359705
0.00171866 0.636656 0.00356276
0.00139894 0.636903 0.00333183
INDEX = 14
4 5 7
6 7 5
1 2 5
6 5 2
0 1 4
5 4 1
7 6 3
2 3 6
4 7 0
3 0 7
8 1 0
8 2 1
8 3 2
8 0 3
FACE-NORMAL = 14
0.104604 0.748913 0.65436
0.104604 0.748913 0.65436
0.809011 0.43163 0.398994
0.809011 0.43163 0.398994
0.0536054 0.0133469 0.998473
0.0536054 0.0133471 0.998473
0.0863471 0.988645 -0.122984
0.086347 0.988645 -0.122984
-0.669059 0.570363 0.476493
-0.669059 0.570363 0.476493
-0.0583923 -0.0656534 -0.996132
-0.777021 -0.463572 -0.425839
-0.0895398 -0.993469 0.0707265
0.629089 -0.595551 -0.499565
BONE = 10
BONE_NAME = SpineUp02
PARENT_ID = 9
LOCALTM 
MAT 0.994361 0.0166431 -0.104722 0.0
MAT -0.0197799 0.999384 -0.0290012 0.0
MAT 0.104177 0.0309097 0.994079 0.0
MAT 0.192635 2.98023e-007 0.0 1.0
WORLDTM 
MAT 0.0687984 0.492564 0.430376 0.0
MAT 0.0144858 0.431498 -0.496162 0.0
MAT -0.653938 0.0613795 0.0342878 0.0
MAT 0.00139894 0.636903 0.00333183 1.0
VERTEX = 9
0.0238495 0.779815 0.121776
0.0172933 0.779301 0.121868
0.0173788 0.779384 0.128444
0.0239351 0.779898 0.128352
0.0211955 0.776343 0.124815
0.0205398 0.776292 0.124824
0.0205484 0.7763 0.125481
0.021204 0.776351 0.125472
0.0208719 0.776322 0.125148
INDEX = 14
4 5 7
6 7 5
1 2 5
6 5 2
0 1 4
5 4 1
7 6 3
2 3 6
4 7 0
3 0 7
8 1 0
8 2 1
8 3 2
8 0 3
FACE-NORMAL = 14
-0.0783773 0.996857 -0.0115421
-0.0783773 0.996857 -0.0115421
0.688512 0.724999 -0.0180917
0.688512 0.724999 -0.0180917
-0.0427621 0.676226 0.735452
-0.0427621 0.676226 0.735452
-0.0621012 0.657498 -0.750893
-0.0621012 0.657498 -0.750893
-0.793377 0.608725 0.00264913
-0.793377 0.608725 0.00264913
0.0462224 -0.713793 -0.69883
-0.64945 -0.760191 0.018027
0.0646199 -0.695976 0.715152
0.760293 -0.649578 -0.00170401
BONE = 11
BONE_NAME = SpineUp03
PARENT_ID = 10
LOCALTM 
MAT 0.730805 0.66098 0.170356 0.0
MAT -0.665051 0.745709 -0.0403647 0.0
MAT -0.153721 -0.083795 0.984557 0.0
MAT 0.283047 4.76837e-007 2.98023e-007 1.0
WORLDTM 
MAT -0.051549 0.655636 -0.00759129 0.0
MAT -0.00855619 -0.00828526 -0.657598 0.0
MAT -0.655629 -0.0514433 0.00917631 0.0
MAT 0.0208719 0.776322 0.125148 1.0
VERTEX = 9
0.00326957 0.961519 0.127397
0.00300563 0.96774 0.129514
0.00957692 0.968017 0.129519
0.00984086 0.961796 0.127402
0.00615019 0.963385 0.131465
0.00612379 0.964007 0.131677
0.00678092 0.964035 0.131677
0.00680732 0.963413 0.131466
0.00646555 0.96371 0.131571
INDEX = 14
4 5 7
6 7 5
1 2 5
6 5 2
0 1 4
5 4 1
7 6 3
2 3 6
4 7 0
3 0 7
8 1 0
8 2 1
8 3 2
8 0 3
FACE-NORMAL = 14
-0.012866 0.321615 -0.946783
-0.012866 0.321615 -0.946783
0.0212211 -0.487956 -0.87261
0.0212211 -0.487955 -0.872611
0.734032 0.24646 -0.632815
0.734032 0.24646 -0.632815
-0.751237 0.183839 -0.633914
-0.751237 0.183839 -0.633914
-0.038435 0.918256 -0.394118
-0.038435 0.918256 -0.394118
-0.697385 -0.257203 0.668955
-0.0192782 0.441458 0.897075
0.715572 -0.19763 0.669999
0.0374736 -0.896292 0.441878
BONE = 12
BONE_NAME = Neck01
PARENT_ID = 11
LOCALTM 
MAT 0.332535 0.94273 -0.0255421 0.0
MAT 0.0363286 0.0142685 0.999245 0.0
MAT 0.942396 -0.333219 -0.0294908 0.0
MAT 0.285622 -0.0130695 -0.00031323 1.0
WORLDTM 
MAT -0.00846193 0.211525 -0.622697 0.0
MAT -0.657129 -0.0277044 -0.000489354 0.0
MAT -0.0263935 0.622147 0.211699 0.0
MAT 0.00646555 0.96371 0.131571 1.0
VERTEX = 9
-0.00114555 1.07142 -0.200252
-0.00140023 1.07702 -0.20369
0.00517151 1.07728 -0.203751
0.00542619 1.07168 -0.200313
0.00165482 1.07578 -0.199023
0.00162935 1.07634 -0.199367
0.00228652 1.07636 -0.199373
0.00231199 1.0758 -0.19903
0.00197067 1.07607 -0.199198
INDEX = 14
4 5 7
6 7 5
1 2 5
6 5 2
0 1 4
5 4 1
7 6 3
2 3 6
4 7 0
3 0 7
8 1 0
8 2 1
8 3 2
8 0 3
FACE-NORMAL = 14
0.0128672 -0.522717 -0.852409
0.0128672 -0.522717 -0.852409
0.037389 -0.982652 -0.181653
0.037389 -0.982652 -0.181654
0.751292 -0.320155 -0.577115
0.751291 -0.320155 -0.577115
-0.73406 -0.379203 -0.563349
-0.73406 -0.379203 -0.563348
-0.0201742 0.283305 -0.958818
-0.0201742 0.283306 -0.958817
-0.715625 0.34153 0.609293
-0.0364786 0.971772 0.233084
0.697412 0.397702 0.596196
0.0182822 -0.232551 0.972412
BONE = 13
BONE_NAME = Neck02
PARENT_ID = 12
LOCALTM 
MAT 0.638759 0.00979602 -0.769317 0.0
MAT -0.00869292 0.99996 0.00548719 0.0
MAT 0.769351 0.0031902 0.638832 0.0
MAT 0.531189 0.0 2.38419e-007 1.0
WORLDTM 
MAT 0.00846262 -0.343786 -0.560622 0.0
MAT -0.657174 -0.0261282 0.00608535 0.0
MAT -0.0254676 0.560096 -0.343833 0.0
MAT 0.00197067 1.07607 -0.199198 1.0
VERTEX = 9
0.00257236 0.922206 -0.44095
0.0024643 0.923729 -0.447347
0.00903429 0.924039 -0.447384
0.00914235 0.922516 -0.440986
0.00533391 0.926226 -0.443082
0.00532311 0.926379 -0.443722
0.00598011 0.92641 -0.443725
0.00599091 0.926257 -0.443086
0.00565701 0.926318 -0.443404
INDEX = 14
4 5 7
6 7 5
1 2 5
6 5 2
0 1 4
5 4 1
7 6 3
2 3 6
4 7 0
3 0 7
8 1 0
8 2 1
8 3 2
8 0 3
FACE-NORMAL = 14
0.044495 -0.971693 -0.23202
0.044495 -0.971693 -0.23202
0.0419763 -0.822124 0.567759
0.0419763 -0.822124 0.567759
0.772231 -0.615032 -0.159359
0.77223 -0.615032 -0.159359
-0.712686 -0.685024 -0.151067
-0.712686 -0.685024 -0.151066
0.0175542 -0.477922 -0.878227
0.0175541 -0.477922 -0.878227
-0.737781 0.653799 0.168007
-0.0430789 0.850806 -0.523711
0.674843 0.720382 0.160118
-0.0198459 0.523366 0.851877
BONE = 14
BONE_NAME = Head
PARENT_ID = 13
LOCALTM 
MAT 0.706231 -0.00800238 -0.707858 0.0
MAT 0.00698683 0.999992 -0.00436148 0.0
MAT 0.707905 -0.0018144 0.706348 0.0
MAT 0.435597 0.0 -1.19209e-007 1.0
WORLDTM 
MAT 0.029263 -0.639052 -0.152592 0.0
MAT -0.656998 -0.0309728 0.00366795 0.0
MAT -0.0108059 0.152302 -0.639744 0.0
MAT 0.00565701 0.926318 -0.443404 1.0
VERTEX = 9
0.00749369 0.814426 -0.469331
0.00723243 0.819426 -0.473595
0.013803 0.819738 -0.473632
0.0140642 0.814737 -0.469368
0.0102461 0.818946 -0.468763
0.0102199 0.819446 -0.46919
0.010877 0.819477 -0.469193
0.0109031 0.818977 -0.468767
0.0105615 0.819212 -0.468978
INDEX = 14
4 5 7
6 7 5
1 2 5
6 5 2
0 1 4
5 4 1
7 6 3
2 3 6
4 7 0
3 0 7
8 1 0
8 2 1
8 3 2
8 0 3
FACE-NORMAL = 14
0.0264001 -0.647859 -0.761303
0.0264001 -0.647859 -0.761303
0.0471852 -0.998511 -0.0273734
0.0471852 -0.998511 -0.0273736
0.760126 -0.398245 -0.513429
0.760126 -0.398246 -0.513429
-0.724776 -0.468543 -0.505141
-0.724776 -0.468542 -0.505141
-0.0118649 0.131742 -0.991213
-0.0118649 0.131742 -0.991213
-0.724986 0.424668 0.542266
-0.0467547 0.995708 0.079872
0.687624 0.491541 0.534379
0.00942043 -0.0795164 0.996789
BONE = 15
BONE_NAME = Jaw
PARENT_ID = 14
LOCALTM 
MAT 0.807287 -0.000171455 0.590001 0.0
MAT 0.0002065 1.0001 -3.46284e-005 0.0
MAT -0.590118 0.000203248 0.807311 0.0
MAT 0.167601 0.0 0.0 1.0
WORLDTM 
MAT 0.0173608 -0.426034 -0.500636 0.0
MAT -0.657056 -0.0311131 0.00365895 0.0
MAT -0.0261258 0.500065 -0.426424 0.0
MAT 0.0105615 0.819212 -0.468978 1.0
VERTEX = 9
-0.0918079 0.960531 -0.470761
-0.0917923 0.960391 -0.460762
-0.0940508 0.95065 -0.460895
-0.0940665 0.95079 -0.470894
-0.0976878 0.957213 -0.466298
-0.0976863 0.957199 -0.465298
-0.0979121 0.956225 -0.465311
-0.0979137 0.956239 -0.466311
-0.0978 0.956719 -0.465805
INDEX = 14
4 5 7
6 7 5
1 2 5
6 5 2
0 1 4
5 4 1
7 6 3
2 3 6
4 7 0
3 0 7
8 1 0
8 2 1
8 3 2
8 0 3
FACE-NORMAL = 14
0.974168 -0.225777 -0.00465565
0.974168 -0.225777 -0.00465565
0.650526 -0.140665 -0.746344
0.650526 -0.140665 -0.746344
0.483823 -0.87507 -0.012955
0.483823 -0.87507 -0.012955
0.819542 0.57298 0.0067259
0.819542 0.57298 0.00672591
0.652842 -0.161409 0.740098
0.652842 -0.161409 0.740098
-0.529152 0.848432 0.0126535
-0.68774 0.149782 0.710337
-0.848525 -0.52912 -0.00606925
-0.689941 0.169515 -0.703737
BONE = 16
BONE_NAME = Unit_Zerg_Hydralisk_Jaw_03
PARENT_ID = 14
LOCALTM 
MAT 0.401133 -1.46322 -0.0967908 0.0
MAT -1.42863 -0.412625 0.317696 0.0
MAT -0.332114 0.00722386 -1.48369 0.0
MAT -0.0440141 0.154746 0.0464011 1.0
WORLDTM 
MAT 0.97412 -0.225766 -0.00465542 0.0
MAT 0.225855 0.974134 0.0132398 0.0
MAT 0.00156792 -0.0139557 0.999889 0.0
MAT -0.0978 0.956719 -0.465805 1.0
VERTEX = 9
-0.0845022 1.10429 -0.144502
-0.0872637 1.11009 -0.136834
-0.0869809 1.10216 -0.130744
-0.0842195 1.09637 -0.138412
-0.0904211 1.10239 -0.139323
-0.0906972 1.10297 -0.138556
-0.0906689 1.10217 -0.137947
-0.0903928 1.10159 -0.138714
-0.090545 1.10228 -0.138635
INDEX = 14
4 5 7
6 7 5
1 2 5
6 5 2
0 1 4
5 4 1
7 6 3
2 3 6
4 7 0
3 0 7
8 1 0
8 2 1
8 3 2
8 0 3
FACE-NORMAL = 14
0.960712 0.189831 0.202474
0.960712 0.189831 0.202474
0.847921 -0.303678 -0.434523
0.847921 -0.303678 -0.434523
0.663699 -0.46219 0.588119
0.663699 -0.46219 0.588119
0.621667 0.71617 -0.317223
0.621667 0.71617 -0.317223
0.437437 0.557676 0.705441
0.437437 0.557676 0.705441
-0.699319 0.426265 -0.573803
-0.874571 0.27547 0.399051
-0.659333 -0.694727 0.287462
-0.484074 -0.543949 -0.685414
BONE = 17
BONE_NAME = Karapis_Bone02
PARENT_ID = 13
LOCALTM 
MAT -0.394452 -1.46802 0.0283199 0.0
MAT 0.158804 -0.0135296 1.5121 0.0
MAT -1.45978 0.395319 0.156926 0.0
MAT -0.101137 0.139815 -0.00876188 1.0
WORLDTM 
MAT 0.960685 0.189826 0.202468 0.0
MAT -0.0282743 0.792679 -0.60902 0.0
MAT -0.276144 0.579417 0.766833 0.0
MAT -0.090545 1.10228 -0.138635 1.0
VERTEX = 9
0.0729104 1.10828 -0.146625
0.0754461 1.11423 -0.138998
0.0757287 1.1063 -0.132908
0.073193 1.10035 -0.140534
0.0693443 1.10805 -0.139363
0.0695978 1.10865 -0.138601
0.0696261 1.10785 -0.137992
0.0693725 1.10726 -0.138754
0.0694852 1.10795 -0.138677
INDEX = 14
4 5 7
6 7 5
1 2 5
6 5 2
0 1 4
5 4 1
7 6 3
2 3 6
4 7 0
3 0 7
8 1 0
8 2 1
8 3 2
8 0 3
FACE-NORMAL = 14
0.966906 -0.132879 -0.217797
0.966906 -0.132879 -0.217797
0.458353 -0.531201 -0.712558
0.458353 -0.5312 -0.712558
0.667827 -0.678066 0.306973
0.667828 -0.678066 0.306973
0.625825 0.50029 -0.598376
0.625824 0.50029 -0.598376
0.835299 0.353415 0.421158
0.835299 0.353415 0.421158
-0.703684 0.65445 -0.276628
-0.504408 0.514735 0.693268
-0.663727 -0.466537 0.584645
-0.863002 -0.326813 -0.385253
BONE = 18
BONE_NAME = Karapis_Bone01
PARENT_ID = 13
LOCALTM 
MAT 0.40682 -1.46385 -0.0558165 0.0
MAT 0.158811 -0.013551 1.5121 0.0
MAT -1.45641 -0.410393 0.149363 0.0
MAT -0.102455 -0.103636 -0.0107989 1.0
WORLDTM 
MAT 0.966868 -0.132874 -0.217789 0.0
MAT -0.0282602 0.792677 -0.609024 0.0
MAT 0.253571 0.595074 0.762641 0.0
MAT 0.0694852 1.10795 -0.138677 1.0
VERTEX = 9
-0.033371 1.54166 0.00476916
-0.0334361 1.54316 0.0146548
-0.0330539 1.53329 0.0161624
-0.0329889 1.53178 0.00627671
-0.0382244 1.5377 0.00989282
-0.0382309 1.53785 0.0108814
-0.0381927 1.53686 0.0110321
-0.0381862 1.53671 0.0100436
-0.0382086 1.53728 0.0104625
INDEX = 14
4 5 7
6 7 5
1 2 5
6 5 2
0 1 4
5 4 1
7 6 3
2 3 6
4 7 0
3 0 7
8 1 0
8 2 1
8 3 2
8 0 3
FACE-NORMAL = 14
0.999248 0.0387625 0.000658115
0.999248 0.0387625 0.000658115
0.673292 -0.0860523 -0.734352
0.673292 -0.0860522 -0.734352
0.696868 -0.708322 0.112492
0.696868 -0.708322 0.112492
0.640056 0.760179 -0.111611
0.640056 0.760179 -0.111611
0.663631 0.137914 0.735237
0.663631 0.137914 0.735237
-0.733599 0.671096 -0.107062
-0.71117 0.0791219 0.698553
-0.679552 -0.72591 0.106131
-0.70198 -0.133941 -0.699488
BONE = 19
BONE_NAME = Unit_Zerg_Hydralisk_Crest
PARENT_ID = 13
LOCALTM 
MAT -0.0120773 -1.52028 -0.00912856 0.0
MAT -0.590461 -0.00375157 1.40114 0.0
MAT -1.40112 0.0147278 -0.590334 0.0
MAT -0.639069 0.0361349 0.432869 1.0
WORLDTM 
MAT 0.999217 0.0387613 0.000658095 0.0
MAT -0.038215 0.987862 -0.150755 0.0
MAT -0.00650151 0.150658 0.988567 0.0
MAT -0.0382086 1.53728 0.0104625 1.0
VERTEX = 9
-0.00577868 0.802265 0.137434
-0.00578508 0.802454 0.138678
-0.00574097 0.801211 0.138868
-0.00573457 0.801021 0.137624
-0.00639049 0.801768 0.138079
-0.00639113 0.801787 0.138204
-0.00638672 0.801663 0.138223
-0.00638608 0.801644 0.138098
-0.0063886 0.801715 0.138151
INDEX = 14
4 5 7
6 7 5
1 2 5
6 5 2
0 1 4
5 4 1
7 6 3
2 3 6
4 7 0
3 0 7
8 1 0
8 2 1
8 3 2
8 0 3
FACE-NORMAL = 14
0.999372 0.0354241 -0.00026718
0.999372 0.0354241 -0.00026718
0.672322 -0.0883386 -0.734969
0.672322 -0.0883385 -0.734969
0.694602 -0.71064 0.111886
0.694602 -0.71064 0.111886
0.642488 0.75803 -0.112243
0.642488 0.758031 -0.112243
0.664768 0.135734 0.734616
0.664768 0.135734 0.734616
-0.731451 0.673538 -0.10642
-0.710256 0.0815329 0.699206
-0.681875 -0.723631 0.106797
-0.70307 -0.131631 -0.698832
BONE = 20
BONE_NAME = Spikes
PARENT_ID = 13
LOCALTM 
MAT -0.00103472 -0.191311 -0.00160103 0.0
MAT -0.0743039 -0.0010773 0.176315 0.0
MAT -0.176319 0.00158188 -0.0742857 0.0
MAT -0.219352 0.0340342 -0.622885 1.0
WORLDTM 
MAT 0.125756 0.0044576 -3.36207e-005 0.0
MAT -0.00441115 0.124326 -0.018973 0.0
MAT -0.000639817 0.0189677 0.1244 0.0
MAT -0.0063886 0.801715 0.138151 1.0
VERTEX = 9
0.00301833 1.04181 -0.491427
0.00296748 1.04332 -0.481541
0.00331801 1.03344 -0.480033
0.00336887 1.03193 -0.489919
-0.00184352 1.03787 -0.486298
-0.00184861 1.03802 -0.48531
-0.00181355 1.03703 -0.485159
-0.00180847 1.03688 -0.486148
-0.00182854 1.03745 -0.485729
INDEX = 14
4 5 7
6 7 5
1 2 5
6 5 2
0 1 4
5 4 1
7 6 3
2 3 6
4 7 0
3 0 7
8 1 0
8 2 1
8 3 2
8 0 3
FACE-NORMAL = 14
0.999372 0.0354238 -0.000266769
0.999372 0.0354238 -0.000266769
0.672323 -0.0883527 -0.734967
0.672323 -0.0883527 -0.734966
0.694602 -0.710639 0.111899
0.694602 -0.710639 0.111899
0.642488 0.758029 -0.112256
0.642488 0.758029 -0.112256
0.664767 0.135748 0.734614
0.664767 0.135748 0.734614
-0.731451 0.673536 -0.106433
-0.710257 0.0815464 0.699203
-0.681875 -0.723629 0.106809
-0.703069 -0.131644 -0.69883
BONE = 21
BONE_NAME = Ref_Head
PARENT_ID = 13
LOCALTM 
MAT -0.0082229 -1.52028 -0.0127234 0.0
MAT -0.590443 -0.00856116 1.40112 0.0
MAT -1.40116 0.0125709 -0.590296 0.0
MAT 0.401987 0.00406067 0.177971 1.0
WORLDTM 
MAT 0.999342 0.0354228 -0.000266761 0.0
MAT -0.0350537 0.987973 -0.150789 0.0
MAT -0.00508533 0.150748 0.98856 0.0
MAT -0.00182854 1.03745 -0.485729 1.0
VERTEX = 9
-0.0347645 1.61386 0.746881
-0.035032 1.62154 0.740477
-0.0352834 1.62793 0.748158
-0.035016 1.62026 0.754562
-0.0399945 1.62001 0.747444
-0.0400213 1.62078 0.746804
-0.0400464 1.62142 0.747572
-0.0400197 1.62065 0.748212
-0.0400205 1.62071 0.747508
INDEX = 14
4 5 7
6 7 5
1 2 5
6 5 2
0 1 4
5 4 1
7 6 3
2 3 6
4 7 0
3 0 7
8 1 0
8 2 1
8 3 2
8 0 3
FACE-NORMAL = 14
0.999328 0.0365937 0.00222597
0.999328 0.0365937 0.00222597
0.688371 -0.54605 0.477466
0.688371 -0.54605 0.477466
0.649827 0.500094 0.572391
0.649827 0.500094 0.572391
0.687204 -0.451133 -0.569412
0.687203 -0.451133 -0.569412
0.648658 0.595044 -0.474516
0.648658 0.595044 -0.474516
-0.688853 -0.478334 -0.544682
-0.725519 0.516878 -0.454378
-0.72441 0.426582 0.541533
-0.687743 -0.568662 0.451257
BONE = 22
BONE_NAME = HitTestFuzzy01
PARENT_ID = 13
LOCALTM 
MAT -0.0123842 -1.52025 -0.0131875 0.0
MAT 1.50452 -0.0103815 -0.219452 0.0
MAT 0.219423 -0.0147857 1.50449 0.0
MAT -1.66068 0.0442495 -0.0448509 1.0
WORLDTM 
MAT 0.999297 0.0365926 0.00222591 0.0
MAT 0.0251435 -0.639875 -0.768073 0.0
MAT -0.0267421 0.767611 -0.640397 0.0
MAT -0.0400205 1.62071 0.747508 1.0
VERTEX = 9
-0.161947 1.37518 0.0586144
-0.162005 1.36763 0.0651769
-0.162243 1.36107 0.0576325
-0.162185 1.36862 0.05107
-0.167078 1.36893 0.0582432
-0.167084 1.36818 0.0588995
-0.167108 1.36752 0.058145
-0.167102 1.36827 0.0574888
-0.167093 1.36823 0.0581941
INDEX = 14
4 5 7
6 7 5
1 2 5
6 5 2
0 1 4
5 4 1
7 6 3
2 3 6
4 7 0
3 0 7
8 1 0
8 2 1
8 3 2
8 0 3
FACE-NORMAL = 14
0.999701 -0.0199586 -0.0141329
0.999701 -0.0199586 -0.0141329
0.673069 0.547486 -0.497229
0.673069 0.547486 -0.497229
0.651087 -0.500919 -0.570234
0.651087 -0.500919 -0.570234
0.686442 0.474196 0.551303
0.686442 0.474197 0.551303
0.66446 -0.574194 0.478324
0.66446 -0.574194 0.478324
-0.690079 0.477943 0.543471
-0.71099 -0.51942 0.474021
-0.723711 -0.449699 -0.523463
-0.7028 0.547651 -0.454038
BONE = 23
BONE_NAME = Ref_Weapon Right
PARENT_ID = 13
LOCALTM 
MAT 0.0537686 -1.51763 -0.0734271 0.0
MAT -1.49866 -0.0651347 0.248215 0.0
MAT -0.250989 0.0636491 -1.49827 0.0
MAT -0.569104 0.242814 0.183627 1.0
WORLDTM 
MAT 0.999674 -0.0199581 -0.0141325 0.0
MAT 0.0238008 0.655945 0.75444 0.0
MAT -0.00579523 -0.754551 0.656252 0.0
MAT -0.167093 1.36823 0.0581941 1.0
VERTEX = 9
0.104718 1.3409 0.0613999
0.105303 1.33609 0.0701429
0.105401 1.32733 0.0653107
0.104816 1.33215 0.0565677
0.100034 1.33461 0.0633919
0.100093 1.33413 0.0642662
0.100103 1.33325 0.063783
0.100044 1.33374 0.0629087
0.100068 1.33393 0.0635875
INDEX = 14
4 5 7
6 7 5
1 2 5
6 5 2
0 1 4
5 4 1
7 6 3
2 3 6
4 7 0
3 0 7
8 1 0
8 2 1
8 3 2
8 0 3
FACE-NORMAL = 14
0.998242 0.0368257 -0.046432
0.998242 0.0368257 -0.046432
0.624349 0.382818 -0.68091
0.624349 0.382818 -0.68091
0.675076 -0.62609 -0.390235
0.675076 -0.62609 -0.390235
0.660502 0.675341 0.328102
0.660502 0.675341 0.328102
0.711229 -0.333548 0.618788
0.711229 -0.333548 0.618788
-0.712798 0.593005 0.37452
-0.664539 -0.366784 0.651043
-0.698931 -0.645066 -0.308846
-0.747189 0.314705 -0.585379
BONE = 24
BONE_NAME = Ref_Weapon Left
PARENT_ID = 13
LOCALTM 
MAT 0.0504727 -1.5193 0.0258525 0.0
MAT -1.32226 -0.0311934 0.750005 0.0
MAT -0.749029 -0.0473321 -1.32234 0.0
MAT -0.543606 -0.160893 0.119221 1.0
WORLDTM 
MAT 0.99821 0.0368245 -0.0464305 0.0
MAT -0.00979114 0.875464 0.48322 0.0
MAT 0.0584434 -0.481894 0.874297 0.0
MAT 0.100068 1.33393 0.0635875 1.0
VERTEX = 9
-0.0391751 1.39351 -0.0897826
-0.0391454 1.39365 -0.083207
-0.0394088 1.38708 -0.083067
-0.0394386 1.38694 -0.0896425
-0.042566 1.39075 -0.0867485
-0.0425631 1.39077 -0.0860909
-0.0425894 1.39011 -0.0860769
-0.0425924 1.3901 -0.0867345
-0.0425777 1.39043 -0.0864127
INDEX = 14
4 5 7
6 7 5
1 2 5
6 5 2
0 1 4
5 4 1
7 6 3
2 3 6
4 7 0
3 0 7
8 1 0
8 2 1
8 3 2
8 0 3
FACE-NORMAL = 14
0.999188 -0.040124 -0.00367226
0.999188 -0.040124 -0.00367226
0.66506 -0.0425787 -0.745575
0.66506 -0.0425787 -0.745575
0.638656 -0.769376 0.0133691
0.638657 -0.769376 0.0133691
0.698186 0.715683 -0.0182821
0.698186 0.715683 -0.0182821
0.671783 -0.0111043 0.740665
0.671783 -0.0111043 0.740665
-0.678217 0.734756 -0.0124585
-0.703335 0.0433429 0.709536
-0.734848 -0.678002 0.0176517
-0.709731 0.0134009 -0.704346
BONE = 25
BONE_NAME = Ref_Weapon
PARENT_ID = 13
LOCALTM 
MAT 0.0369807 -0.99674 -0.0709137 0.0
MAT -0.503523 -0.079908 0.86031 0.0
MAT -0.863252 0.00392289 -0.504818 0.0
MAT -0.39689 0.0502761 0.319997 1.0
WORLDTM 
MAT 0.65715 -0.0263889 -0.00241519 0.0
MAT 0.0263423 0.657048 -0.0140037 0.0
MAT 0.00297309 0.0139252 0.657555 0.0
MAT -0.0425777 1.39043 -0.0864127 1.0
VERTEX = 9
-0.00323089 1.11933 0.0798948
-0.00330589 1.13011 0.0945983
-0.00390654 1.12082 0.101407
-0.00383153 1.11003 0.0867031
-0.00852797 1.1202 0.0894055
-0.00853547 1.12127 0.0908758
-0.00859554 1.12034 0.0915566
-0.00858804 1.11927 0.0900863
-0.00856175 1.12027 0.090481
INDEX = 14
4 5 7
6 7 5
1 2 5
6 5 2
0 1 4
5 4 1
7 6 3
2 3 6
4 7 0
3 0 7
8 1 0
8 2 1
8 3 2
8 0 3
FACE-NORMAL = 14
0.998638 -0.0396325 0.0339389
0.998638 -0.0396325 0.0339389
0.671051 -0.46606 -0.576609
0.671051 -0.46606 -0.576609
0.629366 -0.625342 0.461351
0.629367 -0.625342 0.461351
0.706739 0.572297 -0.415928
0.706739 0.572297 -0.415928
0.665055 0.413113 0.622124
0.665055 0.413113 0.622124
-0.669341 0.5977 -0.44129
-0.708988 0.446172 0.546137
-0.742945 -0.541632 0.393279
-0.703298 -0.390198 -0.594237
BONE = 26
BONE_NAME = Vol_Target
PARENT_ID = 13
LOCALTM 
MAT 0.00708001 -1.51415 -0.137047 0.0
MAT 0.144906 -0.157005 1.74108 0.0
MAT -2.76289 -0.0329995 0.227972 0.0
MAT -0.410782 0.0174185 -0.172409 1.0
WORLDTM 
MAT 0.998608 -0.0396313 0.0339379 0.0
MAT 0.0600647 0.929455 -0.680833 0.0
MAT -0.00750077 1.07839 1.47035 0.0
MAT -0.00856175 1.12027 0.090481 1.0
VERTEX = 9
2.16649e-006 0.97431 0.111608
0.00103673 0.978618 0.106747
0.000925263 0.973708 0.102372
-0.000109302 0.9694 0.107232
0.00366464 0.973654 0.107801
0.0037681 0.974085 0.107315
0.00375695 0.973594 0.106877
0.00365349 0.973163 0.107364
0.0037108 0.973624 0.107339
INDEX = 14
4 5 7
6 7 5
1 2 5
6 5 2
0 1 4
5 4 1
7 6 3
2 3 6
4 7 0
3 0 7
8 1 0
8 2 1
8 3 2
8 0 3
FACE-NORMAL = 14
-0.987406 0.117163 -0.106311
-0.987406 0.117163 -0.106311
-0.777458 -0.408509 0.478205
-0.777458 -0.408509 0.478205
-0.673138 -0.476463 -0.565568
-0.673139 -0.476463 -0.565568
-0.647941 0.633217 0.42333
-0.647941 0.633217 0.42333
-0.543622 0.565266 -0.620443
-0.543622 0.565266 -0.620443
0.710187 0.444982 0.545551
0.809427 0.380336 -0.447407
0.686216 -0.610673 -0.395203
0.586976 -0.546031 0.597754
BONE = 27
BONE_NAME = ShoulderRt
PARENT_ID = 11
LOCALTM 
MAT 0.195412 0.117657 0.973624 0.0
MAT 0.735116 -0.674732 -0.065995 0.0
MAT 0.649188 0.728625 -0.218349 0.0
MAT 0.301401 0.0236324 0.00216888 1.0
WORLDTM 
MAT -0.649416 0.077058 -0.0699205 0.0
MAT 0.0111469 0.490954 0.437516 0.0
MAT 0.103456 0.430827 -0.486074 0.0
MAT 0.0037108 0.973624 0.107339 1.0
VERTEX = 9
-0.427513 1.02205 0.0658669
-0.430647 1.02205 0.0600848
-0.424996 1.02066 0.0570214
-0.421862 1.02066 0.0628035
-0.425768 1.02464 0.0615547
-0.426081 1.02464 0.0609765
-0.425516 1.0245 0.0606702
-0.425203 1.0245 0.0612484
-0.425642 1.02457 0.0611125
INDEX = 14
4 5 7
6 7 5
1 2 5
6 5 2
0 1 4
5 4 1
7 6 3
2 3 6
4 7 0
3 0 7
8 1 0
8 2 1
8 3 2
8 0 3
FACE-NORMAL = 14
-0.18632 -0.977298 0.100864
-0.18632 -0.977298 0.100864
0.229591 -0.653869 0.720932
0.229591 -0.653869 0.720932
0.513973 -0.811257 -0.278734
0.513973 -0.811258 -0.278734
-0.763253 -0.496299 0.413681
-0.763253 -0.496299 0.413681
-0.478873 -0.653686 -0.585981
-0.478873 -0.653686 -0.585981
-0.475776 0.840867 0.258032
-0.205239 0.691141 -0.692965
0.739269 0.541242 -0.400673
0.468734 0.690967 0.550321
BONE = 28
BONE_NAME = ArmRT
PARENT_ID = 27
LOCALTM 
MAT 0.0587495 -0.665575 -0.744016 0.0
MAT 0.823649 0.45342 -0.340588 0.0
MAT 0.564055 -0.592804 0.574836 0.0
MAT 0.661136 0.0 -3.57628e-007 1.0
WORLDTM 
MAT -0.122545 -0.642781 0.0663394 0.0
MAT -0.565073 0.139343 0.306339 0.0
MAT -0.313444 8.00937e-005 -0.578213 0.0
MAT -0.425642 1.02457 0.0611125 1.0
VERTEX = 9
-0.514427 0.584984 0.10366
-0.510515 0.590091 0.105026
-0.505273 0.586566 0.103195
-0.509185 0.581459 0.101829
-0.509962 0.584607 0.106535
-0.509571 0.585118 0.106671
-0.509047 0.584765 0.106488
-0.509438 0.584254 0.106351
-0.509505 0.584686 0.106511
INDEX = 14
4 5 7
6 7 5
1 2 5
6 5 2
0 1 4
5 4 1
7 6 3
2 3 6
4 7 0
3 0 7
8 1 0
8 2 1
8 3 2
8 0 3
FACE-NORMAL = 14
-0.104948 0.331157 -0.937721
-0.104948 0.331157 -0.937721
-0.512328 -0.355685 -0.78167
-0.512328 -0.355685 -0.78167
0.522177 -0.176871 -0.834295
0.522177 -0.176871 -0.834295
-0.662587 0.619933 -0.420311
-0.662587 0.619933 -0.420311
0.371919 0.798756 -0.472933
0.371919 0.798756 -0.472933
-0.489334 0.144843 0.859984
0.494806 0.314952 0.809921
0.63775 -0.613168 0.466155
-0.346391 -0.783285 0.516216
BONE = 29
BONE_NAME = ForeArmRt
PARENT_ID = 28
LOCALTM 
MAT -0.398667 -0.276441 0.874446 0.0
MAT -0.347244 0.927991 0.135057 0.0
MAT -0.848815 -0.249785 -0.465963 0.0
MAT 0.684344 -1.19209e-007 0.0 1.0
WORLDTM 
MAT -0.0690257 0.217806 -0.616749 0.0
MAT -0.524162 0.352522 0.183153 0.0
MAT 0.391218 0.51076 0.136597 0.0
MAT -0.509505 0.584686 0.106511 1.0
VERTEX = 9
-0.574605 0.779533 -0.456211
-0.577384 0.782378 -0.46145
-0.571445 0.783194 -0.464156
-0.568667 0.78035 -0.458917
-0.572923 0.784118 -0.45833
-0.573201 0.784402 -0.458854
-0.572607 0.784484 -0.459124
-0.572329 0.784199 -0.4586
-0.572765 0.784301 -0.458727
INDEX = 14
4 5 7
6 7 5
1 2 5
6 5 2
0 1 4
5 4 1
7 6 3
2 3 6
4 7 0
3 0 7
8 1 0
8 2 1
8 3 2
8 0 3
FACE-NORMAL = 14
-0.0790496 -0.893049 -0.44296
-0.0790496 -0.893049 -0.44296
0.2611 -0.918888 0.295756
0.2611 -0.918888 0.295756
0.618278 -0.505136 -0.602138
0.618278 -0.505136 -0.602138
-0.724033 -0.6897 0.00948405
-0.724033 -0.6897 0.00948417
-0.366862 -0.27595 -0.888405
-0.366862 -0.27595 -0.888405
-0.582588 0.543692 0.604145
-0.242799 0.9373 -0.250035
0.694373 0.71927 0.0222994
0.354591 0.325663 0.876475
BONE = 30
BONE_NAME = HandRt
PARENT_ID = 29
LOCALTM 
MAT 0.127928 -0.539033 -0.832536 0.0
MAT -0.332153 0.767653 -0.548061 0.0
MAT 0.934494 0.346643 -0.0808346 0.0
MAT 0.916481 0.0 4.17233e-007 1.0
WORLDTM 
MAT -0.0519931 -0.587383 -0.291347 0.0
MAT -0.593859 -0.0816574 0.270589 0.0
MAT -0.277825 0.28445 -0.523901 0.0
MAT -0.572765 0.784301 -0.458727 1.0
VERTEX = 9
-0.797815 0.0924723 -0.860756
-0.798589 0.0854345 -0.853694
-0.801545 0.0788317 -0.860598
-0.800772 0.0858695 -0.86766
-0.801804 0.0869697 -0.860304
-0.801881 0.0862659 -0.859597
-0.802177 0.0856056 -0.860288
-0.802099 0.0863094 -0.860994
-0.80199 0.0862876 -0.860296
INDEX = 14
4 5 7
6 7 5
1 2 5
6 5 2
0 1 4
5 4 1
7 6 3
2 3 6
4 7 0
3 0 7
8 1 0
8 2 1
8 3 2
8 0 3
FACE-NORMAL = 14
0.952181 -0.262015 -0.157164
0.952181 -0.262015 -0.157164
0.69438 0.347799 -0.629978
0.69438 0.347799 -0.629978
0.417213 -0.666069 -0.618292
0.417213 -0.666069 -0.618292
0.856732 0.315501 0.408006
0.856732 0.315501 0.408006
0.579558 -0.698472 0.41982
0.579558 -0.698472 0.41982
-0.464231 0.652169 0.599304
-0.727895 -0.312341 0.610419
-0.882351 -0.281614 -0.377029
-0.618679 0.682997 -0.388267
BONE = 31
BONE_NAME = HitTestFuzzy02
PARENT_ID = 30
LOCALTM 
MAT 0.168445 -0.657955 -0.287953 0.0
MAT -1.397 -0.098686 -0.591835 0.0
MAT 0.489265 0.680791 -1.26842 0.0
MAT 1.24574 0.195255 0.174574 1.0
WORLDTM 
MAT 0.461975 -0.127123 -0.0762523 0.0
MAT 0.295667 0.660283 0.690371 0.0
MAT -0.0773334 -0.70378 0.706195 0.0
MAT -0.80199 0.0862876 -0.860296 1.0
VERTEX = 9
0.00804053 0.969937 0.107017
0.00605317 0.973894 0.102154
0.00563683 0.978901 0.1064
0.0076242 0.974943 0.111262
0.003831 0.973175 0.10737
0.00363227 0.973571 0.106884
0.00359063 0.974072 0.107308
0.00378937 0.973676 0.107795
0.00371082 0.973623 0.107339
INDEX = 14
4 5 7
6 7 5
1 2 5
6 5 2
0 1 4
5 4 1
7 6 3
2 3 6
4 7 0
3 0 7
8 1 0
8 2 1
8 3 2
8 0 3
FACE-NORMAL = 14
0.951154 0.241823 -0.191907
0.951154 0.241823 -0.191907
0.860883 -0.285515 0.421144
0.860883 -0.285515 0.421144
0.589239 0.727549 0.351383
0.589239 0.727549 0.351383
0.683337 -0.404003 -0.608138
0.683337 -0.404003 -0.608138
0.411693 0.609059 -0.677906
0.411692 0.609059 -0.677906
-0.627809 -0.709227 -0.320706
-0.886227 0.254515 -0.387071
-0.717325 0.367235 0.592101
-0.458906 -0.596506 0.658472
BONE = 32
BONE_NAME = ShoulderLft
PARENT_ID = 11
LOCALTM 
MAT 0.168726 0.176457 -0.969726 0.0
MAT -0.756299 0.654115 -0.0125734 0.0
MAT 0.632093 0.735542 0.243826 0.0
MAT 0.301401 0.0236324 0.00216888 1.0
WORLDTM 
MAT 0.625573 0.159047 -0.126217 0.0
MAT 0.0416332 -0.50063 -0.424519 0.0
MAT -0.198737 0.395786 -0.486252 0.0
MAT 0.00371082 0.973623 0.107339 1.0
VERTEX = 9
0.369516 1.06171 0.0356252
0.368902 1.06321 0.0292495
0.374581 1.06652 0.0294785
0.375195 1.06502 0.0358542
0.370165 1.06662 0.0336588
0.370103 1.06676 0.0330212
0.370671 1.0671 0.0330441
0.370733 1.06695 0.0336817
0.370418 1.06686 0.0333514
INDEX = 14
4 5 7
6 7 5
1 2 5
6 5 2
0 1 4
5 4 1
7 6 3
2 3 6
4 7 0
3 0 7
8 1 0
8 2 1
8 3 2
8 0 3
FACE-NORMAL = 14
0.495784 -0.833717 -0.243133
0.495784 -0.833717 -0.243133
0.401063 -0.726582 0.557877
0.401063 -0.726582 0.557877
0.973435 -0.183627 -0.136768
0.973435 -0.183628 -0.136768
-0.310103 -0.931823 -0.188526
-0.310103 -0.931823 -0.188526
0.26226 -0.388873 -0.883175
0.26226 -0.388873 -0.883175
-0.961101 0.233641 0.147302
-0.416595 0.750161 -0.513525
0.259949 0.945409 0.196539
-0.28455 0.428893 0.857369
BONE = 33
BONE_NAME = ArmLft
PARENT_ID = 32
LOCALTM 
MAT 0.316608 0.822918 -0.471765 0.0
MAT -0.936266 0.35092 -0.0162468 0.0
MAT 0.15216 0.446842 0.881578 0.0
MAT 0.586194 1.19209e-007 0.0 1.0
WORLDTM 
MAT 0.326079 -0.548339 -0.159909 0.0
MAT -0.567864 -0.331021 -0.0228994 0.0
MAT -0.0614114 0.149414 -0.637567 0.0
MAT 0.370418 1.06686 0.0333514 1.0
VERTEX = 9
0.602339 0.671214 -0.0860566
0.598629 0.67474 -0.0819258
0.603319 0.679343 -0.0816433
0.607029 0.675817 -0.0857741
0.60415 0.67332 -0.0815154
0.603779 0.673672 -0.0811023
0.604248 0.674133 -0.081074
0.604619 0.67378 -0.0814871
0.604199 0.673726 -0.0812947
INDEX = 14
4 5 7
6 7 5
1 2 5
6 5 2
0 1 4
5 4 1
7 6 3
2 3 6
4 7 0
3 0 7
8 1 0
8 2 1
8 3 2
8 0 3
FACE-NORMAL = 14
-0.416503 0.472007 -0.777004
-0.416503 0.472007 -0.777004
0.140612 -0.0827196 -0.986603
0.140612 -0.0827195 -0.986603
0.25136 0.835947 -0.487864
0.251359 0.835947 -0.487864
-0.808596 -0.204419 -0.551711
-0.808596 -0.20442 -0.551711
-0.697884 0.714251 -0.0529504
-0.697884 0.714251 -0.0529502
-0.20967 -0.828625 0.519056
-0.104316 0.0453172 0.993511
0.79868 0.161092 0.579792
0.693359 -0.712855 0.105316
BONE = 34
BONE_NAME = ForeArmLft
PARENT_ID = 33
LOCALTM 
