EXPORTER_V17
ANIMATION_EXPORT
BONEOBJECT_COUNT = 49
VERTEX = 9
0.0221232 0.561304 0.0
0.0221232 0.561304 0.0
0.0221232 0.561304 0.0
0.0221232 0.561304 0.0
0.0221232 0.561304 0.0
0.0221232 0.561304 0.0
0.0221232 0.561304 0.0
0.0221232 0.561304 0.0
0.0221232 0.561304 0.0
INDEX = 14
4 5 7
6 7 5
1 2 5
6 5 2
0 1 4
5 4 1
7 6 3
2 3 6
4 7 0
3 0 7
8 1 0
8 2 1
8 3 2
8 0 3
FACE-NORMAL = 14
1.0 0.0 0.0
1.0 0.0 0.0
1.0 0.0 0.0
1.0 0.0 0.0
1.0 0.0 0.0
1.0 0.0 0.0
1.0 0.0 0.0
1.0 0.0 0.0
1.0 0.0 0.0
1.0 0.0 0.0
1.0 0.0 0.0
1.0 0.0 0.0
1.0 0.0 0.0
1.0 0.0 0.0
BONE = 0
BONE_NAME = BONE_root
PARENT_ID = -1
LOCALTM 
MAT 1.0 0.0 0.0 0.0
MAT 0.0 1.0 0.0 0.0
MAT 0.0 0.0 1.0 0.0
MAT 0.0221232 0.561304 0.0 1.0
WORLDTM 
MAT 1.0 0.0 0.0 0.0
MAT 0.0 1.0 0.0 0.0
MAT 0.0 0.0 1.0 0.0
MAT 0.0221232 0.561304 0.0 1.0
VERTEX = 9
-0.185014 0.55122 -0.255
-0.185014 0.55122 -0.255
-0.185014 0.55122 -0.255
-0.185014 0.55122 -0.255
-0.185014 0.55122 -0.255
-0.185014 0.55122 -0.255
-0.185014 0.55122 -0.255
-0.185014 0.55122 -0.255
-0.185014 0.55122 -0.255
INDEX = 14
4 5 7
6 7 5
1 2 5
6 5 2
0 1 4
5 4 1
7 6 3
2 3 6
4 7 0
3 0 7
8 1 0
8 2 1
8 3 2
8 0 3
FACE-NORMAL = 14
1.0 0.0 0.0
1.0 0.0 0.0
1.0 0.0 0.0
1.0 0.0 0.0
1.0 0.0 0.0
1.0 0.0 0.0
1.0 0.0 0.0
1.0 0.0 0.0
1.0 0.0 0.0
1.0 0.0 0.0
1.0 0.0 0.0
1.0 0.0 0.0
1.0 0.0 0.0
1.0 0.0 0.0
BONE = 1
BONE_NAME = Bone01
PARENT_ID = 0
LOCALTM 
MAT -0.588562 0.726345 -0.35499 0.0
MAT 0.462732 -0.0573977 -0.884638 0.0
MAT -0.662928 -0.68493 -0.302321 0.0
MAT -0.207137 -0.0100843 -0.255 1.0
WORLDTM 
MAT -0.588562 0.726345 -0.35499 0.0
MAT 0.462732 -0.0573977 -0.884638 0.0
MAT -0.662928 -0.68493 -0.302321 0.0
MAT -0.185014 0.55122 -0.255 1.0
VERTEX = 9
-0.560971 1.0151 -0.481552
-0.560971 1.0151 -0.481552
-0.560971 1.0151 -0.481552
-0.560971 1.0151 -0.481552
-0.560971 1.0151 -0.481552
-0.560971 1.0151 -0.481552
-0.560971 1.0151 -0.481552
-0.560971 1.0151 -0.481552
-0.560971 1.0151 -0.481552
INDEX = 14
4 5 7
6 7 5
1 2 5
6 5 2
0 1 4
5 4 1
7 6 3
2 3 6
4 7 0
3 0 7
8 1 0
8 2 1
8 3 2
8 0 3
FACE-NORMAL = 14
1.0 0.0 0.0
1.0 0.0 0.0
1.0 0.0 0.0
1.0 0.0 0.0
1.0 0.0 0.0
1.0 0.0 0.0
1.0 0.0 0.0
1.0 0.0 0.0
1.0 0.0 0.0
1.0 0.0 0.0
1.0 0.0 0.0
1.0 0.0 0.0
1.0 0.0 0.0
1.0 0.0 0.0
BONE = 2
BONE_NAME = Bone02
PARENT_ID = 1
LOCALTM 
MAT -0.271927 1.15857e-005 0.962318 0.0
MAT 3.30061e-006 1.0 -1.10641e-005 0.0
MAT -0.962318 2.03028e-007 -0.271927 0.0
MAT 0.638634 -0.000176743 -2.38419e-007 1.0
WORLDTM 
MAT -0.477896 -0.856633 -0.194408 0.0
MAT 0.462737 -0.0573877 -0.884636 0.0
MAT 0.746652 -0.512724 0.423822 0.0
MAT -0.560971 1.0151 -0.481552 1.0
VERTEX = 9
-0.893732 0.418622 -0.616919
-0.893732 0.418622 -0.616919
-0.893732 0.418622 -0.616919
-0.893732 0.418622 -0.616919
-0.893732 0.418622 -0.616919
-0.893732 0.418622 -0.616919
-0.893732 0.418622 -0.616919
-0.893732 0.418622 -0.616919
-0.893732 0.418622 -0.616919
INDEX = 14
4 5 7
6 7 5
1 2 5
6 5 2
0 1 4
5 4 1
7 6 3
2 3 6
4 7 0
3 0 7
8 1 0
8 2 1
8 3 2
8 0 3
FACE-NORMAL = 14
1.0 0.0 0.0
1.0 0.0 0.0
1.0 0.0 0.0
1.0 0.0 0.0
1.0 0.0 0.0
1.0 0.0 0.0
1.0 0.0 0.0
1.0 0.0 0.0
1.0 0.0 0.0
1.0 0.0 0.0
1.0 0.0 0.0
1.0 0.0 0.0
1.0 0.0 0.0
1.0 0.0 0.0
BONE = 3
BONE_NAME = Bone03
PARENT_ID = 2
LOCALTM 
MAT 0.866248 0.0479071 0.497312 0.0
MAT 0.214654 0.863153 -0.457046 0.0
MAT -0.451152 0.502665 0.737421 0.0
MAT 0.696303 0.0 2.38419e-007 1.0
WORLDTM 
MAT -0.0204889 -0.99979 -1.39475e-005 0.0
MAT -0.0444233 0.000924021 -0.999012 0.0
MAT 0.998803 -0.0204677 -0.0444331 0.0
MAT -0.893732 0.418622 -0.616919 1.0
VERTEX = 9
2.30052 0.64775 -0.505496
2.30052 0.64775 -0.505496
2.30052 0.64775 -0.505496
2.30052 0.64775 -0.505496
2.30052 0.64775 -0.505496
2.30052 0.64775 -0.505496
2.30052 0.64775 -0.505496
2.30052 0.64775 -0.505496
2.30052 0.64775 -0.505496
INDEX = 14
4 5 7
6 7 5
1 2 5
6 5 2
0 1 4
5 4 1
7 6 3
2 3 6
4 7 0
3 0 7
8 1 0
8 2 1
8 3 2
8 0 3
FACE-NORMAL = 14
1.0 0.0 0.0
1.0 0.0 0.0
1.0 0.0 0.0
1.0 0.0 0.0
1.0 0.0 0.0
1.0 0.0 0.0
1.0 0.0 0.0
1.0 0.0 0.0
1.0 0.0 0.0
1.0 0.0 0.0
1.0 0.0 0.0
1.0 0.0 0.0
1.0 0.0 0.0
1.0 0.0 0.0
BONE = 4
BONE_NAME = Object09
PARENT_ID = 3
LOCALTM 
MAT -0.0204891 -0.0444233 0.998803 0.0
MAT -0.99979 0.000924825 -0.0204682 0.0
MAT -1.44837e-005 -0.999013 -0.0444329 0.0
MAT -0.294527 -0.253001 3.18078 1.0
WORLDTM 
MAT 1.0 5.43892e-007 -2.8708e-007 0.0
MAT -1.86265e-007 1.0 -5.01052e-007 0.0
MAT 0.0 8.12201e-007 1.0 0.0
MAT 2.30052 0.64775 -0.505496 1.0
VERTEX = 9
-0.972766 0.00613463 -0.628546
-0.972766 0.00613463 -0.628546
-0.972766 0.00613463 -0.628546
-0.972766 0.00613463 -0.628546
-0.972766 0.00613463 -0.628546
-0.972766 0.00613463 -0.628546
-0.972766 0.00613463 -0.628546
-0.972766 0.00613463 -0.628546
-0.972766 0.00613463 -0.628546
INDEX = 14
4 5 7
6 7 5
1 2 5
6 5 2
0 1 4
5 4 1
7 6 3
2 3 6
4 7 0
3 0 7
8 1 0
8 2 1
8 3 2
8 0 3
FACE-NORMAL = 14
1.0 0.0 0.0
1.0 0.0 0.0
1.0 0.0 0.0
1.0 0.0 0.0
1.0 0.0 0.0
1.0 0.0 0.0
1.0 0.0 0.0
1.0 0.0 0.0
1.0 0.0 0.0
1.0 0.0 0.0
1.0 0.0 0.0
1.0 0.0 0.0
1.0 0.0 0.0
1.0 0.0 0.0
BONE = 5
BONE_NAME = HitTestFuzzy01
PARENT_ID = 2
LOCALTM 
MAT -0.0693636 0.0497384 0.996351 0.0
MAT -0.996985 -0.0382653 -0.0674975 0.0
MAT 0.0347684 -0.998029 0.0522427 0.0
MAT 1.08968 -0.00261503 0.147554 1.0
WORLDTM 
MAT 0.800092 -0.454288 0.39176 0.0
MAT 0.408351 0.890854 0.199066 0.0
MAT -0.439434 0.000704773 0.898274 0.0
MAT -0.972766 0.00613463 -0.628546 1.0
VERTEX = 9
-0.19636 0.554175 0.185413
-0.19636 0.554175 0.185413
-0.19636 0.554175 0.185413
-0.19636 0.554175 0.185413
-0.19636 0.554175 0.185413
-0.19636 0.554175 0.185413
-0.19636 0.554175 0.185413
-0.19636 0.554175 0.185413
-0.19636 0.554175 0.185413
INDEX = 14
4 5 7
6 7 5
1 2 5
6 5 2
0 1 4
5 4 1
7 6 3
2 3 6
4 7 0
3 0 7
8 1 0
8 2 1
8 3 2
8 0 3
FACE-NORMAL = 14
1.0 0.0 0.0
1.0 0.0 0.0
1.0 0.0 0.0
1.0 0.0 0.0
1.0 0.0 0.0
1.0 0.0 0.0
1.0 0.0 0.0
1.0 0.0 0.0
1.0 0.0 0.0
1.0 0.0 0.0
1.0 0.0 0.0
1.0 0.0 0.0
1.0 0.0 0.0
1.0 0.0 0.0
BONE = 6
BONE_NAME = Bone05
PARENT_ID = 0
LOCALTM 
MAT -0.524161 0.713114 0.465535 0.0
MAT -0.633327 0.0390487 -0.772899 0.0
MAT -0.569344 -0.699959 0.431167 0.0
MAT -0.218483 -0.00712854 0.185413 1.0
WORLDTM 
MAT -0.524161 0.713114 0.465535 0.0
MAT -0.633327 0.0390487 -0.772899 0.0
MAT -0.569344 -0.699959 0.431167 0.0
MAT -0.19636 0.554175 0.185413 1.0
VERTEX = 9
-0.528766 1.00641 0.48064
-0.528766 1.00641 0.48064
-0.528766 1.00641 0.48064
-0.528766 1.00641 0.48064
-0.528766 1.00641 0.48064
-0.528766 1.00641 0.48064
-0.528766 1.00641 0.48064
-0.528766 1.00641 0.48064
-0.528766 1.00641 0.48064
INDEX = 14
4 5 7
6 7 5
1 2 5
6 5 2
0 1 4
5 4 1
7 6 3
2 3 6
4 7 0
3 0 7
8 1 0
8 2 1
8 3 2
8 0 3
FACE-NORMAL = 14
1.0 0.0 0.0
1.0 0.0 0.0
1.0 0.0 0.0
1.0 0.0 0.0
1.0 0.0 0.0
1.0 0.0 0.0
1.0 0.0 0.0
1.0 0.0 0.0
1.0 0.0 0.0
1.0 0.0 0.0
1.0 0.0 0.0
1.0 0.0 0.0
1.0 0.0 0.0
1.0 0.0 0.0
BONE = 7
BONE_NAME = Bone06
PARENT_ID = 6
LOCALTM 
MAT -0.220927 -2.94298e-007 0.97529 0.0
MAT 3.46452e-007 1.0 3.50177e-007 0.0
MAT -0.97529 2.92435e-007 -0.220927 0.0
MAT 0.634168 0.0 -2.23517e-007 1.0
WORLDTM 
MAT -0.439474 -0.84021 0.317664 0.0
MAT -0.633327 0.0390486 -0.772898 0.0
MAT 0.636992 -0.540854 -0.549289 0.0
MAT -0.528766 1.00641 0.48064 1.0
VERTEX = 9
-0.839933 0.411504 0.70556
-0.839933 0.411504 0.70556
-0.839933 0.411504 0.70556
-0.839933 0.411504 0.70556
-0.839933 0.411504 0.70556
-0.839933 0.411504 0.70556
-0.839933 0.411504 0.70556
-0.839933 0.411504 0.70556
-0.839933 0.411504 0.70556
INDEX = 14
4 5 7
6 7 5
1 2 5
6 5 2
0 1 4
5 4 1
7 6 3
2 3 6
4 7 0
3 0 7
8 1 0
8 2 1
8 3 2
8 0 3
FACE-NORMAL = 14
1.0 0.0 0.0
1.0 0.0 0.0
1.0 0.0 0.0
1.0 0.0 0.0
1.0 0.0 0.0
1.0 0.0 0.0
1.0 0.0 0.0
1.0 0.0 0.0
1.0 0.0 0.0
1.0 0.0 0.0
1.0 0.0 0.0
1.0 0.0 0.0
1.0 0.0 0.0
1.0 0.0 0.0
BONE = 8
BONE_NAME = Bone07
PARENT_ID = 7
LOCALTM 
MAT 0.84021 -0.0390488 0.540853 0.0
MAT -0.439474 -0.633327 0.636992 0.0
MAT 0.317664 -0.772898 -0.549289 0.0
MAT 0.708044 0.0 0.0 1.0
WORLDTM 
MAT 0.0 -1.0 3.12924e-007 0.0
MAT 1.0 0.0 4.17233e-007 0.0
MAT -4.47035e-007 3.12924e-007 1.0 0.0
MAT -0.839933 0.411504 0.70556 1.0
VERTEX = 9
-0.926582 0.00782722 0.720158
-0.926582 0.00782722 0.720158
-0.926582 0.00782722 0.720158
-0.926582 0.00782722 0.720158
-0.926582 0.00782722 0.720158
-0.926582 0.00782722 0.720158
-0.926582 0.00782722 0.720158
-0.926582 0.00782722 0.720158
-0.926582 0.00782722 0.720158
INDEX = 14
4 5 7
6 7 5
1 2 5
6 5 2
0 1 4
5 4 1
7 6 3
2 3 6
4 7 0
3 0 7
8 1 0
8 2 1
8 3 2
8 0 3
FACE-NORMAL = 14
1.0 0.0 0.0
1.0 0.0 0.0
1.0 0.0 0.0
1.0 0.0 0.0
1.0 0.0 0.0
1.0 0.0 0.0
1.0 0.0 0.0
1.0 0.0 0.0
1.0 0.0 0.0
1.0 0.0 0.0
1.0 0.0 0.0
1.0 0.0 0.0
1.0 0.0 0.0
1.0 0.0 0.0
BONE = 9
BONE_NAME = HitTestFuzzy02
PARENT_ID = 7
LOCALTM 
MAT -0.0716479 -0.158787 0.984709 0.0
MAT -0.99717 -0.0111135 -0.0743467 0.0
MAT 0.022749 -0.98725 -0.157542 0.0
MAT 1.08993 0.0278317 0.155117 1.0
WORLDTM 
MAT 0.759304 -0.478585 -0.440923 0.0
MAT 0.39791 0.877609 -0.267338 0.0
MAT 0.514902 0.0275424 0.856806 0.0
MAT -0.926582 0.00782722 0.720158 1.0
VERTEX = 9
0.182819 0.554175 0.185413
0.182819 0.554175 0.185413
0.182819 0.554175 0.185413
0.182819 0.554175 0.185413
0.182819 0.554175 0.185413
0.182819 0.554175 0.185413
0.182819 0.554175 0.185413
0.182819 0.554175 0.185413
0.182819 0.554175 0.185413
INDEX = 14
4 5 7
6 7 5
1 2 5
6 5 2
0 1 4
5 4 1
7 6 3
2 3 6
4 7 0
3 0 7
8 1 0
8 2 1
8 3 2
8 0 3
FACE-NORMAL = 14
1.0 0.0 0.0
1.0 0.0 0.0
1.0 0.0 0.0
1.0 0.0 0.0
1.0 0.0 0.0
1.0 0.0 0.0
1.0 0.0 0.0
1.0 0.0 0.0
1.0 0.0 0.0
1.0 0.0 0.0
1.0 0.0 0.0
1.0 0.0 0.0
1.0 0.0 0.0
1.0 0.0 0.0
BONE = 10
BONE_NAME = Bone05(mirrored)
PARENT_ID = 0
LOCALTM 
MAT 0.473135 0.746035 0.468588 0.0
MAT 0.67245 0.037813 -0.739176 0.0
MAT -0.56917 0.664832 -0.48378 0.0
MAT 0.160696 -0.00712854 0.185413 1.0
WORLDTM 
MAT 0.473135 0.746035 0.468588 0.0
MAT 0.67245 0.037813 -0.739176 0.0
MAT -0.56917 0.664832 -0.48378 0.0
MAT 0.182819 0.554175 0.185413 1.0
VERTEX = 9
0.482866 1.02729 0.482576
0.482866 1.02729 0.482576
0.482866 1.02729 0.482576
0.482866 1.02729 0.482576
0.482866 1.02729 0.482576
0.482866 1.02729 0.482576
0.482866 1.02729 0.482576
0.482866 1.02729 0.482576
0.482866 1.02729 0.482576
INDEX = 14
4 5 7
6 7 5
1 2 5
6 5 2
0 1 4
5 4 1
7 6 3
2 3 6
4 7 0
3 0 7
8 1 0
8 2 1
8 3 2
8 0 3
FACE-NORMAL = 14
1.0 0.0 0.0
1.0 0.0 0.0
1.0 0.0 0.0
1.0 0.0 0.0
1.0 0.0 0.0
1.0 0.0 0.0
1.0 0.0 0.0
1.0 0.0 0.0
1.0 0.0 0.0
1.0 0.0 0.0
1.0 0.0 0.0
1.0 0.0 0.0
1.0 0.0 0.0
1.0 0.0 0.0
BONE = 11
BONE_NAME = Bone06(mirrored)
PARENT_ID = 10
LOCALTM 
MAT -0.32237 -2.75671e-007 -0.946614 0.0
MAT 3.22238e-007 1.0 -3.55765e-007 0.0
MAT 0.946614 -4.26546e-007 -0.32237 0.0
MAT 0.634168 -1.32248e-007 0.0 1.0
WORLDTM 
MAT 0.38626 -0.869839 0.306895 0.0
MAT 0.67245 0.037813 -0.739176 0.0
MAT 0.631359 0.491885 0.599529 0.0
MAT 0.482866 1.02729 0.482576 1.0
VERTEX = 9
0.756355 0.411403 0.699871
0.756355 0.411403 0.699871
0.756355 0.411403 0.699871
0.756355 0.411403 0.699871
0.756355 0.411403 0.699871
0.756355 0.411403 0.699871
0.756355 0.411403 0.699871
0.756355 0.411403 0.699871
0.756355 0.411403 0.699871
INDEX = 14
4 5 7
6 7 5
1 2 5
6 5 2
0 1 4
5 4 1
7 6 3
2 3 6
4 7 0
3 0 7
8 1 0
8 2 1
8 3 2
8 0 3
FACE-NORMAL = 14
1.0 0.0 0.0
1.0 0.0 0.0
1.0 0.0 0.0
1.0 0.0 0.0
1.0 0.0 0.0
1.0 0.0 0.0
1.0 0.0 0.0
1.0 0.0 0.0
1.0 0.0 0.0
1.0 0.0 0.0
1.0 0.0 0.0
1.0 0.0 0.0
1.0 0.0 0.0
1.0 0.0 0.0
BONE = 12
BONE_NAME = Bone07(mirrored)
PARENT_ID = 11
LOCALTM 
MAT 0.918851 -0.0817423 -0.386045 0.0
MAT -0.351225 0.276523 -0.894525 0.0
MAT 0.179871 0.957525 0.225373 0.0
MAT 0.708044 0.0 2.38419e-007 1.0
WORLDTM 
MAT 0.056214 -0.992233 0.110967 0.0
MAT -0.514483 -0.124038 -0.848482 0.0
MAT 0.855656 -0.00939409 -0.51746 0.0
MAT 0.756355 0.411403 0.699871 1.0
VERTEX = 9
0.840636 0.00451088 0.681334
0.840636 0.00451088 0.681334
0.840636 0.00451088 0.681334
0.840636 0.00451088 0.681334
0.840636 0.00451088 0.681334
0.840636 0.00451088 0.681334
0.840636 0.00451088 0.681334
0.840636 0.00451088 0.681334
0.840636 0.00451088 0.681334
INDEX = 14
4 5 7
6 7 5
1 2 5
6 5 2
0 1 4
5 4 1
7 6 3
2 3 6
4 7 0
3 0 7
8 1 0
8 2 1
8 3 2
8 0 3
FACE-NORMAL = 14
1.0 0.0 0.0
1.0 0.0 0.0
1.0 0.0 0.0
1.0 0.0 0.0
1.0 0.0 0.0
1.0 0.0 0.0
1.0 0.0 0.0
1.0 0.0 0.0
1.0 0.0 0.0
1.0 0.0 0.0
1.0 0.0 0.0
1.0 0.0 0.0
1.0 0.0 0.0
1.0 0.0 0.0
BONE = 13
BONE_NAME = HitTestFuzzy03
PARENT_ID = 11
LOCALTM 
MAT 0.152837 0.15975 0.975254 0.0
MAT -0.985407 -0.0501868 0.162649 0.0
MAT 0.074928 -0.985881 0.149748 0.0
MAT 1.08884 0.0549914 -0.158046 1.0
WORLDTM 
MAT 0.782194 0.35281 0.513514 0.0
MAT -0.311681 0.935252 -0.167806 0.0
MAT -0.539469 -0.0287956 0.841513 0.0
MAT 0.840636 0.00451088 0.681334 1.0
VERTEX = 9
0.171722 0.561672 -0.255
0.171722 0.561672 -0.255
0.171722 0.561672 -0.255
0.171722 0.561672 -0.255
0.171722 0.561672 -0.255
0.171722 0.561672 -0.255
0.171722 0.561672 -0.255
0.171722 0.561672 -0.255
0.171722 0.561672 -0.255
INDEX = 14
4 5 7
6 7 5
1 2 5
6 5 2
0 1 4
5 4 1
7 6 3
2 3 6
4 7 0
3 0 7
8 1 0
8 2 1
8 3 2
8 0 3
FACE-NORMAL = 14
1.0 0.0 0.0
1.0 0.0 0.0
1.0 0.0 0.0
1.0 0.0 0.0
1.0 0.0 0.0
1.0 0.0 0.0
1.0 0.0 0.0
1.0 0.0 0.0
1.0 0.0 0.0
1.0 0.0 0.0
1.0 0.0 0.0
1.0 0.0 0.0
1.0 0.0 0.0
1.0 0.0 0.0
BONE = 14
BONE_NAME = Bone01(mirrored)
PARENT_ID = 0
LOCALTM 
MAT 0.589367 0.716923 -0.372383 0.0
MAT -0.482802 -0.0570043 -0.873873 0.0
MAT -0.647726 0.694818 0.312535 0.0
MAT 0.149599 0.000367761 -0.255 1.0
WORLDTM 
MAT 0.589367 0.716923 -0.372383 0.0
MAT -0.482802 -0.0570043 -0.873873 0.0
MAT -0.647726 0.694818 0.312535 0.0
MAT 0.171722 0.561672 -0.255 1.0
VERTEX = 9
0.546906 1.01806 -0.492054
0.546906 1.01806 -0.492054
0.546906 1.01806 -0.492054
0.546906 1.01806 -0.492054
0.546906 1.01806 -0.492054
0.546906 1.01806 -0.492054
0.546906 1.01806 -0.492054
0.546906 1.01806 -0.492054
0.546906 1.01806 -0.492054
INDEX = 14
4 5 7
6 7 5
1 2 5
6 5 2
0 1 4
5 4 1
7 6 3
2 3 6
4 7 0
3 0 7
8 1 0
8 2 1
8 3 2
8 0 3
FACE-NORMAL = 14
1.0 0.0 0.0
1.0 0.0 0.0
1.0 0.0 0.0
1.0 0.0 0.0
1.0 0.0 0.0
1.0 0.0 0.0
1.0 0.0 0.0
1.0 0.0 0.0
1.0 0.0 0.0
1.0 0.0 0.0
1.0 0.0 0.0
1.0 0.0 0.0
1.0 0.0 0.0
1.0 0.0 0.0
BONE = 15
BONE_NAME = Bone02(mirrored)
PARENT_ID = 14
LOCALTM 
MAT -0.284366 0.0 -0.958716 0.0
MAT 0.0 1.0 0.0 0.0
MAT 0.958716 0.0 -0.284366 0.0
MAT 0.636588 0.0 1.93715e-007 1.0
WORLDTM 
MAT 0.453389 -0.870002 -0.193739 0.0
MAT -0.482802 -0.0570043 -0.873873 0.0
MAT 0.749227 0.489742 -0.445883 0.0
MAT 0.546906 1.01806 -0.492054 1.0
VERTEX = 9
0.863207 0.411109 -0.627214
0.863207 0.411109 -0.627214
0.863207 0.411109 -0.627214
0.863207 0.411109 -0.627214
0.863207 0.411109 -0.627214
0.863207 0.411109 -0.627214
0.863207 0.411109 -0.627214
0.863207 0.411109 -0.627214
0.863207 0.411109 -0.627214
INDEX = 14
4 5 7
6 7 5
1 2 5
6 5 2
0 1 4
5 4 1
7 6 3
2 3 6
4 7 0
3 0 7
8 1 0
8 2 1
8 3 2
8 0 3
FACE-NORMAL = 14
1.0 0.0 0.0
1.0 0.0 0.0
1.0 0.0 0.0
1.0 0.0 0.0
1.0 0.0 0.0
1.0 0.0 0.0
1.0 0.0 0.0
1.0 0.0 0.0
1.0 0.0 0.0
1.0 0.0 0.0
1.0 0.0 0.0
1.0 0.0 0.0
1.0 0.0 0.0
1.0 0.0 0.0
BONE = 16
BONE_NAME = Bone03(mirrored)
PARENT_ID = 15
LOCALTM 
MAT 0.873369 0.0533923 -0.484123 0.0
MAT 0.308649 0.708246 0.63492 0.0
MAT 0.376778 -0.703944 0.602081 0.0
MAT 0.697638 0.0 -3.57628e-007 1.0
WORLDTM 
MAT 0.00748046 -0.999972 -1.24983e-006 0.0
MAT 0.273694 0.00204881 -0.961815 0.0
MAT 0.961788 0.00719463 0.273703 0.0
MAT 0.863207 0.411109 -0.627214 1.0
VERTEX = 9
0.941958 0.00557339 -0.588436
0.941958 0.00557339 -0.588436
0.941958 0.00557339 -0.588436
0.941958 0.00557339 -0.588436
0.941958 0.00557339 -0.588436
0.941958 0.00557339 -0.588436
0.941958 0.00557339 -0.588436
0.941958 0.00557339 -0.588436
0.941958 0.00557339 -0.588436
INDEX = 14
4 5 7
6 7 5
1 2 5
6 5 2
0 1 4
5 4 1
7 6 3
2 3 6
4 7 0
3 0 7
8 1 0
8 2 1
8 3 2
8 0 3
FACE-NORMAL = 14
1.0 0.0 0.0
1.0 0.0 0.0
1.0 0.0 0.0
1.0 0.0 0.0
1.0 0.0 0.0
1.0 0.0 0.0
1.0 0.0 0.0
1.0 0.0 0.0
1.0 0.0 0.0
1.0 0.0 0.0
1.0 0.0 0.0
1.0 0.0 0.0
1.0 0.0 0.0
1.0 0.0 0.0
BONE = 17
BONE_NAME = HitTestFuzzy04
PARENT_ID = 15
LOCALTM 
MAT 0.149588 -0.0467522 0.987643 0.0
MAT -0.988732 -0.00134356 0.149689 0.0
MAT -0.00567138 -0.998906 -0.0464265 0.0
MAT 1.07865 -0.0487903 -0.156896 1.0
WORLDTM 
MAT 0.830362 0.356214 -0.428499 0.0
MAT -0.335481 0.933584 0.125986 0.0
MAT 0.444918 0.0391391 0.894716 0.0
MAT 0.941958 0.00557339 -0.588436 1.0
VERTEX = 9
0.0258835 0.969478 0.0363844
0.0258835 0.969478 0.0363844
0.0258835 0.969478 0.0363844
0.0258835 0.969478 0.0363844
0.0258835 0.969478 0.0363844
0.0258835 0.969478 0.0363844
0.0258835 0.969478 0.0363844
0.0258835 0.969478 0.0363844
0.0258835 0.969478 0.0363844
INDEX = 14
4 5 7
6 7 5
1 2 5
6 5 2
0 1 4
5 4 1
7 6 3
2 3 6
4 7 0
3 0 7
8 1 0
8 2 1
8 3 2
8 0 3
FACE-NORMAL = 14
1.0 0.0 0.0
1.0 0.0 0.0
1.0 0.0 0.0
1.0 0.0 0.0
1.0 0.0 0.0
1.0 0.0 0.0
1.0 0.0 0.0
1.0 0.0 0.0
1.0 0.0 0.0
1.0 0.0 0.0
1.0 0.0 0.0
1.0 0.0 0.0
1.0 0.0 0.0
1.0 0.0 0.0
BONE = 18
BONE_NAME = BONE_Turret
PARENT_ID = 0
LOCALTM 
MAT 1.0 0.0 0.0 0.0
MAT 0.0 1.0 0.0 0.0
MAT 0.0 0.0 1.0 0.0
MAT 0.00376034 0.408174 0.0363845 1.0
WORLDTM 
MAT 1.0 0.0 0.0 0.0
MAT 0.0 1.0 0.0 0.0
MAT 0.0 0.0 1.0 0.0
MAT 0.0258835 0.969478 0.0363844 1.0
VERTEX = 9
0.0223208 0.973398 0.0
0.0223208 0.973398 0.0
0.0223208 0.973398 0.0
0.0223208 0.973398 0.0
0.0223208 0.973398 0.0
0.0223208 0.973398 0.0
0.0223208 0.973398 0.0
0.0223208 0.973398 0.0
0.0223208 0.973398 0.0
INDEX = 14
4 5 7
6 7 5
1 2 5
6 5 2
0 1 4
5 4 1
7 6 3
2 3 6
4 7 0
3 0 7
8 1 0
8 2 1
8 3 2
8 0 3
FACE-NORMAL = 14
1.0 0.0 0.0
1.0 0.0 0.0
1.0 0.0 0.0
1.0 0.0 0.0
1.0 0.0 0.0
1.0 0.0 0.0
1.0 0.0 0.0
1.0 0.0 0.0
1.0 0.0 0.0
1.0 0.0 0.0
1.0 0.0 0.0
1.0 0.0 0.0
1.0 0.0 0.0
1.0 0.0 0.0
BONE = 19
BONE_NAME = Ref_TurretZ
PARENT_ID = 18
LOCALTM 
MAT 1.0 1.3411e-007 0.0 0.0
MAT -1.3411e-007 1.0 3.94881e-007 0.0
MAT 0.0 -3.94881e-007 1.0 0.0
MAT -0.00356268 0.00391996 -0.0363845 1.0
WORLDTM 
MAT 1.0 1.3411e-007 0.0 0.0
MAT -1.3411e-007 1.0 3.94881e-007 0.0
MAT 0.0 -3.94881e-007 1.0 0.0
MAT 0.0223208 0.973398 0.0 1.0
VERTEX = 9
0.0382015 1.60234 0.216233
0.0382015 1.60234 0.216233
0.0382015 1.60234 0.216233
0.0382015 1.60234 0.216233
0.0382015 1.60234 0.216233
0.0382015 1.60234 0.216233
0.0382015 1.60234 0.216233
0.0382015 1.60234 0.216233
0.0382015 1.60234 0.216233
INDEX = 14
4 5 7
6 7 5
1 2 5
6 5 2
0 1 4
5 4 1
7 6 3
2 3 6
4 7 0
3 0 7
8 1 0
8 2 1
8 3 2
8 0 3
FACE-NORMAL = 14
1.0 0.0 0.0
1.0 0.0 0.0
1.0 0.0 0.0
1.0 0.0 0.0
1.0 0.0 0.0
1.0 0.0 0.0
1.0 0.0 0.0
1.0 0.0 0.0
1.0 0.0 0.0
1.0 0.0 0.0
1.0 0.0 0.0
1.0 0.0 0.0
1.0 0.0 0.0
1.0 0.0 0.0
BONE = 20
BONE_NAME = BONE_Chest
PARENT_ID = 19
LOCALTM 
MAT 0.903812 0.0 0.0 0.0
MAT 0.0 0.903481 -0.0244323 0.0
MAT 0.0 0.0244323 0.903482 0.0
MAT 0.0158808 0.628938 0.216233 1.0
WORLDTM 
MAT 0.903812 0.0 0.0 0.0
MAT 0.0 0.903481 -0.024432 0.0
MAT 0.0 0.0244319 0.903481 0.0
MAT 0.0382015 1.60234 0.216233 1.0
VERTEX = 9
0.0385942 1.56109 0.177285
0.0385942 1.56109 0.177285
0.0385942 1.56109 0.177285
0.0385942 1.56109 0.177285
0.0385942 1.56109 0.177285
0.0385942 1.56109 0.177285
0.0385942 1.56109 0.177285
0.0385942 1.56109 0.177285
0.0385942 1.56109 0.177285
INDEX = 14
4 5 7
6 7 5
1 2 5
6 5 2
0 1 4
5 4 1
7 6 3
2 3 6
4 7 0
3 0 7
8 1 0
8 2 1
8 3 2
8 0 3
FACE-NORMAL = 14
1.0 0.0 0.0
1.0 0.0 0.0
1.0 0.0 0.0
1.0 0.0 0.0
1.0 0.0 0.0
1.0 0.0 0.0
1.0 0.0 0.0
1.0 0.0 0.0
1.0 0.0 0.0
1.0 0.0 0.0
1.0 0.0 0.0
1.0 0.0 0.0
1.0 0.0 0.0
1.0 0.0 0.0
BONE = 21
BONE_NAME = BONE_Turret_X
PARENT_ID = 20
LOCALTM 
MAT 0.873267 0.0 0.0 0.0
MAT 0.0 0.8616 0.142272 0.0
MAT 0.0 -0.142272 0.8616 0.0
MAT 0.000434447 -0.0444582 -0.044311 1.0
WORLDTM 
MAT 0.789269 0.0 0.0 0.0
MAT 0.0 0.781915 0.107489 0.0
MAT 0.0 -0.107489 0.781915 0.0
MAT 0.0385942 1.56109 0.177285 1.0
VERTEX = 9
0.366213 1.50726 0.210312
0.366213 1.50726 0.210312
0.366213 1.50726 0.210312
0.366213 1.50726 0.210312
0.366213 1.50726 0.210312
0.366213 1.50726 0.210312
0.366213 1.50726 0.210312
0.366213 1.50726 0.210312
0.366213 1.50726 0.210312
INDEX = 14
4 5 7
6 7 5
1 2 5
6 5 2
0 1 4
5 4 1
7 6 3
2 3 6
4 7 0
3 0 7
8 1 0
8 2 1
8 3 2
8 0 3
FACE-NORMAL = 14
1.0 0.0 0.0
1.0 0.0 0.0
1.0 0.0 0.0
1.0 0.0 0.0
1.0 0.0 0.0
1.0 0.0 0.0
1.0 0.0 0.0
1.0 0.0 0.0
1.0 0.0 0.0
1.0 0.0 0.0
1.0 0.0 0.0
1.0 0.0 0.0
1.0 0.0 0.0
1.0 0.0 0.0
BONE = 22
BONE_NAME = BONE_Arm_L
PARENT_ID = 21
LOCALTM 
MAT -1.14513 0.0 0.0 0.0
MAT 0.0 1.14513 8.9407e-007 0.0
MAT 0.0 -8.79169e-007 1.14512 0.0
MAT 0.415092 -0.0618591 0.0507417 1.0
WORLDTM 
MAT -0.903812 0.0 0.0 0.0
MAT 0.0 0.89539 0.123089 0.0
MAT 0.0 -0.123089 0.895391 0.0
MAT 0.366213 1.50726 0.210312 1.0
VERTEX = 9
0.496944 1.55964 0.203488
0.496944 1.55964 0.203488
0.496944 1.55964 0.203488
0.496944 1.55964 0.203488
0.496944 1.55964 0.203488
0.496944 1.55964 0.203488
0.496944 1.55964 0.203488
0.496944 1.55964 0.203488
0.496944 1.55964 0.203488
INDEX = 14
4 5 7
6 7 5
1 2 5
6 5 2
0 1 4
5 4 1
7 6 3
2 3 6
4 7 0
3 0 7
8 1 0
8 2 1
8 3 2
8 0 3
FACE-NORMAL = 14
1.0 0.0 0.0
1.0 0.0 0.0
1.0 0.0 0.0
1.0 0.0 0.0
1.0 0.0 0.0
1.0 0.0 0.0
1.0 0.0 0.0
1.0 0.0 0.0
1.0 0.0 0.0
1.0 0.0 0.0
1.0 0.0 0.0
1.0 0.0 0.0
1.0 0.0 0.0
1.0 0.0 0.0
BONE = 23
BONE_NAME = BONE_Shoulder_L
PARENT_ID = 22
LOCALTM 
MAT 0.998537 0.054068 0.0 0.0
MAT -0.0532466 0.983367 0.173648 0.0
MAT 0.0093888 -0.173394 0.984808 0.0
MAT -0.144644 0.0563852 -0.0153721 1.0
WORLDTM 
MAT -0.90249 0.0484119 0.00665512 0.0
MAT 0.0481248 0.859123 0.276525 0.0
MAT -0.00848576 -0.276475 0.860445 0.0
MAT 0.496944 1.55964 0.203488 1.0
VERTEX = 9
0.618952 1.71093 -0.325089
0.618952 1.71093 -0.325089
0.618952 1.71093 -0.325089
0.618952 1.71093 -0.325089
0.618952 1.71093 -0.325089
0.618952 1.71093 -0.325089
0.618952 1.71093 -0.325089
0.618952 1.71093 -0.325089
0.618952 1.71093 -0.325089
INDEX = 14
4 5 7
6 7 5
1 2 5
6 5 2
0 1 4
5 4 1
7 6 3
2 3 6
4 7 0
3 0 7
8 1 0
8 2 1
8 3 2
8 0 3
FACE-NORMAL = 14
1.0 0.0 0.0
1.0 0.0 0.0
1.0 0.0 0.0
1.0 0.0 0.0
1.0 0.0 0.0
1.0 0.0 0.0
1.0 0.0 0.0
1.0 0.0 0.0
1.0 0.0 0.0
1.0 0.0 0.0
1.0 0.0 0.0
1.0 0.0 0.0
1.0 0.0 0.0
1.0 0.0 0.0
BONE = 24
BONE_NAME = Mesh155
PARENT_ID = 23
LOCALTM 
MAT -1.10642 0.0 0.0 0.0
MAT 0.0 1.09164 -0.180259 0.0
MAT 0.0 0.180259 1.09164 0.0
MAT -0.130136 -0.0126317 -0.60924 1.0
WORLDTM 
MAT 0.998538 -0.0535641 -0.00736347 0.0
MAT 0.0540647 0.987693 0.146764 0.0
MAT -0.000588409 -0.146947 0.989144 0.0
MAT 0.618952 1.71093 -0.325089 1.0
VERTEX = 9
0.695704 1.65871 0.674595
0.695704 1.65871 0.674595
0.695704 1.65871 0.674595
0.695704 1.65871 0.674595
0.695704 1.65871 0.674595
0.695704 1.65871 0.674595
0.695704 1.65871 0.674595
0.695704 1.65871 0.674595
0.695704 1.65871 0.674595
INDEX = 14
4 5 7
6 7 5
1 2 5
6 5 2
0 1 4
5 4 1
7 6 3
2 3 6
4 7 0
3 0 7
8 1 0
8 2 1
8 3 2
8 0 3
FACE-NORMAL = 14
1.0 0.0 0.0
1.0 0.0 0.0
1.0 0.0 0.0
1.0 0.0 0.0
1.0 0.0 0.0
1.0 0.0 0.0
1.0 0.0 0.0
1.0 0.0 0.0
1.0 0.0 0.0
1.0 0.0 0.0
1.0 0.0 0.0
1.0 0.0 0.0
1.0 0.0 0.0
1.0 0.0 0.0
BONE = 25
BONE_NAME = HitTestFuzzy06
PARENT_ID = 23
LOCALTM 
MAT -1.10401 0.0720814 -0.0119021 0.0
MAT -0.00417504 -0.242206 -1.07958 0.0
MAT 0.0729379 1.07718 -0.241949 0.0
MAT -0.209881 0.27538 0.460639 1.0
WORLDTM 
MAT 0.999928 0.0117702 0.00234391 0.0
MAT 0.00127287 0.0901897 -0.995924 0.0
MAT -0.0119335 0.995855 0.0901686 0.0
MAT 0.695704 1.65871 0.674595 1.0
VERTEX = 9
0.651044 1.72484 -0.00983799
0.651044 1.72484 -0.00983799
0.651044 1.72484 -0.00983799
0.651044 1.72484 -0.00983799
0.651044 1.72484 -0.00983799
0.651044 1.72484 -0.00983799
0.651044 1.72484 -0.00983799
0.651044 1.72484 -0.00983799
0.651044 1.72484 -0.00983799
INDEX = 14
4 5 7
6 7 5
1 2 5
6 5 2
0 1 4
5 4 1
7 6 3
2 3 6
4 7 0
3 0 7
8 1 0
8 2 1
8 3 2
8 0 3
FACE-NORMAL = 14
1.0 0.0 0.0
1.0 0.0 0.0
1.0 0.0 0.0
1.0 0.0 0.0
1.0 0.0 0.0
1.0 0.0 0.0
1.0 0.0 0.0
1.0 0.0 0.0
1.0 0.0 0.0
1.0 0.0 0.0
1.0 0.0 0.0
1.0 0.0 0.0
1.0 0.0 0.0
1.0 0.0 0.0
BONE = 26
BONE_NAME = Vol_Target 02
PARENT_ID = 23
LOCALTM 
MAT -0.786597 0.200971 -0.31163 0.0
MAT 0.193501 0.908265 -0.469889 0.0
MAT -0.0746087 0.236794 2.06683 0.0
MAT -0.162198 0.110603 -0.282216 1.0
WORLDTM 
MAT 0.722212 0.220736 -0.217802 0.0
MAT -0.126935 0.919592 -0.151868 0.0
MAT 0.0611906 -0.371604 1.84338 0.0
MAT 0.651044 1.72484 -0.00983799 1.0
VERTEX = 9
-0.281968 1.50726 0.210312
-0.281968 1.50726 0.210312
-0.281968 1.50726 0.210312
-0.281968 1.50726 0.210312
-0.281968 1.50726 0.210312
-0.281968 1.50726 0.210312
-0.281968 1.50726 0.210312
-0.281968 1.50726 0.210312
-0.281968 1.50726 0.210312
INDEX = 14
4 5 7
6 7 5
1 2 5
6 5 2
0 1 4
5 4 1
7 6 3
2 3 6
4 7 0
3 0 7
8 1 0
8 2 1
8 3 2
8 0 3
FACE-NORMAL = 14
1.0 0.0 0.0
1.0 0.0 0.0
1.0 0.0 0.0
1.0 0.0 0.0
1.0 0.0 0.0
1.0 0.0 0.0
1.0 0.0 0.0
1.0 0.0 0.0
1.0 0.0 0.0
1.0 0.0 0.0
1.0 0.0 0.0
1.0 0.0 0.0
1.0 0.0 0.0
1.0 0.0 0.0
BONE = 27
BONE_NAME = BONE_Arm_R
PARENT_ID = 21
LOCALTM 
MAT 1.14513 0.0 0.0 0.0
MAT 0.0 1.14513 0.0 0.0
MAT 0.0 0.0 1.14512 0.0
MAT -0.40615 -0.061859 0.0507416 1.0
WORLDTM 
MAT 0.903812 0.0 0.0 0.0
MAT 0.0 0.895391 0.123089 0.0
MAT 0.0 -0.123089 0.895391 0.0
MAT -0.281968 1.50726 0.210312 1.0
VERTEX = 9
-0.412699 1.55964 0.203488
-0.412699 1.55964 0.203488
-0.412699 1.55964 0.203488
-0.412699 1.55964 0.203488
-0.412699 1.55964 0.203488
-0.412699 1.55964 0.203488
-0.412699 1.55964 0.203488
-0.412699 1.55964 0.203488
-0.412699 1.55964 0.203488
INDEX = 14
4 5 7
6 7 5
1 2 5
6 5 2
0 1 4
5 4 1
7 6 3
2 3 6
4 7 0
3 0 7
8 1 0
8 2 1
8 3 2
8 0 3
FACE-NORMAL = 14
1.0 0.0 0.0
1.0 0.0 0.0
1.0 0.0 0.0
1.0 0.0 0.0
1.0 0.0 0.0
1.0 0.0 0.0
1.0 0.0 0.0
1.0 0.0 0.0
1.0 0.0 0.0
1.0 0.0 0.0
1.0 0.0 0.0
1.0 0.0 0.0
1.0 0.0 0.0
1.0 0.0 0.0
BONE = 28
BONE_NAME = BONE_Shoulder_R
PARENT_ID = 27
LOCALTM 
MAT 0.999979 -0.00649161 0.0 0.0
MAT 0.00639298 0.984787 0.173648 0.0
MAT -0.00112726 -0.173645 0.984808 0.0
MAT -0.144644 0.0563848 -0.015372 1.0
WORLDTM 
MAT 0.903793 -0.00581248 -0.000798974 0.0
MAT 0.00577799 0.860395 0.276699 0.0
MAT -0.00101888 -0.276698 0.860414 0.0
MAT -0.412699 1.55964 0.203488 1.0
VERTEX = 9
-0.544161 1.7182 -0.324089
-0.544161 1.7182 -0.324089
-0.544161 1.7182 -0.324089
-0.544161 1.7182 -0.324089
-0.544161 1.7182 -0.324089
-0.544161 1.7182 -0.324089
-0.544161 1.7182 -0.324089
-0.544161 1.7182 -0.324089
-0.544161 1.7182 -0.324089
INDEX = 14
4 5 7
6 7 5
1 2 5
6 5 2
0 1 4
5 4 1
7 6 3
2 3 6
4 7 0
3 0 7
8 1 0
8 2 1
8 3 2
8 0 3
FACE-NORMAL = 14
1.0 0.0 0.0
1.0 0.0 0.0
1.0 0.0 0.0
1.0 0.0 0.0
1.0 0.0 0.0
1.0 0.0 0.0
1.0 0.0 0.0
1.0 0.0 0.0
1.0 0.0 0.0
1.0 0.0 0.0
1.0 0.0 0.0
1.0 0.0 0.0
1.0 0.0 0.0
1.0 0.0 0.0
BONE = 29
BONE_NAME = Mesh05
PARENT_ID = 28
LOCALTM 
MAT 1.10643 0.0 0.0 0.0
MAT 0.0 1.09164 -0.180258 0.0
MAT 0.0 0.180258 1.09164 0.0
MAT -0.146063 -0.0126313 -0.60924 1.0
WORLDTM 
MAT 0.999979 -0.00643115 -0.000884011 0.0
MAT 0.00649124 0.989121 0.14696 0.0
MAT -7.07277e-005 -0.146962 0.989141 0.0
MAT -0.544161 1.7182 -0.324089 1.0
VERTEX = 9
-0.529477 1.85285 -0.656557
-0.529477 1.85285 -0.656557
-0.529477 1.85285 -0.656557
-0.529477 1.85285 -0.656557
-0.529477 1.85285 -0.656557
-0.529477 1.85285 -0.656557
-0.529477 1.85285 -0.656557
-0.529477 1.85285 -0.656557
-0.529477 1.85285 -0.656557
INDEX = 14
4 5 7
6 7 5
1 2 5
6 5 2
0 1 4
5 4 1
7 6 3
2 3 6
4 7 0
3 0 7
8 1 0
8 2 1
8 3 2
8 0 3
FACE-NORMAL = 14
1.0 0.0 0.0
1.0 0.0 0.0
1.0 0.0 0.0
1.0 0.0 0.0
1.0 0.0 0.0
1.0 0.0 0.0
1.0 0.0 0.0
1.0 0.0 0.0
1.0 0.0 0.0
1.0 0.0 0.0
1.0 0.0 0.0
1.0 0.0 0.0
1.0 0.0 0.0
1.0 0.0 0.0
BONE = 30
BONE_NAME = Ref_Weapon Right
PARENT_ID = 28
LOCALTM 
MAT 1.10642 0.0 0.0 0.0
MAT 0.0 1.09164 -0.180257 0.0
MAT 0.0 0.180257 1.09164 0.0
MAT -0.130449 0.0166841 -1.00506 1.0
WORLDTM 
MAT 0.999979 -0.00643114 -0.000884015 0.0
MAT 0.00649123 0.989121 0.146961 0.0
MAT -7.07251e-005 -0.146963 0.989141 0.0
MAT -0.529477 1.85285 -0.656557 1.0
VERTEX = 9
-0.607437 1.67038 0.676198
-0.607437 1.67038 0.676198
-0.607437 1.67038 0.676198
-0.607437 1.67038 0.676198
-0.607437 1.67038 0.676198
-0.607437 1.67038 0.676198
-0.607437 1.67038 0.676198
-0.607437 1.67038 0.676198
-0.607437 1.67038 0.676198
INDEX = 14
4 5 7
6 7 5
1 2 5
6 5 2
0 1 4
5 4 1
7 6 3
2 3 6
4 7 0
3 0 7
8 1 0
8 2 1
8 3 2
8 0 3
FACE-NORMAL = 14
1.0 0.0 0.0
1.0 0.0 0.0
1.0 0.0 0.0
1.0 0.0 0.0
1.0 0.0 0.0
1.0 0.0 0.0
1.0 0.0 0.0
1.0 0.0 0.0
1.0 0.0 0.0
1.0 0.0 0.0
1.0 0.0 0.0
1.0 0.0 0.0
1.0 0.0 0.0
1.0 0.0 0.0
BONE = 31
BONE_NAME = HitTestFuzzy
PARENT_ID = 28
LOCALTM 
MAT 1.10014 -0.116192 0.0191863 0.0
MAT -0.00672924 -0.241987 -1.07962 0.0
MAT 0.117573 1.07337 -0.241319 0.0
MAT -0.216709 0.27538 0.460639 1.0
WORLDTM 
MAT 0.993607 -0.111674 -0.0165211 0.0
MAT -0.00638003 0.0905632 -0.99587 0.0
MAT 0.112709 0.98961 0.0892721 0.0
MAT -0.607437 1.67038 0.676198 1.0
VERTEX = 9
-0.588614 1.72484 -0.00983787
-0.588614 1.72484 -0.00983787
-0.588614 1.72484 -0.00983787
-0.588614 1.72484 -0.00983787
-0.588614 1.72484 -0.00983787
-0.588614 1.72484 -0.00983787
-0.588614 1.72484 -0.00983787
-0.588614 1.72484 -0.00983787
-0.588614 1.72484 -0.00983787
INDEX = 14
4 5 7
6 7 5
1 2 5
6 5 2
0 1 4
5 4 1
7 6 3
2 3 6
4 7 0
3 0 7
8 1 0
8 2 1
8 3 2
8 0 3
FACE-NORMAL = 14
1.0 0.0 0.0
1.0 0.0 0.0
1.0 0.0 0.0
1.0 0.0 0.0
1.0 0.0 0.0
1.0 0.0 0.0
1.0 0.0 0.0
1.0 0.0 0.0
1.0 0.0 0.0
1.0 0.0 0.0
1.0 0.0 0.0
1.0 0.0 0.0
1.0 0.0 0.0
1.0 0.0 0.0
BONE = 32
BONE_NAME = Vol_Target 01
PARENT_ID = 28
LOCALTM 
MAT 0.796553 -0.145231 0.289687 0.0
MAT 0.145379 0.920196 -0.474583 0.0
MAT -0.0781832 0.231413 2.06895 0.0
MAT -0.1956 0.100492 -0.280433 1.0
WORLDTM 
MAT 0.718784 -0.209742 0.208429 0.0
MAT 0.137192 0.922203 -0.153837 0.0
MAT -0.0714323 -0.372913 1.84425 0.0
MAT -0.588614 1.72484 -0.00983787 1.0
VERTEX = 9
0.608223 1.50743 -0.610685
0.608223 1.50743 -0.610685
0.608223 1.50743 -0.610685
0.608223 1.50743 -0.610685
0.608223 1.50743 -0.610685
0.608223 1.50743 -0.610685
0.608223 1.50743 -0.610685
0.608223 1.50743 -0.610685
0.608223 1.50743 -0.610685
INDEX = 14
4 5 7
6 7 5
1 2 5
6 5 2
0 1 4
5 4 1
7 6 3
2 3 6
4 7 0
3 0 7
8 1 0
8 2 1
8 3 2
8 0 3
FACE-NORMAL = 14
1.0 0.0 0.0
1.0 0.0 0.0
1.0 0.0 0.0
1.0 0.0 0.0
1.0 0.0 0.0
1.0 0.0 0.0
1.0 0.0 0.0
1.0 0.0 0.0
1.0 0.0 0.0
1.0 0.0 0.0
1.0 0.0 0.0
1.0 0.0 0.0
1.0 0.0 0.0
1.0 0.0 0.0
BONE = 33
BONE_NAME = Ref_Weapon Left
PARENT_ID = 21
LOCALTM 
MAT 1.26699 0.0 0.0 0.0
MAT 0.0 1.196 -0.418176 0.0
MAT 0.0 0.418176 1.19599 0.0
MAT 0.721717 -0.203315 -0.979793 1.0
WORLDTM 
MAT 1.0 0.0 0.0 0.0
MAT 0.0 0.980117 -0.198422 0.0
MAT 0.0 0.198422 0.980116 0.0
MAT 0.608223 1.50743 -0.610685 1.0
VERTEX = 9
-0.546498 1.476 -0.635901
-0.546498 1.476 -0.635901
-0.546498 1.476 -0.635901
-0.546498 1.476 -0.635901
-0.546498 1.476 -0.635901
-0.546498 1.476 -0.635901
-0.546498 1.476 -0.635901
-0.546498 1.476 -0.635901
-0.546498 1.476 -0.635901
INDEX = 14
4 5 7
6 7 5
1 2 5
6 5 2
0 1 4
5 4 1
7 6 3
2 3 6
4 7 0
3 0 7
8 1 0
8 2 1
8 3 2
8 0 3
FACE-NORMAL = 14
1.0 0.0 0.0
1.0 0.0 0.0
1.0 0.0 0.0
1.0 0.0 0.0
1.0 0.0 0.0
1.0 0.0 0.0
1.0 0.0 0.0
1.0 0.0 0.0
1.0 0.0 0.0
1.0 0.0 0.0
1.0 0.0 0.0
1.0 0.0 0.0
1.0 0.0 0.0
1.0 0.0 0.0
BONE = 34
BONE_NAME = Star2Part03shot01tails
PARENT_ID = 21
LOCALTM 
MAT 1.42752 0.0 0.0 0.0
MAT 0.0 -0.288007 -1.39816 0.0
MAT 0.0 1.39816 -0.288007 0.0
MAT -0.741309 -0.247118 -1.00602 1.0
WORLDTM 
MAT 1.12669 0.0 0.0 0.0
MAT 0.0 -0.0749096 -1.1242 0.0
MAT 0.0 1.1242 -0.0749097 0.0
MAT -0.546498 1.476 -0.635901 1.0
VERTEX = 9
-0.558385 1.47917 -0.731969
-0.558385 1.47917 -0.731969
-0.558385 1.47917 -0.731969
-0.558385 1.47917 -0.731969
-0.558385 1.47917 -0.731969
-0.558385 1.47917 -0.731969
-0.558385 1.47917 -0.731969
-0.558385 1.47917 -0.731969
-0.558385 1.47917 -0.731969
INDEX = 14
4 5 7
6 7 5
1 2 5
6 5 2
0 1 4
5 4 1
7 6 3
2 3 6
4 7 0
3 0 7
8 1 0
8 2 1
8 3 2
8 0 3
FACE-NORMAL = 14
1.0 0.0 0.0
1.0 0.0 0.0
1.0 0.0 0.0
1.0 0.0 0.0
1.0 0.0 0.0
1.0 0.0 0.0
1.0 0.0 0.0
1.0 0.0 0.0
1.0 0.0 0.0
1.0 0.0 0.0
1.0 0.0 0.0
1.0 0.0 0.0
1.0 0.0 0.0
1.0 0.0 0.0
BONE = 35
BONE_NAME = Star2Part01flare02
PARENT_ID = 21
LOCALTM 
MAT 1.29004 0.0 0.0 0.0
MAT 0.0 0.159293 -1.28017 0.0
MAT 0.0 1.28017 0.159293 0.0
MAT -0.756369 -0.259714 -1.12715 1.0
WORLDTM 
MAT 1.01819 0.0 0.0 0.0
MAT 0.0 0.262158 -0.983862 0.0
MAT 0.0 0.983862 0.262158 0.0
MAT -0.558385 1.47917 -0.731969 1.0
VERTEX = 9
0.605319 1.47917 -0.731969
0.605319 1.47917 -0.731969
0.605319 1.47917 -0.731969
0.605319 1.47917 -0.731969
0.605319 1.47917 -0.731969
0.605319 1.47917 -0.731969
0.605319 1.47917 -0.731969
0.605319 1.47917 -0.731969
0.605319 1.47917 -0.731969
INDEX = 14
4 5 7
6 7 5
1 2 5
6 5 2
0 1 4
5 4 1
7 6 3
2 3 6
4 7 0
3 0 7
8 1 0
8 2 1
8 3 2
8 0 3
FACE-NORMAL = 14
1.0 0.0 0.0
1.0 0.0 0.0
1.0 0.0 0.0
1.0 0.0 0.0
1.0 0.0 0.0
1.0 0.0 0.0
1.0 0.0 0.0
1.0 0.0 0.0
1.0 0.0 0.0
1.0 0.0 0.0
1.0 0.0 0.0
1.0 0.0 0.0
1.0 0.0 0.0
1.0 0.0 0.0
BONE = 36
BONE_NAME = Star2Part01flare03
PARENT_ID = 21
LOCALTM 
MAT 1.29004 0.0 0.0 0.0
MAT 0.0 0.159293 -1.28017 0.0
MAT 0.0 1.28017 0.159293 0.0
MAT 0.718037 -0.259715 -1.12715 1.0
WORLDTM 
MAT 1.01819 0.0 0.0 0.0
MAT 0.0 0.262158 -0.983862 0.0
MAT 0.0 0.983862 0.262158 0.0
MAT 0.605319 1.47917 -0.731969 1.0
VERTEX = 9
0.617205 1.476 -0.635901
0.617205 1.476 -0.635901
0.617205 1.476 -0.635901
0.617205 1.476 -0.635901
0.617205 1.476 -0.635901
0.617205 1.476 -0.635901
0.617205 1.476 -0.635901
0.617205 1.476 -0.635901
0.617205 1.476 -0.635901
INDEX = 14
4 5 7
6 7 5
1 2 5
6 5 2
0 1 4
5 4 1
7 6 3
2 3 6
4 7 0
3 0 7
8 1 0
8 2 1
8 3 2
8 0 3
FACE-NORMAL = 14
1.0 0.0 0.0
1.0 0.0 0.0
1.0 0.0 0.0
1.0 0.0 0.0
1.0 0.0 0.0
1.0 0.0 0.0
1.0 0.0 0.0
1.0 0.0 0.0
1.0 0.0 0.0
1.0 0.0 0.0
1.0 0.0 0.0
1.0 0.0 0.0
1.0 0.0 0.0
1.0 0.0 0.0
BONE = 37
BONE_NAME = Star2Part03shot01tails01
PARENT_ID = 21
LOCALTM 
MAT 1.42752 0.0 0.0 0.0
MAT 0.0 -0.288007 -1.39816 0.0
MAT 0.0 1.39816 -0.288007 0.0
MAT 0.733097 -0.247118 -1.00602 1.0
WORLDTM 
MAT 1.12669 0.0 0.0 0.0
MAT 0.0 -0.0749096 -1.1242 0.0
MAT 0.0 1.1242 -0.0749097 0.0
MAT 0.617205 1.476 -0.635901 1.0
VERTEX = 9
0.037237 1.75908 0.0318244
0.037237 1.75908 0.0318244
0.037237 1.75908 0.0318244
0.037237 1.75908 0.0318244
0.037237 1.75908 0.0318244
0.037237 1.75908 0.0318244
0.037237 1.75908 0.0318244
0.037237 1.75908 0.0318244
0.037237 1.75908 0.0318244
INDEX = 14
4 5 7
6 7 5
1 2 5
6 5 2
0 1 4
5 4 1
7 6 3
2 3 6
4 7 0
3 0 7
8 1 0
8 2 1
8 3 2
8 0 3
FACE-NORMAL = 14
1.0 0.0 0.0
1.0 0.0 0.0
1.0 0.0 0.0
1.0 0.0 0.0
1.0 0.0 0.0
1.0 0.0 0.0
1.0 0.0 0.0
1.0 0.0 0.0
1.0 0.0 0.0
1.0 0.0 0.0
1.0 0.0 0.0
1.0 0.0 0.0
1.0 0.0 0.0
1.0 0.0 0.0
BONE = 38
BONE_NAME = Ref_Head
PARENT_ID = 20
LOCALTM 
MAT 1.10392 -0.0178141 -0.0722304 0.0
MAT 0.0138231 1.10465 -0.0611738 0.0
MAT 0.0730993 0.060133 1.10237 0.0
MAT -0.0010672 0.178873 -0.199272 1.0
WORLDTM 
MAT 0.997737 -0.0178594 -0.0648235 0.0
MAT 0.0124935 0.996533 -0.0822581 0.0
MAT 0.0660679 0.0812621 0.9945 0.0
MAT 0.037237 1.75908 0.0318244 1.0
VERTEX = 9
0.0403861 1.53893 0.181176
0.0403861 1.53893 0.181176
0.0403861 1.53893 0.181176
0.0403861 1.53893 0.181176
0.0403861 1.53893 0.181176
0.0403861 1.53893 0.181176
0.0403861 1.53893 0.181176
0.0403861 1.53893 0.181176
0.0403861 1.53893 0.181176
INDEX = 14
4 5 7
6 7 5
1 2 5
6 5 2
0 1 4
5 4 1
7 6 3
2 3 6
4 7 0
3 0 7
8 1 0
8 2 1
8 3 2
8 0 3
FACE-NORMAL = 14
1.0 0.0 0.0
1.0 0.0 0.0
1.0 0.0 0.0
1.0 0.0 0.0
1.0 0.0 0.0
1.0 0.0 0.0
1.0 0.0 0.0
1.0 0.0 0.0
1.0 0.0 0.0
1.0 0.0 0.0
1.0 0.0 0.0
1.0 0.0 0.0
1.0 0.0 0.0
1.0 0.0 0.0
BONE = 39
BONE_NAME = Vol_Target
PARENT_ID = 20
LOCALTM 
MAT 1.10643 0.0 0.0 0.0
MAT 0.0 1.93798 0.487784 0.0
MAT 0.0 -0.64859 1.45749 0.0
MAT 0.0024171 -0.0690843 -0.0406708 1.0
WORLDTM 
MAT 1.0 0.0 0.0 0.0
MAT -1.20481e-007 1.76285 0.393355 0.0
MAT 0.0 -0.550379 1.33267 0.0
MAT 0.0403861 1.53893 0.181176 1.0
VERTEX = 9
-0.0124069 1.68656 -1.09253
-0.0124069 1.68656 -1.09253
-0.0124069 1.68656 -1.09253
-0.0124069 1.68656 -1.09253
-0.0124069 1.68656 -1.09253
-0.0124069 1.68656 -1.09253
-0.0124069 1.68656 -1.09253
-0.0124069 1.68656 -1.09253
-0.0124069 1.68656 -1.09253
INDEX = 14
4 5 7
6 7 5
1 2 5
6 5 2
0 1 4
5 4 1
7 6 3
2 3 6
4 7 0
3 0 7
8 1 0
8 2 1
8 3 2
8 0 3
FACE-NORMAL = 14
1.0 0.0 0.0
1.0 0.0 0.0
1.0 0.0 0.0
1.0 0.0 0.0
1.0 0.0 0.0
1.0 0.0 0.0
1.0 0.0 0.0
1.0 0.0 0.0
1.0 0.0 0.0
1.0 0.0 0.0
1.0 0.0 0.0
1.0 0.0 0.0
1.0 0.0 0.0
1.0 0.0 0.0
BONE = 40
BONE_NAME = Star2Omni01
PARENT_ID = 20
LOCALTM 
MAT 1.10642 0.0 0.0 0.0
MAT 0.0 1.10643 -4.73112e-007 0.0
MAT 0.0 4.41447e-007 1.10642 0.0
MAT -0.0559946 0.132301 -1.445 1.0
WORLDTM 
MAT 1.0 0.0 0.0 0.0
MAT 0.0 0.999635 -0.0270326 0.0
MAT 0.0 0.0270325 0.999634 0.0
MAT -0.0124069 1.68656 -1.09253 1.0
VERTEX = 9
0.0223208 1.4405 0.0
0.0223208 1.4405 0.0
0.0223208 1.4405 0.0
0.0223208 1.4405 0.0
0.0223208 1.4405 0.0
0.0223208 1.4405 0.0
0.0223208 1.4405 0.0
0.0223208 1.4405 0.0
0.0223208 1.4405 0.0
INDEX = 14
4 5 7
6 7 5
1 2 5
6 5 2
0 1 4
5 4 1
7 6 3
2 3 6
4 7 0
3 0 7
8 1 0
8 2 1
8 3 2
8 0 3
FACE-NORMAL = 14
1.0 0.0 0.0
1.0 0.0 0.0
1.0 0.0 0.0
1.0 0.0 0.0
1.0 0.0 0.0
1.0 0.0 0.0
1.0 0.0 0.0
1.0 0.0 0.0
1.0 0.0 0.0
1.0 0.0 0.0
1.0 0.0 0.0
1.0 0.0 0.0
1.0 0.0 0.0
1.0 0.0 0.0
BONE = 41
BONE_NAME = Ref_Center
PARENT_ID = 0
LOCALTM 
MAT 1.0 0.0 0.0 0.0
MAT 0.0 1.0 0.0 0.0
MAT 0.0 0.0 1.0 0.0
MAT 0.000197601 0.879193 0.0 1.0
WORLDTM 
MAT 1.0 0.0 0.0 0.0
MAT 0.0 1.0 0.0 0.0
MAT 0.0 0.0 1.0 0.0
MAT 0.0223208 1.4405 0.0 1.0
VERTEX = 9
0.0221232 0.264166 0.0168859
0.0221232 0.264166 0.0168859
0.0221232 0.264166 0.0168859
0.0221232 0.264166 0.0168859
0.0221232 0.264166 0.0168859
0.0221232 0.264166 0.0168859
0.0221232 0.264166 0.0168859
0.0221232 0.264166 0.0168859
0.0221232 0.264166 0.0168859
INDEX = 14
4 5 7
6 7 5
1 2 5
6 5 2
0 1 4
5 4 1
7 6 3
2 3 6
4 7 0
3 0 7
8 1 0
8 2 1
8 3 2
8 0 3
FACE-NORMAL = 14
1.0 0.0 0.0
1.0 0.0 0.0
1.0 0.0 0.0
1.0 0.0 0.0
1.0 0.0 0.0
1.0 0.0 0.0
1.0 0.0 0.0
1.0 0.0 0.0
1.0 0.0 0.0
1.0 0.0 0.0
1.0 0.0 0.0
1.0 0.0 0.0
1.0 0.0 0.0
1.0 0.0 0.0
BONE = 42
BONE_NAME = HitTestFuzzy05
PARENT_ID = 0
LOCALTM 
MAT 1.0 0.0 0.0 0.0
MAT 0.0 1.0 4.69387e-007 0.0
MAT 0.0 -4.69387e-007 1.0 0.0
MAT 0.0 -0.297137 0.0168859 1.0
WORLDTM 
MAT 1.0 0.0 0.0 0.0
MAT 0.0 1.0 4.69387e-007 0.0
MAT 0.0 -4.69387e-007 1.0 0.0
MAT 0.0221232 0.264166 0.0168859 1.0
VERTEX = 9
0.0279793 0.725431 -0.0399098
0.0279793 0.725431 -0.0399098
0.0279793 0.725431 -0.0399098
0.0279793 0.725431 -0.0399098
0.0279793 0.725431 -0.0399098
0.0279793 0.725431 -0.0399098
0.0279793 0.725431 -0.0399098
0.0279793 0.725431 -0.0399098
0.0279793 0.725431 -0.0399098
INDEX = 14
4 5 7
6 7 5
1 2 5
6 5 2
0 1 4
5 4 1
7 6 3
2 3 6
4 7 0
3 0 7
8 1 0
8 2 1
8 3 2
8 0 3
FACE-NORMAL = 14
1.0 0.0 0.0
1.0 0.0 0.0
1.0 0.0 0.0
1.0 0.0 0.0
1.0 0.0 0.0
1.0 0.0 0.0
1.0 0.0 0.0
1.0 0.0 0.0
1.0 0.0 0.0
1.0 0.0 0.0
1.0 0.0 0.0
1.0 0.0 0.0
1.0 0.0 0.0
1.0 0.0 0.0
BONE = 43
BONE_NAME = Vol_Target 03
PARENT_ID = 0
LOCALTM 
MAT 1.57547 0.0 1.87089e-007 0.0
MAT 0.0 0.903481 0.0425887 0.0
MAT -1.87062e-007 -0.0244322 1.57489 0.0
MAT 0.00585613 0.164127 -0.0399097 1.0
WORLDTM 
MAT 1.57547 0.0 1.87089e-007 0.0
MAT 0.0 0.903481 0.0425887 0.0
MAT -1.87062e-007 -0.0244322 1.57489 0.0
MAT 0.0279793 0.725431 -0.0399098 1.0
VERTEX = 9
0.0 2.35922 0.0
0.0 2.35922 0.0
0.0 2.35922 0.0
0.0 2.35922 0.0
0.0 2.35922 0.0
0.0 2.35922 0.0
0.0 2.35922 0.0
0.0 2.35922 0.0
0.0 2.35922 0.0
INDEX = 14
4 5 7
6 7 5
1 2 5
6 5 2
0 1 4
5 4 1
7 6 3
2 3 6
4 7 0
3 0 7
8 1 0
8 2 1
8 3 2
8 0 3
FACE-NORMAL = 14
1.0 0.0 0.0
1.0 0.0 0.0
1.0 0.0 0.0
1.0 0.0 0.0
1.0 0.0 0.0
1.0 0.0 0.0
1.0 0.0 0.0
1.0 0.0 0.0
1.0 0.0 0.0
1.0 0.0 0.0
1.0 0.0 0.0
1.0 0.0 0.0
1.0 0.0 0.0
1.0 0.0 0.0
BONE = 44
BONE_NAME = Ref_Overhead
PARENT_ID = -1
LOCALTM 
MAT 1.0 0.0 0.0 0.0
MAT 0.0 1.0 0.0 0.0
MAT 0.0 0.0 1.0 0.0
MAT 0.0 2.35922 0.0 1.0
WORLDTM 
MAT 1.0 0.0 0.0 0.0
MAT 0.0 1.0 0.0 0.0
MAT 0.0 0.0 1.0 0.0
MAT 0.0 2.35922 0.0 1.0
VERTEX = 9
0.0 0.94683 0.0
0.0 0.94683 0.0
0.0 0.94683 0.0
0.0 0.94683 0.0
0.0 0.94683 0.0
0.0 0.94683 0.0
0.0 0.94683 0.0
0.0 0.94683 0.0
0.0 0.94683 0.0
INDEX = 14
4 5 7
6 7 5
1 2 5
6 5 2
0 1 4
5 4 1
7 6 3
2 3 6
4 7 0
3 0 7
8 1 0
8 2 1
8 3 2
8 0 3
FACE-NORMAL = 14
1.0 0.0 0.0
1.0 0.0 0.0
1.0 0.0 0.0
1.0 0.0 0.0
1.0 0.0 0.0
1.0 0.0 0.0
1.0 0.0 0.0
1.0 0.0 0.0
1.0 0.0 0.0
1.0 0.0 0.0
1.0 0.0 0.0
1.0 0.0 0.0
1.0 0.0 0.0
1.0 0.0 0.0
BONE = 45
BONE_NAME = HitTestTight
PARENT_ID = -1
LOCALTM 
MAT 1.0 0.0 0.0 0.0
MAT 0.0 1.0 -1.19209e-007 0.0
MAT 0.0 1.19209e-007 1.0 0.0
MAT 0.0 0.94683 0.0 1.0
WORLDTM 
MAT 1.0 0.0 0.0 0.0
MAT 0.0 1.0 -1.19209e-007 0.0
MAT 0.0 1.19209e-007 1.0 0.0
MAT 0.0 0.94683 0.0 1.0
VERTEX = 9
0.0 0.0 0.0
0.0 0.0 0.0
0.0 0.0 0.0
0.0 0.0 0.0
0.0 0.0 0.0
0.0 0.0 0.0
0.0 0.0 0.0
0.0 0.0 0.0
0.0 0.0 0.0
INDEX = 14
4 5 7
6 7 5
1 2 5
6 5 2
0 1 4
5 4 1
7 6 3
2 3 6
4 7 0
3 0 7
8 1 0
8 2 1
8 3 2
8 0 3
