EXPORTER_V17
ANIMATION_EXPORT
BONEOBJECT_COUNT = 58
VERTEX = 9
0.00729355 0.00729355 -0.00729355
0.00729355 0.00729355 0.00729355
0.00729355 -0.00729355 0.00729355
0.00729355 -0.00729355 -0.00729355
0.0 0.000729355 -0.000729355
0.0 0.000729355 0.000729355
0.0 -0.000729355 0.000729355
0.0 -0.000729355 -0.000729355
0.0 0.0 0.0
INDEX = 14
4 5 7
6 7 5
1 2 5
6 5 2
0 1 4
5 4 1
7 6 3
2 3 6
4 7 0
3 0 7
8 1 0
8 2 1
8 3 2
8 0 3
FACE-NORMAL = 14
1.0 0.0 0.0
1.0 0.0 0.0
0.668965 0.0 -0.743294
0.668965 0.0 -0.743294
0.668965 -0.743294 0.0
0.668965 -0.743294 0.0
0.668965 0.743294 0.0
0.668965 0.743294 0.0
0.668965 0.0 0.743294
0.668965 0.0 0.743294
-0.707107 0.707107 0.0
-0.707107 0.0 0.707107
-0.707107 -0.707107 0.0
-0.707107 0.0 -0.707107
BONE = 0
BONE_NAME = Main
PARENT_ID = -1
LOCALTM 
MAT 1.45871 0.0 0.0 0.0
MAT 0.0 1.45871 0.0 0.0
MAT 0.0 0.0 1.45871 0.0
MAT 0.0 0.0 0.0 1.0
WORLDTM 
MAT 1.45871 0.0 0.0 0.0
MAT 0.0 1.45871 0.0 0.0
MAT 0.0 0.0 1.45871 0.0
MAT 0.0 0.0 0.0 1.0
VERTEX = 9
0.0995205 0.620647 -0.0979338
0.0995205 0.624089 -0.0837586
0.0995205 0.609914 -0.0803164
0.0995205 0.606472 -0.0944915
0.092227 0.615817 -0.0900059
0.092227 0.616161 -0.0885884
0.092227 0.614744 -0.0882442
0.092227 0.614399 -0.0896617
0.092227 0.61528 -0.0891251
INDEX = 14
4 5 7
6 7 5
1 2 5
6 5 2
0 1 4
5 4 1
7 6 3
2 3 6
4 7 0
3 0 7
8 1 0
8 2 1
8 3 2
8 0 3
FACE-NORMAL = 14
1.0 0.0 0.0
1.0 0.0 0.0
0.668965 -0.175403 -0.722302
0.668965 -0.175403 -0.722302
0.668965 -0.722302 0.175403
0.668965 -0.722302 0.175403
0.668965 0.722302 -0.175403
0.668965 0.722302 -0.175403
0.668965 0.175403 0.722302
0.668965 0.175403 0.722302
-0.707107 0.687136 -0.166864
-0.707107 0.166864 0.687136
-0.707107 -0.687136 0.166864
-0.707107 -0.166864 -0.687136
BONE = 1
BONE_NAME = Root
PARENT_ID = 0
LOCALTM 
MAT 1.0 0.0 0.0 0.0
MAT 0.0 0.971758 -0.235981 0.0
MAT 0.0 0.235981 0.971758 0.0
MAT 0.0632251 0.421798 -0.0610986 1.0
WORLDTM 
MAT 1.45871 0.0 0.0 0.0
MAT 0.0 1.41751 -0.344227 0.0
MAT 0.0 0.344227 1.41751 0.0
MAT 0.092227 0.61528 -0.0891251 1.0
VERTEX = 9
0.100188 0.642058 -0.103126
0.0861777 0.646004 -0.104095
0.0861663 0.649446 -0.0899203
0.100176 0.6455 -0.0889509
0.0918465 0.638575 -0.0955319
0.0904455 0.63897 -0.0956289
0.0904444 0.639314 -0.0942113
0.0918454 0.638919 -0.0941144
0.0911455 0.638944 -0.0948716
INDEX = 14
4 5 7
6 7 5
1 2 5
6 5 2
0 1 4
5 4 1
7 6 3
2 3 6
4 7 0
3 0 7
8 1 0
8 2 1
8 3 2
8 0 3
FACE-NORMAL = 14
0.278526 0.933355 -0.226431
0.278526 0.933355 -0.226431
0.900205 0.423334 -0.102078
0.900205 0.423334 -0.102078
0.185743 0.799785 0.570827
0.185743 0.799785 0.570827
0.186905 0.448979 -0.873776
0.186905 0.448979 -0.873776
-0.527557 0.82543 -0.200871
-0.527557 0.82543 -0.200871
-0.196395 -0.826845 -0.527025
-0.876073 -0.468722 0.113119
-0.1975 -0.493118 0.847247
0.482178 -0.851242 0.207103
BONE = 2
BONE_NAME = BoneBack01
PARENT_ID = 1
LOCALTM 
MAT 0.278526 0.960429 0.000217855 0.0
MAT 0.000781862 0.0 -1.0 0.0
MAT -0.960429 0.278526 -0.000750899 0.0
MAT -0.000741441 0.0166941 0.0 1.0
WORLDTM 
MAT 0.406288 1.36149 -0.330297 0.0
MAT 0.00114051 -0.344227 -1.41751 0.0
MAT -1.40099 0.394555 -0.0969406 0.0
MAT 0.0911455 0.638944 -0.0948716 1.0
VERTEX = 9
0.11893 0.713242 -0.119913
0.104343 0.71335 -0.119951
0.104324 0.715899 -0.105588
0.118911 0.715791 -0.10555
0.112301 0.707257 -0.112192
0.110842 0.707268 -0.112196
0.11084 0.707522 -0.11076
0.112299 0.707512 -0.110756
0.11157 0.70739 -0.111476
INDEX = 14
4 5 7
6 7 5
1 2 5
6 5 2
0 1 4
5 4 1
7 6 3
2 3 6
4 7 0
3 0 7
8 1 0
8 2 1
8 3 2
8 0 3
FACE-NORMAL = 14
0.00776691 0.984588 -0.17472
0.00776691 0.984588 -0.17472
0.748467 0.653135 -0.114943
0.748467 0.653135 -0.114943
0.00425165 0.788533 0.614977
0.00425165 0.788534 0.614977
0.00613993 0.528775 -0.84874
0.00613993 0.528775 -0.84874
-0.738075 0.664174 -0.11882
-0.738075 0.664174 -0.11882
-0.00459386 -0.819764 -0.572682
-0.712577 -0.690958 0.121701
-0.00639021 -0.572653 0.819773
0.701593 -0.701459 0.125389
BONE = 3
BONE_NAME = BoneBack02
PARENT_ID = 2
LOCALTM 
MAT 0.960695 -0.0625524 0.270465 0.0
MAT 0.0602119 0.998042 0.0169515 0.0
MAT -0.270996 0.0 0.96258 0.0
MAT 0.0502721 0.0 0.0 1.0
WORLDTM 
MAT 0.0113297 1.43623 -0.254865 0.0
MAT 0.00185287 -0.254887 -1.43627 0.0
MAT -1.45866 0.0108319 -0.00380399 0.0
MAT 0.11157 0.70739 -0.111476 1.0
VERTEX = 9
-0.0461975 0.854016 0.0968395
-0.0461988 0.856024 0.108997
-0.0450028 0.843924 0.110996
-0.0450015 0.841916 0.0988385
-0.0517918 0.848885 0.103307
-0.0517919 0.849086 0.104522
-0.0516723 0.847876 0.104722
-0.0516722 0.847675 0.103507
-0.0517321 0.84838 0.104014
INDEX = 14
4 5 7
6 7 5
1 2 5
6 5 2
0 1 4
5 4 1
7 6 3
2 3 6
4 7 0
3 0 7
8 1 0
8 2 1
8 3 2
8 0 3
FACE-NORMAL = 14
0.995278 0.0957845 -0.0157143
0.995278 0.0957845 -0.0157143
0.665886 -0.0570716 -0.743867
0.665886 -0.0570716 -0.743867
0.737954 -0.665814 0.110072
0.737954 -0.665814 0.110072
0.593658 0.793967 -0.131096
0.593658 0.793967 -0.131096
0.665726 0.185225 0.722842
0.665726 0.185225 0.722843
-0.772403 0.626626 -0.103602
-0.703844 0.0475201 0.708763
-0.635132 -0.762086 0.125825
-0.703691 -0.18298 -0.68654
BONE = 4
BONE_NAME = BoneBackPack02
PARENT_ID = 3
LOCALTM 
MAT 0.0885133 -1.20141e-007 -0.840069 0.0
MAT 0.84001 -0.0101143 0.088507 0.0
MAT -0.010059 -0.844658 -0.00105978 0.0
MAT 0.0684844 -0.162485 0.112279 1.0
WORLDTM 
MAT 1.22638 0.118026 -0.0193631 0.0
MAT -0.119604 1.20998 -0.199899 0.0
MAT -0.000133136 0.200834 1.21572 0.0
MAT -0.0517321 0.84838 0.104014 1.0
VERTEX = 9
0.29667 0.871858 0.09404
0.296654 0.874012 0.106172
0.296672 0.861879 0.108326
0.296687 0.859726 0.0961931
0.29051 0.867358 0.100462
0.290508 0.867573 0.101676
0.29051 0.86636 0.101891
0.290512 0.866145 0.100678
0.29051 0.866859 0.101177
INDEX = 14
4 5 7
6 7 5
1 2 5
6 5 2
0 1 4
5 4 1
7 6 3
2 3 6
4 7 0
3 0 7
8 1 0
8 2 1
8 3 2
8 0 3
FACE-NORMAL = 14
0.999998 0.00160503 0.00100533
0.999998 0.00160503 0.00100533
0.669908 -0.128805 -0.731186
0.669908 -0.128805 -0.731186
0.670008 -0.730784 0.130553
0.670008 -0.730784 0.130553
0.66792 0.732932 -0.129208
0.667919 0.732932 -0.129208
0.668019 0.130953 0.732531
0.668019 0.130953 0.732531
-0.708099 0.695092 -0.124268
-0.708004 0.122421 0.695517
-0.706112 -0.697362 0.122846
-0.706207 -0.124691 -0.696939
BONE = 5
BONE_NAME = BoneBackPack01
PARENT_ID = 3
LOCALTM 
MAT 0.00774751 0.0 -0.844683 0.0
MAT 0.844684 0.0 0.00774746 0.0
MAT -2.98023e-007 -0.844719 0.0 0.0
MAT 0.0831193 -0.162485 -0.122234 1.0
WORLDTM 
MAT 1.2322 0.00197772 0.00123877 0.0
MAT -0.00173096 1.21324 -0.21531 0.0
MAT -0.00156532 0.215307 1.21324 0.0
MAT 0.29051 0.866859 0.101177 1.0
VERTEX = 9
0.109641 0.825018 -0.215577
0.109698 0.830443 -0.204514
0.122018 0.830189 -0.204453
0.121961 0.824764 -0.215516
0.115083 0.821815 -0.207858
0.115089 0.822357 -0.206752
0.116321 0.822332 -0.206746
0.116315 0.821789 -0.207852
0.115702 0.822073 -0.207302
INDEX = 14
4 5 7
6 7 5
1 2 5
6 5 2
0 1 4
5 4 1
7 6 3
2 3 6
4 7 0
3 0 7
8 1 0
8 2 1
8 3 2
8 0 3
FACE-NORMAL = 14
0.0206845 0.89761 -0.440304
0.0206845 0.89761 -0.440304
0.0103926 0.273192 -0.961903
0.0103926 0.273192 -0.961903
0.756964 0.585149 -0.29087
0.756964 0.585149 -0.29087
-0.72929 0.61579 -0.298226
-0.72929 0.61579 -0.298226
0.0172819 0.927748 0.372808
0.0172819 0.927748 0.372808
-0.721574 -0.620132 0.307844
-0.0113492 -0.323362 0.946207
0.692322 -0.649281 0.314841
-0.0179031 -0.946051 -0.323523
BONE = 6
BONE_NAME = BoneHead
PARENT_ID = 3
LOCALTM 
MAT 0.811662 0.233745 -0.0108719 0.0
MAT 0.0113137 3.97442e-007 0.844644 0.0
MAT 0.233724 -0.811735 -0.00313053 0.0
MAT 0.0889079 0.0509475 -0.00207728 1.0
WORLDTM 
MAT 0.0254874 1.10603 -0.542542 0.0
MAT -1.23192 0.0253979 -0.00609705 0.0
MAT 0.00571036 0.542547 1.10631 0.0
MAT 0.115702 0.822073 -0.207302 1.0
VERTEX = 9
0.112401 0.944777 -0.274322
0.112458 0.950202 -0.263259
0.124777 0.949948 -0.263198
0.12472 0.944523 -0.274262
0.117843 0.941574 -0.266604
0.117849 0.942117 -0.265498
0.119081 0.942091 -0.265492
0.119075 0.941549 -0.266598
0.118462 0.941833 -0.266048
INDEX = 14
4 5 7
6 7 5
1 2 5
6 5 2
0 1 4
5 4 1
7 6 3
2 3 6
4 7 0
3 0 7
8 1 0
8 2 1
8 3 2
8 0 3
FACE-NORMAL = 14
0.0206847 0.89761 -0.440305
0.0206847 0.89761 -0.440305
0.0103925 0.273192 -0.961903
0.0103925 0.273192 -0.961903
0.756965 0.585149 -0.29087
0.756965 0.585149 -0.29087
-0.72929 0.61579 -0.298227
-0.72929 0.61579 -0.298226
0.0172822 0.927748 0.372808
0.0172822 0.927748 0.372808
-0.721574 -0.620131 0.307843
-0.0113492 -0.323362 0.946207
0.692321 -0.649281 0.314842
-0.0179035 -0.946051 -0.323523
BONE = 7
BONE_NAME = Bone06
PARENT_ID = 6
LOCALTM 
MAT 1.0 -2.30968e-007 -2.98023e-007 0.0
MAT 4.06057e-007 1.0 -3.11993e-007 0.0
MAT -2.38419e-007 -2.97092e-007 1.0 0.0
MAT 0.108278 0.0 0.0 1.0
WORLDTM 
MAT 0.0254877 1.10603 -0.542542 0.0
MAT -1.23192 0.0253982 -0.00609761 0.0
MAT 0.00571072 0.542546 1.10631 0.0
MAT 0.118462 0.941833 -0.266048 1.0
VERTEX = 9
0.122193 0.915044 -0.249979
0.122852 0.917307 -0.240261
0.122515 0.907578 -0.237973
0.121856 0.905315 -0.247691
0.117352 0.911923 -0.244294
0.117418 0.91215 -0.243322
0.117384 0.911177 -0.243093
0.117318 0.91095 -0.244065
0.117368 0.91155 -0.243693
INDEX = 14
4 5 7
6 7 5
1 2 5
6 5 2
0 1 4
5 4 1
7 6 3
2 3 6
4 7 0
3 0 7
8 1 0
8 2 1
8 3 2
8 0 3
FACE-NORMAL = 14
0.997255 -0.0478214 -0.0565295
0.997255 -0.0478214 -0.0565295
0.618118 -0.200149 -0.760178
0.618118 -0.200149 -0.760178
0.64209 -0.755141 0.132224
0.64209 -0.755141 0.132224
0.692167 0.691159 -0.207856
0.692167 0.691159 -0.207856
0.716139 0.136167 0.684546
0.716139 0.136167 0.684546
-0.681346 0.721758 -0.121789
-0.658541 0.193786 0.727166
-0.728985 -0.654128 0.201734
-0.751791 -0.126156 -0.647222
BONE = 8
BONE_NAME = Ref_Head
PARENT_ID = 6
LOCALTM 
MAT 0.00210444 -0.80972 -0.0545277 0.0
MAT 0.791031 -0.0101391 0.181088 0.0
MAT -0.18136 -0.0536178 0.789213 0.0
MAT 0.0782123 0.000291377 0.00546314 1.0
WORLDTM 
MAT 0.997256 -0.0478215 -0.0565295 0.0
MAT 0.033686 0.972898 -0.228766 0.0
MAT 0.0659373 0.226233 0.971839 0.0
MAT 0.117368 0.91155 -0.243693 1.0
VERTEX = 9
0.117476 0.860672 -0.143749
0.117463 0.862419 -0.133903
0.117251 0.852575 -0.132156
0.117264 0.850828 -0.142002
0.112376 0.857132 -0.138557
0.112375 0.857306 -0.137572
0.112353 0.856322 -0.137398
0.112355 0.856147 -0.138382
0.112365 0.856727 -0.137977
INDEX = 14
4 5 7
6 7 5
1 2 5
6 5 2
0 1 4
5 4 1
7 6 3
2 3 6
4 7 0
3 0 7
8 1 0
8 2 1
8 3 2
8 0 3
FACE-NORMAL = 14
0.999775 -0.0206117 0.00494769
0.999775 -0.0206117 0.00494769
0.669759 -0.143667 -0.728549
0.669759 -0.143667 -0.728549
0.653087 -0.745487 0.13314
0.653087 -0.745487 0.13314
0.684542 0.71791 -0.126521
0.684542 0.71791 -0.126521
0.66787 0.11609 0.735168
0.66787 0.11609 0.735168
-0.691986 0.71065 -0.127008
-0.707846 0.13813 0.692729
-0.72191 -0.681501 0.120011
-0.70605 -0.108981 -0.699726
BONE = 9
BONE_NAME = Box_RtShoulder
PARENT_ID = 3
LOCALTM 
MAT -0.00918148 0.0 -0.685476 0.0
MAT 0.685477 0.0 -0.00918155 0.0
MAT -2.6077e-007 -0.685537 0.0 0.0
MAT 0.103977 0.0 0.000263132 1.0
WORLDTM 
MAT 0.999775 -0.0206116 0.00494768 0.0
MAT 0.021159 0.9844 -0.174669 0.0
MAT -0.00127022 0.174734 0.984615 0.0
MAT 0.112365 0.856727 -0.137977 1.0
VERTEX = 9
0.103361 0.861634 -0.153168
0.103052 0.847275 -0.15062
0.107504 0.849609 -0.136927
0.107813 0.863968 -0.139474
0.112169 0.855689 -0.148026
0.112138 0.854253 -0.147771
0.112584 0.854486 -0.146402
0.112614 0.855922 -0.146656
0.112376 0.855088 -0.147214
INDEX = 14
4 5 7
6 7 5
1 2 5
6 5 2
0 1 4
5 4 1
7 6 3
2 3 6
4 7 0
3 0 7
8 1 0
8 2 1
8 3 2
8 0 3
FACE-NORMAL = 14
-0.952062 0.0731674 0.297027
-0.952062 0.0731674 0.297027
-0.621168 0.780645 0.0688697
-0.621169 0.780645 0.0688698
-0.410062 0.167881 0.896474
-0.410062 0.167881 0.896473
-0.863729 -0.0699885 -0.499073
-0.863729 -0.0699885 -0.499073
-0.652623 -0.682752 0.328531
-0.652623 -0.682752 0.328531
0.457419 -0.164882 -0.873832
0.658248 -0.747813 -0.0865198
0.888999 0.0614074 0.453772
0.688171 0.644339 -0.33354
BONE = 10
BONE_NAME = BoneShoulderR
PARENT_ID = 9
LOCALTM 
MAT -1.38853 0.0 0.447023 0.0
MAT -0.447023 0.0 -1.38853 0.0
MAT 1.58325e-007 -1.45871 5.06639e-007 0.0
MAT 0.0 0.0 -0.0093808 1.0
WORLDTM 
MAT -1.38878 0.10673 0.433275 0.0
MAT -0.445159 -0.233409 -1.36937 0.0
MAT -0.0308647 -1.43595 0.254792 0.0
MAT 0.112376 0.855088 -0.147214 1.0
VERTEX = 9
-0.226403 0.873635 -0.0458706
-0.212926 0.868186 -0.047079
-0.208811 0.875753 -0.0353066
-0.222289 0.881202 -0.0340981
-0.216602 0.880197 -0.0453809
-0.215254 0.879652 -0.0455018
-0.214843 0.880409 -0.0443245
-0.21619 0.880953 -0.0442037
-0.215722 0.880303 -0.0448527
INDEX = 14
4 5 7
6 7 5
1 2 5
6 5 2
0 1 4
5 4 1
7 6 3
2 3 6
4 7 0
3 0 7
8 1 0
8 2 1
8 3 2
8 0 3
FACE-NORMAL = 14
-0.258461 -0.769015 0.584648
-0.258461 -0.769015 0.584648
-0.859645 -0.236818 0.452689
-0.859645 -0.236818 0.452689
0.036769 -0.128857 0.990981
0.036769 -0.128857 0.990981
-0.382571 -0.900032 -0.208764
-0.382571 -0.900032 -0.208764
0.513843 -0.792071 0.329529
0.513843 -0.792071 0.329529
-0.016703 0.176961 -0.984076
0.836069 0.279666 -0.471991
0.382222 0.910591 0.157259
-0.470551 0.807886 -0.354827
BONE = 11
BONE_NAME = BoneArmR
PARENT_ID = 10
LOCALTM 
MAT 0.36346 -0.346917 0.864607 0.0
MAT -0.00911045 0.926712 0.375665 0.0
MAT -0.931564 -0.144416 0.333661 0.0
MAT 0.23625 0.0 0.0 1.0
WORLDTM 
MAT -0.377019 -1.12177 0.852832 0.0
MAT -0.411476 -0.756712 -1.17725 0.0
MAT 1.34773 -0.544839 -0.12085 0.0
MAT -0.215722 0.880303 -0.0448527 1.0
VERTEX = 9
-0.276508 0.725756 0.0630497
-0.262495 0.72452 0.0591902
-0.259448 0.718575 0.0721575
-0.273461 0.71981 0.076017
-0.267495 0.729156 0.0698748
-0.266094 0.729032 0.0694888
-0.265789 0.728438 0.0707856
-0.267191 0.728561 0.0711715
-0.266642 0.728797 0.0703302
INDEX = 14
4 5 7
6 7 5
1 2 5
6 5 2
0 1 4
5 4 1
7 6 3
2 3 6
4 7 0
3 0 7
8 1 0
8 2 1
8 3 2
8 0 3
FACE-NORMAL = 14
-0.18311 -0.90924 -0.373835
-0.18311 -0.90924 -0.373835
-0.836531 -0.54531 -0.0534203
-0.836531 -0.54531 -0.0534203
0.0327901 -0.911193 0.410673
0.03279 -0.911193 0.410673
-0.277779 -0.305307 -0.910839
-0.277779 -0.305306 -0.910839
0.591543 -0.67119 -0.446745
0.591543 -0.671189 -0.446745
-0.0182458 0.931124 -0.364245
0.808752 0.583054 0.0772536
0.277203 0.354736 0.892928
-0.549796 0.702806 0.45143
BONE = 12
BONE_NAME = BoneForeArmR
PARENT_ID = 11
LOCALTM 
MAT 0.527984 0.825026 0.201402 0.0
MAT -0.779157 0.564931 -0.271602 0.0
MAT -0.337857 -0.0135223 0.9411 0.0
MAT 0.13506 1.19209e-007 0.0 1.0
WORLDTM 
MAT -0.267104 -1.32632 -0.545317 0.0
MAT -0.304745 0.594524 -1.29673 0.0
MAT 1.40129 -0.123518 -0.385947 0.0
MAT -0.266642 0.728797 0.0703302 1.0
VERTEX = 9
-0.324024 0.404153 0.00700357
-0.319051 0.399917 0.0145742
-0.322692 0.390976 0.0119637
-0.327665 0.395213 0.00439298
-0.327362 0.398953 0.0122302
-0.326864 0.398529 0.0129872
-0.327229 0.397635 0.0127262
-0.327726 0.398059 0.0119691
-0.327295 0.398294 0.0124782
INDEX = 14
4 5 7
6 7 5
1 2 5
6 5 2
0 1 4
5 4 1
7 6 3
2 3 6
4 7 0
3 0 7
8 1 0
8 2 1
8 3 2
8 0 3
FACE-NORMAL = 14
0.787426 -0.145819 -0.598913
0.787426 -0.145819 -0.598913
0.157069 0.217342 -0.963375
0.157069 0.217342 -0.963375
0.256113 -0.762065 -0.594695
0.256113 -0.762065 -0.594695
0.797408 0.566969 -0.206608
0.797408 0.566969 -0.206608
0.896453 -0.412437 0.162073
0.896453 -0.412437 0.162073
-0.299323 0.735275 0.608092
-0.205101 -0.196449 0.958823
-0.814265 -0.529055 0.238899
-0.908489 0.402669 -0.111833
BONE = 13
BONE_NAME = Object02
PARENT_ID = 12
LOCALTM 
MAT 0.145536 0.211469 0.63566 0.0
MAT -0.669869 0.0385503 0.140544 0.0
MAT 0.00760868 -0.650965 0.214819 0.0
MAT 0.228449 -0.0484013 -0.0102643 1.0
WORLDTM 
MAT 0.787425 -0.145818 -0.598912 0.0
MAT 0.36412 0.894017 0.261059 0.0
MAT 0.497369 -0.42364 0.757068 0.0
MAT -0.327295 0.398294 0.0124782 1.0
VERTEX = 9
-0.302969 0.552215 -0.0137617
-0.299666 0.548353 -0.00514878
-0.30166 0.539149 -0.00851133
-0.304962 0.54301 -0.0171242
-0.306993 0.546638 -0.00949433
-0.306663 0.546252 -0.00863304
-0.306862 0.545332 -0.0089693
-0.307192 0.545718 -0.00983059
-0.306927 0.545985 -0.00923181
INDEX = 14
4 5 7
6 7 5
1 2 5
6 5 2
0 1 4
5 4 1
7 6 3
2 3 6
4 7 0
3 0 7
8 1 0
8 2 1
8 3 2
8 0 3
FACE-NORMAL = 14
0.922608 -0.0606511 -0.38094
0.922608 -0.0606511 -0.38094
0.371731 0.246466 -0.895026
0.371731 0.246466 -0.895026
0.469018 -0.724725 -0.504772
0.469019 -0.724725 -0.504772
0.765366 0.643577 -0.00489939
0.765366 0.643577 -0.00489929
0.862654 -0.327613 0.385355
0.862654 -0.327613 0.385355
-0.511423 0.69373 0.507134
-0.418871 -0.230178 0.878388
-0.793342 -0.607955 0.0315973
-0.885894 0.315951 -0.339657
BONE = 14
BONE_NAME = Mesh01
PARENT_ID = 12
LOCALTM 
MAT 0.0196184 0.0830689 0.680202 0.0
MAT -0.684921 0.0237032 0.0168606 0.0
MAT -0.0214753 -0.680074 0.083673 0.0
MAT 0.139397 0.00317736 -0.00148667 1.0
WORLDTM 
MAT 0.922604 -0.0606508 -0.380939 0.0
MAT 0.199348 0.920431 0.336255 0.0
MAT 0.330235 -0.386172 0.86129 0.0
MAT -0.306927 0.545985 -0.00923181 1.0
VERTEX = 9
-0.295841 0.455479 0.156404
-0.297928 0.448175 0.162907
-0.288735 0.444439 0.161662
-0.286649 0.451743 0.155158
-0.294313 0.447652 0.155023
-0.294522 0.446921 0.155673
-0.293603 0.446548 0.155549
-0.293394 0.447278 0.154899
-0.293958 0.4471 0.155286
INDEX = 14
4 5 7
6 7 5
1 2 5
6 5 2
0 1 4
5 4 1
7 6 3
2 3 6
4 7 0
3 0 7
8 1 0
8 2 1
8 3 2
8 0 3
FACE-NORMAL = 14
0.333922 0.57184 0.749329
0.333922 0.57184 0.749329
0.37847 0.925441 0.0178554
0.37847 0.925441 0.0178556
0.906631 0.104904 0.408675
0.906631 0.104904 0.408675
-0.459866 0.660178 0.593875
-0.459867 0.660178 0.593875
0.0682947 -0.160358 0.984693
0.0682946 -0.160358 0.984693
-0.886104 -0.140232 -0.441764
-0.383656 -0.920821 -0.0699718
0.413866 -0.668473 -0.617948
-0.0885816 0.112116 -0.989739
BONE = 15
BONE_NAME = Star2Part10shell
PARENT_ID = 12
LOCALTM 
MAT -0.590393 -0.3447 0.0507964 0.0
MAT -0.149363 0.160091 -0.649634 0.0
MAT 0.314784 -0.570539 -0.212974 0.0
MAT 0.157244 -0.126568 -0.0170458 1.0
WORLDTM 
MAT 0.333923 0.571841 0.74933 0.0
MAT -0.919215 0.373522 0.12458 0.0
MAT -0.208649 -0.730397 0.650375 0.0
MAT -0.293958 0.4471 0.155286 1.0
VERTEX = 9
-0.374273 0.258088 -0.0843552
-0.371771 0.252515 -0.0764377
-0.375884 0.2445 -0.0807791
-0.378386 0.250073 -0.0886967
-0.37938 0.253058 -0.0805975
-0.37913 0.252501 -0.0798057
-0.379541 0.2517 -0.0802399
-0.379792 0.252257 -0.0810316
-0.379461 0.252379 -0.0804187
INDEX = 14
4 5 7
6 7 5
1 2 5
6 5 2
0 1 4
5 4 1
7 6 3
2 3 6
4 7 0
3 0 7
8 1 0
8 2 1
8 3 2
8 0 3
FACE-NORMAL = 14
0.876515 -0.216974 -0.429702
0.876515 -0.216974 -0.429702
0.400381 0.26905 -0.875961
0.400381 0.26905 -0.875961
0.280685 -0.740897 -0.610154
0.280685 -0.740897 -0.610154
0.89203 0.4506 0.0352429
0.89203 0.4506 0.035243
0.772335 -0.559346 0.30105
0.772334 -0.559346 0.30105
-0.328999 0.720169 0.610833
-0.442867 -0.240609 0.863699
-0.910581 -0.41332 -0.00314274
-0.796712 0.547457 -0.256009
BONE = 16
BONE_NAME = HitTestFuzzy01
PARENT_ID = 12
LOCALTM 
MAT 0.13534 0.0757092 0.667767 0.0
MAT -0.662474 -0.0995304 0.145552 0.0
MAT 0.113025 -0.674035 0.0535129 0.0
MAT 0.349756 -0.0250869 -0.0192982 1.0
WORLDTM 
MAT 0.876513 -0.216974 -0.429701 0.0
MAT 0.411242 0.801498 0.434147 0.0
MAT 0.250206 -0.557247 0.791754 0.0
MAT -0.379461 0.252379 -0.0804187 1.0
VERTEX = 9
-0.221538 0.789871 0.330779
-0.220464 0.799608 0.32877
-0.217412 0.801209 0.338158
-0.218486 0.791471 0.340166
-0.224413 0.795784 0.335499
-0.224305 0.796757 0.335298
-0.224 0.796917 0.336237
-0.224107 0.795944 0.336438
-0.224206 0.796351 0.335868
INDEX = 14
4 5 7
6 7 5
1 2 5
6 5 2
0 1 4
5 4 1
7 6 3
2 3 6
4 7 0
3 0 7
8 1 0
8 2 1
8 3 2
8 0 3
FACE-NORMAL = 14
0.946223 -0.16211 -0.279968
0.946223 -0.16211 -0.279968
0.553172 -0.832201 -0.0379776
0.553172 -0.832201 -0.0379777
0.859823 0.010489 0.510484
0.859823 0.0104889 0.510484
0.406157 -0.227381 -0.885062
0.406156 -0.227381 -0.885062
0.712808 0.615309 -0.3366
0.712808 0.615309 -0.3366
-0.884871 0.00148463 -0.465834
-0.593149 0.803148 0.0559254
-0.453291 0.227774 0.861769
-0.745013 -0.57389 0.340009
BONE = 17
BONE_NAME = Bone_HoseRt
PARENT_ID = 10
LOCALTM 
MAT -0.682715 -1.30385e-007 0.0621498 0.0
MAT 1.19209e-007 0.685539 1.71363e-007 0.0
MAT -0.0621496 -2.16067e-007 -0.682714 0.0
MAT 0.3151 -0.23403 0.102366 1.0
WORLDTM 
MAT 0.946222 -0.16211 -0.279968 0.0
MAT -0.305174 -0.160011 -0.938759 0.0
MAT 0.107384 0.973711 -0.200877 0.0
MAT -0.224206 0.796351 0.335868 1.0
VERTEX = 9
0.11866 0.858157 -0.143301
0.118647 0.859905 -0.133455
0.118435 0.850061 -0.131708
0.118448 0.848313 -0.141554
0.11356 0.854617 -0.138109
0.113559 0.854792 -0.137124
0.113537 0.853807 -0.13695
0.113539 0.853632 -0.137934
0.113549 0.854212 -0.137529
INDEX = 14
4 5 7
6 7 5
1 2 5
6 5 2
0 1 4
5 4 1
7 6 3
2 3 6
4 7 0
3 0 7
8 1 0
8 2 1
8 3 2
8 0 3
FACE-NORMAL = 14
0.999775 -0.0206117 0.00494769
0.999775 -0.0206117 0.00494769
0.669759 -0.143667 -0.728549
0.669759 -0.143667 -0.728549
0.653087 -0.745487 0.13314
0.653087 -0.745487 0.13314
0.684542 0.71791 -0.126521
0.684542 0.71791 -0.126521
0.66787 0.11609 0.735168
0.66787 0.11609 0.735168
-0.691986 0.71065 -0.127008
-0.707846 0.13813 0.692729
-0.72191 -0.681501 0.120011
-0.70605 -0.108981 -0.699726
BONE = 18
BONE_NAME = Box_LftShoulder
PARENT_ID = 3
LOCALTM 
MAT -0.00918148 0.0 -0.685476 0.0
MAT 0.685477 0.0 -0.00918155 0.0
MAT -2.6077e-007 -0.685537 0.0 0.0
MAT 0.102232 0.0 -0.000562198 1.0
WORLDTM 
MAT 0.999775 -0.0206116 0.00494768 0.0
MAT 0.021159 0.9844 -0.174669 0.0
MAT -0.00127022 0.174734 0.984615 0.0
MAT 0.113549 0.854212 -0.137529 1.0
VERTEX = 9
0.122362 0.844313 -0.150494
0.122671 0.858673 -0.153042
0.118827 0.861211 -0.139201
0.118519 0.846852 -0.136653
0.113737 0.851728 -0.14733
0.113768 0.853164 -0.147585
0.113384 0.853418 -0.146201
0.113353 0.851982 -0.145946
0.113561 0.852573 -0.146766
INDEX = 14
4 5 7
6 7 5
1 2 5
6 5 2
0 1 4
5 4 1
7 6 3
2 3 6
4 7 0
3 0 7
8 1 0
8 2 1
8 3 2
8 0 3
FACE-NORMAL = 14
0.964437 0.0259421 0.263036
0.964437 0.0259421 0.263036
0.629447 -0.714344 0.305792
0.629447 -0.714344 0.305792
0.449344 0.146705 0.881231
0.449344 0.146705 0.881231
0.841005 -0.111996 -0.529308
0.841005 -0.111996 -0.529308
0.660902 0.749053 0.046131
0.660902 0.749053 0.046131
-0.495663 -0.141397 -0.856927
-0.666998 0.677732 -0.309504
-0.868257 0.104709 0.484939
-0.696922 -0.71442 -0.0624845
BONE = 19
BONE_NAME = BoneShoulderL
PARENT_ID = 18
LOCALTM 
MAT 1.40764 0.0 0.382614 0.0
MAT 0.382614 -7.45058e-007 -1.40764 0.0
MAT 0.0 1.45871 0.0 0.0
MAT 0.0 0.0 -0.00938077 1.0
WORLDTM 
MAT 1.40683 0.037842 0.383692 0.0
MAT 0.384316 -0.253849 -1.38409 0.0
MAT 0.0308648 1.43595 -0.254791 0.0
MAT 0.113561 0.852573 -0.146766 1.0
VERTEX = 9
0.439023 0.850222 -0.0598885
0.453242 0.853408 -0.0591955
0.451107 0.86016 -0.0464425
0.436889 0.856974 -0.0471355
0.443229 0.86096 -0.0573614
0.444651 0.861279 -0.0572921
0.444437 0.861954 -0.0560168
0.443016 0.861635 -0.0560861
0.443833 0.861457 -0.0566891
INDEX = 14
4 5 7
6 7 5
1 2 5
6 5 2
0 1 4
5 4 1
7 6 3
2 3 6
4 7 0
3 0 7
8 1 0
8 2 1
8 3 2
8 0 3
FACE-NORMAL = 14
0.16894 -0.859103 0.483116
0.16894 -0.859103 0.483116
-0.611478 -0.737035 0.287878
-0.611478 -0.737035 0.287878
0.00425889 -0.230661 0.973025
0.00425892 -0.230661 0.973025
0.221771 -0.918759 -0.32665
0.221771 -0.918759 -0.32665
0.837508 -0.412384 0.358497
0.837508 -0.412384 0.358497
-0.0159974 0.280179 -0.959814
0.569762 0.7619 -0.308024
-0.22292 0.934776 0.276586
-0.80868 0.453055 -0.375205
BONE = 20
BONE_NAME = BoneArmL
PARENT_ID = 19
LOCALTM 
MAT 0.267722 -0.264388 -0.926512 0.0
MAT -0.100858 0.948642 -0.299846 0.0
MAT 0.958202 0.173721 0.227306 0.0
MAT 0.234763 0.0 1.78814e-007 1.0
WORLDTM 
MAT 0.246434 -1.25318 0.704725 0.0
MAT 0.213433 -0.675194 -1.2753 0.0
MAT 1.42181 0.318562 0.0692943 0.0
MAT 0.443833 0.861457 -0.0566891 1.0
VERTEX = 9
0.469589 0.695247 0.025213
0.48414 0.69577 0.0260974
0.483752 0.686936 0.0376991
0.469201 0.686414 0.0368147
0.475487 0.697305 0.0352306
0.476942 0.697358 0.0353191
0.476903 0.696474 0.0364793
0.475448 0.696422 0.0363908
0.476195 0.69689 0.035855
INDEX = 14
4 5 7
6 7 5
1 2 5
6 5 2
0 1 4
5 4 1
7 6 3
2 3 6
4 7 0
3 0 7
8 1 0
8 2 1
8 3 2
8 0 3
FACE-NORMAL = 14
0.0651865 -0.794981 -0.603122
0.0651865 -0.794981 -0.603122
-0.697842 -0.55842 -0.448535
-0.697842 -0.55842 -0.448535
0.0238267 -0.981936 0.187705
0.0238267 -0.981936 0.187705
0.0633882 -0.081692 -0.99464
0.0633882 -0.0816919 -0.99464
0.785057 -0.505208 -0.3584
0.785057 -0.505208 -0.3584
-0.027276 0.990344 -0.135919
0.659258 0.587447 0.469345
-0.0649115 0.133928 0.988863
-0.751446 0.536826 0.383598
BONE = 21
BONE_NAME = BoneForeArmL
PARENT_ID = 20
LOCALTM 
MAT 0.402606 0.904801 -0.138726 0.0
MAT -0.900001 0.418931 0.120408 0.0
MAT 0.167062 0.0763767 0.982983 0.0
MAT 0.131319 0.0 0.0 1.0
WORLDTM 
MAT 0.0950882 -1.15965 -0.879781 0.0
MAT 0.0388197 0.883362 -1.16017 0.0
MAT 1.45508 0.0522131 0.0884446 0.0
MAT 0.476195 0.69689 0.035855 1.0
VERTEX = 9
0.516335 0.536254 -0.0951147
0.513812 0.530589 -0.0872699
0.514209 0.522428 -0.0930356
0.516732 0.528093 -0.10088
0.510544 0.530604 -0.095321
0.510292 0.530037 -0.0945365
0.510331 0.529221 -0.0951131
0.510584 0.529788 -0.0958976
0.510438 0.529913 -0.095217
INDEX = 14
4 5 7
6 7 5
1 2 5
6 5 2
0 1 4
5 4 1
7 6 3
2 3 6
4 7 0
3 0 7
8 1 0
8 2 1
8 3 2
8 0 3
FACE-NORMAL = 14
0.966837 -0.114343 0.22837
0.966837 -0.114343 0.22837
0.834309 0.344593 -0.430331
0.834309 0.344593 -0.430331
0.676269 -0.683082 -0.275791
0.676269 -0.683081 -0.275791
0.617291 0.530098 0.581333
0.617291 0.530098 0.581333
0.459251 -0.497575 0.735872
0.459251 -0.497575 0.735872
-0.71171 0.657911 0.246216
-0.862056 -0.319731 0.393232
-0.655603 -0.496205 -0.569179
-0.505258 0.481436 -0.716194
BONE = 22
BONE_NAME = Object03
PARENT_ID = 21
LOCALTM 
MAT 0.0110988 -0.154345 0.667844 0.0
MAT -0.684921 0.0237027 0.0168613 0.0
MAT -0.0268867 -0.667515 -0.153822 0.0
MAT 0.146724 0.00276992 0.0138711 1.0
WORLDTM 
MAT 0.966833 -0.114343 0.228369 0.0
MAT -0.0396731 0.816085 0.576572 0.0
MAT -0.252293 -0.56651 0.784483 0.0
MAT 0.510438 0.529913 -0.095217 1.0
VERTEX = 9
0.443816 0.37529 0.0408221
0.448151 0.37146 0.0326647
0.439155 0.369073 0.0290058
0.434821 0.372904 0.0371633
0.441992 0.368031 0.0377447
0.442425 0.367648 0.036929
0.441526 0.367409 0.0365631
0.441092 0.367792 0.0373789
0.441759 0.36772 0.0371539
INDEX = 14
4 5 7
6 7 5
1 2 5
6 5 2
0 1 4
5 4 1
7 6 3
2 3 6
4 7 0
3 0 7
8 1 0
8 2 1
8 3 2
8 0 3
FACE-NORMAL = 14
-0.0545545 0.892374 -0.447986
-0.0545545 0.892374 -0.447986
-0.358661 0.881662 0.30665
-0.358661 0.881662 0.30665
-0.705113 0.419562 -0.57165
-0.705113 0.419562 -0.57165
0.632122 0.774372 -0.0277244
0.632123 0.774372 -0.0277243
0.28567 0.312272 -0.906024
0.28567 0.312272 -0.906024
0.674642 -0.462236 0.575497
0.345057 -0.901839 -0.260043
-0.59749 -0.799772 0.058052
-0.267905 -0.360169 0.893591
BONE = 23
BONE_NAME = Star2Part05
PARENT_ID = 21
LOCALTM 
MAT -0.303547 0.613729 -0.0340294 0.0
MAT -0.241158 -0.083999 0.636199 0.0
MAT 0.565388 0.293671 0.25309 0.0
MAT 0.177318 -0.13799 -0.0315722 1.0
WORLDTM 
MAT -0.0545546 0.892376 -0.447987 0.0
MAT 0.899531 0.238674 0.365888 0.0
MAT 0.433429 -0.383018 -0.815743 0.0
MAT 0.441759 0.36772 0.0371539 1.0
VERTEX = 9
0.559301 0.259533 -0.234266
0.557416 0.252327 -0.227593
0.560713 0.245463 -0.234074
0.562598 0.252668 -0.240747
0.555311 0.252712 -0.236014
0.555123 0.251991 -0.235347
0.555452 0.251305 -0.235995
0.555641 0.252025 -0.236663
0.555382 0.252008 -0.236005
INDEX = 14
4 5 7
6 7 5
1 2 5
6 5 2
0 1 4
5 4 1
7 6 3
2 3 6
4 7 0
3 0 7
8 1 0
8 2 1
8 3 2
8 0 3
FACE-NORMAL = 14
0.925079 0.09787 0.366946
0.925079 0.09787 0.366946
0.758923 0.601062 -0.250518
0.758923 0.601062 -0.250518
0.86392 -0.444762 -0.236281
0.86392 -0.444762 -0.236281
0.373772 0.575704 0.727227
0.373772 0.575704 0.727228
0.478768 -0.470118 0.741465
0.478768 -0.470118 0.741465
-0.887273 0.416188 0.198831
-0.787388 -0.57872 0.212375
-0.420987 -0.554596 -0.717769
-0.520872 0.44031 -0.731314
BONE = 24
BONE_NAME = HitTestFuzzy
PARENT_ID = 21
LOCALTM 
MAT -0.163717 -0.142564 0.650258 0.0
MAT -0.656821 -0.0744252 -0.181686 0.0
MAT 0.108378 -0.666406 -0.118818 0.0
MAT 0.358398 -0.0350184 0.0319342 1.0
WORLDTM 
MAT 0.925078 0.0978699 0.366946 0.0
MAT -0.329713 0.686449 0.648135 0.0
MAT -0.188454 -0.720563 0.667289 0.0
MAT 0.555382 0.252008 -0.236005 1.0
VERTEX = 9
0.376036 0.801876 0.322011
0.375721 0.811691 0.320124
0.373087 0.813431 0.329612
0.373401 0.803616 0.3315
0.369888 0.806678 0.324166
0.369857 0.80766 0.323978
0.369593 0.807834 0.324926
0.369625 0.806852 0.325115
0.369741 0.807256 0.324546
INDEX = 14
4 5 7
6 7 5
1 2 5
6 5 2
0 1 4
5 4 1
7 6 3
2 3 6
4 7 0
3 0 7
8 1 0
8 2 1
8 3 2
8 0 3
FACE-NORMAL = 14
0.964157 0.0795629 0.253123
0.964157 0.0795629 0.253123
0.668359 -0.676335 0.309626
0.668359 -0.676335 0.309626
0.449156 0.182575 0.8746
0.449156 0.182575 0.8746
0.840818 -0.0761259 -0.535939
0.840818 -0.0761259 -0.535939
0.621615 0.782784 0.0290357
0.621615 0.782785 0.0290357
-0.495465 -0.179313 -0.849918
-0.703996 0.637781 -0.31245
-0.868059 0.0667938 0.491948
-0.659528 -0.750301 -0.0455206
BONE = 25
BONE_NAME = Bone_HoseLft
PARENT_ID = 19
LOCALTM 
MAT 0.684518 0.0 0.0373684 0.0
MAT 0.0 0.685538 -3.57628e-007 0.0
MAT -0.0373684 1.3411e-007 0.684517 0.0
MAT 0.253557 -0.254897 -0.0833018 1.0
WORLDTM 
MAT 0.964156 0.0795629 0.253123 0.0
MAT 0.263463 -0.174024 -0.948844 0.0
MAT -0.0314435 0.98152 -0.188747 0.0
MAT 0.369741 0.807256 0.324546 1.0
VERTEX = 9
0.109854 0.902413 0.33089
0.110065 0.912257 0.329144
0.110078 0.91051 0.319297
0.109866 0.900666 0.321044
0.115225 0.905948 0.3257
0.115246 0.906933 0.325525
0.115248 0.906758 0.32454
0.115227 0.905773 0.324715
0.115237 0.906353 0.32512
INDEX = 14
4 5 7
6 7 5
1 2 5
6 5 2
0 1 4
5 4 1
7 6 3
2 3 6
4 7 0
3 0 7
8 1 0
8 2 1
8 3 2
8 0 3
FACE-NORMAL = 14
-0.999775 0.0206117 -0.00494733
-0.999775 0.0206117 -0.00494733
-0.684542 -0.71791 0.12652
-0.684542 -0.71791 0.12652
-0.66787 -0.11609 -0.735168
-0.667871 -0.11609 -0.735168
-0.669759 0.143667 0.728549
-0.669758 0.143667 0.728549
-0.653087 0.745487 -0.133139
-0.653087 0.745487 -0.133139
0.70605 0.10898 0.699726
0.72191 0.681501 -0.120011
0.707846 -0.13813 -0.69273
0.691986 -0.710651 0.127007
BONE = 26
BONE_NAME = Box10
PARENT_ID = 3
LOCALTM 
MAT 0.00968079 -1.83238e-007 0.722754 0.0
MAT -8.71718e-007 -0.685538 0.0 0.0
MAT 0.685476 -6.25849e-007 -0.00918143 0.0
MAT 0.0820202 -0.318528 -0.00228093 1.0
WORLDTM 
MAT -1.05415 0.0217326 -0.00521638 0.0
MAT -0.00127006 0.174733 0.984616 0.0
MAT 0.0211588 0.984398 -0.174668 0.0
MAT 0.115237 0.906353 0.32512 1.0
VERTEX = 9
0.130975 0.984387 0.185376
0.136617 0.977695 0.186348
0.140065 0.979454 0.178438
0.134423 0.986146 0.177466
0.132157 0.979443 0.18038
0.132721 0.978774 0.180477
0.133066 0.978949 0.179686
0.132502 0.979619 0.179589
0.132611 0.979196 0.180033
INDEX = 14
4 5 7
6 7 5
1 2 5
6 5 2
0 1 4
5 4 1
7 6 3
2 3 6
4 7 0
3 0 7
8 1 0
8 2 1
8 3 2
8 0 3
FACE-NORMAL = 14
0.660507 0.618624 0.425482
0.660507 0.618624 0.425482
-0.0343152 0.978657 0.202615
-0.034315 0.978657 0.202615
0.732915 0.562266 -0.383005
0.732915 0.562266 -0.383005
0.150797 0.26541 0.95227
0.150797 0.26541 0.95227
0.918026 -0.150981 0.36665
0.918026 -0.150981 0.36665
-0.743937 -0.578635 0.334273
-0.0140604 -0.974754 -0.222837
-0.19016 -0.296231 -0.935995
-0.920037 0.0998875 -0.378886
BONE = 27
BONE_NAME = Cylinder10
PARENT_ID = 3
LOCALTM 
MAT 0.325957 -0.317693 -0.396671 0.0
MAT -0.215294 -0.513195 0.234103 0.0
MAT -0.460353 0.0150614 -0.39035 0.0
MAT 0.148658 -0.229307 -0.0135615 1.0
WORLDTM 
MAT 0.581714 0.544827 0.374726 0.0
MAT -0.344867 -0.175868 0.791066 0.0
MAT 0.564201 -0.669238 0.0971805 0.0
MAT 0.132611 0.979196 0.180033 1.0
VERTEX = 9
0.0925647 0.986017 0.174322
0.0931293 0.981805 0.182035
0.0996992 0.987141 0.184469
0.0991345 0.991354 0.176755
0.0986942 0.983724 0.177146
0.0987507 0.983303 0.177917
0.0994077 0.983836 0.17816
0.0993512 0.984257 0.177389
0.0990509 0.98378 0.177653
INDEX = 14
4 5 7
6 7 5
1 2 5
6 5 2
0 1 4
5 4 1
7 6 3
2 3 6
4 7 0
3 0 7
8 1 0
8 2 1
8 3 2
8 0 3
FACE-NORMAL = 14
-0.662879 0.635664 0.395629
-0.662879 0.635664 0.395629
-0.491096 0.780734 -0.386366
-0.491096 0.780735 -0.386366
0.111037 0.875642 0.470023
0.111037 0.875642 0.470023
-0.997923 -0.025168 0.0593008
-0.997923 -0.0251681 0.0593008
-0.39579 0.0697396 0.915689
-0.39579 0.0697394 0.915689
-0.0587589 -0.877959 -0.475116
0.514059 -0.787673 0.33958
0.996211 -0.0210054 -0.0843889
0.423393 -0.111292 -0.899084
BONE = 28
BONE_NAME = Cylinder13
PARENT_ID = 3
LOCALTM 
MAT 0.33303 -0.302759 0.402434 0.0
MAT -0.334567 0.227598 0.448095 0.0
MAT -0.376405 -0.470171 -0.0422292 0.0
MAT 0.151858 -0.228278 0.00947236 1.0
WORLDTM 
MAT -0.583803 0.559834 0.348434 0.0
MAT -0.656988 -0.533672 -0.243327 0.0
MAT 0.0564625 -0.421219 0.771385 0.0
MAT 0.0990509 0.98378 0.177653 1.0
VERTEX = 9
0.0721103 1.03924 0.0917478
0.0751212 1.04803 0.0880661
0.0813229 1.04329 0.0818148
0.0783119 1.0345 0.0854964
0.0798779 1.04126 0.0907191
0.080179 1.04214 0.0903509
0.0807991 1.04167 0.0897258
0.080498 1.04079 0.0900939
0.0803385 1.04147 0.0902224
INDEX = 14
4 5 7
6 7 5
1 2 5
6 5 2
0 1 4
5 4 1
7 6 3
2 3 6
4 7 0
3 0 7
8 1 0
8 2 1
8 3 2
8 0 3
FACE-NORMAL = 14
-0.724384 -0.0401008 -0.68823
-0.724384 -0.0401008 -0.68823
-0.708392 -0.680668 -0.186743
-0.708392 -0.680668 -0.186743
-0.0236203 -0.379088 -0.925059
-0.0236205 -0.379088 -0.925059
-0.945554 0.325436 0.00425676
-0.945554 0.325436 0.00425693
-0.260783 0.627015 -0.73406
-0.260783 0.627015 -0.73406
0.073692 0.363468 0.928688
0.725125 0.650365 0.226316
0.950742 -0.306757 0.0446155
0.299308 -0.593654 0.746987
BONE = 29
BONE_NAME = Star2Part03
PARENT_ID = 3
LOCALTM 
MAT 0.05151 0.468721 0.497603 0.0
MAT 0.241704 -0.479269 0.426431 0.0
MAT 0.639443 0.143402 -0.201271 0.0
MAT 0.201167 -0.17619 0.02275 1.0
WORLDTM 
MAT -0.724384 -0.0401008 -0.688229 0.0
MAT -0.620168 0.47392 0.625134 0.0
MAT 0.301097 0.879653 -0.368169 0.0
MAT 0.0803385 1.04147 0.0902224 1.0
VERTEX = 9
0.15408 1.03791 0.108276
0.155539 1.0449 0.101276
0.149889 1.03968 0.0948855
0.148431 1.03269 0.101885
0.156255 1.03626 0.100656
0.156401 1.03696 0.0999557
0.155836 1.03644 0.0993166
0.15569 1.03574 0.100017
0.156045 1.03635 0.0999861
INDEX = 14
4 5 7
6 7 5
1 2 5
6 5 2
0 1 4
5 4 1
7 6 3
2 3 6
4 7 0
3 0 7
8 1 0
8 2 1
8 3 2
8 0 3
FACE-NORMAL = 14
-0.812122 0.48864 0.318886
-0.812122 0.48864 0.318886
-0.651692 -0.192808 0.733568
-0.651692 -0.192808 0.733568
-0.963216 -0.0610474 -0.261704
-0.963216 -0.0610473 -0.261704
-0.123347 0.714813 0.688351
-0.123347 0.714813 0.688351
-0.43487 0.846574 -0.306921
-0.43487 0.846574 -0.306921
0.973747 0.0235232 0.226414
0.67739 0.148869 -0.720403
0.174767 -0.714565 -0.677387
0.471124 -0.839911 0.26943
BONE = 30
BONE_NAME = Star2Part04
PARENT_ID = 3
LOCALTM 
MAT 0.287299 -0.274485 0.55864 0.0
MAT 0.278734 -0.493402 -0.385778 0.0
MAT 0.556532 0.388812 -0.0951741 0.0
MAT 0.196948 -0.182101 -0.0291918 1.0
WORLDTM 
MAT -0.812122 0.48864 0.318886 0.0
MAT 0.564965 0.521907 0.639085 0.0
MAT 0.145853 0.699172 -0.699917 0.0
MAT 0.156045 1.03635 0.0999861 1.0
VERTEX = 9
0.121259 0.769949 -0.036314
0.121367 0.777622 -0.0261307
0.121172 0.769638 -0.0201127
0.121064 0.761965 -0.030296
0.113509 0.769968 -0.0290616
0.11352 0.770735 -0.0280433
0.1135 0.769937 -0.0274415
0.113489 0.769169 -0.0284598
0.113505 0.769952 -0.0282515
INDEX = 14
4 5 7
6 7 5
1 2 5
6 5 2
0 1 4
5 4 1
7 6 3
2 3 6
4 7 0
3 0 7
8 1 0
8 2 1
8 3 2
8 0 3
FACE-NORMAL = 14
0.999775 -0.0206122 0.00494771
0.999775 -0.0206122 0.00494771
0.662531 -0.461075 -0.590308
0.662531 -0.461075 -0.590308
0.654366 -0.607242 0.450625
0.654366 -0.607242 0.450625
0.683263 0.579664 -0.444006
0.683263 0.579664 -0.444006
0.675098 0.433497 0.596928
0.675098 0.433497 0.596928
-0.693203 0.579135 -0.429036
-0.70097 0.440085 0.561219
-0.720693 -0.549986 0.422039
-0.712926 -0.410935 -0.568216
BONE = 31
BONE_NAME = Vol_Target
PARENT_ID = 3
LOCALTM 
MAT -0.0141634 0.0 -1.05738 0.0
MAT 0.61109 0.310588 -0.00818546 0.0
MAT 0.395994 -0.779268 -0.00530425 0.0
MAT 0.03227 -0.0636683 -0.00115621 1.0
WORLDTM 
MAT 1.5422 -0.0317953 0.00763208 0.0
MAT 0.0194387 0.798409 -0.601802 0.0
MAT 0.0107797 0.767304 1.01833 0.0
MAT 0.113505 0.769952 -0.0282515 1.0
VERTEX = 9
0.0866411 0.607609 -0.0940064
0.0989321 0.608093 -0.0932793
0.0981115 0.610983 -0.081329
0.0858205 0.610499 -0.0820562
0.0916535 0.615112 -0.0897589
0.0928826 0.61516 -0.0896862
0.0928005 0.615449 -0.0884912
0.0915714 0.615401 -0.0885639
0.092227 0.61528 -0.089125
INDEX = 14
4 5 7
6 7 5
1 2 5
6 5 2
0 1 4
5 4 1
7 6 3
2 3 6
4 7 0
3 0 7
8 1 0
8 2 1
8 3 2
8 0 3
FACE-NORMAL = 14
0.0242273 -0.97132 0.236539
0.0242273 -0.97132 0.236539
-0.725218 -0.678953 0.114374
-0.725218 -0.678953 0.114374
-0.0332977 -0.475466 0.879104
-0.0332977 -0.475466 0.879104
0.0657121 -0.824092 -0.562631
0.0657122 -0.824092 -0.562632
0.757632 -0.620604 0.202098
0.757632 -0.620604 0.202098
0.0299635 0.521 -0.85303
0.688197 0.714581 -0.125532
-0.0642261 0.852654 0.518514
-0.72246 0.659073 -0.208985
BONE = 32
BONE_NAME = BoneWaist
PARENT_ID = 1
LOCALTM 
MAT 0.0204653 -0.844471 0.000545323 0.0
MAT 0.05626 0.000819206 -0.842843 0.0
MAT 0.842595 0.0204562 0.0562634 0.0
MAT 0.0 0.0 0.0 1.0
WORLDTM 
MAT 0.0298529 -1.19686 0.291463 0.0
MAT 0.082067 -0.288969 -1.19502 0.0
MAT 1.2291 0.0483643 0.0727125 0.0
MAT 0.092227 0.61528 -0.089125 1.0
VERTEX = 9
0.0861514 0.590576 -0.0909471
0.088811 0.579772 -0.0856534
0.0876298 0.584933 -0.0745268
0.0849702 0.595737 -0.0798204
0.0928034 0.589491 -0.083597
0.0930693 0.588411 -0.0830677
0.0929512 0.588927 -0.081955
0.0926853 0.590007 -0.0824844
0.0928773 0.589209 -0.082776
INDEX = 14
4 5 7
6 7 5
1 2 5
6 5 2
0 1 4
5 4 1
7 6 3
2 3 6
4 7 0
3 0 7
8 1 0
8 2 1
8 3 2
8 0 3
FACE-NORMAL = 14
-0.971711 -0.236088 0.00634833
-0.971711 -0.236088 0.00634833
-0.810476 0.493815 -0.31508
-0.810476 0.493815 -0.31508
-0.721292 0.153378 0.675436
-0.721292 0.153378 0.675435
-0.578789 -0.469246 -0.666942
-0.578789 -0.469246 -0.666942
-0.489605 -0.809683 0.323573
-0.489605 -0.809684 0.323574
0.754886 -0.129216 -0.643001
0.839728 -0.45308 0.299291
0.619321 0.463095 0.634023
0.534479 0.786958 -0.308269
BONE = 33
BONE_NAME = connectBone01
PARENT_ID = 32
LOCALTM 
MAT 0.207276 -0.0155088 -0.97816 0.0
MAT 0.195545 0.980352 0.0258932 0.0
MAT 0.95854 -0.196641 0.206237 0.0
MAT 0.0217831 0.0 0.0 1.0
WORLDTM 
MAT -1.19734 -0.290907 0.00782241 0.0
MAT 0.118118 -0.516079 -1.11267 0.0
MAT 0.265963 -1.08044 0.529366 0.0
MAT 0.0928773 0.589209 -0.082776 1.0
VERTEX = 9
-0.0276282 0.558704 -0.0948105
-0.0244427 0.551744 -0.0823931
-0.0376131 0.555131 -0.0771158
-0.0407986 0.562092 -0.0895331
-0.0294206 0.563278 -0.0840755
-0.0291021 0.562582 -0.0828338
-0.0304191 0.562921 -0.0823061
-0.0307376 0.563617 -0.0835478
-0.0299199 0.5631 -0.0831908
INDEX = 14
4 5 7
6 7 5
1 2 5
6 5 2
0 1 4
5 4 1
7 6 3
2 3 6
4 7 0
3 0 7
8 1 0
8 2 1
8 3 2
8 0 3
FACE-NORMAL = 14
-0.370296 -0.847586 -0.380104
-0.370296 -0.847586 -0.380104
-0.410035 -0.212338 -0.887008
-0.410035 -0.212338 -0.887008
-0.91882 -0.394405 0.014635
-0.91882 -0.394405 0.0146349
0.423391 -0.739605 -0.523187
0.423391 -0.739605 -0.523187
-0.0853954 -0.921672 0.378456
-0.0853953 -0.921672 0.378456
0.900271 0.435137 0.0129549
0.416256 0.261934 0.870702
-0.376594 0.763531 0.524593
0.107422 0.936733 -0.333153
BONE = 34
BONE_NAME = BoneLegR
PARENT_ID = 33
LOCALTM 
MAT 0.659996 0.784552 0.591881 0.0
MAT -0.976434 0.604333 0.287747 0.0
MAT -0.111453 -0.648614 0.984034 0.0
MAT 0.101838 -0.000374421 -0.00307542 1.0
WORLDTM 
MAT -0.540154 -1.23638 -0.554461 0.0
MAT 1.31704 -0.338725 -0.527735 0.0
MAT 0.318551 -0.696032 1.24173 0.0
MAT -0.0299199 0.5631 -0.0831908 1.0
VERTEX = 9
-0.119035 0.34141 -0.18346
-0.112843 0.346492 -0.171269
-0.126014 0.349879 -0.165992
-0.132206 0.344797 -0.178182
-0.12168 0.351844 -0.178613
-0.12106 0.352353 -0.177393
-0.122378 0.352691 -0.176866
-0.122997 0.352183 -0.178085
-0.122029 0.352268 -0.177739
INDEX = 14
4 5 7
6 7 5
1 2 5
6 5 2
0 1 4
5 4 1
7 6 3
2 3 6
4 7 0
3 0 7
8 1 0
8 2 1
8 3 2
8 0 3
FACE-NORMAL = 14
-0.0680061 -0.908119 0.413154
-0.0680061 -0.908119 0.413154
-0.361007 -0.866481 -0.344796
-0.361007 -0.866481 -0.344796
-0.7166 -0.4349 0.545295
-0.7166 -0.4349 0.545295
0.625612 -0.780098 0.00747552
0.625612 -0.780098 0.00747543
0.270019 -0.348518 0.897566
0.270019 -0.348518 0.897566
0.686521 0.477941 -0.547962
