EXPORTER_V17
ANIMATION_EXPORT
BONEOBJECT_COUNT = 58
VERTEX = 9
0.00729355 0.00729355 -0.00729355
0.00729355 0.00729355 0.00729355
0.00729355 -0.00729355 0.00729355
0.00729355 -0.00729355 -0.00729355
0.0 0.000729355 -0.000729355
0.0 0.000729355 0.000729355
0.0 -0.000729355 0.000729355
0.0 -0.000729355 -0.000729355
0.0 0.0 0.0
INDEX = 14
4 5 7
6 7 5
1 2 5
6 5 2
0 1 4
5 4 1
7 6 3
2 3 6
4 7 0
3 0 7
8 1 0
8 2 1
8 3 2
8 0 3
FACE-NORMAL = 14
1.0 0.0 0.0
1.0 0.0 0.0
0.668965 0.0 -0.743294
0.668965 0.0 -0.743294
0.668965 -0.743294 0.0
0.668965 -0.743294 0.0
0.668965 0.743294 0.0
0.668965 0.743294 0.0
0.668965 0.0 0.743294
0.668965 0.0 0.743294
-0.707107 0.707107 0.0
-0.707107 0.0 0.707107
-0.707107 -0.707107 0.0
-0.707107 0.0 -0.707107
BONE = 0
BONE_NAME = Main
PARENT_ID = -1
LOCALTM 
MAT 1.45871 0.0 0.0 0.0
MAT 0.0 1.45871 0.0 0.0
MAT 0.0 0.0 1.45871 0.0
MAT 0.0 0.0 0.0 1.0
WORLDTM 
MAT 1.45871 0.0 0.0 0.0
MAT 0.0 1.45871 0.0 0.0
MAT 0.0 0.0 1.45871 0.0
MAT 0.0 0.0 0.0 1.0
VERTEX = 9
0.100468 0.624184 -0.0988545
0.100468 0.627662 -0.084688
0.100468 0.613496 -0.0812102
0.100468 0.610018 -0.0953766
0.093174 0.619374 -0.0909145
0.093174 0.619722 -0.0894979
0.093174 0.618306 -0.0891501
0.093174 0.617958 -0.0905667
0.093174 0.61884 -0.0900323
INDEX = 14
4 5 7
6 7 5
1 2 5
6 5 2
0 1 4
5 4 1
7 6 3
2 3 6
4 7 0
3 0 7
8 1 0
8 2 1
8 3 2
8 0 3
FACE-NORMAL = 14
1.0 0.0 0.0
1.0 0.0 0.0
0.668965 -0.177218 -0.721859
0.668965 -0.177218 -0.721859
0.668965 -0.721859 0.177218
0.668965 -0.721859 0.177218
0.668965 0.721859 -0.177218
0.668965 0.721859 -0.177218
0.668965 0.177218 0.721859
0.668965 0.177218 0.721859
-0.707107 0.686715 -0.16859
-0.707107 0.16859 0.686715
-0.707107 -0.686715 0.16859
-0.707107 -0.16859 -0.686715
BONE = 1
BONE_NAME = Root
PARENT_ID = 0
LOCALTM 
MAT 1.0 0.0 0.0 0.0
MAT 0.0 0.971162 -0.238422 0.0
MAT 0.0 0.238422 0.971162 0.0
MAT 0.0638743 0.424238 -0.0617205 1.0
WORLDTM 
MAT 1.45871 0.0 0.0 0.0
MAT 0.0 1.41664 -0.347789 0.0
MAT 0.0 0.347789 1.41664 0.0
MAT 0.093174 0.61884 -0.0900323 1.0
VERTEX = 9
0.101137 0.645583 -0.104097
0.0871273 0.649525 -0.105081
0.0871107 0.653003 -0.090915
0.101121 0.649061 -0.0899309
0.0927938 0.642119 -0.0964974
0.0913928 0.642513 -0.0965958
0.0913912 0.642861 -0.0951792
0.0927922 0.642466 -0.0950808
0.0920925 0.64249 -0.0958383
INDEX = 14
4 5 7
6 7 5
1 2 5
6 5 2
0 1 4
5 4 1
7 6 3
2 3 6
4 7 0
3 0 7
8 1 0
8 2 1
8 3 2
8 0 3
FACE-NORMAL = 14
0.278526 0.932807 -0.22868
0.278526 0.932807 -0.22868
0.900205 0.423151 -0.102833
0.900205 0.423151 -0.102833
0.185481 0.801232 0.568879
0.185481 0.801232 0.568879
0.187167 0.446797 -0.874837
0.187167 0.446797 -0.874838
-0.527556 0.824878 -0.203125
-0.527556 0.824878 -0.203125
-0.196146 -0.828184 -0.525013
-0.876073 -0.468509 0.113997
-0.19775 -0.491004 0.848416
0.482177 -0.850679 0.209406
BONE = 2
BONE_NAME = BoneBack01
PARENT_ID = 1
LOCALTM 
MAT 0.278526 0.960428 0.000316083 0.0
MAT 0.00113443 1.19209e-007 -1.0 0.0
MAT -0.960428 0.278526 -0.0010895 0.0
MAT -0.000741445 0.0166941 0.0 1.0
WORLDTM 
MAT 0.406289 1.36069 -0.333578 0.0
MAT 0.0016548 -0.347788 -1.41664 0.0
MAT -1.40099 0.394193 -0.0984117 0.0
MAT 0.0920925 0.64249 -0.0958383 1.0
VERTEX = 9
0.119853 0.716749 -0.121064
0.105266 0.716855 -0.121062
0.105286 0.719402 -0.106699
0.119873 0.719297 -0.106701
0.113246 0.710762 -0.113326
0.111787 0.710773 -0.113326
0.111789 0.711027 -0.11189
0.113248 0.711017 -0.11189
0.112517 0.710895 -0.112608
INDEX = 14
4 5 7
6 7 5
1 2 5
6 5 2
0 1 4
5 4 1
7 6 3
2 3 6
4 7 0
3 0 7
8 1 0
8 2 1
8 3 2
8 0 3
FACE-NORMAL = 14
0.00713288 0.984609 -0.174628
0.00713288 0.984609 -0.174628
0.748046 0.653269 -0.116904
0.748046 0.653269 -0.116904
0.00579762 0.788464 0.615053
0.00579762 0.788464 0.615053
0.00374567 0.528873 -0.848693
0.00374566 0.528873 -0.848693
-0.738503 0.664068 -0.116735
-0.738503 0.664068 -0.116735
-0.00601973 -0.8197 -0.572761
-0.712132 -0.691087 0.123561
-0.00406768 -0.572747 0.819722
0.702044 -0.70136 0.1234
BONE = 3
BONE_NAME = BoneBack02
PARENT_ID = 2
LOCALTM 
MAT 0.96037 -0.0651524 0.271005 0.0
MAT 0.0618936 0.997871 0.0205651 0.0
MAT -0.271768 -0.00297693 0.962358 0.0
MAT 0.0502721 0.0 0.0 1.0
WORLDTM 
MAT 0.0104048 1.43626 -0.254731 0.0
MAT -0.00201347 -0.254723 -1.4363 0.0
MAT -1.45867 0.010597 0.000165969 0.0
MAT 0.112517 0.710895 -0.112608 1.0
VERTEX = 9
-0.0447068 0.857472 0.0961531
-0.0446754 0.859479 0.108311
-0.0434719 0.847379 0.110305
-0.0435034 0.845372 0.0981475
-0.0502826 0.852339 0.102635
-0.0502795 0.85254 0.103851
-0.0501591 0.85133 0.10405
-0.0501623 0.851129 0.102834
-0.0502209 0.851834 0.103342
INDEX = 14
4 5 7
6 7 5
1 2 5
6 5 2
0 1 4
5 4 1
7 6 3
2 3 6
4 7 0
3 0 7
8 1 0
8 2 1
8 3 2
8 0 3
FACE-NORMAL = 14
0.995216 0.0959475 -0.0184113
0.995216 0.0959475 -0.0184113
0.663869 -0.0568787 -0.745683
0.663869 -0.0568787 -0.745683
0.738358 -0.665707 0.107987
0.738358 -0.665707 0.107987
0.593171 0.794078 -0.13262
0.593171 0.794078 -0.13262
0.66766 0.18525 0.72105
0.66766 0.18525 0.72105
-0.772783 0.626513 -0.101428
-0.701921 0.0473251 0.710681
-0.634665 -0.762203 0.127465
-0.705527 -0.183015 -0.684643
BONE = 4
BONE_NAME = BoneBackPack02
PARENT_ID = 3
LOCALTM 
MAT 0.0885138 -1.88127e-007 -0.840069 0.0
MAT 0.84001 -0.0101146 0.0885074 0.0
MAT -0.0100594 -0.844658 -0.00106007 0.0
MAT 0.0684843 -0.162485 0.112279 1.0
WORLDTM 
MAT 1.22631 0.118226 -0.0226864 0.0
MAT -0.120343 1.20999 -0.199434 0.0
MAT 0.00314232 0.200695 1.21574 0.0
MAT -0.0502209 0.851834 0.103342 1.0
VERTEX = 9
0.298149 0.87537 0.0924228
0.298166 0.877522 0.104555
0.298191 0.865389 0.106707
0.298174 0.863237 0.0945744
0.292007 0.870868 0.0988613
0.292009 0.871083 0.100075
0.292011 0.869869 0.10029
0.29201 0.869654 0.0990764
0.292009 0.870368 0.0995755
INDEX = 14
4 5 7
6 7 5
1 2 5
6 5 2
0 1 4
5 4 1
7 6 3
2 3 6
4 7 0
3 0 7
8 1 0
8 2 1
8 3 2
8 0 3
FACE-NORMAL = 14
0.999997 0.00176689 -0.00171519
0.999997 0.00176689 -0.00171519
0.667937 -0.128613 -0.733021
0.667937 -0.128613 -0.73302
0.670478 -0.730691 0.128646
0.670479 -0.730691 0.128646
0.667447 0.733054 -0.130941
0.667447 0.733055 -0.130941
0.669989 0.130977 0.730726
0.669989 0.130977 0.730726
-0.708547 0.694992 -0.122261
-0.706129 0.122226 0.697455
-0.705663 -0.697491 0.124687
-0.708081 -0.124725 -0.695029
BONE = 5
BONE_NAME = BoneBackPack01
PARENT_ID = 3
LOCALTM 
MAT 0.00774803 -2.7343e-007 -0.844684 0.0
MAT 0.844685 -2.68221e-007 0.00774776 0.0
MAT -8.34465e-007 -0.844718 0.0 0.0
MAT 0.0831192 -0.162485 -0.122234 1.0
WORLDTM 
MAT 1.2322 0.00217716 -0.00211346 0.0
MAT -0.00251266 1.21327 -0.215166 0.0
MAT 0.00170084 0.215168 1.21327 0.0
MAT 0.292009 0.870368 0.0995755 1.0
VERTEX = 9
0.110286 0.828534 -0.216689
0.110373 0.833958 -0.205626
0.122692 0.833706 -0.205598
0.122606 0.828282 -0.216662
0.11575 0.825331 -0.208986
0.115758 0.825873 -0.20788
0.11699 0.825848 -0.207877
0.116982 0.825306 -0.208983
0.11637 0.82559 -0.208432
INDEX = 14
4 5 7
6 7 5
1 2 5
6 5 2
0 1 4
5 4 1
7 6 3
2 3 6
4 7 0
3 0 7
8 1 0
8 2 1
8 3 2
8 0 3
FACE-NORMAL = 14
0.0193413 0.897664 -0.440257
0.0193413 0.897664 -0.440257
0.00773083 0.273303 -0.961897
0.00773083 0.273303 -0.961897
0.756076 0.585304 -0.292862
0.756076 0.585305 -0.292862
-0.730198 0.615706 -0.29617
-0.730198 0.615706 -0.29617
0.0181465 0.927708 0.372865
0.0181465 0.927708 0.372865
-0.720634 -0.620283 0.309735
-0.00872209 -0.323471 0.946198
0.693281 -0.649205 0.312882
-0.0186307 -0.946017 -0.323581
BONE = 6
BONE_NAME = BoneHead
PARENT_ID = 3
LOCALTM 
MAT 0.811662 0.233745 -0.0108714 0.0
MAT 0.0113135 1.70898e-007 0.844645 0.0
MAT 0.233724 -0.811734 -0.00313097 0.0
MAT 0.0889079 0.0509475 -0.00207727 1.0
WORLDTM 
MAT 0.0238324 1.1061 -0.542484 0.0
MAT -1.23194 0.0251996 -0.00274195 0.0
MAT 0.0086333 0.542421 1.10635 0.0
MAT 0.11637 0.82559 -0.208432 1.0
VERTEX = 9
0.112867 0.948301 -0.275429
0.112953 0.953725 -0.264365
0.125273 0.953473 -0.264338
0.125186 0.948049 -0.275401
0.11833 0.945098 -0.267725
0.118339 0.94564 -0.266619
0.119571 0.945615 -0.266616
0.119562 0.945073 -0.267723
0.118951 0.945356 -0.267171
INDEX = 14
4 5 7
6 7 5
1 2 5
6 5 2
0 1 4
5 4 1
7 6 3
2 3 6
4 7 0
3 0 7
8 1 0
8 2 1
8 3 2
8 0 3
FACE-NORMAL = 14
0.0193411 0.897663 -0.440258
0.0193411 0.897663 -0.440258
0.00773046 0.273302 -0.961897
0.00773047 0.273302 -0.961897
0.756076 0.585304 -0.292863
0.756076 0.585304 -0.292863
-0.730198 0.615706 -0.296171
-0.730198 0.615706 -0.296171
0.0181466 0.927708 0.372865
0.0181466 0.927708 0.372865
-0.720634 -0.620283 0.309736
-0.00872172 -0.323471 0.946198
0.693281 -0.649204 0.312883
-0.0186307 -0.946017 -0.323581
BONE = 7
BONE_NAME = Bone06
PARENT_ID = 6
LOCALTM 
MAT 0.999998 2.23517e-007 -1.10269e-006 0.0
MAT 4.89876e-007 1.0 -2.81259e-007 0.0
MAT -2.08616e-007 -2.82191e-007 1.0 0.0
MAT 0.108278 0.0 0.0 1.0
WORLDTM 
MAT 0.023832 1.1061 -0.542484 0.0
MAT -1.23194 0.0252001 -0.00274253 0.0
MAT 0.00863364 0.542421 1.10635 0.0
MAT 0.118951 0.945356 -0.267171 1.0
VERTEX = 9
0.12273 0.918567 -0.251115
0.123415 0.920828 -0.241399
0.123086 0.911099 -0.239111
0.1224 0.908837 -0.248828
0.117904 0.915444 -0.245417
0.117973 0.91567 -0.244446
0.11794 0.914697 -0.244217
0.117871 0.914471 -0.245189
0.117922 0.915071 -0.244817
INDEX = 14
4 5 7
6 7 5
1 2 5
6 5 2
0 1 4
5 4 1
7 6 3
2 3 6
4 7 0
3 0 7
8 1 0
8 2 1
8 3 2
8 0 3
FACE-NORMAL = 14
0.997105 -0.0476535 -0.0592487
0.997105 -0.0476535 -0.0592487
0.616079 -0.199962 -0.761881
0.616079 -0.199962 -0.76188
0.642569 -0.755052 0.130391
0.642569 -0.755051 0.130391
0.691487 0.691294 -0.209661
0.691487 0.691294 -0.209661
0.717978 0.136205 0.68261
0.717977 0.136205 0.68261
-0.681792 0.721661 -0.119853
-0.656591 0.193597 0.728978
-0.728328 -0.654269 0.203644
-0.753529 -0.126205 -0.645187
BONE = 8
BONE_NAME = Ref_Head
PARENT_ID = 6
LOCALTM 
MAT 0.00210483 -0.809719 -0.0545278 0.0
MAT 0.791032 -0.0101391 0.181088 0.0
MAT -0.181359 -0.0536178 0.789213 0.0
MAT 0.0782122 0.000291377 0.00546314 1.0
WORLDTM 
MAT 0.997105 -0.0476535 -0.0592486 0.0
MAT 0.0329063 0.972931 -0.228747 0.0
MAT 0.0685452 0.226134 0.971681 0.0
MAT 0.117922 0.915071 -0.244817 1.0
VERTEX = 9
0.118312 0.864472 -0.14493
0.118326 0.866218 -0.135084
0.118121 0.856374 -0.133338
0.118107 0.854627 -0.143184
0.113227 0.86093 -0.139725
0.113229 0.861104 -0.13874
0.113208 0.86012 -0.138566
0.113207 0.859945 -0.13955
0.113218 0.860525 -0.139145
INDEX = 14
4 5 7
6 7 5
1 2 5
6 5 2
0 1 4
5 4 1
7 6 3
2 3 6
4 7 0
3 0 7
8 1 0
8 2 1
8 3 2
8 0 3
FACE-NORMAL = 14
0.999788 -0.0204508 0.0022252
0.999788 -0.0204508 0.0022252
0.667797 -0.143476 -0.730385
0.667797 -0.143476 -0.730385
0.653567 -0.745397 0.131278
0.653567 -0.745397 0.131278
0.68408 0.718035 -0.1283
0.684079 0.718035 -0.1283
0.669849 0.116114 0.733362
0.669849 0.116114 0.733362
-0.692444 0.710553 -0.125044
-0.705981 0.137937 0.694668
-0.721471 -0.681631 0.121897
-0.707933 -0.109015 -0.697815
BONE = 9
BONE_NAME = Box_RtShoulder
PARENT_ID = 3
LOCALTM 
MAT -0.00918138 -1.29687e-007 -0.685476 0.0
MAT 0.685477 -1.86265e-007 -0.00918167 0.0
MAT -6.78003e-007 -0.685537 0.0 0.0
MAT 0.104179 0.0 0.00026314 1.0
WORLDTM 
MAT 0.999788 -0.0204507 0.0022252 0.0
MAT 0.0205253 0.984424 -0.174614 0.0
MAT 0.00138042 0.174621 0.984634 0.0
MAT 0.113218 0.860525 -0.139145 1.0
VERTEX = 9
0.104172 0.865432 -0.154311
0.103873 0.851072 -0.151764
0.108361 0.853406 -0.138082
0.108661 0.867766 -0.140629
0.112995 0.859488 -0.149193
0.112965 0.858052 -0.148939
0.113414 0.858285 -0.147571
0.113444 0.859721 -0.147825
0.113205 0.858887 -0.148382
INDEX = 14
4 5 7
6 7 5
1 2 5
6 5 2
0 1 4
5 4 1
7 6 3
2 3 6
4 7 0
3 0 7
8 1 0
8 2 1
8 3 2
8 0 3
FACE-NORMAL = 14
-0.951262 0.0729795 0.299624
-0.951262 0.0729795 0.299624
-0.621104 0.780537 0.0706491
-0.621105 0.780537 0.0706492
-0.407649 0.167713 0.897605
-0.407649 0.167713 0.897605
-0.865073 -0.0700712 -0.496729
-0.865072 -0.0700713 -0.496729
-0.651617 -0.682895 0.330227
-0.651617 -0.682895 0.330227
0.455067 -0.164708 -0.875092
0.65813 -0.747697 -0.0883962
0.890221 0.0614994 0.451359
0.687157 0.644488 -0.335337
BONE = 10
BONE_NAME = BoneShoulderR
PARENT_ID = 9
LOCALTM 
MAT -1.38853 -2.08616e-007 0.447023 0.0
MAT -0.447023 -6.10948e-007 -1.38853 0.0
MAT -1.32248e-007 -1.45871 0.0 0.0
MAT 0.0 0.0 -0.00938077 1.0
WORLDTM 
MAT -1.38761 0.106456 0.437065 0.0
MAT -0.448845 -0.233325 -1.36818 0.0
MAT -0.0299405 -1.43599 0.25471 0.0
MAT 0.113205 0.858887 -0.148382 1.0
VERTEX = 9
-0.225242 0.877287 -0.046205
-0.211716 0.871933 -0.0472827
-0.207753 0.879574 -0.0355062
-0.221279 0.884928 -0.0344286
-0.215493 0.883922 -0.0456607
-0.21414 0.883387 -0.0457685
-0.213744 0.884151 -0.0445908
-0.215097 0.884687 -0.0444831
-0.214618 0.884037 -0.0451258
INDEX = 14
4 5 7
6 7 5
1 2 5
6 5 2
0 1 4
5 4 1
7 6 3
2 3 6
4 7 0
3 0 7
8 1 0
8 2 1
8 3 2
8 0 3
FACE-NORMAL = 14
-0.257618 -0.768673 0.58547
-0.257618 -0.768673 0.58547
-0.86157 -0.241397 0.44657
-0.86157 -0.241397 0.44657
0.0295982 -0.124836 0.991736
0.0295981 -0.124837 0.991736
-0.374273 -0.903594 -0.208418
-0.374273 -0.903594 -0.208418
0.516895 -0.787033 0.336747
0.516895 -0.787033 0.336747
-0.00994089 0.173112 -0.984852
0.83784 0.283998 -0.466228
0.374267 0.913956 0.156873
-0.473514 0.803069 -0.361752
BONE = 11
BONE_NAME = BoneArmR
PARENT_ID = 10
LOCALTM 
MAT 0.364386 -0.346917 0.864218 0.0
MAT -0.0216887 0.924607 0.380302 0.0
MAT -0.930996 -0.15732 0.32939 0.0
MAT 0.23625 0.0 0.0 1.0
WORLDTM 
MAT -0.37579 -1.12127 0.854031 0.0
MAT -0.396296 -0.764152 -1.17765 0.0
MAT 1.35261 -0.535403 -0.107763 0.0
MAT -0.214618 0.884037 -0.0451258 1.0
VERTEX = 9
-0.275156 0.729457 0.0628702
-0.261103 0.72831 0.0591298
-0.258119 0.722437 0.0721443
-0.272171 0.723584 0.0758846
-0.266224 0.732949 0.0697554
-0.264819 0.732835 0.0693814
-0.264521 0.732247 0.0706828
-0.265926 0.732362 0.0710569
-0.265372 0.732598 0.0702191
INDEX = 14
4 5 7
6 7 5
1 2 5
6 5 2
0 1 4
5 4 1
7 6 3
2 3 6
4 7 0
3 0 7
8 1 0
8 2 1
8 3 2
8 0 3
FACE-NORMAL = 14
-0.173404 -0.911965 -0.371821
-0.173404 -0.911965 -0.371821
-0.832063 -0.551625 -0.0581439
-0.832063 -0.551625 -0.058144
0.036078 -0.909369 0.414423
0.036078 -0.909369 0.414422
-0.26808 -0.310775 -0.911895
-0.26808 -0.310775 -0.911895
0.600061 -0.66852 -0.439327
0.600061 -0.66852 -0.439327
-0.0220601 0.929582 -0.367955
0.803816 0.589254 0.0816049
0.26729 0.36013 0.893791
-0.558585 0.700459 0.44423
BONE = 12
BONE_NAME = BoneForeArmR
PARENT_ID = 11
LOCALTM 
MAT 0.527985 0.825029 0.201404 0.0
MAT -0.779156 0.56493 -0.271602 0.0
MAT -0.337859 -0.0135215 0.941099 0.0
MAT 0.13506 0.0 0.0 1.0
WORLDTM 
MAT -0.252946 -1.33029 -0.54238 0.0
MAT -0.298454 0.587369 -1.30144 0.0
MAT 1.40526 -0.114703 -0.374034 0.0
MAT -0.265372 0.732598 0.0702191 1.0
VERTEX = 9
-0.319863 0.407305 0.00767357
-0.314921 0.403134 0.0153007
-0.318475 0.394157 0.0126949
-0.323418 0.398328 0.00506772
-0.323206 0.4021 0.0128927
-0.322711 0.401683 0.0136554
-0.323067 0.400785 0.0133948
-0.323561 0.401202 0.0126321
-0.323136 0.401442 0.0131438
INDEX = 14
4 5 7
6 7 5
1 2 5
6 5 2
0 1 4
5 4 1
7 6 3
2 3 6
4 7 0
3 0 7
8 1 0
8 2 1
8 3 2
8 0 3
FACE-NORMAL = 14
0.793342 -0.14231 -0.591909
0.793342 -0.14231 -0.591909
0.163354 0.214842 -0.962891
0.163354 0.214842 -0.962891
0.266524 -0.762411 -0.589657
0.266524 -0.762411 -0.589657
0.794913 0.572012 -0.202275
0.794913 0.572012 -0.202275
0.898082 -0.405243 0.170958
0.898082 -0.405243 0.170959
-0.309646 0.735355 0.602803
-0.211499 -0.194319 0.957867
-0.812311 -0.534101 0.234281
-0.910457 0.395576 -0.120781
BONE = 13
BONE_NAME = Object02
PARENT_ID = 12
LOCALTM 
MAT 0.145539 0.21147 0.635663 0.0
MAT -0.669867 0.0385486 0.140544 0.0
MAT 0.00760791 -0.650963 0.214819 0.0
MAT 0.228449 -0.0484013 -0.0102643 1.0
WORLDTM 
MAT 0.793347 -0.142311 -0.591912 0.0
MAT 0.355436 0.897641 0.260586 0.0
MAT 0.494235 -0.417117 0.762715 0.0
MAT -0.323136 0.401442 0.0131438 1.0
VERTEX = 9
-0.29972 0.555438 -0.0134875
-0.29646 0.551633 -0.00483326
-0.298359 0.542402 -0.00817659
-0.301618 0.546206 -0.0168308
-0.303738 0.549848 -0.00923173
-0.303412 0.549468 -0.00836631
-0.303602 0.548544 -0.00870064
-0.303928 0.548925 -0.00956606
-0.30367 0.549196 -0.00896619
INDEX = 14
4 5 7
6 7 5
1 2 5
6 5 2
0 1 4
5 4 1
7 6 3
2 3 6
4 7 0
3 0 7
8 1 0
8 2 1
8 3 2
8 0 3
FACE-NORMAL = 14
0.926111 -0.0553301 -0.373172
0.926111 -0.0553301 -0.373172
0.377232 0.245797 -0.892905
0.377232 0.245797 -0.892905
0.478408 -0.723171 -0.498146
0.478408 -0.723171 -0.498146
0.760664 0.649145 -0.00113098
0.760664 0.649145 -0.0011309
0.86184 -0.319825 0.393629
0.86184 -0.319825 0.393629
-0.520602 0.691876 0.50028
-0.424352 -0.229918 0.875821
-0.789117 -0.613629 0.0274631
-0.885367 0.308167 -0.348078
BONE = 14
BONE_NAME = Mesh01
PARENT_ID = 12
LOCALTM 
MAT 0.0196205 0.08307 0.680206 0.0
MAT -0.684919 0.0237024 0.0168606 0.0
MAT -0.0214752 -0.680071 0.0836734 0.0
MAT 0.139397 0.00317739 -0.00148667 1.0
WORLDTM 
MAT 0.926114 -0.0553303 -0.373173 0.0
MAT 0.189867 0.923132 0.334333 0.0
MAT 0.325985 -0.380482 0.865424 0.0
MAT -0.30367 0.549196 -0.00896619 1.0
VERTEX = 9
-0.293279 0.4594 0.1571
-0.295365 0.452106 0.163615
-0.286136 0.448433 0.162458
-0.28405 0.455728 0.155944
-0.291683 0.451579 0.155762
-0.291892 0.45085 0.156414
-0.290969 0.450483 0.156298
-0.29076 0.451212 0.155646
-0.291326 0.451031 0.15603
INDEX = 14
4 5 7
6 7 5
1 2 5
6 5 2
0 1 4
5 4 1
7 6 3
2 3 6
4 7 0
3 0 7
8 1 0
8 2 1
8 3 2
8 0 3
FACE-NORMAL = 14
0.3236 0.577101 0.749825
0.3236 0.577101 0.749825
0.371549 0.92825 0.017387
0.371549 0.92825 0.0173872
0.902468 0.11309 0.415646
0.902468 0.11309 0.415646
-0.469514 0.659031 0.587567
-0.469514 0.659031 0.587567
0.0614048 -0.15613 0.985826
0.0614047 -0.15613 0.985826
-0.881414 -0.148391 -0.448431
-0.376342 -0.923866 -0.0695611
0.423774 -0.667753 -0.611982
-0.0812972 0.107722 -0.990852
BONE = 15
BONE_NAME = Star2Part10shell
PARENT_ID = 12
LOCALTM 
MAT -0.590396 -0.344703 0.0507991 0.0
MAT -0.149362 0.16009 -0.649632 0.0
MAT 0.314783 -0.570538 -0.212974 0.0
MAT 0.157244 -0.126568 -0.0170458 1.0
WORLDTM 
MAT 0.323602 0.577105 0.74983 0.0
MAT -0.922904 0.367243 0.115648 0.0
MAT -0.208628 -0.729441 0.651449 0.0
MAT -0.291326 0.451031 0.15603 1.0
VERTEX = 9
-0.368296 0.26053 -0.0835303
-0.365818 0.255006 -0.0755714
-0.369836 0.246945 -0.0799154
-0.372314 0.252469 -0.0878744
-0.373397 0.255478 -0.0797951
-0.373149 0.254925 -0.0789992
-0.373551 0.254119 -0.0794336
-0.373798 0.254672 -0.0802295
-0.373474 0.254799 -0.0796143
INDEX = 14
4 5 7
6 7 5
1 2 5
6 5 2
0 1 4
5 4 1
7 6 3
2 3 6
4 7 0
3 0 7
8 1 0
8 2 1
8 3 2
8 0 3
FACE-NORMAL = 14
0.88156 -0.21217 -0.421707
0.88156 -0.21217 -0.421707
0.405558 0.268662 -0.873695
0.405559 0.268662 -0.873695
0.291066 -0.741121 -0.604996
0.291066 -0.741121 -0.604996
0.8884 0.457255 0.0407836
0.8884 0.457255 0.0407837
0.773906 -0.552531 0.309481
0.773906 -0.552531 0.309481
-0.339231 0.720042 0.605361
-0.448149 -0.24058 0.860978
-0.907484 -0.419991 -0.00897892
-0.798564 0.540634 -0.264595
BONE = 16
BONE_NAME = HitTestFuzzy01
PARENT_ID = 12
LOCALTM 
MAT 0.135343 0.0757103 0.667771 0.0
MAT -0.662472 -0.099531 0.145551 0.0
MAT 0.113024 -0.674033 0.0535139 0.0
MAT 0.349756 -0.0250868 -0.0192982 1.0
WORLDTM 
MAT 0.881564 -0.212171 -0.421709 0.0
MAT 0.401813 0.806125 0.434404 0.0
MAT 0.24778 -0.552399 0.795897 0.0
MAT -0.373474 0.254799 -0.0796143 1.0
VERTEX = 9
-0.219398 0.793562 0.33051
-0.218331 0.803299 0.328499
-0.215254 0.804899 0.337879
-0.216321 0.795161 0.339889
-0.222261 0.799473 0.335239
-0.222154 0.800447 0.335037
-0.221846 0.800607 0.335975
-0.221953 0.799633 0.336176
-0.222053 0.80004 0.335607
INDEX = 14
4 5 7
6 7 5
1 2 5
6 5 2
0 1 4
5 4 1
7 6 3
2 3 6
4 7 0
3 0 7
8 1 0
8 2 1
8 3 2
8 0 3
FACE-NORMAL = 14
0.945484 -0.161925 -0.282559
0.945484 -0.161925 -0.282559
0.553201 -0.832107 -0.0395772
0.553201 -0.832107 -0.0395773
0.861207 0.0105697 0.508144
0.861207 0.0105696 0.508144
0.403784 -0.227214 -0.88619
0.403784 -0.227214 -0.88619
0.711791 0.615462 -0.338467
0.71179 0.615463 -0.338467
-0.886135 0.00139476 -0.463425
-0.593124 0.803046 0.0576304
-0.450982 0.227602 0.863025
-0.743993 -0.574049 0.341969
BONE = 17
BONE_NAME = Bone_HoseRt
PARENT_ID = 10
LOCALTM 
MAT -0.682715 -6.74278e-007 0.0621497 0.0
MAT 0.0 0.685537 0.0 0.0
MAT -0.0621498 0.0 -0.682715 0.0
MAT 0.3151 -0.23403 0.102366 1.0
WORLDTM 
MAT 0.945484 -0.161925 -0.282559 0.0
MAT -0.3077 -0.159953 -0.937942 0.0
MAT 0.106681 0.973754 -0.201058 0.0
MAT -0.222053 0.80004 0.335607 1.0
VERTEX = 9
0.119498 0.861957 -0.144486
0.119512 0.863703 -0.13464
0.119307 0.853859 -0.132894
0.119293 0.852113 -0.14274
0.114413 0.858415 -0.139281
0.114414 0.85859 -0.138296
0.114394 0.857605 -0.138121
0.114392 0.857431 -0.139106
0.114403 0.85801 -0.138701
INDEX = 14
4 5 7
6 7 5
1 2 5
6 5 2
0 1 4
5 4 1
7 6 3
2 3 6
4 7 0
3 0 7
8 1 0
8 2 1
8 3 2
8 0 3
FACE-NORMAL = 14
0.999788 -0.0204508 0.0022252
0.999788 -0.0204508 0.0022252
0.667797 -0.143476 -0.730385
0.667797 -0.143476 -0.730385
0.653567 -0.745397 0.131278
0.653567 -0.745397 0.131278
0.68408 0.718035 -0.1283
0.684079 0.718035 -0.1283
0.669849 0.116114 0.733362
0.669849 0.116114 0.733362
-0.692444 0.710553 -0.125044
-0.705981 0.137937 0.694668
-0.721471 -0.681631 0.121897
-0.707933 -0.109015 -0.697815
BONE = 18
BONE_NAME = Box_LftShoulder
PARENT_ID = 3
LOCALTM 
MAT -0.00918138 -1.29687e-007 -0.685476 0.0
MAT 0.685477 -1.86265e-007 -0.00918167 0.0
MAT -6.78003e-007 -0.685537 0.0 0.0
MAT 0.102434 0.0 -0.000562206 1.0
WORLDTM 
MAT 0.999788 -0.0204507 0.0022252 0.0
MAT 0.0205253 0.984424 -0.174614 0.0
MAT 0.00138042 0.174621 0.984634 0.0
MAT 0.114403 0.85801 -0.138701 1.0
VERTEX = 9
0.123183 0.848114 -0.15169
0.123482 0.862474 -0.154238
0.119676 0.86501 -0.140386
0.119377 0.85065 -0.137839
0.114566 0.855527 -0.148503
0.114596 0.856963 -0.148758
0.114215 0.857217 -0.147372
0.114185 0.855781 -0.147118
0.11439 0.856372 -0.147938
INDEX = 14
4 5 7
6 7 5
1 2 5
6 5 2
0 1 4
5 4 1
7 6 3
2 3 6
4 7 0
3 0 7
8 1 0
8 2 1
8 3 2
8 0 3
FACE-NORMAL = 14
0.965145 0.0260678 0.260413
0.965145 0.0260678 0.260413
0.630392 -0.714277 0.303997
0.630392 -0.714277 0.303997
0.451716 0.146676 0.880022
0.451716 0.146676 0.880022
0.83958 -0.111799 -0.531607
0.83958 -0.111799 -0.531607
0.660905 0.749154 0.044418
0.660905 0.749154 0.044418
-0.49797 -0.141379 -0.855592
-0.667947 0.67766 -0.307611
-0.866951 0.104513 0.487312
-0.696974 -0.714525 -0.0606695
BONE = 19
BONE_NAME = BoneShoulderL
PARENT_ID = 18
LOCALTM 
MAT 1.40764 0.0 0.382614 0.0
MAT 0.382614 -3.8743e-007 -1.40764 0.0
MAT 3.12924e-007 1.45871 -7.45058e-007 0.0
MAT 0.0 0.0 -0.00938077 1.0
WORLDTM 
MAT 1.40787 0.0380254 0.379867 0.0
MAT 0.38059 -0.253628 -1.38515 0.0
MAT 0.0299407 1.43599 -0.254711 0.0
MAT 0.11439 0.856372 -0.147938 1.0
VERTEX = 9
0.440089 0.854064 -0.0619463
0.454308 0.857252 -0.0612917
0.452208 0.864002 -0.0485322
0.437988 0.860814 -0.0491868
0.4443 0.864802 -0.0594295
0.445722 0.865121 -0.059364
0.445511 0.865796 -0.0580881
0.44409 0.865477 -0.0581535
0.444906 0.865299 -0.0587588
INDEX = 14
4 5 7
6 7 5
1 2 5
6 5 2
0 1 4
5 4 1
7 6 3
2 3 6
4 7 0
3 0 7
8 1 0
8 2 1
8 3 2
8 0 3
FACE-NORMAL = 14
0.170392 -0.859131 0.482556
0.170392 -0.859131 0.482556
-0.610574 -0.737166 0.289458
-0.610574 -0.737166 0.289458
0.00694201 -0.230772 0.972983
0.00694204 -0.230772 0.972983
0.22103 -0.918685 -0.327358
0.22103 -0.918685 -0.327358
0.838547 -0.41229 0.356169
0.838547 -0.41229 0.356169
-0.0186526 0.280287 -0.959735
0.568799 0.762027 -0.309487
-0.222318 0.934709 0.277298
-0.80977 0.452968 -0.37295
BONE = 20
BONE_NAME = BoneArmL
PARENT_ID = 19
LOCALTM 
MAT 0.267722 -0.264388 -0.926512 0.0
MAT -0.100857 0.94864 -0.299844 0.0
MAT 0.958203 0.173723 0.227306 0.0
MAT 0.234763 0.0 0.0 1.0
WORLDTM 
MAT 0.248552 -1.25322 0.70391 0.0
MAT 0.210073 -0.67501 -1.27595 0.0
MAT 1.42194 0.318784 0.0654598 0.0
MAT 0.444906 0.865299 -0.0587588 1.0
VERTEX = 9
0.470911 0.699084 0.0230541
0.485464 0.699608 0.023899
0.485109 0.690773 0.0355007
0.470555 0.690249 0.0346558
0.476835 0.701142 0.0330559
0.478291 0.701194 0.0331404
0.478255 0.700311 0.0343006
0.4768 0.700258 0.0342161
0.477545 0.700726 0.0336782
INDEX = 14
4 5 7
6 7 5
1 2 5
6 5 2
0 1 4
5 4 1
7 6 3
2 3 6
4 7 0
3 0 7
8 1 0
8 2 1
8 3 2
8 0 3
FACE-NORMAL = 14
0.0636738 -0.794902 -0.603387
0.0636738 -0.794902 -0.603387
-0.69897 -0.558483 -0.446697
-0.69897 -0.558483 -0.446697
0.0244921 -0.981954 0.187526
0.0244921 -0.981954 0.187526
0.060699 -0.0815676 -0.994818
0.060699 -0.0815675 -0.994818
0.78416 -0.505041 -0.360593
0.78416 -0.505041 -0.360593
-0.0278021 0.990356 -0.135731
0.660438 0.587501 0.467615
-0.0622463 0.133805 0.989051
-0.750486 0.536661 0.385703
BONE = 21
BONE_NAME = BoneForeArmL
PARENT_ID = 20
LOCALTM 
MAT 0.402607 0.904802 -0.138727 0.0
MAT -0.899998 0.418929 0.120412 0.0
MAT 0.167061 0.0763766 0.982984 0.0
MAT 0.131319 0.0 0.0 1.0
WORLDTM 
MAT 0.0928814 -1.15953 -0.880166 0.0
MAT 0.0355278 0.883503 -1.16017 0.0
MAT 1.45532 0.0524395 0.0844892 0.0
MAT 0.477545 0.700726 0.0336782 1.0
VERTEX = 9
0.517355 0.540112 -0.0974181
0.514854 0.534445 -0.0895671
0.515237 0.526285 -0.0953348
0.517737 0.531952 -0.103186
0.511564 0.534461 -0.0976092
0.511314 0.533894 -0.0968241
0.511353 0.533078 -0.0974009
0.511603 0.533645 -0.098186
0.511458 0.53377 -0.0975051
INDEX = 14
4 5 7
6 7 5
1 2 5
6 5 2
0 1 4
5 4 1
7 6 3
2 3 6
4 7 0
3 0 7
8 1 0
8 2 1
8 3 2
8 0 3
FACE-NORMAL = 14
0.967473 -0.114216 0.225723
0.967473 -0.114216 0.225723
0.833081 0.34477 -0.432561
0.833081 0.34477 -0.432561
0.675626 -0.682942 -0.277706
0.675626 -0.682942 -0.277706
0.618785 0.530133 0.579711
0.618784 0.530133 0.579711
0.461328 -0.497585 0.734565
0.461328 -0.497585 0.734565
-0.711143 0.657769 0.248225
-0.860933 -0.319909 0.39554
-0.65707 -0.496247 -0.567449
-0.507279 0.481437 -0.714763
BONE = 22
BONE_NAME = Object03
PARENT_ID = 21
LOCALTM 
MAT 0.0111009 -0.154347 0.667844 0.0
MAT -0.68492 0.0237038 0.0168589 0.0
MAT -0.0268913 -0.667515 -0.153822 0.0
MAT 0.146724 0.00276986 0.0138711 1.0
WORLDTM 
MAT 0.967473 -0.114216 0.225723 0.0
MAT -0.0382392 0.816012 0.576767 0.0
MAT -0.250073 -0.566637 0.785103 0.0
MAT 0.511458 0.53377 -0.0975051 1.0
VERTEX = 9
0.445231 0.379121 0.0386967
0.449544 0.375292 0.0305271
0.440539 0.372904 0.0268925
0.436226 0.376733 0.0350621
0.443399 0.371861 0.0356235
0.443831 0.371479 0.0348066
0.44293 0.37124 0.0344431
0.442499 0.371623 0.0352601
0.443165 0.371551 0.0350333
INDEX = 14
4 5 7
6 7 5
1 2 5
6 5 2
0 1 4
5 4 1
7 6 3
2 3 6
4 7 0
3 0 7
8 1 0
8 2 1
8 3 2
8 0 3
FACE-NORMAL = 14
-0.0559128 0.892415 -0.447739
-0.0559128 0.892415 -0.447739
-0.357969 0.88157 0.30772
-0.357969 0.88157 0.30772
-0.706733 0.419514 -0.569681
-0.706733 0.419514 -0.569681
0.631925 0.774474 -0.0293622
0.631925 0.774473 -0.029362
0.283161 0.312419 -0.90676
0.283161 0.312418 -0.906761
0.676279 -0.462193 0.573606
0.344495 -0.901754 -0.261079
-0.597206 -0.799871 0.0595925
-0.265421 -0.360311 0.894275
BONE = 23
BONE_NAME = Star2Part05
PARENT_ID = 21
LOCALTM 
MAT -0.303543 0.613732 -0.0340296 0.0
MAT -0.241155 -0.0839995 0.636199 0.0
MAT 0.565389 0.293669 0.253092 0.0
MAT 0.177318 -0.13799 -0.0315722 1.0
WORLDTM 
MAT -0.0559129 0.892416 -0.44774 0.0
MAT 0.900488 0.238775 0.363462 0.0
MAT 0.431276 -0.382856 -0.816959 0.0
MAT 0.443165 0.371551 0.0350333 1.0
VERTEX = 9
0.559987 0.263414 -0.236717
0.558121 0.256207 -0.23004
0.561402 0.249344 -0.236531
0.563267 0.25655 -0.243208
0.555993 0.256592 -0.238455
0.555807 0.255872 -0.237788
0.556135 0.255185 -0.238437
0.556321 0.255906 -0.239104
0.556064 0.255889 -0.238446
INDEX = 14
4 5 7
6 7 5
1 2 5
6 5 2
0 1 4
5 4 1
7 6 3
2 3 6
4 7 0
3 0 7
8 1 0
8 2 1
8 3 2
8 0 3
FACE-NORMAL = 14
0.92606 0.0979741 0.364436
0.92606 0.0979741 0.364436
0.758146 0.601207 -0.252517
0.758146 0.601207 -0.252517
0.863346 -0.444596 -0.23868
0.863346 -0.444596 -0.23868
0.375656 0.575682 0.726273
0.375655 0.575682 0.726273
0.480857 -0.470126 0.740107
0.480857 -0.470126 0.740107
-0.886796 0.416023 0.201291
-0.786718 -0.578865 0.214453
-0.422849 -0.554583 -0.716684
-0.522929 0.44031 -0.729844
BONE = 24
BONE_NAME = HitTestFuzzy
PARENT_ID = 21
LOCALTM 
MAT -0.163715 -0.142566 0.650258 0.0
MAT -0.656819 -0.074424 -0.181687 0.0
MAT 0.108374 -0.666408 -0.118818 0.0
MAT 0.358398 -0.0350184 0.0319342 1.0
WORLDTM 
MAT 0.926061 0.0979742 0.364436 0.0
MAT -0.328063 0.686321 0.649104 0.0
MAT -0.186528 -0.720667 0.66772 0.0
MAT 0.556064 0.255889 -0.238446 1.0
VERTEX = 9
0.378148 0.805664 0.320118
0.377827 0.815479 0.318233
0.375218 0.817218 0.327728
0.375539 0.807402 0.329614
0.372006 0.810465 0.32229
0.371973 0.811446 0.322102
0.371713 0.81162 0.323051
0.371745 0.810638 0.32324
0.371859 0.811042 0.322671
INDEX = 14
4 5 7
6 7 5
1 2 5
6 5 2
0 1 4
5 4 1
7 6 3
2 3 6
4 7 0
3 0 7
8 1 0
8 2 1
8 3 2
8 0 3
FACE-NORMAL = 14
0.964829 0.07969 0.250508
0.964829 0.07969 0.250508
0.669307 -0.676262 0.30773
0.669308 -0.676262 0.30773
0.451505 0.182547 0.873396
0.451505 0.182547 0.873396
0.839368 -0.075927 -0.538234
0.839368 -0.0759271 -0.538234
0.621566 0.782881 0.0274324
0.621566 0.782881 0.0274324
-0.497747 -0.179294 -0.848588
-0.704946 0.637703 -0.310462
-0.866727 0.0665956 0.494316
-0.659529 -0.750402 -0.0438104
BONE = 25
BONE_NAME = Bone_HoseLft
PARENT_ID = 19
LOCALTM 
MAT 0.684518 0.0 0.0373686 0.0
MAT -6.91973e-007 0.685537 9.16421e-007 0.0
MAT -0.0373688 1.02818e-006 0.684519 0.0
MAT 0.253557 -0.254897 -0.083302 1.0
WORLDTM 
MAT 0.964829 0.0796899 0.250508 0.0
MAT 0.260907 -0.17387 -0.949575 0.0
MAT -0.0321149 0.98154 -0.188551 0.0
MAT 0.371859 0.811042 0.322671 1.0
VERTEX = 9
0.111973 0.905868 0.329784
0.112178 0.915712 0.328038
0.112164 0.913966 0.318192
0.111959 0.904122 0.319938
0.11733 0.909404 0.324579
0.11735 0.910389 0.324405
0.117349 0.910214 0.32342
0.117328 0.909229 0.323594
0.117339 0.909809 0.323999
INDEX = 14
4 5 7
6 7 5
1 2 5
6 5 2
0 1 4
5 4 1
7 6 3
2 3 6
4 7 0
3 0 7
8 1 0
8 2 1
8 3 2
8 0 3
FACE-NORMAL = 14
-0.999788 0.0204513 -0.00222438
-0.999788 0.0204513 -0.00222438
-0.684079 -0.718035 0.128301
-0.684079 -0.718035 0.128301
-0.669849 -0.116113 -0.733362
-0.669849 -0.116113 -0.733362
-0.667797 0.143475 0.730385
-0.667797 0.143475 0.730385
-0.653567 0.745397 -0.131276
-0.653567 0.745397 -0.131277
0.707933 0.109014 0.697815
0.72147 0.681632 -0.121897
0.705981 -0.137936 -0.694669
0.692444 -0.710553 0.125043
BONE = 26
BONE_NAME = Box10
PARENT_ID = 3
LOCALTM 
MAT 0.00968097 -5.11995e-007 0.722754 0.0
MAT -1.16229e-006 -0.685539 3.95463e-007 0.0
MAT 0.685475 -6.63102e-007 -0.00918074 0.0
MAT 0.0820202 -0.318528 -0.00228091 1.0
WORLDTM 
MAT -1.05416 0.0215635 -0.00234535 0.0
MAT 0.00137973 0.174621 0.984637 0.0
MAT 0.0205239 0.984421 -0.174612 0.0
MAT 0.117339 0.909809 0.323999 1.0
VERTEX = 9
0.132685 0.987862 0.184223
0.13833 0.98117 0.185178
0.141757 0.98293 0.177258
0.136112 0.989622 0.176303
0.133854 0.982918 0.179223
0.134419 0.982249 0.179318
0.134761 0.982425 0.178526
0.134197 0.983094 0.178431
0.134308 0.982672 0.178874
INDEX = 14
4 5 7
6 7 5
1 2 5
6 5 2
0 1 4
5 4 1
7 6 3
2 3 6
4 7 0
3 0 7
8 1 0
8 2 1
8 3 2
8 0 3
FACE-NORMAL = 14
0.661562 0.618682 0.423755
0.661562 0.618682 0.423755
-0.0339216 0.978628 0.20282
-0.0339215 0.978628 0.20282
0.731779 0.562428 -0.384934
0.731779 0.562428 -0.384933
0.153345 0.265325 0.951886
0.153345 0.265325 0.951887
0.919045 -0.150875 0.364134
0.919045 -0.150875 0.364134
-0.742932 -0.578793 0.336229
-0.0145094 -0.974731 -0.222909
-0.192658 -0.296155 -0.935508
-0.92108 0.0997821 -0.37637
BONE = 27
BONE_NAME = Cylinder10
PARENT_ID = 3
LOCALTM 
MAT 0.325957 -0.317693 -0.396671 0.0
MAT -0.215294 -0.513195 0.234103 0.0
MAT -0.460352 0.0150615 -0.390349 0.0
MAT 0.148658 -0.229307 -0.0135615 1.0
WORLDTM 
MAT 0.582643 0.544878 0.373204 0.0
MAT -0.342686 -0.176014 0.791982 0.0
MAT 0.564571 -0.669157 0.0955684 0.0
MAT 0.134308 0.982672 0.178874 1.0
VERTEX = 9
0.0942445 0.989486 0.173272
0.0948307 0.985273 0.180984
0.101406 0.990611 0.1834
0.10082 0.994824 0.175688
0.100382 0.987194 0.176079
0.100441 0.986773 0.176851
0.101098 0.987306 0.177092
0.10104 0.987728 0.176321
0.10074 0.98725 0.176586
INDEX = 14
4 5 7
6 7 5
1 2 5
6 5 2
0 1 4
5 4 1
7 6 3
2 3 6
4 7 0
3 0 7
8 1 0
8 2 1
8 3 2
8 0 3
FACE-NORMAL = 14
-0.661903 0.635512 0.397504
-0.661903 0.635512 0.397504
-0.492271 0.780699 -0.384939
-0.492271 0.780699 -0.384939
0.112175 0.875606 0.46982
0.112174 0.875606 0.46982
-0.997754 -0.0253364 0.0620132
-0.997754 -0.0253365 0.0620131
-0.393308 0.0695711 0.916771
-0.393308 0.0695709 0.916771
-0.0599097 -0.877915 -0.475054
0.515108 -0.787628 0.33809
0.995982 -0.0208344 -0.0871018
0.420964 -0.111121 -0.900245
BONE = 28
BONE_NAME = Cylinder13
PARENT_ID = 3
LOCALTM 
MAT 0.33303 -0.302759 0.402434 0.0
MAT -0.334568 0.227598 0.448095 0.0
MAT -0.376404 -0.470171 -0.0422291 0.0
MAT 0.151858 -0.228278 0.00947235 1.0
WORLDTM 
MAT -0.582943 0.5597 0.350085 0.0
MAT -0.657562 -0.533751 -0.241599 0.0
MAT 0.0586286 -0.421298 0.77118 0.0
MAT 0.10074 0.98725 0.176586 1.0
VERTEX = 9
0.0735569 1.04271 0.0907607
0.0765564 1.05151 0.0870719
0.0827418 1.04677 0.0808031
0.0797423 1.03797 0.084492
0.0813214 1.04474 0.0897111
0.0816213 1.04562 0.0893422
0.0822398 1.04515 0.0887153
0.0819399 1.04427 0.0890842
0.0817806 1.04494 0.0892132
INDEX = 14
4 5 7
6 7 5
1 2 5
6 5 2
0 1 4
5 4 1
7 6 3
2 3 6
4 7 0
3 0 7
8 1 0
8 2 1
8 3 2
8 0 3
FACE-NORMAL = 14
-0.726247 -0.0401392 -0.686261
-0.726247 -0.0401392 -0.686261
-0.708787 -0.680761 -0.184892
-0.708787 -0.680761 -0.184893
-0.0260757 -0.378986 -0.925035
-0.0260759 -0.378986 -0.925035
-0.945592 0.325283 0.00686652
-0.945592 0.325283 0.00686669
-0.262881 0.627057 -0.733276
-0.26288 0.627057 -0.733276
0.0761597 0.363373 0.928526
0.725633 0.650456 0.224417
0.950909 -0.306608 0.0419936
0.301436 -0.59369 0.746102
BONE = 29
BONE_NAME = Star2Part03
PARENT_ID = 3
LOCALTM 
MAT 0.0515101 0.468721 0.497603 0.0
MAT 0.241704 -0.479269 0.426431 0.0
MAT 0.639442 0.143402 -0.201271 0.0
MAT 0.201167 -0.17619 0.02275 1.0
WORLDTM 
MAT -0.726247 -0.0401392 -0.686261 0.0
MAT -0.618542 0.473749 0.626874 0.0
MAT 0.299952 0.879743 -0.368887 0.0
MAT 0.0817806 1.04494 0.0892132 1.0
VERTEX = 9
0.155572 1.04139 0.107065
0.15701 1.04839 0.100063
0.151344 1.04317 0.0936868
0.149906 1.03617 0.100689
0.157726 1.03975 0.0994392
0.15787 1.04045 0.0987389
0.157303 1.03993 0.0981013
0.157159 1.03923 0.0988015
0.157515 1.03984 0.0987702
INDEX = 14
4 5 7
6 7 5
1 2 5
6 5 2
0 1 4
5 4 1
7 6 3
2 3 6
4 7 0
3 0 7
8 1 0
8 2 1
8 3 2
8 0 3
FACE-NORMAL = 14
-0.81133 0.488472 0.321151
-0.81133 0.488472 0.321151
-0.649663 -0.192997 0.735316
-0.649663 -0.192997 0.735316
-0.963914 -0.0611733 -0.259089
-0.963914 -0.0611732 -0.259089
-0.121589 0.714715 0.688766
-0.121589 0.714715 0.688766
-0.43584 0.846539 -0.30564
-0.43584 0.846539 -0.30564
0.974356 0.0236549 0.223767
0.675404 0.149061 -0.722226
0.173039 -0.714459 -0.677942
0.471991 -0.839865 0.268051
BONE = 30
BONE_NAME = Star2Part04
PARENT_ID = 3
LOCALTM 
MAT 0.287299 -0.274485 0.55864 0.0
MAT 0.278734 -0.493402 -0.385778 0.0
MAT 0.556532 0.388812 -0.0951737 0.0
MAT 0.196948 -0.182101 -0.0291918 1.0
WORLDTM 
MAT -0.81133 0.488472 0.321151 0.0
MAT 0.566617 0.521926 0.637606 0.0
MAT 0.143835 0.699275 -0.700231 0.0
MAT 0.157515 1.03984 0.0987702 1.0
VERTEX = 9
0.1224 0.773447 -0.0374652
0.122535 0.781119 -0.0272813
0.122358 0.773134 -0.0212637
0.122224 0.765462 -0.0314476
0.11467 0.773464 -0.0301917
0.114683 0.774231 -0.0291733
0.114666 0.773432 -0.0285715
0.114652 0.772665 -0.0295899
0.114668 0.773448 -0.0293816
INDEX = 14
4 5 7
6 7 5
1 2 5
6 5 2
0 1 4
5 4 1
7 6 3
2 3 6
4 7 0
3 0 7
8 1 0
8 2 1
8 3 2
8 0 3
FACE-NORMAL = 14
0.999788 -0.020451 0.0022252
0.999788 -0.020451 0.0022252
0.660997 -0.4609 -0.592161
0.660997 -0.4609 -0.592161
0.655687 -0.607187 0.448774
0.655687 -0.607187 0.448774
0.681959 0.579825 -0.445796
0.681959 0.579825 -0.445797
0.67665 0.433538 0.595138
0.67665 0.433538 0.595138
-0.694461 0.579072 -0.427082
-0.699512 0.439907 0.563174
-0.719453 -0.55015 0.423936
-0.714403 -0.410985 -0.566321
BONE = 31
BONE_NAME = Vol_Target
PARENT_ID = 3
LOCALTM 
MAT -0.0141629 -1.57394e-007 -1.05738 0.0
MAT 0.611091 0.310588 -0.00818522 0.0
MAT 0.395993 -0.779267 -0.00530396 0.0
MAT 0.0322699 -0.0636683 -0.00115619 1.0
WORLDTM 
MAT 1.54222 -0.0315466 0.00343247 0.0
MAT 0.0176724 0.798482 -0.601762 0.0
MAT 0.013426 0.767189 1.01839 0.0
MAT 0.114668 0.773448 -0.0293816 1.0
VERTEX = 9
0.0875882 0.611157 -0.0948943
0.0998792 0.611642 -0.0941684
0.0990585 0.614562 -0.0822255
0.0867675 0.614077 -0.0829514
0.0926006 0.61867 -0.0906657
0.0938297 0.618718 -0.0905931
0.0937476 0.61901 -0.0893988
0.0925185 0.618962 -0.0894714
0.0931741 0.61884 -0.0900323
INDEX = 14
4 5 7
6 7 5
1 2 5
6 5 2
0 1 4
5 4 1
7 6 3
2 3 6
4 7 0
3 0 7
8 1 0
8 2 1
8 3 2
8 0 3
FACE-NORMAL = 14
0.0242273 -0.970722 0.238979
0.0242273 -0.970722 0.238979
-0.725218 -0.678664 0.11608
-0.725218 -0.678664 0.11608
-0.0332977 -0.473255 0.880296
-0.0332977 -0.473255 0.880296
0.0657122 -0.825503 -0.560559
0.0657122 -0.825503 -0.560559
0.757632 -0.620095 0.203657
0.757632 -0.620094 0.203657
0.0299635 0.518855 -0.854337
0.688197 0.714263 -0.127327
-0.0642261 0.853954 0.51637
-0.72246 0.658545 -0.21064
BONE = 32
BONE_NAME = BoneWaist
PARENT_ID = 1
LOCALTM 
MAT 0.0204653 -0.844471 0.000545308 0.0
MAT 0.05626 0.000819132 -0.842843 0.0
MAT 0.842595 0.0204562 0.0562634 0.0
MAT 0.0 0.0 0.0 1.0
WORLDTM 
MAT 0.0298529 -1.19612 0.29447 0.0
MAT 0.082067 -0.291971 -1.19429 0.0
MAT 1.2291 0.0485468 0.0725907 0.0
MAT 0.0931741 0.61884 -0.0900323 1.0
VERTEX = 9
0.0870984 0.594132 -0.0917922
0.089758 0.58334 -0.0864714
0.0885769 0.588529 -0.0753578
0.0859172 0.59932 -0.0806786
0.0937504 0.593065 -0.0844395
0.0940164 0.591986 -0.0839074
0.0938983 0.592505 -0.082796
0.0936323 0.593584 -0.0833281
0.0938243 0.592785 -0.0836178
INDEX = 14
4 5 7
6 7 5
1 2 5
6 5 2
0 1 4
5 4 1
7 6 3
2 3 6
4 7 0
3 0 7
8 1 0
8 2 1
8 3 2
8 0 3
FACE-NORMAL = 14
-0.971711 -0.236071 0.00694152
-0.971711 -0.236071 0.00694152
-0.810476 0.493022 -0.31632
-0.810476 0.493022 -0.31632
-0.721292 0.155074 0.675048
-0.721292 0.155074 0.675048
-0.578789 -0.470921 -0.66576
-0.578789 -0.470921 -0.665761
-0.489605 -0.808868 0.325607
-0.489605 -0.808868 0.325607
0.754886 -0.130832 -0.642674
0.839728 -0.452326 0.300429
0.619321 0.464687 0.632857
0.534479 0.786181 -0.310246
BONE = 33
BONE_NAME = connectBone01
PARENT_ID = 32
LOCALTM 
MAT 0.207276 -0.0155088 -0.97816 0.0
MAT 0.195545 0.980352 0.0258933 0.0
MAT 0.95854 -0.196641 0.206237 0.0
MAT 0.0217831 0.0 0.0 1.0
WORLDTM 
MAT -1.19734 -0.290887 0.00855334 0.0
MAT 0.118118 -0.518873 -1.11136 0.0
MAT 0.265963 -1.07911 0.532079 0.0
MAT 0.0938243 0.592785 -0.0836178 1.0
VERTEX = 9
-0.0266987 0.562088 -0.0955158
-0.02342 0.55537 -0.0829897
-0.036591 0.558767 -0.0777203
-0.0398696 0.565485 -0.0902464
-0.0284782 0.566841 -0.0848567
-0.0281503 0.566169 -0.0836041
-0.0294674 0.566508 -0.0830772
-0.0297953 0.56718 -0.0843298
-0.0289728 0.566674 -0.0839669
INDEX = 14
4 5 7
6 7 5
1 2 5
6 5 2
0 1 4
5 4 1
7 6 3
2 3 6
4 7 0
3 0 7
8 1 0
8 2 1
8 3 2
8 0 3
FACE-NORMAL = 14
-0.366352 -0.856543 -0.363484
-0.366352 -0.856543 -0.363484
-0.412143 -0.230681 -0.881433
-0.412143 -0.230681 -0.881433
-0.916213 -0.399889 0.0253477
-0.916213 -0.399889 0.0253476
0.42606 -0.746105 -0.511664
0.42606 -0.746105 -0.511664
-0.0780104 -0.915313 0.395116
-0.0780103 -0.915313 0.395116
0.897512 0.440987 0.00158864
0.417983 0.280017 0.864223
-0.379412 0.770347 0.512456
0.100117 0.931317 -0.350178
BONE = 34
BONE_NAME = BoneLegR
PARENT_ID = 33
LOCALTM 
MAT 0.657815 0.773521 0.608593 0.0
MAT -0.976544 0.604268 0.287504 0.0
MAT -0.122793 -0.661792 0.97386 0.0
MAT 0.101838 -0.000374436 -0.00307542 1.0
WORLDTM 
MAT -0.534401 -1.24945 -0.530218 0.0
MAT 1.3171 -0.339722 -0.52694 0.0
MAT 0.327867 -0.671795 1.25261 0.0
MAT -0.0289728 0.566674 -0.0839669 1.0
VERTEX = 9
-0.117152 0.342819 -0.180242
-0.11098 0.347689 -0.167955
-0.124151 0.351086 -0.162686
-0.130323 0.346217 -0.174973
-0.119751 0.353201 -0.175259
-0.119133 0.353688 -0.17403
-0.12045 0.354028 -0.173504
-0.121068 0.353541 -0.174732
-0.120101 0.353615 -0.174381
INDEX = 14
4 5 7
6 7 5
1 2 5
6 5 2
0 1 4
5 4 1
7 6 3
2 3 6
4 7 0
3 0 7
8 1 0
8 2 1
8 3 2
8 0 3
FACE-NORMAL = 14
-0.0755763 -0.913407 0.39997
-0.0755763 -0.913407 0.39997
-0.365053 -0.859178 -0.358538
-0.365053 -0.859178 -0.358538
-0.721696 -0.437932 0.536069
-0.721696 -0.437932 0.536069
