EXPORTER_V17
ANIMATION_EXPORT
BONEOBJECT_COUNT = 58
VERTEX = 9
0.00729355 0.00729355 -0.00729355
0.00729355 0.00729355 0.00729355
0.00729355 -0.00729355 0.00729355
0.00729355 -0.00729355 -0.00729355
0.0 0.000729355 -0.000729355
0.0 0.000729355 0.000729355
0.0 -0.000729355 0.000729355
0.0 -0.000729355 -0.000729355
0.0 0.0 0.0
INDEX = 14
4 5 7
6 7 5
1 2 5
6 5 2
0 1 4
5 4 1
7 6 3
2 3 6
4 7 0
3 0 7
8 1 0
8 2 1
8 3 2
8 0 3
FACE-NORMAL = 14
1.0 0.0 0.0
1.0 0.0 0.0
0.668965 0.0 -0.743294
0.668965 0.0 -0.743294
0.668965 -0.743294 0.0
0.668965 -0.743294 0.0
0.668965 0.743294 0.0
0.668965 0.743294 0.0
0.668965 0.0 0.743294
0.668965 0.0 0.743294
-0.707107 0.707107 0.0
-0.707107 0.0 0.707107
-0.707107 -0.707107 0.0
-0.707107 0.0 -0.707107
BONE = 0
BONE_NAME = Main
PARENT_ID = -1
LOCALTM 
MAT 1.45871 0.0 0.0 0.0
MAT 0.0 1.45871 0.0 0.0
MAT 0.0 0.0 1.45871 0.0
MAT 0.0 0.0 0.0 1.0
WORLDTM 
MAT 1.45871 0.0 0.0 0.0
MAT 0.0 1.45871 0.0 0.0
MAT 0.0 0.0 1.45871 0.0
MAT 0.0 0.0 0.0 1.0
VERTEX = 9
0.0995205 0.620647 -0.0979338
0.0995205 0.624089 -0.0837586
0.0995205 0.609914 -0.0803164
0.0995205 0.606472 -0.0944915
0.092227 0.615817 -0.0900059
0.092227 0.616161 -0.0885884
0.092227 0.614744 -0.0882442
0.092227 0.614399 -0.0896617
0.092227 0.61528 -0.0891251
INDEX = 14
4 5 7
6 7 5
1 2 5
6 5 2
0 1 4
5 4 1
7 6 3
2 3 6
4 7 0
3 0 7
8 1 0
8 2 1
8 3 2
8 0 3
FACE-NORMAL = 14
1.0 0.0 0.0
1.0 0.0 0.0
0.668965 -0.175403 -0.722302
0.668965 -0.175403 -0.722302
0.668965 -0.722302 0.175403
0.668965 -0.722302 0.175403
0.668965 0.722302 -0.175403
0.668965 0.722302 -0.175403
0.668965 0.175403 0.722302
0.668965 0.175403 0.722302
-0.707107 0.687136 -0.166864
-0.707107 0.166864 0.687136
-0.707107 -0.687136 0.166864
-0.707107 -0.166864 -0.687136
BONE = 1
BONE_NAME = Root
PARENT_ID = 0
LOCALTM 
MAT 1.0 0.0 0.0 0.0
MAT 0.0 0.971758 -0.235981 0.0
MAT 0.0 0.235981 0.971758 0.0
MAT 0.0632251 0.421798 -0.0610986 1.0
WORLDTM 
MAT 1.45871 0.0 0.0 0.0
MAT 0.0 1.41751 -0.344227 0.0
MAT 0.0 0.344227 1.41751 0.0
MAT 0.092227 0.61528 -0.0891251 1.0
VERTEX = 9
0.100188 0.642058 -0.103126
0.086178 0.646003 -0.104096
0.0861659 0.649446 -0.0899205
0.100176 0.6455 -0.0889504
0.0918466 0.638575 -0.0955319
0.0904456 0.63897 -0.0956289
0.0904444 0.639314 -0.0942114
0.0918453 0.638919 -0.0941144
0.0911455 0.638944 -0.0948716
INDEX = 14
4 5 7
6 7 5
1 2 5
6 5 2
0 1 4
5 4 1
7 6 3
2 3 6
4 7 0
3 0 7
8 1 0
8 2 1
8 3 2
8 0 3
FACE-NORMAL = 14
0.278526 0.933358 -0.226419
0.278526 0.933358 -0.226419
0.900205 0.423344 -0.102038
0.900205 0.423344 -0.102038
0.185709 0.799787 0.570835
0.185709 0.799787 0.570835
0.186939 0.448981 -0.873768
0.186939 0.448981 -0.873768
-0.527557 0.825424 -0.200895
-0.527557 0.825424 -0.200895
-0.196362 -0.826848 -0.527034
-0.876073 -0.468731 0.11308
-0.197533 -0.49312 0.847239
0.482178 -0.851237 0.207124
BONE = 2
BONE_NAME = BoneBack01
PARENT_ID = 1
LOCALTM 
MAT 0.278526 0.960429 0.000230387 0.0
MAT 0.000827604 -1.19209e-007 -1.0 0.0
MAT -0.960429 0.278526 -0.000794888 0.0
MAT -0.000741441 0.0166941 0.0 1.0
WORLDTM 
MAT 0.406288 1.3615 -0.330279 0.0
MAT 0.00120723 -0.344228 -1.41751 0.0
MAT -1.40099 0.39454 -0.097003 0.0
MAT 0.0911455 0.638944 -0.0948716 1.0
VERTEX = 9
0.11893 0.713242 -0.119912
0.104343 0.713351 -0.11995
0.104324 0.715899 -0.105588
0.118911 0.715791 -0.105549
0.112301 0.707257 -0.112192
0.110842 0.707268 -0.112195
0.11084 0.707523 -0.110759
0.112299 0.707512 -0.110755
0.11157 0.70739 -0.111475
INDEX = 14
4 5 7
6 7 5
1 2 5
6 5 2
0 1 4
5 4 1
7 6 3
2 3 6
4 7 0
3 0 7
8 1 0
8 2 1
8 3 2
8 0 3
FACE-NORMAL = 14
0.00776398 0.984588 -0.17472
0.00776398 0.984588 -0.17472
0.748465 0.653143 -0.11491
0.748465 0.653143 -0.11491
0.00421562 0.788534 0.614977
0.00421563 0.788534 0.614977
0.00617203 0.528775 -0.848739
0.00617203 0.528775 -0.84874
-0.738077 0.664166 -0.118853
-0.738077 0.664166 -0.118852
-0.00455938 -0.819765 -0.572682
-0.712575 -0.690965 0.12167
-0.00642054 -0.572653 0.819773
0.701595 -0.701452 0.125421
BONE = 3
BONE_NAME = BoneBack02
PARENT_ID = 2
LOCALTM 
MAT 0.960695 -0.0625524 0.270465 0.0
MAT 0.0602121 0.998042 0.0169513 0.0
MAT -0.270996 -1.96276e-007 0.96258 0.0
MAT 0.0502721 0.0 0.0 1.0
WORLDTM 
MAT 0.0113254 1.43623 -0.254865 0.0
MAT 0.00191972 -0.254887 -1.43627 0.0
MAT -1.45866 0.0108163 -0.00386861 0.0
MAT 0.11157 0.70739 -0.111475 1.0
VERTEX = 9
-0.0462084 0.854015 0.0968334
-0.0462102 0.856023 0.108991
-0.0450142 0.843923 0.11099
-0.0450123 0.841915 0.0988325
-0.0518029 0.848883 0.1033
-0.0518031 0.849084 0.104516
-0.0516834 0.847874 0.104716
-0.0516833 0.847673 0.1035
-0.0517432 0.848379 0.104008
INDEX = 14
4 5 7
6 7 5
1 2 5
6 5 2
0 1 4
5 4 1
7 6 3
2 3 6
4 7 0
3 0 7
8 1 0
8 2 1
8 3 2
8 0 3
FACE-NORMAL = 14
0.995278 0.0957959 -0.0156702
0.995278 0.0957959 -0.0156702
0.66592 -0.0570637 -0.743838
0.66592 -0.0570637 -0.743838
0.737956 -0.665806 0.110104
0.737957 -0.665806 0.110104
0.593655 0.793974 -0.13107
0.593655 0.793974 -0.13107
0.665692 0.185232 0.722872
0.665691 0.185232 0.722872
-0.772406 0.626617 -0.103636
-0.703876 0.0475118 0.708732
-0.63513 -0.762093 0.125797
-0.703659 -0.182988 -0.686571
BONE = 4
BONE_NAME = BoneBackPack02
PARENT_ID = 3
LOCALTM 
MAT 0.0885139 -2.6077e-007 -0.840069 0.0
MAT 0.84001 -0.0101146 0.0885073 0.0
MAT -0.0100594 -0.844658 -0.00106008 0.0
MAT 0.0684844 -0.162485 0.112279 1.0
WORLDTM 
MAT 1.22638 0.11804 -0.0193088 0.0
MAT -0.119608 1.20998 -0.199904 0.0
MAT -0.000189124 0.200833 1.21572 0.0
MAT -0.0517432 0.848379 0.104008 1.0
VERTEX = 9
0.296659 0.871861 0.094049
0.296643 0.874014 0.106181
0.29666 0.861881 0.108335
0.296677 0.859728 0.0962021
0.290499 0.86736 0.100471
0.290497 0.867575 0.101684
0.290499 0.866362 0.1019
0.2905 0.866147 0.100686
0.290499 0.866861 0.101185
INDEX = 14
4 5 7
6 7 5
1 2 5
6 5 2
0 1 4
5 4 1
7 6 3
2 3 6
4 7 0
3 0 7
8 1 0
8 2 1
8 3 2
8 0 3
FACE-NORMAL = 14
0.999998 0.00161639 0.00104957
0.999998 0.00161639 0.00104957
0.669941 -0.128797 -0.731156
0.669942 -0.128797 -0.731156
0.67001 -0.730777 0.130583
0.67001 -0.730777 0.130583
0.667917 0.732939 -0.129178
0.667917 0.732939 -0.129178
0.667986 0.13096 0.732561
0.667985 0.13096 0.732561
-0.708101 0.695085 -0.124299
-0.708036 0.122412 0.695486
-0.70611 -0.69737 0.122815
-0.706175 -0.124698 -0.69697
BONE = 5
BONE_NAME = BoneBackPack01
PARENT_ID = 3
LOCALTM 
MAT 0.0077481 -1.72251e-007 -0.844683 0.0
MAT 0.844685 -2.83122e-007 0.00774769 0.0
MAT -7.59959e-007 -0.844719 -2.41445e-007 0.0
MAT 0.0831193 -0.162485 -0.122234 1.0
WORLDTM 
MAT 1.2322 0.00199172 0.00129328 0.0
MAT -0.0017349 1.21324 -0.21531 0.0
MAT -0.00162128 0.215307 1.21324 0.0
MAT 0.290499 0.866861 0.101185 1.0
VERTEX = 9
0.109645 0.825018 -0.215576
0.109701 0.830443 -0.204513
0.122021 0.830189 -0.204451
0.121964 0.824764 -0.215515
0.115086 0.821815 -0.207857
0.115092 0.822357 -0.206751
0.116324 0.822332 -0.206745
0.116318 0.821789 -0.207851
0.115705 0.822073 -0.207301
INDEX = 14
4 5 7
6 7 5
1 2 5
6 5 2
0 1 4
5 4 1
7 6 3
2 3 6
4 7 0
3 0 7
8 1 0
8 2 1
8 3 2
8 0 3
FACE-NORMAL = 14
0.0206937 0.89761 -0.440303
0.0206937 0.89761 -0.440303
0.0104317 0.273192 -0.961903
0.0104317 0.273192 -0.961903
0.756971 0.585157 -0.290837
0.756971 0.585157 -0.290837
-0.729284 0.615782 -0.298258
-0.729284 0.615782 -0.298258
0.017255 0.927748 0.372808
0.017255 0.927748 0.372809
-0.721581 -0.620139 0.307812
-0.0113871 -0.323362 0.946207
0.692315 -0.649273 0.314871
-0.0178782 -0.946051 -0.323524
BONE = 6
BONE_NAME = BoneHead
PARENT_ID = 3
LOCALTM 
MAT 0.811662 0.233744 -0.0108714 0.0
MAT 0.0113135 1.67638e-007 0.844645 0.0
MAT 0.233723 -0.811735 -0.00313093 0.0
MAT 0.0889079 0.0509475 -0.00207728 1.0
WORLDTM 
MAT 0.0254988 1.10603 -0.542541 0.0
MAT -1.23192 0.0253846 -0.00615126 0.0
MAT 0.00565568 0.542546 1.10631 0.0
MAT 0.115705 0.822073 -0.207301 1.0
VERTEX = 9
0.112406 0.944777 -0.274322
0.112462 0.950203 -0.263258
0.124782 0.949949 -0.263197
0.124725 0.944523 -0.27426
0.117847 0.941574 -0.266603
0.117853 0.942117 -0.265496
0.119085 0.942091 -0.26549
0.119079 0.941549 -0.266597
0.118466 0.941833 -0.266047
INDEX = 14
4 5 7
6 7 5
1 2 5
6 5 2
0 1 4
5 4 1
7 6 3
2 3 6
4 7 0
3 0 7
8 1 0
8 2 1
8 3 2
8 0 3
FACE-NORMAL = 14
0.0206935 0.89761 -0.440305
0.0206935 0.89761 -0.440305
0.0104314 0.273191 -0.961903
0.0104314 0.273192 -0.961903
0.756971 0.585157 -0.290838
0.756971 0.585157 -0.290838
-0.729283 0.615782 -0.298259
-0.729283 0.615782 -0.298259
0.017255 0.927748 0.372808
0.017255 0.927748 0.372808
-0.721581 -0.620139 0.307812
-0.0113868 -0.323362 0.946207
0.692315 -0.649273 0.314872
-0.0178782 -0.946051 -0.323524
BONE = 7
BONE_NAME = Bone06
PARENT_ID = 6
LOCALTM 
MAT 0.999998 2.32831e-007 -1.16229e-006 0.0
MAT 4.91738e-007 1.0 -1.62981e-007 0.0
MAT -1.19209e-007 -1.77883e-007 1.0 0.0
MAT 0.108278 0.0 0.0 1.0
WORLDTM 
MAT 0.0254984 1.10603 -0.542541 0.0
MAT -1.23193 0.0253852 -0.00615172 0.0
MAT 0.00565589 0.542546 1.10631 0.0
MAT 0.118466 0.941833 -0.266047 1.0
VERTEX = 9
0.122197 0.915044 -0.249978
0.122856 0.917307 -0.240259
0.122519 0.907578 -0.237972
0.12186 0.905315 -0.24769
0.117355 0.911923 -0.244293
0.117421 0.91215 -0.243321
0.117388 0.911177 -0.243092
0.117322 0.910951 -0.244064
0.117371 0.91155 -0.243692
INDEX = 14
4 5 7
6 7 5
1 2 5
6 5 2
0 1 4
5 4 1
7 6 3
2 3 6
4 7 0
3 0 7
8 1 0
8 2 1
8 3 2
8 0 3
FACE-NORMAL = 14
0.997258 -0.0478103 -0.0564861
0.997258 -0.0478103 -0.0564861
0.618153 -0.200142 -0.760151
0.618153 -0.200142 -0.760151
0.642093 -0.755133 0.132252
0.642093 -0.755133 0.132252
0.692168 0.691166 -0.207827
0.692168 0.691166 -0.207827
0.716108 0.136175 0.684577
0.716108 0.136175 0.684577
-0.681349 0.72175 -0.121819
-0.658575 0.193779 0.727137
-0.728987 -0.654136 0.201703
-0.751761 -0.126165 -0.647254
BONE = 8
BONE_NAME = Ref_Head
PARENT_ID = 6
LOCALTM 
MAT 0.00210488 -0.809719 -0.0545279 0.0
MAT 0.791032 -0.0101391 0.181088 0.0
MAT -0.181359 -0.0536178 0.789213 0.0
MAT 0.0782123 0.000291385 0.00546314 1.0
WORLDTM 
MAT 0.997258 -0.0478103 -0.0564861 0.0
MAT 0.0336851 0.9729 -0.228765 0.0
MAT 0.0658922 0.226234 0.971841 0.0
MAT 0.117371 0.91155 -0.243692 1.0
VERTEX = 9
0.117475 0.860672 -0.143748
0.117462 0.86242 -0.133902
0.117251 0.852576 -0.132155
0.117264 0.850828 -0.142001
0.112375 0.857132 -0.138556
0.112374 0.857307 -0.137571
0.112353 0.856322 -0.137397
0.112354 0.856148 -0.138381
0.112364 0.856727 -0.137976
INDEX = 14
4 5 7
6 7 5
1 2 5
6 5 2
0 1 4
5 4 1
7 6 3
2 3 6
4 7 0
3 0 7
8 1 0
8 2 1
8 3 2
8 0 3
FACE-NORMAL = 14
0.999775 -0.0206003 0.00499194
0.999775 -0.0206003 0.00499194
0.669792 -0.143659 -0.728519
0.669793 -0.143659 -0.728519
0.65309 -0.74548 0.133169
0.65309 -0.74548 0.133169
0.68454 0.717918 -0.12649
0.684539 0.717918 -0.12649
0.667836 0.116098 0.735198
0.667836 0.116098 0.735198
-0.691989 0.710643 -0.127039
-0.707878 0.138122 0.692698
-0.721907 -0.681509 0.119979
-0.706017 -0.108989 -0.699758
BONE = 9
BONE_NAME = Box_RtShoulder
PARENT_ID = 3
LOCALTM 
MAT -0.009181 -1.29221e-007 -0.685475 0.0
MAT 0.685477 -1.93715e-007 -0.00918138 0.0
MAT -6.4075e-007 -0.685537 -1.40048e-007 0.0
MAT 0.103977 0.0 0.000263125 1.0
WORLDTM 
MAT 0.999774 -0.0206003 0.00499194 0.0
MAT 0.0211558 0.984401 -0.174668 0.0
MAT -0.00131584 0.174733 0.984615 0.0
MAT 0.112364 0.856727 -0.137976 1.0
VERTEX = 9
0.103361 0.861634 -0.153168
0.103053 0.847275 -0.15062
0.107504 0.849609 -0.136926
0.107812 0.863968 -0.139474
0.112169 0.855689 -0.148025
0.112139 0.854253 -0.14777
0.112584 0.854487 -0.146401
0.112614 0.855923 -0.146656
0.112377 0.855088 -0.147213
INDEX = 14
4 5 7
6 7 5
1 2 5
6 5 2
0 1 4
5 4 1
7 6 3
2 3 6
4 7 0
3 0 7
8 1 0
8 2 1
8 3 2
8 0 3
FACE-NORMAL = 14
-0.952076 0.0731561 0.296985
-0.952076 0.0731561 0.296985
-0.62118 0.780638 0.0688429
-0.62118 0.780638 0.0688429
-0.410104 0.167876 0.896455
-0.410104 0.167876 0.896455
-0.863706 -0.0699986 -0.499111
-0.863706 -0.0699986 -0.499111
-0.65263 -0.68276 0.328502
-0.65263 -0.68276 0.328502
0.45746 -0.164876 -0.873811
0.65826 -0.747805 -0.0864913
0.888979 0.0614178 0.453812
0.688178 0.644347 -0.333509
BONE = 10
BONE_NAME = BoneShoulderR
PARENT_ID = 9
LOCALTM 
MAT -1.38853 -5.1409e-007 0.447023 0.0
MAT -0.447023 -6.55651e-007 -1.38853 0.0
MAT 1.95578e-007 -1.45871 -2.08616e-007 0.0
MAT 0.0 0.0 -0.00938079 1.0
WORLDTM 
MAT -1.3888 0.106713 0.433214 0.0
MAT -0.445095 -0.233414 -1.36939 0.0
MAT -0.03086 -1.43595 0.25479 0.0
MAT 0.112377 0.855088 -0.147213 1.0
VERTEX = 9
-0.226408 0.873631 -0.0458846
-0.212931 0.868182 -0.0470925
-0.208816 0.87575 -0.0353198
-0.222294 0.881198 -0.0341119
-0.216607 0.880193 -0.0453945
-0.215259 0.879648 -0.0455153
-0.214847 0.880405 -0.044338
-0.216195 0.88095 -0.0442172
-0.215727 0.880299 -0.0448663
INDEX = 14
4 5 7
6 7 5
1 2 5
6 5 2
0 1 4
5 4 1
7 6 3
2 3 6
4 7 0
3 0 7
8 1 0
8 2 1
8 3 2
8 0 3
FACE-NORMAL = 14
-0.258477 -0.769019 0.584636
-0.258477 -0.769019 0.584636
-0.859662 -0.236827 0.452651
-0.859662 -0.236828 0.452651
0.0367266 -0.128857 0.990983
0.0367265 -0.128857 0.990983
-0.382551 -0.900036 -0.208781
-0.382551 -0.900036 -0.208781
0.513838 -0.792065 0.329551
0.513838 -0.792065 0.329551
-0.0166615 0.176961 -0.984077
0.836087 0.279675 -0.471954
0.382203 0.910596 0.157276
-0.470544 0.807881 -0.354847
BONE = 11
BONE_NAME = BoneArmR
PARENT_ID = 10
LOCALTM 
MAT 0.363459 -0.346917 0.864608 0.0
MAT -0.00911105 0.926711 0.375665 0.0
MAT -0.931566 -0.144416 0.333662 0.0
MAT 0.23625 0.0 0.0 1.0
WORLDTM 
MAT -0.377043 -1.12178 0.852815 0.0
MAT -0.411414 -0.756716 -1.17726 0.0
MAT 1.34774 -0.544825 -0.120791 0.0
MAT -0.215727 0.880299 -0.0448663 1.0
VERTEX = 9
-0.276516 0.725751 0.0630335
-0.262502 0.724516 0.0591746
-0.259456 0.718571 0.072142
-0.273469 0.719806 0.0760009
-0.267503 0.729151 0.0698589
-0.266102 0.729028 0.0694731
-0.265797 0.728433 0.0707698
-0.267199 0.728557 0.0711557
-0.26665 0.728792 0.0703144
INDEX = 14
4 5 7
6 7 5
1 2 5
6 5 2
0 1 4
5 4 1
7 6 3
2 3 6
4 7 0
3 0 7
8 1 0
8 2 1
8 3 2
8 0 3
FACE-NORMAL = 14
-0.18308 -0.909243 -0.373845
-0.18308 -0.909243 -0.373845
-0.836521 -0.545321 -0.0534564
-0.836521 -0.545321 -0.0534565
0.0327855 -0.911193 0.410673
0.0327855 -0.911193 0.410673
-0.277734 -0.305309 -0.910851
-0.277734 -0.305309 -0.910852
0.591571 -0.671181 -0.446721
0.591571 -0.671181 -0.446721
-0.0182436 0.931125 -0.364245
0.80874 0.583065 0.0772887
0.277158 0.354738 0.892941
-0.549825 0.702798 0.451407
BONE = 12
BONE_NAME = BoneForeArmR
PARENT_ID = 11
LOCALTM 
MAT 0.527984 0.825028 0.201404 0.0
MAT -0.779155 0.56493 -0.271603 0.0
MAT -0.337859 -0.0135215 0.941099 0.0
MAT 0.13506 1.19209e-007 0.0 1.0
WORLDTM 
MAT -0.26706 -1.32632 -0.545331 0.0
MAT -0.304695 0.594522 -1.29674 0.0
MAT 1.40131 -0.123501 -0.38589 0.0
MAT -0.26665 0.728792 0.0703144 1.0
VERTEX = 9
-0.324025 0.404147 0.00698464
-0.319051 0.399911 0.0145555
-0.322692 0.390971 0.0119447
-0.327666 0.395207 0.00437386
-0.327362 0.398947 0.0122111
-0.326865 0.398523 0.0129682
-0.327229 0.397629 0.0127071
-0.327726 0.398053 0.01195
-0.327296 0.398288 0.0124591
INDEX = 14
4 5 7
6 7 5
1 2 5
6 5 2
0 1 4
5 4 1
7 6 3
2 3 6
4 7 0
3 0 7
8 1 0
8 2 1
8 3 2
8 0 3
FACE-NORMAL = 14
0.787455 -0.145812 -0.598877
0.787455 -0.145812 -0.598877
0.157106 0.217343 -0.963369
0.157106 0.217343 -0.963369
0.256149 -0.762062 -0.594685
0.256149 -0.762062 -0.594685
0.797411 0.566978 -0.20657
0.797411 0.566979 -0.20657
0.896451 -0.412428 0.16211
0.896451 -0.412428 0.16211
-0.29936 0.735271 0.608079
-0.205139 -0.196451 0.958814
-0.81427 -0.529065 0.23886
-0.908488 0.402659 -0.111871
BONE = 13
BONE_NAME = Object02
PARENT_ID = 12
LOCALTM 
MAT 0.145538 0.211468 0.635663 0.0
MAT -0.669866 0.038548 0.140544 0.0
MAT 0.00760868 -0.650964 0.21482 0.0
MAT 0.228449 -0.0484013 -0.0102643 1.0
WORLDTM 
MAT 0.787459 -0.145813 -0.598881 0.0
MAT 0.364094 0.894018 0.261078 0.0
MAT 0.497343 -0.423634 0.757085 0.0
MAT -0.327296 0.398288 0.0124591 1.0
VERTEX = 9
-0.30297 0.55221 -0.0137794
-0.299668 0.548348 -0.00516638
-0.301662 0.539144 -0.00852903
-0.304964 0.543005 -0.017142
-0.306995 0.546633 -0.00951221
-0.306664 0.546247 -0.00865091
-0.306864 0.545327 -0.00898718
-0.307194 0.545713 -0.00984848
-0.306929 0.54598 -0.00924969
INDEX = 14
4 5 7
6 7 5
1 2 5
6 5 2
0 1 4
5 4 1
7 6 3
2 3 6
4 7 0
3 0 7
8 1 0
8 2 1
8 3 2
8 0 3
FACE-NORMAL = 14
0.922625 -0.0606423 -0.3809
0.922625 -0.0606423 -0.3809
0.371766 0.24647 -0.89501
0.371766 0.24647 -0.89501
0.469049 -0.724719 -0.504753
0.46905 -0.724719 -0.504753
0.765359 0.643586 -0.00486439
0.765359 0.643586 -0.00486428
0.862641 -0.327605 0.38539
0.862641 -0.327605 0.38539
-0.511453 0.693724 0.507112
-0.418906 -0.230183 0.87837
-0.793337 -0.607965 0.0315612
-0.885883 0.315943 -0.339694
BONE = 14
BONE_NAME = Mesh01
PARENT_ID = 12
LOCALTM 
MAT 0.01962 0.0830681 0.680206 0.0
MAT -0.684918 0.0237021 0.0168608 0.0
MAT -0.0214749 -0.680072 0.0836741 0.0
MAT 0.139397 0.00317742 -0.0014867 1.0
WORLDTM 
MAT 0.922628 -0.0606425 -0.380901 0.0
MAT 0.19932 0.920431 0.336265 0.0
MAT 0.330203 -0.386169 0.861299 0.0
MAT -0.306929 0.54598 -0.00924969 1.0
VERTEX = 9
-0.295849 0.455473 0.156386
-0.297936 0.448169 0.16289
-0.288743 0.444434 0.161644
-0.286657 0.451738 0.15514
-0.294321 0.447647 0.155005
-0.294529 0.446916 0.155656
-0.29361 0.446543 0.155531
-0.293402 0.447273 0.154881
-0.293966 0.447095 0.155268
INDEX = 14
4 5 7
6 7 5
1 2 5
6 5 2
0 1 4
5 4 1
7 6 3
2 3 6
4 7 0
3 0 7
8 1 0
8 2 1
8 3 2
8 0 3
FACE-NORMAL = 14
0.333882 0.571842 0.749346
0.333882 0.571842 0.749346
0.378459 0.925446 0.0178732
0.378459 0.925446 0.0178733
0.906612 0.104913 0.408714
0.906612 0.104914 0.408715
-0.4599 0.660171 0.593857
-0.4599 0.66017 0.593857
0.0682531 -0.160358 0.984696
0.0682531 -0.160358 0.984696
-0.886083 -0.140241 -0.441803
-0.383642 -0.920826 -0.0699899
0.413901 -0.668465 -0.617932
-0.0885391 0.112116 -0.989743
BONE = 15
BONE_NAME = Star2Part10shell
PARENT_ID = 12
LOCALTM 
MAT -0.590395 -0.344704 0.0507977 0.0
MAT -0.149363 0.160091 -0.649631 0.0
MAT 0.314783 -0.570539 -0.212975 0.0
MAT 0.157244 -0.126568 -0.0170458 1.0
WORLDTM 
MAT 0.333884 0.571845 0.74935 0.0
MAT -0.919224 0.37351 0.124542 0.0
MAT -0.208669 -0.730398 0.650365 0.0
MAT -0.293966 0.447095 0.155268 1.0
VERTEX = 9
-0.374267 0.258081 -0.0843765
-0.371765 0.252509 -0.0764589
-0.375878 0.244494 -0.0808006
-0.378379 0.250066 -0.0887182
-0.379375 0.253052 -0.080619
-0.379124 0.252495 -0.0798273
-0.379536 0.251693 -0.0802614
-0.379786 0.25225 -0.0810532
-0.379455 0.252373 -0.0804402
INDEX = 14
4 5 7
6 7 5
1 2 5
6 5 2
0 1 4
5 4 1
7 6 3
2 3 6
4 7 0
3 0 7
8 1 0
8 2 1
8 3 2
8 0 3
FACE-NORMAL = 14
0.876536 -0.216966 -0.429664
0.876536 -0.216966 -0.429664
0.400414 0.269055 -0.875944
0.400414 0.269055 -0.875944
0.280721 -0.740893 -0.610142
0.280721 -0.740893 -0.610142
0.892024 0.45061 0.0352836
0.892023 0.45061 0.0352837
0.772328 -0.559338 0.301081
0.772328 -0.559338 0.301082
-0.329034 0.720164 0.610819
-0.4429 -0.240614 0.863681
-0.910576 -0.41333 -0.00318403
-0.796707 0.547449 -0.256042
BONE = 16
BONE_NAME = HitTestFuzzy01
PARENT_ID = 12
LOCALTM 
MAT 0.135342 0.0757082 0.66777 0.0
MAT -0.662471 -0.0995315 0.145552 0.0
MAT 0.113025 -0.674034 0.0535145 0.0
MAT 0.349756 -0.0250868 -0.0192982 1.0
WORLDTM 
MAT 0.87654 -0.216967 -0.429666 0.0
MAT 0.411209 0.8015 0.434166 0.0
MAT 0.250181 -0.557244 0.791761 0.0
MAT -0.379455 0.252373 -0.0804402 1.0
VERTEX = 9
-0.221558 0.789867 0.330765
-0.220485 0.799605 0.328756
-0.217433 0.801205 0.338144
-0.218507 0.791468 0.340153
-0.224433 0.79578 0.335485
-0.224326 0.796753 0.335284
-0.224021 0.796913 0.336223
-0.224128 0.79594 0.336424
-0.224227 0.796347 0.335854
INDEX = 14
4 5 7
6 7 5
1 2 5
6 5 2
0 1 4
5 4 1
7 6 3
2 3 6
4 7 0
3 0 7
8 1 0
8 2 1
8 3 2
8 0 3
FACE-NORMAL = 14
0.946238 -0.162098 -0.279926
0.946238 -0.162098 -0.279926
0.553183 -0.832195 -0.0379523
0.553183 -0.832195 -0.0379524
0.8598 0.0104993 0.510523
0.8598 0.0104993 0.510523
0.406199 -0.227376 -0.885044
0.406199 -0.227376 -0.885044
0.712816 0.615317 -0.336568
0.712816 0.615317 -0.336568
-0.88485 0.00147393 -0.465874
-0.593161 0.803141 0.0558984
-0.453332 0.227768 0.861749
-0.745021 -0.573898 0.339976
BONE = 17
BONE_NAME = Bone_HoseRt
PARENT_ID = 10
LOCALTM 
MAT -0.682715 -9.89065e-007 0.0621495 0.0
MAT -2.17929e-007 0.685537 0.0 0.0
MAT -0.0621501 3.8743e-007 -0.682715 0.0
MAT 0.3151 -0.23403 0.102366 1.0
WORLDTM 
MAT 0.946237 -0.162098 -0.279925 0.0
MAT -0.305129 -0.160014 -0.938771 0.0
MAT 0.107382 0.973715 -0.200874 0.0
MAT -0.224227 0.796347 0.335854 1.0
VERTEX = 9
0.11866 0.858158 -0.1433
0.118646 0.859905 -0.133454
0.118435 0.850061 -0.131707
0.118448 0.848314 -0.141553
0.11356 0.854617 -0.138108
0.113558 0.854792 -0.137123
0.113537 0.853807 -0.136949
0.113538 0.853633 -0.137933
0.113548 0.854212 -0.137528
INDEX = 14
4 5 7
6 7 5
1 2 5
6 5 2
0 1 4
5 4 1
7 6 3
2 3 6
4 7 0
3 0 7
8 1 0
8 2 1
8 3 2
8 0 3
FACE-NORMAL = 14
0.999775 -0.0206003 0.00499194
0.999775 -0.0206003 0.00499194
0.669792 -0.143659 -0.728519
0.669793 -0.143659 -0.728519
0.65309 -0.74548 0.133169
0.65309 -0.74548 0.133169
0.68454 0.717918 -0.12649
0.684539 0.717918 -0.12649
0.667836 0.116098 0.735198
0.667836 0.116098 0.735198
-0.691989 0.710643 -0.127039
-0.707878 0.138122 0.692698
-0.721907 -0.681509 0.119979
-0.706017 -0.108989 -0.699758
BONE = 18
BONE_NAME = Box_LftShoulder
PARENT_ID = 3
LOCALTM 
MAT -0.009181 -1.29221e-007 -0.685475 0.0
MAT 0.685477 -1.93715e-007 -0.00918138 0.0
MAT -6.4075e-007 -0.685537 -1.40048e-007 0.0
MAT 0.102232 0.0 -0.000562206 1.0
WORLDTM 
MAT 0.999774 -0.0206003 0.00499194 0.0
MAT 0.0211558 0.984401 -0.174668 0.0
MAT -0.00131584 0.174733 0.984615 0.0
MAT 0.113548 0.854212 -0.137528 1.0
VERTEX = 9
0.122362 0.844313 -0.150493
0.122671 0.858673 -0.15304
0.118827 0.861211 -0.1392
0.118519 0.846852 -0.136652
0.113737 0.851728 -0.14733
0.113768 0.853164 -0.147584
0.113384 0.853418 -0.1462
0.113353 0.851982 -0.145945
0.113561 0.852573 -0.146765
INDEX = 14
4 5 7
6 7 5
1 2 5
6 5 2
0 1 4
5 4 1
7 6 3
2 3 6
4 7 0
3 0 7
8 1 0
8 2 1
8 3 2
8 0 3
FACE-NORMAL = 14
0.964425 0.0259531 0.263078
0.964425 0.0259531 0.263078
0.629441 -0.714337 0.30582
0.629442 -0.714337 0.30582
0.449303 0.146708 0.881251
0.449303 0.146708 0.881251
0.84103 -0.111985 -0.529271
0.84103 -0.111985 -0.529271
0.660892 0.74906 0.0461603
0.660892 0.74906 0.0461603
-0.495624 -0.141401 -0.85695
-0.666992 0.677724 -0.309533
-0.868279 0.104698 0.484901
-0.696911 -0.714428 -0.0625154
BONE = 19
BONE_NAME = BoneShoulderL
PARENT_ID = 18
LOCALTM 
MAT 1.40764 1.41561e-007 0.382614 0.0
MAT 0.382614 1.13249e-006 -1.40764 0.0
MAT 0.0 1.45871 1.19209e-007 0.0
MAT 0.0 0.0 -0.00938079 1.0
WORLDTM 
MAT 1.40681 0.0378579 0.383754 0.0
MAT 0.38438 -0.253842 -1.38407 0.0
MAT 0.0308603 1.43595 -0.25479 0.0
MAT 0.113561 0.852573 -0.146765 1.0
VERTEX = 9
0.43902 0.850226 -0.0598732
0.453238 0.853412 -0.0591797
0.451103 0.860164 -0.0464268
0.436885 0.856978 -0.0471203
0.443225 0.860964 -0.057346
0.444647 0.861283 -0.0572766
0.444433 0.861958 -0.0560013
0.443011 0.861639 -0.0560707
0.443829 0.861461 -0.0566737
INDEX = 14
4 5 7
6 7 5
1 2 5
6 5 2
0 1 4
5 4 1
7 6 3
2 3 6
4 7 0
3 0 7
8 1 0
8 2 1
8 3 2
8 0 3
FACE-NORMAL = 14
0.168928 -0.859102 0.483123
0.168928 -0.859102 0.483123
-0.611482 -0.737042 0.287852
-0.611482 -0.737042 0.287852
0.00421715 -0.230663 0.973025
0.00421719 -0.230663 0.973025
0.221797 -0.918755 -0.326642
0.221797 -0.918755 -0.326642
0.837497 -0.412376 0.358532
0.837497 -0.412375 0.358532
-0.0159569 0.280181 -0.959815
0.569767 0.761906 -0.308
-0.222944 0.934773 0.276577
-0.808668 0.453047 -0.375239
BONE = 20
BONE_NAME = BoneArmL
PARENT_ID = 19
LOCALTM 
MAT 0.267722 -0.264388 -0.926512 0.0
MAT -0.100856 0.948641 -0.299844 0.0
MAT 0.958203 0.173723 0.227306 0.0
MAT 0.234763 0.0 0.0 1.0
WORLDTM 
MAT 0.246417 -1.25318 0.704736 0.0
MAT 0.213499 -0.675186 -1.27529 0.0
MAT 1.4218 0.318578 0.0693538 0.0
MAT 0.443829 0.861461 -0.0566737 1.0
VERTEX = 9
0.469583 0.695251 0.0252296
0.484134 0.695774 0.0261146
0.483745 0.68694 0.0377163
0.469194 0.686418 0.0368313
0.47548 0.697309 0.0352475
0.476935 0.697362 0.035336
0.476896 0.696478 0.0364962
0.475441 0.696426 0.0364077
0.476188 0.696894 0.0358718
INDEX = 14
4 5 7
6 7 5
1 2 5
6 5 2
0 1 4
5 4 1
7 6 3
2 3 6
4 7 0
3 0 7
8 1 0
8 2 1
8 3 2
8 0 3
FACE-NORMAL = 14
0.0652233 -0.79498 -0.603119
0.0652233 -0.79498 -0.603119
-0.697817 -0.558429 -0.448563
-0.697816 -0.558429 -0.448563
0.0238262 -0.981936 0.187705
0.0238262 -0.981936 0.187705
0.063438 -0.08169 -0.994637
0.063438 -0.0816898 -0.994637
0.785078 -0.505198 -0.358368
0.785078 -0.505198 -0.358368
-0.0272782 0.990344 -0.135919
0.659231 0.587456 0.469372
-0.0649615 0.133926 0.98886
-0.751468 0.536816 0.383567
BONE = 21
BONE_NAME = BoneForeArmL
PARENT_ID = 20
LOCALTM 
MAT 0.402607 0.9048 -0.138726 0.0
MAT -0.899998 0.41893 0.120412 0.0
MAT 0.16706 0.0763787 0.982985 0.0
MAT 0.131319 0.0 0.0 1.0
WORLDTM 
MAT 0.0951416 -1.15964 -0.879773 0.0
MAT 0.0388689 0.883365 -1.16017 0.0
MAT 1.45509 0.0522307 0.0885022 0.0
MAT 0.476188 0.696894 0.0358718 1.0
VERTEX = 9
0.516336 0.536259 -0.0950957
0.513813 0.530594 -0.0872509
0.51421 0.522433 -0.0930166
0.516734 0.528098 -0.100861
0.510546 0.530609 -0.0953021
0.510293 0.530042 -0.0945177
0.510333 0.529226 -0.0950942
0.510585 0.529793 -0.0958787
0.510439 0.529917 -0.0951982
INDEX = 14
4 5 7
6 7 5
1 2 5
6 5 2
0 1 4
5 4 1
7 6 3
2 3 6
4 7 0
3 0 7
8 1 0
8 2 1
8 3 2
8 0 3
FACE-NORMAL = 14
0.966827 -0.114337 0.228411
0.966827 -0.114337 0.228411
0.834326 0.344593 -0.430297
0.834326 0.344593 -0.430297
0.676287 -0.683076 -0.275759
0.676287 -0.683076 -0.275759
0.61726 0.530104 0.58136
0.61726 0.530105 0.58136
0.459221 -0.497568 0.735895
0.459221 -0.497568 0.735895
-0.711727 0.657905 0.246183
-0.862072 -0.319732 0.393197
-0.655573 -0.496211 -0.569208
-0.505229 0.481429 -0.716219
BONE = 22
BONE_NAME = Object03
PARENT_ID = 21
LOCALTM 
MAT 0.0111001 -0.154349 0.667842 0.0
MAT -0.68492 0.0237037 0.0168606 0.0
MAT -0.0268939 -0.667517 -0.153821 0.0
MAT 0.146724 0.00276986 0.0138711 1.0
WORLDTM 
MAT 0.966824 -0.114337 0.22841 0.0
MAT -0.0397094 0.816081 0.576566 0.0
MAT -0.252327 -0.566508 0.784479 0.0
MAT 0.510439 0.529917 -0.0951982 1.0
VERTEX = 9
0.443812 0.375294 0.0408378
0.448147 0.371464 0.0326806
0.439152 0.369077 0.0290214
0.434817 0.372907 0.0371786
0.441988 0.368035 0.0377604
0.442421 0.367652 0.0369447
0.441522 0.367413 0.0365787
0.441088 0.367796 0.0373945
0.441755 0.367724 0.0371696
INDEX = 14
4 5 7
6 7 5
1 2 5
6 5 2
0 1 4
5 4 1
7 6 3
2 3 6
4 7 0
3 0 7
8 1 0
8 2 1
8 3 2
8 0 3
FACE-NORMAL = 14
-0.0545381 0.89237 -0.447997
-0.0545381 0.89237 -0.447997
-0.358688 0.881659 0.306628
-0.358688 0.881659 0.306627
-0.705092 0.419555 -0.571681
-0.705092 0.419555 -0.571681
0.632123 0.774373 -0.0277087
0.632123 0.774373 -0.0277087
0.285716 0.312273 -0.906009
0.285716 0.312273 -0.906009
0.674621 -0.462229 0.575527
0.345082 -0.901836 -0.260021
-0.597492 -0.799772 0.0580379
-0.267949 -0.360169 0.893578
BONE = 23
BONE_NAME = Star2Part05
PARENT_ID = 21
LOCALTM 
MAT -0.303539 0.613731 -0.0340281 0.0
MAT -0.241153 -0.0839991 0.6362 0.0
MAT 0.565389 0.293671 0.253093 0.0
MAT 0.177318 -0.13799 -0.0315722 1.0
WORLDTM 
MAT -0.054538 0.892369 -0.447997 0.0
MAT 0.899517 0.238679 0.365918 0.0
MAT 0.433479 -0.383011 -0.815722 0.0
MAT 0.441755 0.367724 0.0371696 1.0
VERTEX = 9
0.559312 0.259539 -0.234245
0.557427 0.252333 -0.227572
0.560724 0.245469 -0.234053
0.562609 0.252674 -0.240726
0.555322 0.252718 -0.235993
0.555134 0.251997 -0.235326
0.555463 0.251311 -0.235974
0.555652 0.252031 -0.236641
0.555393 0.252014 -0.235984
INDEX = 14
4 5 7
6 7 5
1 2 5
6 5 2
0 1 4
5 4 1
7 6 3
2 3 6
4 7 0
3 0 7
8 1 0
8 2 1
8 3 2
8 0 3
FACE-NORMAL = 14
0.925064 0.0978744 0.366983
0.925064 0.0978744 0.366983
0.758933 0.601062 -0.250492
0.758933 0.601061 -0.250492
0.863935 -0.444753 -0.236242
0.863935 -0.444753 -0.236242
0.373733 0.575707 0.727245
0.373733 0.575707 0.727245
0.478738 -0.470111 0.741488
0.478738 -0.470111 0.741488
-0.887286 0.416179 0.198791
-0.787396 -0.57872 0.212347
-0.42095 -0.5546 -0.717789
-0.520843 0.440303 -0.731339
BONE = 24
BONE_NAME = HitTestFuzzy
PARENT_ID = 21
LOCALTM 
MAT -0.163714 -0.142567 0.650256 0.0
MAT -0.65682 -0.0744241 -0.181687 0.0
MAT 0.108371 -0.666409 -0.118817 0.0
MAT 0.358398 -0.0350184 0.0319341 1.0
WORLDTM 
MAT 0.925061 0.097874 0.366982 0.0
MAT -0.329753 0.686443 0.648117 0.0
MAT -0.188482 -0.72056 0.667289 0.0
MAT 0.555393 0.252014 -0.235984 1.0
VERTEX = 9
0.376016 0.801878 0.322024
0.375701 0.811694 0.320137
0.373066 0.813434 0.329625
0.373381 0.803619 0.331512
0.369868 0.806681 0.324179
0.369836 0.807662 0.32399
0.369573 0.807836 0.324939
0.369604 0.806854 0.325127
0.36972 0.807258 0.324559
INDEX = 14
4 5 7
6 7 5
1 2 5
6 5 2
0 1 4
5 4 1
7 6 3
2 3 6
4 7 0
3 0 7
8 1 0
8 2 1
8 3 2
8 0 3
FACE-NORMAL = 14
0.964145 0.0795737 0.253166
0.964145 0.0795737 0.253166
0.668352 -0.676327 0.309656
0.668352 -0.676327 0.309656
0.449116 0.182577 0.87462
0.449116 0.182577 0.87462
0.840842 -0.0761135 -0.535903
0.840842 -0.0761135 -0.535903
0.621606 0.782791 0.0290622
0.621606 0.782791 0.0290621
-0.495426 -0.179315 -0.849941
-0.703989 0.637774 -0.312482
-0.868081 0.0667812 0.491911
-0.659518 -0.750308 -0.0455488
BONE = 25
BONE_NAME = Bone_HoseLft
PARENT_ID = 19
LOCALTM 
MAT 0.684518 0.0 0.0373683 0.0
MAT -7.42264e-007 0.685537 1.20699e-006 0.0
MAT -0.0373682 1.24425e-006 0.684519 0.0
MAT 0.253557 -0.254897 -0.0833018 1.0
WORLDTM 
MAT 0.964144 0.0795736 0.253166 0.0
MAT 0.263506 -0.174016 -0.948831 0.0
MAT -0.0314453 0.981522 -0.18875 0.0
MAT 0.36972 0.807258 0.324559 1.0
VERTEX = 9
0.109832 0.902414 0.330891
0.110043 0.912258 0.329145
0.110057 0.91051 0.319298
0.109845 0.900666 0.321045
0.115204 0.905949 0.325701
0.115225 0.906933 0.325526
0.115226 0.906758 0.324541
0.115205 0.905774 0.324716
0.115215 0.906353 0.325121
INDEX = 14
4 5 7
6 7 5
1 2 5
6 5 2
0 1 4
5 4 1
7 6 3
2 3 6
4 7 0
3 0 7
8 1 0
8 2 1
8 3 2
8 0 3
FACE-NORMAL = 14
-0.999775 0.0206063 -0.00498759
-0.999775 0.0206063 -0.00498759
-0.684539 -0.717918 0.126493
-0.684539 -0.717918 0.126493
-0.667836 -0.116094 -0.735199
-0.667836 -0.116094 -0.735199
-0.669793 0.143662 0.728518
-0.669793 0.143662 0.728518
-0.65309 0.74548 -0.133165
-0.65309 0.74548 -0.133165
0.706017 0.108985 0.699758
0.721907 0.681509 -0.119982
0.707878 -0.138125 -0.692698
0.691989 -0.710643 0.127035
BONE = 26
BONE_NAME = Box10
PARENT_ID = 3
LOCALTM 
MAT 0.00968402 -3.72226e-006 0.722754 0.0
MAT -1.07288e-006 -0.685539 3.24886e-006 0.0
MAT 0.685475 -6.85453e-007 -0.00917752 0.0
MAT 0.0820202 -0.318528 -0.00228094 1.0
WORLDTM 
MAT -1.05414 0.0217269 -0.00525882 0.0
MAT -0.00132079 0.174733 0.984617 0.0
MAT 0.0211502 0.984398 -0.174667 0.0
MAT 0.115215 0.906353 0.325121 1.0
VERTEX = 9
0.130958 0.984388 0.185378
0.1366 0.977695 0.18635
0.140049 0.979454 0.17844
0.134407 0.986146 0.177468
0.132141 0.979443 0.180382
0.132705 0.978774 0.180479
0.13305 0.97895 0.179688
0.132486 0.979619 0.179591
0.132596 0.979197 0.180035
INDEX = 14
4 5 7
6 7 5
1 2 5
6 5 2
0 1 4
5 4 1
7 6 3
2 3 6
4 7 0
3 0 7
8 1 0
8 2 1
8 3 2
8 0 3
FACE-NORMAL = 14
0.660481 0.618631 0.425512
0.660481 0.618631 0.425512
-0.0343356 0.978657 0.202614
-0.0343355 0.978657 0.202614
0.732925 0.562274 -0.382973
0.732925 0.562274 -0.382973
0.150752 0.265411 0.952277
0.150752 0.265411 0.952277
0.918012 -0.150971 0.366691
0.918012 -0.150971 0.366691
-0.743946 -0.578644 0.33424
-0.0140391 -0.974754 -0.222838
-0.190116 -0.296233 -0.936003
-0.920021 0.0998769 -0.378927
BONE = 27
BONE_NAME = Cylinder10
PARENT_ID = 3
LOCALTM 
MAT 0.325957 -0.317693 -0.396671 0.0
MAT -0.215294 -0.513196 0.234102 0.0
MAT -0.460352 0.0150614 -0.39035 0.0
MAT 0.148658 -0.229307 -0.0135615 1.0
WORLDTM 
MAT 0.581691 0.544833 0.374752 0.0
MAT -0.3449 -0.175872 0.791052 0.0
MAT 0.564204 -0.669231 0.0972055 0.0
MAT 0.132596 0.979197 0.180035 1.0
VERTEX = 9
0.0925489 0.986017 0.174322
0.0931132 0.981805 0.182035
0.099683 0.987142 0.184469
0.0991186 0.991354 0.176755
0.0986784 0.983724 0.177146
0.0987348 0.983303 0.177917
0.0993918 0.983836 0.178161
0.0993353 0.984258 0.177389
0.0990351 0.98378 0.177653
INDEX = 14
4 5 7
6 7 5
1 2 5
6 5 2
0 1 4
5 4 1
7 6 3
2 3 6
4 7 0
3 0 7
8 1 0
8 2 1
8 3 2
8 0 3
FACE-NORMAL = 14
-0.662904 0.635656 0.3956
-0.662904 0.635656 0.3956
-0.491088 0.780729 -0.386387
-0.491088 0.780729 -0.386387
0.111007 0.875643 0.470028
0.111007 0.875643 0.470028
-0.997925 -0.0251794 0.059257
-0.997925 -0.0251796 0.0592569
-0.395831 0.0697348 0.915672
-0.395831 0.0697347 0.915672
-0.058728 -0.87796 -0.475118
0.514053 -0.787667 0.339603
0.996215 -0.020994 -0.0843451
0.423434 -0.111287 -0.899065
BONE = 28
BONE_NAME = Cylinder13
PARENT_ID = 3
LOCALTM 
MAT 0.33303 -0.302759 0.402434 0.0
MAT -0.334568 0.227598 0.448095 0.0
MAT -0.376405 -0.470171 -0.0422295 0.0
MAT 0.151858 -0.228278 0.00947235 1.0
WORLDTM 
MAT -0.583825 0.559828 0.348408 0.0
MAT -0.656972 -0.53368 -0.243356 0.0
MAT 0.0564331 -0.421218 0.771387 0.0
MAT 0.0990351 0.98378 0.177653 1.0
VERTEX = 9
0.0720976 1.03924 0.0917469
0.0751086 1.04803 0.0880653
0.0813107 1.04329 0.0818143
0.0782996 1.0345 0.0854958
0.0798652 1.04126 0.0907185
0.0801664 1.04214 0.0903504
0.0807866 1.04167 0.0897253
0.0804854 1.04079 0.0900934
0.0803259 1.04147 0.0902219
INDEX = 14
4 5 7
6 7 5
1 2 5
6 5 2
0 1 4
5 4 1
7 6 3
2 3 6
4 7 0
3 0 7
8 1 0
8 2 1
8 3 2
8 0 3
FACE-NORMAL = 14
-0.724353 -0.0401086 -0.688262
-0.724353 -0.0401086 -0.688262
-0.708376 -0.680676 -0.186774
-0.708376 -0.680676 -0.186774
-0.0235748 -0.379088 -0.92506
-0.023575 -0.379088 -0.92506
-0.945558 0.325425 0.00421482
-0.945558 0.325425 0.00421494
-0.260758 0.627012 -0.734071
-0.260758 0.627013 -0.734071
0.0736466 0.363468 0.928691
0.725108 0.650373 0.226348
0.950743 -0.306746 0.0446577
0.299282 -0.59365 0.747
BONE = 29
BONE_NAME = Star2Part03
PARENT_ID = 3
LOCALTM 
MAT 0.05151 0.46872 0.497603 0.0
MAT 0.241704 -0.479269 0.426431 0.0
MAT 0.639443 0.143402 -0.201271 0.0
MAT 0.201167 -0.17619 0.02275 1.0
WORLDTM 
MAT -0.724352 -0.0401086 -0.688261 0.0
MAT -0.620202 0.473913 0.625107 0.0
MAT 0.301103 0.879656 -0.368156 0.0
MAT 0.0803259 1.04147 0.0902219 1.0
VERTEX = 9
0.154067 1.03791 0.108278
0.155526 1.0449 0.101279
0.149876 1.03968 0.094888
0.148418 1.03269 0.101887
0.156242 1.03626 0.100658
0.156388 1.03696 0.0999585
0.155823 1.03644 0.0993194
0.155677 1.03574 0.100019
0.156032 1.03635 0.0999889
INDEX = 14
4 5 7
6 7 5
1 2 5
6 5 2
0 1 4
5 4 1
7 6 3
2 3 6
4 7 0
3 0 7
8 1 0
8 2 1
8 3 2
8 0 3
FACE-NORMAL = 14
-0.812142 0.488631 0.318851
-0.812142 0.488631 0.318851
-0.651723 -0.192815 0.733539
-0.651723 -0.192815 0.733539
-0.963203 -0.0610582 -0.261747
-0.963203 -0.0610581 -0.261747
-0.123386 0.714812 0.688346
-0.123385 0.714812 0.688346
-0.434866 0.846569 -0.30694
-0.434866 0.846569 -0.30694
0.973737 0.0235342 0.226458
0.67742 0.148877 -0.720373
0.174805 -0.714562 -0.67738
0.471121 -0.839906 0.26945
BONE = 30
BONE_NAME = Star2Part04
PARENT_ID = 3
LOCALTM 
MAT 0.287299 -0.274485 0.55864 0.0
MAT 0.278734 -0.493402 -0.385778 0.0
MAT 0.556533 0.388812 -0.0951736 0.0
MAT 0.196948 -0.182101 -0.0291918 1.0
WORLDTM 
MAT -0.812141 0.488631 0.31885 0.0
MAT 0.56493 0.521914 0.639111 0.0
MAT 0.145876 0.699174 -0.69991 0.0
MAT 0.156032 1.03635 0.0999889 1.0
VERTEX = 9
0.121255 0.769949 -0.0363127
0.121362 0.777622 -0.0261294
0.121168 0.769638 -0.0201114
0.12106 0.761965 -0.0302947
0.113505 0.769968 -0.0290606
0.113515 0.770735 -0.0280423
0.113496 0.769937 -0.0274405
0.113485 0.76917 -0.0284588
0.1135 0.769952 -0.0282506
INDEX = 14
4 5 7
6 7 5
1 2 5
6 5 2
0 1 4
5 4 1
7 6 3
2 3 6
4 7 0
3 0 7
8 1 0
8 2 1
8 3 2
8 0 3
FACE-NORMAL = 14
0.999775 -0.020601 0.00499192
0.999775 -0.020601 0.00499192
0.662562 -0.461067 -0.590279
0.662562 -0.461066 -0.590279
0.654352 -0.607235 0.450654
0.654353 -0.607234 0.450654
0.683276 0.579672 -0.443975
0.683276 0.579672 -0.443975
0.675067 0.433504 0.596958
0.675067 0.433504 0.596958
-0.69319 0.579128 -0.429067
-0.701 0.440076 0.561188
-0.720706 -0.549994 0.422007
-0.712896 -0.410942 -0.568248
BONE = 31
BONE_NAME = Vol_Target
PARENT_ID = 3
LOCALTM 
MAT -0.0141629 0.0 -1.05738 0.0
MAT 0.611091 0.310588 -0.00818518 0.0
MAT 0.395993 -0.779268 -0.00530405 0.0
MAT 0.03227 -0.0636683 -0.00115621 1.0
WORLDTM 
MAT 1.5422 -0.0317781 0.00770027 0.0
MAT 0.0194565 0.798411 -0.601801 0.0
MAT 0.0107256 0.767303 1.01833 0.0
MAT 0.1135 0.769952 -0.0282506 1.0
VERTEX = 9
0.0866411 0.607609 -0.0940064
0.0989321 0.608093 -0.0932793
0.0981115 0.610983 -0.081329
0.0858205 0.610499 -0.0820562
0.0916535 0.615112 -0.0897589
0.0928826 0.61516 -0.0896862
0.0928005 0.615449 -0.0884912
0.0915714 0.615401 -0.0885639
0.092227 0.61528 -0.089125
INDEX = 14
4 5 7
6 7 5
1 2 5
6 5 2
0 1 4
5 4 1
7 6 3
2 3 6
4 7 0
3 0 7
8 1 0
8 2 1
8 3 2
8 0 3
FACE-NORMAL = 14
0.0242273 -0.97132 0.236539
0.0242273 -0.97132 0.236539
-0.725218 -0.678953 0.114374
-0.725218 -0.678953 0.114374
-0.0332977 -0.475466 0.879104
-0.0332977 -0.475466 0.879104
0.0657121 -0.824092 -0.562631
0.0657122 -0.824092 -0.562632
0.757632 -0.620604 0.202098
0.757632 -0.620604 0.202098
0.0299635 0.521 -0.85303
0.688197 0.714581 -0.125532
-0.0642261 0.852654 0.518514
-0.72246 0.659073 -0.208985
BONE = 32
BONE_NAME = BoneWaist
PARENT_ID = 1
LOCALTM 
MAT 0.0204653 -0.844471 0.000545323 0.0
MAT 0.05626 0.000819191 -0.842843 0.0
MAT 0.842595 0.0204562 0.0562634 0.0
MAT 0.0 0.0 0.0 1.0
WORLDTM 
MAT 0.0298529 -1.19686 0.291463 0.0
MAT 0.082067 -0.288968 -1.19502 0.0
MAT 1.2291 0.0483643 0.0727125 0.0
MAT 0.092227 0.61528 -0.089125 1.0
VERTEX = 9
0.0861514 0.590576 -0.0909471
0.088811 0.579772 -0.0856534
0.0876298 0.584933 -0.0745268
0.0849702 0.595737 -0.0798204
0.0928034 0.589491 -0.083597
0.0930693 0.588411 -0.0830677
0.0929512 0.588927 -0.081955
0.0926853 0.590007 -0.0824844
0.0928773 0.589209 -0.082776
INDEX = 14
4 5 7
6 7 5
1 2 5
6 5 2
0 1 4
5 4 1
7 6 3
2 3 6
4 7 0
3 0 7
8 1 0
8 2 1
8 3 2
8 0 3
FACE-NORMAL = 14
-0.971711 -0.236088 0.00634835
-0.971711 -0.236088 0.00634835
-0.810476 0.493815 -0.31508
-0.810476 0.493815 -0.31508
-0.721292 0.153378 0.675435
-0.721292 0.153378 0.675435
-0.578789 -0.469246 -0.666942
-0.578789 -0.469246 -0.666942
-0.489605 -0.809683 0.323573
-0.489605 -0.809684 0.323573
0.754886 -0.129216 -0.643001
0.839728 -0.45308 0.299291
0.619321 0.463095 0.634023
0.534479 0.786958 -0.308269
BONE = 33
BONE_NAME = connectBone01
PARENT_ID = 32
LOCALTM 
MAT 0.207276 -0.0155088 -0.97816 0.0
MAT 0.195545 0.980352 0.0258933 0.0
MAT 0.95854 -0.196641 0.206236 0.0
MAT 0.021783 0.0 0.0 1.0
WORLDTM 
MAT -1.19734 -0.290907 0.00782244 0.0
MAT 0.118118 -0.516078 -1.11267 0.0
MAT 0.265963 -1.08044 0.529366 0.0
MAT 0.0928773 0.589209 -0.082776 1.0
VERTEX = 9
-0.0276282 0.558704 -0.0948104
-0.0244426 0.551744 -0.0823931
-0.037613 0.555131 -0.0771158
-0.0407985 0.562092 -0.0895331
-0.0294206 0.563278 -0.0840755
-0.029102 0.562582 -0.0828338
-0.0304191 0.562921 -0.0823061
-0.0307376 0.563617 -0.0835478
-0.0299198 0.5631 -0.0831908
INDEX = 14
4 5 7
6 7 5
1 2 5
6 5 2
0 1 4
5 4 1
7 6 3
2 3 6
4 7 0
3 0 7
8 1 0
8 2 1
8 3 2
8 0 3
FACE-NORMAL = 14
-0.370296 -0.847586 -0.380103
-0.370296 -0.847586 -0.380103
-0.410036 -0.212338 -0.887008
-0.410035 -0.212339 -0.887008
-0.91882 -0.394405 0.0146349
-0.91882 -0.394405 0.0146348
0.42339 -0.739605 -0.523187
0.423391 -0.739605 -0.523187
-0.0853948 -0.921672 0.378456
-0.0853947 -0.921672 0.378456
0.900271 0.435137 0.012955
0.416257 0.261934 0.870701
-0.376594 0.763531 0.524593
0.107421 0.936733 -0.333154
BONE = 34
BONE_NAME = BoneLegR
PARENT_ID = 33
LOCALTM 
MAT 0.659996 0.784552 0.591881 0.0
MAT -0.976433 0.604332 0.287747 0.0
MAT -0.111455 -0.648615 0.984034 0.0
MAT 0.101838 -0.000374407 -0.00307533 1.0
WORLDTM 
MAT -0.540154 -1.23638 -0.55446 0.0
MAT 1.31704 -0.338725 -0.527734 0.0
MAT 0.318553 -0.696032 1.24173 0.0
MAT -0.0299198 0.5631 -0.0831908 1.0
VERTEX = 9
-0.119035 0.34141 -0.18346
-0.112843 0.346492 -0.171269
-0.126014 0.349879 -0.165992
-0.132206 0.344797 -0.178182
-0.12168 0.351844 -0.178612
-0.12106 0.352353 -0.177393
-0.122377 0.352691 -0.176866
-0.122997 0.352183 -0.178085
-0.122029 0.352268 -0.177739
INDEX = 14
4 5 7
6 7 5
1 2 5
6 5 2
0 1 4
5 4 1
7 6 3
2 3 6
4 7 0
3 0 7
8 1 0
8 2 1
8 3 2
8 0 3
FACE-NORMAL = 14
-0.0680057 -0.90812 0.413151
-0.0680057 -0.90812 0.413151
-0.361008 -0.86648 -0.344798
-0.361008 -0.86648 -0.344798
-0.716601 -0.434902 0.545292
