EXPORTER_V17
ANIMATION_EXPORT
BONEOBJECT_COUNT = 58
VERTEX = 9
0.00729355 0.00729355 -0.00729355
0.00729355 0.00729355 0.00729355
0.00729355 -0.00729355 0.00729355
0.00729355 -0.00729355 -0.00729355
0.0 0.000729355 -0.000729355
0.0 0.000729355 0.000729355
0.0 -0.000729355 0.000729355
0.0 -0.000729355 -0.000729355
0.0 0.0 0.0
INDEX = 14
4 5 7
6 7 5
1 2 5
6 5 2
0 1 4
5 4 1
7 6 3
2 3 6
4 7 0
3 0 7
8 1 0
8 2 1
8 3 2
8 0 3
FACE-NORMAL = 14
1.0 0.0 0.0
1.0 0.0 0.0
0.668965 0.0 -0.743294
0.668965 0.0 -0.743294
0.668965 -0.743294 0.0
0.668965 -0.743294 0.0
0.668965 0.743294 0.0
0.668965 0.743294 0.0
0.668965 0.0 0.743294
0.668965 0.0 0.743294
-0.707107 0.707107 0.0
-0.707107 0.0 0.707107
-0.707107 -0.707107 0.0
-0.707107 0.0 -0.707107
BONE = 0
BONE_NAME = Main
PARENT_ID = -1
LOCALTM 
MAT 1.45871 0.0 0.0 0.0
MAT 0.0 1.45871 0.0 0.0
MAT 0.0 0.0 1.45871 0.0
MAT 0.0 0.0 0.0 1.0
WORLDTM 
MAT 1.45871 0.0 0.0 0.0
MAT 0.0 1.45871 0.0 0.0
MAT 0.0 0.0 1.45871 0.0
MAT 0.0 0.0 0.0 1.0
VERTEX = 9
0.0957613 0.620542 -0.098093
0.0957613 0.623984 -0.0839178
0.0957613 0.609809 -0.0804756
0.0957613 0.606367 -0.0946507
0.0884677 0.615712 -0.0901651
0.0884677 0.616056 -0.0887476
0.0884677 0.614639 -0.0884034
0.0884677 0.614295 -0.0898209
0.0884677 0.615175 -0.0892843
INDEX = 14
4 5 7
6 7 5
1 2 5
6 5 2
0 1 4
5 4 1
7 6 3
2 3 6
4 7 0
3 0 7
8 1 0
8 2 1
8 3 2
8 0 3
FACE-NORMAL = 14
1.0 0.0 0.0
1.0 0.0 0.0
0.668965 -0.175403 -0.722302
0.668965 -0.175403 -0.722302
0.668965 -0.722302 0.175403
0.668965 -0.722302 0.175403
0.668965 0.722302 -0.175403
0.668965 0.722302 -0.175403
0.668965 0.175403 0.722302
0.668965 0.175403 0.722302
-0.707107 0.687136 -0.166864
-0.707107 0.166864 0.687136
-0.707107 -0.687136 0.166864
-0.707107 -0.166864 -0.687136
BONE = 1
BONE_NAME = Root
PARENT_ID = 0
LOCALTM 
MAT 1.0 0.0 0.0 0.0
MAT 0.0 0.971758 -0.235981 0.0
MAT 0.0 0.235981 0.971758 0.0
MAT 0.0606479 0.421726 -0.0612077 1.0
WORLDTM 
MAT 1.45871 0.0 0.0 0.0
MAT 0.0 1.41751 -0.344227 0.0
MAT 0.0 0.344227 1.41751 0.0
MAT 0.0884677 0.615175 -0.0892843 1.0
VERTEX = 9
0.0964751 0.642008 -0.103212
0.0824612 0.645918 -0.104262
0.0823445 0.649309 -0.0900755
0.0963584 0.645399 -0.0890255
0.0880927 0.638475 -0.0956877
0.0866913 0.638866 -0.0957927
0.0866796 0.639205 -0.094374
0.088081 0.638814 -0.094269
0.0873862 0.63884 -0.0950308
INDEX = 14
4 5 7
6 7 5
1 2 5
6 5 2
0 1 4
5 4 1
7 6 3
2 3 6
4 7 0
3 0 7
8 1 0
8 2 1
8 3 2
8 0 3
FACE-NORMAL = 14
0.277455 0.934933 -0.221175
0.277455 0.934933 -0.221175
0.899694 0.426179 -0.0944548
0.899694 0.426179 -0.0944548
0.179657 0.79822 0.574951
0.179657 0.79822 0.57495
0.191559 0.452655 -0.870867
0.191559 0.452655 -0.870867
-0.528479 0.824696 -0.201461
-0.528479 0.824696 -0.201461
-0.190529 -0.825468 -0.53132
-0.875512 -0.47154 0.105496
-0.201852 -0.496727 0.844108
0.48313 -0.850655 0.207293
BONE = 2
BONE_NAME = BoneBack01
PARENT_ID = 1
LOCALTM 
MAT 0.277455 0.960722 0.00569816 0.0
MAT 0.00800624 0.00361867 -0.999962 0.0
MAT -0.960705 0.27749 -0.00668773 0.0
MAT -0.000741441 0.0166942 0.0 1.0
WORLDTM 
MAT 0.404727 1.3638 -0.32263 0.0
MAT 0.0116788 -0.339085 -1.4187 0.0
MAT -1.40139 0.391044 -0.105 0.0
MAT 0.0873862 0.63884 -0.0950308 1.0
VERTEX = 9
0.11513 0.713323 -0.119604
0.100544 0.71339 -0.119737
0.100424 0.715855 -0.10536
0.11501 0.715788 -0.105227
0.108468 0.707274 -0.111962
0.107009 0.707281 -0.111975
0.106997 0.707527 -0.110538
0.108456 0.70752 -0.110524
0.107733 0.707401 -0.11125
INDEX = 14
4 5 7
6 7 5
1 2 5
6 5 2
0 1 4
5 4 1
7 6 3
2 3 6
4 7 0
3 0 7
8 1 0
8 2 1
8 3 2
8 0 3
FACE-NORMAL = 14
0.00606768 0.985616 -0.168894
0.00606768 0.985616 -0.168894
0.747314 0.655931 -0.106189
0.747314 0.655931 -0.106189
-0.00206241 0.784914 0.619601
-0.0020624 0.784914 0.619601
0.0101805 0.53377 -0.845568
0.0101805 0.53377 -0.845568
-0.739196 0.662754 -0.119779
-0.739196 0.662753 -0.119779
0.00153295 -0.816394 -0.577493
-0.71136 -0.69369 0.112961
-0.0101139 -0.577477 0.816344
0.702779 -0.700181 0.12589
BONE = 3
BONE_NAME = BoneBack02
PARENT_ID = 2
LOCALTM 
MAT 0.960523 -0.0648014 0.270547 0.0
MAT 0.0623255 0.997899 0.0177436 0.0
MAT -0.271128 -0.000181464 0.962543 0.0
MAT 0.0502721 0.0 0.0 1.0
WORLDTM 
MAT 0.00885097 1.43773 -0.246366 0.0
MAT 0.0120133 -0.246434 -1.43769 0.0
MAT -1.45863 0.00669494 -0.0133355 0.0
MAT 0.107733 0.707401 -0.11125 1.0
VERTEX = 9
-0.0518218 0.85235 0.0968789
-0.0519087 0.854286 0.109047
-0.0506909 0.842178 0.110983
-0.050604 0.840242 0.0988148
-0.0574436 0.847164 0.103279
-0.0574523 0.847358 0.104496
-0.0573305 0.846147 0.104689
-0.0573218 0.845954 0.103472
-0.057387 0.846656 0.103984
INDEX = 14
4 5 7
6 7 5
1 2 5
6 5 2
0 1 4
5 4 1
7 6 3
2 3 6
4 7 0
3 0 7
8 1 0
8 2 1
8 3 2
8 0 3
FACE-NORMAL = 14
0.995079 0.0987133 -0.00860555
0.995079 0.0987133 -0.00860555
0.670915 -0.0507988 -0.739793
0.670915 -0.0507988 -0.739792
0.739137 -0.664342 0.111021
0.739137 -0.664342 0.111021
0.592208 0.796414 -0.122534
0.592208 0.796414 -0.122534
0.660431 0.18287 0.728279
0.66043 0.18287 0.728279
-0.773515 0.625019 -0.105007
-0.708614 0.0413456 0.704384
-0.633739 -0.76462 0.117177
-0.69864 -0.180947 -0.692214
BONE = 4
BONE_NAME = BoneBackPack02
PARENT_ID = 3
LOCALTM 
MAT 0.0885139 -2.62633e-007 -0.840069 0.0
MAT 0.84001 -0.0101146 0.0885072 0.0
MAT -0.0100594 -0.844658 -0.00106011 0.0
MAT 0.0684845 -0.162485 0.112279 1.0
WORLDTM 
MAT 1.22614 0.121635 -0.0106038 0.0
MAT -0.121786 1.21079 -0.193589 0.0
MAT -0.00868989 0.193683 1.21685 0.0
MAT -0.057387 0.846656 0.103984 1.0
VERTEX = 9
0.291004 0.871186 0.0964394
0.290902 0.873267 0.108584
0.290941 0.861123 0.110666
0.291042 0.859041 0.0985214
0.284815 0.86663 0.102795
0.284805 0.866838 0.104009
0.284808 0.865624 0.104217
0.284819 0.865416 0.103003
0.284812 0.866127 0.103506
INDEX = 14
4 5 7
6 7 5
1 2 5
6 5 2
0 1 4
5 4 1
7 6 3
2 3 6
4 7 0
3 0 7
8 1 0
8 2 1
8 3 2
8 0 3
FACE-NORMAL = 14
0.999961 0.00445107 0.00759264
0.999961 0.00445107 0.00759264
0.67506 -0.122594 -0.727506
0.67506 -0.122594 -0.727506
0.671246 -0.729625 0.130674
0.671246 -0.729625 0.130674
0.666632 0.73558 -0.120515
0.666632 0.73558 -0.120515
0.662818 0.128549 0.737664
0.662817 0.128549 0.737664
-0.709274 0.693789 -0.124849
-0.712903 0.116311 0.69155
-0.704884 -0.700083 0.114111
-0.701256 -0.122605 -0.702288
BONE = 5
BONE_NAME = BoneBackPack01
PARENT_ID = 3
LOCALTM 
MAT 0.00774812 -1.95054e-007 -0.844684 0.0
MAT 0.844685 -2.5332e-007 0.00774768 0.0
MAT -7.89762e-007 -0.844718 -2.09373e-007 0.0
MAT 0.0831194 -0.162485 -0.122234 1.0
WORLDTM 
MAT 1.23215 0.00548461 0.00935565 0.0
MAT -0.00382474 1.21448 -0.208205 0.0
MAT -0.0101476 0.208167 1.21445 0.0
MAT 0.284812 0.866127 0.103506 1.0
VERTEX = 9
0.106164 0.825624 -0.214686
0.106093 0.830981 -0.203589
0.118412 0.830784 -0.203415
0.118483 0.825427 -0.214512
0.111549 0.822399 -0.206937
0.111542 0.822934 -0.205827
0.112774 0.822915 -0.20581
0.112781 0.822379 -0.206919
0.112162 0.822657 -0.206373
INDEX = 14
4 5 7
6 7 5
1 2 5
6 5 2
0 1 4
5 4 1
7 6 3
2 3 6
4 7 0
3 0 7
8 1 0
8 2 1
8 3 2
8 0 3
FACE-NORMAL = 14
0.0205091 0.900399 -0.434582
0.0205091 0.900399 -0.434582
0.0180031 0.279171 -0.960073
0.0180031 0.279171 -0.960073
0.756846 0.590468 -0.280235
0.756845 0.590468 -0.280236
-0.729405 0.614201 -0.301205
-0.729405 0.614201 -0.301205
0.00943668 0.925499 0.378632
0.00943668 0.925499 0.378633
-0.721449 -0.625389 0.297322
-0.0185768 -0.329247 0.944061
0.692444 -0.647967 0.31727
-0.0104275 -0.944109 -0.329469
BONE = 6
BONE_NAME = BoneHead
PARENT_ID = 3
LOCALTM 
MAT 0.81175 0.23346 -0.0104769 0.0
MAT 0.01018 0.00251054 0.844656 0.0
MAT 0.233473 -0.811813 -0.000401481 0.0
MAT 0.0889079 0.0509475 -0.00207728 1.0
WORLDTM 
MAT 0.0252713 1.10947 -0.535492 0.0
MAT -1.23192 0.0196722 -0.0173813 0.0
MAT -0.00710051 0.535726 1.10962 0.0
MAT 0.112162 0.822657 -0.206373 1.0
VERTEX = 9
0.1089 0.945755 -0.272668
0.108829 0.951113 -0.261571
0.121148 0.950916 -0.261398
0.121219 0.945559 -0.272494
0.114286 0.94253 -0.264919
0.114278 0.943066 -0.263809
0.11551 0.943046 -0.263792
0.115517 0.94251 -0.264901
0.114898 0.942788 -0.264355
INDEX = 14
4 5 7
6 7 5
1 2 5
6 5 2
0 1 4
5 4 1
7 6 3
2 3 6
4 7 0
3 0 7
8 1 0
8 2 1
8 3 2
8 0 3
FACE-NORMAL = 14
0.0205087 0.900398 -0.434583
0.0205087 0.900398 -0.434583
0.0180027 0.279171 -0.960073
0.0180027 0.279171 -0.960073
0.756846 0.590468 -0.280236
0.756846 0.590468 -0.280236
-0.729405 0.614201 -0.301206
-0.729405 0.614201 -0.301206
0.00943656 0.925499 0.378632
0.00943656 0.925499 0.378632
-0.721449 -0.625389 0.297322
-0.0185764 -0.329247 0.944061
0.692444 -0.647967 0.317271
-0.0104273 -0.944109 -0.329469
BONE = 7
BONE_NAME = Bone06
PARENT_ID = 6
LOCALTM 
MAT 0.999998 3.86499e-007 -8.64267e-007 0.0
MAT 8.15839e-007 1.0 -4.18164e-007 0.0
MAT 1.19209e-007 -1.78348e-007 1.0 0.0
MAT 0.108278 0.0 0.0 1.0
WORLDTM 
MAT 0.0252708 1.10947 -0.535492 0.0
MAT -1.23193 0.019673 -0.0173822 0.0
MAT -0.00710028 0.535726 1.10962 0.0
MAT 0.114898 0.942788 -0.264355 1.0
VERTEX = 9
0.118607 0.915919 -0.248417
0.119165 0.918124 -0.238679
0.118853 0.90838 -0.236455
0.118295 0.906174 -0.246192
0.113728 0.91274 -0.242796
0.113784 0.912961 -0.241822
0.113753 0.911986 -0.2416
0.113697 0.911766 -0.242574
0.11374 0.912363 -0.242198
INDEX = 14
4 5 7
6 7 5
1 2 5
6 5 2
0 1 4
5 4 1
7 6 3
2 3 6
4 7 0
3 0 7
8 1 0
8 2 1
8 3 2
8 0 3
FACE-NORMAL = 14
0.997951 -0.0428053 -0.0475581
0.997951 -0.0428053 -0.0475581
0.626069 -0.192557 -0.755618
0.626069 -0.192557 -0.755618
0.644407 -0.75293 0.13355
0.644407 -0.75293 0.13355
0.690781 0.695659 -0.197179
0.690781 0.695659 -0.197179
0.709119 0.135287 0.691989
0.709119 0.135287 0.691989
-0.6836 0.719301 -0.123685
-0.666155 0.186209 0.722194
-0.727716 -0.658764 0.190942
-0.745161 -0.125674 -0.654936
BONE = 8
BONE_NAME = Ref_Head
PARENT_ID = 6
LOCALTM 
MAT 0.00210498 -0.809719 -0.0545274 0.0
MAT 0.791032 -0.0101393 0.181088 0.0
MAT -0.18136 -0.0536177 0.789213 0.0
MAT 0.0782123 0.000291377 0.00546317 1.0
WORLDTM 
MAT 0.997951 -0.0428053 -0.0475581 0.0
MAT 0.0311954 0.974441 -0.222476 0.0
MAT 0.0558659 0.220534 0.973777 0.0
MAT 0.11374 0.912363 -0.242198 1.0
VERTEX = 9
0.113406 0.860886 -0.142585
0.113324 0.862576 -0.132729
0.11313 0.852721 -0.131041
0.113212 0.851032 -0.140897
0.108283 0.857301 -0.137447
0.108275 0.85747 -0.136461
0.108255 0.856484 -0.136293
0.108264 0.856315 -0.137278
0.108269 0.856893 -0.13687
INDEX = 14
4 5 7
6 7 5
1 2 5
6 5 2
0 1 4
5 4 1
7 6 3
2 3 6
4 7 0
3 0 7
8 1 0
8 2 1
8 3 2
8 0 3
FACE-NORMAL = 14
0.999777 -0.0177889 0.0114033
0.999777 -0.0177889 0.0114033
0.674937 -0.137472 -0.724957
0.674937 -0.137471 -0.724957
0.654351 -0.744391 0.133063
0.654351 -0.744391 0.133063
0.683279 0.720591 -0.117807
0.683279 0.720591 -0.117807
0.662694 0.113671 0.740213
0.662694 0.113671 0.740213
-0.693189 0.709408 -0.127392
-0.712772 0.132037 0.688856
-0.720709 -0.684251 0.111265
-0.701126 -0.106879 -0.704982
BONE = 9
BONE_NAME = Box_RtShoulder
PARENT_ID = 3
LOCALTM 
MAT -0.00918099 -1.67405e-007 -0.685476 0.0
MAT 0.685477 -1.93715e-007 -0.00918141 0.0
MAT -6.55651e-007 -0.685537 -1.85042e-007 0.0
MAT 0.103977 0.0 0.000263132 1.0
WORLDTM 
MAT 0.999776 -0.0177889 0.0114033 0.0
MAT 0.0194594 0.985467 -0.168756 0.0
MAT -0.00823533 0.168939 0.985592 0.0
MAT 0.108269 0.856893 -0.13687 1.0
VERTEX = 9
0.0993514 0.861863 -0.152091
0.0990675 0.847488 -0.149629
0.103422 0.849755 -0.135893
0.103706 0.86413 -0.138355
0.108143 0.855913 -0.146925
0.108114 0.854476 -0.146679
0.10855 0.854702 -0.145306
0.108578 0.85614 -0.145552
0.108346 0.855308 -0.146116
INDEX = 14
4 5 7
6 7 5
1 2 5
6 5 2
0 1 4
5 4 1
7 6 3
2 3 6
4 7 0
3 0 7
8 1 0
8 2 1
8 3 2
8 0 3
FACE-NORMAL = 14
-0.954198 0.0687045 0.291181
-0.954198 0.0687045 0.291181
-0.623861 0.778452 0.0693551
-0.623861 0.778452 0.0693552
-0.416419 0.161439 0.894725
-0.416419 0.161439 0.894725
-0.86023 -0.069517 -0.505145
-0.86023 -0.069517 -0.505145
-0.652789 -0.68653 0.320225
-0.652788 -0.68653 0.320225
0.463617 -0.158437 -0.871755
0.66096 -0.745411 -0.0865682
0.885822 0.0612744 0.459962
0.688479 0.648248 -0.325224
BONE = 10
BONE_NAME = BoneShoulderR
PARENT_ID = 9
LOCALTM 
MAT -1.38853 -1.63913e-007 0.447023 0.0
MAT -0.447023 -5.81145e-007 -1.38853 0.0
MAT 0.0 -1.45871 -1.3411e-007 0.0
MAT 0.0 0.0 -0.00938083 1.0
WORLDTM 
MAT -1.3919 0.10022 0.424749 0.0
MAT -0.435488 -0.226625 -1.37362 0.0
MAT -0.0283857 -1.43751 0.246165 0.0
MAT 0.108346 0.855308 -0.146116 1.0
VERTEX = 9
-0.231139 0.872286 -0.0469025
-0.217634 0.86689 -0.0480423
-0.213632 0.874405 -0.0361978
-0.227137 0.879801 -0.035058
-0.221364 0.878879 -0.0463041
-0.220013 0.878339 -0.0464181
-0.219613 0.879091 -0.0452337
-0.220964 0.87963 -0.0451197
-0.220488 0.878985 -0.0457689
INDEX = 14
4 5 7
6 7 5
1 2 5
6 5 2
0 1 4
5 4 1
7 6 3
2 3 6
4 7 0
3 0 7
8 1 0
8 2 1
8 3 2
8 0 3
FACE-NORMAL = 14
-0.260084 -0.773164 0.578424
-0.260084 -0.773164 0.578424
-0.862119 -0.242289 0.445024
-0.862119 -0.242289 0.445024
0.0299437 -0.134293 0.990489
0.0299436 -0.134293 0.990489
-0.377918 -0.900146 -0.2166
-0.377917 -0.900146 -0.2166
0.514145 -0.79215 0.328866
0.514145 -0.79215 0.328866
-0.0100952 0.182426 -0.983168
0.838538 0.285164 -0.464259
0.377909 0.910993 0.165154
-0.470723 0.808255 -0.353756
BONE = 11
BONE_NAME = BoneArmR
PARENT_ID = 10
LOCALTM 
MAT 0.363477 -0.346917 0.8646 0.0
MAT -0.0100362 0.926565 0.375998 0.0
MAT -0.931549 -0.145344 0.333305 0.0
MAT 0.23625 0.0 1.19209e-007 1.0
WORLDTM 
MAT -0.379387 -1.12782 0.843752 0.0
MAT -0.400212 -0.751489 -1.18445 0.0
MAT 1.35045 -0.539549 -0.113979 0.0
MAT -0.220488 0.878985 -0.0457689 1.0
VERTEX = 9
-0.28153 0.723637 0.0608146
-0.267485 0.722471 0.0570513
-0.264515 0.716451 0.0700019
-0.27856 0.717617 0.0737652
-0.272579 0.727021 0.0677284
-0.271174 0.726904 0.067352
-0.270877 0.726302 0.0686471
-0.272282 0.726419 0.0690234
-0.271728 0.726662 0.0681877
INDEX = 14
4 5 7
6 7 5
1 2 5
6 5 2
0 1 4
5 4 1
7 6 3
2 3 6
4 7 0
3 0 7
8 1 0
8 2 1
8 3 2
8 0 3
FACE-NORMAL = 14
-0.177435 -0.907351 -0.381091
-0.177435 -0.907351 -0.381091
-0.834368 -0.547575 -0.0631742
-0.834368 -0.547575 -0.0631743
0.0326558 -0.913747 0.404969
0.0326558 -0.913747 0.404969
-0.270051 -0.300225 -0.914843
-0.270051 -0.300225 -0.914843
0.596972 -0.666397 -0.446698
0.596972 -0.666397 -0.446698
-0.0185194 0.93342 -0.358306
0.806294 0.585076 0.0870458
0.26945 0.349768 0.897251
-0.555362 0.698113 0.451898
BONE = 12
BONE_NAME = BoneForeArmR
PARENT_ID = 11
LOCALTM 
MAT 0.527249 0.825567 0.201123 0.0
MAT -0.779659 0.564142 -0.271794 0.0
MAT -0.337846 -0.0135029 0.941103 0.0
MAT 0.135059 0.0 0.0 1.0
WORLDTM 
MAT -0.258826 -1.32356 -0.555901 0.0
MAT -0.29703 0.602017 -1.29506 0.0
MAT 1.4045 -0.116594 -0.376331 0.0
MAT -0.271728 0.726662 0.0681877 1.0
VERTEX = 9
-0.327604 0.402259 0.00232628
-0.322673 0.397989 0.00990591
-0.326266 0.389054 0.00721025
-0.331197 0.393324 -0.000369385
-0.330963 0.397014 0.00749402
-0.33047 0.396587 0.00825198
-0.330829 0.395693 0.00798242
-0.331322 0.39612 0.00722445
-0.330896 0.396354 0.00773822
INDEX = 14
4 5 7
6 7 5
1 2 5
6 5 2
0 1 4
5 4 1
7 6 3
2 3 6
4 7 0
3 0 7
8 1 0
8 2 1
8 3 2
8 0 3
FACE-NORMAL = 14
0.792299 -0.139435 -0.593987
0.792299 -0.139435 -0.593987
0.1635 0.224116 -0.960749
0.1635 0.224116 -0.960749
0.262937 -0.757359 -0.597722
0.262937 -0.757358 -0.597722
0.797104 0.570807 -0.19699
0.797103 0.570807 -0.19699
0.896539 -0.41067 0.166036
0.896539 -0.41067 0.166036
-0.30616 0.730346 0.610623
-0.211564 -0.203346 0.955976
-0.814321 -0.533158 0.229401
-0.908915 0.400536 -0.115951
BONE = 13
BONE_NAME = Object02
PARENT_ID = 12
LOCALTM 
MAT 0.145538 0.21147 0.635663 0.0
MAT -0.669867 0.0385486 0.140544 0.0
MAT 0.00760797 -0.650963 0.21482 0.0
MAT 0.228449 -0.0484013 -0.0102643 1.0
WORLDTM 
MAT 0.792303 -0.139435 -0.593991 0.0
MAT 0.359322 0.893432 0.269566 0.0
MAT 0.4931 -0.427007 0.757964 0.0
MAT -0.330896 0.396354 0.00773822 1.0
VERTEX = 9
-0.306867 0.550519 -0.0173185
-0.303617 0.546611 -0.00870665
-0.305556 0.537423 -0.0121437
-0.308807 0.54133 -0.0207555
-0.310905 0.544902 -0.0131175
-0.31058 0.544511 -0.0122563
-0.310774 0.543592 -0.0126
-0.311099 0.543983 -0.0134612
-0.31084 0.544247 -0.0128587
INDEX = 14
4 5 7
6 7 5
1 2 5
6 5 2
0 1 4
5 4 1
7 6 3
2 3 6
4 7 0
3 0 7
8 1 0
8 2 1
8 3 2
8 0 3
FACE-NORMAL = 14
0.925591 -0.0552666 -0.374469
0.925591 -0.0552666 -0.374469
0.377558 0.253469 -0.89062
0.377558 0.253469 -0.89062
0.475051 -0.719937 -0.505981
0.475051 -0.719937 -0.505981
0.763325 0.645996 0.00496883
0.763325 0.645996 0.00496892
0.860818 -0.327412 0.389607
0.860818 -0.327412 0.389607
-0.517372 0.688795 0.507827
-0.424625 -0.237221 0.873739
-0.791611 -0.610638 0.021752
-0.884358 0.31538 -0.34416
BONE = 14
BONE_NAME = Mesh01
PARENT_ID = 12
LOCALTM 
MAT 0.01962 0.08307 0.680206 0.0
MAT -0.684919 0.023702 0.0168602 0.0
MAT -0.0214749 -0.680071 0.0836734 0.0
MAT 0.139397 0.00317742 -0.00148669 1.0
WORLDTM 
MAT 0.925593 -0.0552668 -0.37447 0.0
MAT 0.193915 0.918837 0.343707 0.0
MAT 0.325079 -0.390747 0.861182 0.0
MAT -0.31084 0.544247 -0.0128587 1.0
VERTEX = 9
-0.300691 0.452696 0.152262
-0.302803 0.445343 0.158702
-0.29359 0.441645 0.157501
-0.291478 0.448998 0.15106
-0.299128 0.444883 0.150842
-0.299339 0.444148 0.151486
-0.298418 0.443778 0.151366
-0.298207 0.444514 0.150722
-0.298773 0.444331 0.151104
INDEX = 14
4 5 7
6 7 5
1 2 5
6 5 2
0 1 4
5 4 1
7 6 3
2 3 6
4 7 0
3 0 7
8 1 0
8 2 1
8 3 2
8 0 3
FACE-NORMAL = 14
0.326542 0.567983 0.755491
0.326542 0.567983 0.755491
0.375375 0.926489 0.0266839
0.375375 0.926489 0.026684
0.903242 0.105081 0.416066
0.903242 0.105081 0.416066
-0.466353 0.654839 0.594727
-0.466353 0.654839 0.594727
0.0615146 -0.166568 0.984109
0.0615146 -0.166568 0.984109
-0.882358 -0.140128 -0.449231
-0.38019 -0.921545 -0.0788061
0.420558 -0.663121 -0.619194
-0.0816097 0.118296 -0.989619
BONE = 15
BONE_NAME = Star2Part10shell
PARENT_ID = 12
LOCALTM 
MAT -0.590396 -0.344703 0.0507987 0.0
MAT -0.149363 0.16009 -0.649633 0.0
MAT 0.314783 -0.570538 -0.212974 0.0
MAT 0.157244 -0.126568 -0.0170458 1.0
WORLDTM 
MAT 0.326544 0.567986 0.755495 0.0
MAT -0.921299 0.369811 0.120182 0.0
MAT -0.211128 -0.735277 0.644041 0.0
MAT -0.298773 0.444331 0.151104 1.0
VERTEX = 9
-0.376708 0.256635 -0.0903512
-0.374247 0.251019 -0.0824518
-0.378302 0.24302 -0.0868757
-0.380763 0.248636 -0.0947751
-0.381827 0.251566 -0.0866643
-0.381581 0.251004 -0.0858743
-0.381987 0.250204 -0.0863167
-0.382233 0.250766 -0.0871067
-0.381907 0.250885 -0.0864905
INDEX = 14
4 5 7
6 7 5
1 2 5
6 5 2
0 1 4
5 4 1
7 6 3
2 3 6
4 7 0
3 0 7
8 1 0
8 2 1
8 3 2
8 0 3
FACE-NORMAL = 14
0.880358 -0.211413 -0.424587
0.880358 -0.211413 -0.424587
0.405993 0.276018 -0.871197
0.405993 0.276017 -0.871197
0.287555 -0.736012 -0.61286
0.287555 -0.736012 -0.61286
0.890303 0.45316 0.0447939
0.890303 0.45316 0.044794
0.771864 -0.558873 0.303129
0.771864 -0.558873 0.303129
-0.335806 0.715129 0.613046
-0.448478 -0.24763 0.858806
-0.90921 -0.416148 -0.0125903
-0.796537 0.546613 -0.258348
BONE = 16
BONE_NAME = HitTestFuzzy01
PARENT_ID = 12
LOCALTM 
MAT 0.135343 0.0757101 0.667771 0.0
MAT -0.662472 -0.0995312 0.145552 0.0
MAT 0.113024 -0.674033 0.0535139 0.0
MAT 0.349756 -0.0250868 -0.0192982 1.0
WORLDTM 
MAT 0.880362 -0.211414 -0.424589 0.0
MAT 0.405455 0.799933 0.442392 0.0
MAT 0.246115 -0.561613 0.789944 0.0
MAT -0.381907 0.250885 -0.0864905 1.0
VERTEX = 9
-0.228621 0.786492 0.330167
-0.227563 0.796243 0.328222
-0.224577 0.797797 0.337639
-0.225636 0.788045 0.339583
-0.231544 0.792368 0.334902
-0.231438 0.793343 0.334708
-0.23114 0.793498 0.33565
-0.231245 0.792523 0.335844
-0.231342 0.792933 0.335276
INDEX = 14
4 5 7
6 7 5
1 2 5
6 5 2
0 1 4
5 4 1
7 6 3
2 3 6
4 7 0
3 0 7
8 1 0
8 2 1
8 3 2
8 0 3
FACE-NORMAL = 14
0.948504 -0.157762 -0.274682
0.948504 -0.157762 -0.274682
0.555812 -0.830383 -0.0392127
0.555812 -0.830383 -0.0392128
0.856421 0.00994045 0.516182
0.856421 0.00994042 0.516182
0.412611 -0.221015 -0.883688
0.41261 -0.221015 -0.883688
0.71322 0.619307 -0.328293
0.71322 0.619307 -0.328293
-0.881796 0.00169897 -0.471628
-0.595822 0.801111 0.0567266
-0.459592 0.221411 0.860089
-0.745566 -0.578001 0.331733
BONE = 17
BONE_NAME = Bone_HoseRt
PARENT_ID = 10
LOCALTM 
MAT -0.682715 -5.86733e-007 0.0621496 0.0
MAT 2.03494e-007 0.685537 0.0 0.0
MAT -0.0621502 1.3411e-007 -0.682715 0.0
MAT 0.315359 -0.234596 0.102361 1.0
WORLDTM 
MAT 0.948504 -0.157762 -0.274682 0.0
MAT -0.298543 -0.155359 -0.941665 0.0
MAT 0.105886 0.97518 -0.194459 0.0
MAT -0.231342 0.792933 0.335276 1.0
VERTEX = 9
0.114595 0.858372 -0.142144
0.114513 0.860062 -0.132288
0.114318 0.850207 -0.1306
0.1144 0.848518 -0.140456
0.109471 0.854787 -0.137006
0.109463 0.854956 -0.136021
0.109444 0.85397 -0.135852
0.109452 0.853801 -0.136837
0.109458 0.854379 -0.136429
INDEX = 14
4 5 7
6 7 5
1 2 5
6 5 2
0 1 4
5 4 1
7 6 3
2 3 6
4 7 0
3 0 7
8 1 0
8 2 1
8 3 2
8 0 3
FACE-NORMAL = 14
0.999777 -0.0177889 0.0114033
0.999777 -0.0177889 0.0114033
0.674937 -0.137472 -0.724957
0.674937 -0.137471 -0.724957
0.654351 -0.744391 0.133063
0.654351 -0.744391 0.133063
0.683279 0.720591 -0.117807
0.683279 0.720591 -0.117807
0.662694 0.113671 0.740213
0.662694 0.113671 0.740213
-0.693189 0.709408 -0.127392
-0.712772 0.132037 0.688856
-0.720709 -0.684251 0.111265
-0.701126 -0.106879 -0.704982
BONE = 18
BONE_NAME = Box_LftShoulder
PARENT_ID = 3
LOCALTM 
MAT -0.00918099 -1.67405e-007 -0.685476 0.0
MAT 0.685477 -1.93715e-007 -0.00918141 0.0
MAT -6.55651e-007 -0.685537 -1.85042e-007 0.0
MAT 0.102232 0.0 -0.000562191 1.0
WORLDTM 
MAT 0.999776 -0.0177889 0.0114033 0.0
MAT 0.0194594 0.985467 -0.168756 0.0
MAT -0.00823533 0.168939 0.985592 0.0
MAT 0.109458 0.854379 -0.136429 1.0
VERTEX = 9
0.118384 0.844581 -0.149393
0.118668 0.858956 -0.151855
0.114727 0.861402 -0.138025
0.114443 0.847027 -0.135563
0.109718 0.851953 -0.146243
0.109746 0.85339 -0.146489
0.109352 0.853635 -0.145106
0.109324 0.852197 -0.14486
0.109535 0.852794 -0.145675
INDEX = 14
4 5 7
6 7 5
1 2 5
6 5 2
0 1 4
5 4 1
7 6 3
2 3 6
4 7 0
3 0 7
8 1 0
8 2 1
8 3 2
8 0 3
FACE-NORMAL = 14
0.962612 0.0271461 0.269521
0.962612 0.0271461 0.269521
0.629489 -0.714331 0.305736
0.629489 -0.714331 0.305736
0.443126 0.142803 0.885012
0.443126 0.142803 0.885012
0.84478 -0.106483 -0.524412
0.84478 -0.106483 -0.524412
0.658418 0.75065 0.0548648
0.658417 0.750651 0.0548648
-0.48962 -0.13777 -0.860983
-0.666909 0.677634 -0.309909
-0.871719 0.0993798 0.479823
-0.694429 -0.716025 -0.0712517
BONE = 19
BONE_NAME = BoneShoulderL
PARENT_ID = 18
LOCALTM 
MAT 1.40764 0.0 0.382614 0.0
MAT 0.382614 -5.36442e-007 -1.40764 0.0
MAT 2.8871e-007 1.45871 -9.23872e-007 0.0
MAT 0.0 0.0 -0.0093808 1.0
WORLDTM 
MAT 1.40417 0.0395982 0.393153 0.0
MAT 0.394121 -0.244611 -1.38299 0.0
MAT 0.028386 1.43751 -0.246166 0.0
MAT 0.109535 0.852794 -0.145675 1.0
VERTEX = 9
0.434426 0.850861 -0.0566734
0.44863 0.854083 -0.0558684
0.446393 0.860754 -0.0430903
0.432189 0.857531 -0.0438954
0.438584 0.861595 -0.0540559
0.440004 0.861918 -0.0539754
0.439781 0.862585 -0.0526976
0.43836 0.862263 -0.0527781
0.439182 0.86209 -0.0533768
INDEX = 14
4 5 7
6 7 5
1 2 5
6 5 2
0 1 4
5 4 1
7 6 3
2 3 6
4 7 0
3 0 7
8 1 0
8 2 1
8 3 2
8 0 3
FACE-NORMAL = 14
0.168249 -0.861443 0.479175
0.168249 -0.861443 0.479175
-0.611221 -0.740455 0.279528
-0.611221 -0.740455 0.279528
-0.00145969 -0.236364 0.971664
-0.00145965 -0.236364 0.971663
0.226565 -0.916186 -0.330562
0.226565 -0.916186 -0.330562
0.836326 -0.412094 0.361575
0.836326 -0.412094 0.361575
-0.0105083 0.28577 -0.958241
0.569566 0.765319 -0.299802
-0.227431 0.932495 0.280586
-0.807507 0.452945 -0.377855
BONE = 20
BONE_NAME = BoneArmL
PARENT_ID = 19
LOCALTM 
MAT 0.267722 -0.264388 -0.926512 0.0
MAT -0.100857 0.948641 -0.299845 0.0
MAT 0.958203 0.173723 0.227306 0.0
MAT 0.234763 0.0 1.19209e-007 1.0
WORLDTM 
MAT 0.245426 -1.25659 0.698978 0.0
MAT 0.223748 -0.667072 -1.2778 0.0
MAT 1.4204 0.322203 0.0805086 0.0
MAT 0.439182 0.86209 -0.0533768 1.0
VERTEX = 9
0.464885 0.695511 0.0277102
0.479427 0.696078 0.0286995
0.478992 0.687131 0.0402127
0.46445 0.686565 0.0392234
0.470706 0.697494 0.0377874
0.47216 0.69755 0.0378864
0.472117 0.696656 0.0390377
0.470663 0.696599 0.0389388
0.471411 0.697075 0.0384126
INDEX = 14
4 5 7
6 7 5
1 2 5
6 5 2
0 1 4
5 4 1
7 6 3
2 3 6
4 7 0
3 0 7
8 1 0
8 2 1
8 3 2
8 0 3
FACE-NORMAL = 14
0.0722446 -0.788881 -0.610284
0.0722446 -0.788881 -0.610284
-0.692692 -0.556596 -0.45867
-0.692692 -0.556596 -0.45867
0.0261711 -0.983609 0.178403
0.0261711 -0.983609 0.178403
0.0704871 -0.0718579 -0.994921
0.0704871 -0.0718577 -0.994921
0.789349 -0.498872 -0.357848
0.789349 -0.498872 -0.357848
-0.0300054 0.991505 -0.126564
0.65386 0.585281 0.479493
-0.0721639 0.124142 0.989637
-0.756028 0.530366 0.383579
BONE = 21
BONE_NAME = BoneForeArmL
PARENT_ID = 20
LOCALTM 
MAT 0.399299 0.90644 -0.137587 0.0
MAT -0.901523 0.415488 0.120936 0.0
MAT 0.166783 0.07575 0.983078 0.0
MAT 0.131319 0.0 0.0 1.0
WORLDTM 
MAT 0.105384 -1.15075 -0.890227 0.0
MAT 0.0434848 0.894655 -1.15132 0.0
MAT 1.45425 0.056641 0.0989306 0.0
MAT 0.471411 0.697075 0.0384126 1.0
VERTEX = 9
0.513039 0.537857 -0.0938183
0.510483 0.532107 -0.0860458
0.51095 0.524004 -0.091887
0.513505 0.529754 -0.0996594
0.507271 0.532188 -0.0941187
0.507015 0.531613 -0.0933414
0.507062 0.530803 -0.0939255
0.507317 0.531378 -0.0947028
0.507166 0.531496 -0.0940221
INDEX = 14
4 5 7
6 7 5
1 2 5
6 5 2
0 1 4
5 4 1
7 6 3
2 3 6
4 7 0
3 0 7
8 1 0
8 2 1
8 3 2
8 0 3
FACE-NORMAL = 14
0.965669 -0.113033 0.233895
0.965669 -0.113033 0.233895
0.835951 0.351753 -0.421255
0.835951 0.351753 -0.421255
0.680658 -0.677928 -0.277701
0.680659 -0.677928 -0.2777
0.611339 0.5267 0.590637
0.611339 0.5267 0.590637
0.456047 -0.502981 0.734188
0.456047 -0.502981 0.734188
-0.715804 0.652916 0.247642
-0.863536 -0.326635 0.384207
-0.649859 -0.493065 -0.578421
-0.502127 0.486486 -0.714983
BONE = 22
BONE_NAME = Object03
PARENT_ID = 21
LOCALTM 
MAT 0.0110983 -0.154348 0.667843 0.0
MAT -0.68492 0.0237019 0.016859 0.0
MAT -0.0268906 -0.667516 -0.153821 0.0
MAT 0.146724 0.00276992 0.013871 1.0
WORLDTM 
MAT 0.965666 -0.113032 0.233894 0.0
MAT -0.0466316 0.810331 0.584114 0.0
MAT -0.255554 -0.574965 0.777246 0.0
MAT 0.507166 0.531496 -0.0940221 1.0
VERTEX = 9
0.440188 0.375327 0.0400616
0.444592 0.371591 0.0318977
0.435631 0.369207 0.0281544
0.431227 0.372943 0.0363183
0.438412 0.368091 0.0369021
0.438852 0.367717 0.0360857
0.437956 0.367479 0.0357114
0.437515 0.367852 0.0365278
0.438184 0.367785 0.0363067
INDEX = 14
4 5 7
6 7 5
1 2 5
6 5 2
0 1 4
5 4 1
7 6 3
2 3 6
4 7 0
3 0 7
8 1 0
8 2 1
8 3 2
8 0 3
FACE-NORMAL = 14
-0.0547858 0.896449 -0.439748
-0.0547858 0.896449 -0.439748
-0.364007 0.877355 0.312646
-0.364007 0.877355 0.312646
-0.702736 0.422496 -0.572415
-0.702736 0.422497 -0.572415
0.629436 0.776889 -0.015937
0.629436 0.776889 -0.0159369
0.290704 0.322033 -0.900992
0.290704 0.322033 -0.900992
0.672397 -0.465316 0.575642
0.350159 -0.89803 -0.26633
-0.594918 -0.802454 0.0462559
-0.272677 -0.369743 0.888222
BONE = 23
BONE_NAME = Star2Part05
PARENT_ID = 21
LOCALTM 
MAT -0.303541 0.613732 -0.0340284 0.0
MAT -0.241154 -0.083999 0.6362 0.0
MAT 0.565388 0.29367 0.253092 0.0
MAT 0.177318 -0.13799 -0.0315722 1.0
WORLDTM 
MAT -0.0547859 0.89645 -0.439748 0.0
MAT 0.896125 0.238393 0.374331 0.0
MAT 0.440412 -0.373551 -0.816394 0.0
MAT 0.438184 0.367785 0.0363067 1.0
VERTEX = 9
0.557977 0.26265 -0.235328
0.556074 0.255373 -0.228738
0.559441 0.248584 -0.235262
0.561344 0.25586 -0.241852
0.554025 0.255832 -0.237169
0.553835 0.255104 -0.23651
0.554171 0.254425 -0.237163
0.554362 0.255153 -0.237822
0.554098 0.255128 -0.237166
INDEX = 14
4 5 7
6 7 5
1 2 5
6 5 2
0 1 4
5 4 1
7 6 3
2 3 6
4 7 0
3 0 7
8 1 0
8 2 1
8 3 2
8 0 3
FACE-NORMAL = 14
0.922184 0.0976779 0.374214
0.922184 0.0976779 0.374214
0.758394 0.606197 -0.239508
0.758394 0.606197 -0.239508
0.867152 -0.439323 -0.234611
0.867152 -0.439323 -0.234611
0.366663 0.570011 0.735286
0.366663 0.570011 0.735286
0.475424 -0.475508 0.740178
0.475423 -0.475509 0.740178
-0.890143 0.411027 0.196728
-0.78668 -0.583591 0.201387
-0.414021 -0.549167 -0.725949
-0.517486 0.445451 -0.730604
BONE = 24
BONE_NAME = HitTestFuzzy
PARENT_ID = 21
LOCALTM 
MAT -0.163715 -0.142566 0.650257 0.0
MAT -0.656821 -0.0744243 -0.181687 0.0
MAT 0.108372 -0.666408 -0.118817 0.0
MAT 0.358398 -0.0350184 0.0319341 1.0
WORLDTM 
MAT 0.922181 0.0976776 0.374213 0.0
MAT -0.336672 0.678961 0.652431 0.0
MAT -0.190348 -0.727644 0.659019 0.0
MAT 0.554098 0.255128 -0.237166 1.0
VERTEX = 9
0.368906 0.799557 0.325187
0.36857 0.809386 0.323375
0.365869 0.811042 0.33286
0.366205 0.801213 0.334672
0.362728 0.804321 0.32734
0.362695 0.805304 0.327159
0.362424 0.80547 0.328107
0.362458 0.804487 0.328288
0.362576 0.804895 0.327724
INDEX = 14
4 5 7
6 7 5
1 2 5
6 5 2
0 1 4
5 4 1
7 6 3
2 3 6
4 7 0
3 0 7
8 1 0
8 2 1
8 3 2
8 0 3
FACE-NORMAL = 14
0.962241 0.0808243 0.259922
0.962241 0.0808243 0.259922
0.668686 -0.676493 0.30857
0.668687 -0.676493 0.30857
0.442931 0.177178 0.878874
0.442931 0.177178 0.878874
0.84448 -0.0690411 -0.531118
0.84448 -0.0690411 -0.531118
0.618724 0.78463 0.0391879
0.618724 0.78463 0.0391879
-0.489407 -0.174267 -0.854466
-0.704172 0.637843 -0.311926
-0.871408 0.0599647 0.486881
-0.656642 -0.752146 -0.0556593
BONE = 25
BONE_NAME = Bone_HoseLft
PARENT_ID = 19
LOCALTM 
MAT 0.684518 -3.85568e-007 0.0373692 0.0
MAT -7.8789e-005 0.685536 0.00143712 0.0
MAT -0.037369 -0.00143794 0.684517 0.0
MAT 0.253561 -0.255311 -0.0837498 1.0
WORLDTM 
MAT 0.962241 0.0808243 0.259922 0.0
MAT 0.270114 -0.165627 -0.948475 0.0
MAT -0.0336085 0.982871 -0.181208 0.0
MAT 0.362576 0.804895 0.327724 1.0
VERTEX = 9
0.10255 0.899815 0.332231
0.102744 0.90967 0.330543
0.102827 0.907981 0.320687
0.102632 0.898126 0.322375
0.107945 0.903396 0.327096
0.107965 0.904381 0.326928
0.107973 0.904212 0.325942
0.107953 0.903227 0.326111
0.107959 0.903804 0.326519
INDEX = 14
4 5 7
6 7 5
1 2 5
6 5 2
0 1 4
5 4 1
7 6 3
2 3 6
4 7 0
3 0 7
8 1 0
8 2 1
8 3 2
8 0 3
FACE-NORMAL = 14
-0.999777 0.0177928 -0.0114008
-0.999777 0.0177928 -0.0114008
-0.683279 -0.720591 0.117808
-0.683279 -0.72059 0.117808
-0.662694 -0.113668 -0.740214
-0.662694 -0.113668 -0.740214
-0.674937 0.137473 0.724956
-0.674937 0.137473 0.724956
-0.654352 0.744392 -0.133061
-0.654351 0.744392 -0.133061
0.701126 0.106876 0.704982
0.720709 0.68425 -0.111266
0.712772 -0.132038 -0.688856
0.693189 -0.709409 0.127389
BONE = 26
BONE_NAME = Box10
PARENT_ID = 3
LOCALTM 
MAT 0.0096827 -2.08314e-006 0.722754 0.0
MAT -1.2815e-006 -0.685539 1.67103e-006 0.0
MAT 0.685475 -8.27014e-007 -0.00917935 0.0
MAT 0.0820203 -0.318528 -0.00228093 1.0
WORLDTM 
MAT -1.05415 0.0187604 -0.0120208 0.0
MAT -0.00823806 0.168938 0.985594 0.0
MAT 0.0194564 0.985464 -0.168754 0.0
MAT 0.107959 0.903804 0.326519 1.0
VERTEX = 9
0.124388 0.982703 0.187342
0.130043 0.976021 0.188311
0.133538 0.977836 0.180434
0.127884 0.984518 0.179464
0.125617 0.977792 0.182325
0.126183 0.977123 0.182422
0.126532 0.977305 0.181634
0.125967 0.977973 0.181537
0.126075 0.977548 0.181979
INDEX = 14
4 5 7
6 7 5
1 2 5
6 5 2
0 1 4
5 4 1
7 6 3
2 3 6
4 7 0
3 0 7
8 1 0
8 2 1
8 3 2
8 0 3
FACE-NORMAL = 14
0.65591 0.617993 0.433435
0.65591 0.617993 0.433435
-0.0384723 0.977347 0.208116
-0.0384721 0.977347 0.208116
0.733784 0.566595 -0.374875
0.733784 0.566595 -0.374875
0.143779 0.260236 0.95478
0.143778 0.260236 0.95478
0.916033 -0.150515 0.37179
0.916033 -0.150515 0.37179
-0.744439 -0.582709 0.325976
-0.00978062 -0.973464 -0.228632
-0.183158 -0.291265 -0.938945
-0.917816 0.0994889 -0.384338
BONE = 27
BONE_NAME = Cylinder10
PARENT_ID = 3
LOCALTM 
MAT 0.325957 -0.317693 -0.396671 0.0
MAT -0.215294 -0.513195 0.234103 0.0
MAT -0.460352 0.0150616 -0.39035 0.0
MAT 0.148658 -0.229307 -0.0135615 1.0
WORLDTM 
MAT 0.577666 0.544271 0.38173 0.0
MAT -0.349541 -0.181498 0.787737 0.0
MAT 0.565483 -0.668185 0.0969668 0.0
MAT 0.126075 0.977548 0.181979 1.0
VERTEX = 9
0.0860469 0.984288 0.176044
0.0865731 0.980032 0.183737
0.0931114 0.985373 0.186244
0.0925853 0.989629 0.178552
0.0921644 0.981996 0.178895
0.092217 0.98157 0.179664
0.0928709 0.982104 0.179915
0.0928183 0.98253 0.179146
0.0925177 0.98205 0.179405
INDEX = 14
4 5 7
6 7 5
1 2 5
6 5 2
0 1 4
5 4 1
7 6 3
2 3 6
4 7 0
3 0 7
8 1 0
8 2 1
8 3 2
8 0 3
FACE-NORMAL = 14
-0.667295 0.631434 0.394978
-0.667295 0.631434 0.394978
-0.490805 0.781588 -0.385007
-0.490805 0.781588 -0.385007
0.10542 0.873177 0.475866
0.10542 0.873177 0.475866
-0.998213 -0.0283622 0.0525875
-0.998213 -0.0283623 0.0525874
-0.401989 0.0632269 0.913459
-0.401989 0.0632268 0.913459
-0.0531025 -0.875315 -0.480628
0.514095 -0.788186 0.338334
0.9968 -0.0176676 -0.0779563
0.429603 -0.104798 -0.896916
BONE = 28
BONE_NAME = Cylinder13
PARENT_ID = 3
LOCALTM 
MAT 0.33303 -0.302759 0.402434 0.0
MAT -0.334568 0.227598 0.448095 0.0
MAT -0.376404 -0.470171 -0.0422292 0.0
MAT 0.151858 -0.228278 0.00947236 1.0
WORLDTM 
MAT -0.587693 0.55611 0.347861 0.0
MAT -0.653833 -0.534105 -0.250766 0.0
MAT 0.0526171 -0.425583 0.769258 0.0
MAT 0.0925177 0.98205 0.179405 1.0
VERTEX = 9
0.0659811 1.03793 0.0936508
0.0689907 1.04676 0.0900405
0.0752469 1.04208 0.0838025
0.0722373 1.03325 0.0874127
0.0737494 1.03999 0.092685
0.0740503 1.04087 0.092324
0.074676 1.0404 0.0917002
0.074375 1.03952 0.0920612
0.0742127 1.04019 0.0921926
INDEX = 14
4 5 7
6 7 5
1 2 5
6 5 2
0 1 4
5 4 1
7 6 3
2 3 6
4 7 0
3 0 7
8 1 0
8 2 1
8 3 2
8 0 3
FACE-NORMAL = 14
-0.719734 -0.0381199 -0.693202
-0.719734 -0.0381199 -0.693202
-0.705181 -0.681576 -0.195383
-0.705181 -0.681576 -0.195383
-0.0164548 -0.373709 -0.9274
-0.016455 -0.373709 -0.9274
-0.946499 0.322708 -5.60582e-005
-0.946499 0.322708 -5.59092e-005
-0.257773 0.630573 -0.732073
-0.257773 0.630573 -0.732073
0.0665466 0.358211 0.931266
0.721742 0.651089 0.234887
0.951311 -0.304301 0.04907
0.296116 -0.597178 0.745449
BONE = 29
BONE_NAME = Star2Part03
PARENT_ID = 3
LOCALTM 
MAT 0.0515102 0.468721 0.497604 0.0
MAT 0.241704 -0.47927 0.426431 0.0
MAT 0.639443 0.143402 -0.201271 0.0
MAT 0.201167 -0.17619 0.02275 1.0
WORLDTM 
MAT -0.719734 -0.0381199 -0.693202 0.0
MAT -0.625624 0.468467 0.623808 0.0
MAT 0.300962 0.882656 -0.361021 0.0
MAT 0.0742127 1.04019 0.0921926 1.0
VERTEX = 9
0.147844 1.03674 0.110709
0.149329 1.04378 0.103761
0.143736 1.03858 0.0973026
0.142252 1.03154 0.104251
0.150074 1.03515 0.103094
0.150222 1.03585 0.102399
0.149663 1.03533 0.101754
0.149514 1.03463 0.102448
0.149868 1.03524 0.102424
INDEX = 14
4 5 7
6 7 5
1 2 5
6 5 2
0 1 4
5 4 1
7 6 3
2 3 6
4 7 0
3 0 7
8 1 0
8 2 1
8 3 2
8 0 3
FACE-NORMAL = 14
-0.815606 0.484439 0.316395
-0.815606 0.484439 0.316395
-0.655931 -0.198974 0.728123
-0.655931 -0.198974 0.728123
-0.961297 -0.0622548 -0.268387
-0.961297 -0.0622547 -0.268387
-0.129926 0.7104 0.691701
-0.129926 0.7104 0.691701
-0.435292 0.84712 -0.304809
-0.435292 0.84712 -0.304809
0.972169 0.0249689 0.232948
0.681669 0.155032 -0.715047
0.181272 -0.710069 -0.680398
0.471772 -0.840133 0.267597
BONE = 30
BONE_NAME = Star2Part04
PARENT_ID = 3
LOCALTM 
MAT 0.287299 -0.274485 0.55864 0.0
MAT 0.278734 -0.493402 -0.385778 0.0
MAT 0.556532 0.388812 -0.0951734 0.0
MAT 0.196948 -0.182101 -0.0291918 1.0
WORLDTM 
MAT -0.815606 0.484439 0.316395 0.0
MAT 0.559249 0.519751 0.645835 0.0
MAT 0.14842 0.703687 -0.694834 0.0
MAT 0.149868 1.03524 0.102424 1.0
VERTEX = 9
0.116747 0.769544 -0.0356605
0.116766 0.777158 -0.0254319
0.116555 0.769138 -0.0194622
0.116536 0.761524 -0.0296908
0.108949 0.769498 -0.0284592
0.108951 0.77026 -0.0274363
0.10893 0.769458 -0.0268394
0.108928 0.768696 -0.0278622
0.10894 0.769478 -0.0276493
INDEX = 14
4 5 7
6 7 5
1 2 5
6 5 2
0 1 4
5 4 1
7 6 3
2 3 6
4 7 0
3 0 7
8 1 0
8 2 1
8 3 2
8 0 3
FACE-NORMAL = 14
0.999777 -0.0177897 0.0114032
0.999777 -0.0177897 0.0114032
0.667719 -0.455705 -0.588629
0.667719 -0.455705 -0.588628
0.653147 -0.608011 0.451354
0.653147 -0.608011 0.451354
0.684483 0.58421 -0.436097
0.684483 0.58421 -0.436098
0.669911 0.431904 0.603885
0.669911 0.431904 0.603885
-0.692044 0.579668 -0.430186
-0.705906 0.434777 0.559165
-0.721854 -0.55451 0.41406
-0.707992 -0.409619 -0.575292
BONE = 31
BONE_NAME = Vol_Target
PARENT_ID = 3
LOCALTM 
MAT -0.0141629 0.0 -1.05738 0.0
MAT 0.611091 0.310588 -0.00818517 0.0
MAT 0.395993 -0.779268 -0.00530407 0.0
MAT 0.03227 -0.0636683 -0.00115621 1.0
WORLDTM 
MAT 1.5422 -0.0274415 0.0175899 0.0
MAT 0.0210791 0.801986 -0.596973 0.0
MAT 0.00188001 0.761332 1.02286 0.0
MAT 0.10894 0.769478 -0.0276493 1.0
VERTEX = 9
0.0828818 0.607505 -0.0941656
0.0951728 0.607988 -0.0934385
0.0943522 0.610878 -0.0814882
0.0820612 0.610394 -0.0822154
0.0878942 0.615007 -0.0899181
0.0891233 0.615055 -0.0898454
0.0890412 0.615344 -0.0886504
0.0878121 0.615296 -0.0887231
0.0884677 0.615175 -0.0892842
INDEX = 14
4 5 7
6 7 5
1 2 5
6 5 2
0 1 4
5 4 1
7 6 3
2 3 6
4 7 0
3 0 7
8 1 0
8 2 1
8 3 2
8 0 3
FACE-NORMAL = 14
0.0242273 -0.97132 0.236539
0.0242273 -0.97132 0.236539
-0.725218 -0.678953 0.114374
-0.725218 -0.678953 0.114374
-0.0332977 -0.475466 0.879104
-0.0332977 -0.475466 0.879104
0.0657121 -0.824092 -0.562631
0.0657122 -0.824092 -0.562632
0.757632 -0.620604 0.202098
0.757632 -0.620604 0.202098
0.0299635 0.521 -0.85303
0.688197 0.714581 -0.125532
-0.0642261 0.852654 0.518514
-0.72246 0.659073 -0.208985
BONE = 32
BONE_NAME = BoneWaist
PARENT_ID = 1
LOCALTM 
MAT 0.0204653 -0.844471 0.000545323 0.0
MAT 0.05626 0.000819191 -0.842843 0.0
MAT 0.842595 0.0204562 0.0562634 0.0
MAT 0.0 0.0 0.0 1.0
WORLDTM 
MAT 0.0298529 -1.19686 0.291463 0.0
MAT 0.082067 -0.288968 -1.19502 0.0
MAT 1.2291 0.0483643 0.0727125 0.0
MAT 0.0884677 0.615175 -0.0892842 1.0
VERTEX = 9
0.0823921 0.590472 -0.0911063
0.0850517 0.579667 -0.0858126
0.0838705 0.584828 -0.074686
0.0812109 0.595632 -0.0799796
0.0890441 0.589386 -0.0837562
0.08931 0.588306 -0.0832269
0.0891919 0.588822 -0.0821142
0.088926 0.589903 -0.0826436
0.089118 0.589104 -0.0829352
INDEX = 14
4 5 7
6 7 5
1 2 5
6 5 2
0 1 4
5 4 1
7 6 3
2 3 6
4 7 0
3 0 7
8 1 0
8 2 1
8 3 2
8 0 3
FACE-NORMAL = 14
-0.971711 -0.236088 0.00634823
-0.971711 -0.236088 0.00634823
-0.810476 0.493815 -0.31508
-0.810476 0.493815 -0.31508
-0.721292 0.153378 0.675435
-0.721292 0.153378 0.675435
-0.578789 -0.469246 -0.666942
-0.578789 -0.469246 -0.666942
-0.489605 -0.809684 0.323573
-0.489605 -0.809684 0.323573
0.754886 -0.129217 -0.643001
0.839728 -0.45308 0.299291
0.619321 0.463095 0.634023
0.534479 0.786958 -0.308269
BONE = 33
BONE_NAME = connectBone01
PARENT_ID = 32
LOCALTM 
MAT 0.207276 -0.0155088 -0.97816 0.0
MAT 0.195545 0.980352 0.0258933 0.0
MAT 0.95854 -0.196641 0.206237 0.0
MAT 0.0217831 0.0 0.0 1.0
WORLDTM 
MAT -1.19734 -0.290907 0.00782229 0.0
MAT 0.118118 -0.516079 -1.11267 0.0
MAT 0.265963 -1.08044 0.529365 0.0
MAT 0.089118 0.589104 -0.0829352 1.0
VERTEX = 9
-0.031364 0.558662 -0.0949885
-0.0281309 0.55167 -0.0826012
-0.0413204 0.554953 -0.0773057
-0.0445535 0.561945 -0.089693
-0.0331813 0.56318 -0.0842341
-0.032858 0.562481 -0.0829954
-0.0341769 0.562809 -0.0824658
-0.0345003 0.563509 -0.0837046
-0.0336791 0.562995 -0.08335
INDEX = 14
4 5 7
6 7 5
1 2 5
6 5 2
0 1 4
5 4 1
7 6 3
2 3 6
4 7 0
3 0 7
8 1 0
8 2 1
8 3 2
8 0 3
FACE-NORMAL = 14
-0.365124 -0.848295 -0.383511
-0.365124 -0.848295 -0.383511
-0.409 -0.211206 -0.887756
-0.409 -0.211206 -0.887756
-0.916335 -0.400193 0.0132795
-0.916335 -0.400193 0.0132794
0.427824 -0.734765 -0.52639
0.427824 -0.734765 -0.52639
-0.0795106 -0.923753 0.374646
-0.0795105 -0.923752 0.374646
0.897541 0.440693 0.0144853
0.414906 0.260907 0.871654
-0.381178 0.758977 0.527881
0.101458 0.938763 -0.329288
BONE = 34
BONE_NAME = BoneLegR
PARENT_ID = 33
LOCALTM 
MAT 0.65422 0.789132 0.592205 0.0
MAT -0.979948 0.602265 0.280029 0.0
MAT -0.114618 -0.644971 0.986064 0.0
MAT 0.101838 -0.000374451 -0.00307539 1.0
WORLDTM 
MAT -0.53261 -1.23741 -0.55943 0.0
MAT 1.31895 -0.328297 -0.529547 0.0
MAT 0.323311 -0.699185 1.23873 0.0
MAT -0.0336791 0.562995 -0.08335 1.0
VERTEX = 9
-0.121418 0.341134 -0.184428
-0.115246 0.346326 -0.172274
-0.128435 0.349609 -0.166979
-0.134608 0.344417 -0.179133
-0.124151 0.351563 -0.179618
-0.123533 0.352082 -0.178403
-0.124852 0.352411 -0.177873
-0.12547 0.351891 -0.179089
-0.124501 0.351987 -0.178746
INDEX = 14
4 5 7
6 7 5
1 2 5
6 5 2
0 1 4
5 4 1
7 6 3
2 3 6
4 7 0
3 0 7
8 1 0
8 2 1
8 3 2
8 0 3
FACE-NORMAL = 14
-0.0582906 -0.906988 0.417103
-0.0582906 -0.906988 0.417103
-0.353508 -0.87134 -0.340292
