EXPORTER_V17
ANIMATION_EXPORT
BONEOBJECT_COUNT = 58
VERTEX = 9
0.00729355 0.00729355 -0.00729355
0.00729355 0.00729355 0.00729355
0.00729355 -0.00729355 0.00729355
0.00729355 -0.00729355 -0.00729355
0.0 0.000729355 -0.000729355
0.0 0.000729355 0.000729355
0.0 -0.000729355 0.000729355
0.0 -0.000729355 -0.000729355
0.0 0.0 0.0
INDEX = 14
4 5 7
6 7 5
1 2 5
6 5 2
0 1 4
5 4 1
7 6 3
2 3 6
4 7 0
3 0 7
8 1 0
8 2 1
8 3 2
8 0 3
FACE-NORMAL = 14
1.0 0.0 0.0
1.0 0.0 0.0
0.668965 0.0 -0.743294
0.668965 0.0 -0.743294
0.668965 -0.743294 0.0
0.668965 -0.743294 0.0
0.668965 0.743294 0.0
0.668965 0.743294 0.0
0.668965 0.0 0.743294
0.668965 0.0 0.743294
-0.707107 0.707107 0.0
-0.707107 0.0 0.707107
-0.707107 -0.707107 0.0
-0.707107 0.0 -0.707107
BONE = 0
BONE_NAME = Main
PARENT_ID = -1
LOCALTM 
MAT 1.45871 0.0 0.0 0.0
MAT 0.0 1.45871 0.0 0.0
MAT 0.0 0.0 1.45871 0.0
MAT 0.0 0.0 0.0 1.0
WORLDTM 
MAT 1.45871 0.0 0.0 0.0
MAT 0.0 1.45871 0.0 0.0
MAT 0.0 0.0 1.45871 0.0
MAT 0.0 0.0 0.0 1.0
VERTEX = 9
0.0356191 0.641762 -0.020287
0.0356191 0.641762 -0.00569993
0.0355163 0.627175 -0.00569993
0.0355163 0.627175 -0.020287
0.0282795 0.635249 -0.0137228
0.0282795 0.635249 -0.0122641
0.0282692 0.63379 -0.0122641
0.0282692 0.63379 -0.0137228
0.0282743 0.63452 -0.0129935
INDEX = 14
4 5 7
6 7 5
1 2 5
6 5 2
0 1 4
5 4 1
7 6 3
2 3 6
4 7 0
3 0 7
8 1 0
8 2 1
8 3 2
8 0 3
FACE-NORMAL = 14
0.999975 -0.00704238 0.0
0.999975 -0.00704238 0.0
0.668948 -0.0047111 -0.743294
0.668948 -0.00471111 -0.743294
0.663714 -0.747987 0.0
0.663714 -0.747987 0.0
0.674183 0.738565 0.0
0.674183 0.738565 0.0
0.668948 -0.00471111 0.743294
0.668948 -0.0047111 0.743294
-0.70211 0.712069 0.0
-0.707089 0.00497972 0.707107
-0.712069 -0.70211 0.0
-0.707089 0.00497972 -0.707107
BONE = 1
BONE_NAME = Root
PARENT_ID = 0
LOCALTM 
MAT 0.999975 -0.00704238 0.0 0.0
MAT 0.00704238 0.999975 0.0 0.0
MAT 0.0 0.0 1.0 0.0
MAT 0.0193831 0.434987 -0.00890752 1.0
WORLDTM 
MAT 1.45867 -0.0102728 0.0 0.0
MAT 0.0102728 1.45867 0.0 0.0
MAT 0.0 0.0 1.45871 0.0
MAT 0.0282743 0.63452 -0.0129935 1.0
VERTEX = 9
0.0346949 0.66761 -0.0202755
0.0201079 0.667661 -0.0202986
0.0200848 0.667661 -0.0057115
0.0346718 0.66761 -0.00568839
0.0280948 0.660339 -0.0137216
0.0266361 0.660344 -0.013724
0.0266338 0.660344 -0.0122652
0.0280925 0.660339 -0.0122629
0.0273643 0.660342 -0.0129934
INDEX = 14
4 5 7
6 7 5
1 2 5
6 5 2
0 1 4
5 4 1
7 6 3
2 3 6
4 7 0
3 0 7
8 1 0
8 2 1
8 3 2
8 0 3
FACE-NORMAL = 14
0.00350557 0.999994 -5.60341e-006
0.00350557 0.999994 -5.60341e-006
0.745634 0.666355 0.00117378
0.745634 0.666355 0.00117378
0.0011676 0.668969 0.743289
0.0011676 0.668969 0.743289
0.00352261 0.668952 -0.743297
0.00352261 0.668952 -0.743297
-0.740943 0.671566 -0.00118128
-0.740944 0.671566 -0.00118128
-0.00135863 -0.70711 -0.707102
-0.70958 -0.704624 -0.00111624
-0.003599 -0.707095 0.70711
0.704623 -0.709581 0.00112416
BONE = 2
BONE_NAME = BoneBack01
PARENT_ID = 1
LOCALTM 
MAT -0.00353685 0.999994 -5.60341e-006 0.0
MAT 0.00158422 0.0 -0.999999 0.0
MAT -0.999993 -0.00353686 -0.00158421 0.0
MAT -0.00074851 0.0176972 0.0 1.0
WORLDTM 
MAT 0.00511361 1.4587 -8.17374e-006 0.0
MAT 0.00231085 -1.62747e-005 -1.45871 0.0
MAT -1.4587 0.00511359 -0.0023109 0.0
MAT 0.0273643 0.660342 -0.0129934 1.0
VERTEX = 9
0.0339384 0.741013 -0.0211062
0.0194576 0.740921 -0.0193515
0.0212123 0.740921 -0.00487028
0.0356932 0.741014 -0.00662504
0.0282577 0.733678 -0.0138055
0.0268096 0.733669 -0.0136301
0.0269851 0.733669 -0.0121819
0.0284332 0.733678 -0.0123574
0.0276214 0.733674 -0.0129937
INDEX = 14
4 5 7
6 7 5
1 2 5
6 5 2
0 1 4
5 4 1
7 6 3
2 3 6
4 7 0
3 0 7
8 1 0
8 2 1
8 3 2
8 0 3
FACE-NORMAL = 14
-0.00630522 0.99998 0.000752726
-0.00630522 0.99998 0.000752726
0.733663 0.673671 -0.0889111
0.733663 0.673671 -0.0889111
0.0851981 0.668959 0.7384
0.0851981 0.668959 0.7384
-0.093634 0.668943 -0.737393
-0.093634 0.668943 -0.737393
-0.742099 0.664231 0.0899182
-0.742099 0.664231 0.0899182
-0.0806044 -0.7071 -0.702504
-0.697499 -0.711583 0.0845292
0.0895212 -0.707085 0.701439
0.706416 -0.702602 -0.0855937
BONE = 3
BONE_NAME = BoneBack02
PARENT_ID = 2
LOCALTM 
MAT 0.999951 -0.000773869 0.00980945 0.0
MAT -0.000426894 0.992547 0.121869 0.0
MAT -0.00983067 -0.121867 0.992498 0.0
MAT 0.0502721 0.0 0.0 1.0
WORLDTM 
MAT -0.00919747 1.45868 0.00109801 0.0
MAT -0.175478 -1.5676e-005 -1.44812 0.0
MAT -1.44809 -0.00926279 0.175476 0.0
MAT 0.0276214 0.733674 -0.0129937 1.0
VERTEX = 9
-0.0999844 0.858912 0.235602
-0.0985021 0.858912 0.247835
-0.0971136 0.846669 0.247667
-0.0985959 0.846669 0.235434
-0.104769 0.852703 0.241767
-0.104621 0.852703 0.242991
-0.104482 0.851479 0.242974
-0.10463 0.851479 0.241751
-0.104626 0.852091 0.242371
INDEX = 14
4 5 7
6 7 5
1 2 5
6 5 2
0 1 4
5 4 1
7 6 3
2 3 6
4 7 0
3 0 7
8 1 0
8 2 1
8 3 2
8 0 3
FACE-NORMAL = 14
0.986322 0.113504 -0.119521
0.986322 0.113504 -0.119521
0.570398 0.0759229 -0.817852
0.570399 0.0759229 -0.817852
0.743569 -0.662561 -0.0900967
0.743569 -0.662561 -0.0900967
0.57606 0.81442 -0.0698139
0.57606 0.81442 -0.0698139
0.749231 0.0759368 0.657941
0.749231 0.0759368 0.657941
-0.777112 0.622278 0.0941618
-0.612372 -0.0802525 0.786486
-0.617758 -0.782796 0.0748664
-0.782498 -0.0802657 -0.617458
BONE = 4
BONE_NAME = BoneBackPack02
PARENT_ID = 3
LOCALTM 
MAT 0.0905474 -2.73222e-007 -0.839852 0.0
MAT 0.839854 -6.82558e-007 0.090547 0.0
MAT -1.16305e-006 -0.844719 -3.25943e-007 0.0
MAT 0.0818815 -0.162885 0.110544 1.0
WORLDTM 
MAT 1.21535 0.139859 -0.147274 0.0
MAT -0.138844 1.22424 0.0168119 0.0
MAT 0.14823 1.15484e-005 1.22325 0.0
MAT -0.104626 0.852091 0.242371 1.0
VERTEX = 9
0.263897 0.866597 0.191874
0.26538 0.866597 0.204106
0.264945 0.854283 0.204159
0.263463 0.854283 0.191926
0.258257 0.861275 0.198143
0.258405 0.861275 0.199366
0.258361 0.860043 0.199371
0.258213 0.860043 0.198148
0.258309 0.860659 0.198757
INDEX = 14
4 5 7
6 7 5
1 2 5
6 5 2
0 1 4
5 4 1
7 6 3
2 3 6
4 7 0
3 0 7
8 1 0
8 2 1
8 3 2
8 0 3
FACE-NORMAL = 14
0.992112 -0.0355176 -0.120221
0.992112 -0.0355176 -0.120221
0.574272 -0.0237673 -0.81832
0.574272 -0.0237673 -0.81832
0.63748 -0.766585 -0.0772395
0.63748 -0.766585 -0.0772396
0.689895 0.719065 -0.0836074
0.689895 0.719065 -0.0836074
0.753104 -0.0237528 0.657473
0.753104 -0.0237528 0.657473
-0.676597 0.731776 0.08198
-0.616466 0.0251217 0.786981
-0.726461 -0.681546 0.0880379
-0.786592 0.0251078 -0.616963
BONE = 5
BONE_NAME = BoneBackPack01
PARENT_ID = 3
LOCALTM 
MAT -0.0353624 -2.58754e-007 -0.843978 0.0
MAT 0.84398 -2.77165e-007 -0.0353631 0.0
MAT -8.04935e-007 -0.844719 -2.38807e-007 0.0
MAT 0.0861638 -0.163134 -0.140084 1.0
WORLDTM 
MAT 1.22248 -0.0437648 -0.148136 0.0
MAT 0.0434464 1.23142 -0.00527826 0.0
MAT 0.14823 1.20699e-005 1.22325 0.0
MAT 0.258309 0.860659 0.198757 1.0
VERTEX = 9
0.0136633 0.865985 -0.0944635
0.0158381 0.872327 -0.0841252
0.0279662 0.871289 -0.0860392
0.0257913 0.864947 -0.0963775
0.0201564 0.863115 -0.0874598
0.0203738 0.863749 -0.086426
0.0215866 0.863645 -0.0866174
0.0213692 0.863011 -0.0876512
0.0208715 0.86338 -0.0870386
INDEX = 14
4 5 7
6 7 5
1 2 5
6 5 2
0 1 4
5 4 1
7 6 3
2 3 6
4 7 0
3 0 7
8 1 0
8 2 1
8 3 2
8 0 3
FACE-NORMAL = 14
-0.00921492 0.853221 -0.521468
-0.00921492 0.853221 -0.521468
-0.137355 0.188209 -0.972477
-0.137355 0.188209 -0.972477
0.725429 0.50811 -0.464303
0.725429 0.50811 -0.464303
-0.737757 0.63344 -0.233384
-0.737757 0.63344 -0.233384
0.125026 0.953341 0.27479
0.125026 0.953341 0.27479
-0.68946 -0.543704 0.478572
0.131319 -0.239378 0.962005
0.702491 -0.662932 0.258895
-0.118287 -0.967259 -0.224538
BONE = 6
BONE_NAME = BoneHead
PARENT_ID = 3
LOCALTM 
MAT 0.720435 0.438223 -0.0498383 0.0
MAT 0.0765556 -0.0302443 0.840701 0.0
MAT 0.434353 -0.721523 -0.0655103 0.0
MAT 0.0889079 0.0509475 -0.00207726 1.0
WORLDTM 
MAT -0.0113546 1.05134 -0.642552 0.0
MAT -1.2128 0.103883 0.191404 0.0
MAT 0.217481 0.6342 1.03383 0.0
MAT 0.0208715 0.86338 -0.0870386 1.0
VERTEX = 9
0.0124338 0.979822 -0.164038
0.0146086 0.986164 -0.1537
0.0267367 0.985126 -0.155614
0.0245619 0.978784 -0.165952
0.0189269 0.976952 -0.157034
0.0191444 0.977586 -0.156001
0.0203572 0.977483 -0.156192
0.0201397 0.976848 -0.157226
0.019642 0.977217 -0.156613
INDEX = 14
4 5 7
6 7 5
1 2 5
6 5 2
0 1 4
5 4 1
7 6 3
2 3 6
4 7 0
3 0 7
8 1 0
8 2 1
8 3 2
8 0 3
FACE-NORMAL = 14
-0.00921546 0.853221 -0.521468
-0.00921546 0.853221 -0.521468
-0.137355 0.188209 -0.972477
-0.137355 0.188209 -0.972477
0.725429 0.50811 -0.464303
0.725429 0.50811 -0.464303
-0.737757 0.63344 -0.233385
-0.737757 0.633439 -0.233385
0.125026 0.953341 0.27479
0.125026 0.953341 0.27479
-0.68946 -0.543704 0.478572
0.13132 -0.239378 0.962005
0.702491 -0.662932 0.258896
-0.118287 -0.967259 -0.224538
BONE = 7
BONE_NAME = Bone06
PARENT_ID = 6
LOCALTM 
MAT 0.999998 4.61936e-007 -5.36442e-007 0.0
MAT 6.92904e-007 1.0 -1.49012e-007 0.0
MAT -5.96046e-007 -1.60187e-007 1.0 0.0
MAT 0.108278 0.0 0.0 1.0
WORLDTM 
MAT -0.0113553 1.05134 -0.642551 0.0
MAT -1.21281 0.103884 0.191404 0.0
MAT 0.217481 0.634199 1.03383 0.0
MAT 0.019642 0.977217 -0.156613 1.0
VERTEX = 9
0.0246888 0.951726 -0.13888
0.027076 0.954769 -0.129658
0.0266491 0.945315 -0.126428
0.0242618 0.942272 -0.13565
0.0207202 0.949423 -0.132213
0.0209589 0.949728 -0.131291
0.0209162 0.948782 -0.130968
0.0206775 0.948478 -0.13189
0.0208182 0.949103 -0.13159
INDEX = 14
4 5 7
6 7 5
1 2 5
6 5 2
0 1 4
5 4 1
7 6 3
2 3 6
4 7 0
3 0 7
8 1 0
8 2 1
8 3 2
8 0 3
FACE-NORMAL = 14
0.970148 -0.116485 -0.212708
0.970148 -0.116485 -0.212708
0.471551 -0.304094 -0.827748
0.471551 -0.304094 -0.827748
0.617258 -0.780659 0.0977944
0.617258 -0.780659 0.0977944
0.680732 0.62481 -0.382383
0.680731 0.62481 -0.382383
0.826439 0.148245 0.54316
0.826439 0.148245 0.54316
-0.655806 0.75089 -0.0779925
-0.517193 0.297526 0.80249
-0.71619 -0.586155 0.378807
-0.854803 -0.132791 -0.501675
BONE = 8
BONE_NAME = Ref_Head
PARENT_ID = 6
LOCALTM 
MAT 0.00210501 -0.809719 -0.0545277 0.0
MAT 0.791032 -0.0101393 0.181087 0.0
MAT -0.181359 -0.0536178 0.789213 0.0
MAT 0.0782123 0.000291385 0.00546321 1.0
WORLDTM 
MAT 0.970148 -0.116485 -0.212708 0.0
MAT 0.0426982 0.945435 -0.323007 0.0
MAT 0.238726 0.30428 0.922183 0.0
MAT 0.0208182 0.949103 -0.13159 1.0
VERTEX = 9
0.0304283 0.913194 -0.0192799
0.0316313 0.913194 -0.0093525
0.0315614 0.903194 -0.00934392
0.0303584 0.903194 -0.0192713
0.0259747 0.908729 -0.0142072
0.026095 0.908729 -0.0132145
0.026088 0.907729 -0.0132136
0.0259677 0.907729 -0.0142064
0.0260313 0.908229 -0.0137104
INDEX = 14
4 5 7
6 7 5
1 2 5
6 5 2
0 1 4
5 4 1
7 6 3
2 3 6
4 7 0
3 0 7
8 1 0
8 2 1
8 3 2
8 0 3
FACE-NORMAL = 14
0.992713 -0.00704262 -0.120295
0.992713 -0.00704262 -0.120295
0.574674 -0.00471857 -0.818369
0.574674 -0.00471857 -0.818369
0.658894 -0.747987 -0.079835
0.658894 -0.747987 -0.079835
0.669286 0.738564 -0.0811106
0.669286 0.738564 -0.0811106
0.753507 -0.00470396 0.657423
0.753507 -0.00470396 0.657423
-0.697011 0.712069 0.0844544
-0.616891 0.00498684 0.787033
-0.706897 -0.702109 0.0856678
-0.787018 0.00497294 -0.61691
BONE = 9
BONE_NAME = Box_RtShoulder
PARENT_ID = 3
LOCALTM 
MAT -0.00918094 1.28783e-007 -0.685476 0.0
MAT 0.685477 -2.56813e-007 -0.00918146 0.0
MAT -6.33914e-007 -0.685537 -5.79222e-007 0.0
MAT 0.119668 0.000617534 0.000263141 1.0
WORLDTM 
MAT 0.992713 -0.00704262 -0.120294 0.0
MAT 0.00699094 0.999976 -0.000858091 0.0
MAT 0.120298 9.82732e-006 0.992738 0.0
MAT 0.0260313 0.908229 -0.0137104 1.0
VERTEX = 9
0.0151814 0.914346 -0.0282825
0.0154595 0.900106 -0.0251297
0.0212299 0.90311 -0.0120735
0.0209518 0.91735 -0.0152263
0.0246004 0.908791 -0.0238336
0.0246282 0.907367 -0.0235183
0.0252052 0.907667 -0.0222127
0.0251774 0.909091 -0.0225279
0.0249028 0.908229 -0.0230231
INDEX = 14
4 5 7
6 7 5
1 2 5
6 5 2
0 1 4
5 4 1
7 6 3
2 3 6
4 7 0
3 0 7
8 1 0
8 2 1
8 3 2
8 0 3
FACE-NORMAL = 14
-0.918232 0.0684307 0.390085
-0.918232 0.0684307 0.390085
-0.628439 0.771365 0.100301
-0.628439 0.771365 0.100301
-0.320231 0.198823 0.926241
-0.320231 0.198823 0.926241
-0.908299 -0.107268 -0.404334
-0.908299 -0.107268 -0.404334
-0.600091 -0.679809 0.421606
-0.600091 -0.679809 0.421606
0.369569 -0.193982 -0.90873
0.662773 -0.73865 -0.123001
0.929008 0.0972065 0.357066
0.635804 0.641873 -0.428663
BONE = 10
BONE_NAME = BoneShoulderR
PARENT_ID = 9
LOCALTM 
MAT -1.39883 0.0899672 0.403759 0.0
MAT -0.413661 -0.303258 -1.36556 0.0
MAT -0.000283137 -1.424 0.316321 0.0
MAT 0.0 0.0 -0.0093808 1.0
WORLDTM 
MAT -1.33943 0.0998204 0.569021 0.0
MAT -0.57704 -0.30035 -1.30562 0.0
MAT 0.0278165 -1.42396 0.315279 0.0
MAT 0.0249028 0.908229 -0.0230231 1.0
VERTEX = 9
-0.301875 0.924916 0.10913
-0.28814 0.920372 0.107262
-0.284497 0.926071 0.120186
-0.298232 0.930615 0.122054
-0.292406 0.931754 0.110855
-0.291033 0.931299 0.110668
-0.290669 0.931869 0.111961
-0.292042 0.932324 0.112147
-0.291538 0.931811 0.111408
INDEX = 14
4 5 7
6 7 5
1 2 5
6 5 2
0 1 4
5 4 1
7 6 3
2 3 6
4 7 0
3 0 7
8 1 0
8 2 1
8 3 2
8 0 3
FACE-NORMAL = 14
-0.225984 -0.866204 0.445671
-0.225984 -0.866204 0.445671
-0.851042 -0.347906 0.393306
-0.851042 -0.347906 0.393306
0.0344557 -0.289057 0.956692
0.0344557 -0.289057 0.956692
-0.336807 -0.869863 -0.360416
-0.336807 -0.869863 -0.360417
0.54869 -0.811013 0.202971
0.54869 -0.811013 0.202971
-0.0167988 0.336234 -0.941629
0.825588 0.392218 -0.405671
0.336389 0.888763 0.311356
-0.505998 0.832778 -0.224603
BONE = 11
BONE_NAME = BoneArmR
PARENT_ID = 10
LOCALTM 
MAT 0.32208 -0.131151 0.937584 0.0
MAT -0.143029 0.97225 0.185132 0.0
MAT -0.935845 -0.193729 0.294385 0.0
MAT 0.23625 0.0 0.0 1.0
WORLDTM 
MAT -0.329645 -1.26354 0.650105 0.0
MAT -0.3643 -0.569913 -1.29241 0.0
MAT 1.37348 -0.454421 -0.186765 0.0
MAT -0.291538 0.931811 0.111408 1.0
VERTEX = 9
-0.343572 0.76207 0.189095
-0.32908 0.760454 0.188704
-0.329959 0.7501 0.198942
-0.344451 0.751716 0.199333
-0.33674 0.761757 0.198718
-0.335291 0.761595 0.198679
-0.335379 0.76056 0.199703
-0.336828 0.760721 0.199742
-0.336059 0.761158 0.19921
INDEX = 14
4 5 7
6 7 5
1 2 5
6 5 2
0 1 4
5 4 1
7 6 3
2 3 6
4 7 0
3 0 7
8 1 0
8 2 1
8 3 2
8 0 3
FACE-NORMAL = 14
-0.0967914 -0.695629 -0.711851
-0.0967914 -0.695629 -0.711851
-0.803198 -0.382989 -0.456281
-0.803198 -0.382989 -0.456281
-0.109521 -0.992945 0.045455
-0.109521 -0.992945 0.0454548
-0.0199788 0.0622418 -0.997861
-0.0199787 0.062242 -0.997861
0.673698 -0.547714 -0.496125
0.673699 -0.547714 -0.496125
0.111033 0.993791 0.00709346
0.770938 0.413532 0.484402
0.0258503 -0.0100233 0.999616
-0.634055 0.570237 0.522306
BONE = 12
BONE_NAME = BoneForeArmR
PARENT_ID = 11
LOCALTM 
MAT 0.307181 0.92665 0.216711 0.0
MAT -0.941227 0.329445 -0.0745484 0.0
MAT -0.140475 -0.181074 0.973383 0.0
MAT 0.135059 0.0 0.0 1.0
WORLDTM 
MAT -0.141191 -1.01472 -1.03839 0.0
MAT 0.0878634 1.0354 -1.02375 0.0
MAT 1.44919 -0.161634 -0.0390959 0.0
MAT -0.336059 0.761158 0.19921 1.0
VERTEX = 9
-0.382603 0.4878 0.00998498
-0.380072 0.480636 0.0164862
-0.383089 0.473666 0.00998001
-0.385619 0.480831 0.00347875
-0.387418 0.481597 0.0119451
-0.387165 0.480881 0.0125952
-0.387466 0.480184 0.0119446
-0.387719 0.4809 0.0112945
-0.387442 0.480891 0.0119448
INDEX = 14
4 5 7
6 7 5
1 2 5
6 5 2
0 1 4
5 4 1
7 6 3
2 3 6
4 7 0
3 0 7
8 1 0
8 2 1
8 3 2
8 0 3
FACE-NORMAL = 14
0.919227 -0.0314705 -0.392467
0.919227 -0.0314705 -0.392467
0.426843 0.511481 -0.745783
0.426843 0.511481 -0.745783
0.390722 -0.539072 -0.746148
0.390722 -0.539072 -0.746148
0.83914 0.496968 0.221056
0.83914 0.496968 0.221056
0.803018 -0.553586 0.220689
0.803018 -0.553586 0.22069
-0.436699 0.515053 0.737574
-0.471062 -0.484354 0.737226
-0.863286 -0.470548 -0.182543
-0.828922 0.52886 -0.182194
BONE = 13
BONE_NAME = Object02
PARENT_ID = 12
LOCALTM 
MAT 0.145538 0.211469 0.635662 0.0
MAT -0.669868 0.0385483 0.140544 0.0
MAT 0.00760758 -0.650963 0.214819 0.0
MAT 0.228449 -0.0484013 -0.0102643 1.0
WORLDTM 
MAT 0.919228 -0.0314706 -0.392468 0.0
MAT 0.301642 0.696926 0.650622 0.0
MAT 0.253045 -0.716448 0.650126 0.0
MAT -0.387442 0.480891 0.0119448 1.0
VERTEX = 9
-0.352371 0.630083 0.050463
-0.351726 0.623125 0.0576155
-0.352958 0.615956 0.0507527
-0.353604 0.622915 0.0436002
-0.357587 0.623946 0.0512534
-0.357522 0.62325 0.0519687
-0.357646 0.622533 0.0512824
-0.35771 0.623229 0.0505671
-0.357616 0.623239 0.0512679
INDEX = 14
4 5 7
6 7 5
1 2 5
6 5 2
0 1 4
5 4 1
7 6 3
2 3 6
4 7 0
3 0 7
8 1 0
8 2 1
8 3 2
8 0 3
FACE-NORMAL = 14
0.990278 -0.0438432 -0.132009
0.990278 -0.0438432 -0.132009
0.614491 0.487913 -0.619953
0.614491 0.487913 -0.619953
0.570872 -0.562137 -0.598421
0.570872 -0.562137 -0.598421
0.754051 0.503477 0.421802
0.754051 0.503477 0.421802
0.710432 -0.546572 0.443334
0.710432 -0.546573 0.443334
-0.613102 0.537869 0.578621
-0.654598 -0.461059 0.599105
-0.787363 -0.475865 -0.391933
-0.745868 0.523063 -0.412416
BONE = 14
BONE_NAME = Mesh01
PARENT_ID = 12
LOCALTM 
MAT 0.0196199 0.0830695 0.680205 0.0
MAT -0.68492 0.023702 0.0168611 0.0
MAT -0.0214755 -0.680071 0.0836732 0.0
MAT 0.139397 0.00317737 -0.00148669 1.0
WORLDTM 
MAT 0.990277 -0.0438431 -0.132009 0.0
MAT 0.123222 0.71682 0.686287 0.0
MAT 0.0645374 -0.695878 0.715252 0.0
MAT -0.357616 0.623239 0.0512679 1.0
VERTEX = 9
-0.395966 0.480966 0.169747
-0.399998 0.472209 0.172402
-0.390935 0.467986 0.172236
-0.386903 0.476743 0.169581
-0.394336 0.473955 0.166047
-0.394739 0.473079 0.166313
-0.393833 0.472657 0.166296
-0.393429 0.473533 0.16603
-0.394084 0.473306 0.166171
INDEX = 14
4 5 7
6 7 5
1 2 5
6 5 2
0 1 4
5 4 1
7 6 3
2 3 6
4 7 0
3 0 7
8 1 0
8 2 1
8 3 2
8 0 3
FACE-NORMAL = 14
0.126687 0.23397 0.963955
0.126687 0.23397 0.963955
0.384457 0.807442 0.44747
0.384457 0.807442 0.447471
0.758391 -0.157393 0.632511
0.758391 -0.157393 0.632511
-0.588893 0.470429 0.657192
-0.588893 0.470429 0.657192
-0.214958 -0.494406 0.842233
-0.214958 -0.494406 0.842233
-0.730427 0.133186 -0.669879
-0.374698 -0.784676 -0.493847
0.551265 -0.46407 -0.693358
0.195535 0.453792 -0.86939
BONE = 15
BONE_NAME = Star2Part10shell
PARENT_ID = 12
LOCALTM 
MAT -0.590395 -0.344703 0.0507982 0.0
MAT -0.149363 0.16009 -0.649634 0.0
MAT 0.314783 -0.570537 -0.212974 0.0
MAT 0.157244 -0.126568 -0.0170458 1.0
WORLDTM 
MAT 0.126688 0.233972 0.963961 0.0
MAT -0.90629 0.422322 0.016602 0.0
MAT -0.403214 -0.875727 0.265549 0.0
MAT -0.394084 0.473306 0.166171 1.0
VERTEX = 9
-0.40937 0.389397 -0.137687
-0.409346 0.381185 -0.131981
-0.412303 0.375729 -0.139822
-0.412327 0.383941 -0.145528
-0.415466 0.384081 -0.137427
-0.415464 0.38326 -0.136856
-0.415759 0.382714 -0.137641
-0.415762 0.383535 -0.138211
-0.415613 0.383397 -0.137534
INDEX = 14
4 5 7
6 7 5
1 2 5
6 5 2
0 1 4
5 4 1
7 6 3
2 3 6
4 7 0
3 0 7
8 1 0
8 2 1
8 3 2
8 0 3
FACE-NORMAL = 14
0.95527 -0.166879 -0.244152
0.95527 -0.166879 -0.244152
0.63728 0.498781 -0.587445
0.63728 0.498781 -0.587445
0.419233 -0.51721 -0.746149
0.419233 -0.51721 -0.746149
0.858852 0.293938 0.419492
0.858852 0.293938 0.419492
0.640804 -0.722053 0.260786
0.640804 -0.722053 0.260786
-0.46637 0.503829 0.727087
-0.673802 -0.462698 0.576109
-0.884587 -0.267827 -0.381805
-0.677154 0.6987 -0.230826
BONE = 16
BONE_NAME = HitTestFuzzy01
PARENT_ID = 12
LOCALTM 
MAT 0.135342 0.0757096 0.66777 0.0
MAT -0.662473 -0.0995317 0.145552 0.0
MAT 0.113024 -0.674033 0.0535136 0.0
MAT 0.349756 -0.0250868 -0.0192982 1.0
WORLDTM 
MAT 0.955271 -0.16688 -0.244152 0.0
MAT 0.295723 0.545645 0.784107 0.0
MAT 0.00237086 -0.821231 0.570588 0.0
MAT -0.415613 0.383397 -0.137534 1.0
VERTEX = 9
-0.250121 0.697405 0.383394
-0.25079 0.707383 0.383464
-0.248293 0.707482 0.393147
-0.247623 0.697505 0.393077
-0.254128 0.701607 0.389032
-0.254195 0.702605 0.389039
-0.253946 0.702614 0.390007
-0.253879 0.701617 0.39
-0.254037 0.702111 0.389519
INDEX = 14
4 5 7
6 7 5
1 2 5
6 5 2
0 1 4
5 4 1
7 6 3
2 3 6
4 7 0
3 0 7
8 1 0
8 2 1
8 3 2
8 0 3
FACE-NORMAL = 14
0.966 0.0666035 -0.249816
0.966 0.0666035 -0.249816
0.696001 -0.697052 -0.172339
0.696001 -0.697052 -0.172339
0.831833 0.0519476 0.552589
0.831834 0.0519476 0.552589
0.460606 0.0371633 -0.886826
0.460606 0.0371633 -0.886826
0.596439 0.786161 -0.161897
0.596439 0.786161 -0.161897
-0.859642 -0.0541281 -0.508021
-0.730423 0.658407 0.181614
-0.506488 -0.0400635 0.861316
-0.635708 -0.752597 0.17168
BONE = 17
BONE_NAME = Bone_HoseRt
PARENT_ID = 10
LOCALTM 
MAT -0.671761 -0.118083 -0.0689576 0.0
MAT -0.102205 0.663246 -0.140077 0.0
MAT 0.0908424 -0.126981 -0.667521 0.0
MAT 0.27624 -0.148394 0.195415 1.0
WORLDTM 
MAT 0.965999 0.0666035 -0.249816 0.0
MAT -0.249719 -0.00994518 -0.968268 0.0
MAT -0.0669724 0.99773 0.00702413 0.0
MAT -0.254037 0.702111 0.389519 1.0
VERTEX = 9
0.0316335 0.913201 -0.0193419
0.0328365 0.913202 -0.00941456
0.0327666 0.903202 -0.00940598
0.0315636 0.903202 -0.0193334
0.0271799 0.908737 -0.0142693
0.0273002 0.908737 -0.0132766
0.0272932 0.907737 -0.0132757
0.0271729 0.907737 -0.0142684
0.0272365 0.908237 -0.0137725
INDEX = 14
4 5 7
6 7 5
1 2 5
6 5 2
0 1 4
5 4 1
7 6 3
2 3 6
4 7 0
3 0 7
8 1 0
8 2 1
8 3 2
8 0 3
FACE-NORMAL = 14
0.992713 -0.00704262 -0.120295
0.992713 -0.00704262 -0.120295
0.574674 -0.00471857 -0.818369
0.574674 -0.00471857 -0.818369
0.658894 -0.747987 -0.079835
0.658894 -0.747987 -0.079835
0.669286 0.738564 -0.0811106
0.669286 0.738564 -0.0811106
0.753507 -0.00470396 0.657423
0.753507 -0.00470396 0.657423
-0.697011 0.712069 0.0844544
-0.616891 0.00498684 0.787033
-0.706897 -0.702109 0.0856678
-0.787018 0.00497294 -0.61691
BONE = 18
BONE_NAME = Box_LftShoulder
PARENT_ID = 3
LOCALTM 
MAT -0.00918094 1.28783e-007 -0.685476 0.0
MAT 0.685477 -2.56813e-007 -0.00918146 0.0
MAT -6.33914e-007 -0.685537 -5.79222e-007 0.0
MAT 0.119669 0.00056038 -0.000562204 1.0
WORLDTM 
MAT 0.992713 -0.00704262 -0.120294 0.0
MAT 0.00699094 0.999976 -0.000858091 0.0
MAT 0.120298 9.82732e-006 0.992738 0.0
MAT 0.0272365 0.908237 -0.0137725 1.0
VERTEX = 9
0.0323122 0.900849 -0.0312405
0.0324896 0.915435 -0.0312738
0.0343684 0.915445 -0.0168082
0.0341909 0.900859 -0.0167749
0.0260052 0.907507 -0.0238068
0.026023 0.908966 -0.0238101
0.0262108 0.908967 -0.0223635
0.0261931 0.907508 -0.0223602
0.026108 0.908237 -0.0230852
INDEX = 14
4 5 7
6 7 5
1 2 5
6 5 2
0 1 4
5 4 1
7 6 3
2 3 6
4 7 0
3 0 7
8 1 0
8 2 1
8 3 2
8 0 3
FACE-NORMAL = 14
0.991597 -0.0123559 -0.128775
0.991597 -0.0123559 -0.128775
0.654302 -0.751503 -0.0844508
0.654302 -0.751503 -0.0844508
0.759075 -0.00774979 0.650957
0.759075 -0.00774979 0.650957
0.567612 -0.00878155 -0.823249
0.567612 -0.00878155 -0.823249
0.672385 0.734971 -0.0878412
0.672385 0.734971 -0.0878412
-0.792236 0.00824618 -0.61016
-0.692564 0.71579 0.0894451
-0.610094 0.00922772 0.792275
-0.709766 -0.698315 0.0926704
BONE = 19
BONE_NAME = BoneShoulderL
PARENT_ID = 18
LOCALTM 
MAT 1.45864 -0.00775113 -0.0124768 0.0
MAT -0.0124827 -0.00108602 -1.45865 0.0
MAT 0.00774172 1.45869 -0.00115226 0.0
MAT 0.0 0.0 -0.00938079 1.0
WORLDTM 
MAT 1.44645 -0.0180237 -0.187845 0.0
MAT -0.187872 -0.00101241 -1.44656 0.0
MAT 0.0177443 1.4586 -0.00332686 0.0
MAT 0.026108 0.908237 -0.0230852 1.0
VERTEX = 9
0.356486 0.89772 -0.0731435
0.370157 0.899245 -0.0779962
0.375231 0.896124 -0.0646811
0.36156 0.894599 -0.0598284
0.364744 0.904085 -0.0676075
0.366111 0.904238 -0.0680928
0.366619 0.903926 -0.0667613
0.365252 0.903773 -0.066276
0.365681 0.904006 -0.0671844
INDEX = 14
4 5 7
6 7 5
1 2 5
6 5 2
0 1 4
5 4 1
7 6 3
2 3 6
4 7 0
3 0 7
8 1 0
8 2 1
8 3 2
8 0 3
FACE-NORMAL = 14
0.0242799 -0.971229 -0.236905
0.0242799 -0.971229 -0.236905
-0.680393 -0.727449 0.0887904
-0.680393 -0.727449 0.0887903
0.274813 -0.808752 0.519998
0.274813 -0.808752 0.519998
-0.242328 -0.490684 -0.836962
-0.242328 -0.490684 -0.836963
0.712878 -0.571987 -0.405753
0.712878 -0.571987 -0.405753
-0.26315 0.838054 -0.47793
0.645551 0.760709 -0.0677159
0.228814 0.535471 0.812967
-0.679888 0.612816 0.402751
BONE = 20
BONE_NAME = BoneArmL
PARENT_ID = 19
LOCALTM 
MAT 0.0665848 0.23248 -0.970319 0.0
MAT -0.230046 0.949854 0.211793 0.0
MAT 0.970899 0.209118 0.116727 0.0
MAT 0.234763 0.0 0.0 1.0
WORLDTM 
MAT 0.0354173 -1.41674 -0.345576 0.0
MAT -0.507443 0.312105 -1.33151 0.0
MAT 1.36714 0.152547 -0.485269 0.0
MAT 0.365681 0.904006 -0.0671844 1.0
VERTEX = 9
0.358601 0.71941 -0.117022
0.370568 0.725574 -0.122642
0.37764 0.712866 -0.121522
0.365674 0.706702 -0.115902
0.36938 0.718287 -0.11234
0.370577 0.718904 -0.112902
0.371284 0.717633 -0.11279
0.370088 0.717016 -0.112228
0.370332 0.71796 -0.112565
INDEX = 14
4 5 7
6 7 5
1 2 5
6 5 2
0 1 4
5 4 1
7 6 3
2 3 6
4 7 0
3 0 7
8 1 0
8 2 1
8 3 2
8 0 3
FACE-NORMAL = 14
-0.303212 -0.249794 -0.919601
-0.303212 -0.249794 -0.919601
-0.812598 -0.481221 -0.328803
-0.812598 -0.481221 -0.328803
0.157554 -0.814673 -0.558109
0.157554 -0.814672 -0.558109
-0.563231 0.480466 -0.672252
-0.563231 0.480466 -0.672252
0.406919 0.147012 -0.901557
0.406919 0.147013 -0.901557
-0.128443 0.792673 0.595963
0.794477 0.475455 0.377821
0.55725 -0.439412 0.704549
-0.365668 -0.122192 0.92269
BONE = 21
BONE_NAME = BoneForeArmL
PARENT_ID = 20
LOCALTM 
MAT 0.453106 0.891448 -0.00437973 0.0
MAT -0.839732 0.425159 -0.337773 0.0
MAT -0.299247 0.156727 0.941214 0.0
MAT 0.131319 0.0 0.0 1.0
WORLDTM 
MAT -0.442299 -0.364377 -1.34143 0.0
MAT -0.707268 1.27085 -0.112002 0.0
MAT 1.19664 0.61645 -0.562014 0.0
MAT 0.370332 0.71796 -0.112565 1.0
VERTEX = 9
0.324625 0.683742 -0.31581
0.327625 0.674409 -0.313837
0.324561 0.671508 -0.322903
0.321562 0.680842 -0.324876
0.320079 0.67718 -0.317137
0.320379 0.676246 -0.31694
0.320073 0.675956 -0.317846
0.319773 0.676889 -0.318044
0.320076 0.676568 -0.317492
INDEX = 14
4 5 7
6 7 5
1 2 5
6 5 2
0 1 4
5 4 1
7 6 3
2 3 6
4 7 0
3 0 7
8 1 0
8 2 1
8 3 2
8 0 3
FACE-NORMAL = 14
0.90343 0.211492 -0.37294
0.90343 0.211492 -0.37294
0.38142 0.835225 -0.396129
0.38142 0.835225 -0.396129
0.376653 -0.0741383 -0.923383
0.376653 -0.0741383 -0.923383
0.832074 0.357101 0.424419
0.832074 0.357101 0.424419
0.827305 -0.552259 -0.10284
0.827305 -0.55226 -0.10284
-0.422198 0.0555742 0.904799
-0.426733 -0.809517 0.403214
-0.855447 -0.35467 -0.377385
-0.850909 0.510418 0.124204
BONE = 22
BONE_NAME = Object03
PARENT_ID = 21
LOCALTM 
MAT 0.0110998 -0.15435 0.667843 0.0
MAT -0.68492 0.0237031 0.0168609 0.0
MAT -0.0268943 -0.667516 -0.153819 0.0
MAT 0.146724 0.00276989 0.0138711 1.0
WORLDTM 
MAT 0.903427 0.211491 -0.372939 0.0
MAT 0.306351 0.290086 0.906642 0.0
MAT 0.299941 -0.933335 0.197289 0.0
MAT 0.320076 0.676568 -0.317492 1.0
VERTEX = 9
0.355429 0.46312 -0.310894
0.35388 0.466352 -0.320229
0.344606 0.462619 -0.319983
0.346155 0.459387 -0.310647
0.352261 0.458547 -0.316771
0.352106 0.45887 -0.317705
0.351179 0.458497 -0.31768
0.351334 0.458174 -0.316747
0.35172 0.458522 -0.317226
INDEX = 14
4 5 7
6 7 5
1 2 5
6 5 2
0 1 4
5 4 1
7 6 3
2 3 6
4 7 0
3 0 7
8 1 0
8 2 1
8 3 2
8 0 3
FACE-NORMAL = 14
-0.340537 0.869588 0.357562
-0.340537 0.869588 0.357562
-0.112663 0.341482 0.933111
-0.112663 0.341482 0.933111
-0.917124 0.304247 0.257522
-0.917124 0.304247 0.257522
0.461508 0.859201 0.220871
0.461509 0.859201 0.220871
-0.34295 0.821963 -0.454711
-0.34295 0.821963 -0.454711
0.896553 -0.350924 -0.270268
0.131257 -0.386347 -0.912966
-0.41496 -0.878859 -0.235402
0.350333 -0.843435 0.40729
BONE = 23
BONE_NAME = Star2Part05
PARENT_ID = 21
LOCALTM 
MAT -0.30354 0.613733 -0.0340278 0.0
MAT -0.241154 -0.0839988 0.6362 0.0
MAT 0.565388 0.29367 0.253092 0.0
MAT 0.177318 -0.13799 -0.0315722 1.0
WORLDTM 
MAT -0.340537 0.86959 0.357563 0.0
MAT 0.927377 0.373307 -0.0246538 0.0
MAT -0.154912 0.323215 -0.933562 0.0
MAT 0.35172 0.458522 -0.317226 1.0
VERTEX = 9
0.278774 0.568909 -0.603029
0.281586 0.559313 -0.603068
0.280329 0.558985 -0.612983
0.277517 0.568582 -0.612944
0.274717 0.563047 -0.606859
0.274998 0.562087 -0.606863
0.274872 0.562054 -0.607854
0.274591 0.563014 -0.60785
0.274795 0.56255 -0.607357
INDEX = 14
4 5 7
6 7 5
1 2 5
6 5 2
0 1 4
5 4 1
7 6 3
2 3 6
4 7 0
3 0 7
8 1 0
8 2 1
8 3 2
8 0 3
FACE-NORMAL = 14
0.951373 0.279323 -0.129874
0.951373 0.279323 -0.129874
0.427411 0.900152 -0.0839414
0.427411 0.900152 -0.0839415
0.542976 0.162516 -0.823872
0.542976 0.162516 -0.823872
0.729895 0.211199 0.650114
0.729895 0.211199 0.650114
0.845459 -0.526433 -0.0898213
0.845459 -0.526433 -0.0898213
-0.583813 -0.174355 0.792946
-0.473875 -0.876079 0.0890383
-0.761633 -0.220668 -0.60928
-0.871569 0.481053 0.0946318
BONE = 24
BONE_NAME = HitTestFuzzy
PARENT_ID = 21
LOCALTM 
MAT -0.163714 -0.142568 0.650257 0.0
MAT -0.65682 -0.0744243 -0.181687 0.0
MAT 0.10837 -0.666408 -0.118817 0.0
MAT 0.358398 -0.0350184 0.0319342 1.0
WORLDTM 
MAT 0.95137 0.279322 -0.129874 0.0
MAT 0.125735 0.0327475 0.991525 0.0
MAT 0.281216 -0.959637 -0.00395564 0.0
MAT 0.274795 0.56255 -0.607357 1.0
VERTEX = 9
0.46175 0.633669 0.200396
0.462387 0.643335 0.20288
0.465711 0.640783 0.211959
0.465075 0.631117 0.209476
0.458828 0.636746 0.207287
0.458891 0.637713 0.207536
0.459224 0.637458 0.208444
0.45916 0.636491 0.208195
0.459026 0.637102 0.207866
INDEX = 14
4 5 7
6 7 5
1 2 5
6 5 2
0 1 4
5 4 1
7 6 3
2 3 6
4 7 0
3 0 7
8 1 0
8 2 1
8 3 2
8 0 3
FACE-NORMAL = 14
0.940967 0.0247412 -0.337592
0.940967 0.0247412 -0.337592
0.582137 -0.7019 -0.410431
0.582137 -0.7019 -0.410431
0.876584 -0.173128 0.449028
0.876585 -0.173128 0.449028
0.382363 0.206231 -0.900704
0.382363 0.206231 -0.900704
0.676811 0.735001 -0.0412446
0.676811 0.735001 -0.0412445
-0.900444 0.16295 -0.403296
-0.620332 0.665978 0.41432
-0.430284 -0.19794 0.880724
-0.710397 -0.700967 0.0631079
BONE = 25
BONE_NAME = Bone_HoseLft
PARENT_ID = 19
LOCALTM 
MAT 0.669241 0.146412 0.0253337 0.0
MAT -0.148003 0.646474 0.173574 0.0
MAT 0.0131806 -0.174915 0.662716 0.0
MAT 0.276196 -0.195101 -0.18261 1.0
WORLDTM 
MAT 0.940967 0.0247412 -0.337592 0.0
MAT -0.332454 0.255187 -0.907939 0.0
MAT 0.0636862 0.966576 0.248344 0.0
MAT 0.459026 0.637102 0.207866 1.0
VERTEX = 9
0.0813978 0.848378 0.453564
0.0814677 0.858378 0.453556
0.0802647 0.858378 0.443628
0.0801949 0.848378 0.443637
0.0861214 0.852841 0.448459
0.0861284 0.853841 0.448458
0.0860081 0.853841 0.447465
0.0860011 0.852841 0.447466
0.0860648 0.853341 0.447962
INDEX = 14
4 5 7
6 7 5
1 2 5
6 5 2
0 1 4
5 4 1
7 6 3
2 3 6
4 7 0
3 0 7
8 1 0
8 2 1
8 3 2
8 0 3
FACE-NORMAL = 14
-0.992713 0.00704667 0.120299
-0.992713 0.00704667 0.120299
-0.669285 -0.738565 0.0811126
-0.669286 -0.738565 0.0811126
-0.753506 0.00470736 -0.657424
-0.753507 0.00470736 -0.657424
-0.574674 0.00472059 0.818369
-0.574674 0.00472059 0.818369
-0.658894 0.747987 0.0798386
-0.658894 0.747987 0.0798386
0.787018 -0.00497646 0.616911
0.706897 0.702109 -0.0856701
0.616891 -0.00498904 -0.787033
0.697011 -0.712069 -0.084458
BONE = 26
BONE_NAME = Box10
PARENT_ID = 3
LOCALTM 
MAT 0.00968315 -3.17906e-006 0.722754 0.0
MAT -1.23313e-006 -0.685539 2.38258e-006 0.0
MAT 0.685475 -8.8992e-007 -0.00917822 0.0
MAT 0.0820202 -0.318528 -0.00228092 1.0
WORLDTM 
MAT -1.0467 0.00742989 0.126841 0.0
MAT 0.120294 8.9258e-006 0.992741 0.0
MAT 0.00698638 0.999973 -0.000856608 0.0
MAT 0.0860648 0.853341 0.447962 1.0
VERTEX = 9
0.0851975 0.954801 0.323181
0.090866 0.948122 0.322273
0.0933356 0.951284 0.314433
0.0876671 0.957963 0.315341
0.0857238 0.950823 0.31729
0.0862907 0.950155 0.317199
0.0865376 0.950471 0.316415
0.0859708 0.951139 0.316506
0.0861307 0.950647 0.316853
INDEX = 14
4 5 7
6 7 5
1 2 5
6 5 2
0 1 4
5 4 1
7 6 3
2 3 6
4 7 0
3 0 7
8 1 0
8 2 1
8 3 2
8 0 3
FACE-NORMAL = 14
0.712113 0.544046 0.443743
0.712113 0.544046 0.443743
-0.00202951 0.927631 0.373493
-0.00202936 0.927631 0.373493
0.684811 0.630817 -0.364834
0.684811 0.630817 -0.364834
0.267946 0.0970792 0.95853
0.267946 0.0970791 0.95853
0.954786 -0.199734 0.220205
0.954786 -0.199734 0.220205
-0.701825 -0.638575 0.315694
-0.0484234 -0.920939 -0.386687
-0.305255 -0.130823 -0.943242
-0.958656 0.15154 -0.240861
BONE = 27
BONE_NAME = Cylinder10
PARENT_ID = 3
LOCALTM 
MAT 0.325957 -0.317693 -0.396671 0.0
MAT -0.215294 -0.513195 0.234102 0.0
MAT -0.460352 0.0150614 -0.39035 0.0
MAT 0.148658 -0.229307 -0.0135615 1.0
WORLDTM 
MAT 0.627164 0.479146 0.390808 0.0
MAT -0.246966 -0.316206 0.78401 0.0
MAT 0.566852 -0.66789 -0.0908131 0.0
MAT 0.0861307 0.950647 0.316853 1.0
VERTEX = 9
0.045738 0.957795 0.317334
0.0472092 0.952308 0.324064
0.0540666 0.95723 0.326578
0.0525954 0.962716 0.319847
0.0521493 0.95513 0.318947
0.0522965 0.954582 0.31962
0.0529822 0.955074 0.319871
0.0528351 0.955622 0.319198
0.0525658 0.955102 0.319409
INDEX = 14
4 5 7
6 7 5
1 2 5
6 5 2
0 1 4
5 4 1
7 6 3
2 3 6
4 7 0
3 0 7
8 1 0
8 2 1
8 3 2
8 0 3
FACE-NORMAL = 14
-0.604848 0.547355 0.578414
-0.604848 0.547355 0.578414
-0.528786 0.829212 -0.181089
-0.528786 0.829212 -0.181089
0.174125 0.781549 0.599051
0.174125 0.781549 0.599051
-0.983368 -0.0492259 0.174826
-0.983368 -0.0492261 0.174826
-0.280458 -0.0968885 0.954964
-0.280457 -0.0968886 0.954964
-0.122879 -0.782203 -0.610786
0.545811 -0.827545 0.131372
0.978262 0.00812569 -0.207214
0.309573 0.0534678 -0.949371
BONE = 28
BONE_NAME = Cylinder13
PARENT_ID = 3
LOCALTM 
MAT 0.333029 -0.302759 0.402434 0.0
MAT -0.334568 0.227598 0.448095 0.0
MAT -0.376404 -0.470171 -0.0422291 0.0
MAT 0.151858 -0.228278 0.00947235 1.0
WORLDTM 
MAT -0.532694 0.48206 0.509414 0.0
MAT -0.685742 -0.492181 -0.251326 0.0
MAT 0.147118 -0.548654 0.673039 0.0
MAT 0.0525658 0.955102 0.319409 1.0
VERTEX = 9
0.015748 1.02433 0.248463
0.0183521 1.03367 0.24604
0.0237084 1.03019 0.238349
0.0211043 1.02084 0.240771
0.0233467 1.02661 0.246868
0.0236071 1.02755 0.246626
0.0241427 1.0272 0.245857
0.0238823 1.02626 0.246099
0.0237447 1.0269 0.246363
INDEX = 14
4 5 7
6 7 5
1 2 5
6 5 2
0 1 4
5 4 1
7 6 3
2 3 6
4 7 0
3 0 7
8 1 0
8 2 1
8 3 2
8 0 3
FACE-NORMAL = 14
-0.803297 0.0705206 -0.591388
-0.803297 0.0705206 -0.591388
-0.730941 -0.647511 -0.215534
-0.730941 -0.647511 -0.215534
-0.139247 -0.211955 -0.967308
-0.139248 -0.211955 -0.967308
-0.935508 0.306307 0.176072
-0.935508 0.306307 0.176072
-0.343814 0.741862 -0.575702
-0.343814 0.741862 -0.575702
0.18927 0.19665 0.962032
0.752157 0.611 0.246858
0.946764 -0.296381 -0.125683
0.383877 -0.71073 0.589492
BONE = 29
BONE_NAME = Star2Part03
PARENT_ID = 3
LOCALTM 
MAT 0.0515104 0.46872 0.497603 0.0
MAT 0.241704 -0.47927 0.426431 0.0
MAT 0.639443 0.143402 -0.201271 0.0
MAT 0.201167 -0.17619 0.02275 1.0
WORLDTM 
MAT -0.803297 0.0705206 -0.591388 0.0
MAT -0.535631 0.348626 0.769132 0.0
MAT 0.260412 0.934604 -0.242279 0.0
MAT 0.0237447 1.0269 0.246363 1.0
VERTEX = 9
0.0991109 1.02129 0.254415
0.0997556 1.02941 0.248623
0.093329 1.02531 0.242152
0.0926843 1.01719 0.247944
0.100326 1.02103 0.246417
0.100391 1.02184 0.245838
0.099748 1.02143 0.245191
0.0996835 1.02062 0.24577
0.100037 1.02123 0.245804
INDEX = 14
4 5 7
6 7 5
1 2 5
6 5 2
0 1 4
5 4 1
7 6 3
2 3 6
4 7 0
3 0 7
8 1 0
8 2 1
8 3 2
8 0 3
FACE-NORMAL = 14
-0.763436 0.413906 0.49583
-0.763436 0.413906 0.49583
-0.558634 -0.32717 0.76216
-0.558634 -0.32717 0.76216
-0.988395 -0.0279835 -0.149304
-0.988395 -0.0279834 -0.149304
-0.0330284 0.581761 0.812689
-0.0330282 0.581761 0.812689
-0.46279 0.880948 -0.0987747
-0.46279 0.880948 -0.0987749
0.994258 -0.00264651 0.106974
0.585419 0.281974 -0.760115
0.0854033 -0.582705 -0.808184
0.494242 -0.867326 0.0589055
BONE = 30
BONE_NAME = Star2Part04
PARENT_ID = 3
LOCALTM 
MAT 0.287299 -0.274485 0.55864 0.0
MAT 0.278734 -0.493402 -0.385778 0.0
MAT 0.556533 0.388812 -0.0951734 0.0
MAT 0.196948 -0.182101 -0.0291918 1.0
WORLDTM 
MAT -0.763435 0.413906 0.49583 0.0
MAT 0.642658 0.410164 0.647116 0.0
MAT 0.0644725 0.812678 -0.579135 0.0
MAT 0.100037 1.02123 0.245804 1.0
VERTEX = 9
0.0468825 0.782271 0.0702177
0.0482904 0.788048 0.0814974
0.0487731 0.779134 0.0860027
0.0473652 0.773357 0.074723
0.0400767 0.780914 0.0782487
0.0402175 0.781491 0.0793767
0.0402658 0.7806 0.0798273
0.040125 0.780022 0.0786993
0.0401713 0.780757 0.079038
INDEX = 14
4 5 7
6 7 5
1 2 5
6 5 2
0 1 4
5 4 1
7 6 3
2 3 6
4 7 0
3 0 7
8 1 0
8 2 1
8 3 2
8 0 3
FACE-NORMAL = 14
0.992713 -0.00704346 -0.120295
0.992713 -0.00704346 -0.120295
0.582023 -0.341464 -0.738005
0.582023 -0.341464 -0.738005
0.699968 -0.667325 0.254405
0.699969 -0.667325 0.254405
0.628212 0.657901 -0.415351
0.628212 0.657901 -0.415351
0.746158 0.332041 0.577059
0.746158 0.332041 0.57706
-0.736086 0.635334 -0.233513
-0.623882 0.325338 0.710582
-0.667823 -0.625373 0.403636
-0.780026 -0.315377 -0.540459
BONE = 31
BONE_NAME = Vol_Target
PARENT_ID = 3
LOCALTM 
MAT -0.0141629 5.15869e-007 -1.05738 0.0
MAT 0.611091 0.310588 -0.00818503 0.0
MAT 0.395993 -0.779268 -0.00530445 0.0
MAT 0.03227 -0.0636683 -0.0011562 1.0
WORLDTM 
MAT 1.53131 -0.0108649 -0.185561 0.0
MAT -0.0482693 0.891456 -0.450533 0.0
MAT 0.140784 0.577688 1.12797 0.0
MAT 0.0401713 0.780757 0.079038 1.0
VERTEX = 9
0.0249064 0.62823 -0.0209292
0.0364293 0.628648 -0.0165841
0.0320868 0.628495 -0.00505361
0.0205639 0.628078 -0.00939876
0.0279153 0.634506 -0.0137872
0.0290676 0.634548 -0.0133527
0.0286334 0.634533 -0.0121997
0.0274811 0.634491 -0.0126342
0.0282743 0.63452 -0.0129934
INDEX = 14
4 5 7
6 7 5
1 2 5
6 5 2
0 1 4
5 4 1
7 6 3
2 3 6
4 7 0
3 0 7
8 1 0
8 2 1
8 3 2
8 0 3
FACE-NORMAL = 14
0.0360744 -0.999349 0.000330627
0.0360744 -0.999349 0.000330627
-0.670958 -0.693707 -0.261889
-0.670958 -0.693707 -0.261889
-0.237816 -0.677755 0.695767
-0.237816 -0.677755 0.695767
0.286081 -0.659304 -0.695325
0.286081 -0.659304 -0.695325
0.719223 -0.643351 0.262332
0.719223 -0.643351 0.262332
0.223687 0.715423 -0.661917
0.635741 0.730599 0.249116
-0.274704 0.69787 0.661449
-0.686758 0.682694 -0.249583
BONE = 32
BONE_NAME = BoneWaist
PARENT_ID = 1
LOCALTM 
MAT 0.036417 -0.843934 0.000279287 0.0
MAT 0.29761 0.0125807 -0.790455 0.0
MAT 0.789716 0.034176 0.297876 0.0
MAT 0.0 0.0 0.0 1.0
WORLDTM 
MAT 0.0444509 -1.2314 0.000407398 0.0
MAT 0.434246 0.0152939 -1.15304 0.0
MAT 1.15229 0.041739 0.434515 0.0
MAT 0.0282743 0.63452 -0.0129934 1.0
VERTEX = 9
0.0249663 0.610965 -0.0221988
0.0269149 0.599217 -0.0190314
0.0222725 0.601464 -0.00784082
0.0203238 0.613212 -0.0110082
0.0293773 0.608171 -0.0137024
0.0295721 0.606996 -0.0133857
0.0291079 0.607221 -0.0122666
0.028913 0.608396 -0.0125834
0.0292426 0.607696 -0.0129845
INDEX = 14
4 5 7
6 7 5
1 2 5
6 5 2
0 1 4
5 4 1
7 6 3
2 3 6
4 7 0
3 0 7
8 1 0
8 2 1
8 3 2
8 0 3
FACE-NORMAL = 14
-0.912712 -0.240467 -0.330351
-0.912712 -0.240467 -0.330351
-0.728118 0.547771 -0.412058
-0.728118 0.54777 -0.412058
-0.890615 -0.0253077 0.454052
-0.890616 -0.0253077 0.454052
-0.330529 -0.296421 -0.896039
-0.330529 -0.296421 -0.896039
-0.493027 -0.869499 -0.029928
-0.493027 -0.869499 -0.0299279
0.911794 0.0410792 -0.408587
0.757208 -0.504099 0.415356
0.378976 0.298993 0.875774
0.533562 0.844171 0.0518302
BONE = 33
BONE_NAME = connectBone01
PARENT_ID = 32
LOCALTM 
MAT 0.207276 -0.0155087 -0.97816 0.0
MAT 0.195545 0.980352 0.0258933 0.0
MAT 0.95854 -0.196641 0.206237 0.0
MAT 0.021783 0.0 0.0 1.0
WORLDTM 
MAT -1.12464 -0.296304 -0.407058 0.0
MAT 0.464242 -0.224719 -1.11906 0.0
MAT 0.194862 -1.17474 0.316739 0.0
MAT 0.0292426 0.607696 -0.0129845 1.0
VERTEX = 9
-0.0789567 0.582748 -0.0653262
-0.0807556 0.57019 -0.0581253
-0.0951015 0.572706 -0.0573214
-0.0933026 0.585264 -0.0645223
-0.0852548 0.58172 -0.0553939
-0.0854347 0.580464 -0.0546738
-0.0868693 0.580716 -0.0545934
-0.0866894 0.581972 -0.0553135
-0.086062 0.581218 -0.0549936
INDEX = 14
4 5 7
6 7 5
1 2 5
6 5 2
0 1 4
5 4 1
7 6 3
2 3 6
4 7 0
3 0 7
8 1 0
8 2 1
8 3 2
8 0 3
FACE-NORMAL = 14
-0.132592 -0.478688 -0.867915
-0.132592 -0.478688 -0.867915
0.00296245 0.319659 -0.947528
0.00296242 0.319659 -0.947528
-0.819706 -0.192019 -0.53964
-0.819706 -0.192019 -0.53964
0.642308 -0.448432 -0.62157
0.642308 -0.448432 -0.62157
-0.180361 -0.960109 -0.213682
-0.180361 -0.960109 -0.213682
0.789174 0.216518 0.574738
0.00655744 -0.270248 0.962768
-0.601662 0.460449 0.652679
0.180956 0.947215 0.26465
BONE = 34
BONE_NAME = BoneLegR
PARENT_ID = 33
LOCALTM 
MAT 0.618955 0.977329 0.251325 0.0
MAT -0.991974 0.535136 0.362015 0.0
MAT 0.185259 -0.399873 1.09874 0.0
MAT 0.101838 -0.000374429 -0.00307533 1.0
WORLDTM 
MAT -0.193413 -0.698266 -1.26603 0.0
MAT 1.43459 -0.251605 -0.0803925 0.0
MAT -0.179886 -1.25577 0.720085 0.0
MAT -0.086062 0.581218 -0.0549936 1.0
VERTEX = 9
-0.113536 0.45369 -0.27848
-0.112715 0.45372 -0.263916
-0.127061 0.456236 -0.263113
-0.127882 0.456206 -0.277676
-0.118367 0.46202 -0.27165
-0.118285 0.462023 -0.270194
-0.11972 0.462275 -0.270114
