EXPORTER_V17
ANIMATION_EXPORT
BONEOBJECT_COUNT = 58
VERTEX = 9
0.00729355 0.00729355 -0.00729355
0.00729355 0.00729355 0.00729355
0.00729355 -0.00729355 0.00729355
0.00729355 -0.00729355 -0.00729355
0.0 0.000729355 -0.000729355
0.0 0.000729355 0.000729355
0.0 -0.000729355 0.000729355
0.0 -0.000729355 -0.000729355
0.0 0.0 0.0
INDEX = 14
4 5 7
6 7 5
1 2 5
6 5 2
0 1 4
5 4 1
7 6 3
2 3 6
4 7 0
3 0 7
8 1 0
8 2 1
8 3 2
8 0 3
FACE-NORMAL = 14
1.0 0.0 0.0
1.0 0.0 0.0
0.668965 0.0 -0.743294
0.668965 0.0 -0.743294
0.668965 -0.743294 0.0
0.668965 -0.743294 0.0
0.668965 0.743294 0.0
0.668965 0.743294 0.0
0.668965 0.0 0.743294
0.668965 0.0 0.743294
-0.707107 0.707107 0.0
-0.707107 0.0 0.707107
-0.707107 -0.707107 0.0
-0.707107 0.0 -0.707107
BONE = 0
BONE_NAME = Main
PARENT_ID = -1
LOCALTM 
MAT 1.45871 0.0 0.0 0.0
MAT 0.0 1.45871 0.0 0.0
MAT 0.0 0.0 1.45871 0.0
MAT 0.0 0.0 0.0 1.0
WORLDTM 
MAT 1.45871 0.0 0.0 0.0
MAT 0.0 1.45871 0.0 0.0
MAT 0.0 0.0 1.45871 0.0
MAT 0.0 0.0 0.0 1.0
VERTEX = 9
0.0340416 0.608615 -0.106291
0.0340416 0.60827 -0.0917083
0.0340416 0.593686 -0.0920537
0.0340416 0.594032 -0.106637
0.0267481 0.601897 -0.0998844
0.0267481 0.601863 -0.0984261
0.0267481 0.600404 -0.0984606
0.0267481 0.600439 -0.0999189
0.0267481 0.601151 -0.0991725
INDEX = 14
4 5 7
6 7 5
1 2 5
6 5 2
0 1 4
5 4 1
7 6 3
2 3 6
4 7 0
3 0 7
8 1 0
8 2 1
8 3 2
8 0 3
FACE-NORMAL = 14
1.0 0.0 0.0
1.0 0.0 0.0
0.668965 0.0176004 -0.743086
0.668965 0.0176004 -0.743086
0.668965 -0.743086 -0.0176004
0.668965 -0.743086 -0.0176004
0.668965 0.743086 0.0176004
0.668965 0.743086 0.0176004
0.668965 -0.0176004 0.743086
0.668965 -0.0176004 0.743086
-0.707107 0.706909 0.0167435
-0.707107 -0.0167435 0.706909
-0.707107 -0.706909 -0.0167435
-0.707107 0.0167435 -0.706909
BONE = 1
BONE_NAME = Root
PARENT_ID = 0
LOCALTM 
MAT 1.0 0.0 0.0 0.0
MAT 0.0 0.99972 0.023679 0.0
MAT 0.0 -0.023679 0.99972 0.0
MAT 0.0183368 0.412111 -0.0679865 1.0
WORLDTM 
MAT 1.45871 0.0 0.0 0.0
MAT 0.0 1.4583 0.0345407 0.0
MAT 0.0 -0.0345407 1.4583 0.0
MAT 0.0267481 0.601151 -0.0991725 1.0
VERTEX = 9
0.03248 0.633505 -0.105597
0.0180101 0.634067 -0.10384
0.0196662 0.631901 -0.0895098
0.0341361 0.631339 -0.091267
0.0263072 0.625576 -0.0994002
0.0248602 0.625632 -0.0992245
0.0250258 0.625416 -0.0977915
0.0264728 0.625359 -0.0979672
0.0256665 0.625496 -0.0985958
INDEX = 14
4 5 7
6 7 5
1 2 5
6 5 2
0 1 4
5 4 1
7 6 3
2 3 6
4 7 0
3 0 7
8 1 0
8 2 1
8 3 2
8 0 3
FACE-NORMAL = 14
0.0557432 0.988162 0.142928
0.0557432 0.988162 0.142928
0.774615 0.632404 0.0060714
0.774615 0.632404 0.00607143
0.121679 0.55067 0.825807
0.121679 0.55067 0.825807
-0.0470985 0.771421 -0.634579
-0.0470985 0.771421 -0.634579
-0.700034 0.689687 0.185156
-0.700035 0.689687 0.185156
-0.119697 -0.593734 -0.795709
-0.740845 -0.671489 -0.0158823
0.0408638 -0.803738 0.593578
0.662012 -0.725984 -0.186248
BONE = 2
BONE_NAME = BoneBack01
PARENT_ID = 1
LOCALTM 
MAT 0.0557432 0.991269 0.119489 0.0
MAT -0.113533 0.125192 -0.985615 0.0
MAT -0.991969 0.0413754 0.119521 0.0
MAT -0.000741441 0.0166942 0.0 1.0
WORLDTM 
MAT 0.0813132 1.44144 0.20849 0.0
MAT -0.165612 0.216612 -1.433 0.0
MAT -1.44699 0.0562094 0.175726 0.0
MAT 0.0256665 0.625496 -0.0985958 1.0
VERTEX = 9
0.0345597 0.705599 -0.0969546
0.0206738 0.705577 -0.0924864
0.025138 0.704892 -0.0786161
0.0390239 0.704914 -0.0830843
0.0302254 0.697995 -0.0890314
0.0288368 0.697993 -0.0885846
0.0292833 0.697925 -0.0871976
0.0306718 0.697927 -0.0876444
0.0297543 0.69796 -0.0881145
INDEX = 14
4 5 7
6 7 5
1 2 5
6 5 2
0 1 4
5 4 1
7 6 3
2 3 6
4 7 0
3 0 7
8 1 0
8 2 1
8 3 2
8 0 3
FACE-NORMAL = 14
0.0129554 0.998897 0.0451258
0.0129554 0.998897 0.0451258
0.716232 0.669336 -0.19749
0.716232 0.669336 -0.19749
0.236143 0.633348 0.736958
0.236143 0.633348 0.736958
-0.218809 0.703106 -0.676583
-0.218809 0.703106 -0.676583
-0.698898 0.667119 0.257865
-0.698898 0.667118 0.257865
-0.225562 -0.673146 -0.70427
-0.682278 -0.707382 0.184684
0.20724 -0.739508 0.640452
0.663956 -0.705272 -0.248502
BONE = 3
BONE_NAME = BoneBack02
PARENT_ID = 2
LOCALTM 
MAT 0.994244 0.10253 0.0310759 0.0
MAT -0.106595 0.975817 0.190841 0.0
MAT -0.0107573 -0.193055 0.981129 0.0
MAT 0.0502721 0.0 0.0 1.0
WORLDTM 
MAT 0.0188981 1.4571 0.0658253 0.0
MAT -0.44642 0.0684505 -1.38703 0.0
MAT -1.38859 -0.00217535 0.446815 0.0
MAT 0.0297543 0.69796 -0.0881145 1.0
VERTEX = 9
-0.0488878 0.793514 0.184778
-0.0451042 0.792789 0.196482
-0.0440791 0.780558 0.195394
-0.0478627 0.781283 0.183689
-0.0525648 0.78703 0.191403
-0.0521864 0.786957 0.192573
-0.0520839 0.785734 0.192464
-0.0524623 0.785807 0.191294
-0.0523244 0.786382 0.191934
INDEX = 14
4 5 7
6 7 5
1 2 5
6 5 2
0 1 4
5 4 1
7 6 3
2 3 6
4 7 0
3 0 7
8 1 0
8 2 1
8 3 2
8 0 3
FACE-NORMAL = 14
0.948048 0.106152 -0.299894
0.948048 0.106152 -0.299894
0.405978 0.114729 -0.906653
0.405978 0.114729 -0.906653
0.696048 -0.666788 -0.266291
0.696048 -0.666788 -0.266291
0.572374 0.808812 -0.134945
0.572374 0.808813 -0.134945
0.862444 0.027295 0.505416
0.862444 0.027295 0.505416
-0.729198 0.626819 0.274532
-0.45325 -0.11665 0.883718
-0.611545 -0.776942 0.149581
-0.887493 -0.0334722 -0.459604
BONE = 4
BONE_NAME = BoneBackPack02
PARENT_ID = 3
LOCALTM 
MAT 0.0885139 -1.99303e-007 -0.840069 0.0
MAT 0.84001 -0.0101146 0.0885073 0.0
MAT -0.0100594 -0.844658 -0.00106013 0.0
MAT 0.0684844 -0.162485 0.112279 1.0
WORLDTM 
MAT 1.16818 0.130801 -0.369529 0.0
MAT -0.10251 1.22309 0.10887 0.0
MAT 0.378355 -0.0724725 1.17043 0.0
MAT -0.0523244 0.786382 0.191934 1.0
VERTEX = 9
0.277601 0.814725 0.0806653
0.281372 0.814147 0.0923818
0.28132 0.80184 0.0917911
0.277549 0.802418 0.0800746
0.273409 0.808861 0.0875564
0.273787 0.808803 0.0887281
0.273781 0.807573 0.088669
0.273404 0.80763 0.0874974
0.273595 0.808217 0.0881127
INDEX = 14
4 5 7
6 7 5
1 2 5
6 5 2
0 1 4
5 4 1
7 6 3
2 3 6
4 7 0
3 0 7
8 1 0
8 2 1
8 3 2
8 0 3
FACE-NORMAL = 14
0.95201 0.0106535 -0.305881
0.95201 0.0106535 -0.305881
0.409385 0.0420068 -0.911394
0.409385 0.0420068 -0.911394
0.633722 -0.735306 -0.240253
0.633722 -0.735306 -0.240253
0.640001 0.74956 -0.168995
0.640001 0.74956 -0.168995
0.864337 -0.0277532 0.502146
0.864337 -0.0277532 0.502146
-0.670186 0.698755 0.250185
-0.456771 -0.040715 0.888652
-0.676159 -0.713821 0.182397
-0.889574 0.0256487 -0.45607
BONE = 5
BONE_NAME = BoneBackPack01
PARENT_ID = 3
LOCALTM 
MAT 0.0077481 -3.2509e-007 -0.844683 0.0
MAT 0.844685 -2.79397e-007 0.00774768 0.0
MAT -7.93487e-007 -0.844719 -2.6196e-007 0.0
MAT 0.0831194 -0.162485 -0.122234 1.0
WORLDTM 
MAT 1.17307 0.0131272 -0.376907 0.0
MAT 0.00520471 1.23077 0.0590638 0.0
MAT 0.3771 -0.0578226 1.17165 0.0
MAT 0.273595 0.808217 0.0881127 1.0
VERTEX = 9
0.00542344 0.8357 -0.1612
0.00574556 0.838655 -0.149242
0.0180589 0.838255 -0.149475
0.0177368 0.8353 -0.161433
0.0109432 0.830872 -0.154442
0.0109754 0.831167 -0.153247
0.0122068 0.831127 -0.15327
0.0121746 0.830832 -0.154466
0.011575 0.830999 -0.153856
INDEX = 14
4 5 7
6 7 5
1 2 5
6 5 2
0 1 4
5 4 1
7 6 3
2 3 6
4 7 0
3 0 7
8 1 0
8 2 1
8 3 2
8 0 3
FACE-NORMAL = 14
0.0269707 0.970294 -0.240419
0.0269707 0.970294 -0.240419
-0.00138873 0.470896 -0.882188
-0.00138872 0.470896 -0.882188
0.760812 0.624965 -0.174879
0.760812 0.624966 -0.174879
-0.724727 0.67322 -0.146785
-0.724727 0.67322 -0.146785
0.0374736 0.82729 0.560524
0.0374736 0.82729 0.560524
-0.725679 -0.663149 0.183366
-0.000585997 -0.51658 0.856239
0.687536 -0.709054 0.156639
-0.0375563 -0.855623 -0.516235
BONE = 6
BONE_NAME = BoneHead
PARENT_ID = 3
LOCALTM 
MAT 0.809853 0.224596 -0.085117 0.0
MAT 0.0171739 0.244441 0.808398 0.0
MAT 0.239569 -0.77676 0.229784 0.0
MAT 0.0889079 0.0509475 -0.00207727 1.0
WORLDTM 
MAT 0.0332333 1.1956 -0.296244 0.0
MAT -1.23133 0.0399977 0.0232869 0.0
MAT 0.0322121 0.295407 1.19583 0.0
MAT 0.011575 0.830999 -0.153856 1.0
VERTEX = 9
0.00902186 0.965157 -0.193277
0.00934399 0.968111 -0.181319
0.0216573 0.967712 -0.181552
0.0213352 0.964757 -0.19351
0.0145417 0.960329 -0.186519
0.0145739 0.960624 -0.185323
0.0158052 0.960584 -0.185347
0.015773 0.960289 -0.186543
0.0151734 0.960456 -0.185933
INDEX = 14
4 5 7
6 7 5
1 2 5
6 5 2
0 1 4
5 4 1
7 6 3
2 3 6
4 7 0
3 0 7
8 1 0
8 2 1
8 3 2
8 0 3
FACE-NORMAL = 14
0.0269703 0.970294 -0.24042
0.0269703 0.970294 -0.24042
-0.00138922 0.470896 -0.882188
-0.00138921 0.470896 -0.882188
0.760813 0.624965 -0.174879
0.760813 0.624965 -0.174879
-0.724726 0.67322 -0.146785
-0.724727 0.67322 -0.146785
0.0374736 0.82729 0.560524
0.0374736 0.82729 0.560524
-0.72568 -0.663149 0.183366
-0.000585505 -0.51658 0.856239
0.687536 -0.709054 0.156639
-0.0375563 -0.855623 -0.516235
BONE = 7
BONE_NAME = Bone06
PARENT_ID = 6
LOCALTM 
MAT 0.999997 3.50177e-007 -5.36442e-007 0.0
MAT 1.06543e-006 1.0 -3.66475e-007 0.0
MAT -5.06639e-007 -3.4878e-007 1.0 0.0
MAT 0.108278 0.0 0.0 1.0
WORLDTM 
MAT 0.0332327 1.19559 -0.296244 0.0
MAT -1.23134 0.0399989 0.0232862 0.0
MAT 0.0322125 0.295406 1.19583 0.0
MAT 0.0151734 0.960456 -0.185933 1.0
VERTEX = 9
0.0187641 0.930829 -0.175981
0.0196183 0.93097 -0.166019
0.0191722 0.920982 -0.165838
0.018318 0.92084 -0.175801
0.013971 0.926628 -0.170993
0.0140564 0.926642 -0.169997
0.0140118 0.925643 -0.169979
0.0139264 0.925629 -0.170975
0.0139914 0.926135 -0.170486
INDEX = 14
4 5 7
6 7 5
1 2 5
6 5 2
0 1 4
5 4 1
7 6 3
2 3 6
4 7 0
3 0 7
8 1 0
8 2 1
8 3 2
8 0 3
FACE-NORMAL = 14
0.995346 -0.045978 -0.084685
0.995346 -0.045978 -0.084685
0.602362 -0.0412837 -0.797154
0.602363 -0.0412837 -0.797154
0.632696 -0.773191 -0.0432543
0.632696 -0.773191 -0.0432543
0.699008 0.711675 -0.0700482
0.699007 0.711675 -0.0700482
0.729341 -0.0202317 0.683851
0.729341 -0.0202317 0.683851
-0.672275 0.7388 0.0471366
-0.643418 0.042525 0.764333
-0.735358 -0.673776 0.0726261
-0.764214 0.0224978 -0.64457
BONE = 8
BONE_NAME = Ref_Head
PARENT_ID = 6
LOCALTM 
MAT 0.00210487 -0.809718 -0.0545274 0.0
MAT 0.791032 -0.0101396 0.181088 0.0
MAT -0.18136 -0.0536177 0.789213 0.0
MAT 0.0782122 0.000291385 0.00546313 1.0
WORLDTM 
MAT 0.995346 -0.045978 -0.084685 0.0
MAT 0.044607 0.998844 -0.0180238 0.0
MAT 0.0854162 0.0141613 0.996245 0.0
MAT 0.0139914 0.926135 -0.170486 1.0
VERTEX = 9
0.0347106 0.854634 -0.0872362
0.037771 0.854164 -0.0777276
0.0375139 0.844176 -0.0781378
0.0344536 0.844645 -0.0876464
0.0312137 0.849987 -0.0816075
0.0315198 0.84994 -0.0806566
0.0314941 0.848941 -0.0806977
0.031188 0.848988 -0.0816485
0.0313539 0.849464 -0.0811526
INDEX = 14
4 5 7
6 7 5
1 2 5
6 5 2
0 1 4
5 4 1
7 6 3
2 3 6
4 7 0
3 0 7
8 1 0
8 2 1
8 3 2
8 0 3
FACE-NORMAL = 14
0.951672 -0.011887 -0.306885
0.951672 -0.011887 -0.306885
0.409159 0.0269281 -0.912066
0.409159 0.0269281 -0.912066
0.61753 -0.750375 -0.235785
0.61753 -0.750375 -0.235785
0.655741 0.73447 -0.174806
0.655741 0.734471 -0.174806
0.864111 -0.042832 0.501475
0.864111 -0.042832 0.501475
-0.654759 0.714683 0.246006
-0.456533 -0.0247766 0.889362
-0.691109 -0.697872 0.187995
-0.889335 0.0415873 -0.45536
BONE = 9
BONE_NAME = Box_RtShoulder
PARENT_ID = 3
LOCALTM 
MAT -0.00918133 -2.04542e-007 -0.685476 0.0
MAT 0.685477 -2.23517e-007 -0.00918172 0.0
MAT -6.81728e-007 -0.685537 -2.41555e-007 0.0
MAT 0.103977 0.0 0.000263136 1.0
WORLDTM 
MAT 0.951672 -0.011887 -0.306885 0.0
MAT 0.025704 0.998829 0.0410195 0.0
MAT 0.306038 -0.0469263 0.950862 0.0
MAT 0.0313539 0.849464 -0.0811526 1.0
VERTEX = 9
0.0190561 0.857 -0.0855585
0.0175117 0.845875 -0.0948664
0.0266258 0.837849 -0.0867858
0.0281702 0.848974 -0.0774779
0.0281045 0.850862 -0.0900111
0.0279501 0.849749 -0.0909419
0.0288615 0.848947 -0.0901338
0.029016 0.850059 -0.089203
0.028483 0.849904 -0.0900724
INDEX = 14
4 5 7
6 7 5
1 2 5
6 5 2
0 1 4
5 4 1
7 6 3
2 3 6
4 7 0
3 0 7
8 1 0
8 2 1
8 3 2
8 0 3
FACE-NORMAL = 14
-0.773569 -0.340037 0.534758
-0.773569 -0.340037 0.534758
-0.438795 0.339396 0.832027
-0.438795 0.339396 0.832027
-0.053076 -0.636453 0.769487
-0.0530761 -0.636453 0.769487
-0.981905 0.181508 -0.0540187
-0.981905 0.181508 -0.0540188
-0.596185 -0.794341 -0.116557
-0.596185 -0.794341 -0.116557
0.105192 0.629511 -0.769838
0.472132 -0.298828 -0.829333
0.9888 -0.148627 0.0135757
0.621859 0.779713 0.0730697
BONE = 10
BONE_NAME = BoneShoulderR
PARENT_ID = 9
LOCALTM 
MAT -1.30737 -0.492439 0.419666 0.0
MAT -0.628922 0.745106 -1.08495 0.0
MAT 0.151897 -1.15332 -0.880117 0.0
MAT 0.0 0.0 -0.00938079 1.0
WORLDTM 
MAT -1.12841 -0.496015 0.780057 0.0
MAT -0.91141 0.802622 -0.808063 0.0
MAT -0.154438 -1.11248 -0.930794 0.0
MAT 0.028483 0.849904 -0.0900724 1.0
VERTEX = 9
-0.25061 0.732646 0.095995
-0.24384 0.73743 0.0839923
-0.235241 0.725648 0.0841479
-0.242011 0.720865 0.0961506
-0.238872 0.733071 0.0948079
-0.238195 0.733549 0.0936076
-0.237335 0.732371 0.0936232
-0.238012 0.731893 0.0948234
-0.238104 0.732721 0.0942155
INDEX = 14
4 5 7
6 7 5
1 2 5
6 5 2
0 1 4
5 4 1
7 6 3
2 3 6
4 7 0
3 0 7
8 1 0
8 2 1
8 3 2
8 0 3
FACE-NORMAL = 14
-0.661101 -0.490013 -0.568184
-0.661101 -0.490013 -0.568184
-0.787249 -0.571525 0.231512
-0.787249 -0.571525 0.231512
-0.00408 -0.928157 -0.372167
-0.00408017 -0.928157 -0.372167
-0.880427 0.272555 -0.388023
-0.880427 0.272555 -0.388023
-0.0972579 -0.084078 -0.991701
-0.0972578 -0.0840779 -0.991701
0.0506283 0.917619 0.394225
0.795669 0.578349 -0.180064
0.884311 -0.224637 0.409308
0.13927 0.114634 0.983597
BONE = 11
BONE_NAME = BoneArmR
PARENT_ID = 10
LOCALTM 
MAT 0.374189 0.458191 0.806253 0.0
MAT 0.175672 0.818648 -0.546767 0.0
MAT -0.910561 0.346231 0.225838 0.0
MAT 0.23625 0.0 0.0 1.0
WORLDTM 
MAT -0.964354 -0.714786 -0.828815 0.0
MAT -0.859912 1.17819 -0.0155579 0.0
MAT 0.677052 0.478305 -1.20027 0.0
MAT -0.238104 0.732721 0.0942155 1.0
VERTEX = 9
-0.371034 0.648501 -0.0185141
-0.357992 0.642536 -0.0211803
-0.364403 0.632003 -0.028973
-0.377445 0.637968 -0.0263067
-0.368681 0.637007 -0.0172008
-0.367376 0.636411 -0.0174674
-0.368017 0.635357 -0.0182467
-0.369322 0.635954 -0.0179801
-0.368349 0.636182 -0.0177238
INDEX = 14
4 5 7
6 7 5
1 2 5
6 5 2
0 1 4
5 4 1
7 6 3
2 3 6
4 7 0
3 0 7
8 1 0
8 2 1
8 3 2
8 0 3
FACE-NORMAL = 14
0.0864713 0.557958 -0.825351
0.0864713 0.557958 -0.825351
-0.606711 0.677215 -0.416271
-0.606711 0.677215 -0.416271
-0.268833 -0.16349 -0.94921
-0.268833 -0.163489 -0.94921
0.384526 0.909999 -0.155052
0.384526 0.909999 -0.155052
0.722403 0.0692939 -0.687991
0.722403 0.0692938 -0.687991
0.249631 0.116076 0.961359
0.571059 -0.683699 0.454366
-0.37192 -0.905149 0.205864
-0.693348 -0.105374 0.712857
BONE = 12
BONE_NAME = BoneForeArmR
PARENT_ID = 11
LOCALTM 
MAT 0.138378 0.408488 0.902216 0.0
MAT -0.947933 0.318464 0.00120084 0.0
MAT -0.286834 -0.855403 0.431288 0.0
MAT 0.13506 0.0 0.0 1.0
WORLDTM 
MAT 0.126137 0.813902 -1.20395 0.0
MAT 0.641106 1.05336 0.779265 0.0
MAT 1.30418 -0.596519 -0.266623 0.0
MAT -0.368349 0.636182 -0.0177238 1.0
VERTEX = 9
-0.373027 0.755723 -0.29131
-0.374389 0.747646 -0.297047
-0.375624 0.753531 -0.305038
-0.374262 0.761607 -0.2993
-0.37911 0.754926 -0.296588
-0.379246 0.754119 -0.297161
-0.37937 0.754707 -0.297961
-0.379234 0.755515 -0.297387
-0.37924 0.754817 -0.297274
INDEX = 14
4 5 7
6 7 5
1 2 5
6 5 2
0 1 4
5 4 1
7 6 3
2 3 6
4 7 0
3 0 7
8 1 0
8 2 1
8 3 2
8 0 3
FACE-NORMAL = 14
0.982949 -0.0379786 -0.179912
0.982949 -0.0379786 -0.179912
0.758805 0.574917 0.306082
0.758805 0.574916 0.306082
0.565751 0.411976 -0.714284
0.565751 0.411976 -0.714284
0.749367 -0.46279 0.473577
0.749366 -0.46279 0.473577
0.556312 -0.625728 -0.546791
0.556312 -0.625729 -0.546791
-0.607712 -0.389233 0.692231
-0.791367 -0.544241 -0.278459
-0.782389 0.442945 -0.437799
-0.598733 0.59795 0.532892
BONE = 13
BONE_NAME = Object02
PARENT_ID = 12
LOCALTM 
MAT 0.145538 0.211469 0.635661 0.0
MAT -0.669867 0.0385471 0.140544 0.0
MAT 0.00760841 -0.650964 0.21482 0.0
MAT 0.202904 -0.0469312 -0.00490481 1.0
WORLDTM 
MAT 0.982951 -0.0379787 -0.179913 0.0
MAT 0.123513 -0.588439 0.799054 0.0
MAT -0.136212 -0.807648 -0.57371 0.0
MAT -0.37924 0.754817 -0.297274 1.0
VERTEX = 9
-0.343867 0.761117 -0.188226
-0.347163 0.75328 -0.19349
-0.346671 0.758705 -0.201876
-0.343375 0.766543 -0.196612
-0.349843 0.761543 -0.193667
-0.350172 0.76076 -0.194194
-0.350123 0.761302 -0.195032
-0.349793 0.762086 -0.194506
-0.349983 0.761423 -0.19435
INDEX = 14
4 5 7
6 7 5
1 2 5
6 5 2
0 1 4
5 4 1
7 6 3
2 3 6
4 7 0
3 0 7
8 1 0
8 2 1
8 3 2
8 0 3
FACE-NORMAL = 14
0.942844 -0.302285 -0.140248
0.942844 -0.302285 -0.140248
0.875706 0.38034 0.297458
0.875706 0.38034 0.297458
0.667306 0.201055 -0.717133
0.667306 0.201055 -0.717133
0.594153 -0.605492 0.529492
0.594153 -0.605492 0.529492
0.385753 -0.784776 -0.4851
0.385753 -0.784776 -0.4851
-0.701487 -0.169892 0.692136
-0.899741 -0.340448 -0.273059
-0.631896 0.597388 -0.493797
-0.433642 0.767944 0.4714
BONE = 14
BONE_NAME = Mesh01
PARENT_ID = 12
LOCALTM 
MAT 0.0196204 0.083069 0.680205 0.0
MAT -0.68492 0.0237006 0.016861 0.0
MAT -0.0214751 -0.680072 0.0836738 0.0
MAT 0.14893 0.00284755 -0.00172138 1.0
WORLDTM 
MAT 0.942843 -0.302285 -0.140248 0.0
MAT -0.0492092 -0.54255 0.838584 0.0
MAT -0.329581 -0.78375 -0.526411 0.0
MAT -0.349983 0.761423 -0.19435 1.0
VERTEX = 9
-0.453833 0.639902 -0.292757
-0.459872 0.637725 -0.300425
-0.452237 0.633379 -0.305203
-0.446199 0.635556 -0.297535
-0.451969 0.641336 -0.300501
-0.452573 0.641119 -0.301267
-0.451809 0.640684 -0.301745
-0.451206 0.640902 -0.300978
-0.451889 0.64101 -0.301123
INDEX = 14
4 5 7
6 7 5
1 2 5
6 5 2
0 1 4
5 4 1
7 6 3
2 3 6
4 7 0
3 0 7
8 1 0
8 2 1
8 3 2
8 0 3
FACE-NORMAL = 14
-0.22921 -0.873915 0.428643
-0.22921 -0.873915 0.428643
0.295489 -0.422778 0.856706
0.295489 -0.422778 0.856706
0.414134 -0.907643 -0.0683891
0.414134 -0.907643 -0.068389
-0.720801 -0.261594 0.641884
-0.720801 -0.261594 0.641884
-0.602156 -0.746458 -0.283211
-0.602156 -0.746458 -0.283211
-0.377765 0.925249 0.0347499
-0.264895 0.46399 -0.845307
0.701916 0.310653 -0.640943
0.589047 0.771912 0.239113
BONE = 15
BONE_NAME = Star2Part10shell
PARENT_ID = 12
LOCALTM 
MAT -0.590394 -0.344704 0.0507986 0.0
MAT -0.149363 0.16009 -0.649633 0.0
MAT 0.314783 -0.570538 -0.212975 0.0
MAT 0.157244 -0.126568 -0.0170458 1.0
WORLDTM 
MAT -0.229211 -0.873921 0.428646 0.0
MAT -0.763447 0.434583 0.477785 0.0
MAT -0.603828 -0.217733 -0.7668 0.0
MAT -0.451889 0.64101 -0.301123 1.0
VERTEX = 9
-0.358848 0.904489 -0.447843
-0.362329 0.89799 -0.454599
-0.362754 0.905298 -0.461411
-0.359273 0.911798 -0.454655
-0.365288 0.905895 -0.452539
-0.365636 0.905245 -0.453214
-0.365679 0.905976 -0.453895
-0.365331 0.906626 -0.45322
-0.365484 0.905936 -0.453217
INDEX = 14
4 5 7
6 7 5
1 2 5
6 5 2
0 1 4
5 4 1
7 6 3
2 3 6
4 7 0
3 0 7
8 1 0
8 2 1
8 3 2
8 0 3
FACE-NORMAL = 14
0.936503 -0.208432 -0.28199
0.936503 -0.208432 -0.28199
0.885213 0.343655 0.313527
0.885213 0.343655 0.313527
0.59493 0.403804 -0.694982
0.59493 0.403804 -0.694982
0.658045 -0.682674 0.317701
0.658044 -0.682674 0.317701
0.367762 -0.622522 -0.690809
0.367762 -0.622522 -0.690809
-0.632187 -0.369406 0.681087
-0.908337 -0.312186 -0.278323
-0.692228 0.664176 -0.282294
-0.416078 0.606953 0.677117
BONE = 16
BONE_NAME = HitTestFuzzy01
PARENT_ID = 12
LOCALTM 
MAT 0.135342 0.0757095 0.667769 0.0
MAT -0.662472 -0.0995319 0.145552 0.0
MAT 0.113026 -0.674034 0.053514 0.0
MAT 0.349756 -0.0250868 -0.0192982 1.0
WORLDTM 
MAT 0.936504 -0.208432 -0.281991 0.0
MAT 0.0424541 -0.730854 0.681215 0.0
MAT -0.348078 -0.649928 -0.675597 0.0
MAT -0.365484 0.905936 -0.453217 1.0
VERTEX = 9
-0.297552 0.464637 -0.0521477
-0.293109 0.47166 -0.046586
-0.287946 0.464578 -0.0417689
-0.29239 0.457555 -0.0473305
-0.29689 0.464245 -0.0440911
-0.296446 0.464947 -0.0435349
-0.29593 0.464239 -0.0430532
-0.296374 0.463537 -0.0436094
-0.29641 0.464242 -0.0435722
INDEX = 14
4 5 7
6 7 5
1 2 5
6 5 2
0 1 4
5 4 1
7 6 3
2 3 6
4 7 0
3 0 7
8 1 0
8 2 1
8 3 2
8 0 3
FACE-NORMAL = 14
0.732145 0.0730447 -0.677221
0.732145 0.0730447 -0.677221
0.159473 -0.47314 -0.866434
0.159473 -0.47314 -0.866434
0.873487 -0.477492 -0.0949819
0.873487 -0.477492 -0.0949821
0.106071 0.575221 -0.811092
0.106071 0.575221 -0.811092
0.820085 0.570867 -0.0396409
0.820085 0.570868 -0.0396408
-0.882732 0.44908 0.138244
-0.20348 0.44494 0.872138
-0.152677 -0.552381 0.819491
-0.831929 -0.54824 0.0855976
BONE = 17
BONE_NAME = Bone_HoseRt
PARENT_ID = 10
LOCALTM 
MAT -0.653558 -0.0288657 0.204914 0.0
MAT -0.0679068 0.67116 -0.122043 0.0
MAT -0.195479 -0.136648 -0.642711 0.0
MAT 0.279242 -0.0239701 0.204872 1.0
WORLDTM 
MAT 0.732145 0.0730446 -0.67722 0.0
MAT -0.516227 0.70814 -0.481714 0.0
MAT 0.444381 0.702284 0.556168 0.0
MAT -0.29641 0.464242 -0.0435722 1.0
VERTEX = 9
0.0358237 0.852093 -0.0877198
0.0388841 0.851624 -0.0782112
0.0386271 0.841635 -0.0786213
0.0355667 0.842105 -0.08813
0.0323269 0.847446 -0.0820911
0.0326329 0.8474 -0.0811402
0.0326072 0.846401 -0.0811812
0.0323012 0.846448 -0.0821321
0.032467 0.846924 -0.0816361
INDEX = 14
4 5 7
6 7 5
1 2 5
6 5 2
0 1 4
5 4 1
7 6 3
2 3 6
4 7 0
3 0 7
8 1 0
8 2 1
8 3 2
8 0 3
FACE-NORMAL = 14
0.951672 -0.011887 -0.306885
0.951672 -0.011887 -0.306885
0.409159 0.0269281 -0.912066
0.409159 0.0269281 -0.912066
0.61753 -0.750375 -0.235785
0.61753 -0.750375 -0.235785
0.655741 0.73447 -0.174806
0.655741 0.734471 -0.174806
0.864111 -0.042832 0.501475
0.864111 -0.042832 0.501475
-0.654759 0.714683 0.246006
-0.456533 -0.0247766 0.889362
-0.691109 -0.697872 0.187995
-0.889335 0.0415873 -0.45536
BONE = 18
BONE_NAME = Box_LftShoulder
PARENT_ID = 3
LOCALTM 
MAT -0.00918133 -2.04542e-007 -0.685476 0.0
MAT 0.685477 -2.23517e-007 -0.00918172 0.0
MAT -6.81728e-007 -0.685537 -2.41555e-007 0.0
MAT 0.102232 0.0 -0.000562198 1.0
WORLDTM 
MAT 0.951672 -0.011887 -0.306885 0.0
MAT 0.025704 0.998829 0.0410195 0.0
MAT 0.306038 -0.0469263 0.950862 0.0
MAT 0.032467 0.846924 -0.0816361 1.0
VERTEX = 9
0.0343832 0.839475 -0.0991836
0.0365903 0.853889 -0.0988076
0.0390218 0.853142 -0.084444
0.0368146 0.838728 -0.08482
0.0293642 0.84668 -0.0912929
0.0295849 0.848122 -0.0912554
0.0298281 0.848047 -0.089819
0.0296074 0.846606 -0.0898566
0.0295961 0.847364 -0.090556
INDEX = 14
4 5 7
6 7 5
1 2 5
6 5 2
0 1 4
5 4 1
7 6 3
2 3 6
4 7 0
3 0 7
8 1 0
8 2 1
8 3 2
8 0 3
FACE-NORMAL = 14
0.974332 -0.144695 -0.172457
0.974332 -0.144695 -0.172457
0.539326 -0.831282 -0.134526
0.539327 -0.831282 -0.134526
0.775689 -0.134859 0.616539
0.775689 -0.134859 0.616539
0.527898 -0.0587325 -0.847274
0.527898 -0.0587325 -0.847274
0.764261 0.637691 -0.0962095
0.764261 0.637691 -0.0962094
-0.80682 0.138525 -0.574328
-0.581965 0.801042 0.140171
-0.571093 0.0661045 0.818219
-0.795948 -0.596413 0.10372
BONE = 19
BONE_NAME = BoneShoulderL
PARENT_ID = 18
LOCALTM 
MAT 1.43229 -0.184607 0.205663 0.0
MAT 0.208517 0.00944091 -1.4437 0.0
MAT 0.181376 1.44695 0.0356583 0.0
MAT 0.0 0.0 -0.00938079 1.0
WORLDTM 
MAT 1.42127 -0.211067 -0.251564 0.0
MAT -0.243144 0.0746987 -1.43636 0.0
MAT 0.220716 1.44142 0.0375977 0.0
MAT 0.0295961 0.847364 -0.090556 1.0
VERTEX = 9
0.358545 0.786184 -0.151079
0.372421 0.790009 -0.153448
0.372468 0.797567 -0.140972
0.358592 0.793742 -0.138603
0.362561 0.797244 -0.150119
0.363949 0.797626 -0.150356
0.363953 0.798382 -0.149109
0.362566 0.798 -0.148872
0.363257 0.797813 -0.149614
INDEX = 14
4 5 7
6 7 5
1 2 5
6 5 2
0 1 4
5 4 1
7 6 3
2 3 6
4 7 0
3 0 7
8 1 0
8 2 1
8 3 2
8 0 3
FACE-NORMAL = 14
0.308433 -0.814098 0.492051
0.308433 -0.814098 0.492051
-0.500721 -0.739506 0.449899
-0.500721 -0.739506 0.449899
0.208716 -0.15946 0.964889
0.208716 -0.15946 0.964889
0.203945 -0.929746 -0.30656
0.203945 -0.929746 -0.30656
0.913382 -0.349699 0.20843
0.913383 -0.349699 0.20843
-0.220365 0.209262 -0.952706
0.454533 0.761069 -0.462789
-0.215825 0.942046 0.256842
-0.890724 0.390239 -0.233076
BONE = 20
BONE_NAME = BoneArmL
PARENT_ID = 19
LOCALTM 
MAT 0.333454 -0.577612 -0.745099 0.0
MAT 0.219346 0.816178 -0.534547 0.0
MAT 0.916895 0.0148141 0.398854 0.0
MAT 0.234763 0.0 0.0 1.0
WORLDTM 
MAT 0.449914 -1.18753 0.71776 0.0
MAT -0.00468224 -0.755839 -1.2476 0.0
MAT 1.38758 0.382498 -0.236941 0.0
MAT 0.363257 0.797813 -0.149614 1.0
VERTEX = 9
0.415223 0.643061 -0.0657271
0.429776 0.643983 -0.0653487
0.430302 0.632168 -0.0568107
0.415749 0.631246 -0.0571891
0.421586 0.642411 -0.0558041
0.423041 0.642504 -0.0557662
0.423093 0.641322 -0.0549124
0.421638 0.64123 -0.0549503
0.42234 0.641867 -0.0553582
INDEX = 14
4 5 7
6 7 5
1 2 5
6 5 2
0 1 4
5 4 1
7 6 3
2 3 6
4 7 0
3 0 7
8 1 0
8 2 1
8 3 2
8 0 3
FACE-NORMAL = 14
0.058014 -0.583005 -0.810395
0.058014 -0.583005 -0.810395
-0.702749 -0.436993 -0.56141
-0.702749 -0.436993 -0.56141
0.0656379 -0.992083 -0.107069
0.0656379 -0.992083 -0.107069
0.0119807 0.212063 -0.977183
0.0119806 0.212063 -0.977182
0.780365 -0.343027 -0.522841
0.780365 -0.343026 -0.522841
-0.0665446 0.985008 0.15916
0.664433 0.456942 0.591382
-0.0154996 -0.160514 0.986912
-0.746475 0.367551 0.55469
BONE = 21
BONE_NAME = BoneForeArmL
PARENT_ID = 20
LOCALTM 
MAT 0.0937621 0.995018 0.0339436 0.0
MAT -0.958559 0.0810074 0.273135 0.0
MAT 0.26902 -0.058145 0.961377 0.0
MAT 0.131319 0.0 0.0 1.0
WORLDTM 
MAT 0.0846256 -0.850435 -1.18213 0.0
MAT -0.0526511 1.18157 -0.853797 0.0
MAT 1.4553 0.0922028 0.0378444 0.0
MAT 0.42234 0.641867 -0.0553582 1.0
VERTEX = 9
0.460483 0.527948 -0.228955
0.458573 0.520148 -0.222996
0.45892 0.514028 -0.230897
0.46083 0.521828 -0.236856
0.454875 0.522335 -0.230549
0.454684 0.521555 -0.229953
0.454719 0.520943 -0.230743
0.45491 0.521723 -0.231339
0.454797 0.521639 -0.230646
INDEX = 14
4 5 7
6 7 5
1 2 5
6 5 2
0 1 4
5 4 1
7 6 3
2 3 6
4 7 0
3 0 7
8 1 0
8 2 1
8 3 2
8 0 3
FACE-NORMAL = 14
0.98098 -0.130237 0.143935
0.98098 -0.130237 0.143935
0.798201 0.492665 -0.346637
0.798201 0.492665 -0.346637
0.682012 -0.542048 -0.490962
0.682012 -0.542048 -0.490962
0.63047 0.367804 0.683541
0.63047 0.367804 0.683541
0.514282 -0.66691 0.539209
0.514282 -0.66691 0.539209
-0.718173 0.524868 0.456882
-0.828706 -0.45947 0.319583
-0.669141 -0.340688 -0.66044
-0.558609 0.64365 -0.523135
BONE = 22
BONE_NAME = Object03
PARENT_ID = 21
LOCALTM 
MAT 0.0111008 -0.154349 0.667844 0.0
MAT -0.684921 0.0237032 0.0168592 0.0
MAT -0.026893 -0.667515 -0.15382 0.0
MAT 0.146724 0.00276989 0.0138711 1.0
WORLDTM 
MAT 0.980978 -0.130237 0.143934 0.0
MAT -0.0346747 0.612042 0.790067 0.0
MAT -0.190985 -0.780024 0.595892 0.0
MAT 0.454797 0.521639 -0.230646 1.0
VERTEX = 9
0.400672 0.33139 -0.142731
0.404679 0.330285 -0.151826
0.39558 0.32864 -0.155635
0.391573 0.329745 -0.14654
0.398918 0.325252 -0.147706
0.399319 0.325141 -0.148615
0.398409 0.324977 -0.148996
0.398008 0.325087 -0.148086
0.398664 0.325114 -0.148351
INDEX = 14
4 5 7
6 7 5
1 2 5
6 5 2
0 1 4
5 4 1
7 6 3
2 3 6
4 7 0
3 0 7
8 1 0
8 2 1
8 3 2
8 0 3
FACE-NORMAL = 14
-0.107522 0.980167 -0.166466
-0.107522 0.980167 -0.166466
-0.369775 0.737835 0.564682
-0.369775 0.737835 0.564682
-0.748235 0.533429 -0.394459
-0.748235 0.533429 -0.394459
0.604379 0.777966 0.171739
0.604379 0.777966 0.17174
0.225915 0.573561 -0.787395
0.225915 0.573561 -0.787395
0.71941 -0.576767 0.387026
0.359376 -0.771222 -0.52542
-0.567352 -0.809399 -0.151607
-0.207313 -0.614945 0.760831
BONE = 23
BONE_NAME = Star2Part05
PARENT_ID = 21
LOCALTM 
MAT -0.30354 0.613732 -0.0340283 0.0
MAT -0.241154 -0.0839989 0.6362 0.0
MAT 0.565387 0.29367 0.253093 0.0
MAT 0.177318 -0.13799 -0.0315722 1.0
WORLDTM 
MAT -0.107522 0.980169 -0.166466 0.0
MAT 0.909876 0.164495 0.38087 0.0
MAT 0.40071 -0.110499 -0.909519 0.0
MAT 0.398664 0.325114 -0.148351 1.0
VERTEX = 9
0.504749 0.305516 -0.444242
0.503463 0.296611 -0.439878
0.506624 0.292072 -0.448209
0.50791 0.300977 -0.452573
0.500893 0.299313 -0.447726
0.500764 0.298422 -0.44729
0.50108 0.297968 -0.448123
0.501209 0.298859 -0.448559
0.500987 0.298641 -0.447925
INDEX = 14
4 5 7
6 7 5
1 2 5
6 5 2
0 1 4
5 4 1
7 6 3
2 3 6
4 7 0
3 0 7
8 1 0
8 2 1
8 3 2
8 0 3
FACE-NORMAL = 14
0.939972 0.0307314 0.339865
0.939972 0.0307314 0.339865
0.72444 0.68248 -0.0969951
0.72444 0.68248 -0.096995
0.863742 -0.316816 -0.39189
0.863742 -0.316816 -0.39189
0.393874 0.357934 0.846609
0.393874 0.357934 0.846609
0.533177 -0.641358 0.551708
0.533177 -0.641358 0.551708
-0.888156 0.299219 0.348779
-0.755637 -0.651426 0.0682407
-0.441164 -0.342681 -0.829424
-0.573685 0.607961 -0.54888
BONE = 24
BONE_NAME = HitTestFuzzy
PARENT_ID = 21
LOCALTM 
MAT -0.163715 -0.142567 0.650257 0.0
MAT -0.65682 -0.0744248 -0.181687 0.0
MAT 0.108371 -0.666408 -0.118817 0.0
MAT 0.358398 -0.0350184 0.0319342 1.0
WORLDTM 
MAT 0.93997 0.0307314 0.339864 0.0
MAT -0.316074 0.453893 0.833116 0.0
MAT -0.128656 -0.890522 0.436372 0.0
MAT 0.500987 0.298641 -0.447925 1.0
VERTEX = 9
0.437096 0.649669 0.20371
0.438075 0.659615 0.204061
0.439742 0.659102 0.213908
0.438762 0.649157 0.213557
0.433381 0.654367 0.209153
0.433479 0.655362 0.209188
0.433646 0.65531 0.210173
0.433548 0.654316 0.210138
0.433513 0.654839 0.209663
INDEX = 14
4 5 7
6 7 5
1 2 5
6 5 2
0 1 4
5 4 1
7 6 3
2 3 6
4 7 0
3 0 7
8 1 0
8 2 1
8 3 2
8 0 3
FACE-NORMAL = 14
0.981131 -0.0906153 -0.170795
0.981131 -0.0906153 -0.170795
0.583519 -0.799876 -0.140372
0.583519 -0.799875 -0.140372
0.780237 -0.0986824 0.61765
0.780238 -0.0986824 0.61765
0.532446 -0.0225544 -0.846163
0.532446 -0.0225544 -0.846163
0.729165 0.678638 -0.0881398
0.729165 0.678638 -0.0881397
-0.811628 0.100286 -0.575502
-0.624487 0.767341 0.145615
-0.575901 0.0278638 0.817045
-0.763042 -0.639191 0.0959257
BONE = 25
BONE_NAME = Bone_HoseLft
PARENT_ID = 19
LOCALTM 
MAT 0.684518 -1.48546e-007 0.0373687 0.0
MAT -8.46107e-007 0.685537 7.18981e-007 0.0
MAT -0.0373686 7.18981e-007 0.684518 0.0
MAT 0.253396 -0.255572 -0.0832166 1.0
WORLDTM 
MAT 0.98113 -0.0906153 -0.170795 0.0
MAT -0.166685 0.0512099 -0.984679 0.0
MAT 0.0979731 0.994569 0.0351359 0.0
MAT 0.433513 0.654839 0.209663 1.0
VERTEX = 9
0.174796 0.79024 0.369654
0.175053 0.800228 0.370064
0.171992 0.800697 0.360556
0.171735 0.790709 0.360145
0.178551 0.794883 0.363942
0.178577 0.795882 0.363983
0.178271 0.795929 0.363032
0.178245 0.79493 0.362991
0.178411 0.795406 0.363487
INDEX = 14
4 5 7
6 7 5
1 2 5
6 5 2
0 1 4
5 4 1
7 6 3
2 3 6
4 7 0
3 0 7
8 1 0
8 2 1
8 3 2
8 0 3
FACE-NORMAL = 14
-0.951671 0.01189 0.306889
-0.951671 0.01189 0.306889
-0.655739 -0.734471 0.174807
-0.65574 -0.734471 0.174807
-0.864111 0.0428349 -0.501475
-0.864111 0.0428349 -0.501475
-0.409159 -0.0269267 0.912066
-0.409159 -0.0269267 0.912066
-0.61753 0.750374 0.235788
-0.617529 0.750374 0.235788
0.889335 -0.0415902 0.45536
0.691108 0.697873 -0.187997
0.456532 0.024775 -0.889362
0.654758 -0.714683 -0.246009
BONE = 26
BONE_NAME = Box10
PARENT_ID = 3
LOCALTM 
MAT 0.00968292 -2.45741e-006 0.722754 0.0
MAT -1.33365e-006 -0.685538 2.06919e-006 0.0
MAT 0.685475 -8.56817e-007 -0.00917879 0.0
MAT 0.0820202 -0.32243 -0.00228096 1.0
WORLDTM 
MAT -1.00343 0.0125366 0.323578 0.0
MAT 0.306035 -0.0469274 0.950865 0.0
MAT 0.0257001 0.998826 0.0410216 0.0
MAT 0.178411 0.795406 0.363487 1.0
VERTEX = 9
0.154123 0.902771 0.240231
0.159389 0.896082 0.237975
0.16039 0.899575 0.229952
0.155123 0.906264 0.232208
0.153449 0.899063 0.234181
0.153976 0.898394 0.233956
0.154076 0.898743 0.233153
0.153549 0.899412 0.233379
0.153762 0.898903 0.233667
INDEX = 14
4 5 7
6 7 5
1 2 5
6 5 2
0 1 4
5 4 1
7 6 3
2 3 6
4 7 0
3 0 7
8 1 0
8 2 1
8 3 2
8 0 3
FACE-NORMAL = 14
0.79345 0.515572 0.323454
0.79345 0.515572 0.323454
0.0863432 0.909434 0.406787
0.0863433 0.909434 0.406787
0.615222 0.639736 -0.460695
0.615222 0.639736 -0.460695
0.446358 0.0500642 0.893453
0.446358 0.050064 0.893453
0.975237 -0.219634 0.025972
0.975237 -0.219634 0.025972
-0.641375 -0.645047 0.415395
-0.138245 -0.901614 -0.409854
-0.480733 -0.0840831 -0.872827
-0.983862 0.172485 -0.0475791
BONE = 27
BONE_NAME = Cylinder10
PARENT_ID = 3
LOCALTM 
MAT 0.325957 -0.317693 -0.396671 0.0
MAT -0.215294 -0.513195 0.234103 0.0
MAT -0.460353 0.0150617 -0.39035 0.0
MAT 0.148658 -0.229307 -0.0135615 1.0
WORLDTM 
MAT 0.698798 0.454069 0.284868 0.0
MAT -0.100041 -0.349343 0.802248 0.0
MAT 0.526612 -0.6689 -0.225608 0.0
MAT 0.153762 0.898903 0.233667 1.0
VERTEX = 9
0.114334 0.906443 0.242122
0.116949 0.900637 0.248207
0.12425 0.905366 0.249582
0.121636 0.911172 0.243497
0.120883 0.90364 0.24237
0.121145 0.90306 0.242979
0.121875 0.903533 0.243116
0.121613 0.904113 0.242508
0.121379 0.903586 0.242743
INDEX = 14
4 5 7
6 7 5
1 2 5
6 5 2
0 1 4
5 4 1
7 6 3
2 3 6
4 7 0
3 0 7
8 1 0
8 2 1
8 3 2
8 0 3
FACE-NORMAL = 14
-0.473896 0.52646 0.705877
-0.473896 0.52646 0.705877
-0.537651 0.842153 -0.0413482
-0.537651 0.842153 -0.041348
0.299205 0.751293 0.588248
0.299205 0.751293 0.588248
-0.933244 -0.0469261 0.356166
-0.933244 -0.0469262 0.356166
-0.0963887 -0.137785 0.985761
-0.0963887 -0.137785 0.985761
-0.251128 -0.751943 -0.609522
0.544985 -0.838379 -0.010578
0.921318 0.00741523 -0.388739
0.125205 0.0938511 -0.987682
BONE = 28
BONE_NAME = Cylinder13
PARENT_ID = 3
LOCALTM 
MAT 0.333029 -0.302759 0.402434 0.0
MAT -0.334568 0.227598 0.448095 0.0
MAT -0.376405 -0.470171 -0.0422292 0.0
MAT 0.151858 -0.228278 0.00947234 1.0
WORLDTM 
MAT -0.417364 0.463658 0.621672 0.0
MAT -0.730148 -0.472894 -0.137493 0.0
MAT 0.26142 -0.580551 0.608497 0.0
MAT 0.121379 0.903586 0.242743 1.0
VERTEX = 9
0.0731183 0.976383 0.183141
0.0753938 0.985803 0.180674
0.0791299 0.982618 0.171962
0.0768544 0.973198 0.174429
0.0803197 0.978659 0.180232
0.0805473 0.979601 0.179986
0.0809209 0.979282 0.179114
0.0806933 0.97834 0.179361
0.0806203 0.97897 0.179673
INDEX = 14
4 5 7
6 7 5
1 2 5
6 5 2
0 1 4
5 4 1
7 6 3
2 3 6
4 7 0
3 0 7
8 1 0
8 2 1
8 3 2
8 0 3
FACE-NORMAL = 14
-0.899241 0.106057 -0.424403
-0.899241 0.106057 -0.424403
-0.770697 -0.629225 -0.100508
-0.770697 -0.629225 -0.100508
-0.323856 -0.165755 -0.931473
-0.323856 -0.165755 -0.931473
-0.879265 0.307652 0.363652
-0.879265 0.307652 0.363652
-0.432424 0.771121 -0.467313
-0.432424 0.771121 -0.467313
0.371675 0.150186 0.916134
0.796762 0.591092 0.125625
0.900044 -0.300174 -0.315938
0.474957 -0.741079 0.474572
BONE = 29
BONE_NAME = Star2Part03
PARENT_ID = 3
LOCALTM 
MAT 0.0515101 0.46872 0.497603 0.0
MAT 0.241704 -0.479269 0.426431 0.0
MAT 0.639443 0.143402 -0.201271 0.0
MAT 0.201167 -0.17619 0.02275 1.0
WORLDTM 
MAT -0.89924 0.106057 -0.424403 0.0
MAT -0.373614 0.318453 0.871208 0.0
MAT 0.227549 0.941986 -0.246743 0.0
MAT 0.0806203 0.97897 0.179673 1.0
VERTEX = 9
0.156027 0.972201 0.173011
0.155718 0.980579 0.167559
0.148106 0.976847 0.162255
0.148415 0.968469 0.167707
0.155702 0.972299 0.164925
0.155671 0.973136 0.16438
0.15491 0.972763 0.163849
0.15494 0.971926 0.164394
0.155306 0.972531 0.164387
INDEX = 14
4 5 7
6 7 5
1 2 5
6 5 2
0 1 4
5 4 1
7 6 3
2 3 6
4 7 0
3 0 7
8 1 0
8 2 1
8 3 2
8 0 3
FACE-NORMAL = 14
-0.647757 0.398619 0.64924
-0.647757 0.398619 0.64924
-0.41036 -0.356029 0.839552
-0.41036 -0.356029 0.839552
-0.999137 -0.010741 0.04012
-0.999137 -0.0107409 0.0401201
0.132483 0.544065 0.828518
0.132483 0.544065 0.828517
-0.456294 0.889354 0.0290854
-0.456294 0.889354 0.0290853
0.996297 -0.0179686 -0.084075
0.436185 0.310509 -0.844587
-0.0802297 -0.545764 -0.834089
0.479883 -0.874242 -0.0735775
BONE = 30
BONE_NAME = Star2Part04
PARENT_ID = 3
LOCALTM 
MAT 0.287299 -0.274485 0.55864 0.0
MAT 0.278734 -0.493402 -0.385778 0.0
MAT 0.556533 0.388812 -0.0951737 0.0
MAT 0.196948 -0.182101 -0.0291918 1.0
WORLDTM 
MAT -0.647757 0.398619 0.64924 0.0
MAT 0.761221 0.373208 0.530341 0.0
MAT -0.0308987 0.837745 -0.545186 0.0
MAT 0.155306 0.972531 0.164387 1.0
VERTEX = 9
0.0653402 0.742473 -0.00805775
0.0689675 0.74771 0.00298791
0.0701249 0.738593 0.00693018
0.0664976 0.733356 -0.00411548
0.0601533 0.740819 0.00105375
0.060516 0.741343 0.00215831
0.0606318 0.740431 0.00255254
0.060269 0.739907 0.00144798
0.0603925 0.740625 0.00180314
INDEX = 14
4 5 7
6 7 5
1 2 5
6 5 2
0 1 4
5 4 1
7 6 3
2 3 6
4 7 0
3 0 7
8 1 0
8 2 1
8 3 2
8 0 3
FACE-NORMAL = 14
0.951672 -0.0118872 -0.306885
0.951672 -0.0118872 -0.306885
0.425188 -0.313217 -0.849182
0.425189 -0.313217 -0.849182
0.722663 -0.685611 0.0877309
0.722663 -0.685611 0.0877308
0.550608 0.669706 -0.498322
0.550608 0.669706 -0.498322
0.848082 0.297313 0.438591
0.848082 0.297313 0.438591
-0.754773 0.653072 -0.0617596
-0.471781 0.298808 0.829539
-0.591095 -0.636261 0.495761
-0.874086 -0.281997 -0.395538
BONE = 31
BONE_NAME = Vol_Target
PARENT_ID = 3
LOCALTM 
MAT -0.0141629 0.0 -1.05738 0.0
MAT 0.611091 0.310588 -0.00818516 0.0
MAT 0.395993 -0.779268 -0.00530414 0.0
MAT 0.03227 -0.0636683 -0.00115621 1.0
WORLDTM 
MAT 1.468 -0.0183366 -0.473386 0.0
MAT -0.115738 0.911698 -0.394227 0.0
MAT 0.36273 0.523672 1.10457 0.0
MAT 0.0603925 0.740625 0.00180314 1.0
VERTEX = 9
0.0211622 0.595005 -0.105874
0.0334532 0.595284 -0.105046
0.0326325 0.594981 -0.0927551
0.0203415 0.594702 -0.0935826
0.0261746 0.601152 -0.0998284
0.0274037 0.60118 -0.0997456
0.0273216 0.601149 -0.0985165
0.0260925 0.601122 -0.0985993
0.0267481 0.601151 -0.0991725
INDEX = 14
4 5 7
6 7 5
1 2 5
6 5 2
0 1 4
5 4 1
7 6 3
2 3 6
4 7 0
3 0 7
8 1 0
8 2 1
8 3 2
8 0 3
FACE-NORMAL = 14
0.0242273 -0.999441 -0.0230266
0.0242273 -0.999441 -0.0230266
-0.725218 -0.685414 -0.0653242
-0.725218 -0.685414 -0.0653242
-0.0332977 -0.686873 0.726014
-0.0332977 -0.686873 0.726014
0.0657121 -0.650309 -0.756822
0.0657121 -0.650309 -0.756822
0.757632 -0.651768 0.0345162
0.757632 -0.651768 0.0345162
0.0299635 0.724104 -0.68904
0.688197 0.722715 0.0637721
-0.0642261 0.68932 0.721605
-0.72246 0.690708 -0.0312076
BONE = 32
BONE_NAME = BoneWaist
PARENT_ID = 1
LOCALTM 
MAT 0.0204653 -0.844471 0.000545304 0.0
MAT 0.05626 0.000819178 -0.842843 0.0
MAT 0.842595 0.0204562 0.0562634 0.0
MAT 0.0 0.0 0.0 1.0
WORLDTM 
MAT 0.0298529 -1.23151 -0.0283734 0.0
MAT 0.082067 0.030307 -1.22909 0.0
MAT 1.2291 0.0278878 0.0827555 0.0
MAT 0.0267481 0.601151 -0.0991725 1.0
VERTEX = 9
0.0206724 0.577761 -0.107329
0.0233321 0.565954 -0.105013
0.0221509 0.568058 -0.0929298
0.0194913 0.579865 -0.0952454
0.0273245 0.57481 -0.10051
0.0275904 0.573629 -0.100279
0.0274723 0.57384 -0.0990705
0.0272063 0.57502 -0.0993021
0.0273984 0.574325 -0.0997905
INDEX = 14
4 5 7
6 7 5
1 2 5
6 5 2
0 1 4
5 4 1
7 6 3
2 3 6
4 7 0
3 0 7
8 1 0
8 2 1
8 3 2
8 0 3
FACE-NORMAL = 14
-0.971711 -0.22968 -0.0549972
-0.971711 -0.22968 -0.0549972
-0.810476 0.558557 -0.176474
-0.810476 0.558557 -0.176474
-0.721292 -0.0267399 0.692115
-0.721292 -0.02674 0.692115
-0.578789 -0.280556 -0.765697
-0.578789 -0.280556 -0.765697
-0.489605 -0.865852 0.102891
-0.489605 -0.865852 0.102891
0.754886 0.0416789 -0.65453
0.839728 -0.515122 0.171771
0.619321 0.283138 0.732308
0.534479 0.839939 -0.0939933
BONE = 33
BONE_NAME = connectBone01
PARENT_ID = 32
LOCALTM 
MAT 0.207276 -0.0155088 -0.97816 0.0
MAT 0.195545 0.980352 0.0258933 0.0
MAT 0.95854 -0.196641 0.206237 0.0
MAT 0.021783 0.0 0.0 1.0
WORLDTM 
MAT -1.19734 -0.283012 -0.0677676 0.0
MAT 0.118118 -0.210382 -1.20835 0.0
MAT 0.265963 -1.18066 0.23156 0.0
MAT 0.0273984 0.574325 -0.0997905 1.0
VERTEX = 9
-0.0945145 0.539517 -0.115
-0.087797 0.540377 -0.102081
-0.100153 0.545153 -0.0959742
-0.106871 0.544293 -0.108894
-0.0951168 0.548931 -0.107903
-0.0944451 0.549017 -0.106611
-0.0956807 0.549495 -0.106
-0.0963525 0.549409 -0.107292
-0.0953988 0.549213 -0.106951
INDEX = 14
4 5 7
6 7 5
1 2 5
6 5 2
0 1 4
5 4 1
7 6 3
2 3 6
4 7 0
3 0 7
8 1 0
8 2 1
8 3 2
8 0 3
FACE-NORMAL = 14
-0.265322 -0.94303 0.200747
-0.265322 -0.94303 0.200747
-0.519787 -0.67469 -0.524037
-0.519787 -0.67469 -0.524037
-0.807117 -0.387469 0.445455
-0.807117 -0.387469 0.445455
0.452134 -0.874238 -0.17687
0.452134 -0.874238 -0.17687
0.164805 -0.587017 0.792622
0.164805 -0.587017 0.792622
0.786583 0.435288 -0.437963
0.513242 0.708525 0.484329
-0.411361 0.898358 0.154064
-0.138021 0.62512 -0.768228
BONE = 34
BONE_NAME = BoneLegR
PARENT_ID = 33
LOCALTM 
MAT 0.54855 -0.0725503 1.04655 0.0
MAT -0.858131 0.648297 0.494731 0.0
MAT -0.603445 -0.987872 0.247813 0.0
MAT 0.101838 -0.000374429 -0.00307536 1.0
WORLDTM 
MAT -0.387028 -1.37561 0.292831 0.0
MAT 1.23563 -0.477639 -0.610653 0.0
MAT 0.671755 0.0860293 1.29197 0.0
MAT -0.0953988 0.549213 -0.106951 1.0
VERTEX = 9
-0.158894 0.302615 -0.0599711
-0.151151 0.310797 -0.0507033
-0.163507 0.315573 -0.0445968
-0.17125 0.307391 -0.0538646
-0.161165 0.313992 -0.0577855
-0.160391 0.31481 -0.0568587
-0.161627 0.315288 -0.0562481
-0.162401 0.31447 -0.0571749
-0.161396 0.31464 -0.0570168
INDEX = 14
4 5 7
6 7 5
1 2 5
6 5 2
0 1 4
5 4 1
7 6 3
2 3 6
4 7 0
3 0 7
8 1 0
8 2 1
8 3 2
8 0 3
FACE-NORMAL = 14
0.0267668 -0.760391 0.648914
