EXPORTER_V17
ANIMATION_EXPORT
BONEOBJECT_COUNT = 58
VERTEX = 9
0.00729355 0.00729355 -0.00729355
0.00729355 0.00729355 0.00729355
0.00729355 -0.00729355 0.00729355
0.00729355 -0.00729355 -0.00729355
0.0 0.000729355 -0.000729355
0.0 0.000729355 0.000729355
0.0 -0.000729355 0.000729355
0.0 -0.000729355 -0.000729355
0.0 0.0 0.0
INDEX = 14
4 5 7
6 7 5
1 2 5
6 5 2
0 1 4
5 4 1
7 6 3
2 3 6
4 7 0
3 0 7
8 1 0
8 2 1
8 3 2
8 0 3
FACE-NORMAL = 14
1.0 0.0 0.0
1.0 0.0 0.0
0.668965 0.0 -0.743294
0.668965 0.0 -0.743294
0.668965 -0.743294 0.0
0.668965 -0.743294 0.0
0.668965 0.743294 0.0
0.668965 0.743294 0.0
0.668965 0.0 0.743294
0.668965 0.0 0.743294
-0.707107 0.707107 0.0
-0.707107 0.0 0.707107
-0.707107 -0.707107 0.0
-0.707107 0.0 -0.707107
BONE = 0
BONE_NAME = Main
PARENT_ID = -1
LOCALTM 
MAT 1.45871 0.0 0.0 0.0
MAT 0.0 1.45871 0.0 0.0
MAT 0.0 0.0 1.45871 0.0
MAT 0.0 0.0 0.0 1.0
WORLDTM 
MAT 1.45871 0.0 0.0 0.0
MAT 0.0 1.45871 0.0 0.0
MAT 0.0 0.0 1.45871 0.0
MAT 0.0 0.0 0.0 1.0
VERTEX = 9
0.100468 0.624184 -0.0988545
0.100468 0.627662 -0.084688
0.100468 0.613496 -0.0812102
0.100468 0.610018 -0.0953766
0.093174 0.619374 -0.0909145
0.093174 0.619722 -0.0894979
0.093174 0.618306 -0.0891501
0.093174 0.617958 -0.0905667
0.093174 0.61884 -0.0900323
INDEX = 14
4 5 7
6 7 5
1 2 5
6 5 2
0 1 4
5 4 1
7 6 3
2 3 6
4 7 0
3 0 7
8 1 0
8 2 1
8 3 2
8 0 3
FACE-NORMAL = 14
1.0 0.0 0.0
1.0 0.0 0.0
0.668965 -0.177218 -0.721859
0.668965 -0.177218 -0.721859
0.668965 -0.721859 0.177218
0.668965 -0.721859 0.177218
0.668965 0.721859 -0.177218
0.668965 0.721859 -0.177218
0.668965 0.177218 0.721859
0.668965 0.177218 0.721859
-0.707107 0.686715 -0.16859
-0.707107 0.16859 0.686715
-0.707107 -0.686715 0.16859
-0.707107 -0.16859 -0.686715
BONE = 1
BONE_NAME = Root
PARENT_ID = 0
LOCALTM 
MAT 1.0 0.0 0.0 0.0
MAT 0.0 0.971162 -0.238422 0.0
MAT 0.0 0.238422 0.971162 0.0
MAT 0.0638743 0.424238 -0.0617205 1.0
WORLDTM 
MAT 1.45871 0.0 0.0 0.0
MAT 0.0 1.41664 -0.347789 0.0
MAT 0.0 0.347789 1.41664 0.0
MAT 0.093174 0.61884 -0.0900323 1.0
VERTEX = 9
0.101137 0.645583 -0.104097
0.0871273 0.649525 -0.105081
0.0871107 0.653003 -0.0909151
0.101121 0.649061 -0.0899309
0.0927938 0.642119 -0.0964974
0.0913928 0.642513 -0.0965958
0.0913912 0.642861 -0.0951792
0.0927922 0.642466 -0.0950808
0.0920925 0.64249 -0.0958383
INDEX = 14
4 5 7
6 7 5
1 2 5
6 5 2
0 1 4
5 4 1
7 6 3
2 3 6
4 7 0
3 0 7
8 1 0
8 2 1
8 3 2
8 0 3
FACE-NORMAL = 14
0.278526 0.932807 -0.22868
0.278526 0.932807 -0.22868
0.900205 0.423151 -0.102833
0.900205 0.423151 -0.102833
0.185481 0.801232 0.568879
0.185481 0.801232 0.568879
0.187167 0.446797 -0.874837
0.187167 0.446797 -0.874838
-0.527556 0.824878 -0.203125
-0.527556 0.824878 -0.203125
-0.196146 -0.828184 -0.525013
-0.876073 -0.468509 0.113997
-0.19775 -0.491004 0.848416
0.482177 -0.850679 0.209406
BONE = 2
BONE_NAME = BoneBack01
PARENT_ID = 1
LOCALTM 
MAT 0.278526 0.960429 0.000316098 0.0
MAT 0.00113443 1.49012e-007 -1.0 0.0
MAT -0.960428 0.278526 -0.00108949 0.0
MAT -0.000741445 0.0166941 0.0 1.0
WORLDTM 
MAT 0.406289 1.36069 -0.333578 0.0
MAT 0.0016548 -0.347788 -1.41664 0.0
MAT -1.40099 0.394193 -0.0984117 0.0
MAT 0.0920925 0.64249 -0.0958383 1.0
VERTEX = 9
0.119857 0.716726 -0.121076
0.10527 0.71684 -0.121077
0.10529 0.71942 -0.10672
0.119877 0.719306 -0.106719
0.113246 0.71076 -0.113326
0.111787 0.710771 -0.113326
0.111789 0.711029 -0.11189
0.113248 0.711018 -0.11189
0.112517 0.710895 -0.112608
INDEX = 14
4 5 7
6 7 5
1 2 5
6 5 2
0 1 4
5 4 1
7 6 3
2 3 6
4 7 0
3 0 7
8 1 0
8 2 1
8 3 2
8 0 3
FACE-NORMAL = 14
0.00767951 0.9842 -0.176896
0.00767951 0.9842 -0.176896
0.748409 0.652597 -0.118324
0.748409 0.652598 -0.118324
0.00615001 0.789876 0.613235
0.00615001 0.789876 0.613235
0.00412463 0.526914 -0.849909
0.00412463 0.526913 -0.849909
-0.738134 0.664192 -0.11835
-0.738134 0.664192 -0.11835
-0.00639362 -0.821015 -0.570871
-0.712516 -0.690419 0.125072
-0.00446685 -0.570854 0.821039
0.701655 -0.701449 0.125096
BONE = 3
BONE_NAME = BoneBack02
PARENT_ID = 2
LOCALTM 
MAT 0.960659 -0.0628519 0.270523 0.0
MAT 0.0596904 0.998019 0.0199077 0.0
MAT -0.271238 -0.00297742 0.962507 0.0
MAT 0.0502721 0.0 0.0 1.0
WORLDTM 
MAT 0.0112022 1.43566 -0.258039 0.0
MAT -0.0019874 -0.258032 -1.43571 0.0
MAT -1.45866 0.0113775 -2.49147e-005 0.0
MAT 0.112517 0.710895 -0.112608 1.0
VERTEX = 9
-0.0446518 0.858037 0.0957968
-0.0446207 0.860072 0.10795
-0.043424 0.847976 0.109972
-0.0434551 0.845941 0.0978192
-0.0502311 0.852922 0.10229
-0.050228 0.853125 0.103505
-0.0501083 0.851915 0.103707
-0.0501115 0.851712 0.102492
-0.0501697 0.852419 0.102998
INDEX = 14
4 5 7
6 7 5
1 2 5
6 5 2
0 1 4
5 4 1
7 6 3
2 3 6
4 7 0
3 0 7
8 1 0
8 2 1
8 3 2
8 0 3
FACE-NORMAL = 14
0.995269 0.0953726 -0.0185186
0.995269 0.0953726 -0.0185186
0.663923 -0.058952 -0.745474
0.663923 -0.058952 -0.745474
0.737989 -0.665851 0.109606
0.73799 -0.665851 0.109606
0.593611 0.793453 -0.134382
0.593611 0.793453 -0.134382
0.667678 0.186554 0.720697
0.667677 0.186554 0.720697
-0.772437 0.626691 -0.10296
-0.701976 0.0493381 0.71049
-0.635087 -0.761568 0.129149
-0.705548 -0.184215 -0.6843
BONE = 4
BONE_NAME = BoneBackPack02
PARENT_ID = 3
LOCALTM 
MAT 0.0885138 -3.06405e-007 -0.840069 0.0
MAT 0.84001 -0.0101145 0.0885073 0.0
MAT -0.0100595 -0.844658 -0.00106008 0.0
MAT 0.0684844 -0.162485 0.112279 1.0
WORLDTM 
MAT 1.22637 0.117518 -0.0228186 0.0
MAT -0.119672 1.20959 -0.202236 0.0
MAT 0.00311229 0.203494 1.21528 0.0
MAT -0.0501697 0.852419 0.102998 1.0
VERTEX = 9
0.298214 0.875743 0.0920643
0.298231 0.877922 0.104192
0.298249 0.865795 0.106372
0.298232 0.863615 0.094244
0.292069 0.871259 0.0985125
0.29207 0.871477 0.0997253
0.292072 0.870264 0.0999433
0.292071 0.870046 0.0987305
0.292071 0.870761 0.0992279
INDEX = 14
4 5 7
6 7 5
1 2 5
6 5 2
0 1 4
5 4 1
7 6 3
2 3 6
4 7 0
3 0 7
8 1 0
8 2 1
8 3 2
8 0 3
FACE-NORMAL = 14
0.999998 0.0012281 -0.00160513
0.999998 0.0012281 -0.00160513
0.66795 -0.130659 -0.732646
0.667951 -0.130659 -0.732646
0.670073 -0.730751 0.130406
0.670073 -0.730751 0.130406
0.667854 0.732394 -0.132554
0.667854 0.732394 -0.132554
0.669976 0.132302 0.730498
0.669976 0.132302 0.730498
-0.708161 0.695087 -0.123944
-0.706142 0.124211 0.697091
-0.70605 -0.696824 0.126214
-0.708069 -0.125948 -0.694821
BONE = 5
BONE_NAME = BoneBackPack01
PARENT_ID = 3
LOCALTM 
MAT 0.00774806 -2.87488e-007 -0.844683 0.0
MAT 0.844685 -1.19209e-007 0.00774775 0.0
MAT -9.08971e-007 -0.844719 -2.23983e-007 0.0
MAT 0.0831193 -0.162485 -0.122234 1.0
WORLDTM 
MAT 1.2322 0.00151326 -0.00197784 0.0
MAT -0.00183906 1.21277 -0.217962 0.0
MAT 0.00167911 0.217963 1.21277 0.0
MAT 0.292071 0.870761 0.0992279 1.0
VERTEX = 9
0.110361 0.828295 -0.216961
0.110449 0.833745 -0.205909
0.122768 0.833486 -0.20588
0.12268 0.828036 -0.216931
0.115822 0.825107 -0.209249
0.115831 0.825652 -0.208144
0.117063 0.825626 -0.208141
0.117054 0.825081 -0.209246
0.116442 0.825366 -0.208695
INDEX = 14
4 5 7
6 7 5
1 2 5
6 5 2
0 1 4
5 4 1
7 6 3
2 3 6
4 7 0
3 0 7
8 1 0
8 2 1
8 3 2
8 0 3
FACE-NORMAL = 14
0.0198714 0.896637 -0.442321
0.0198714 0.896637 -0.442321
0.00798573 0.271081 -0.962523
0.00798574 0.271082 -0.962523
0.756422 0.584224 -0.294123
0.756422 0.584224 -0.294124
-0.729835 0.615413 -0.297671
-0.729835 0.615413 -0.297671
0.0186008 0.928555 0.370728
0.0186008 0.928555 0.370729
-0.721 -0.619183 0.311081
-0.00900207 -0.321286 0.94694
0.692898 -0.648853 0.314456
-0.0191004 -0.94675 -0.321403
BONE = 6
BONE_NAME = BoneHead
PARENT_ID = 3
LOCALTM 
MAT 0.811662 0.233744 -0.0108714 0.0
MAT 0.0113135 3.12226e-007 0.844645 0.0
MAT 0.233724 -0.811735 -0.00313107 0.0
MAT 0.0889079 0.0509475 -0.00207728 1.0
WORLDTM 
MAT 0.0244856 1.10483 -0.545028 0.0
MAT -1.23193 0.0258521 -0.0029408 0.0
MAT 0.00879863 0.544965 1.1051 0.0
MAT 0.116442 0.825366 -0.208695 1.0
VERTEX = 9
0.113012 0.947925 -0.275975
0.1131 0.953374 -0.264924
0.12542 0.953116 -0.264895
0.125332 0.947666 -0.275946
0.118473 0.944737 -0.268264
0.118482 0.945282 -0.267159
0.119714 0.945256 -0.267156
0.119705 0.944711 -0.268261
0.119093 0.944996 -0.26771
INDEX = 14
4 5 7
6 7 5
1 2 5
6 5 2
0 1 4
5 4 1
7 6 3
2 3 6
4 7 0
3 0 7
8 1 0
8 2 1
8 3 2
8 0 3
FACE-NORMAL = 14
0.0198713 0.896636 -0.442321
0.0198713 0.896636 -0.442321
0.00798557 0.271081 -0.962523
0.00798558 0.271082 -0.962523
0.756422 0.584224 -0.294123
0.756422 0.584224 -0.294123
-0.729835 0.615413 -0.297672
-0.729835 0.615413 -0.297672
0.0186008 0.928555 0.370729
0.0186008 0.928555 0.370729
-0.721001 -0.619183 0.31108
-0.00900191 -0.321286 0.94694
0.692897 -0.648853 0.314457
-0.0191003 -0.94675 -0.321403
BONE = 7
BONE_NAME = Bone06
PARENT_ID = 6
LOCALTM 
MAT 0.999998 1.56462e-007 -1.19209e-007 0.0
MAT 9.31323e-007 1.0 -1.12597e-006 0.0
MAT -2.08616e-007 0.0 1.0 0.0
MAT 0.108279 0.0 0.0 1.0
WORLDTM 
MAT 0.0244853 1.10483 -0.545027 0.0
MAT -1.23193 0.0258526 -0.00294256 0.0
MAT 0.00879872 0.544965 1.1051 0.0
MAT 0.119093 0.944996 -0.26771 1.0
VERTEX = 9
0.122856 0.918241 -0.251592
0.123542 0.920525 -0.241881
0.123207 0.910801 -0.239571
0.122522 0.908518 -0.249283
0.118029 0.915135 -0.245888
0.118097 0.915363 -0.244916
0.118064 0.914391 -0.244685
0.117995 0.914162 -0.245657
0.118046 0.914763 -0.245287
INDEX = 14
4 5 7
6 7 5
1 2 5
6 5 2
0 1 4
5 4 1
7 6 3
2 3 6
4 7 0
3 0 7
8 1 0
8 2 1
8 3 2
8 0 3
FACE-NORMAL = 14
0.997086 -0.0483231 -0.059024
0.997086 -0.0483231 -0.059024
0.616058 -0.202047 -0.761347
0.616059 -0.202047 -0.761347
0.64215 -0.755093 0.132204
0.64215 -0.755093 0.132204
0.691881 0.690439 -0.211174
0.691881 0.690439 -0.211174
0.717973 0.137394 0.682377
0.717973 0.137394 0.682377
-0.681392 0.721748 -0.121594
-0.65657 0.195628 0.728454
-0.728701 -0.653408 0.205067
-0.753523 -0.127288 -0.644981
BONE = 8
BONE_NAME = Ref_Head
PARENT_ID = 6
LOCALTM 
MAT 0.00210465 -0.809719 -0.0545271 0.0
MAT 0.791032 -0.0101393 0.181087 0.0
MAT -0.181359 -0.0536174 0.789214 0.0
MAT 0.0782124 0.000291392 0.00546315 1.0
WORLDTM 
MAT 0.997086 -0.0483231 -0.059024 0.0
MAT 0.0334531 0.972384 -0.230985 0.0
MAT 0.068556 0.228336 0.971166 0.0
MAT 0.118046 0.914763 -0.245287 1.0
VERTEX = 9
0.118398 0.864393 -0.145284
0.118412 0.866162 -0.135441
0.118201 0.856322 -0.133673
0.118187 0.854553 -0.143515
0.113311 0.860866 -0.140071
0.113312 0.861043 -0.139086
0.113291 0.860059 -0.13891
0.113289 0.859882 -0.139894
0.113301 0.860463 -0.13949
INDEX = 14
4 5 7
6 7 5
1 2 5
6 5 2
0 1 4
5 4 1
7 6 3
2 3 6
4 7 0
3 0 7
8 1 0
8 2 1
8 3 2
8 0 3
FACE-NORMAL = 14
0.999777 -0.0209803 0.00238644
0.999777 -0.0209803 0.00238644
0.667803 -0.145515 -0.729976
0.667803 -0.145515 -0.729976
0.653153 -0.745442 0.133069
0.653153 -0.745442 0.133069
0.684478 0.717371 -0.129876
0.684478 0.717372 -0.129877
0.669829 0.117445 0.733169
0.669828 0.117445 0.733169
-0.692049 0.710633 -0.12676
-0.705986 0.139914 0.694268
-0.721849 -0.680963 0.123385
-0.707913 -0.110244 -0.697643
BONE = 9
BONE_NAME = Box_RtShoulder
PARENT_ID = 3
LOCALTM 
MAT -0.00918137 -1.45985e-007 -0.685476 0.0
MAT 0.685477 -4.54485e-007 -0.00918167 0.0
MAT -1.09524e-006 -0.685537 -1.92842e-007 0.0
MAT 0.104179 0.0 0.00026314 1.0
WORLDTM 
MAT 0.999776 -0.0209803 0.00238644 0.0
MAT 0.0210718 0.984008 -0.176879 0.0
MAT 0.0013627 0.176889 0.98423 0.0
MAT 0.113301 0.860463 -0.13949 1.0
VERTEX = 9
0.104259 0.86534 -0.154668
0.103952 0.850986 -0.152088
0.10844 0.853349 -0.138411
0.108748 0.867703 -0.140991
0.113079 0.859403 -0.149536
0.113048 0.857968 -0.149278
0.113497 0.858204 -0.14791
0.113528 0.859639 -0.148168
0.113288 0.858803 -0.148723
INDEX = 14
4 5 7
6 7 5
1 2 5
6 5 2
0 1 4
5 4 1
7 6 3
2 3 6
4 7 0
3 0 7
8 1 0
8 2 1
8 3 2
8 0 3
FACE-NORMAL = 14
-0.951256 0.0741786 0.299347
-0.951256 0.0741786 0.299347
-0.620695 0.78103 0.0687798
-0.620695 0.78103 0.0687798
-0.40766 0.169998 0.89717
-0.407661 0.169998 0.89717
-0.865054 -0.0707528 -0.496665
-0.865054 -0.0707528 -0.496665
-0.65202 -0.681784 0.331725
-0.652019 -0.681784 0.331725
0.455077 -0.166967 -0.874658
0.65774 -0.74825 -0.0865983
0.890203 0.062063 0.451318
0.68754 0.643346 -0.336742
BONE = 10
BONE_NAME = BoneShoulderR
PARENT_ID = 9
LOCALTM 
MAT -1.38853 -1.2666e-007 0.447023 0.0
MAT -0.447023 -6.4075e-007 -1.38853 0.0
MAT -1.6205e-007 -1.45871 0.0 0.0
MAT 0.0 0.0 -0.00938079 1.0
WORLDTM 
MAT -1.3876 0.108205 0.43666 0.0
MAT -0.448815 -0.236236 -1.3677 0.0
MAT -0.0307378 -1.43538 0.258015 0.0
MAT 0.113288 0.858803 -0.148723 1.0
VERTEX = 9
-0.22522 0.877705 -0.0465632
-0.211746 0.872238 -0.0477343
-0.207637 0.879851 -0.0359896
-0.22111 0.885318 -0.0348186
-0.215412 0.884259 -0.046091
-0.214065 0.883713 -0.0462081
-0.213654 0.884474 -0.0450336
-0.215001 0.885021 -0.0449165
-0.214533 0.884367 -0.0455623
INDEX = 14
4 5 7
6 7 5
1 2 5
6 5 2
0 1 4
5 4 1
7 6 3
2 3 6
4 7 0
3 0 7
8 1 0
8 2 1
8 3 2
8 0 3
FACE-NORMAL = 14
-0.259831 -0.76628 0.587624
-0.259831 -0.76628 0.587624
-0.860357 -0.234063 0.45277
-0.860356 -0.234063 0.452771
0.0355893 -0.124692 0.991557
0.0355892 -0.124693 0.991557
-0.383225 -0.900537 -0.205358
-0.383225 -0.900537 -0.205358
0.51272 -0.791166 0.333429
0.51272 -0.791165 0.333429
-0.0154838 0.172806 -0.984834
0.836843 0.276852 -0.472279
0.382941 0.910878 0.153809
-0.469386 0.806832 -0.358748
BONE = 11
BONE_NAME = BoneArmR
PARENT_ID = 10
LOCALTM 
MAT 0.366228 -0.346917 0.863438 0.0
MAT -0.011734 0.926109 0.377073 0.0
MAT -0.930451 -0.148226 0.335097 0.0
MAT 0.23625 0.0 1.19209e-007 1.0
WORLDTM 
MAT -0.379018 -1.11778 0.857173 0.0
MAT -0.41096 -0.761294 -1.17447 0.0
MAT 1.34732 -0.546654 -0.117103 0.0
MAT -0.214533 0.884367 -0.0455623 1.0
VERTEX = 9
-0.275584 0.730337 0.0629289
-0.261568 0.729072 0.0590897
-0.25854 0.723179 0.0720853
-0.272556 0.724444 0.0759245
-0.266575 0.733758 0.0697492
-0.265174 0.733631 0.0693653
-0.264871 0.733042 0.0706648
-0.266273 0.733168 0.0710487
-0.265723 0.7334 0.070207
INDEX = 14
4 5 7
6 7 5
1 2 5
6 5 2
0 1 4
5 4 1
7 6 3
2 3 6
4 7 0
3 0 7
8 1 0
8 2 1
8 3 2
8 0 3
FACE-NORMAL = 14
-0.183596 -0.910639 -0.370176
-0.183596 -0.910639 -0.370176
-0.837003 -0.544722 -0.0520011
-0.837003 -0.544722 -0.0520012
0.0314673 -0.909476 0.414563
0.0314672 -0.909476 0.414563
-0.277106 -0.308893 -0.909834
-0.277106 -0.308893 -0.909834
0.591364 -0.673648 -0.443268
0.591364 -0.673648 -0.443268
-0.0169531 0.92959 -0.368205
0.809236 0.582594 0.0756448
0.276597 0.358247 0.891714
-0.549591 0.705244 0.447863
BONE = 12
BONE_NAME = BoneForeArmR
PARENT_ID = 11
LOCALTM 
MAT 0.527985 0.825028 0.201404 0.0
MAT -0.779157 0.56493 -0.271603 0.0
MAT -0.337859 -0.0135217 0.941097 0.0
MAT 0.13506 0.0 0.0 1.0
WORLDTM 
MAT -0.267813 -1.32836 -0.539979 0.0
MAT -0.302786 0.589322 -1.29956 0.0
MAT 1.40157 -0.126509 -0.383928 0.0
MAT -0.265723 0.7334 0.070207 1.0
VERTEX = 9
-0.323353 0.408545 0.00819472
-0.318392 0.404336 0.0157885
-0.322039 0.395389 0.0132119
-0.327 0.399598 0.00561811
-0.326701 0.40337 0.0134397
-0.326205 0.40295 0.0141991
-0.32657 0.402055 0.0139414
-0.327066 0.402476 0.0131821
-0.326636 0.402713 0.0136906
INDEX = 14
4 5 7
6 7 5
1 2 5
6 5 2
0 1 4
5 4 1
7 6 3
2 3 6
4 7 0
3 0 7
8 1 0
8 2 1
8 3 2
8 0 3
FACE-NORMAL = 14
0.78792 -0.14912 -0.597449
0.78792 -0.14912 -0.597449
0.158303 0.213106 -0.964119
0.158303 0.213106 -0.964119
0.256002 -0.764825 -0.59119
0.256002 -0.764825 -0.59119
0.79818 0.565315 -0.208155
0.79818 0.565315 -0.208155
0.895878 -0.412617 0.164774
0.895878 -0.412617 0.164774
-0.299253 0.738134 0.604654
-0.20631 -0.192186 0.959427
-0.815035 -0.527248 0.240267
-0.907976 0.403073 -0.114506
BONE = 13
BONE_NAME = Object02
PARENT_ID = 12
LOCALTM 
MAT 0.145538 0.211468 0.635662 0.0
MAT -0.669868 0.0385471 0.140544 0.0
MAT 0.00760871 -0.650964 0.21482 0.0
MAT 0.228449 -0.0484013 -0.0102643 1.0
WORLDTM 
MAT 0.787921 -0.14912 -0.59745 0.0
MAT 0.364711 0.89476 0.257661 0.0
MAT 0.496151 -0.420911 0.759382 0.0
MAT -0.326636 0.402713 0.0136906 1.0
VERTEX = 9
-0.302132 0.556498 -0.0131749
-0.298842 0.552669 -0.00454225
-0.300841 0.543453 -0.00786794
-0.304131 0.547281 -0.0165006
-0.306166 0.550943 -0.00888829
-0.305837 0.550561 -0.00802503
-0.306037 0.549639 -0.0083576
-0.306366 0.550022 -0.00922086
-0.306101 0.550291 -0.00862294
INDEX = 14
4 5 7
6 7 5
1 2 5
6 5 2
0 1 4
5 4 1
7 6 3
2 3 6
4 7 0
3 0 7
8 1 0
8 2 1
8 3 2
8 0 3
FACE-NORMAL = 14
0.922952 -0.0631601 -0.379697
0.922952 -0.0631601 -0.379697
0.372921 0.242311 -0.895665
0.372921 0.242311 -0.895665
0.468848 -0.72731 -0.5012
0.468848 -0.72731 -0.5012
0.765998 0.642807 -0.00680736
0.765998 0.642807 -0.00680729
0.861924 -0.326815 0.387658
0.861924 -0.326815 0.387658
-0.511285 0.696367 0.503647
-0.420028 -0.226048 0.878908
-0.793967 -0.607046 0.0333245
-0.885224 0.31537 -0.341936
BONE = 14
BONE_NAME = Mesh01
PARENT_ID = 12
LOCALTM 
MAT 0.01962 0.0830685 0.680205 0.0
MAT -0.68492 0.0237005 0.016861 0.0
MAT -0.0214752 -0.680072 0.0836734 0.0
MAT 0.139397 0.0031774 -0.0014867 1.0
WORLDTM 
MAT 0.922951 -0.06316 -0.379696 0.0
MAT 0.199887 0.921653 0.332569 0.0
MAT 0.328942 -0.38284 0.863265 0.0
MAT -0.306101 0.550291 -0.00862294 1.0
VERTEX = 9
-0.295279 0.460476 0.157406
-0.29738 0.453202 0.163938
-0.28819 0.449453 0.162718
-0.28609 0.456727 0.156186
-0.293758 0.452642 0.15606
-0.293968 0.451915 0.156713
-0.293049 0.45154 0.156591
-0.292839 0.452267 0.155938
-0.293403 0.452091 0.156326
INDEX = 14
4 5 7
6 7 5
1 2 5
6 5 2
0 1 4
5 4 1
7 6 3
2 3 6
4 7 0
3 0 7
8 1 0
8 2 1
8 3 2
8 0 3
FACE-NORMAL = 14
0.333682 0.574684 0.747258
0.333682 0.574684 0.747258
0.379353 0.925141 0.0143405
0.379353 0.925141 0.0143407
0.906299 0.105755 0.409193
0.906299 0.105755 0.409193
-0.459854 0.663132 0.590585
-0.459854 0.663132 0.590585
0.0670911 -0.156252 0.985436
0.067091 -0.156252 0.985436
-0.88577 -0.141242 -0.44211
-0.384479 -0.920737 -0.0664816
0.413871 -0.671483 -0.614671
-0.0874195 0.108009 -0.990299
BONE = 15
BONE_NAME = Star2Part10shell
PARENT_ID = 12
LOCALTM 
MAT -0.590394 -0.344704 0.0507978 0.0
MAT -0.149363 0.160089 -0.649633 0.0
MAT 0.314783 -0.570538 -0.212975 0.0
MAT 0.157244 -0.126568 -0.0170458 1.0
WORLDTM 
MAT 0.333684 0.574686 0.747261 0.0
MAT -0.918981 0.374936 0.122019 0.0
MAT -0.210052 -0.727431 0.653238 0.0
MAT -0.293403 0.452091 0.156326 1.0
VERTEX = 9
-0.373647 0.262143 -0.0825981
-0.371159 0.256602 -0.0746544
-0.375274 0.248572 -0.0789663
-0.377763 0.254114 -0.08691
-0.378763 0.257134 -0.0788246
-0.378514 0.25658 -0.0780302
-0.378926 0.255777 -0.0784614
-0.379175 0.256332 -0.0792557
-0.378844 0.256456 -0.078643
INDEX = 14
4 5 7
6 7 5
1 2 5
6 5 2
0 1 4
5 4 1
7 6 3
2 3 6
4 7 0
3 0 7
8 1 0
8 2 1
8 3 2
8 0 3
FACE-NORMAL = 14
0.876758 -0.219645 -0.427845
0.876758 -0.219645 -0.427845
0.401572 0.264948 -0.876666
0.401572 0.264948 -0.876666
0.280611 -0.743746 -0.606712
0.280611 -0.743746 -0.606712
0.892431 0.449879 0.0342865
0.892431 0.449879 0.0342866
0.771468 -0.558816 0.304238
0.771468 -0.558816 0.304238
-0.328945 0.723068 0.607427
-0.444018 -0.236518 0.864238
-0.910979 -0.412446 -0.0023641
-0.795905 0.547141 -0.259173
BONE = 16
BONE_NAME = HitTestFuzzy01
PARENT_ID = 12
LOCALTM 
MAT 0.135342 0.0757088 0.667769 0.0
MAT -0.662472 -0.0995326 0.145552 0.0
MAT 0.113025 -0.674034 0.0535142 0.0
MAT 0.349756 -0.0250868 -0.0192982 1.0
WORLDTM 
MAT 0.876759 -0.219645 -0.427845 0.0
MAT 0.411558 0.80293 0.431188 0.0
MAT 0.248823 -0.55413 0.79437 0.0
MAT -0.378844 0.256456 -0.078643 1.0
VERTEX = 9
-0.219403 0.79476 0.33028
-0.218331 0.804492 0.328247
-0.215254 0.806112 0.337623
-0.216327 0.79638 0.339656
-0.222263 0.800684 0.334995
-0.222156 0.801657 0.334792
-0.221849 0.801819 0.335729
-0.221956 0.800846 0.335933
-0.222056 0.801251 0.335362
INDEX = 14
4 5 7
6 7 5
1 2 5
6 5 2
0 1 4
5 4 1
7 6 3
2 3 6
4 7 0
3 0 7
8 1 0
8 2 1
8 3 2
8 0 3
FACE-NORMAL = 14
0.945429 -0.163082 -0.282078
0.945429 -0.163082 -0.282078
0.55276 -0.832492 -0.0375968
0.55276 -0.832492 -0.0375969
0.861155 0.0112799 0.508217
0.861155 0.0112798 0.508217
0.403763 -0.229472 -0.885618
0.403762 -0.229472 -0.885618
0.712158 0.6143 -0.339804
0.712158 0.6143 -0.339804
-0.886082 0.0008009 -0.463528
-0.5927 0.803494 0.0557123
-0.450957 0.229831 0.862447
-0.744338 -0.572861 0.343206
BONE = 17
BONE_NAME = Bone_HoseRt
PARENT_ID = 10
LOCALTM 
MAT -0.682714 -5.10365e-007 0.0621497 0.0
MAT 0.0 0.685538 0.0 0.0
MAT -0.06215 2.75671e-007 -0.682715 0.0
MAT 0.3151 -0.23403 0.102366 1.0
WORLDTM 
MAT 0.945428 -0.163081 -0.282078 0.0
MAT -0.307679 -0.161949 -0.937606 0.0
MAT 0.107225 0.97323 -0.203289 0.0
MAT -0.222056 0.801251 0.335362 1.0
VERTEX = 9
0.119582 0.861879 -0.144833
0.119596 0.863648 -0.134991
0.119385 0.853808 -0.133222
0.119372 0.852039 -0.143065
0.114495 0.858352 -0.13962
0.114496 0.858529 -0.138636
0.114475 0.857545 -0.138459
0.114474 0.857368 -0.139443
0.114485 0.857948 -0.13904
INDEX = 14
4 5 7
6 7 5
1 2 5
6 5 2
0 1 4
5 4 1
7 6 3
2 3 6
4 7 0
3 0 7
8 1 0
8 2 1
8 3 2
8 0 3
FACE-NORMAL = 14
0.999777 -0.0209803 0.00238644
0.999777 -0.0209803 0.00238644
0.667803 -0.145515 -0.729976
0.667803 -0.145515 -0.729976
0.653153 -0.745442 0.133069
0.653153 -0.745442 0.133069
0.684478 0.717371 -0.129876
0.684478 0.717372 -0.129877
0.669829 0.117445 0.733169
0.669828 0.117445 0.733169
-0.692049 0.710633 -0.12676
-0.705986 0.139914 0.694268
-0.721849 -0.680963 0.123385
-0.707913 -0.110244 -0.697643
BONE = 18
BONE_NAME = Box_LftShoulder
PARENT_ID = 3
LOCALTM 
MAT -0.00918137 -1.45985e-007 -0.685476 0.0
MAT 0.685477 -4.54485e-007 -0.00918167 0.0
MAT -1.09524e-006 -0.685537 -1.92842e-007 0.0
MAT 0.102434 0.0 -0.000562206 1.0
WORLDTM 
MAT 0.999776 -0.0209803 0.00238644 0.0
MAT 0.0210718 0.984008 -0.176879 0.0
MAT 0.0013627 0.176889 0.98423 0.0
MAT 0.114485 0.857948 -0.13904 1.0
VERTEX = 9
0.123261 0.848018 -0.152005
0.123568 0.862372 -0.154586
0.119762 0.864942 -0.14074
0.119455 0.850588 -0.13816
0.114647 0.855443 -0.148836
0.114678 0.856878 -0.149094
0.114297 0.857135 -0.147709
0.114267 0.8557 -0.147451
0.114472 0.856289 -0.148273
INDEX = 14
4 5 7
6 7 5
1 2 5
6 5 2
0 1 4
5 4 1
7 6 3
2 3 6
4 7 0
3 0 7
8 1 0
8 2 1
8 3 2
8 0 3
FACE-NORMAL = 14
0.965129 0.0261517 0.260463
0.965129 0.0261517 0.260463
0.629975 -0.713912 0.305714
0.629975 -0.713912 0.305714
0.451695 0.148462 0.879733
0.451695 0.148462 0.879733
0.83958 -0.113473 -0.531252
0.83958 -0.113473 -0.531252
0.6613 0.748901 0.0427673
0.6613 0.748901 0.0427672
-0.497949 -0.143083 -0.855321
-0.667549 0.677306 -0.309248
-0.86695 0.106099 0.486971
-0.69735 -0.71429 -0.0591026
BONE = 19
BONE_NAME = BoneShoulderL
PARENT_ID = 18
LOCALTM 
MAT 1.40764 1.82539e-007 0.382615 0.0
MAT 0.382614 -5.06639e-007 -1.40764 0.0
MAT 4.1537e-007 1.45871 -1.07288e-006 0.0
MAT 0.0 0.0 -0.00938079 1.0
WORLDTM 
MAT 1.40784 0.0381477 0.37994 0.0
MAT 0.38061 -0.257023 -1.38452 0.0
MAT 0.0307381 1.43538 -0.258016 0.0
MAT 0.114472 0.856289 -0.148273 1.0
VERTEX = 9
0.44016 0.854005 -0.0622389
0.454381 0.857187 -0.06159
0.452282 0.863968 -0.0488463
0.438061 0.860786 -0.0494952
0.444376 0.864747 -0.0597464
0.445798 0.865065 -0.0596815
0.445588 0.865743 -0.0584071
0.444166 0.865425 -0.058472
0.444982 0.865245 -0.0590767
INDEX = 14
4 5 7
6 7 5
1 2 5
6 5 2
0 1 4
5 4 1
7 6 3
2 3 6
4 7 0
3 0 7
8 1 0
8 2 1
8 3 2
8 0 3
FACE-NORMAL = 14
0.169878 -0.858108 0.484554
0.169878 -0.858108 0.484554
-0.611 -0.736171 0.291086
-0.611 -0.736171 0.291086
0.00670936 -0.228533 0.973513
0.00670939 -0.228533 0.973513
0.220576 -0.919555 -0.325215
0.220576 -0.919555 -0.325215
0.838286 -0.411916 0.357214
0.838286 -0.411916 0.357214
-0.0183949 0.278084 -0.960381
0.569242 0.761008 -0.311177
-0.221849 0.935464 0.275118
-0.809486 0.45254 -0.374086
BONE = 20
BONE_NAME = BoneArmL
PARENT_ID = 19
LOCALTM 
MAT 0.267722 -0.264388 -0.926512 0.0
MAT -0.100857 0.948641 -0.299845 0.0
MAT 0.958203 0.173722 0.227307 0.0
MAT 0.234763 0.0 1.19209e-007 1.0
WORLDTM 
MAT 0.247803 -1.25173 0.706825 0.0
MAT 0.209855 -0.678061 -1.27437 0.0
MAT 1.42211 0.318174 0.0648879 0.0
MAT 0.444982 0.865245 -0.0590767 1.0
VERTEX = 9
0.470889 0.699205 0.023122
0.485442 0.699724 0.0239673
0.485081 0.690916 0.0355893
0.470528 0.690397 0.034744
0.476814 0.701283 0.0331197
0.478269 0.701335 0.0332042
0.478233 0.700454 0.0343664
0.476777 0.700402 0.0342819
0.477523 0.700868 0.0337431
INDEX = 14
4 5 7
6 7 5
1 2 5
6 5 2
0 1 4
5 4 1
7 6 3
2 3 6
4 7 0
3 0 7
8 1 0
8 2 1
8 3 2
8 0 3
FACE-NORMAL = 14
0.0633177 -0.796325 -0.601546
0.0633177 -0.796325 -0.601546
-0.699218 -0.559138 -0.445488
-0.699218 -0.559138 -0.445488
0.0239471 -0.981532 0.189793
0.0239471 -0.981532 0.189793
0.0607676 -0.0838936 -0.99462
0.0607676 -0.0838934 -0.99462
0.783931 -0.506289 -0.359338
0.783931 -0.506289 -0.359338
-0.0272584 0.990055 -0.138017
0.660699 0.588225 0.466335
-0.0622863 0.136118 0.988733
-0.750242 0.537949 0.38438
BONE = 21
BONE_NAME = BoneForeArmL
PARENT_ID = 20
LOCALTM 
MAT 0.402608 0.904801 -0.138725 0.0
MAT -0.899998 0.418931 0.120411 0.0
MAT 0.167061 0.0763773 0.982983 0.0
MAT 0.131319 0.0 0.0 1.0
WORLDTM 
MAT 0.0923621 -1.16161 -0.877481 0.0
MAT 0.03613 0.880807 -1.1622 0.0
MAT 1.45533 0.0518564 0.0845333 0.0
MAT 0.477523 0.700868 0.0337431 1.0
VERTEX = 9
0.517262 0.539931 -0.0969783
0.514757 0.534284 -0.0891145
0.515136 0.52611 -0.0948633
0.517641 0.531757 -0.102727
0.511468 0.534283 -0.0971571
0.511218 0.533718 -0.0963707
0.511256 0.532901 -0.0969456
0.511506 0.533465 -0.0977319
0.511362 0.533592 -0.0970513
INDEX = 14
4 5 7
6 7 5
1 2 5
6 5 2
0 1 4
5 4 1
7 6 3
2 3 6
4 7 0
3 0 7
8 1 0
8 2 1
8 3 2
8 0 3
FACE-NORMAL = 14
0.967385 -0.114216 0.2261
0.967385 -0.114216 0.2261
0.833314 0.343325 -0.433261
0.833314 0.343325 -0.433261
0.675291 -0.683942 -0.276052
0.675291 -0.683942 -0.276052
0.619002 0.531135 0.578561
0.619001 0.531135 0.578561
0.46098 -0.496134 0.735764
0.46098 -0.496135 0.735764
-0.710819 0.658721 0.246625
-0.861149 -0.318534 0.39618
-0.65727 -0.4972 -0.566382
-0.506941 0.480056 -0.715931
BONE = 22
BONE_NAME = Object03
PARENT_ID = 21
LOCALTM 
MAT 0.0111011 -0.15435 0.667843 0.0
MAT -0.68492 0.0237034 0.0168592 0.0
MAT -0.0268931 -0.667516 -0.15382 0.0
MAT 0.146724 0.00276992 0.0138711 1.0
WORLDTM 
MAT 0.967382 -0.114215 0.226099 0.0
MAT -0.0378684 0.817359 0.574881 0.0
MAT -0.25046 -0.564689 0.786383 0.0
MAT 0.511362 0.533592 -0.0970513 1.0
VERTEX = 9
0.445037 0.379293 0.0394994
0.449349 0.375443 0.0313392
0.440343 0.373052 0.0277091
0.436031 0.376901 0.0358693
0.443202 0.372027 0.0364428
0.443633 0.371642 0.0356268
0.442732 0.371403 0.0352638
0.442301 0.371788 0.0360798
0.442967 0.371715 0.0358533
INDEX = 14
4 5 7
6 7 5
1 2 5
6 5 2
0 1 4
5 4 1
7 6 3
2 3 6
4 7 0
3 0 7
8 1 0
8 2 1
8 3 2
8 0 3
FACE-NORMAL = 14
-0.0553835 0.891408 -0.449805
-0.0553835 0.891408 -0.449805
-0.357534 0.882469 0.305645
-0.357534 0.882469 0.305645
-0.706443 0.418576 -0.570729
-0.706443 0.418576 -0.570729
0.632343 0.774065 -0.0310785
0.632344 0.774064 -0.0310784
0.283431 0.310175 -0.907446
0.283431 0.310175 -0.907446
0.675966 -0.46123 0.574749
0.344043 -0.902538 -0.258959
-0.597642 -0.799411 0.0613713
-0.265716 -0.358106 0.895073
BONE = 23
BONE_NAME = Star2Part05
PARENT_ID = 21
LOCALTM 
MAT -0.30354 0.613732 -0.034028 0.0
MAT -0.241154 -0.0839993 0.6362 0.0
MAT 0.565388 0.29367 0.253093 0.0
MAT 0.177318 -0.13799 -0.0315722 1.0
WORLDTM 
MAT -0.0553836 0.891409 -0.449806 0.0
MAT 0.900574 0.23913 0.363012 0.0
MAT 0.431165 -0.384967 -0.816027 0.0
MAT 0.442967 0.371715 0.0358533 1.0
VERTEX = 9
0.559762 0.262889 -0.235634
0.557892 0.255699 -0.22894
0.561169 0.248819 -0.235415
0.563039 0.25601 -0.242109
0.555765 0.256066 -0.237357
0.555578 0.255347 -0.236688
0.555906 0.254659 -0.237335
0.556093 0.255378 -0.238005
0.555835 0.255363 -0.237346
INDEX = 14
4 5 7
6 7 5
1 2 5
6 5 2
0 1 4
5 4 1
7 6 3
2 3 6
4 7 0
3 0 7
8 1 0
8 2 1
8 3 2
8 0 3
FACE-NORMAL = 14
0.926071 0.0983175 0.364317
0.926071 0.0983175 0.364317
0.758496 0.600217 -0.253817
0.758496 0.600217 -0.253817
0.863135 -0.445607 -0.237555
0.863135 -0.445607 -0.237555
0.375881 0.577152 0.724989
0.375881 0.577152 0.724989
0.480522 -0.468673 0.741245
0.480522 -0.468673 0.741245
-0.886596 0.416961 0.200229
-0.787052 -0.577948 0.215699
-0.423065 -0.556006 -0.715454
-0.52261 0.438903 -0.730919
BONE = 24
BONE_NAME = HitTestFuzzy
PARENT_ID = 21
LOCALTM 
MAT -0.163714 -0.142567 0.650257 0.0
MAT -0.65682 -0.0744244 -0.181687 0.0
MAT 0.108372 -0.666408 -0.118817 0.0
MAT 0.358398 -0.0350184 0.0319341 1.0
WORLDTM 
MAT 0.926068 0.0983173 0.364316 0.0
MAT -0.327769 0.687991 0.647485 0.0
MAT -0.186987 -0.719024 0.669362 0.0
MAT 0.555835 0.255363 -0.237346 1.0
VERTEX = 9
0.37815 0.806518 0.319929
0.377835 0.81633 0.318021
0.375225 0.818092 0.327512
0.375541 0.80828 0.329421
0.37201 0.811328 0.322089
0.371978 0.812309 0.321899
0.371717 0.812485 0.322848
0.371749 0.811504 0.323039
0.371864 0.811906 0.322469
INDEX = 14
4 5 7
6 7 5
1 2 5
6 5 2
0 1 4
5 4 1
7 6 3
2 3 6
4 7 0
3 0 7
8 1 0
8 2 1
8 3 2
8 0 3
FACE-NORMAL = 14
0.964843 0.0797513 0.250435
0.964843 0.0797513 0.250435
0.668911 -0.675909 0.309364
0.668911 -0.675909 0.309364
0.451504 0.184317 0.873024
0.451504 0.184317 0.873024
0.839388 -0.0776158 -0.537962
0.839388 -0.0776158 -0.537962
0.621982 0.78261 0.0257
0.621982 0.78261 0.0256999
-0.497747 -0.180983 -0.848229
-0.704569 0.637363 -0.312011
-0.866747 0.0681978 0.494063
-0.659925 -0.750148 -0.0421571
BONE = 25
BONE_NAME = Bone_HoseLft
PARENT_ID = 19
LOCALTM 
MAT 0.684518 -2.51457e-007 0.0373688 0.0
MAT -8.56817e-007 0.685537 7.97212e-007 0.0
MAT -0.0373686 7.7486e-007 0.684519 0.0
MAT 0.253557 -0.254897 -0.0833018 1.0
WORLDTM 
MAT 0.964842 0.0797513 0.250434 0.0
MAT 0.260921 -0.176197 -0.949143 0.0
MAT -0.0315681 0.981119 -0.190816 0.0
MAT 0.371864 0.811906 0.322469 1.0
VERTEX = 9
0.112027 0.906887 0.329333
0.112238 0.916727 0.327565
0.112224 0.914958 0.317722
0.112014 0.905118 0.319491
0.117387 0.910408 0.324121
0.117408 0.911393 0.323944
0.117406 0.911216 0.32296
0.117385 0.910232 0.323137
0.117396 0.910812 0.32354
INDEX = 14
4 5 7
6 7 5
1 2 5
6 5 2
0 1 4
5 4 1
7 6 3
2 3 6
4 7 0
3 0 7
8 1 0
8 2 1
8 3 2
8 0 3
FACE-NORMAL = 14
-0.999777 0.0209936 -0.00237738
-0.999777 0.0209936 -0.00237738
-0.684476 -0.717372 0.129884
-0.684477 -0.717372 0.129884
-0.669827 -0.117437 -0.733171
-0.669827 -0.117437 -0.733171
-0.667804 0.145522 0.729974
-0.667804 0.145522 0.729974
-0.653155 0.745442 -0.133061
-0.653155 0.745442 -0.133061
0.707912 0.110235 0.697645
0.721848 0.680962 -0.123392
0.705986 -0.139922 -0.694267
0.69205 -0.710634 0.126751
BONE = 26
BONE_NAME = Box10
PARENT_ID = 3
LOCALTM 
MAT 0.00968901 -7.99634e-006 0.722754 0.0
MAT -1.34856e-006 -0.685539 7.70314e-006 0.0
MAT 0.685476 -7.45058e-007 -0.00917254 0.0
MAT 0.0820203 -0.318528 -0.00228094 1.0
WORLDTM 
MAT -1.05415 0.0221353 -0.00250667 0.0
MAT 0.00135119 0.176889 0.984232 0.0
MAT 0.0210585 0.984006 -0.176878 0.0
MAT 0.117396 0.910812 0.32354 1.0
VERTEX = 9
0.132799 0.988534 0.183586
0.138441 0.981842 0.184558
0.14187 0.983582 0.176634
0.136228 0.990274 0.175662
0.133967 0.983578 0.178597
0.134531 0.982909 0.178695
0.134874 0.983083 0.177902
0.13431 0.983752 0.177805
0.13442 0.983331 0.17825
INDEX = 14
4 5 7
6 7 5
1 2 5
6 5 2
0 1 4
5 4 1
7 6 3
2 3 6
4 7 0
3 0 7
8 1 0
8 2 1
8 3 2
8 0 3
FACE-NORMAL = 14
0.661845 0.619303 0.422403
0.661845 0.619303 0.422403
-0.0334209 0.979111 0.20056
-0.0334207 0.979111 0.20056
0.732123 0.561148 -0.386145
0.732123 0.561148 -0.386145
0.153379 0.267436 0.95129
0.153379 0.267436 0.95129
0.918923 -0.150527 0.364586
0.918923 -0.150527 0.364586
-0.743279 -0.57762 0.337477
-0.0150058 -0.975234 -0.220664
-0.192711 -0.298207 -0.934845
-0.920984 0.0994071 -0.376704
BONE = 27
BONE_NAME = Cylinder10
PARENT_ID = 3
LOCALTM 
MAT 0.325957 -0.317693 -0.39667 0.0
MAT -0.215294 -0.513195 0.234103 0.0
MAT -0.460353 0.0150617 -0.39035 0.0
MAT 0.148658 -0.229307 -0.0135615 1.0
WORLDTM 
MAT 0.582892 0.545425 0.372014 0.0
MAT -0.342869 -0.174005 0.792346 0.0
MAT 0.564202 -0.669237 0.0971745 0.0
MAT 0.13442 0.983331 0.17825 1.0
VERTEX = 9
0.0943612 0.990154 0.172628
0.0949444 0.985959 0.180349
0.101523 0.991298 0.182754
0.100939 0.995494 0.175032
0.100497 0.987865 0.175441
0.100556 0.987445 0.176213
0.101213 0.987979 0.176453
0.101155 0.988399 0.175681
0.100855 0.987922 0.175947
INDEX = 14
4 5 7
6 7 5
1 2 5
6 5 2
0 1 4
5 4 1
7 6 3
2 3 6
4 7 0
3 0 7
8 1 0
8 2 1
8 3 2
8 0 3
FACE-NORMAL = 14
-0.661608 0.636779 0.395964
-0.661608 0.636779 0.395964
-0.49181 0.780073 -0.386793
-0.49181 0.780073 -0.386793
0.11259 0.876626 0.467814
0.11259 0.876626 0.467814
-0.997774 -0.0246598 0.0619577
-0.997774 -0.0246599 0.0619576
-0.393375 0.0718938 0.916563
-0.393375 0.0718936 0.916563
-0.0603258 -0.878975 -0.473037
0.514649 -0.787122 0.339963
0.99598 -0.0215678 -0.0869401
0.421006 -0.113421 -0.899939
BONE = 28
BONE_NAME = Cylinder13
PARENT_ID = 3
LOCALTM 
MAT 0.333029 -0.302759 0.402434 0.0
MAT -0.334568 0.227598 0.448095 0.0
MAT -0.376405 -0.470171 -0.0422289 0.0
MAT 0.151858 -0.228278 0.00947235 1.0
WORLDTM 
MAT -0.582683 0.560817 0.348728 0.0
MAT -0.65782 -0.533955 -0.240444 0.0
MAT 0.0583156 -0.419551 0.772156 0.0
MAT 0.100855 0.987922 0.175947 1.0
VERTEX = 9
0.0737115 1.0432 0.089991
0.0767161 1.05199 0.0862822
0.0828997 1.04723 0.0800251
0.0798951 1.03845 0.0837339
0.0814772 1.04522 0.0889376
0.0817776 1.0461 0.0885667
0.082396 1.04562 0.087941
0.0820955 1.04475 0.0883119
0.0819366 1.04542 0.0884393
INDEX = 14
4 5 7
6 7 5
1 2 5
6 5 2
0 1 4
5 4 1
7 6 3
2 3 6
4 7 0
3 0 7
8 1 0
8 2 1
8 3 2
8 0 3
FACE-NORMAL = 14
-0.726191 -0.0413321 -0.68625
-0.726191 -0.0413321 -0.68625
-0.709131 -0.680806 -0.183404
-0.709131 -0.680806 -0.183404
-0.026174 -0.381102 -0.924162
-0.0261741 -0.381102 -0.924162
-0.945419 0.325803 0.00600887
-0.945419 0.325803 0.00600901
-0.262462 0.625506 -0.734749
-0.262462 0.625506 -0.734749
0.0762491 0.365471 0.927694
0.725956 0.650583 0.223
0.95074 -0.307019 0.0428088
0.301033 -0.59213 0.747503
BONE = 29
BONE_NAME = Star2Part03
PARENT_ID = 3
LOCALTM 
MAT 0.0515102 0.468721 0.497603 0.0
MAT 0.241704 -0.479269 0.426431 0.0
MAT 0.639443 0.143402 -0.201271 0.0
MAT 0.201167 -0.17619 0.02275 1.0
WORLDTM 
MAT -0.72619 -0.041332 -0.686249 0.0
MAT -0.61836 0.475523 0.62571 0.0
MAT 0.300465 0.87873 -0.370879 0.0
MAT 0.0819366 1.04542 0.0884393 1.0
VERTEX = 9
0.155724 1.04188 0.106308
0.157167 1.04885 0.0992896
0.151498 1.04362 0.0929249
0.150056 1.03665 0.0999432
0.157878 1.04021 0.0986859
0.158022 1.04091 0.0979841
0.157455 1.04039 0.0973476
0.157311 1.03969 0.0980494
0.157667 1.0403 0.0980167
INDEX = 14
4 5 7
6 7 5
1 2 5
6 5 2
0 1 4
5 4 1
7 6 3
2 3 6
4 7 0
3 0 7
8 1 0
8 2 1
8 3 2
8 0 3
FACE-NORMAL = 14
-0.811105 0.489645 0.319932
-0.811105 0.489645 0.319932
-0.649849 -0.190954 0.735685
-0.649849 -0.190954 0.735685
-0.963917 -0.0612547 -0.259058
-0.963917 -0.0612545 -0.259058
-0.121284 0.716365 0.687104
-0.121284 0.716365 0.687104
-0.435352 0.846065 -0.307639
-0.435352 0.846065 -0.307639
0.974343 0.0236493 0.223823
0.675565 0.147035 -0.722491
0.172733 -0.716112 -0.676274
0.471511 -0.839498 0.270039
BONE = 30
BONE_NAME = Star2Part04
PARENT_ID = 3
LOCALTM 
MAT 0.287299 -0.274485 0.55864 0.0
MAT 0.278734 -0.493402 -0.385778 0.0
MAT 0.556533 0.388812 -0.0951736 0.0
MAT 0.196948 -0.182101 -0.0291918 1.0
WORLDTM 
MAT -0.811104 0.489645 0.319932 0.0
MAT 0.566824 0.523091 0.636466 0.0
MAT 0.144288 0.697583 -0.701824 0.0
MAT 0.157667 1.0403 0.0980167 1.0
VERTEX = 9
0.122425 0.773615 -0.0376084
0.122562 0.78131 -0.0274422
0.122381 0.773339 -0.0214063
0.122244 0.765644 -0.0315724
0.114694 0.773652 -0.0303359
0.114708 0.774422 -0.0293192
0.11469 0.773625 -0.0287156
0.114676 0.772855 -0.0297323
0.114692 0.773639 -0.0295257
INDEX = 14
4 5 7
6 7 5
1 2 5
6 5 2
0 1 4
5 4 1
7 6 3
2 3 6
4 7 0
3 0 7
8 1 0
8 2 1
8 3 2
8 0 3
FACE-NORMAL = 14
0.999777 -0.0209805 0.00238639
0.999777 -0.0209805 0.00238639
0.660817 -0.462616 -0.591022
0.660817 -0.462616 -0.591022
0.655312 -0.606502 0.450247
0.655312 -0.606502 0.450246
0.68232 0.578431 -0.447054
0.68232 0.578432 -0.447054
0.676814 0.434546 0.594215
0.676814 0.434546 0.594215
-0.694103 0.578458 -0.428495
-0.69934 0.441577 0.562079
-0.719796 -0.548787 0.42512
-0.714559 -0.411907 -0.565455
BONE = 31
BONE_NAME = Vol_Target
PARENT_ID = 3
LOCALTM 
MAT -0.0141629 -1.27591e-007 -1.05738 0.0
MAT 0.611091 0.310588 -0.00818521 0.0
MAT 0.395993 -0.779268 -0.00530398 0.0
MAT 0.03227 -0.0636683 -0.0011562 1.0
WORLDTM 
MAT 1.5422 -0.0323635 0.00368112 0.0
MAT 0.0181677 0.797084 -0.603598 0.0
MAT 0.0137214 0.769527 1.01662 0.0
MAT 0.114692 0.773639 -0.0295257 1.0
VERTEX = 9
0.0875882 0.611157 -0.0948943
0.0998792 0.611642 -0.0941684
0.0990585 0.614562 -0.0822255
0.0867675 0.614077 -0.0829514
0.0926006 0.61867 -0.0906657
0.0938297 0.618718 -0.0905931
0.0937476 0.61901 -0.0893988
0.0925185 0.618962 -0.0894714
0.0931741 0.61884 -0.0900323
INDEX = 14
4 5 7
6 7 5
1 2 5
6 5 2
0 1 4
5 4 1
7 6 3
2 3 6
4 7 0
3 0 7
8 1 0
8 2 1
8 3 2
8 0 3
FACE-NORMAL = 14
0.0242273 -0.970722 0.238979
0.0242273 -0.970722 0.238979
-0.725218 -0.678664 0.11608
-0.725218 -0.678664 0.11608
-0.0332977 -0.473255 0.880296
-0.0332977 -0.473255 0.880296
0.0657121 -0.825503 -0.560559
0.0657122 -0.825503 -0.560559
0.757632 -0.620095 0.203657
0.757632 -0.620094 0.203657
0.0299635 0.518855 -0.854337
0.688197 0.714263 -0.127327
-0.0642261 0.853954 0.51637
-0.72246 0.658545 -0.21064
BONE = 32
BONE_NAME = BoneWaist
PARENT_ID = 1
LOCALTM 
MAT 0.0204653 -0.844471 0.000545278 0.0
MAT 0.05626 0.000819147 -0.842843 0.0
MAT 0.842595 0.0204562 0.0562634 0.0
MAT 0.0 0.0 0.0 1.0
WORLDTM 
MAT 0.0298529 -1.19612 0.29447 0.0
MAT 0.082067 -0.291971 -1.19429 0.0
MAT 1.2291 0.0485468 0.0725907 0.0
MAT 0.0931741 0.61884 -0.0900323 1.0
VERTEX = 9
0.0870984 0.594132 -0.0917922
0.089758 0.58334 -0.0864714
0.0885769 0.588529 -0.0753578
0.0859172 0.59932 -0.0806786
0.0937504 0.593065 -0.0844395
0.0940164 0.591986 -0.0839074
0.0938983 0.592505 -0.0827961
0.0936323 0.593584 -0.0833281
0.0938243 0.592785 -0.0836178
INDEX = 14
4 5 7
6 7 5
1 2 5
6 5 2
0 1 4
5 4 1
7 6 3
2 3 6
4 7 0
3 0 7
8 1 0
8 2 1
8 3 2
8 0 3
FACE-NORMAL = 14
-0.971711 -0.236071 0.00694147
-0.971711 -0.236071 0.00694147
-0.810476 0.493022 -0.31632
-0.810476 0.493022 -0.31632
-0.721292 0.155075 0.675048
-0.721292 0.155074 0.675048
-0.578789 -0.470921 -0.66576
-0.578789 -0.470921 -0.665761
-0.489605 -0.808868 0.325607
-0.489605 -0.808868 0.325607
0.754886 -0.130832 -0.642674
0.839728 -0.452326 0.300429
0.619321 0.464687 0.632857
0.534479 0.786181 -0.310246
BONE = 33
BONE_NAME = connectBone01
PARENT_ID = 32
LOCALTM 
MAT 0.207276 -0.0155088 -0.97816 0.0
MAT 0.195545 0.980352 0.0258933 0.0
MAT 0.95854 -0.196641 0.206237 0.0
MAT 0.0217831 0.0 0.0 1.0
WORLDTM 
MAT -1.19734 -0.290887 0.00855328 0.0
MAT 0.118118 -0.518873 -1.11136 0.0
MAT 0.265963 -1.07911 0.532079 0.0
MAT 0.0938243 0.592785 -0.0836178 1.0
VERTEX = 9
-0.0266986 0.562088 -0.0955158
-0.02342 0.55537 -0.0829897
-0.036591 0.558767 -0.0777203
-0.0398696 0.565485 -0.0902464
-0.0284782 0.566841 -0.0848568
-0.0281503 0.566169 -0.0836041
-0.0294674 0.566508 -0.0830772
-0.0297953 0.56718 -0.0843298
-0.0289728 0.566674 -0.083967
INDEX = 14
4 5 7
6 7 5
1 2 5
6 5 2
0 1 4
5 4 1
7 6 3
2 3 6
4 7 0
3 0 7
8 1 0
8 2 1
8 3 2
8 0 3
FACE-NORMAL = 14
-0.366352 -0.856543 -0.363484
-0.366352 -0.856543 -0.363484
-0.412143 -0.230681 -0.881433
-0.412143 -0.230681 -0.881433
-0.916213 -0.399889 0.0253476
-0.916213 -0.399889 0.0253475
0.42606 -0.746105 -0.511664
0.42606 -0.746105 -0.511664
-0.0780106 -0.915313 0.395117
-0.0780105 -0.915313 0.395117
0.897512 0.440987 0.00158867
0.417982 0.280017 0.864223
-0.379413 0.770347 0.512456
0.100118 0.931317 -0.350178
BONE = 34
BONE_NAME = BoneLegR
PARENT_ID = 33
LOCALTM 
MAT 0.657815 0.77352 0.608593 0.0
MAT -0.976545 0.604268 0.287504 0.0
MAT -0.122793 -0.661791 0.973859 0.0
MAT 0.101838 -0.000374407 -0.00307542 1.0
WORLDTM 
MAT -0.5344 -1.24945 -0.530217 0.0
MAT 1.3171 -0.339722 -0.52694 0.0
MAT 0.327866 -0.671794 1.25261 0.0
MAT -0.0289728 0.566674 -0.083967 1.0
VERTEX = 9
-0.117152 0.342819 -0.180242
-0.11098 0.347689 -0.167955
-0.124151 0.351086 -0.162686
-0.130323 0.346216 -0.174973
-0.119751 0.353201 -0.175259
-0.119133 0.353688 -0.17403
-0.12045 0.354028 -0.173503
-0.121068 0.353541 -0.174732
-0.120101 0.353615 -0.174381
INDEX = 14
4 5 7
6 7 5
1 2 5
6 5 2
0 1 4
5 4 1
7 6 3
2 3 6
4 7 0
3 0 7
8 1 0
8 2 1
8 3 2
8 0 3
FACE-NORMAL = 14
-0.0755771 -0.913407 0.399969
-0.0755771 -0.913407 0.399969
-0.365053 -0.859178 -0.358539
-0.365053 -0.859178 -0.358538
