EXPORTER_V17
ANIMATION_EXPORT
BONEOBJECT_COUNT = 58
VERTEX = 9
0.00729355 0.00729355 -0.00729355
0.00729355 0.00729355 0.00729355
0.00729355 -0.00729355 0.00729355
0.00729355 -0.00729355 -0.00729355
0.0 0.000729355 -0.000729355
0.0 0.000729355 0.000729355
0.0 -0.000729355 0.000729355
0.0 -0.000729355 -0.000729355
0.0 0.0 0.0
INDEX = 14
4 5 7
6 7 5
1 2 5
6 5 2
0 1 4
5 4 1
7 6 3
2 3 6
4 7 0
3 0 7
8 1 0
8 2 1
8 3 2
8 0 3
FACE-NORMAL = 14
1.0 0.0 0.0
1.0 0.0 0.0
0.668965 0.0 -0.743294
0.668965 0.0 -0.743294
0.668965 -0.743294 0.0
0.668965 -0.743294 0.0
0.668965 0.743294 0.0
0.668965 0.743294 0.0
0.668965 0.0 0.743294
0.668965 0.0 0.743294
-0.707107 0.707107 0.0
-0.707107 0.0 0.707107
-0.707107 -0.707107 0.0
-0.707107 0.0 -0.707107
BONE = 0
BONE_NAME = Main
PARENT_ID = -1
LOCALTM 
MAT 1.45871 0.0 0.0 0.0
MAT 0.0 1.45871 0.0 0.0
MAT 0.0 0.0 1.45871 0.0
MAT 0.0 0.0 0.0 1.0
WORLDTM 
MAT 1.45871 0.0 0.0 0.0
MAT 0.0 1.45871 0.0 0.0
MAT 0.0 0.0 1.45871 0.0
MAT 0.0 0.0 0.0 1.0
VERTEX = 9
0.0992795 0.620647 -0.0982454
0.0992795 0.624089 -0.0840703
0.0992795 0.609914 -0.080628
0.0992795 0.606472 -0.0948032
0.091986 0.615817 -0.0903176
0.091986 0.616161 -0.0889001
0.091986 0.614744 -0.0885559
0.091986 0.614399 -0.0899734
0.091986 0.61528 -0.0894367
INDEX = 14
4 5 7
6 7 5
1 2 5
6 5 2
0 1 4
5 4 1
7 6 3
2 3 6
4 7 0
3 0 7
8 1 0
8 2 1
8 3 2
8 0 3
FACE-NORMAL = 14
1.0 0.0 0.0
1.0 0.0 0.0
0.668965 -0.175403 -0.722302
0.668965 -0.175403 -0.722302
0.668965 -0.722302 0.175403
0.668965 -0.722302 0.175403
0.668965 0.722302 -0.175403
0.668965 0.722302 -0.175403
0.668965 0.175403 0.722302
0.668965 0.175403 0.722302
-0.707107 0.687136 -0.166864
-0.707107 0.166864 0.687136
-0.707107 -0.687136 0.166864
-0.707107 -0.166864 -0.687136
BONE = 1
BONE_NAME = Root
PARENT_ID = 0
LOCALTM 
MAT 1.0 0.0 0.0 0.0
MAT 0.0 0.971758 -0.235981 0.0
MAT 0.0 0.235981 0.971758 0.0
MAT 0.0630598 0.421798 -0.0613122 1.0
WORLDTM 
MAT 1.45871 0.0 0.0 0.0
MAT 0.0 1.41751 -0.344227 0.0
MAT 0.0 0.344227 1.41751 0.0
MAT 0.091986 0.61528 -0.0894367 1.0
VERTEX = 9
0.0999465 0.642058 -0.103438
0.0859366 0.646004 -0.104407
0.0859252 0.649446 -0.0902319
0.0999351 0.6455 -0.0892625
0.0916055 0.638575 -0.0958436
0.0902045 0.63897 -0.0959405
0.0902034 0.639314 -0.094523
0.0916043 0.638919 -0.0944261
0.0909044 0.638944 -0.0951833
INDEX = 14
4 5 7
6 7 5
1 2 5
6 5 2
0 1 4
5 4 1
7 6 3
2 3 6
4 7 0
3 0 7
8 1 0
8 2 1
8 3 2
8 0 3
FACE-NORMAL = 14
0.278526 0.933355 -0.226431
0.278526 0.933355 -0.226431
0.900205 0.423334 -0.102078
0.900205 0.423334 -0.102078
0.185743 0.799785 0.570827
0.185743 0.799785 0.570827
0.186905 0.448979 -0.873776
0.186905 0.448979 -0.873776
-0.527557 0.82543 -0.200871
-0.527557 0.82543 -0.200871
-0.196395 -0.826846 -0.527025
-0.876073 -0.468722 0.113119
-0.1975 -0.493118 0.847247
0.482178 -0.851242 0.207103
BONE = 2
BONE_NAME = BoneBack01
PARENT_ID = 1
LOCALTM 
MAT 0.278526 0.960429 0.00021784 0.0
MAT 0.000781755 0.0 -1.0 0.0
MAT -0.960429 0.278526 -0.000750788 0.0
MAT -0.000741445 0.0166941 0.0 1.0
WORLDTM 
MAT 0.406288 1.36149 -0.330297 0.0
MAT 0.00114035 -0.344227 -1.41751 0.0
MAT -1.40099 0.394555 -0.0969405 0.0
MAT 0.0909044 0.638944 -0.0951833 1.0
VERTEX = 9
0.118689 0.713242 -0.120225
0.104102 0.71335 -0.120263
0.104083 0.715899 -0.1059
0.11867 0.715791 -0.105862
0.11206 0.707257 -0.112504
0.110601 0.707268 -0.112508
0.110599 0.707522 -0.111072
0.112058 0.707512 -0.111068
0.111329 0.70739 -0.111788
INDEX = 14
4 5 7
6 7 5
1 2 5
6 5 2
0 1 4
5 4 1
7 6 3
2 3 6
4 7 0
3 0 7
8 1 0
8 2 1
8 3 2
8 0 3
FACE-NORMAL = 14
0.00776692 0.984588 -0.17472
0.00776692 0.984588 -0.17472
0.748467 0.653135 -0.114943
0.748467 0.653135 -0.114943
0.00425165 0.788533 0.614977
0.00425165 0.788534 0.614977
0.00613994 0.528776 -0.84874
0.00613994 0.528775 -0.84874
-0.738075 0.664174 -0.11882
-0.738075 0.664174 -0.118819
-0.00459386 -0.819764 -0.572682
-0.712577 -0.690958 0.121702
-0.00639022 -0.572653 0.819773
0.701593 -0.701459 0.125389
BONE = 3
BONE_NAME = BoneBack02
PARENT_ID = 2
LOCALTM 
MAT 0.960695 -0.0625523 0.270465 0.0
MAT 0.0602121 0.998043 0.0169514 0.0
MAT -0.270996 0.0 0.96258 0.0
MAT 0.0502721 0.0 0.0 1.0
WORLDTM 
MAT 0.0113297 1.43623 -0.254865 0.0
MAT 0.00185288 -0.254887 -1.43627 0.0
MAT -1.45866 0.0108319 -0.00380372 0.0
MAT 0.111329 0.70739 -0.111788 1.0
VERTEX = 9
-0.0464385 0.854016 0.0965279
-0.0464398 0.856024 0.108685
-0.0452438 0.843924 0.110684
-0.0452425 0.841916 0.0985269
-0.0520328 0.848885 0.102995
-0.0520329 0.849086 0.104211
-0.0519133 0.847876 0.104411
-0.0519132 0.847675 0.103195
-0.0519731 0.84838 0.103703
INDEX = 14
4 5 7
6 7 5
1 2 5
6 5 2
0 1 4
5 4 1
7 6 3
2 3 6
4 7 0
3 0 7
8 1 0
8 2 1
8 3 2
8 0 3
FACE-NORMAL = 14
0.995278 0.0957846 -0.0157142
0.995278 0.0957846 -0.0157142
0.665886 -0.0570714 -0.743867
0.665886 -0.0570714 -0.743867
0.737954 -0.665814 0.110072
0.737954 -0.665814 0.110072
0.593658 0.793967 -0.131096
0.593658 0.793967 -0.131096
0.665726 0.185224 0.722842
0.665726 0.185224 0.722843
-0.772403 0.626626 -0.103602
-0.703844 0.0475199 0.708763
-0.635133 -0.762086 0.125825
-0.703691 -0.18298 -0.68654
BONE = 4
BONE_NAME = BoneBackPack02
PARENT_ID = 3
LOCALTM 
MAT 0.0885134 -3.95812e-007 -0.840069 0.0
MAT 0.840011 -0.0101141 0.088507 0.0
MAT -0.010059 -0.844658 -0.00105981 0.0
MAT 0.0684844 -0.162485 0.112279 1.0
WORLDTM 
MAT 1.22638 0.118026 -0.019363 0.0
MAT -0.119604 1.20998 -0.199899 0.0
MAT -0.000133111 0.200834 1.21572 0.0
MAT -0.0519731 0.84838 0.103703 1.0
VERTEX = 9
0.296429 0.871858 0.0937283
0.296413 0.874011 0.105861
0.296431 0.861879 0.108014
0.296446 0.859726 0.0958814
0.290269 0.867358 0.100151
0.290267 0.867573 0.101364
0.290269 0.86636 0.101579
0.290271 0.866144 0.100366
0.290269 0.866859 0.100865
INDEX = 14
4 5 7
6 7 5
1 2 5
6 5 2
0 1 4
5 4 1
7 6 3
2 3 6
4 7 0
3 0 7
8 1 0
8 2 1
8 3 2
8 0 3
FACE-NORMAL = 14
0.999998 0.00160508 0.00100517
0.999998 0.00160508 0.00100517
0.669908 -0.128805 -0.731186
0.669908 -0.128805 -0.731186
0.670008 -0.730784 0.130553
0.670008 -0.730784 0.130553
0.66792 0.732932 -0.129208
0.667919 0.732932 -0.129208
0.66802 0.130952 0.732531
0.668019 0.130952 0.732531
-0.708099 0.695093 -0.124268
-0.708004 0.12242 0.695517
-0.706112 -0.697362 0.122846
-0.706207 -0.12469 -0.696939
BONE = 5
BONE_NAME = BoneBackPack01
PARENT_ID = 3
LOCALTM 
MAT 0.00774759 -1.5409e-007 -0.844683 0.0
MAT 0.844685 -1.78814e-007 0.00774738 0.0
MAT -8.34465e-007 -0.844718 0.0 0.0
MAT 0.0831192 -0.162485 -0.122234 1.0
WORLDTM 
MAT 1.2322 0.00197777 0.00123856 0.0
MAT -0.00173081 1.21324 -0.21531 0.0
MAT -0.00156506 0.215306 1.21324 0.0
MAT 0.290269 0.866859 0.100865 1.0
VERTEX = 9
0.1094 0.825017 -0.215889
0.109457 0.830443 -0.204825
0.121777 0.830189 -0.204764
0.12172 0.824763 -0.215828
0.114842 0.821814 -0.20817
0.114848 0.822357 -0.207064
0.11608 0.822332 -0.207058
0.116074 0.821789 -0.208164
0.115461 0.822073 -0.207614
INDEX = 14
4 5 7
6 7 5
1 2 5
6 5 2
0 1 4
5 4 1
7 6 3
2 3 6
4 7 0
3 0 7
8 1 0
8 2 1
8 3 2
8 0 3
FACE-NORMAL = 14
0.020684 0.89761 -0.440304
0.020684 0.89761 -0.440304
0.0103918 0.273192 -0.961904
0.0103918 0.273192 -0.961903
0.756964 0.585149 -0.290871
0.756964 0.585149 -0.290871
-0.72929 0.61579 -0.298226
-0.72929 0.61579 -0.298226
0.0172819 0.927748 0.372807
0.0172819 0.927748 0.372808
-0.721574 -0.620132 0.307844
-0.0113485 -0.323362 0.946207
0.692322 -0.649281 0.314841
-0.0179031 -0.946051 -0.323523
BONE = 6
BONE_NAME = BoneHead
PARENT_ID = 3
LOCALTM 
MAT 0.811662 0.233744 -0.0108715 0.0
MAT 0.0113134 1.57161e-007 0.844645 0.0
MAT 0.233724 -0.811735 -0.00313099 0.0
MAT 0.0889079 0.0509475 -0.00207727 1.0
WORLDTM 
MAT 0.0254868 1.10603 -0.542542 0.0
MAT -1.23193 0.0253977 -0.00609641 0.0
MAT 0.00571102 0.542547 1.10631 0.0
MAT 0.115461 0.822073 -0.207614 1.0
VERTEX = 9
0.11216 0.944777 -0.274634
0.112217 0.950202 -0.263571
0.124536 0.949948 -0.26351
0.124479 0.944523 -0.274573
0.117602 0.941574 -0.266916
0.117608 0.942116 -0.265809
0.11884 0.942091 -0.265803
0.118834 0.941549 -0.26691
0.118221 0.941833 -0.266359
INDEX = 14
4 5 7
6 7 5
1 2 5
6 5 2
0 1 4
5 4 1
7 6 3
2 3 6
4 7 0
3 0 7
8 1 0
8 2 1
8 3 2
8 0 3
FACE-NORMAL = 14
0.0206838 0.89761 -0.440305
0.0206838 0.89761 -0.440305
0.0103914 0.273191 -0.961904
0.0103914 0.273191 -0.961904
0.756964 0.585149 -0.290871
0.756964 0.585149 -0.290871
-0.72929 0.61579 -0.298227
-0.72929 0.61579 -0.298227
0.0172821 0.927748 0.372807
0.0172821 0.927748 0.372807
-0.721574 -0.620131 0.307844
-0.0113481 -0.323361 0.946207
0.692322 -0.64928 0.314842
-0.0179033 -0.946051 -0.323523
BONE = 7
BONE_NAME = Bone06
PARENT_ID = 6
LOCALTM 
MAT 0.999997 1.63913e-007 -1.07288e-006 0.0
MAT 5.38304e-007 1.0 -5.44824e-007 0.0
MAT 0.0 -3.88362e-007 1.0 0.0
MAT 0.108278 0.0 0.0 1.0
WORLDTM 
MAT 0.0254865 1.10603 -0.542542 0.0
MAT -1.23193 0.0253981 -0.00609732 0.0
MAT 0.0057115 0.542547 1.10631 0.0
MAT 0.118221 0.941833 -0.266359 1.0
VERTEX = 9
0.121952 0.915044 -0.250291
0.122611 0.917306 -0.240572
0.122274 0.907577 -0.238285
0.121615 0.905315 -0.248003
0.117111 0.911923 -0.244605
0.117177 0.912149 -0.243634
0.117143 0.911177 -0.243405
0.117077 0.91095 -0.244377
0.117127 0.91155 -0.244005
INDEX = 14
4 5 7
6 7 5
1 2 5
6 5 2
0 1 4
5 4 1
7 6 3
2 3 6
4 7 0
3 0 7
8 1 0
8 2 1
8 3 2
8 0 3
FACE-NORMAL = 14
0.997255 -0.0478206 -0.0565298
0.997255 -0.0478206 -0.0565298
0.618117 -0.200148 -0.760179
0.618117 -0.200148 -0.760179
0.64209 -0.75514 0.132224
0.64209 -0.75514 0.132224
0.692167 0.691159 -0.207857
0.692167 0.691159 -0.207857
0.71614 0.136168 0.684545
0.71614 0.136168 0.684545
-0.681347 0.721758 -0.12179
-0.658541 0.193785 0.727167
-0.728985 -0.654128 0.201735
-0.751791 -0.126157 -0.647221
BONE = 8
BONE_NAME = Ref_Head
PARENT_ID = 6
LOCALTM 
MAT 0.00210481 -0.809718 -0.0545273 0.0
MAT 0.791033 -0.0101391 0.181088 0.0
MAT -0.18136 -0.0536178 0.789214 0.0
MAT 0.0782123 0.000291385 0.00546317 1.0
WORLDTM 
MAT 0.997254 -0.0478206 -0.0565298 0.0
MAT 0.0336857 0.9729 -0.228767 0.0
MAT 0.0659381 0.226233 0.971839 0.0
MAT 0.117127 0.91155 -0.244005 1.0
VERTEX = 9
0.117235 0.860672 -0.144061
0.117222 0.862419 -0.134215
0.11701 0.852575 -0.132468
0.117023 0.850828 -0.142314
0.112135 0.857132 -0.138869
0.112134 0.857306 -0.137884
0.112112 0.856322 -0.137709
0.112114 0.856147 -0.138694
0.112124 0.856727 -0.138289
INDEX = 14
4 5 7
6 7 5
1 2 5
6 5 2
0 1 4
5 4 1
7 6 3
2 3 6
4 7 0
3 0 7
8 1 0
8 2 1
8 3 2
8 0 3
FACE-NORMAL = 14
0.999775 -0.0206116 0.00494759
0.999775 -0.0206116 0.00494759
0.669759 -0.143667 -0.728549
0.669759 -0.143667 -0.728549
0.653087 -0.745487 0.13314
0.653087 -0.745487 0.13314
0.684542 0.71791 -0.126521
0.684542 0.71791 -0.126521
0.66787 0.11609 0.735168
0.66787 0.11609 0.735168
-0.691986 0.71065 -0.127008
-0.707846 0.13813 0.692729
-0.72191 -0.681501 0.120011
-0.70605 -0.108981 -0.699726
BONE = 9
BONE_NAME = Box_RtShoulder
PARENT_ID = 3
LOCALTM 
MAT -0.00918141 -1.46916e-007 -0.685476 0.0
MAT 0.685477 1.19209e-007 -0.00918163 0.0
MAT -3.42727e-007 -0.685537 0.0 0.0
MAT 0.103977 0.0 0.00026314 1.0
WORLDTM 
MAT 0.999774 -0.0206116 0.00494759 0.0
MAT 0.0211591 0.984401 -0.174669 0.0
MAT -0.00127022 0.174734 0.984615 0.0
MAT 0.112124 0.856727 -0.138289 1.0
VERTEX = 9
0.103118 0.861635 -0.153477
0.10281 0.847275 -0.150929
0.107266 0.849609 -0.137237
0.107575 0.863968 -0.139784
0.111928 0.855689 -0.148337
0.111897 0.854253 -0.148083
0.112343 0.854486 -0.146713
0.112374 0.855922 -0.146968
0.112135 0.855088 -0.147525
INDEX = 14
4 5 7
6 7 5
1 2 5
6 5 2
0 1 4
5 4 1
7 6 3
2 3 6
4 7 0
3 0 7
8 1 0
8 2 1
8 3 2
8 0 3
FACE-NORMAL = 14
-0.951949 0.0732262 0.297375
-0.951949 0.0732262 0.297375
-0.621093 0.780684 0.0691025
-0.621093 0.780684 0.0691026
-0.409725 0.1679 0.896624
-0.409725 0.1679 0.896624
-0.863916 -0.0699288 -0.498758
-0.863916 -0.0699289 -0.498758
-0.652547 -0.682713 0.328764
-0.652547 -0.682713 0.328764
0.45709 -0.164904 -0.874
0.658168 -0.747855 -0.0867658
0.889169 0.0613465 0.453449
0.688091 0.644297 -0.333786
BONE = 10
BONE_NAME = BoneShoulderR
PARENT_ID = 9
LOCALTM 
MAT -1.38836 -5.51343e-007 0.447537 0.0
MAT -0.447537 0.0 -1.38836 0.0
MAT 6.50063e-007 -1.45871 3.57628e-007 0.0
MAT 0.0 0.0 -0.0093808 1.0
WORLDTM 
MAT -1.38861 0.106816 0.433783 0.0
MAT -0.445673 -0.233369 -1.36921 0.0
MAT -0.0308644 -1.43595 0.254792 0.0
MAT 0.112135 0.855088 -0.147525 1.0
VERTEX = 9
-0.226603 0.87365 -0.0460558
-0.213124 0.868206 -0.0472643
-0.209009 0.875781 -0.0354973
-0.222488 0.881226 -0.0342889
-0.216804 0.880216 -0.0455725
-0.215456 0.879672 -0.0456933
-0.215044 0.880429 -0.0445166
-0.216392 0.880974 -0.0443958
-0.215924 0.880323 -0.0450445
INDEX = 14
4 5 7
6 7 5
1 2 5
6 5 2
0 1 4
5 4 1
7 6 3
2 3 6
4 7 0
3 0 7
8 1 0
8 2 1
8 3 2
8 0 3
FACE-NORMAL = 14
-0.258063 -0.768751 0.585171
-0.258063 -0.768751 0.585171
-0.859457 -0.236833 0.453038
-0.859457 -0.236833 0.453038
0.0370498 -0.12825 0.99105
0.0370497 -0.12825 0.99105
-0.38232 -0.900285 -0.208132
-0.38232 -0.900285 -0.208132
0.514187 -0.791701 0.32988
0.514187 -0.791701 0.32988
-0.0169983 0.176365 -0.984178
0.835862 0.279662 -0.472359
0.381954 0.910813 0.156621
-0.470906 0.807516 -0.355198
BONE = 11
BONE_NAME = BoneArmR
PARENT_ID = 10
LOCALTM 
MAT 0.363385 -0.347437 0.86443 0.0
MAT -0.00936424 0.92645 0.376301 0.0
MAT -0.931592 -0.144837 0.333405 0.0
MAT 0.23625 0.0 0.0 1.0
WORLDTM 
MAT -0.376439 -1.12139 0.853596 0.0
MAT -0.411505 -0.757555 -1.17669 0.0
MAT 1.34788 -0.544462 -0.120847 0.0
MAT -0.215924 0.880323 -0.0450445 1.0
VERTEX = 9
-0.276632 0.725823 0.062964
-0.26262 0.724591 0.0591018
-0.259568 0.718649 0.07207
-0.273581 0.719882 0.0759322
-0.267619 0.729228 0.0697863
-0.266218 0.729105 0.0694
-0.265913 0.72851 0.0706969
-0.267314 0.728634 0.0710831
-0.266766 0.728869 0.0702416
INDEX = 14
4 5 7
6 7 5
1 2 5
6 5 2
0 1 4
5 4 1
7 6 3
2 3 6
4 7 0
3 0 7
8 1 0
8 2 1
8 3 2
8 0 3
FACE-NORMAL = 14
-0.182975 -0.909381 -0.373558
-0.182975 -0.909381 -0.373558
-0.836414 -0.545521 -0.053097
-0.836414 -0.545521 -0.0530971
0.0330923 -0.911078 0.410904
0.0330922 -0.911078 0.410904
-0.277901 -0.30561 -0.9107
-0.277901 -0.30561 -0.9107
0.591605 -0.671168 -0.446697
0.591605 -0.671167 -0.446697
-0.0185429 0.931025 -0.364485
0.808631 0.583265 0.0769265
0.27731 0.355034 0.892777
-0.549864 0.702794 0.451364
BONE = 12
BONE_NAME = BoneForeArmR
PARENT_ID = 11
LOCALTM 
MAT 0.527712 0.825227 0.2013 0.0
MAT -0.779343 0.564638 -0.271674 0.0
MAT -0.337854 -0.0135148 0.9411 0.0
MAT 0.13506 0.0 0.0 1.0
WORLDTM 
MAT -0.266908 -1.32652 -0.544913 0.0
MAT -0.305161 0.594115 -1.29682 0.0
MAT 1.40123 -0.12329 -0.386217 0.0
MAT -0.266766 0.728869 0.0702416 1.0
VERTEX = 9
-0.324085 0.404194 0.00701208
-0.319108 0.399961 0.0145828
-0.322748 0.391019 0.0119753
-0.327724 0.395253 0.0044046
-0.32742 0.398995 0.0122408
-0.326922 0.398571 0.0129978
-0.327286 0.397677 0.0127371
-0.327784 0.3981 0.01198
-0.327353 0.398336 0.0124889
INDEX = 14
4 5 7
6 7 5
1 2 5
6 5 2
0 1 4
5 4 1
7 6 3
2 3 6
4 7 0
3 0 7
8 1 0
8 2 1
8 3 2
8 0 3
FACE-NORMAL = 14
0.787327 -0.145793 -0.59905
0.787327 -0.145793 -0.59905
0.156807 0.217124 -0.963467
0.156807 0.217124 -0.963467
0.256161 -0.762159 -0.594554
0.256162 -0.762159 -0.594554
0.797229 0.567103 -0.206931
0.797229 0.567103 -0.206931
0.896584 -0.412187 0.161985
0.896584 -0.412187 0.161985
-0.299362 0.735363 0.607967
-0.204845 -0.196244 0.958919
-0.814088 -0.529185 0.239216
-0.908606 0.402429 -0.11174
BONE = 13
BONE_NAME = Object02
PARENT_ID = 12
LOCALTM 
MAT 0.14554 0.211473 0.635661 0.0
MAT -0.669868 0.0385487 0.140543 0.0
MAT 0.00760752 -0.650962 0.214818 0.0
MAT 0.228449 -0.0484013 -0.0102643 1.0
WORLDTM 
MAT 0.787331 -0.145793 -0.599052 0.0
MAT 0.363964 0.894171 0.260749 0.0
MAT 0.497628 -0.423323 0.757068 0.0
MAT -0.327353 0.398336 0.0124889 1.0
VERTEX = 9
-0.303069 0.552256 -0.0137963
-0.299764 0.548397 -0.0051832
-0.301756 0.539192 -0.00854293
-0.305061 0.54305 -0.0171561
-0.30709 0.54668 -0.00952666
-0.30676 0.546294 -0.00866534
-0.306959 0.545373 -0.00900131
-0.30729 0.545759 -0.00986263
-0.307025 0.546027 -0.00926398
INDEX = 14
4 5 7
6 7 5
1 2 5
6 5 2
0 1 4
5 4 1
7 6 3
2 3 6
4 7 0
3 0 7
8 1 0
8 2 1
8 3 2
8 0 3
FACE-NORMAL = 14
0.922538 -0.0605371 -0.381129
0.922538 -0.0605371 -0.381129
0.371478 0.246317 -0.895172
0.371478 0.246316 -0.895172
0.469078 -0.724746 -0.504687
0.469078 -0.724746 -0.504687
0.765213 0.643756 -0.00523493
0.765213 0.643756 -0.00523482
0.862814 -0.327313 0.385251
0.862814 -0.327313 0.385252
-0.511474 0.693742 0.507066
-0.418626 -0.230044 0.87854
-0.793192 -0.608134 0.03193
-0.886041 0.315658 -0.339546
BONE = 14
BONE_NAME = Mesh01
PARENT_ID = 12
LOCALTM 
MAT 0.019622 0.0830727 0.680206 0.0
MAT -0.684919 0.0237016 0.0168593 0.0
MAT -0.0214758 -0.68007 0.0836732 0.0
MAT 0.139397 0.0031774 -0.00148669 1.0
WORLDTM 
MAT 0.92254 -0.0605373 -0.38113 0.0
MAT 0.199202 0.920565 0.335973 0.0
MAT 0.330509 -0.385868 0.861314 0.0
MAT -0.307025 0.546027 -0.00926398 1.0
VERTEX = 9
-0.295882 0.455566 0.156393
-0.297965 0.448263 0.162899
-0.288772 0.44453 0.161652
-0.286689 0.451832 0.155146
-0.294352 0.447739 0.155014
-0.294561 0.447009 0.155664
-0.293641 0.446635 0.15554
-0.293433 0.447365 0.154889
-0.293997 0.447187 0.155277
INDEX = 14
4 5 7
6 7 5
1 2 5
6 5 2
0 1 4
5 4 1
7 6 3
2 3 6
4 7 0
3 0 7
8 1 0
8 2 1
8 3 2
8 0 3
FACE-NORMAL = 14
0.333953 0.572116 0.749105
0.333953 0.572116 0.749105
0.378259 0.925534 0.0175319
0.378259 0.925534 0.0175321
0.906696 0.105226 0.408448
0.906696 0.105226 0.408448
-0.459892 0.660227 0.593802
-0.459892 0.660227 0.593802
0.0685465 -0.160086 0.98472
0.0685464 -0.160086 0.98472
-0.886168 -0.140557 -0.441532
-0.383457 -0.920929 -0.0696479
0.413888 -0.668538 -0.617862
-0.0888234 0.111837 -0.989749
BONE = 15
BONE_NAME = Star2Part10shell
PARENT_ID = 12
LOCALTM 
MAT -0.590397 -0.344701 0.0508013 0.0
MAT -0.149362 0.160089 -0.649633 0.0
MAT 0.314784 -0.570536 -0.212973 0.0
MAT 0.157244 -0.126568 -0.0170458 1.0
WORLDTM 
MAT 0.333956 0.57212 0.74911 0.0
MAT -0.919275 0.373337 0.124683 0.0
MAT -0.208338 -0.730275 0.650606 0.0
MAT -0.293997 0.447187 0.155277 1.0
VERTEX = 9
-0.374319 0.258093 -0.0842977
-0.371814 0.252523 -0.0763792
-0.375925 0.244506 -0.0807177
-0.37843 0.250076 -0.0886362
-0.379424 0.253064 -0.0805375
-0.379173 0.252507 -0.0797456
-0.379585 0.251705 -0.0801795
-0.379835 0.252262 -0.0809713
-0.379504 0.252384 -0.0803585
INDEX = 14
4 5 7
6 7 5
1 2 5
6 5 2
0 1 4
5 4 1
7 6 3
2 3 6
4 7 0
3 0 7
8 1 0
8 2 1
8 3 2
8 0 3
FACE-NORMAL = 14
0.87647 -0.216882 -0.42984
0.87647 -0.216882 -0.42984
0.400126 0.268913 -0.876119
0.400126 0.268913 -0.876119
0.280726 -0.740989 -0.610024
0.280726 -0.740989 -0.610024
0.891931 0.45082 0.0349297
0.891931 0.45082 0.0349298
0.77253 -0.559089 0.301027
0.77253 -0.559089 0.301027
-0.329034 0.720249 0.610719
-0.442622 -0.240485 0.863859
-0.910484 -0.413536 -0.00283481
-0.796895 0.547205 -0.255977
BONE = 16
BONE_NAME = HitTestFuzzy01
PARENT_ID = 12
LOCALTM 
MAT 0.135343 0.0757139 0.667771 0.0
MAT -0.662473 -0.0995313 0.145551 0.0
MAT 0.113023 -0.674032 0.0535128 0.0
MAT 0.349756 -0.0250868 -0.0192982 1.0
WORLDTM 
MAT 0.876473 -0.216883 -0.429842 0.0
MAT 0.411144 0.801708 0.433849 0.0
MAT 0.250505 -0.556978 0.791842 0.0
MAT -0.379504 0.252384 -0.0803585 1.0
VERTEX = 9
-0.221609 0.789889 0.330589
-0.220535 0.799626 0.32858
-0.21748 0.801226 0.337966
-0.218554 0.791489 0.339975
-0.224481 0.795801 0.33531
-0.224374 0.796775 0.335109
-0.224068 0.796935 0.336048
-0.224176 0.795961 0.336249
-0.224275 0.796368 0.335679
INDEX = 14
4 5 7
6 7 5
1 2 5
6 5 2
0 1 4
5 4 1
7 6 3
2 3 6
4 7 0
3 0 7
8 1 0
8 2 1
8 3 2
8 0 3
FACE-NORMAL = 14
0.94611 -0.162169 -0.280315
0.94611 -0.162169 -0.280315
0.553105 -0.832236 -0.0381856
0.553105 -0.832236 -0.0381856
0.86001 0.0104296 0.510171
0.86001 0.0104295 0.510171
0.405819 -0.2274 -0.885212
0.405819 -0.2274 -0.885212
0.712725 0.615266 -0.336856
0.712724 0.615266 -0.336856
-0.88504 0.00154524 -0.465512
-0.593077 0.803186 0.0561477
-0.452962 0.227796 0.861937
-0.744925 -0.573845 0.340277
BONE = 17
BONE_NAME = Bone_HoseRt
PARENT_ID = 10
LOCALTM 
MAT -0.682715 -2.51457e-007 0.0621496 0.0
MAT 0.0 0.685537 0.0 0.0
MAT -0.0621496 1.56462e-007 -0.682715 0.0
MAT 0.3151 -0.23403 0.102366 1.0
WORLDTM 
MAT 0.946109 -0.162168 -0.280314 0.0
MAT -0.305525 -0.159983 -0.938648 0.0
MAT 0.107373 0.973708 -0.20091 0.0
MAT -0.224275 0.796368 0.335679 1.0
VERTEX = 9
0.118419 0.858157 -0.143613
0.118406 0.859905 -0.133767
0.118194 0.850061 -0.13202
0.118207 0.848313 -0.141866
0.113319 0.854617 -0.138421
0.113318 0.854792 -0.137436
0.113296 0.853807 -0.137261
0.113298 0.853632 -0.138246
0.113308 0.854212 -0.137841
INDEX = 14
4 5 7
6 7 5
1 2 5
6 5 2
0 1 4
5 4 1
7 6 3
2 3 6
4 7 0
3 0 7
8 1 0
8 2 1
8 3 2
8 0 3
FACE-NORMAL = 14
0.999775 -0.0206116 0.00494759
0.999775 -0.0206116 0.00494759
0.669759 -0.143667 -0.728549
0.669759 -0.143667 -0.728549
0.653087 -0.745487 0.13314
0.653087 -0.745487 0.13314
0.684542 0.71791 -0.126521
0.684542 0.71791 -0.126521
0.66787 0.11609 0.735168
0.66787 0.11609 0.735168
-0.691986 0.71065 -0.127008
-0.707846 0.13813 0.692729
-0.72191 -0.681501 0.120011
-0.70605 -0.108981 -0.699726
BONE = 18
BONE_NAME = Box_LftShoulder
PARENT_ID = 3
LOCALTM 
MAT -0.00918141 -1.46916e-007 -0.685476 0.0
MAT 0.685477 1.19209e-007 -0.00918163 0.0
MAT -3.42727e-007 -0.685537 0.0 0.0
MAT 0.102232 0.0 -0.000562206 1.0
WORLDTM 
MAT 0.999774 -0.0206116 0.00494759 0.0
MAT 0.0211591 0.984401 -0.174669 0.0
MAT -0.00127022 0.174734 0.984615 0.0
MAT 0.113308 0.854212 -0.137841 1.0
VERTEX = 9
0.122122 0.844313 -0.150804
0.12243 0.858673 -0.153352
0.118585 0.861211 -0.139512
0.118277 0.846852 -0.136964
0.113496 0.851728 -0.147642
0.113527 0.853164 -0.147897
0.113143 0.853418 -0.146513
0.113112 0.851982 -0.146258
0.11332 0.852573 -0.147078
INDEX = 14
4 5 7
6 7 5
1 2 5
6 5 2
0 1 4
5 4 1
7 6 3
2 3 6
4 7 0
3 0 7
8 1 0
8 2 1
8 3 2
8 0 3
FACE-NORMAL = 14
0.9644 0.0259675 0.263171
0.9644 0.0259675 0.263171
0.629422 -0.714327 0.305883
0.629422 -0.714327 0.305883
0.449216 0.146718 0.881294
0.449216 0.146718 0.881294
0.841083 -0.111976 -0.52919
0.841083 -0.111976 -0.52919
0.660877 0.74907 0.0462214
0.660876 0.74907 0.0462214
-0.495539 -0.141412 -0.856997
-0.666972 0.677714 -0.3096
-0.868328 0.104688 0.484817
-0.696895 -0.714438 -0.0625801
BONE = 19
BONE_NAME = BoneShoulderL
PARENT_ID = 18
LOCALTM 
MAT 1.40758 7.22706e-007 0.382816 0.0
MAT 0.382816 -2.08616e-007 -1.40758 0.0
MAT -5.90459e-007 1.45871 -3.57628e-007 0.0
MAT 0.0 0.0 -0.00938076 1.0
WORLDTM 
MAT 1.40678 0.0378791 0.38389 0.0
MAT 0.384517 -0.253843 -1.38403 0.0
MAT 0.0308644 1.43595 -0.254792 0.0
MAT 0.11332 0.852573 -0.147078 1.0
VERTEX = 9
0.43877 0.850231 -0.0601544
0.452988 0.853417 -0.0594594
0.450852 0.860169 -0.0467068
0.436634 0.856983 -0.0474017
0.442975 0.860969 -0.0576268
0.444397 0.861287 -0.0575573
0.444183 0.861962 -0.056282
0.442762 0.861644 -0.0563515
0.443579 0.861465 -0.0569544
INDEX = 14
4 5 7
6 7 5
1 2 5
6 5 2
0 1 4
5 4 1
7 6 3
2 3 6
4 7 0
3 0 7
8 1 0
8 2 1
8 3 2
8 0 3
FACE-NORMAL = 14
0.168894 -0.859097 0.483143
0.168894 -0.859097 0.483143
-0.6115 -0.73705 0.287795
-0.611499 -0.73705 0.287795
0.00412729 -0.230658 0.973026
0.00412732 -0.230658 0.973026
0.22184 -0.918754 -0.326616
0.22184 -0.918754 -0.326616
0.837468 -0.412362 0.358615
0.837468 -0.412362 0.358615
-0.0158689 0.280176 -0.959818
0.569786 0.761914 -0.307947
-0.222983 0.934772 0.276551
-0.808638 0.453033 -0.37532
BONE = 20
BONE_NAME = BoneArmL
PARENT_ID = 19
LOCALTM 
MAT 0.267722 -0.264388 -0.926512 0.0
MAT -0.100857 0.948641 -0.299845 0.0
MAT 0.958203 0.173722 0.227306 0.0
MAT 0.234763 0.0 0.0 1.0
WORLDTM 
MAT 0.246367 -1.25317 0.704765 0.0
MAT 0.21363 -0.67519 -1.27527 0.0
MAT 1.42179 0.318599 0.0694917 0.0
MAT 0.443579 0.861465 -0.0569544 1.0
VERTEX = 9
0.469328 0.69526 0.0249514
0.483879 0.695783 0.0258384
0.483489 0.686945 0.0374371
0.468939 0.686422 0.03655
0.475224 0.697315 0.0349707
0.476679 0.697367 0.0350594
0.47664 0.696483 0.0362193
0.475185 0.696431 0.0361306
0.475932 0.696899 0.035595
INDEX = 14
4 5 7
6 7 5
1 2 5
6 5 2
0 1 4
5 4 1
7 6 3
2 3 6
4 7 0
3 0 7
8 1 0
8 2 1
8 3 2
8 0 3
FACE-NORMAL = 14
0.065363 -0.794769 -0.603383
0.065363 -0.794769 -0.603383
-0.697714 -0.558334 -0.448841
-0.697714 -0.558334 -0.448842
0.0238882 -0.981998 0.187373
0.0238882 -0.981998 0.187373
0.0635629 -0.0813455 -0.994657
0.0635629 -0.0813453 -0.994657
0.785165 -0.505011 -0.358442
0.785165 -0.50501 -0.358442
-0.027347 0.990388 -0.135585
0.659124 0.58735 0.469655
-0.0650902 0.133584 0.988898
-0.751561 0.536623 0.383657
BONE = 21
BONE_NAME = BoneForeArmL
PARENT_ID = 20
LOCALTM 
MAT 0.402304 0.904952 -0.138623 0.0
MAT -0.900139 0.418615 0.120458 0.0
MAT 0.167037 0.0763192 0.982992 0.0
MAT 0.131319 0.0 0.0 1.0
WORLDTM 
MAT 0.0953456 -1.15934 -0.88016 0.0
MAT 0.0389307 0.883764 -1.15986 0.0
MAT 1.45507 0.0523234 0.0887042 0.0
MAT 0.475932 0.696899 0.035595 1.0
VERTEX = 9
0.516109 0.536312 -0.0954227
0.513586 0.530644 -0.0875803
0.513984 0.522485 -0.0933487
0.516508 0.528153 -0.101191
0.510319 0.530661 -0.0956319
0.510067 0.530095 -0.0948476
0.510106 0.529279 -0.0954245
0.510359 0.529846 -0.0962087
0.510213 0.52997 -0.0955282
INDEX = 14
4 5 7
6 7 5
1 2 5
6 5 2
0 1 4
5 4 1
7 6 3
2 3 6
4 7 0
3 0 7
8 1 0
8 2 1
8 3 2
8 0 3
FACE-NORMAL = 14
0.96681 -0.114329 0.228491
0.96681 -0.114329 0.228491
0.834348 0.34482 -0.430073
0.834348 0.34482 -0.430073
0.67638 -0.682922 -0.275912
0.67638 -0.682922 -0.275911
0.617143 0.529959 0.581617
0.617143 0.529959 0.581617
0.459175 -0.497785 0.735777
0.459175 -0.497785 0.735778
-0.711814 0.657759 0.246322
-0.862091 -0.319948 0.392978
-0.655461 -0.496074 -0.569457
-0.505184 0.481634 -0.716113
BONE = 22
BONE_NAME = Object03
PARENT_ID = 21
LOCALTM 
MAT 0.0110998 -0.154346 0.667848 0.0
MAT -0.684919 0.0237028 0.0168603 0.0
MAT -0.026886 -0.667512 -0.153821 0.0
MAT 0.146724 0.00276992 0.013871 1.0
WORLDTM 
MAT 0.966813 -0.11433 0.228491 0.0
MAT -0.0398485 0.815882 0.576843 0.0
MAT -0.252371 -0.566802 0.784242 0.0
MAT 0.510213 0.52997 -0.0955282 1.0
VERTEX = 9
0.443583 0.375295 0.0404469
0.447919 0.371468 0.0322889
0.438925 0.369081 0.0286277
0.434589 0.372908 0.0367857
0.44176 0.368036 0.0373667
0.442193 0.367653 0.0365509
0.441294 0.367415 0.0361848
0.44086 0.367797 0.0370006
0.441527 0.367725 0.0367758
INDEX = 14
4 5 7
6 7 5
1 2 5
6 5 2
0 1 4
5 4 1
7 6 3
2 3 6
4 7 0
3 0 7
8 1 0
8 2 1
8 3 2
8 0 3
FACE-NORMAL = 14
-0.0545642 0.892523 -0.44769
-0.0545642 0.892523 -0.44769
-0.358796 0.881523 0.306891
-0.358796 0.881523 0.306891
-0.705058 0.41969 -0.571624
-0.705058 0.41969 -0.571624
0.632053 0.774442 -0.0273543
0.632053 0.774442 -0.0273541
0.285793 0.312609 -0.905868
0.285793 0.312609 -0.905868
0.67459 -0.462368 0.575451
0.345187 -0.901717 -0.260294
-0.597423 -0.799849 0.0576788
-0.268021 -0.360501 0.893423
BONE = 23
BONE_NAME = Star2Part05
PARENT_ID = 21
LOCALTM 
MAT -0.303548 0.613732 -0.0340297 0.0
MAT -0.241158 -0.0839995 0.636198 0.0
MAT 0.565386 0.29367 0.253089 0.0
MAT 0.177318 -0.13799 -0.0315722 1.0
WORLDTM 
MAT -0.0545646 0.892529 -0.447693 0.0
MAT 0.899448 0.238635 0.366119 0.0
MAT 0.433601 -0.382696 -0.815797 0.0
MAT 0.441527 0.367725 0.0367758 1.0
VERTEX = 9
0.559125 0.259642 -0.234661
0.55724 0.252434 -0.227991
0.560539 0.245572 -0.234474
0.562424 0.25278 -0.241144
0.555136 0.252822 -0.236413
0.554948 0.252101 -0.235746
0.555278 0.251415 -0.236394
0.555466 0.252136 -0.237061
0.555207 0.252118 -0.236403
INDEX = 14
4 5 7
6 7 5
1 2 5
6 5 2
0 1 4
5 4 1
7 6 3
2 3 6
4 7 0
3 0 7
8 1 0
8 2 1
8 3 2
8 0 3
FACE-NORMAL = 14
0.925009 0.0978331 0.367132
0.925009 0.0978331 0.367132
0.758908 0.601221 -0.250185
0.758908 0.60122 -0.250185
0.864002 -0.444598 -0.236289
0.864002 -0.444598 -0.236289
0.373596 0.575491 0.727486
0.373596 0.575491 0.727486
0.478689 -0.470327 0.741383
0.478689 -0.470327 0.741383
-0.887346 0.416035 0.198825
-0.787368 -0.578868 0.212045
-0.420815 -0.554391 -0.718028
-0.520792 0.440512 -0.731249
BONE = 24
BONE_NAME = HitTestFuzzy
PARENT_ID = 21
LOCALTM 
MAT -0.163717 -0.142565 0.650261 0.0
MAT -0.65682 -0.0744252 -0.181685 0.0
MAT 0.108378 -0.666403 -0.118817 0.0
MAT 0.358398 -0.0350184 0.0319342 1.0
WORLDTM 
MAT 0.925014 0.0978336 0.367134 0.0
MAT -0.329887 0.686195 0.648314 0.0
MAT -0.188497 -0.720807 0.667006 0.0
MAT 0.555207 0.252118 -0.236403 1.0
VERTEX = 9
0.37573 0.801884 0.321737
0.375416 0.811699 0.31985
0.37278 0.813439 0.329338
0.373094 0.803624 0.331225
0.369582 0.806686 0.323891
0.369551 0.807667 0.323703
0.369287 0.807841 0.324651
0.369318 0.80686 0.32484
0.369435 0.807263 0.324271
INDEX = 14
4 5 7
6 7 5
1 2 5
6 5 2
0 1 4
5 4 1
7 6 3
2 3 6
4 7 0
3 0 7
8 1 0
8 2 1
8 3 2
8 0 3
FACE-NORMAL = 14
0.964119 0.0795884 0.253259
0.964119 0.0795884 0.253259
0.668332 -0.676316 0.309722
0.668332 -0.676316 0.309722
0.449029 0.182588 0.874663
0.449029 0.182588 0.874663
0.840895 -0.0761047 -0.535821
0.840895 -0.0761047 -0.535821
0.621591 0.7828 0.0291201
0.621591 0.7828 0.02912
-0.495341 -0.179327 -0.849988
-0.703968 0.637762 -0.312552
-0.868129 0.0667718 0.491826
-0.659502 -0.750317 -0.0456104
BONE = 25
BONE_NAME = Bone_HoseLft
PARENT_ID = 19
LOCALTM 
MAT 0.684518 0.0 0.0373685 0.0
MAT -1.63913e-007 0.685537 5.36442e-007 0.0
MAT -0.0373688 5.21541e-007 0.684518 0.0
MAT 0.253557 -0.254897 -0.0833019 1.0
WORLDTM 
MAT 0.964118 0.0795883 0.253259 0.0
MAT 0.2636 -0.174018 -0.948806 0.0
MAT -0.0314421 0.981522 -0.188756 0.0
MAT 0.369435 0.807263 0.324271 1.0
VERTEX = 9
0.109613 0.902413 0.330579
0.109824 0.912257 0.328832
0.109837 0.91051 0.318986
0.109625 0.900666 0.320733
0.114984 0.905948 0.325388
0.115005 0.906932 0.325213
0.115007 0.906758 0.324229
0.114986 0.905773 0.324403
0.114996 0.906353 0.324808
INDEX = 14
4 5 7
6 7 5
1 2 5
6 5 2
0 1 4
5 4 1
7 6 3
2 3 6
4 7 0
3 0 7
8 1 0
8 2 1
8 3 2
8 0 3
FACE-NORMAL = 14
-0.999775 0.020612 -0.00494714
-0.999775 0.020612 -0.00494714
-0.684542 -0.71791 0.12652
-0.684542 -0.71791 0.12652
-0.66787 -0.116089 -0.735168
-0.66787 -0.116089 -0.735168
-0.669759 0.143666 0.728549
-0.669758 0.143666 0.728549
-0.653087 0.745487 -0.133139
-0.653087 0.745487 -0.133139
0.70605 0.10898 0.699726
0.72191 0.681501 -0.120011
0.707846 -0.138129 -0.69273
0.691986 -0.710651 0.127007
BONE = 26
BONE_NAME = Box10
PARENT_ID = 3
LOCALTM 
MAT 0.00968093 -2.10712e-007 0.722754 0.0
MAT -1.18464e-006 -0.685539 1.54134e-007 0.0
MAT 0.685475 -6.78003e-007 -0.00918128 0.0
MAT 0.0820201 -0.318528 -0.00228092 1.0
WORLDTM 
MAT -1.05415 0.0217329 -0.00521618 0.0
MAT -0.00127046 0.174733 0.984618 0.0
MAT 0.0211586 0.984398 -0.174668 0.0
MAT 0.114996 0.906353 0.324808 1.0
VERTEX = 9
0.130734 0.984387 0.185065
0.136376 0.977695 0.186037
0.139824 0.979454 0.178126
0.134182 0.986146 0.177154
0.131916 0.979443 0.180069
0.13248 0.978774 0.180166
0.132825 0.97895 0.179375
0.132261 0.979619 0.179278
0.13237 0.979196 0.179722
INDEX = 14
4 5 7
6 7 5
1 2 5
6 5 2
0 1 4
5 4 1
7 6 3
2 3 6
4 7 0
3 0 7
8 1 0
8 2 1
8 3 2
8 0 3
FACE-NORMAL = 14
0.660507 0.618624 0.425483
0.660507 0.618624 0.425483
-0.0343153 0.978657 0.202615
-0.0343152 0.978657 0.202615
0.732915 0.562266 -0.383005
0.732915 0.562266 -0.383005
0.150797 0.265409 0.95227
0.150797 0.265409 0.95227
0.918026 -0.150981 0.36665
0.918026 -0.150981 0.36665
-0.743938 -0.578635 0.334272
-0.0140602 -0.974754 -0.222837
-0.19016 -0.296231 -0.935995
-0.920037 0.0998875 -0.378886
BONE = 27
BONE_NAME = Cylinder10
PARENT_ID = 3
LOCALTM 
MAT 0.325957 -0.317693 -0.396671 0.0
MAT -0.215294 -0.513196 0.234103 0.0
MAT -0.460353 0.0150613 -0.39035 0.0
MAT 0.148658 -0.229307 -0.0135615 1.0
WORLDTM 
MAT 0.581713 0.544827 0.374726 0.0
MAT -0.344868 -0.175868 0.791067 0.0
MAT 0.564201 -0.669237 0.0971804 0.0
MAT 0.13237 0.979196 0.179722 1.0
VERTEX = 9
0.0923237 0.986017 0.17401
0.0928883 0.981805 0.181724
0.0994582 0.987141 0.184157
0.0988935 0.991354 0.176443
0.0984532 0.983724 0.176834
0.0985097 0.983303 0.177605
0.0991666 0.983836 0.177849
0.0991102 0.984257 0.177077
0.0988099 0.98378 0.177341
INDEX = 14
4 5 7
6 7 5
1 2 5
6 5 2
0 1 4
5 4 1
7 6 3
2 3 6
4 7 0
3 0 7
8 1 0
8 2 1
8 3 2
8 0 3
FACE-NORMAL = 14
-0.662879 0.635664 0.395629
-0.662879 0.635664 0.395629
-0.491095 0.780735 -0.386366
-0.491095 0.780735 -0.386366
0.111038 0.875642 0.470024
0.111037 0.875642 0.470024
-0.997923 -0.0251679 0.0593006
-0.997923 -0.025168 0.0593005
-0.39579 0.0697394 0.915689
-0.39579 0.0697393 0.915689
-0.058759 -0.877959 -0.475116
0.514059 -0.787673 0.33958
0.996211 -0.0210055 -0.0843887
0.423394 -0.111292 -0.899084
BONE = 28
BONE_NAME = Cylinder13
PARENT_ID = 3
LOCALTM 
MAT 0.33303 -0.302758 0.402433 0.0
MAT -0.334568 0.227599 0.448095 0.0
MAT -0.376405 -0.470171 -0.0422289 0.0
MAT 0.151858 -0.228278 0.00947236 1.0
WORLDTM 
MAT -0.583803 0.559834 0.348434 0.0
MAT -0.656989 -0.533673 -0.243327 0.0
MAT 0.0564621 -0.421219 0.771384 0.0
MAT 0.0988099 0.98378 0.177341 1.0
VERTEX = 9
0.0718692 1.03924 0.0914362
0.0748802 1.04803 0.0877545
0.0810819 1.04329 0.0815032
0.0780709 1.0345 0.0851849
0.0796369 1.04126 0.0904075
0.079938 1.04214 0.0900393
0.0805581 1.04167 0.0894142
0.080257 1.04079 0.0897824
0.0800975 1.04147 0.0899108
INDEX = 14
4 5 7
6 7 5
1 2 5
6 5 2
0 1 4
5 4 1
7 6 3
2 3 6
4 7 0
3 0 7
8 1 0
8 2 1
8 3 2
8 0 3
FACE-NORMAL = 14
-0.724384 -0.0401006 -0.68823
-0.724384 -0.0401006 -0.68823
-0.708392 -0.680668 -0.186743
-0.708392 -0.680668 -0.186743
-0.0236203 -0.379087 -0.925059
-0.0236204 -0.379087 -0.925059
-0.945555 0.325436 0.00425694
-0.945555 0.325436 0.00425711
-0.260783 0.627015 -0.73406
-0.260783 0.627016 -0.73406
0.073692 0.363467 0.928688
0.725125 0.650365 0.226316
0.950742 -0.306756 0.0446154
0.299308 -0.593654 0.746987
BONE = 29
BONE_NAME = Star2Part03
PARENT_ID = 3
LOCALTM 
MAT 0.0515101 0.46872 0.497603 0.0
MAT 0.241704 -0.479269 0.426431 0.0
MAT 0.639443 0.143402 -0.201271 0.0
MAT 0.201167 -0.17619 0.02275 1.0
WORLDTM 
MAT -0.724383 -0.0401005 -0.688229 0.0
MAT -0.620169 0.47392 0.625135 0.0
MAT 0.301097 0.879652 -0.368169 0.0
MAT 0.0800975 1.04147 0.0899108 1.0
VERTEX = 9
0.153839 1.03791 0.107964
0.155298 1.0449 0.100965
0.149648 1.03968 0.0945739
0.14819 1.03269 0.101573
0.156014 1.03626 0.100344
0.15616 1.03696 0.0996441
0.155595 1.03644 0.099005
0.155449 1.03574 0.0997049
0.155804 1.03635 0.0996745
INDEX = 14
4 5 7
6 7 5
1 2 5
6 5 2
0 1 4
5 4 1
7 6 3
2 3 6
4 7 0
3 0 7
8 1 0
8 2 1
8 3 2
8 0 3
FACE-NORMAL = 14
-0.812122 0.48864 0.318887
-0.812122 0.48864 0.318887
-0.651692 -0.192808 0.733568
-0.651692 -0.192808 0.733568
-0.963216 -0.0610472 -0.261704
-0.963216 -0.0610471 -0.261704
-0.123347 0.714813 0.688352
-0.123347 0.714813 0.688352
-0.43487 0.846574 -0.306921
-0.43487 0.846574 -0.306921
0.973747 0.023523 0.226414
0.67739 0.148869 -0.720403
0.174767 -0.714564 -0.677388
0.471124 -0.839911 0.26943
BONE = 30
BONE_NAME = Star2Part04
PARENT_ID = 3
LOCALTM 
MAT 0.287299 -0.274485 0.55864 0.0
MAT 0.278734 -0.493402 -0.385778 0.0
MAT 0.556532 0.388812 -0.095174 0.0
MAT 0.196948 -0.182101 -0.0291918 1.0
WORLDTM 
MAT -0.812121 0.48864 0.318886 0.0
MAT 0.564965 0.521908 0.639086 0.0
MAT 0.145853 0.699172 -0.699917 0.0
MAT 0.155804 1.03635 0.0996745 1.0
VERTEX = 9
0.121018 0.769949 -0.0366257
0.121126 0.777622 -0.0264424
0.120931 0.769638 -0.0204244
0.120823 0.761965 -0.0306077
0.113268 0.769968 -0.0293733
0.113279 0.770735 -0.0283549
0.113259 0.769937 -0.0277531
0.113248 0.769169 -0.0287715
0.113264 0.769952 -0.0285632
INDEX = 14
4 5 7
6 7 5
1 2 5
6 5 2
0 1 4
5 4 1
7 6 3
2 3 6
4 7 0
3 0 7
8 1 0
8 2 1
8 3 2
8 0 3
FACE-NORMAL = 14
0.999775 -0.0206122 0.00494775
0.999775 -0.0206122 0.00494775
0.662531 -0.461074 -0.590308
0.662531 -0.461074 -0.590308
0.654366 -0.607242 0.450625
0.654366 -0.607242 0.450625
0.683263 0.579664 -0.444005
0.683263 0.579664 -0.444006
0.675098 0.433497 0.596928
0.675098 0.433497 0.596928
-0.693203 0.579136 -0.429036
-0.70097 0.440084 0.561219
-0.720693 -0.549986 0.422039
-0.712926 -0.410934 -0.568216
BONE = 31
BONE_NAME = Vol_Target
PARENT_ID = 3
LOCALTM 
MAT -0.0141634 -2.83122e-007 -1.05738 0.0
MAT 0.611091 0.310588 -0.00818555 0.0
MAT 0.395994 -0.779268 -0.00530406 0.0
MAT 0.03227 -0.0636683 -0.0011562 1.0
WORLDTM 
MAT 1.5422 -0.0317953 0.00763214 0.0
MAT 0.0194389 0.798411 -0.601802 0.0
MAT 0.0107794 0.767304 1.01833 0.0
MAT 0.113264 0.769952 -0.0285632 1.0
VERTEX = 9
0.0864001 0.607609 -0.0943181
0.0986911 0.608093 -0.0935909
0.0978704 0.610983 -0.0816407
0.0855794 0.610499 -0.0823678
0.0914125 0.615112 -0.0900706
0.0926416 0.61516 -0.0899979
0.0925595 0.615449 -0.0888028
0.0913304 0.615401 -0.0888755
0.091986 0.61528 -0.0894367
INDEX = 14
4 5 7
6 7 5
1 2 5
6 5 2
0 1 4
5 4 1
7 6 3
2 3 6
4 7 0
3 0 7
8 1 0
8 2 1
8 3 2
8 0 3
FACE-NORMAL = 14
0.0242273 -0.97132 0.236539
0.0242273 -0.97132 0.236539
-0.725218 -0.678953 0.114374
-0.725218 -0.678953 0.114374
-0.0332977 -0.475466 0.879104
-0.0332977 -0.475466 0.879104
0.0657121 -0.824092 -0.562631
0.0657122 -0.824092 -0.562632
0.757632 -0.620604 0.202098
0.757632 -0.620604 0.202098
0.0299635 0.521 -0.85303
0.688197 0.714581 -0.125532
-0.0642261 0.852654 0.518514
-0.72246 0.659073 -0.208985
BONE = 32
BONE_NAME = BoneWaist
PARENT_ID = 1
LOCALTM 
MAT 0.0204653 -0.844471 0.000545323 0.0
MAT 0.05626 0.000819191 -0.842843 0.0
MAT 0.842595 0.0204562 0.0562634 0.0
MAT 0.0 0.0 0.0 1.0
WORLDTM 
MAT 0.0298529 -1.19686 0.291463 0.0
MAT 0.082067 -0.288968 -1.19502 0.0
MAT 1.2291 0.0483643 0.0727125 0.0
MAT 0.091986 0.61528 -0.0894367 1.0
VERTEX = 9
0.0859103 0.590576 -0.0912587
0.0885699 0.579772 -0.0859651
0.0873888 0.584933 -0.0748384
0.0847291 0.595737 -0.0801321
0.0925623 0.589491 -0.0839087
0.0928283 0.588411 -0.0833793
0.0927102 0.588927 -0.0822667
0.0924442 0.590007 -0.082796
0.0926363 0.589209 -0.0830877
INDEX = 14
4 5 7
6 7 5
1 2 5
6 5 2
0 1 4
5 4 1
7 6 3
2 3 6
4 7 0
3 0 7
8 1 0
8 2 1
8 3 2
8 0 3
FACE-NORMAL = 14
-0.971711 -0.236088 0.00634825
-0.971711 -0.236088 0.00634825
-0.810476 0.493815 -0.31508
-0.810476 0.493815 -0.31508
-0.721292 0.153377 0.675436
-0.721292 0.153377 0.675435
-0.578789 -0.469246 -0.666942
-0.578789 -0.469246 -0.666942
-0.489605 -0.809684 0.323573
-0.489605 -0.809684 0.323573
0.754886 -0.129216 -0.643001
0.839728 -0.45308 0.299291
0.619321 0.463095 0.634023
0.534479 0.786958 -0.308269
BONE = 33
BONE_NAME = connectBone01
PARENT_ID = 32
LOCALTM 
MAT 0.207276 -0.0155087 -0.97816 0.0
MAT 0.195545 0.980353 0.0258933 0.0
MAT 0.95854 -0.196641 0.206236 0.0
MAT 0.0217831 0.0 0.0 1.0
WORLDTM 
MAT -1.19734 -0.290908 0.00782231 0.0
MAT 0.118118 -0.516079 -1.11267 0.0
MAT 0.265963 -1.08044 0.529366 0.0
MAT 0.0926363 0.589209 -0.0830877 1.0
VERTEX = 9
-0.027858 0.55868 -0.0951109
-0.0246492 0.551763 -0.0826758
-0.0378288 0.555124 -0.0774049
-0.0410376 0.562042 -0.08984
-0.0296623 0.563277 -0.0843878
-0.0293414 0.562586 -0.0831443
-0.0306594 0.562922 -0.0826172
-0.0309803 0.563614 -0.0838607
-0.0301609 0.5631 -0.0835025
INDEX = 14
4 5 7
6 7 5
1 2 5
6 5 2
0 1 4
5 4 1
7 6 3
2 3 6
4 7 0
3 0 7
8 1 0
8 2 1
8 3 2
8 0 3
FACE-NORMAL = 14
-0.367796 -0.849707 -0.377788
-0.367796 -0.849707 -0.377788
-0.409551 -0.215927 -0.886365
-0.409551 -0.215928 -0.886365
-0.917619 -0.397146 0.0158534
-0.917619 -0.397146 0.0158534
0.425534 -0.739703 -0.521307
0.425534 -0.739702 -0.521307
-0.0825343 -0.920921 0.380911
-0.0825342 -0.920921 0.380911
0.898951 0.437894 0.0116321
0.415619 0.265498 0.869926
-0.378809 0.763773 0.522641
0.104523 0.936169 -0.335653
BONE = 34
BONE_NAME = BoneLegR
PARENT_ID = 33
LOCALTM 
MAT 0.657731 0.783412 0.595899 0.0
MAT -0.977656 0.603048 0.28629 0.0
MAT -0.1141 -0.651184 0.982032 0.0
MAT 0.101838 -0.000374407 -0.00307542 1.0
WORLDTM 
MAT -0.536507 -1.23948 -0.551083 0.0
MAT 1.31796 -0.336132 -0.527086 0.0
MAT 0.320884 -0.691773 1.24351 0.0
MAT -0.0301609 0.5631 -0.0835025 1.0
VERTEX = 9
-0.118626 0.340881 -0.18318
-0.112449 0.345997 -0.170996
-0.125629 0.349358 -0.165725
-0.131806 0.344243 -0.177909
-0.121298 0.351316 -0.178348
-0.12068 0.351828 -0.177129
-0.121998 0.352164 -0.176602
-0.122616 0.351652 -0.177821
-0.121648 0.35174 -0.177475
INDEX = 14
4 5 7
6 7 5
1 2 5
6 5 2
0 1 4
5 4 1
7 6 3
2 3 6
4 7 0
3 0 7
8 1 0
8 2 1
8 3 2
8 0 3
FACE-NORMAL = 14
-0.0657674 -0.907711 0.41441
-0.0657674 -0.907711 0.41441
-0.358769 -0.86787 -0.343636
-0.358769 -0.86787 -0.343636
-0.715574 -0.435949 0.545804
-0.715574 -0.43595 0.545804
0.62758 -0.778504 0.00864696
