EXPORTER_V17
ANIMATION_EXPORT
BONEOBJECT_COUNT = 58
VERTEX = 9
0.00729355 0.00729355 -0.00729355
0.00729355 0.00729355 0.00729355
0.00729355 -0.00729355 0.00729355
0.00729355 -0.00729355 -0.00729355
0.0 0.000729355 -0.000729355
0.0 0.000729355 0.000729355
0.0 -0.000729355 0.000729355
0.0 -0.000729355 -0.000729355
0.0 0.0 0.0
INDEX = 14
4 5 7
6 7 5
1 2 5
6 5 2
0 1 4
5 4 1
7 6 3
2 3 6
4 7 0
3 0 7
8 1 0
8 2 1
8 3 2
8 0 3
FACE-NORMAL = 14
1.0 0.0 0.0
1.0 0.0 0.0
0.668965 0.0 -0.743294
0.668965 0.0 -0.743294
0.668965 -0.743294 0.0
0.668965 -0.743294 0.0
0.668965 0.743294 0.0
0.668965 0.743294 0.0
0.668965 0.0 0.743294
0.668965 0.0 0.743294
-0.707107 0.707107 0.0
-0.707107 0.0 0.707107
-0.707107 -0.707107 0.0
-0.707107 0.0 -0.707107
BONE = 0
BONE_NAME = Main
PARENT_ID = -1
LOCALTM 
MAT 1.45871 0.0 0.0 0.0
MAT 0.0 1.45871 0.0 0.0
MAT 0.0 0.0 1.45871 0.0
MAT 0.0 0.0 0.0 1.0
WORLDTM 
MAT 1.45871 0.0 0.0 0.0
MAT 0.0 1.45871 0.0 0.0
MAT 0.0 0.0 1.45871 0.0
MAT 0.0 0.0 0.0 1.0
VERTEX = 9
0.0340416 0.608615 -0.106291
0.0340416 0.60827 -0.0917083
0.0340416 0.593686 -0.0920537
0.0340416 0.594032 -0.106637
0.0267481 0.601897 -0.0998844
0.0267481 0.601863 -0.0984261
0.0267481 0.600404 -0.0984606
0.0267481 0.600439 -0.0999189
0.0267481 0.601151 -0.0991725
INDEX = 14
4 5 7
6 7 5
1 2 5
6 5 2
0 1 4
5 4 1
7 6 3
2 3 6
4 7 0
3 0 7
8 1 0
8 2 1
8 3 2
8 0 3
FACE-NORMAL = 14
1.0 0.0 0.0
1.0 0.0 0.0
0.668965 0.0176004 -0.743086
0.668965 0.0176004 -0.743086
0.668965 -0.743086 -0.0176004
0.668965 -0.743086 -0.0176004
0.668965 0.743086 0.0176004
0.668965 0.743086 0.0176004
0.668965 -0.0176004 0.743086
0.668965 -0.0176004 0.743086
-0.707107 0.706909 0.0167435
-0.707107 -0.0167435 0.706909
-0.707107 -0.706909 -0.0167435
-0.707107 0.0167435 -0.706909
BONE = 1
BONE_NAME = Root
PARENT_ID = 0
LOCALTM 
MAT 1.0 0.0 0.0 0.0
MAT 0.0 0.99972 0.023679 0.0
MAT 0.0 -0.023679 0.99972 0.0
MAT 0.0183368 0.412111 -0.0679865 1.0
WORLDTM 
MAT 1.45871 0.0 0.0 0.0
MAT 0.0 1.4583 0.0345407 0.0
MAT 0.0 -0.0345407 1.4583 0.0
MAT 0.0267481 0.601151 -0.0991725 1.0
VERTEX = 9
0.0329249 0.633395 -0.105267
0.0183706 0.633969 -0.104475
0.019081 0.632045 -0.0900325
0.0336353 0.631471 -0.090825
0.0263587 0.625563 -0.0993576
0.0249033 0.625621 -0.0992783
0.0249743 0.625428 -0.0978341
0.0264298 0.625371 -0.0979134
0.0256665 0.625496 -0.0985958
INDEX = 14
4 5 7
6 7 5
1 2 5
6 5 2
0 1 4
5 4 1
7 6 3
2 3 6
4 7 0
3 0 7
8 1 0
8 2 1
8 3 2
8 0 3
FACE-NORMAL = 14
0.0461254 0.990479 0.129705
0.0461254 0.990479 0.129705
0.772476 0.633347 0.0463897
0.772476 0.633347 0.0463897
0.0670563 0.564542 0.822676
0.0670563 0.564542 0.822676
-0.0053437 0.76065 -0.64914
-0.00534371 0.76065 -0.649141
-0.710764 0.691845 0.127146
-0.710764 0.691844 0.127146
-0.0670532 -0.607094 -0.791796
-0.73813 -0.67255 -0.0533027
0.00182199 -0.793655 0.608366
0.672899 -0.728199 -0.130127
BONE = 2
BONE_NAME = BoneBack01
PARENT_ID = 1
LOCALTM 
MAT 0.0461254 0.993273 0.106215 0.0
MAT -0.0487021 0.108438 -0.99291 0.0
MAT -0.997748 0.0406255 0.0533763 0.0
MAT -0.000741441 0.0166942 0.0 1.0
WORLDTM 
MAT 0.0672836 1.44482 0.189201 0.0
MAT -0.0710422 0.19243 -1.44422 0.0
MAT -1.45542 0.0574005 0.0792418 0.0
MAT 0.0256665 0.625496 -0.0985958 1.0
VERTEX = 9
0.0370938 0.705919 -0.0949317
0.0226987 0.705401 -0.0972325
0.0204149 0.70491 -0.0828337
0.03481 0.705429 -0.0805328
0.029883 0.69818 -0.0896891
0.0284435 0.698129 -0.0899192
0.0282151 0.698079 -0.0884793
0.0296546 0.698131 -0.0882492
0.029049 0.69813 -0.0890842
INDEX = 14
4 5 7
6 7 5
1 2 5
6 5 2
0 1 4
5 4 1
7 6 3
2 3 6
4 7 0
3 0 7
8 1 0
8 2 1
8 3 2
8 0 3
FACE-NORMAL = 14
-0.0404025 0.998801 0.0276302
-0.0404025 0.998801 0.0276302
0.706486 0.694591 0.135725
0.706486 0.694591 0.135725
-0.143399 0.643159 0.752186
-0.143399 0.643159 0.752186
0.089343 0.693167 -0.715218
0.089343 0.693167 -0.715218
-0.760541 0.641735 -0.0987577
-0.760541 0.641735 -0.0987577
0.139274 -0.682472 -0.717519
-0.669234 -0.731401 -0.131071
-0.0821364 -0.730046 0.678444
0.726371 -0.681118 0.0919959
BONE = 3
BONE_NAME = BoneBack02
PARENT_ID = 2
LOCALTM 
MAT 0.991012 0.106372 0.0811155 0.0
MAT -0.08749 0.9741 -0.208507 0.0
MAT -0.101194 0.199536 0.974651 0.0
MAT 0.0502721 0.0 0.0 1.0
WORLDTM 
MAT -0.0589355 1.45696 0.0403044 0.0
MAT 0.228377 0.0490707 -1.43989 0.0
MAT -1.43951 -0.0518648 -0.230085 0.0
MAT 0.029049 0.69813 -0.0890842 1.0
VERTEX = 9
-0.167644 0.791349 0.116847
-0.169552 0.790789 0.129007
-0.16776 0.778601 0.128727
-0.165852 0.779161 0.116566
-0.173716 0.78475 0.121208
-0.173907 0.784694 0.122424
-0.173728 0.783475 0.122396
-0.173537 0.783531 0.12118
-0.173722 0.784112 0.121802
INDEX = 14
4 5 7
6 7 5
1 2 5
6 5 2
0 1 4
5 4 1
7 6 3
2 3 6
4 7 0
3 0 7
8 1 0
8 2 1
8 3 2
8 0 3
FACE-NORMAL = 14
0.977175 0.140019 0.159759
0.977175 0.140019 0.159759
0.76878 0.127478 -0.626679
0.76878 0.127478 -0.626679
0.761809 -0.641527 0.0899495
0.761809 -0.641527 0.0899495
0.545583 0.828863 0.123797
0.545583 0.828863 0.123797
0.538612 0.0598577 0.840425
0.538611 0.0598577 0.840425
-0.793817 0.600393 -0.096867
-0.800449 -0.131173 0.584872
-0.588118 -0.79841 -0.129067
-0.581486 -0.0668444 -0.810806
BONE = 4
BONE_NAME = BoneBackPack02
PARENT_ID = 3
LOCALTM 
MAT 0.0885143 -2.45403e-007 -0.840069 0.0
MAT 0.840011 -0.0101145 0.0885077 0.0
MAT -0.0100595 -0.844658 -0.00106017 0.0
MAT 0.0684844 -0.162485 0.112279 1.0
WORLDTM 
MAT 1.20407 0.172532 0.196855 0.0
MAT -0.179225 1.21877 0.0280555 0.0
MAT -0.190782 -0.0560492 1.21605 0.0
MAT -0.173722 0.784112 0.121802 1.0
VERTEX = 9
0.169738 0.824232 0.171403
0.167809 0.823817 0.183566
0.168418 0.811515 0.183244
0.170347 0.811929 0.171081
0.163067 0.818234 0.175758
0.162874 0.818192 0.176974
0.162935 0.816962 0.176942
0.163128 0.817003 0.175726
0.163001 0.817598 0.17635
INDEX = 14
4 5 7
6 7 5
1 2 5
6 5 2
0 1 4
5 4 1
7 6 3
2 3 6
4 7 0
3 0 7
8 1 0
8 2 1
8 3 2
8 0 3
FACE-NORMAL = 14
0.986429 0.0447157 0.157979
0.986429 0.0447157 0.157979
0.776257 0.0549183 -0.62802
0.776257 0.0549183 -0.62802
0.696644 -0.712217 0.0862212
0.696645 -0.712216 0.0862212
0.623129 0.772043 0.125144
0.623129 0.772043 0.125144
0.543516 0.00490817 0.839384
0.543516 0.00490816 0.839385
-0.732479 0.67438 -0.0931943
-0.808216 -0.0554064 0.586274
-0.662543 -0.737617 -0.130222
-0.586806 -0.00783108 -0.80969
BONE = 5
BONE_NAME = BoneBackPack01
PARENT_ID = 3
LOCALTM 
MAT 0.0077485 -2.27126e-007 -0.844684 0.0
MAT 0.844686 -1.67638e-007 0.00774812 0.0
MAT -9.22009e-007 -0.844718 -2.18861e-007 0.0
MAT 0.0831193 -0.162485 -0.122234 1.0
WORLDTM 
MAT 1.21548 0.0550986 0.194662 0.0
MAT -0.0609355 1.23027 0.0322621 0.0
MAT -0.192914 -0.0414522 1.2163 0.0
MAT 0.163001 0.817598 0.17635 1.0
VERTEX = 9
0.0329517 0.83473 -0.166378
0.0318666 0.83772 -0.154474
0.0441388 0.837769 -0.153367
0.0452238 0.834779 -0.165272
0.0378754 0.830121 -0.159032
0.0377669 0.83042 -0.157842
0.0389941 0.830425 -0.157731
0.0391026 0.830126 -0.158921
0.0384347 0.830273 -0.158381
INDEX = 14
4 5 7
6 7 5
1 2 5
6 5 2
0 1 4
5 4 1
7 6 3
2 3 6
4 7 0
3 0 7
8 1 0
8 2 1
8 3 2
8 0 3
FACE-NORMAL = 14
0.0179356 0.970102 -0.242033
0.0179356 0.970102 -0.242033
0.0774528 0.468594 -0.880012
0.0774528 0.468594 -0.880012
0.752285 0.651927 -0.0951783
0.752285 0.651927 -0.0951783
-0.728288 0.646002 -0.228644
-0.728288 0.646002 -0.228644
-0.0534563 0.829334 0.556189
-0.0534563 0.829334 0.55619
-0.716928 -0.688784 0.107659
-0.0749503 -0.514377 0.854282
0.691563 -0.683148 0.234627
0.0495855 -0.857555 -0.511997
BONE = 6
BONE_NAME = BoneHead
PARENT_ID = 3
LOCALTM 
MAT 0.812221 0.231749 -0.0118392 0.0
MAT 0.0285327 -0.0569676 0.842315 0.0
MAT 0.230291 -0.810306 -0.0626045 0.0
MAT 0.088908 0.0509475 -0.00207727 1.0
WORLDTM 
MAT 0.0221002 1.19536 -0.298232 0.0
MAT -1.22722 -0.00491096 -0.110627 0.0
MAT -0.108508 0.299009 1.19043 0.0
MAT 0.0384347 0.830273 -0.158381 1.0
VERTEX = 9
0.0353446 0.964162 -0.19867
0.0342596 0.967152 -0.186766
0.0465317 0.967201 -0.185659
0.0476168 0.964211 -0.197564
0.0402683 0.959553 -0.191324
0.0401598 0.959852 -0.190134
0.041387 0.959856 -0.190023
0.0414955 0.959557 -0.191213
0.0408277 0.959704 -0.190674
INDEX = 14
4 5 7
6 7 5
1 2 5
6 5 2
0 1 4
5 4 1
7 6 3
2 3 6
4 7 0
3 0 7
8 1 0
8 2 1
8 3 2
8 0 3
FACE-NORMAL = 14
0.0179352 0.970102 -0.242033
0.0179352 0.970102 -0.242033
0.0774525 0.468594 -0.880012
0.0774525 0.468594 -0.880012
0.752285 0.651927 -0.0951785
0.752285 0.651927 -0.0951785
-0.728288 0.646002 -0.228645
-0.728288 0.646002 -0.228645
-0.0534566 0.829334 0.556189
-0.0534566 0.829334 0.55619
-0.716928 -0.688784 0.107659
-0.0749499 -0.514377 0.854282
0.691563 -0.683148 0.234627
0.0495858 -0.857555 -0.511997
BONE = 7
BONE_NAME = Bone06
PARENT_ID = 6
LOCALTM 
MAT 0.999997 4.69619e-007 -4.61936e-007 0.0
MAT 5.02449e-007 1.0 0.0 0.0
MAT -4.02331e-007 0.0 1.0 0.0
MAT 0.108278 0.0 0.0 1.0
WORLDTM 
MAT 0.0220997 1.19536 -0.298232 0.0
MAT -1.22722 -0.00491039 -0.110628 0.0
MAT -0.108508 0.299009 1.19043 0.0
MAT 0.0408277 0.959704 -0.190674 1.0
VERTEX = 9
0.0443817 0.930249 -0.180209
0.0441433 0.930444 -0.170214
0.0440406 0.920446 -0.170022
0.044279 0.920252 -0.180017
0.0392299 0.925887 -0.175745
0.0392061 0.925906 -0.174745
0.0391958 0.924907 -0.174726
0.0392196 0.924887 -0.175726
0.0392128 0.925397 -0.175236
INDEX = 14
4 5 7
6 7 5
1 2 5
6 5 2
0 1 4
5 4 1
7 6 3
2 3 6
4 7 0
3 0 7
8 1 0
8 2 1
8 3 2
8 0 3
FACE-NORMAL = 14
0.999663 -0.00981151 0.0240373
0.999663 -0.00981151 0.0240373
0.686462 -0.0210245 -0.726862
0.686462 -0.0210245 -0.726862
0.661102 -0.749681 0.0303629
0.661102 -0.749681 0.0303629
0.676377 0.736554 0.00179738
0.676377 0.736554 0.00179738
0.651017 0.00789742 0.759022
0.651017 0.00789742 0.759022
-0.699603 0.713877 -0.0305843
-0.723728 0.0206947 0.689775
-0.714134 -0.700001 -0.00340956
-0.690009 -0.00681915 -0.723769
BONE = 8
BONE_NAME = Ref_Head
PARENT_ID = 6
LOCALTM 
MAT 0.00210506 -0.809718 -0.0545278 0.0
MAT 0.791033 -0.0101391 0.181089 0.0
MAT -0.18136 -0.0536177 0.789213 0.0
MAT 0.0782123 0.000291383 0.00546315 1.0
WORLDTM 
MAT 0.999663 -0.00981151 0.0240373 0.0
MAT 0.0102754 0.999765 -0.0192155 0.0
MAT -0.0238432 0.0194552 0.999526 0.0
MAT 0.0392128 0.925397 -0.175236 1.0
VERTEX = 9
0.0281257 0.854882 -0.088954
0.0265601 0.854545 -0.0790831
0.0268319 0.844553 -0.0793805
0.0283975 0.84489 -0.0892514
0.022607 0.850123 -0.0854327
0.0224504 0.850089 -0.0844456
0.0224776 0.84909 -0.0844753
0.0226342 0.849124 -0.0854624
0.0225423 0.849607 -0.084954
INDEX = 14
4 5 7
6 7 5
1 2 5
6 5 2
0 1 4
5 4 1
7 6 3
2 3 6
4 7 0
3 0 7
8 1 0
8 2 1
8 3 2
8 0 3
FACE-NORMAL = 14
0.987294 0.0221757 0.157348
0.987294 0.0221757 0.157348
0.776836 0.0398402 -0.628442
0.776836 0.0398402 -0.628442
0.68067 -0.727856 0.0831541
0.68067 -0.727856 0.0831542
0.640261 0.757525 0.127367
0.64026 0.757525 0.127367
0.544095 -0.0101706 0.838962
0.544094 -0.0101706 0.838962
-0.717343 0.690852 -0.090232
-0.808828 -0.0394686 0.58672
-0.678901 -0.722213 -0.132292
-0.587417 0.0081074 -0.809244
BONE = 9
BONE_NAME = Box_RtShoulder
PARENT_ID = 3
LOCALTM 
MAT -0.00918101 -1.98081e-007 -0.685476 0.0
MAT 0.685478 -4.69387e-007 -0.0091814 0.0
MAT -1.07475e-006 -0.685537 -1.76602e-007 0.0
MAT 0.103977 0.0 0.000263147 1.0
WORLDTM 
MAT 0.987294 0.0221757 0.157348 0.0
MAT -0.0271823 0.999189 0.029741 0.0
MAT -0.156561 -0.0336413 0.987095 0.0
MAT 0.0225423 0.849607 -0.084954 1.0
VERTEX = 9
0.0159479 0.856723 -0.101166
0.017235 0.842198 -0.101563
0.0175472 0.841827 -0.0869837
0.0162601 0.856352 -0.0865866
0.023931 0.850667 -0.0949228
0.0240597 0.849214 -0.0949625
0.0240909 0.849177 -0.0935046
0.0239622 0.85063 -0.0934649
0.024011 0.849922 -0.0942137
INDEX = 14
4 5 7
6 7 5
1 2 5
6 5 2
0 1 4
5 4 1
7 6 3
2 3 6
4 7 0
3 0 7
8 1 0
8 2 1
8 3 2
8 0 3
FACE-NORMAL = 14
-0.99587 -0.0887671 0.0190666
-0.99587 -0.0887671 0.0190666
-0.731785 0.680737 0.0329906
-0.731785 0.680737 0.0329906
-0.650294 -0.0782842 0.755638
-0.650294 -0.0782842 0.755638
-0.68211 -0.0404799 -0.730129
-0.68211 -0.0404799 -0.730129
-0.600619 -0.7995 -0.00748085
-0.600619 -0.7995 -0.00748086
0.689053 0.0807497 -0.720198
0.766576 -0.641318 -0.0327327
0.71932 0.0447859 0.693234
0.641796 0.766853 0.00576844
BONE = 10
BONE_NAME = BoneShoulderR
PARENT_ID = 9
LOCALTM 
MAT -1.43272 -0.0890646 0.259243 0.0
MAT -0.259398 -0.00544721 -1.43545 0.0
MAT 0.0886123 -1.45598 -0.0104887 0.0
MAT 0.0 0.0 -0.00938077 1.0
WORLDTM 
MAT -1.45268 -0.129485 0.0278126 0.0
MAT -0.0312187 0.0370953 -1.4579 0.0
MAT 0.128705 -1.45248 -0.0397125 0.0
MAT 0.024011 0.849922 -0.0942137 1.0
VERTEX = 9
-0.328274 0.815951 -0.0957391
-0.31552 0.809076 -0.0940455
-0.317016 0.809871 -0.0795571
-0.32977 0.816745 -0.0812507
-0.319748 0.819635 -0.0884522
-0.318472 0.818948 -0.0882828
-0.318622 0.819027 -0.086834
-0.319897 0.819715 -0.0870033
-0.319185 0.819331 -0.0876431
INDEX = 14
4 5 7
6 7 5
1 2 5
6 5 2
0 1 4
5 4 1
7 6 3
2 3 6
4 7 0
3 0 7
8 1 0
8 2 1
8 3 2
8 0 3
FACE-NORMAL = 14
-0.474421 -0.880298 -0.000685691
-0.474421 -0.880298 -0.000685691
-0.967239 -0.238585 -0.0867564
-0.967239 -0.238585 -0.0867564
-0.393579 -0.548393 0.737808
-0.393579 -0.548393 0.737808
-0.241163 -0.629383 -0.738727
-0.241163 -0.629383 -0.738727
0.332495 -0.939191 0.0858388
0.332495 -0.939191 0.0858388
0.407964 0.583941 -0.701839
0.953695 0.289216 0.0825812
0.262968 0.660988 0.70281
-0.282761 0.955712 -0.0816112
BONE = 11
BONE_NAME = BoneArmR
PARENT_ID = 10
LOCALTM 
MAT 0.55059 -0.0115469 0.834696 0.0
MAT -0.116206 0.989108 0.0903339 0.0
MAT -0.826647 -0.146734 0.543253 0.0
MAT 0.23625 0.0 0.0 1.0
WORLDTM 
MAT -0.692043 -1.2841 -0.00100023 0.0
MAT 0.149559 -0.0794698 -1.44884 0.0
MAT 1.27536 -0.687468 0.169358 0.0
MAT -0.319185 0.819331 -0.0876431 1.0
VERTEX = 9
-0.417688 0.649379 -0.0988293
-0.403486 0.647118 -0.0963864
-0.406682 0.634855 -0.0891619
-0.420884 0.637116 -0.0916049
-0.413202 0.646628 -0.0882616
-0.411782 0.646402 -0.0880173
-0.412102 0.645175 -0.0872949
-0.413522 0.645401 -0.0875392
-0.412652 0.645901 -0.0877783
INDEX = 14
4 5 7
6 7 5
1 2 5
6 5 2
0 1 4
5 4 1
7 6 3
2 3 6
4 7 0
3 0 7
8 1 0
8 2 1
8 3 2
8 0 3
FACE-NORMAL = 14
0.0640118 -0.518883 -0.852445
0.0640118 -0.518883 -0.852445
-0.680859 -0.231882 -0.694739
-0.680858 -0.231882 -0.694739
-0.12 -0.971979 -0.202129
-0.12 -0.971979 -0.202129
0.205644 0.277752 -0.938384
0.205644 0.277752 -0.938384
0.7665 -0.462346 -0.445773
0.7665 -0.462346 -0.445773
0.109631 0.961349 0.252565
0.643185 0.257283 0.721193
-0.200158 -0.227539 0.952976
-0.733709 0.476527 0.484348
BONE = 12
BONE_NAME = BoneForeArmR
PARENT_ID = 11
LOCALTM 
MAT 0.426989 0.881515 0.201536 0.0
MAT -0.843624 0.468574 -0.262175 0.0
MAT -0.325546 -0.0580731 0.94374 0.0
MAT 0.135059 0.0 0.0 1.0
WORLDTM 
MAT 0.0933746 -0.7569 -1.24347 0.0
MAT 0.319537 1.2263 -0.722447 0.0
MAT 1.42021 -0.226143 0.244295 0.0
MAT -0.412652 0.645901 -0.0877783 1.0
VERTEX = 9
-0.416186 0.422858 -0.338649
-0.415209 0.414332 -0.333516
-0.416702 0.409107 -0.341911
-0.41768 0.417633 -0.347044
-0.421338 0.416643 -0.339225
-0.42124 0.41579 -0.338711
-0.42139 0.415268 -0.339551
-0.421488 0.416121 -0.340064
-0.421364 0.415955 -0.339388
INDEX = 14
4 5 7
6 7 5
1 2 5
6 5 2
0 1 4
5 4 1
7 6 3
2 3 6
4 7 0
3 0 7
8 1 0
8 2 1
8 3 2
8 0 3
FACE-NORMAL = 14
0.983932 0.00541699 -0.178462
0.983932 0.00541699 -0.178462
0.585525 0.637367 -0.500923
0.585526 0.637367 -0.500922
0.547187 -0.384754 -0.743338
0.547187 -0.384754 -0.743337
0.769245 0.392005 0.504573
0.769245 0.392005 0.504573
0.730906 -0.63012 0.262154
0.730906 -0.63012 0.262154
-0.590121 0.365639 0.719767
-0.626594 -0.60672 0.489154
-0.801369 -0.373303 -0.467389
-0.764896 0.59906 -0.236772
BONE = 13
BONE_NAME = Object02
PARENT_ID = 12
LOCALTM 
MAT 0.14554 0.211471 0.635663 0.0
MAT -0.669867 0.0385477 0.140544 0.0
MAT 0.00760773 -0.650961 0.21482 0.0
MAT 0.228449 -0.0484013 -0.0102643 1.0
WORLDTM 
MAT 0.983938 0.00541702 -0.178463 0.0
MAT 0.149371 0.52251 0.839445 0.0
MAT 0.0977936 -0.85261 0.513304 0.0
MAT -0.421364 0.415955 -0.339388 1.0
VERTEX = 9
-0.39542 0.551192 -0.261863
-0.396424 0.542826 -0.256479
-0.3961 0.537389 -0.264865
-0.395095 0.545755 -0.27025
-0.400698 0.545315 -0.263623
-0.400798 0.544478 -0.263085
-0.400766 0.543934 -0.263923
-0.400665 0.544771 -0.264462
-0.400732 0.544624 -0.263773
INDEX = 14
4 5 7
6 7 5
1 2 5
6 5 2
0 1 4
5 4 1
7 6 3
2 3 6
4 7 0
3 0 7
8 1 0
8 2 1
8 3 2
8 0 3
FACE-NORMAL = 14
0.994411 -0.0668063 0.0817568
0.994411 -0.0668063 0.0817568
0.73991 0.577177 -0.345543
0.73991 0.577177 -0.345543
0.689332 -0.448794 -0.568687
0.689332 -0.448794 -0.568687
0.641119 0.359415 0.678076
0.641119 0.359415 0.678076
0.590541 -0.666559 0.454928
0.590541 -0.66656 0.454928
-0.726087 0.431669 0.535219
-0.774203 -0.544353 0.322939
-0.680222 -0.337193 -0.650845
-0.632106 0.638832 -0.438561
BONE = 14
BONE_NAME = Mesh01
PARENT_ID = 12
LOCALTM 
MAT 0.0196222 0.0830706 0.680207 0.0
MAT -0.684918 0.0237012 0.0168607 0.0
MAT -0.0214756 -0.680071 0.0836741 0.0
MAT 0.139397 0.00317734 -0.00148672 1.0
WORLDTM 
MAT 0.994414 -0.0668065 0.0817571 0.0
MAT -0.0324349 0.543666 0.838673 0.0
MAT -0.100478 -0.836636 0.53846 0.0
MAT -0.400732 0.544624 -0.263773 1.0
VERTEX = 9
-0.465237 0.382322 -0.191341
-0.469791 0.373425 -0.191653
-0.460937 0.368862 -0.190767
-0.456383 0.377759 -0.190454
-0.462836 0.376201 -0.19606
-0.463291 0.375312 -0.196092
-0.462406 0.374855 -0.196003
-0.461951 0.375745 -0.195972
-0.462621 0.375528 -0.196032
INDEX = 14
4 5 7
6 7 5
1 2 5
6 5 2
0 1 4
5 4 1
7 6 3
2 3 6
4 7 0
3 0 7
8 1 0
8 2 1
8 3 2
8 0 3
FACE-NORMAL = 14
-0.0931242 0.0126732 0.995574
-0.0931242 0.0126732 0.995574
0.276187 0.669821 0.689246
0.276187 0.669821 0.689246
0.595824 -0.330672 0.731881
0.595824 -0.330672 0.731881
-0.720419 0.347629 0.600126
-0.720419 0.347629 0.600126
-0.400781 -0.652865 0.642762
-0.400781 -0.652865 0.642761
-0.560231 0.313677 -0.766647
-0.256156 -0.638107 -0.726088
0.69193 -0.331601 -0.641307
0.387854 0.620184 -0.681866
BONE = 15
BONE_NAME = Star2Part10shell
PARENT_ID = 12
LOCALTM 
MAT -0.590396 -0.344704 0.0508013 0.0
MAT -0.149362 0.160089 -0.649632 0.0
MAT 0.314783 -0.570537 -0.212974 0.0
MAT 0.157244 -0.126568 -0.0170458 1.0
WORLDTM 
MAT -0.0931249 0.0126733 0.995582 0.0
MAT -0.885408 0.456278 -0.0886298 0.0
MAT -0.455383 -0.889744 -0.0312689 0.0
MAT -0.462621 0.375528 -0.196032 1.0
VERTEX = 9
-0.409282 0.360322 -0.506721
-0.41057 0.35108 -0.503126
-0.411701 0.347615 -0.512438
-0.410412 0.356857 -0.516033
-0.415296 0.355407 -0.508994
-0.415425 0.354483 -0.508635
-0.415538 0.354136 -0.509566
-0.415409 0.35506 -0.509926
-0.415417 0.354771 -0.50928
INDEX = 14
4 5 7
6 7 5
1 2 5
6 5 2
0 1 4
5 4 1
7 6 3
2 3 6
4 7 0
3 0 7
8 1 0
8 2 1
8 3 2
8 0 3
FACE-NORMAL = 14
0.985201 -0.160608 -0.0598614
0.985201 -0.160608 -0.0598614
0.754819 0.579523 -0.307249
0.754819 0.579523 -0.307249
0.575031 -0.364956 -0.73222
0.575031 -0.364956 -0.73222
0.743099 0.150077 0.652135
0.743099 0.150077 0.652135
0.563311 -0.794405 0.227158
0.563311 -0.794405 0.227158
-0.6167 0.358545 0.700804
-0.787734 -0.539952 0.296523
-0.776586 -0.131413 -0.616153
-0.605551 0.767086 -0.211866
BONE = 16
BONE_NAME = HitTestFuzzy01
PARENT_ID = 12
LOCALTM 
MAT 0.135344 0.0757117 0.667771 0.0
MAT -0.662471 -0.099532 0.145552 0.0
MAT 0.113024 -0.674032 0.0535143 0.0
MAT 0.349756 -0.0250868 -0.0192983 1.0
WORLDTM 
MAT 0.985207 -0.160609 -0.0598618 0.0
MAT 0.113052 0.346453 0.931228 0.0
MAT -0.128823 -0.924213 0.359484 0.0
MAT -0.415417 0.354771 -0.50928 1.0
VERTEX = 9
-0.350809 0.509104 -0.0596327
-0.348499 0.518622 -0.0576185
-0.349145 0.516707 -0.0478249
-0.351455 0.507188 -0.0498392
-0.354914 0.513721 -0.0544055
-0.354683 0.514673 -0.054204
-0.354748 0.514482 -0.0532247
-0.354979 0.51353 -0.0534261
-0.354831 0.514102 -0.0538151
INDEX = 14
4 5 7
6 7 5
1 2 5
6 5 2
0 1 4
5 4 1
7 6 3
2 3 6
4 7 0
3 0 7
8 1 0
8 2 1
8 3 2
8 0 3
FACE-NORMAL = 14
0.970797 -0.239283 0.0172481
0.970797 -0.239283 0.0172481
0.477699 -0.867589 -0.138179
0.477699 -0.867589 -0.138179
0.601401 -0.302456 0.739484
0.601401 -0.302456 0.739484
0.697456 -0.0176873 -0.716409
0.697456 -0.0176873 -0.716409
0.821159 0.547444 0.161256
0.821158 0.547445 0.161256
-0.640768 0.304651 -0.704702
-0.523088 0.84227 0.130232
-0.732146 0.033746 0.680311
-0.849826 -0.503872 -0.154624
BONE = 17
BONE_NAME = Bone_HoseRt
PARENT_ID = 10
LOCALTM 
MAT -0.647983 -0.0302323 0.221735 0.0
MAT -0.0685698 0.673403 -0.108573 0.0
MAT -0.213023 -0.124804 -0.639537 0.0
MAT 0.279602 -0.0279756 0.205565 1.0
WORLDTM 
MAT 0.970796 -0.239283 0.0172481 0.0
MAT 0.0646135 0.191558 -0.979351 0.0
MAT 0.23104 0.951868 0.201424 0.0
MAT -0.354831 0.514102 -0.0538151 1.0
VERTEX = 9
0.0294166 0.852382 -0.0888344
0.027851 0.852046 -0.0789634
0.0281228 0.842054 -0.0792608
0.0296884 0.84239 -0.0891318
0.0238979 0.847624 -0.085313
0.0237413 0.84759 -0.0843259
0.0237685 0.846591 -0.0843557
0.0239251 0.846624 -0.0853428
0.0238332 0.847107 -0.0848343
INDEX = 14
4 5 7
6 7 5
1 2 5
6 5 2
0 1 4
5 4 1
7 6 3
2 3 6
4 7 0
3 0 7
8 1 0
8 2 1
8 3 2
8 0 3
FACE-NORMAL = 14
0.987294 0.0221757 0.157348
0.987294 0.0221757 0.157348
0.776836 0.0398402 -0.628442
0.776836 0.0398402 -0.628442
0.68067 -0.727856 0.0831541
0.68067 -0.727856 0.0831542
0.640261 0.757525 0.127367
0.64026 0.757525 0.127367
0.544095 -0.0101706 0.838962
0.544094 -0.0101706 0.838962
-0.717343 0.690852 -0.090232
-0.808828 -0.0394686 0.58672
-0.678901 -0.722213 -0.132292
-0.587417 0.0081074 -0.809244
BONE = 18
BONE_NAME = Box_LftShoulder
PARENT_ID = 3
LOCALTM 
MAT -0.00918101 -1.98081e-007 -0.685476 0.0
MAT 0.685478 -4.69387e-007 -0.0091814 0.0
MAT -1.07475e-006 -0.685537 -1.76602e-007 0.0
MAT 0.102232 0.0 -0.000562193 1.0
WORLDTM 
MAT 0.987294 0.0221757 0.157348 0.0
MAT -0.0271823 0.999189 0.029741 0.0
MAT -0.156561 -0.0336413 0.987095 0.0
MAT 0.0238332 0.847107 -0.0848343 1.0
VERTEX = 9
0.0338677 0.845519 -0.103182
0.0334587 0.857067 -0.0942794
0.0311303 0.848224 -0.0829148
0.0315392 0.836676 -0.0918174
0.0254387 0.847288 -0.0951074
0.0253978 0.848442 -0.0942172
0.025165 0.847558 -0.0930807
0.0252059 0.846403 -0.093971
0.0253019 0.847423 -0.0940941
INDEX = 14
4 5 7
6 7 5
1 2 5
6 5 2
0 1 4
5 4 1
7 6 3
2 3 6
4 7 0
3 0 7
8 1 0
8 2 1
8 3 2
8 0 3
FACE-NORMAL = 14
0.986779 -0.0755783 0.143368
0.986779 -0.0755783 0.143368
0.68096 -0.639002 -0.357731
0.68096 -0.639001 -0.35773
0.541472 -0.501189 0.674994
0.541472 -0.501189 0.674994
0.778769 0.400071 -0.483179
0.778769 0.400071 -0.483179
0.639282 0.537883 0.549546
0.639282 0.537883 0.549546
-0.584886 0.482133 -0.65227
-0.717583 0.613236 0.330177
-0.810631 -0.375249 0.449518
-0.677934 -0.506352 -0.532929
BONE = 19
BONE_NAME = BoneShoulderL
PARENT_ID = 18
LOCALTM 
MAT 1.4516 -0.143065 -0.0152159 0.0
MAT 0.0706808 0.84351 -1.18799 0.0
MAT 0.125313 1.18146 0.846328 0.0
MAT 0.0 0.0 -0.00938079 1.0
WORLDTM 
MAT 1.43942 -0.110247 0.209132 0.0
MAT 0.232847 0.884359 -1.13645 0.0
MAT -0.040896 1.15481 0.890262 0.0
MAT 0.0253019 0.847423 -0.0940941 1.0
VERTEX = 9
0.361013 0.818369 -0.0570238
0.374208 0.820322 -0.0511199
0.370149 0.812535 -0.0394725
0.356954 0.810581 -0.0453764
0.362769 0.821833 -0.0458752
0.364088 0.822028 -0.0452848
0.363682 0.821249 -0.0441201
0.362363 0.821054 -0.0447105
0.363226 0.821541 -0.0449976
INDEX = 14
4 5 7
6 7 5
1 2 5
6 5 2
0 1 4
5 4 1
7 6 3
2 3 6
4 7 0
3 0 7
8 1 0
8 2 1
8 3 2
8 0 3
FACE-NORMAL = 14
0.322985 -0.834901 -0.445669
0.322985 -0.834901 -0.445669
-0.456303 -0.658042 -0.598973
-0.456303 -0.658042 -0.598973
0.00924991 -0.95534 0.295366
0.00924998 -0.95534 0.295365
0.422881 -0.161698 -0.891642
0.422881 -0.161698 -0.891642
0.888434 -0.458997 0.00269902
0.888434 -0.458997 0.00269914
-0.031638 0.967865 -0.249472
0.411249 0.685041 0.601326
-0.425132 0.212862 0.879746
-0.868019 0.495687 0.0289459
BONE = 20
BONE_NAME = BoneArmL
PARENT_ID = 19
LOCALTM 
MAT 0.317921 -0.107396 -0.942015 0.0
MAT 0.119739 0.990156 -0.0724726 0.0
MAT 0.940526 -0.089753 0.32765 0.0
MAT 0.234763 0.0 1.49012e-007 1.0
WORLDTM 
MAT 0.471141 -1.21788 -0.650102 0.0
MAT 0.405874 0.77876 -1.16475 0.0
MAT 1.31952 0.195311 0.590388 0.0
MAT 0.363226 0.821541 -0.0449976 1.0
VERTEX = 9
0.414056 0.666793 -0.133663
0.427185 0.672626 -0.136188
0.43208 0.659651 -0.140711
0.418951 0.653817 -0.138186
0.424194 0.661967 -0.130016
0.425507 0.662551 -0.130269
0.425997 0.661253 -0.130721
0.424684 0.66067 -0.130469
0.425095 0.66161 -0.130369
INDEX = 14
4 5 7
6 7 5
1 2 5
6 5 2
0 1 4
5 4 1
7 6 3
2 3 6
4 7 0
3 0 7
8 1 0
8 2 1
8 3 2
8 0 3
FACE-NORMAL = 14
-0.277994 0.22098 -0.934819
-0.277994 0.22098 -0.934819
-0.854978 -0.149415 -0.496677
-0.854978 -0.149415 -0.496677
0.0634586 -0.513351 -0.855829
0.0634585 -0.513351 -0.855829
-0.435394 0.809006 -0.394893
-0.435394 0.809006 -0.394893
0.483041 0.44507 -0.754045
0.483041 0.44507 -0.754045
-0.040712 0.472733 0.880265
0.83301 0.126515 0.538598
0.433854 -0.785245 0.44177
-0.439867 -0.439027 0.783436
BONE = 21
BONE_NAME = BoneForeArmL
PARENT_ID = 20
LOCALTM 
MAT 0.142339 0.787058 -0.600234 0.0
MAT -0.989233 0.133939 -0.0589549 0.0
MAT 0.0339892 0.602164 0.797648 0.0
MAT 0.131319 0.0 0.0 1.0
WORLDTM 
MAT -0.405512 0.322346 -1.36363 0.0
MAT -0.489497 1.29756 0.452291 0.0
MAT 1.31293 0.583337 -0.252543 0.0
MAT 0.425095 0.66161 -0.130369 1.0
VERTEX = 9
0.387955 0.725478 -0.32813
0.389312 0.715832 -0.330394
0.386429 0.717634 -0.339799
0.385072 0.72728 -0.337535
0.382529 0.720984 -0.332113
0.382665 0.720019 -0.332339
0.382377 0.720199 -0.33328
0.382241 0.721164 -0.333053
0.382453 0.720592 -0.332696
INDEX = 14
4 5 7
6 7 5
1 2 5
6 5 2
0 1 4
5 4 1
7 6 3
2 3 6
4 7 0
3 0 7
8 1 0
8 2 1
8 3 2
8 0 3
FACE-NORMAL = 14
0.947883 0.19288 -0.253606
0.947883 0.19288 -0.253606
0.533237 0.845965 -0.00137691
0.533237 0.845965 -0.00137697
0.419825 0.262964 -0.868675
0.419825 0.262964 -0.868675
0.848376 -0.00490495 0.529372
0.848376 -0.00490498 0.529372
0.734963 -0.587905 -0.33793
0.734963 -0.587905 -0.33793
-0.466411 -0.2638 0.844316
-0.574302 -0.818417 0.0192425
-0.874098 -0.00897252 -0.485667
-0.766207 0.545645 0.339411
BONE = 22
BONE_NAME = Object03
PARENT_ID = 21
LOCALTM 
MAT 0.0110999 -0.154348 0.667843 0.0
MAT -0.684921 0.0237028 0.0168594 0.0
MAT -0.0268928 -0.667515 -0.153821 0.0
MAT 0.146724 0.00276986 0.0138711 1.0
WORLDTM 
MAT 0.947881 0.19288 -0.253605 0.0
MAT 0.288276 -0.180191 0.94044 0.0
MAT 0.135697 -0.964537 -0.226393 0.0
MAT 0.382453 0.720592 -0.332696 1.0
VERTEX = 9
0.383249 0.522061 -0.418941
0.382842 0.529171 -0.425962
0.3731 0.527327 -0.427264
0.373507 0.520217 -0.420243
0.379792 0.521037 -0.426187
0.379751 0.521748 -0.426889
0.378777 0.521564 -0.427019
0.378818 0.520853 -0.426317
0.379285 0.521301 -0.426603
INDEX = 14
4 5 7
6 7 5
1 2 5
6 5 2
0 1 4
5 4 1
7 6 3
2 3 6
4 7 0
3 0 7
8 1 0
8 2 1
8 3 2
8 0 3
FACE-NORMAL = 14
-0.222008 0.678657 0.700098
-0.222008 0.678657 0.700098
-0.118242 -0.0744411 0.990191
-0.118242 -0.0744408 0.990191
-0.872628 0.316942 0.371575
-0.872628 0.316942 0.371575
0.575596 0.591053 0.565106
0.575596 0.591053 0.565106
-0.178789 0.982432 -0.0535042
-0.178789 0.982432 -0.0535044
0.845843 -0.3495 -0.402989
0.128184 0.0228283 -0.991488
-0.531875 -0.610266 -0.587098
0.185783 -0.98259 0.0013954
BONE = 23
BONE_NAME = Star2Part05
PARENT_ID = 21
LOCALTM 
MAT -0.303542 0.613732 -0.0340288 0.0
MAT -0.241155 -0.0839993 0.6362 0.0
MAT 0.565388 0.29367 0.253093 0.0
MAT 0.177318 -0.13799 -0.0315723 1.0
WORLDTM 
MAT -0.222008 0.678657 0.700097 0.0
MAT 0.974192 0.18439 0.130186 0.0
MAT -0.0407295 0.710942 -0.702072 0.0
MAT 0.379285 0.521301 -0.426603 1.0
VERTEX = 9
0.343469 0.75346 -0.636386
0.344731 0.744469 -0.640577
0.344089 0.748612 -0.649656
0.342826 0.757603 -0.645464
0.338798 0.75057 -0.64233
0.338925 0.749671 -0.642749
0.33886 0.750086 -0.643657
0.338734 0.750985 -0.643238
0.338829 0.750328 -0.642994
INDEX = 14
4 5 7
6 7 5
1 2 5
6 5 2
0 1 4
5 4 1
7 6 3
2 3 6
4 7 0
3 0 7
8 1 0
8 2 1
8 3 2
8 0 3
FACE-NORMAL = 14
0.989915 0.141557 -0.00545305
0.989915 0.141557 -0.00545305
0.56837 0.762978 0.307929
0.56837 0.762978 0.307929
0.61447 0.402626 -0.678468
0.61447 0.402626 -0.678468
0.709967 -0.213234 0.671176
0.709967 -0.213234 0.671176
0.756066 -0.573583 -0.315224
0.756066 -0.573583 -0.315224
-0.654551 -0.393034 0.645822
-0.610696 -0.735842 -0.292552
-0.7454 0.192843 -0.638115
-0.789255 0.535649 0.300263
BONE = 24
BONE_NAME = HitTestFuzzy
PARENT_ID = 21
LOCALTM 
MAT -0.163715 -0.142567 0.650258 0.0
MAT -0.65682 -0.0744248 -0.181687 0.0
MAT 0.108372 -0.666407 -0.118817 0.0
MAT 0.358398 -0.0350184 0.0319341 1.0
WORLDTM 
MAT 0.989915 0.141557 -0.00545305 0.0
MAT 0.0642368 -0.414279 0.907881 0.0
MAT 0.12626 -0.899079 -0.419183 0.0
MAT 0.338829 0.750328 -0.642994 1.0
VERTEX = 9
0.340458 0.496747 0.16843
0.33964 0.504693 0.174446
0.338044 0.49863 0.182237
0.338862 0.490684 0.176221
0.334453 0.497756 0.173761
0.334371 0.498551 0.174363
0.334212 0.497944 0.175142
0.334293 0.49715 0.17454
0.334332 0.49785 0.174451
INDEX = 14
4 5 7
6 7 5
1 2 5
6 5 2
0 1 4
5 4 1
7 6 3
2 3 6
4 7 0
3 0 7
8 1 0
8 2 1
8 3 2
8 0 3
FACE-NORMAL = 14
0.983784 -0.0323118 0.176422
0.983784 -0.0323118 0.176422
0.718906 -0.612246 -0.329135
0.718906 -0.612246 -0.329135
0.539469 -0.472246 0.697106
0.539469 -0.472246 0.697106
0.776765 0.429015 -0.461066
0.776765 0.429015 -0.461066
0.597328 0.569014 0.565174
0.597328 0.569014 0.565174
-0.582769 0.451539 -0.675642
-0.75347 0.584723 0.300636
-0.808512 -0.405844 0.426144
-0.637811 -0.539027 -0.550134
BONE = 25
BONE_NAME = Bone_HoseLft
PARENT_ID = 19
LOCALTM 
MAT 0.684518 3.1665e-007 0.0373686 0.0
MAT -9.98378e-007 0.685537 6.85453e-007 0.0
MAT -0.0373682 7.15256e-007 0.684519 0.0
MAT 0.253557 -0.254897 -0.0833019 1.0
WORLDTM 
MAT 0.983783 -0.0323118 0.176422 0.0
MAT 0.159624 0.606262 -0.779081 0.0
MAT -0.0817826 0.794612 0.601585 0.0
MAT 0.334332 0.49785 0.174451 1.0
VERTEX = 9
-0.0510978 0.796837 0.377348
-0.0513697 0.806829 0.377645
-0.049804 0.807165 0.367774
-0.0495321 0.797173 0.367477
-0.0453107 0.801602 0.373869
-0.0453378 0.802601 0.373899
-0.0451813 0.802634 0.372912
-0.0451541 0.801635 0.372882
-0.045246 0.802118 0.373391
INDEX = 14
4 5 7
6 7 5
1 2 5
6 5 2
0 1 4
5 4 1
7 6 3
2 3 6
4 7 0
3 0 7
8 1 0
8 2 1
8 3 2
8 0 3
FACE-NORMAL = 14
-0.987295 -0.0221716 -0.157343
-0.987295 -0.0221716 -0.157343
-0.64026 -0.757526 -0.127364
-0.64026 -0.757526 -0.127364
-0.544094 0.010174 -0.838963
-0.544094 0.010174 -0.838962
-0.776836 -0.0398379 0.628442
-0.776836 -0.0398379 0.628442
-0.680671 0.727855 -0.0831506
-0.680671 0.727855 -0.0831506
0.587417 -0.00811092 0.809244
0.678901 0.722214 0.132289
0.808828 0.0394661 -0.58672
0.717344 -0.690852 0.0902282
BONE = 26
BONE_NAME = Box10
PARENT_ID = 3
LOCALTM 
MAT 0.0096834 -3.26877e-006 0.722754 0.0
MAT -1.51806e-006 -0.685539 2.98966e-006 0.0
MAT 0.685475 -9.31323e-007 -0.00917765 0.0
MAT 0.0820202 -0.318528 -0.00228092 1.0
WORLDTM 
MAT -1.04099 -0.0233774 -0.1659 0.0
MAT -0.156566 -0.0336422 0.987097 0.0
MAT -0.0271877 0.999186 0.0297407 0.0
MAT -0.045246 0.802118 0.373391 1.0
VERTEX = 9
-0.0153323 0.908063 0.256147
-0.00940742 0.901565 0.256642
-0.00499234 0.905075 0.249878
-0.0109172 0.911573 0.249383
-0.0130755 0.904319 0.250517
-0.0124831 0.903669 0.250566
-0.0120416 0.90402 0.24989
-0.012634 0.90467 0.24984
-0.0125585 0.90417 0.250203
INDEX = 14
4 5 7
6 7 5
1 2 5
6 5 2
0 1 4
5 4 1
7 6 3
2 3 6
4 7 0
3 0 7
8 1 0
8 2 1
8 3 2
8 0 3
FACE-NORMAL = 14
0.544163 0.544891 0.63795
0.544163 0.544891 0.63795
-0.136016 0.912869 0.384928
-0.136016 0.912869 0.384928
0.736647 0.660748 -0.144098
0.736647 0.660748 -0.144098
-0.0085937 0.0682791 0.997629
-0.00859382 0.0682789 0.997629
0.864068 -0.183842 0.468603
0.864068 -0.183842 0.468603
-0.739261 -0.667109 0.0919731
0.0909161 -0.906956 -0.411298
-0.0303027 -0.103484 -0.994169
-0.860479 0.136362 -0.490899
BONE = 27
BONE_NAME = Cylinder10
PARENT_ID = 3
LOCALTM 
MAT 0.325957 -0.317693 -0.396671 0.0
MAT -0.215295 -0.513196 0.234103 0.0
MAT -0.460352 0.0150616 -0.39035 0.0
MAT 0.148658 -0.229307 -0.0135615 1.0
WORLDTM 
MAT 0.479249 0.47989 0.561847 0.0
MAT -0.441508 -0.351 0.676402 0.0
MAT 0.592485 -0.64973 0.0495726 0.0
MAT -0.0125585 0.90417 0.250203 1.0
VERTEX = 9
-0.051755 0.910284 0.239756
-0.051999 0.904592 0.246472
-0.0462656 0.909587 0.250915
-0.0460216 0.91528 0.244199
-0.0459444 0.907723 0.242994
-0.0459688 0.907154 0.243665
-0.0453954 0.907653 0.244109
-0.045371 0.908223 0.243438
-0.0456699 0.907688 0.243551
INDEX = 14
4 5 7
6 7 5
1 2 5
6 5 2
0 1 4
5 4 1
7 6 3
2 3 6
4 7 0
3 0 7
8 1 0
8 2 1
8 3 2
8 0 3
FACE-NORMAL = 14
-0.758571 0.510364 0.405091
-0.758571 0.510364 0.405091
-0.486862 0.82188 -0.295769
-0.486862 0.82188 -0.295769
-0.0235718 0.762999 0.645969
-0.0235719 0.762999 0.645969
-0.991343 -0.0801686 -0.103985
-0.991343 -0.0801687 -0.103985
-0.528053 -0.139048 0.837751
-0.528052 -0.139048 0.837751
0.0760633 -0.761941 -0.643164
0.516798 -0.817954 0.252725
0.996718 0.0401776 0.0702787
0.555983 0.0961902 -0.825609
BONE = 28
BONE_NAME = Cylinder13
PARENT_ID = 3
LOCALTM 
MAT 0.333029 -0.302759 0.402434 0.0
MAT -0.334568 0.227599 0.448095 0.0
MAT -0.376404 -0.470171 -0.0422291 0.0
MAT 0.151858 -0.228278 0.00947235 1.0
WORLDTM 
MAT -0.66808 0.449481 0.356767 0.0
MAT -0.573343 -0.499524 -0.4443 0.0
MAT -0.0244033 -0.569287 0.671538 0.0
MAT -0.0456699 0.907688 0.243551 1.0
VERTEX = 9
-0.0639667 0.978545 0.167226
-0.0611187 0.988036 0.165882
-0.0537432 0.984971 0.159865
-0.0565912 0.975479 0.161209
-0.0563046 0.981075 0.167851
-0.0560198 0.982024 0.167716
-0.0552823 0.981718 0.167114
-0.0555671 0.980769 0.167249
-0.0557935 0.981396 0.167482
INDEX = 14
4 5 7
6 7 5
1 2 5
6 5 2
0 1 4
5 4 1
7 6 3
2 3 6
4 7 0
3 0 7
8 1 0
8 2 1
8 3 2
8 0 3
FACE-NORMAL = 14
-0.612298 0.0722406 -0.78732
-0.612298 0.0722406 -0.78732
-0.621294 -0.657149 -0.42679
-0.621294 -0.657149 -0.42679
0.138612 -0.179506 -0.973943
0.138612 -0.179506 -0.973943
-0.957824 0.276159 -0.0794356
-0.957824 0.276159 -0.0794354
-0.197918 0.753801 -0.626588
-0.197918 0.753801 -0.626588
-0.0885675 0.165659 0.982198
0.634342 0.620047 0.461684
0.954488 -0.267822 0.13124
0.231578 -0.72221 0.651754
BONE = 29
BONE_NAME = Star2Part03
PARENT_ID = 3
LOCALTM 
MAT 0.0515102 0.468721 0.497603 0.0
MAT 0.241704 -0.479269 0.426431 0.0
MAT 0.639443 0.143402 -0.201271 0.0
MAT 0.201167 -0.17619 0.02275 1.0
WORLDTM 
MAT -0.612298 0.0722406 -0.78732 0.0
MAT -0.737553 0.306518 0.601719 0.0
MAT 0.284796 0.949118 -0.134401 0.0
MAT -0.0557935 0.981396 0.167482 1.0
VERTEX = 9
0.0146233 0.977369 0.195797
0.0165533 0.985718 0.190642
0.012291 0.981699 0.182537
0.010361 0.97335 0.187692
0.0179927 0.977437 0.188439
0.0181857 0.978272 0.187923
0.0177595 0.97787 0.187113
0.0175665 0.977035 0.187628
0.0178761 0.977653 0.187776
INDEX = 14
4 5 7
6 7 5
1 2 5
6 5 2
0 1 4
5 4 1
7 6 3
2 3 6
4 7 0
3 0 7
8 1 0
8 2 1
8 3 2
8 0 3
FACE-NORMAL = 14
-0.883789 0.37614 0.278272
-0.883789 0.37614 0.278272
-0.73468 -0.368924 0.569334
-0.73468 -0.368923 0.569334
-0.908034 -0.0471058 -0.41624
-0.908034 -0.0471057 -0.41624
-0.274415 0.550354 0.788548
-0.274414 0.550354 0.788548
-0.447768 0.872172 -0.197026
-0.447768 0.872172 -0.197026
0.926319 0.0182153 0.376298
0.761405 0.324365 -0.561293
0.323548 -0.550157 -0.769834
0.488462 -0.856307 0.167757
BONE = 30
BONE_NAME = Star2Part04
PARENT_ID = 3
LOCALTM 
MAT 0.287298 -0.274485 0.55864 0.0
MAT 0.278734 -0.493403 -0.385778 0.0
MAT 0.556532 0.388812 -0.0951735 0.0
MAT 0.196948 -0.182101 -0.0291918 1.0
WORLDTM 
MAT -0.883789 0.376139 0.278272 0.0
MAT 0.426224 0.401901 0.81044 0.0
MAT 0.193 0.834861 -0.515516 0.0
MAT 0.0178761 0.977653 0.187776 1.0
VERTEX = 9
0.0230878 0.744088 -0.00242849
0.0211511 0.749478 0.00896388
0.0206841 0.740418 0.0131709
0.0226208 0.735028 0.00177849
0.0143914 0.742265 0.00337764
0.0141977 0.742804 0.00451687
0.014151 0.741898 0.00493757
0.0143447 0.741359 0.00379833
0.0142712 0.742082 0.0041576
INDEX = 14
4 5 7
6 7 5
1 2 5
6 5 2
0 1 4
5 4 1
7 6 3
2 3 6
4 7 0
3 0 7
8 1 0
8 2 1
8 3 2
8 0 3
FACE-NORMAL = 14
0.987294 0.0221755 0.157348
0.987294 0.0221755 0.157348
0.773361 -0.299355 -0.558837
0.773361 -0.299355 -0.558837
0.625754 -0.658589 0.417962
0.625755 -0.658589 0.417962
0.695176 0.688258 -0.207442
0.695176 0.688258 -0.207442
0.547569 0.329024 0.769358
0.547569 0.329024 0.769358
-0.665102 0.624957 -0.40874
-0.805522 0.283213 0.520504
-0.731143 -0.656318 0.186216
-0.590723 -0.314574 -0.743028
BONE = 31
BONE_NAME = Vol_Target
PARENT_ID = 3
LOCALTM 
MAT -0.0141624 0.0 -1.05738 0.0
MAT 0.611091 0.310588 -0.00818491 0.0
MAT 0.395993 -0.779268 -0.00530381 0.0
MAT 0.03227 -0.0636683 -0.00115621 1.0
WORLDTM 
MAT 1.52295 0.0342068 0.242717 0.0
MAT 0.0466985 0.906 -0.420698 0.0
MAT -0.19367 0.538982 1.13924 0.0
MAT 0.0142712 0.742082 0.0041576 1.0
VERTEX = 9
0.0211622 0.595005 -0.105874
0.0334532 0.595284 -0.105046
0.0326325 0.594981 -0.0927551
0.0203415 0.594702 -0.0935826
0.0261746 0.601152 -0.0998284
0.0274037 0.60118 -0.0997456
0.0273216 0.601149 -0.0985165
0.0260925 0.601122 -0.0985993
0.0267481 0.601151 -0.0991725
INDEX = 14
4 5 7
6 7 5
1 2 5
6 5 2
0 1 4
5 4 1
7 6 3
2 3 6
4 7 0
3 0 7
8 1 0
8 2 1
8 3 2
8 0 3
FACE-NORMAL = 14
0.0242273 -0.999441 -0.0230266
0.0242273 -0.999441 -0.0230266
-0.725218 -0.685414 -0.0653242
-0.725218 -0.685414 -0.0653242
-0.0332977 -0.686873 0.726014
-0.0332977 -0.686873 0.726014
0.0657121 -0.650309 -0.756822
0.0657121 -0.650309 -0.756822
0.757632 -0.651768 0.0345162
0.757632 -0.651768 0.0345162
0.0299635 0.724104 -0.68904
0.688197 0.722715 0.0637721
-0.0642261 0.68932 0.721605
-0.72246 0.690708 -0.0312076
BONE = 32
BONE_NAME = BoneWaist
PARENT_ID = 1
LOCALTM 
MAT 0.0204653 -0.844471 0.000545304 0.0
MAT 0.05626 0.000819178 -0.842843 0.0
MAT 0.842595 0.0204562 0.0562634 0.0
MAT 0.0 0.0 0.0 1.0
WORLDTM 
MAT 0.0298529 -1.23151 -0.0283734 0.0
MAT 0.082067 0.030307 -1.22909 0.0
MAT 1.2291 0.0278878 0.0827555 0.0
MAT 0.0267481 0.601151 -0.0991725 1.0
VERTEX = 9
0.0206724 0.577761 -0.107329
0.0233321 0.565954 -0.105013
0.0221509 0.568058 -0.0929298
0.0194913 0.579865 -0.0952454
0.0273245 0.57481 -0.10051
0.0275904 0.573629 -0.100279
0.0274723 0.57384 -0.0990705
0.0272063 0.57502 -0.0993021
0.0273984 0.574325 -0.0997905
INDEX = 14
4 5 7
6 7 5
1 2 5
6 5 2
0 1 4
5 4 1
7 6 3
2 3 6
4 7 0
3 0 7
8 1 0
8 2 1
8 3 2
8 0 3
FACE-NORMAL = 14
-0.971711 -0.22968 -0.0549972
-0.971711 -0.22968 -0.0549972
-0.810476 0.558557 -0.176474
-0.810476 0.558557 -0.176474
-0.721292 -0.0267398 0.692115
-0.721292 -0.0267398 0.692115
-0.578789 -0.280556 -0.765697
-0.578789 -0.280556 -0.765697
-0.489605 -0.865852 0.102891
-0.489605 -0.865852 0.102891
0.754886 0.0416788 -0.65453
0.839728 -0.515123 0.171771
0.619321 0.283138 0.732308
0.534479 0.839939 -0.0939932
BONE = 33
BONE_NAME = connectBone01
PARENT_ID = 32
LOCALTM 
MAT 0.207276 -0.0155088 -0.97816 0.0
MAT 0.195545 0.980352 0.0258933 0.0
MAT 0.95854 -0.196641 0.206237 0.0
MAT 0.021783 0.0 0.0 1.0
WORLDTM 
MAT -1.19734 -0.283012 -0.0677676 0.0
MAT 0.118118 -0.210382 -1.20835 0.0
MAT 0.265963 -1.18066 0.23156 0.0
MAT 0.0273984 0.574325 -0.0997905 1.0
VERTEX = 9
-0.0945145 0.539517 -0.115
-0.087797 0.540377 -0.102081
-0.100153 0.545153 -0.0959742
-0.106871 0.544293 -0.108894
-0.0951169 0.548931 -0.107903
-0.0944451 0.549017 -0.106611
-0.0956807 0.549495 -0.106
-0.0963525 0.549409 -0.107292
-0.0953988 0.549213 -0.106951
INDEX = 14
4 5 7
6 7 5
1 2 5
6 5 2
0 1 4
5 4 1
7 6 3
2 3 6
4 7 0
3 0 7
8 1 0
8 2 1
8 3 2
8 0 3
FACE-NORMAL = 14
-0.265322 -0.943029 0.200748
-0.265322 -0.943029 0.200748
-0.519787 -0.674691 -0.524036
-0.519787 -0.674691 -0.524036
-0.807116 -0.387469 0.445456
-0.807116 -0.387469 0.445456
0.452134 -0.874238 -0.17687
0.452134 -0.874238 -0.17687
0.164805 -0.587016 0.792623
0.164805 -0.587016 0.792623
0.786583 0.435287 -0.437964
0.513243 0.708525 0.484328
-0.411361 0.898358 0.154064
-0.138021 0.62512 -0.768229
BONE = 34
BONE_NAME = BoneLegR
PARENT_ID = 33
LOCALTM 
MAT 0.54855 -0.0725515 1.04655 0.0
MAT -0.858132 0.648297 0.494732 0.0
MAT -0.603446 -0.987871 0.247812 0.0
MAT 0.101838 -0.000374436 -0.00307536 1.0
WORLDTM 
MAT -0.387028 -1.37561 0.292832 0.0
MAT 1.23563 -0.47764 -0.610654 0.0
MAT 0.671755 0.0860305 1.29197 0.0
MAT -0.0953988 0.549213 -0.106951 1.0
VERTEX = 9
-0.158894 0.302615 -0.0599708
-0.151151 0.310797 -0.050703
-0.163507 0.315573 -0.0445965
-0.17125 0.307392 -0.0538643
-0.161165 0.313992 -0.0577853
-0.160391 0.314811 -0.0568585
-0.161627 0.315288 -0.0562479
-0.162401 0.31447 -0.0571746
