EXPORTER_V17
ANIMATION_EXPORT
BONEOBJECT_COUNT = 58
VERTEX = 9
0.00729355 0.00729355 -0.00729355
0.00729355 0.00729355 0.00729355
0.00729355 -0.00729355 0.00729355
0.00729355 -0.00729355 -0.00729355
0.0 0.000729355 -0.000729355
0.0 0.000729355 0.000729355
0.0 -0.000729355 0.000729355
0.0 -0.000729355 -0.000729355
0.0 0.0 0.0
INDEX = 14
4 5 7
6 7 5
1 2 5
6 5 2
0 1 4
5 4 1
7 6 3
2 3 6
4 7 0
3 0 7
8 1 0
8 2 1
8 3 2
8 0 3
FACE-NORMAL = 14
1.0 0.0 0.0
1.0 0.0 0.0
0.668965 0.0 -0.743294
0.668965 0.0 -0.743294
0.668965 -0.743294 0.0
0.668965 -0.743294 0.0
0.668965 0.743294 0.0
0.668965 0.743294 0.0
0.668965 0.0 0.743294
0.668965 0.0 0.743294
-0.707107 0.707107 0.0
-0.707107 0.0 0.707107
-0.707107 -0.707107 0.0
-0.707107 0.0 -0.707107
BONE = 0
BONE_NAME = Main
PARENT_ID = -1
LOCALTM 
MAT 1.45871 0.0 0.0 0.0
MAT 0.0 1.45871 0.0 0.0
MAT 0.0 0.0 1.45871 0.0
MAT 0.0 0.0 0.0 1.0
WORLDTM 
MAT 1.45871 0.0 0.0 0.0
MAT 0.0 1.45871 0.0 0.0
MAT 0.0 0.0 1.45871 0.0
MAT 0.0 0.0 0.0 1.0
VERTEX = 9
0.0995205 0.620647 -0.0979338
0.0995205 0.624089 -0.0837586
0.0995205 0.609914 -0.0803164
0.0995205 0.606472 -0.0944915
0.092227 0.615817 -0.0900059
0.092227 0.616161 -0.0885884
0.092227 0.614744 -0.0882442
0.092227 0.614399 -0.0896617
0.092227 0.61528 -0.0891251
INDEX = 14
4 5 7
6 7 5
1 2 5
6 5 2
0 1 4
5 4 1
7 6 3
2 3 6
4 7 0
3 0 7
8 1 0
8 2 1
8 3 2
8 0 3
FACE-NORMAL = 14
1.0 0.0 0.0
1.0 0.0 0.0
0.668965 -0.175403 -0.722302
0.668965 -0.175403 -0.722302
0.668965 -0.722302 0.175403
0.668965 -0.722302 0.175403
0.668965 0.722302 -0.175403
0.668965 0.722302 -0.175403
0.668965 0.175403 0.722302
0.668965 0.175403 0.722302
-0.707107 0.687136 -0.166864
-0.707107 0.166864 0.687136
-0.707107 -0.687136 0.166864
-0.707107 -0.166864 -0.687136
BONE = 1
BONE_NAME = Root
PARENT_ID = 0
LOCALTM 
MAT 1.0 0.0 0.0 0.0
MAT 0.0 0.971758 -0.235981 0.0
MAT 0.0 0.235981 0.971758 0.0
MAT 0.0632251 0.421798 -0.0610986 1.0
WORLDTM 
MAT 1.45871 0.0 0.0 0.0
MAT 0.0 1.41751 -0.344227 0.0
MAT 0.0 0.344227 1.41751 0.0
MAT 0.092227 0.61528 -0.0891251 1.0
VERTEX = 9
0.100188 0.642058 -0.103126
0.0861777 0.646004 -0.104095
0.0861663 0.649446 -0.0899203
0.100176 0.6455 -0.0889509
0.0918465 0.638575 -0.0955319
0.0904455 0.63897 -0.0956289
0.0904444 0.639314 -0.0942113
0.0918454 0.638919 -0.0941144
0.0911455 0.638944 -0.0948716
INDEX = 14
4 5 7
6 7 5
1 2 5
6 5 2
0 1 4
5 4 1
7 6 3
2 3 6
4 7 0
3 0 7
8 1 0
8 2 1
8 3 2
8 0 3
FACE-NORMAL = 14
0.278526 0.933355 -0.226431
0.278526 0.933355 -0.226431
0.900205 0.423334 -0.102078
0.900205 0.423334 -0.102078
0.185743 0.799785 0.570827
0.185743 0.799785 0.570827
0.186905 0.448979 -0.873776
0.186905 0.448979 -0.873776
-0.527557 0.82543 -0.200871
-0.527557 0.82543 -0.200871
-0.196395 -0.826846 -0.527025
-0.876073 -0.468722 0.113119
-0.1975 -0.493118 0.847247
0.482178 -0.851242 0.207103
BONE = 2
BONE_NAME = BoneBack01
PARENT_ID = 1
LOCALTM 
MAT 0.278526 0.960429 0.00021784 0.0
MAT 0.000781755 0.0 -1.0 0.0
MAT -0.960429 0.278526 -0.000750788 0.0
MAT -0.000741441 0.0166941 0.0 1.0
WORLDTM 
MAT 0.406288 1.36149 -0.330297 0.0
MAT 0.00114035 -0.344227 -1.41751 0.0
MAT -1.40099 0.394555 -0.0969405 0.0
MAT 0.0911455 0.638944 -0.0948716 1.0
VERTEX = 9
0.11893 0.713242 -0.119913
0.104343 0.71335 -0.119951
0.104324 0.715899 -0.105588
0.118911 0.715791 -0.10555
0.112301 0.707257 -0.112192
0.110842 0.707268 -0.112196
0.11084 0.707522 -0.11076
0.112299 0.707512 -0.110756
0.11157 0.70739 -0.111476
INDEX = 14
4 5 7
6 7 5
1 2 5
6 5 2
0 1 4
5 4 1
7 6 3
2 3 6
4 7 0
3 0 7
8 1 0
8 2 1
8 3 2
8 0 3
FACE-NORMAL = 14
0.00776726 0.984588 -0.17472
0.00776726 0.984588 -0.17472
0.748467 0.653135 -0.114943
0.748467 0.653135 -0.114943
0.00425184 0.788533 0.614977
0.00425184 0.788534 0.614977
0.00614021 0.528776 -0.84874
0.00614021 0.528775 -0.84874
-0.738075 0.664174 -0.118819
-0.738075 0.664174 -0.118819
-0.00459407 -0.819764 -0.572682
-0.712577 -0.690958 0.121702
-0.0063905 -0.572653 0.819773
0.701593 -0.701459 0.125389
BONE = 3
BONE_NAME = BoneBack02
PARENT_ID = 2
LOCALTM 
MAT 0.960695 -0.0625525 0.270465 0.0
MAT 0.060212 0.998042 0.0169513 0.0
MAT -0.270996 -1.37254e-007 0.96258 0.0
MAT 0.0502721 0.0 0.0 1.0
WORLDTM 
MAT 0.0113302 1.43623 -0.254865 0.0
MAT 0.00185296 -0.254887 -1.43627 0.0
MAT -1.45866 0.0108318 -0.00380364 0.0
MAT 0.11157 0.70739 -0.111476 1.0
VERTEX = 9
-0.0461974 0.854016 0.0968395
-0.0461987 0.856024 0.108997
-0.0450027 0.843925 0.110996
-0.0450014 0.841916 0.0988385
-0.0517917 0.848885 0.103307
-0.0517918 0.849086 0.104522
-0.0516722 0.847876 0.104722
-0.0516721 0.847675 0.103507
-0.051732 0.84838 0.104014
INDEX = 14
4 5 7
6 7 5
1 2 5
6 5 2
0 1 4
5 4 1
7 6 3
2 3 6
4 7 0
3 0 7
8 1 0
8 2 1
8 3 2
8 0 3
FACE-NORMAL = 14
0.995278 0.095785 -0.0157143
0.995278 0.095785 -0.0157143
0.665886 -0.0570711 -0.743867
0.665886 -0.0570711 -0.743867
0.737954 -0.665814 0.110072
0.737954 -0.665814 0.110072
0.593658 0.793967 -0.131096
0.593658 0.793967 -0.131097
0.665726 0.185225 0.722843
0.665725 0.185225 0.722843
-0.772403 0.626626 -0.103602
-0.703844 0.0475195 0.708763
-0.635132 -0.762086 0.125825
-0.703691 -0.18298 -0.68654
BONE = 4
BONE_NAME = BoneBackPack02
PARENT_ID = 3
LOCALTM 
MAT 0.0885137 -3.53903e-007 -0.840069 0.0
MAT 0.840011 -0.0101141 0.0885076 0.0
MAT -0.0100591 -0.844658 -0.00105962 0.0
MAT 0.0684844 -0.162485 0.112279 1.0
WORLDTM 
MAT 1.22638 0.118026 -0.0193632 0.0
MAT -0.119604 1.20998 -0.199899 0.0
MAT -0.000133459 0.200834 1.21572 0.0
MAT -0.051732 0.84838 0.104014 1.0
VERTEX = 9
0.29667 0.871858 0.09404
0.296655 0.874012 0.106172
0.296672 0.861879 0.108325
0.296687 0.859726 0.0961931
0.29051 0.867358 0.100462
0.290508 0.867573 0.101676
0.29051 0.86636 0.101891
0.290512 0.866145 0.100678
0.29051 0.866859 0.101177
INDEX = 14
4 5 7
6 7 5
1 2 5
6 5 2
0 1 4
5 4 1
7 6 3
2 3 6
4 7 0
3 0 7
8 1 0
8 2 1
8 3 2
8 0 3
FACE-NORMAL = 14
0.999998 0.00160503 0.00100543
0.999998 0.00160503 0.00100543
0.669908 -0.128805 -0.731186
0.669908 -0.128805 -0.731186
0.670008 -0.730784 0.130553
0.670008 -0.730784 0.130553
0.66792 0.732932 -0.129208
0.667919 0.732932 -0.129208
0.668019 0.130952 0.732531
0.668019 0.130952 0.732531
-0.708099 0.695093 -0.124268
-0.708004 0.12242 0.695517
-0.706112 -0.697362 0.122846
-0.706207 -0.12469 -0.696939
BONE = 5
BONE_NAME = BoneBackPack01
PARENT_ID = 3
LOCALTM 
MAT 0.00774743 -3.91985e-007 -0.844684 0.0
MAT 0.844685 -1.63913e-007 0.00774756 0.0
MAT -8.49366e-007 -0.844718 4.03146e-007 0.0
MAT 0.0831193 -0.162485 -0.122234 1.0
WORLDTM 
MAT 1.2322 0.00197772 0.00123889 0.0
MAT -0.00173066 1.21324 -0.21531 0.0
MAT -0.00156583 0.215306 1.21324 0.0
MAT 0.29051 0.866859 0.101177 1.0
VERTEX = 9
0.109641 0.825017 -0.215577
0.109699 0.830443 -0.204514
0.122018 0.830189 -0.204453
0.121961 0.824763 -0.215516
0.115083 0.821814 -0.207858
0.115089 0.822357 -0.206752
0.116321 0.822332 -0.206746
0.116315 0.821789 -0.207852
0.115702 0.822073 -0.207302
INDEX = 14
4 5 7
6 7 5
1 2 5
6 5 2
0 1 4
5 4 1
7 6 3
2 3 6
4 7 0
3 0 7
8 1 0
8 2 1
8 3 2
8 0 3
FACE-NORMAL = 14
0.0206845 0.89761 -0.440304
0.0206845 0.89761 -0.440304
0.0103925 0.273192 -0.961903
0.0103925 0.273192 -0.961903
0.756964 0.585149 -0.29087
0.756964 0.585149 -0.29087
-0.72929 0.61579 -0.298226
-0.72929 0.61579 -0.298226
0.0172819 0.927748 0.372808
0.0172819 0.927748 0.372808
-0.721574 -0.620132 0.307844
-0.0113492 -0.323362 0.946207
0.692322 -0.649281 0.314841
-0.0179032 -0.946051 -0.323523
BONE = 6
BONE_NAME = BoneHead
PARENT_ID = 3
LOCALTM 
MAT 0.811662 0.233745 -0.0108716 0.0
MAT 0.0113131 5.00353e-007 0.844645 0.0
MAT 0.233723 -0.811735 -0.00313058 0.0
MAT 0.0889079 0.0509475 -0.00207727 1.0
WORLDTM 
MAT 0.0254875 1.10603 -0.542543 0.0
MAT -1.23192 0.0253971 -0.00609677 0.0
MAT 0.00571048 0.542546 1.10631 0.0
MAT 0.115702 0.822073 -0.207302 1.0
VERTEX = 9
0.112401 0.944777 -0.274323
0.112458 0.950202 -0.263259
0.124778 0.949948 -0.263198
0.12472 0.944523 -0.274262
0.117843 0.941574 -0.266604
0.117849 0.942117 -0.265498
0.119081 0.942091 -0.265492
0.119075 0.941549 -0.266598
0.118462 0.941833 -0.266048
INDEX = 14
4 5 7
6 7 5
1 2 5
6 5 2
0 1 4
5 4 1
7 6 3
2 3 6
4 7 0
3 0 7
8 1 0
8 2 1
8 3 2
8 0 3
FACE-NORMAL = 14
0.0206844 0.89761 -0.440305
0.0206844 0.89761 -0.440305
0.0103922 0.273191 -0.961904
0.0103922 0.273191 -0.961904
0.756964 0.585149 -0.290871
0.756964 0.585149 -0.290871
-0.72929 0.61579 -0.298227
-0.72929 0.61579 -0.298227
0.0172821 0.927748 0.372807
0.0172821 0.927748 0.372807
-0.721574 -0.620132 0.307844
-0.0113489 -0.323362 0.946207
0.692322 -0.64928 0.314842
-0.0179033 -0.946051 -0.323523
BONE = 7
BONE_NAME = Bone06
PARENT_ID = 6
LOCALTM 
MAT 0.999998 1.35973e-007 -7.45058e-007 0.0
MAT 1.35973e-007 1.0 -4.5076e-007 0.0
MAT 2.08616e-007 -2.62633e-007 1.0 0.0
MAT 0.108278 0.0 0.0 1.0
WORLDTM 
MAT 0.0254872 1.10603 -0.542543 0.0
MAT -1.23193 0.0253971 -0.00609735 0.0
MAT 0.00571081 0.542546 1.10631 0.0
MAT 0.118462 0.941833 -0.266048 1.0
VERTEX = 9
0.122193 0.915044 -0.249979
0.122852 0.917306 -0.240261
0.122515 0.907578 -0.237973
0.121856 0.905315 -0.247691
0.117352 0.911923 -0.244294
0.117418 0.912149 -0.243322
0.117384 0.911177 -0.243093
0.117318 0.91095 -0.244065
0.117368 0.91155 -0.243693
INDEX = 14
4 5 7
6 7 5
1 2 5
6 5 2
0 1 4
5 4 1
7 6 3
2 3 6
4 7 0
3 0 7
8 1 0
8 2 1
8 3 2
8 0 3
FACE-NORMAL = 14
0.997255 -0.0478201 -0.0565295
0.997255 -0.0478201 -0.0565295
0.618118 -0.200148 -0.760179
0.618118 -0.200148 -0.760179
0.64209 -0.75514 0.132225
0.642091 -0.75514 0.132225
0.692167 0.691159 -0.207857
0.692167 0.691159 -0.207857
0.716139 0.136168 0.684546
0.716139 0.136168 0.684546
-0.681347 0.721757 -0.12179
-0.658541 0.193785 0.727166
-0.728985 -0.654129 0.201735
-0.751791 -0.126157 -0.647221
BONE = 8
BONE_NAME = Ref_Head
PARENT_ID = 6
LOCALTM 
MAT 0.00210479 -0.809719 -0.0545272 0.0
MAT 0.791032 -0.0101388 0.181088 0.0
MAT -0.18136 -0.053618 0.789213 0.0
MAT 0.0782123 0.000291385 0.00546315 1.0
WORLDTM 
MAT 0.997254 -0.0478201 -0.0565294 0.0
MAT 0.0336857 0.972899 -0.228767 0.0
MAT 0.0659377 0.226233 0.971839 0.0
MAT 0.117368 0.91155 -0.243693 1.0
VERTEX = 9
0.117476 0.860672 -0.143749
0.117463 0.86242 -0.133903
0.117251 0.852576 -0.132156
0.117264 0.850828 -0.142002
0.112376 0.857132 -0.138557
0.112375 0.857307 -0.137572
0.112353 0.856322 -0.137398
0.112355 0.856147 -0.138382
0.112365 0.856727 -0.137977
INDEX = 14
4 5 7
6 7 5
1 2 5
6 5 2
0 1 4
5 4 1
7 6 3
2 3 6
4 7 0
3 0 7
8 1 0
8 2 1
8 3 2
8 0 3
FACE-NORMAL = 14
0.999775 -0.0206117 0.00494772
0.999775 -0.0206117 0.00494772
0.669759 -0.143667 -0.728549
0.669759 -0.143667 -0.728548
0.653087 -0.745487 0.133141
0.653087 -0.745487 0.13314
0.684542 0.71791 -0.126521
0.684542 0.71791 -0.126521
0.66787 0.11609 0.735168
0.66787 0.11609 0.735169
-0.691986 0.710651 -0.127008
-0.707846 0.13813 0.692729
-0.72191 -0.681501 0.120011
-0.706049 -0.108981 -0.699727
BONE = 9
BONE_NAME = Box_RtShoulder
PARENT_ID = 3
LOCALTM 
MAT -0.00918158 -2.47732e-007 -0.685476 0.0
MAT 0.685477 1.71363e-007 -0.00918147 0.0
MAT -3.8743e-007 -0.685537 2.85218e-007 0.0
MAT 0.103977 0.0 0.00026314 1.0
WORLDTM 
MAT 0.999775 -0.0206117 0.00494772 0.0
MAT 0.0211593 0.984401 -0.174669 0.0
MAT -0.00127069 0.174734 0.984615 0.0
MAT 0.112365 0.856727 -0.137977 1.0
VERTEX = 9
0.103361 0.861634 -0.153168
0.103053 0.847275 -0.15062
0.107504 0.849609 -0.136927
0.107813 0.863968 -0.139474
0.112169 0.855689 -0.148026
0.112139 0.854253 -0.147771
0.112584 0.854487 -0.146402
0.112615 0.855923 -0.146656
0.112377 0.855088 -0.147214
INDEX = 14
4 5 7
6 7 5
1 2 5
6 5 2
0 1 4
5 4 1
7 6 3
2 3 6
4 7 0
3 0 7
8 1 0
8 2 1
8 3 2
8 0 3
FACE-NORMAL = 14
-0.952062 0.073167 0.297027
-0.952062 0.073167 0.297027
-0.621168 0.780645 0.06887
-0.621169 0.780645 0.0688701
-0.410063 0.167881 0.896473
-0.410063 0.167881 0.896473
-0.863729 -0.0699889 -0.499073
-0.863729 -0.0699889 -0.499073
-0.652623 -0.682752 0.328531
-0.652623 -0.682752 0.328531
0.45742 -0.164882 -0.873831
0.658248 -0.747813 -0.08652
0.888999 0.0614078 0.453772
0.688171 0.644339 -0.333539
BONE = 10
BONE_NAME = BoneShoulderR
PARENT_ID = 9
LOCALTM 
MAT -1.38853 -6.03497e-007 0.447023 0.0
MAT -0.447023 -7.00355e-007 -1.38853 0.0
MAT 0.0 -1.45871 -1.78814e-007 0.0
MAT 0.0 0.0 -0.0093808 1.0
WORLDTM 
MAT -1.38878 0.106729 0.433276 0.0
MAT -0.445158 -0.233409 -1.36937 0.0
MAT -0.0308653 -1.43595 0.254792 0.0
MAT 0.112377 0.855088 -0.147214 1.0
VERTEX = 9
-0.226403 0.873634 -0.0458705
-0.212926 0.868186 -0.047079
-0.208811 0.875753 -0.0353066
-0.222289 0.881201 -0.0340981
-0.216602 0.880197 -0.0453809
-0.215254 0.879652 -0.0455017
-0.214843 0.880408 -0.0443245
-0.21619 0.880953 -0.0442036
-0.215722 0.880302 -0.0448527
INDEX = 14
4 5 7
6 7 5
1 2 5
6 5 2
0 1 4
5 4 1
7 6 3
2 3 6
4 7 0
3 0 7
8 1 0
8 2 1
8 3 2
8 0 3
FACE-NORMAL = 14
-0.25846 -0.769015 0.584648
-0.25846 -0.769015 0.584648
-0.859645 -0.236817 0.452689
-0.859645 -0.236817 0.452689
0.0367685 -0.128857 0.990981
0.0367685 -0.128857 0.990981
-0.38257 -0.900032 -0.208764
-0.38257 -0.900032 -0.208764
0.513843 -0.792071 0.329529
0.513843 -0.792071 0.329529
-0.0167026 0.176961 -0.984076
0.836069 0.279665 -0.471991
0.382221 0.910591 0.157259
-0.470551 0.807886 -0.354826
BONE = 11
BONE_NAME = BoneArmR
PARENT_ID = 10
LOCALTM 
MAT 0.363459 -0.346917 0.864607 0.0
MAT -0.00911124 0.92671 0.375664 0.0
MAT -0.931566 -0.144416 0.333662 0.0
MAT 0.23625 0.0 0.0 1.0
WORLDTM 
MAT -0.377018 -1.12177 0.852832 0.0
MAT -0.411474 -0.756711 -1.17725 0.0
MAT 1.34773 -0.544841 -0.120851 0.0
MAT -0.215722 0.880302 -0.0448527 1.0
VERTEX = 9
-0.276508 0.725755 0.0630498
-0.262495 0.72452 0.0591903
-0.259447 0.718575 0.0721575
-0.27346 0.71981 0.0760171
-0.267495 0.729156 0.0698749
-0.266094 0.729032 0.0694889
-0.265789 0.728438 0.0707856
-0.26719 0.728561 0.0711716
-0.266642 0.728797 0.0703303
INDEX = 14
4 5 7
6 7 5
1 2 5
6 5 2
0 1 4
5 4 1
7 6 3
2 3 6
4 7 0
3 0 7
8 1 0
8 2 1
8 3 2
8 0 3
FACE-NORMAL = 14
-0.183107 -0.909241 -0.373836
-0.183107 -0.909241 -0.373836
-0.836529 -0.545312 -0.0534185
-0.836529 -0.545312 -0.0534186
0.0327923 -0.911193 0.410672
0.0327923 -0.911193 0.410672
-0.277777 -0.305306 -0.910839
-0.277777 -0.305306 -0.910839
0.591544 -0.671188 -0.446747
0.591544 -0.671188 -0.446747
-0.0182482 0.931125 -0.364244
0.80875 0.583057 0.077252
0.277201 0.354735 0.892929
-0.549797 0.702804 0.451431
BONE = 12
BONE_NAME = BoneForeArmR
PARENT_ID = 11
LOCALTM 
MAT 0.527985 0.825029 0.201404 0.0
MAT -0.779156 0.56493 -0.271602 0.0
MAT -0.33786 -0.0135214 0.941099 0.0
MAT 0.13506 0.0 0.0 1.0
WORLDTM 
MAT -0.2671 -1.32632 -0.545318 0.0
MAT -0.304744 0.594525 -1.29673 0.0
MAT 1.40129 -0.123516 -0.385952 0.0
MAT -0.266642 0.728797 0.0703303 1.0
VERTEX = 9
-0.324023 0.404152 0.00700325
-0.319049 0.399915 0.0145739
-0.322691 0.390975 0.0119633
-0.327664 0.395212 0.00439264
-0.327361 0.398952 0.0122298
-0.326863 0.398528 0.0129869
-0.327227 0.397634 0.0127258
-0.327725 0.398057 0.0119688
-0.327294 0.398293 0.0124778
INDEX = 14
4 5 7
6 7 5
1 2 5
6 5 2
0 1 4
5 4 1
7 6 3
2 3 6
4 7 0
3 0 7
8 1 0
8 2 1
8 3 2
8 0 3
FACE-NORMAL = 14
0.787426 -0.14582 -0.598913
0.787426 -0.14582 -0.598913
0.157066 0.217342 -0.963376
0.157066 0.217342 -0.963376
0.256113 -0.762065 -0.594696
0.256114 -0.762064 -0.594696
0.797408 0.56697 -0.206607
0.797407 0.56697 -0.206607
0.896453 -0.412438 0.16207
0.896453 -0.412438 0.162071
-0.299324 0.735274 0.608093
-0.205099 -0.19645 0.958823
-0.814265 -0.529056 0.238898
-0.908488 0.40267 -0.111831
BONE = 13
BONE_NAME = Object02
PARENT_ID = 12
LOCALTM 
MAT 0.145538 0.211468 0.635661 0.0
MAT -0.669867 0.0385481 0.140544 0.0
MAT 0.00760865 -0.650964 0.21482 0.0
MAT 0.228449 -0.0484013 -0.0102643 1.0
WORLDTM 
MAT 0.787428 -0.145821 -0.598916 0.0
MAT 0.364117 0.894016 0.261061 0.0
MAT 0.497371 -0.42364 0.757064 0.0
MAT -0.327294 0.398293 0.0124778 1.0
VERTEX = 9
-0.302968 0.552214 -0.0137617
-0.299666 0.548352 -0.00514887
-0.301659 0.539148 -0.00851144
-0.304962 0.54301 -0.0171243
-0.306992 0.546638 -0.00949438
-0.306662 0.546252 -0.00863309
-0.306861 0.545331 -0.00896935
-0.307191 0.545717 -0.00983064
-0.306927 0.545984 -0.00923187
INDEX = 14
4 5 7
6 7 5
1 2 5
6 5 2
0 1 4
5 4 1
7 6 3
2 3 6
4 7 0
3 0 7
8 1 0
8 2 1
8 3 2
8 0 3
FACE-NORMAL = 14
0.922607 -0.0606518 -0.380943
0.922607 -0.0606518 -0.380943
0.371729 0.246467 -0.895026
0.371729 0.246467 -0.895026
0.469019 -0.724724 -0.504774
0.469019 -0.724724 -0.504774
0.765365 0.643578 -0.00490001
0.765365 0.643578 -0.00489991
0.862654 -0.327615 0.385352
0.862654 -0.327615 0.385352
-0.511422 0.693729 0.507136
-0.41887 -0.230179 0.878388
-0.793342 -0.607956 0.0315981
-0.885894 0.315953 -0.339654
BONE = 14
BONE_NAME = Mesh01
PARENT_ID = 12
LOCALTM 
MAT 0.01962 0.0830689 0.680204 0.0
MAT -0.684919 0.0237022 0.016861 0.0
MAT -0.0214748 -0.680072 0.0836739 0.0
MAT 0.139397 0.00317737 -0.0014867 1.0
WORLDTM 
MAT 0.922608 -0.0606518 -0.380943 0.0
MAT 0.199346 0.920431 0.336256 0.0
MAT 0.330235 -0.386173 0.861285 0.0
MAT -0.306927 0.545984 -0.00923187 1.0
VERTEX = 9
-0.29584 0.455478 0.156403
-0.297927 0.448174 0.162907
-0.288735 0.444438 0.161661
-0.286648 0.451742 0.155157
-0.294312 0.447651 0.155023
-0.294521 0.44692 0.155673
-0.293602 0.446547 0.155548
-0.293393 0.447277 0.154898
-0.293957 0.447099 0.155285
INDEX = 14
4 5 7
6 7 5
1 2 5
6 5 2
0 1 4
5 4 1
7 6 3
2 3 6
4 7 0
3 0 7
8 1 0
8 2 1
8 3 2
8 0 3
FACE-NORMAL = 14
0.333922 0.57184 0.74933
0.333922 0.57184 0.74933
0.37847 0.925441 0.0178565
0.37847 0.925441 0.0178566
0.906632 0.104904 0.408673
0.906632 0.104905 0.408673
-0.459866 0.660176 0.593877
-0.459866 0.660176 0.593877
0.0682948 -0.160359 0.984693
0.0682948 -0.160359 0.984693
-0.886104 -0.140232 -0.441762
-0.383656 -0.920821 -0.0699727
0.413866 -0.668471 -0.61795
-0.0885817 0.112117 -0.989739
BONE = 15
BONE_NAME = Star2Part10shell
PARENT_ID = 12
LOCALTM 
MAT -0.590394 -0.344703 0.0507981 0.0
MAT -0.149363 0.16009 -0.649632 0.0
MAT 0.314783 -0.570539 -0.212974 0.0
MAT 0.157244 -0.126568 -0.0170458 1.0
WORLDTM 
MAT 0.333923 0.571842 0.749333 0.0
MAT -0.919214 0.37352 0.124584 0.0
MAT -0.208649 -0.730397 0.650374 0.0
MAT -0.293957 0.447099 0.155285 1.0
VERTEX = 9
-0.374272 0.258086 -0.0843556
-0.371769 0.252514 -0.0764381
-0.375882 0.244499 -0.0807795
-0.378384 0.250071 -0.088697
-0.379379 0.253057 -0.0805978
-0.379129 0.2525 -0.0798061
-0.37954 0.251698 -0.0802402
-0.37979 0.252255 -0.081032
-0.379459 0.252377 -0.080419
INDEX = 14
4 5 7
6 7 5
1 2 5
6 5 2
0 1 4
5 4 1
7 6 3
2 3 6
4 7 0
3 0 7
8 1 0
8 2 1
8 3 2
8 0 3
FACE-NORMAL = 14
0.876514 -0.216975 -0.429704
0.876514 -0.216975 -0.429704
0.400379 0.269051 -0.875962
0.400379 0.269051 -0.875962
0.280685 -0.740896 -0.610155
0.280685 -0.740896 -0.610155
0.89203 0.4506 0.0352428
0.89203 0.450601 0.0352429
0.772335 -0.559348 0.301047
0.772334 -0.559348 0.301047
-0.328998 0.720168 0.610834
-0.442865 -0.240609 0.8637
-0.91058 -0.41332 -0.00314239
-0.796712 0.547458 -0.256006
BONE = 16
BONE_NAME = HitTestFuzzy01
PARENT_ID = 12
LOCALTM 
MAT 0.135342 0.075709 0.667769 0.0
MAT -0.662472 -0.0995319 0.145552 0.0
MAT 0.113025 -0.674034 0.0535141 0.0
MAT 0.349756 -0.0250868 -0.0192982 1.0
WORLDTM 
MAT 0.876516 -0.216976 -0.429705 0.0
MAT 0.411238 0.801497 0.434148 0.0
MAT 0.250208 -0.557248 0.79175 0.0
MAT -0.379459 0.252377 -0.080419 1.0
VERTEX = 9
-0.221538 0.789871 0.330779
-0.220464 0.799608 0.32877
-0.217413 0.801208 0.338158
-0.218487 0.791471 0.340166
-0.224413 0.795784 0.335499
-0.224306 0.796757 0.335298
-0.224 0.796917 0.336237
-0.224108 0.795943 0.336438
-0.224207 0.79635 0.335868
INDEX = 14
4 5 7
6 7 5
1 2 5
6 5 2
0 1 4
5 4 1
7 6 3
2 3 6
4 7 0
3 0 7
8 1 0
8 2 1
8 3 2
8 0 3
FACE-NORMAL = 14
0.946224 -0.162109 -0.279967
0.946224 -0.162109 -0.279967
0.553172 -0.832201 -0.0379761
0.553172 -0.832201 -0.0379762
0.859823 0.0104897 0.510485
0.859823 0.0104897 0.510485
0.406158 -0.22738 -0.885062
0.406158 -0.22738 -0.885062
0.712808 0.615309 -0.336599
0.712808 0.615309 -0.336599
-0.88487 0.00148384 -0.465836
-0.593149 0.803148 0.0559239
-0.453292 0.227773 0.861769
-0.745013 -0.57389 0.340009
BONE = 17
BONE_NAME = Bone_HoseRt
PARENT_ID = 10
LOCALTM 
MAT -0.682715 -1.44541e-006 0.0621493 0.0
MAT -2.30037e-007 0.685537 -1.71363e-007 0.0
MAT -0.0621502 2.90573e-007 -0.682715 0.0
MAT 0.3151 -0.23403 0.102366 1.0
WORLDTM 
MAT 0.946223 -0.162109 -0.279967 0.0
MAT -0.305172 -0.16001 -0.938757 0.0
MAT 0.107385 0.973714 -0.200879 0.0
MAT -0.224207 0.79635 0.335868 1.0
VERTEX = 9
0.11866 0.858157 -0.143301
0.118647 0.859905 -0.133455
0.118436 0.850061 -0.131708
0.118448 0.848313 -0.141554
0.11356 0.854617 -0.138109
0.113559 0.854792 -0.137124
0.113538 0.853807 -0.13695
0.113539 0.853632 -0.137934
0.113549 0.854212 -0.137529
INDEX = 14
4 5 7
6 7 5
1 2 5
6 5 2
0 1 4
5 4 1
7 6 3
2 3 6
4 7 0
3 0 7
8 1 0
8 2 1
8 3 2
8 0 3
FACE-NORMAL = 14
0.999775 -0.0206117 0.00494772
0.999775 -0.0206117 0.00494772
0.669759 -0.143667 -0.728549
0.669759 -0.143667 -0.728548
0.653087 -0.745487 0.133141
0.653087 -0.745487 0.13314
0.684542 0.71791 -0.126521
0.684542 0.71791 -0.126521
0.66787 0.11609 0.735168
0.66787 0.11609 0.735169
-0.691986 0.710651 -0.127008
-0.707846 0.13813 0.692729
-0.72191 -0.681501 0.120011
-0.706049 -0.108981 -0.699727
BONE = 18
BONE_NAME = Box_LftShoulder
PARENT_ID = 3
LOCALTM 
MAT -0.00918158 -2.47732e-007 -0.685476 0.0
MAT 0.685477 1.71363e-007 -0.00918147 0.0
MAT -3.8743e-007 -0.685537 2.85218e-007 0.0
MAT 0.102232 0.0 -0.000562191 1.0
WORLDTM 
MAT 0.999775 -0.0206117 0.00494772 0.0
MAT 0.0211593 0.984401 -0.174669 0.0
MAT -0.00127069 0.174734 0.984615 0.0
MAT 0.113549 0.854212 -0.137529 1.0
VERTEX = 9
0.122362 0.844313 -0.150494
0.122671 0.858673 -0.153042
0.118828 0.861211 -0.139201
0.118519 0.846852 -0.136653
0.113737 0.851728 -0.147331
0.113768 0.853164 -0.147585
0.113384 0.853418 -0.146201
0.113353 0.851982 -0.145946
0.113561 0.852573 -0.146766
INDEX = 14
4 5 7
6 7 5
1 2 5
6 5 2
0 1 4
5 4 1
7 6 3
2 3 6
4 7 0
3 0 7
8 1 0
8 2 1
8 3 2
8 0 3
FACE-NORMAL = 14
0.964437 0.0259421 0.263036
0.964437 0.0259421 0.263036
0.629447 -0.714344 0.305792
0.629447 -0.714344 0.305792
0.449344 0.146704 0.881231
0.449344 0.146704 0.881231
0.841006 -0.111995 -0.529308
0.841005 -0.111995 -0.529308
0.660902 0.749053 0.0461309
0.660902 0.749053 0.0461308
-0.495663 -0.141396 -0.856928
-0.666998 0.677732 -0.309504
-0.868257 0.104708 0.484939
-0.696922 -0.71442 -0.0624844
BONE = 19
BONE_NAME = BoneShoulderL
PARENT_ID = 18
LOCALTM 
MAT 1.40764 0.0 0.382614 0.0
MAT 0.382614 1.78814e-007 -1.40764 0.0
MAT 0.0 1.45871 -2.68221e-007 0.0
MAT 0.0 0.0 -0.00938077 1.0
WORLDTM 
MAT 1.40683 0.037842 0.383692 0.0
MAT 0.384317 -0.253848 -1.38409 0.0
MAT 0.0308653 1.43595 -0.254792 0.0
MAT 0.113561 0.852573 -0.146766 1.0
VERTEX = 9
0.439024 0.850222 -0.0598885
0.453242 0.853408 -0.0591956
0.451107 0.86016 -0.0464425
0.436889 0.856974 -0.0471355
0.443229 0.86096 -0.0573614
0.444651 0.861279 -0.0572921
0.444437 0.861954 -0.0560168
0.443016 0.861635 -0.0560861
0.443833 0.861457 -0.0566891
INDEX = 14
4 5 7
6 7 5
1 2 5
6 5 2
0 1 4
5 4 1
7 6 3
2 3 6
4 7 0
3 0 7
8 1 0
8 2 1
8 3 2
8 0 3
FACE-NORMAL = 14
0.16894 -0.859103 0.483116
0.16894 -0.859103 0.483116
-0.611478 -0.737034 0.287879
-0.611478 -0.737035 0.287879
0.00425729 -0.230662 0.973025
0.00425732 -0.230662 0.973025
0.221772 -0.918758 -0.32665
0.221772 -0.918758 -0.32665
0.837508 -0.412385 0.358496
0.837508 -0.412385 0.358496
-0.0159959 0.28018 -0.959814
0.569762 0.7619 -0.308025
-0.222921 0.934776 0.276586
-0.80868 0.453056 -0.375204
BONE = 20
BONE_NAME = BoneArmL
PARENT_ID = 19
LOCALTM 
MAT 0.267722 -0.264388 -0.926512 0.0
MAT -0.100857 0.948641 -0.299845 0.0
MAT 0.958203 0.173723 0.227306 0.0
MAT 0.234763 0.0 0.0 1.0
WORLDTM 
MAT 0.246434 -1.25318 0.704727 0.0
MAT 0.213435 -0.67519 -1.2753 0.0
MAT 1.42181 0.318562 0.0692921 0.0
MAT 0.443833 0.861457 -0.0566891 1.0
VERTEX = 9
0.469589 0.695247 0.0252132
0.48414 0.695769 0.0260976
0.483752 0.686936 0.0376993
0.469201 0.686413 0.0368149
0.475487 0.697305 0.0352309
0.476942 0.697357 0.0353193
0.476903 0.696474 0.0364795
0.475448 0.696422 0.036391
0.476195 0.69689 0.0358552
INDEX = 14
4 5 7
6 7 5
1 2 5
6 5 2
0 1 4
5 4 1
7 6 3
2 3 6
4 7 0
3 0 7
8 1 0
8 2 1
8 3 2
8 0 3
FACE-NORMAL = 14
0.065187 -0.794981 -0.603121
0.065187 -0.794981 -0.603121
-0.697843 -0.558421 -0.448533
-0.697843 -0.558421 -0.448533
0.0238234 -0.981937 0.187705
0.0238234 -0.981937 0.187705
0.0633923 -0.0816919 -0.99464
0.0633923 -0.0816917 -0.99464
0.785056 -0.505208 -0.358401
0.785056 -0.505208 -0.358401
-0.027273 0.990344 -0.135919
0.659259 0.587448 0.469343
-0.0649155 0.133928 0.988863
-0.751445 0.536826 0.383599
BONE = 21
BONE_NAME = BoneForeArmL
PARENT_ID = 20
LOCALTM 
MAT 0.402607 0.904801 -0.138727 0.0
MAT -0.899998 0.41893 0.120412 0.0
MAT 0.167061 0.0763783 0.982984 0.0
MAT 0.131319 0.0 0.0 1.0
WORLDTM 
MAT 0.0950889 -1.15965 -0.879778 0.0
MAT 0.0388268 0.883363 -1.16017 0.0
MAT 1.45509 0.0522133 0.0884399 0.0
MAT 0.476195 0.69689 0.0358552 1.0
VERTEX = 9
0.516335 0.536254 -0.0951142
0.513812 0.530589 -0.0872693
0.514209 0.522428 -0.093035
0.516732 0.528093 -0.10088
0.510544 0.530604 -0.0953204
0.510292 0.530037 -0.0945359
0.510332 0.529221 -0.0951125
0.510584 0.529788 -0.095897
0.510438 0.529912 -0.0952164
INDEX = 14
4 5 7
6 7 5
1 2 5
6 5 2
0 1 4
5 4 1
7 6 3
2 3 6
4 7 0
3 0 7
8 1 0
8 2 1
8 3 2
8 0 3
FACE-NORMAL = 14
0.966836 -0.11435 0.228369
0.966836 -0.11435 0.228369
0.834311 0.344581 -0.430336
0.834311 0.344581 -0.430336
0.676267 -0.683084 -0.275788
0.676268 -0.683084 -0.275788
0.617291 0.530098 0.581334
0.61729 0.530098 0.581334
0.459248 -0.497572 0.735876
0.459248 -0.497573 0.735876
-0.711709 0.657914 0.246213
-0.862058 -0.319719 0.393237
-0.655604 -0.496204 -0.569179
-0.505255 0.481434 -0.716198
BONE = 22
BONE_NAME = Object03
PARENT_ID = 21
LOCALTM 
MAT 0.0111015 -0.154349 0.667841 0.0
MAT -0.68492 0.0237041 0.0168585 0.0
MAT -0.0268952 -0.667518 -0.153821 0.0
MAT 0.146724 0.00276989 0.0138711 1.0
WORLDTM 
MAT 0.966832 -0.11435 0.228368 0.0
MAT -0.0396773 0.816085 0.576568 0.0
MAT -0.252298 -0.566503 0.784492 0.0
MAT 0.510438 0.529912 -0.0952164 1.0
VERTEX = 9
0.443815 0.37529 0.0408226
0.44815 0.37146 0.0326652
0.439155 0.369073 0.0290064
0.43482 0.372903 0.0371638
0.441991 0.36803 0.0377453
0.442424 0.367647 0.0369295
0.441525 0.367409 0.0365637
0.441091 0.367792 0.0373794
0.441758 0.36772 0.0371545
INDEX = 14
4 5 7
6 7 5
1 2 5
6 5 2
0 1 4
5 4 1
7 6 3
2 3 6
4 7 0
3 0 7
8 1 0
8 2 1
8 3 2
8 0 3
FACE-NORMAL = 14
-0.0545488 0.892369 -0.447997
-0.0545488 0.892369 -0.447997
-0.358665 0.881664 0.306641
-0.358665 0.881664 0.306641
-0.705112 0.419562 -0.571651
-0.705112 0.419562 -0.571651
0.63213 0.774366 -0.0277372
0.63213 0.774365 -0.0277371
0.285679 0.312267 -0.906023
0.285679 0.312266 -0.906023
0.674641 -0.462236 0.575498
0.34506 -0.90184 -0.260034
-0.597498 -0.799766 0.058065
-0.267913 -0.360163 0.893591
BONE = 23
BONE_NAME = Star2Part05
PARENT_ID = 21
LOCALTM 
MAT -0.303538 0.613731 -0.0340287 0.0
MAT -0.241153 -0.0839991 0.6362 0.0
MAT 0.56539 0.29367 0.253094 0.0
MAT 0.177318 -0.13799 -0.0315722 1.0
WORLDTM 
MAT -0.0545487 0.892367 -0.447996 0.0
MAT 0.899536 0.238669 0.36588 0.0
MAT 0.433439 -0.38302 -0.815741 0.0
MAT 0.441758 0.36772 0.0371545 1.0
VERTEX = 9
0.559301 0.259533 -0.234265
0.557416 0.252327 -0.227592
0.560713 0.245462 -0.234073
0.562598 0.252668 -0.240746
0.555311 0.252712 -0.236013
0.555123 0.251991 -0.235346
0.555452 0.251305 -0.235994
0.555641 0.252025 -0.236662
0.555382 0.252008 -0.236004
INDEX = 14
4 5 7
6 7 5
1 2 5
6 5 2
0 1 4
5 4 1
7 6 3
2 3 6
4 7 0
3 0 7
8 1 0
8 2 1
8 3 2
8 0 3
FACE-NORMAL = 14
0.925081 0.0978631 0.366943
0.925081 0.0978631 0.366943
0.758929 0.601052 -0.250527
0.758929 0.601052 -0.250527
0.86392 -0.444764 -0.236279
0.86392 -0.444764 -0.236279
0.373772 0.575703 0.727228
0.373772 0.575703 0.727228
0.478765 -0.470115 0.741468
0.478765 -0.470115 0.741469
-0.887272 0.416191 0.198829
-0.787394 -0.578709 0.212383
-0.420988 -0.554595 -0.71777
-0.520869 0.440308 -0.731317
BONE = 24
BONE_NAME = HitTestFuzzy
PARENT_ID = 21
LOCALTM 
MAT -0.163713 -0.142567 0.650255 0.0
MAT -0.65682 -0.0744241 -0.181688 0.0
MAT 0.10837 -0.666411 -0.118817 0.0
MAT 0.358398 -0.0350184 0.0319341 1.0
WORLDTM 
MAT 0.925077 0.0978627 0.366942 0.0
MAT -0.329718 0.686449 0.648132 0.0
MAT -0.18846 -0.720557 0.6673 0.0
MAT 0.555382 0.252008 -0.236004 1.0
VERTEX = 9
0.376036 0.801876 0.322012
0.375721 0.811691 0.320124
0.373087 0.813431 0.329613
0.373401 0.803616 0.3315
0.369888 0.806678 0.324166
0.369856 0.807659 0.323978
0.369593 0.807833 0.324927
0.369624 0.806852 0.325115
0.36974 0.807256 0.324547
INDEX = 14
4 5 7
6 7 5
1 2 5
6 5 2
0 1 4
5 4 1
7 6 3
2 3 6
4 7 0
3 0 7
8 1 0
8 2 1
8 3 2
8 0 3
FACE-NORMAL = 14
0.964157 0.0795634 0.253123
0.964157 0.0795634 0.253123
0.668358 -0.676335 0.309627
0.668358 -0.676335 0.309627
0.449157 0.182574 0.8746
0.449157 0.182574 0.8746
0.840817 -0.0761236 -0.53594
0.840817 -0.0761237 -0.53594
0.621616 0.782784 0.0290345
0.621615 0.782784 0.0290345
-0.495466 -0.179311 -0.849918
-0.703995 0.637781 -0.312451
-0.868058 0.0667916 0.491949
-0.659528 -0.7503 -0.0455194
BONE = 25
BONE_NAME = Bone_HoseLft
PARENT_ID = 19
LOCALTM 
MAT 0.684518 1.35973e-007 0.0373688 0.0
MAT -1.20304e-006 0.685537 8.79169e-007 0.0
MAT -0.0373683 9.0152e-007 0.684519 0.0
MAT 0.253557 -0.254897 -0.0833018 1.0
WORLDTM 
MAT 0.964156 0.0795634 0.253123 0.0
MAT 0.263462 -0.174021 -0.948843 0.0
MAT -0.0314427 0.981523 -0.188749 0.0
MAT 0.36974 0.807256 0.324547 1.0
VERTEX = 9
0.109854 0.902413 0.33089
0.110065 0.912257 0.329144
0.110078 0.91051 0.319298
0.109866 0.900666 0.321044
0.115225 0.905948 0.3257
0.115247 0.906933 0.325525
0.115248 0.906758 0.32454
0.115227 0.905773 0.324715
0.115237 0.906353 0.32512
INDEX = 14
4 5 7
6 7 5
1 2 5
6 5 2
0 1 4
5 4 1
7 6 3
2 3 6
4 7 0
3 0 7
8 1 0
8 2 1
8 3 2
8 0 3
FACE-NORMAL = 14
-0.999775 0.0206189 -0.00494231
-0.999775 0.0206189 -0.00494231
-0.684541 -0.71791 0.126525
-0.684541 -0.71791 0.126525
-0.66787 -0.116085 -0.73517
-0.66787 -0.116085 -0.735169
-0.669759 0.14367 0.728548
-0.669759 0.14367 0.728548
-0.653088 0.745487 -0.133135
-0.653088 0.745487 -0.133135
0.70605 0.108976 0.699727
0.721909 0.681501 -0.120015
0.707846 -0.138134 -0.692729
0.691987 -0.710651 0.127003
BONE = 26
BONE_NAME = Box10
PARENT_ID = 3
LOCALTM 
MAT 0.0096853 -4.4927e-006 0.722754 0.0
MAT -1.01328e-006 -0.685539 4.50748e-006 0.0
MAT 0.685475 -4.02331e-007 -0.00917641 0.0
MAT 0.0820202 -0.318528 -0.00228094 1.0
WORLDTM 
MAT -1.05415 0.0217402 -0.00521109 0.0
MAT -0.00127686 0.174733 0.984617 0.0
MAT 0.0211518 0.984398 -0.174668 0.0
MAT 0.115237 0.906353 0.32512 1.0
VERTEX = 9
0.130975 0.984387 0.185376
0.136617 0.977695 0.186348
0.140065 0.979454 0.178438
0.134423 0.986146 0.177466
0.132157 0.979443 0.18038
0.132721 0.978774 0.180478
0.133066 0.97895 0.179686
0.132502 0.979619 0.179589
0.132612 0.979196 0.180033
INDEX = 14
4 5 7
6 7 5
1 2 5
6 5 2
0 1 4
5 4 1
7 6 3
2 3 6
4 7 0
3 0 7
8 1 0
8 2 1
8 3 2
8 0 3
FACE-NORMAL = 14
0.660506 0.618624 0.425483
0.660506 0.618624 0.425483
-0.0343154 0.978657 0.202615
-0.0343153 0.978657 0.202615
0.732914 0.562266 -0.383005
0.732915 0.562266 -0.383005
0.150797 0.26541 0.95227
0.150797 0.265409 0.95227
0.918026 -0.150981 0.366651
0.918026 -0.150981 0.366651
-0.743937 -0.578636 0.334272
-0.0140601 -0.974754 -0.222837
-0.19016 -0.296231 -0.935995
-0.920037 0.0998874 -0.378886
BONE = 27
BONE_NAME = Cylinder10
PARENT_ID = 3
LOCALTM 
MAT 0.325957 -0.317693 -0.396671 0.0
MAT -0.215294 -0.513195 0.234103 0.0
MAT -0.460352 0.0150612 -0.39035 0.0
MAT 0.148658 -0.229307 -0.0135615 1.0
WORLDTM 
MAT 0.581713 0.544827 0.374726 0.0
MAT -0.344868 -0.175869 0.791066 0.0
MAT 0.564201 -0.669237 0.0971805 0.0
MAT 0.132612 0.979196 0.180033 1.0
VERTEX = 9
0.0925648 0.986017 0.174322
0.0931294 0.981805 0.182035
0.0996993 0.987142 0.184469
0.0991347 0.991354 0.176755
0.0986943 0.983724 0.177146
0.0987508 0.983303 0.177917
0.0994078 0.983836 0.17816
0.0993513 0.984258 0.177389
0.099051 0.98378 0.177653
INDEX = 14
4 5 7
6 7 5
1 2 5
6 5 2
0 1 4
5 4 1
7 6 3
2 3 6
4 7 0
3 0 7
8 1 0
8 2 1
8 3 2
8 0 3
FACE-NORMAL = 14
-0.662879 0.635664 0.395629
-0.662879 0.635664 0.395629
-0.491095 0.780735 -0.386366
-0.491095 0.780735 -0.386365
0.111037 0.875642 0.470023
0.111037 0.875642 0.470023
-0.997923 -0.0251682 0.0593009
-0.997923 -0.0251684 0.0593009
-0.39579 0.0697395 0.915689
-0.39579 0.0697394 0.915689
-0.0587589 -0.87796 -0.475115
0.514059 -0.787673 0.33958
0.996211 -0.0210053 -0.0843891
0.423393 -0.111292 -0.899084
BONE = 28
BONE_NAME = Cylinder13
PARENT_ID = 3
LOCALTM 
MAT 0.33303 -0.302759 0.402434 0.0
MAT -0.334568 0.227598 0.448095 0.0
MAT -0.376405 -0.470171 -0.0422293 0.0
MAT 0.151858 -0.228278 0.00947235 1.0
WORLDTM 
MAT -0.583803 0.559835 0.348434 0.0
MAT -0.656988 -0.533673 -0.243327 0.0
MAT 0.0564624 -0.421219 0.771384 0.0
MAT 0.099051 0.98378 0.177653 1.0
VERTEX = 9
0.0721104 1.03924 0.0917479
0.0751214 1.04803 0.0880662
0.081323 1.04329 0.0818148
0.0783121 1.0345 0.0854965
0.079878 1.04126 0.0907191
0.0801791 1.04214 0.090351
0.0807993 1.04167 0.0897258
0.0804982 1.04079 0.090094
0.0803386 1.04147 0.0902225
INDEX = 14
4 5 7
6 7 5
1 2 5
6 5 2
0 1 4
5 4 1
7 6 3
2 3 6
4 7 0
3 0 7
8 1 0
8 2 1
8 3 2
8 0 3
FACE-NORMAL = 14
-0.724383 -0.0401013 -0.68823
-0.724383 -0.0401013 -0.68823
-0.708391 -0.680668 -0.186743
-0.708391 -0.680668 -0.186743
-0.0236198 -0.379088 -0.925059
-0.02362 -0.379088 -0.925059
-0.945555 0.325435 0.00425658
-0.945555 0.325435 0.00425673
-0.260783 0.627015 -0.73406
-0.260783 0.627015 -0.73406
0.0736915 0.363467 0.928688
0.725125 0.650365 0.226317
0.950742 -0.306756 0.0446157
0.299308 -0.593653 0.746987
BONE = 29
BONE_NAME = Star2Part03
PARENT_ID = 3
LOCALTM 
MAT 0.0515097 0.468721 0.497603 0.0
MAT 0.241704 -0.479269 0.426431 0.0
MAT 0.639443 0.143402 -0.201271 0.0
MAT 0.201167 -0.17619 0.02275 1.0
WORLDTM 
MAT -0.724383 -0.0401013 -0.68823 0.0
MAT -0.620169 0.47392 0.625135 0.0
MAT 0.301097 0.879653 -0.368169 0.0
MAT 0.0803386 1.04147 0.0902225 1.0
VERTEX = 9
0.15408 1.03791 0.108276
0.155539 1.0449 0.101276
0.149889 1.03968 0.0948855
0.148431 1.03269 0.101885
0.156255 1.03626 0.100656
0.156401 1.03696 0.0999557
0.155836 1.03644 0.0993166
0.15569 1.03574 0.100017
0.156045 1.03635 0.0999861
INDEX = 14
4 5 7
6 7 5
1 2 5
6 5 2
0 1 4
5 4 1
7 6 3
2 3 6
4 7 0
3 0 7
8 1 0
8 2 1
8 3 2
8 0 3
FACE-NORMAL = 14
-0.812122 0.48864 0.318886
-0.812122 0.48864 0.318886
-0.651693 -0.192808 0.733568
-0.651693 -0.192808 0.733568
-0.963215 -0.0610474 -0.261704
-0.963216 -0.0610473 -0.261704
-0.123347 0.714813 0.688351
-0.123347 0.714813 0.688352
-0.43487 0.846574 -0.306921
-0.434869 0.846574 -0.306921
0.973747 0.0235232 0.226414
0.677391 0.148869 -0.720403
0.174767 -0.714564 -0.677388
0.471123 -0.839911 0.26943
BONE = 30
BONE_NAME = Star2Part04
PARENT_ID = 3
LOCALTM 
MAT 0.287299 -0.274485 0.55864 0.0
MAT 0.278734 -0.493402 -0.385778 0.0
MAT 0.556532 0.388812 -0.0951741 0.0
MAT 0.196948 -0.182101 -0.0291918 1.0
WORLDTM 
MAT -0.812122 0.48864 0.318886 0.0
MAT 0.564964 0.521908 0.639086 0.0
MAT 0.145853 0.699172 -0.699917 0.0
MAT 0.156045 1.03635 0.0999861 1.0
VERTEX = 9
0.121259 0.769949 -0.036314
0.121367 0.777622 -0.0261307
0.121172 0.769638 -0.0201127
0.121064 0.761965 -0.030296
0.113509 0.769968 -0.0290616
0.11352 0.770735 -0.0280433
0.1135 0.769937 -0.0274415
0.113489 0.769169 -0.0284598
0.113505 0.769952 -0.0282515
INDEX = 14
4 5 7
6 7 5
1 2 5
6 5 2
0 1 4
5 4 1
7 6 3
2 3 6
4 7 0
3 0 7
8 1 0
8 2 1
8 3 2
8 0 3
FACE-NORMAL = 14
0.999775 -0.0206116 0.00494779
0.999775 -0.0206116 0.00494779
0.662531 -0.461074 -0.590308
0.662531 -0.461074 -0.590308
0.654366 -0.607242 0.450625
0.654366 -0.607242 0.450625
0.683263 0.579664 -0.444005
0.683263 0.579665 -0.444005
0.675098 0.433497 0.596928
0.675098 0.433497 0.596928
-0.693203 0.579135 -0.429036
-0.70097 0.440084 0.561219
-0.720693 -0.549986 0.422039
-0.712926 -0.410935 -0.568216
BONE = 31
BONE_NAME = Vol_Target
PARENT_ID = 3
LOCALTM 
MAT -0.0141629 -4.72646e-007 -1.05738 0.0
MAT 0.61109 0.310588 -0.00818531 0.0
MAT 0.395993 -0.779268 -0.00530373 0.0
MAT 0.03227 -0.0636683 -0.0011562 1.0
WORLDTM 
MAT 1.5422 -0.0317944 0.00763221 0.0
MAT 0.0194389 0.798411 -0.601802 0.0
MAT 0.0107791 0.767304 1.01833 0.0
MAT 0.113505 0.769952 -0.0282515 1.0
VERTEX = 9
0.0866411 0.607609 -0.0940064
0.0989321 0.608093 -0.0932793
0.0981115 0.610983 -0.081329
0.0858205 0.610499 -0.0820562
0.0916535 0.615112 -0.0897589
0.0928826 0.61516 -0.0896862
0.0928005 0.615449 -0.0884912
0.0915714 0.615401 -0.0885639
0.092227 0.61528 -0.089125
INDEX = 14
4 5 7
6 7 5
1 2 5
6 5 2
0 1 4
5 4 1
7 6 3
2 3 6
4 7 0
3 0 7
8 1 0
8 2 1
8 3 2
8 0 3
FACE-NORMAL = 14
0.0242273 -0.97132 0.236539
0.0242273 -0.97132 0.236539
-0.725218 -0.678953 0.114374
-0.725218 -0.678953 0.114374
-0.0332977 -0.475466 0.879104
-0.0332977 -0.475466 0.879104
0.0657121 -0.824092 -0.562631
0.0657122 -0.824092 -0.562632
0.757632 -0.620604 0.202098
0.757632 -0.620604 0.202098
0.0299635 0.521 -0.85303
0.688197 0.714581 -0.125532
-0.0642261 0.852654 0.518514
-0.72246 0.659073 -0.208985
BONE = 32
BONE_NAME = BoneWaist
PARENT_ID = 1
LOCALTM 
MAT 0.0204653 -0.844471 0.000545323 0.0
MAT 0.05626 0.000819191 -0.842843 0.0
MAT 0.842595 0.0204562 0.0562634 0.0
MAT 0.0 0.0 0.0 1.0
WORLDTM 
MAT 0.0298529 -1.19686 0.291463 0.0
MAT 0.082067 -0.288968 -1.19502 0.0
MAT 1.2291 0.0483643 0.0727125 0.0
MAT 0.092227 0.61528 -0.089125 1.0
VERTEX = 9
0.0861514 0.590576 -0.0909471
0.088811 0.579772 -0.0856534
0.0876298 0.584933 -0.0745268
0.0849702 0.595737 -0.0798204
0.0928034 0.589491 -0.083597
0.0930693 0.588411 -0.0830677
0.0929512 0.588927 -0.081955
0.0926853 0.590007 -0.0824844
0.0928773 0.589209 -0.082776
INDEX = 14
4 5 7
6 7 5
1 2 5
6 5 2
0 1 4
5 4 1
7 6 3
2 3 6
4 7 0
3 0 7
8 1 0
8 2 1
8 3 2
8 0 3
FACE-NORMAL = 14
-0.971711 -0.236087 0.00634817
-0.971711 -0.236087 0.00634817
-0.810476 0.493815 -0.31508
-0.810476 0.493815 -0.31508
-0.721292 0.153378 0.675435
-0.721292 0.153378 0.675435
-0.578789 -0.469246 -0.666942
-0.578789 -0.469246 -0.666942
-0.489605 -0.809684 0.323573
-0.489605 -0.809684 0.323573
0.754886 -0.129217 -0.643001
0.839728 -0.45308 0.299291
0.619321 0.463095 0.634023
0.534479 0.786958 -0.308269
BONE = 33
BONE_NAME = connectBone01
PARENT_ID = 32
LOCALTM 
MAT 0.207276 -0.0155087 -0.97816 0.0
MAT 0.195545 0.980352 0.0258933 0.0
MAT 0.95854 -0.196641 0.206237 0.0
MAT 0.021783 0.0 0.0 1.0
WORLDTM 
MAT -1.19734 -0.290907 0.00782222 0.0
MAT 0.118118 -0.516079 -1.11267 0.0
MAT 0.265963 -1.08044 0.529365 0.0
MAT 0.0928773 0.589209 -0.082776 1.0
VERTEX = 9
-0.0276282 0.558704 -0.0948104
-0.0244427 0.551744 -0.0823931
-0.037613 0.555131 -0.0771158
-0.0407986 0.562092 -0.0895331
-0.0294206 0.563278 -0.0840755
-0.029102 0.562582 -0.0828338
-0.0304191 0.562921 -0.0823061
-0.0307376 0.563617 -0.0835478
-0.0299198 0.5631 -0.0831908
INDEX = 14
4 5 7
6 7 5
1 2 5
6 5 2
0 1 4
5 4 1
7 6 3
2 3 6
4 7 0
3 0 7
8 1 0
8 2 1
8 3 2
8 0 3
FACE-NORMAL = 14
-0.370296 -0.847586 -0.380104
-0.370296 -0.847586 -0.380104
-0.410035 -0.212339 -0.887008
-0.410035 -0.212339 -0.887008
-0.91882 -0.394405 0.0146343
-0.91882 -0.394405 0.0146343
0.423391 -0.739606 -0.523186
0.423391 -0.739606 -0.523186
-0.0853949 -0.921672 0.378456
-0.0853949 -0.921672 0.378456
0.900271 0.435137 0.0129555
0.416256 0.261934 0.870701
-0.376594 0.763531 0.524592
0.107421 0.936733 -0.333154
BONE = 34
BONE_NAME = BoneLegR
PARENT_ID = 33
LOCALTM 
MAT 0.659996 0.784552 0.591881 0.0
MAT -0.976433 0.604332 0.287748 0.0
MAT -0.111454 -0.648615 0.984034 0.0
MAT 0.101838 -0.000374436 -0.0030753 1.0
WORLDTM 
MAT -0.540154 -1.23638 -0.55446 0.0
MAT 1.31704 -0.338726 -0.527734 0.0
MAT 0.318552 -0.696032 1.24173 0.0
MAT -0.0299198 0.5631 -0.0831908 1.0
VERTEX = 9
-0.119035 0.34141 -0.18346
-0.112843 0.346492 -0.171269
-0.126014 0.349879 -0.165992
-0.132206 0.344797 -0.178182
-0.12168 0.351844 -0.178612
-0.12106 0.352353 -0.177393
-0.122378 0.352691 -0.176866
-0.122997 0.352183 -0.178085
-0.122029 0.352268 -0.177739
INDEX = 14
4 5 7
6 7 5
1 2 5
6 5 2
0 1 4
5 4 1
7 6 3
2 3 6
4 7 0
3 0 7
8 1 0
8 2 1
8 3 2
8 0 3
FACE-NORMAL = 14
-0.0680067 -0.908119 0.413151
-0.0680067 -0.908119 0.413151
-0.361009 -0.86648 -0.344798
-0.361009 -0.86648 -0.344798
-0.716601 -0.434901 0.545292
