EXPORTER_V17
ANIMATION_EXPORT
BONEOBJECT_COUNT = 58
VERTEX = 9
0.00729355 0.00729355 -0.00729355
0.00729355 0.00729355 0.00729355
0.00729355 -0.00729355 0.00729355
0.00729355 -0.00729355 -0.00729355
0.0 0.000729355 -0.000729355
0.0 0.000729355 0.000729355
0.0 -0.000729355 0.000729355
0.0 -0.000729355 -0.000729355
0.0 0.0 0.0
INDEX = 14
4 5 7
6 7 5
1 2 5
6 5 2
0 1 4
5 4 1
7 6 3
2 3 6
4 7 0
3 0 7
8 1 0
8 2 1
8 3 2
8 0 3
FACE-NORMAL = 14
1.0 0.0 0.0
1.0 0.0 0.0
0.668965 0.0 -0.743294
0.668965 0.0 -0.743294
0.668965 -0.743294 0.0
0.668965 -0.743294 0.0
0.668965 0.743294 0.0
0.668965 0.743294 0.0
0.668965 0.0 0.743294
0.668965 0.0 0.743294
-0.707107 0.707107 0.0
-0.707107 0.0 0.707107
-0.707107 -0.707107 0.0
-0.707107 0.0 -0.707107
BONE = 0
BONE_NAME = Main
PARENT_ID = -1
LOCALTM 
MAT 1.45871 0.0 0.0 0.0
MAT 0.0 1.45871 0.0 0.0
MAT 0.0 0.0 1.45871 0.0
MAT 0.0 0.0 0.0 1.0
WORLDTM 
MAT 1.45871 0.0 0.0 0.0
MAT 0.0 1.45871 0.0 0.0
MAT 0.0 0.0 1.45871 0.0
MAT 0.0 0.0 0.0 1.0
VERTEX = 9
0.0995205 0.620647 -0.0979338
0.0995205 0.624089 -0.0837586
0.0995205 0.609914 -0.0803164
0.0995205 0.606472 -0.0944915
0.092227 0.615817 -0.0900059
0.092227 0.616161 -0.0885884
0.092227 0.614744 -0.0882442
0.092227 0.614399 -0.0896617
0.092227 0.61528 -0.0891251
INDEX = 14
4 5 7
6 7 5
1 2 5
6 5 2
0 1 4
5 4 1
7 6 3
2 3 6
4 7 0
3 0 7
8 1 0
8 2 1
8 3 2
8 0 3
FACE-NORMAL = 14
1.0 0.0 0.0
1.0 0.0 0.0
0.668965 -0.175403 -0.722302
0.668965 -0.175403 -0.722302
0.668965 -0.722302 0.175403
0.668965 -0.722302 0.175403
0.668965 0.722302 -0.175403
0.668965 0.722302 -0.175403
0.668965 0.175403 0.722302
0.668965 0.175403 0.722302
-0.707107 0.687136 -0.166864
-0.707107 0.166864 0.687136
-0.707107 -0.687136 0.166864
-0.707107 -0.166864 -0.687136
BONE = 1
BONE_NAME = Root
PARENT_ID = 0
LOCALTM 
MAT 1.0 0.0 0.0 0.0
MAT 0.0 0.971758 -0.235981 0.0
MAT 0.0 0.235981 0.971758 0.0
MAT 0.0632251 0.421798 -0.0610986 1.0
WORLDTM 
MAT 1.45871 0.0 0.0 0.0
MAT 0.0 1.41751 -0.344227 0.0
MAT 0.0 0.344227 1.41751 0.0
MAT 0.092227 0.61528 -0.0891251 1.0
VERTEX = 9
0.100193 0.64206 -0.103119
0.0861835 0.646003 -0.104099
0.0861604 0.649445 -0.0899241
0.10017 0.645502 -0.0889438
0.0918471 0.638575 -0.0955314
0.0904461 0.638969 -0.0956294
0.0904438 0.639314 -0.0942119
0.0918448 0.638919 -0.0941139
0.0911455 0.638944 -0.0948716
INDEX = 14
4 5 7
6 7 5
1 2 5
6 5 2
0 1 4
5 4 1
7 6 3
2 3 6
4 7 0
3 0 7
8 1 0
8 2 1
8 3 2
8 0 3
FACE-NORMAL = 14
0.278525 0.933408 -0.226214
0.278525 0.933408 -0.226214
0.900204 0.423504 -0.101375
0.900204 0.423505 -0.101375
0.185146 0.79982 0.570972
0.185146 0.79982 0.570972
0.187502 0.449014 -0.87363
0.187502 0.449014 -0.87363
-0.527556 0.82533 -0.201283
-0.527556 0.82533 -0.201283
-0.195827 -0.826883 -0.527178
-0.876072 -0.468888 0.112436
-0.198068 -0.493156 0.847093
0.482178 -0.851151 0.207479
BONE = 2
BONE_NAME = BoneBack01
PARENT_ID = 1
LOCALTM 
MAT 0.278525 0.960429 0.000441477 0.0
MAT 0.00158468 0.0 -0.999999 0.0
MAT -0.960428 0.278526 -0.00152194 0.0
MAT -0.000741441 0.0166941 0.0 1.0
WORLDTM 
MAT 0.406288 1.36157 -0.32998 0.0
MAT 0.00231159 -0.344227 -1.41751 0.0
MAT -1.40098 0.39429 -0.0980336 0.0
MAT 0.0911455 0.638944 -0.0948716 1.0
VERTEX = 9
0.118935 0.713247 -0.119891
0.104348 0.713353 -0.119941
0.104318 0.715902 -0.105578
0.118905 0.715796 -0.105529
0.112301 0.707261 -0.112176
0.110843 0.707271 -0.112181
0.11084 0.707526 -0.110745
0.112298 0.707516 -0.11074
0.11157 0.707393 -0.11146
INDEX = 14
4 5 7
6 7 5
1 2 5
6 5 2
0 1 4
5 4 1
7 6 3
2 3 6
4 7 0
3 0 7
8 1 0
8 2 1
8 3 2
8 0 3
FACE-NORMAL = 14
0.00771663 0.984589 -0.174714
0.00771663 0.984589 -0.174714
0.748433 0.653277 -0.114359
0.748433 0.653277 -0.114359
0.00362233 0.788534 0.61498
0.00362233 0.788534 0.61498
0.00670198 0.528777 -0.848735
0.00670198 0.528776 -0.848735
-0.738108 0.664034 -0.119395
-0.738108 0.664034 -0.119395
-0.00399162 -0.819765 -0.572686
-0.712541 -0.691093 0.121146
-0.00692134 -0.572654 0.819768
0.701628 -0.701326 0.125937
BONE = 3
BONE_NAME = BoneBack02
PARENT_ID = 2
LOCALTM 
MAT 0.960695 -0.0625523 0.270465 0.0
MAT 0.060212 0.998042 0.0169513 0.0
MAT -0.270996 -1.81375e-007 0.96258 0.0
MAT 0.0502721 0.0 0.0 1.0
WORLDTM 
MAT 0.0112563 1.43623 -0.254856 0.0
MAT 0.0030219 -0.254886 -1.43627 0.0
MAT -1.45866 0.0105557 -0.00494176 0.0
MAT 0.11157 0.707393 -0.11146 1.0
VERTEX = 9
-0.0463878 0.85399 0.0967323
-0.046399 0.855998 0.10889
-0.0452022 0.843899 0.110889
-0.045191 0.84189 0.0987322
-0.0519861 0.848858 0.103195
-0.0519872 0.849058 0.104411
-0.0518676 0.847848 0.104611
-0.0518665 0.847648 0.103395
-0.0519269 0.848353 0.103903
INDEX = 14
4 5 7
6 7 5
1 2 5
6 5 2
0 1 4
5 4 1
7 6 3
2 3 6
4 7 0
3 0 7
8 1 0
8 2 1
8 3 2
8 0 3
FACE-NORMAL = 14
0.995272 0.0959736 -0.014938
0.995272 0.0959736 -0.014938
0.666477 -0.0569446 -0.743348
0.666477 -0.0569446 -0.743348
0.737994 -0.665674 0.110647
0.737994 -0.665674 0.110647
0.593609 0.79408 -0.130633
0.593609 0.79408 -0.130633
0.665127 0.18535 0.723361
0.665127 0.18535 0.723362
-0.772441 0.626479 -0.104204
-0.704406 0.0473859 0.708214
-0.635086 -0.762206 0.12533
-0.703121 -0.183113 -0.687088
BONE = 4
BONE_NAME = BoneBackPack02
PARENT_ID = 3
LOCALTM 
MAT 0.0885139 -1.98372e-007 -0.840069 0.0
MAT 0.84001 -0.0101146 0.0885073 0.0
MAT -0.0100594 -0.844658 -0.00106012 0.0
MAT 0.0684843 -0.162485 0.112279 1.0
WORLDTM 
MAT 1.22637 0.118259 -0.0184066 0.0
MAT -0.119677 1.20996 -0.199992 0.0
MAT -0.00111934 0.200833 1.21572 0.0
MAT -0.0519269 0.848353 0.103903 1.0
VERTEX = 9
0.296479 0.871897 0.0942002
0.296453 0.87405 0.106333
0.296471 0.861918 0.108486
0.296497 0.859765 0.0963533
0.290314 0.867396 0.100618
0.290312 0.867611 0.101831
0.290313 0.866398 0.102046
0.290316 0.866182 0.100833
0.290314 0.866897 0.101332
INDEX = 14
4 5 7
6 7 5
1 2 5
6 5 2
0 1 4
5 4 1
7 6 3
2 3 6
4 7 0
3 0 7
8 1 0
8 2 1
8 3 2
8 0 3
FACE-NORMAL = 14
0.999997 0.00179506 0.00178549
0.999997 0.00179506 0.00178549
0.670502 -0.128677 -0.730663
0.670502 -0.128677 -0.730663
0.670044 -0.730657 0.131076
0.670044 -0.730657 0.131075
0.667881 0.733059 -0.128687
0.667881 0.733059 -0.128687
0.667423 0.131079 0.733052
0.667423 0.131079 0.733052
-0.708134 0.694958 -0.12482
-0.708569 0.122286 0.694965
-0.706075 -0.697497 0.122295
-0.70564 -0.124824 -0.697489
BONE = 5
BONE_NAME = BoneBackPack01
PARENT_ID = 3
LOCALTM 
MAT 0.00774808 -3.47209e-007 -0.844684 0.0
MAT 0.844685 -2.23517e-007 0.00774774 0.0
MAT -8.49366e-007 -0.844718 -1.70548e-007 0.0
MAT 0.0831193 -0.162485 -0.122235 1.0
WORLDTM 
MAT 1.2322 0.00221188 0.00220008 0.0
MAT -0.0017933 1.21324 -0.215311 0.0
MAT -0.00255241 0.215306 1.21324 0.0
MAT 0.290314 0.866897 0.101332 1.0
VERTEX = 9
0.1097 0.825021 -0.215562
0.109748 0.830446 -0.204499
0.122067 0.830195 -0.204429
0.12202 0.824769 -0.215492
0.115137 0.821819 -0.20784
0.115142 0.822362 -0.206733
0.116373 0.822336 -0.206726
0.116369 0.821794 -0.207833
0.115755 0.822078 -0.207283
INDEX = 14
4 5 7
6 7 5
1 2 5
6 5 2
0 1 4
5 4 1
7 6 3
2 3 6
4 7 0
3 0 7
8 1 0
8 2 1
8 3 2
8 0 3
FACE-NORMAL = 14
0.0208573 0.897614 -0.440288
0.0208573 0.897614 -0.440288
0.0110906 0.273194 -0.961895
0.0110906 0.273194 -0.961895
0.75708 0.585293 -0.29028
0.75708 0.585293 -0.29028
-0.729174 0.615652 -0.298794
-0.729174 0.615652 -0.298794
0.0168151 0.927751 0.372821
0.0168151 0.927751 0.372821
-0.721696 -0.620269 0.307281
-0.0120255 -0.323365 0.946198
0.692199 -0.64915 0.31538
-0.0174713 -0.946054 -0.323537
BONE = 6
BONE_NAME = BoneHead
PARENT_ID = 3
LOCALTM 
MAT 0.811662 0.233744 -0.0108714 0.0
MAT 0.0113135 1.57161e-007 0.844645 0.0
MAT 0.233723 -0.811735 -0.00313094 0.0
MAT 0.0889079 0.0509475 -0.00207727 1.0
WORLDTM 
MAT 0.0257004 1.10604 -0.542522 0.0
MAT -1.23192 0.0251645 -0.00705756 0.0
MAT 0.00474487 0.542547 1.10632 0.0
MAT 0.115755 0.822078 -0.207283 1.0
VERTEX = 9
0.112483 0.944781 -0.274306
0.112531 0.950207 -0.263243
0.12485 0.949955 -0.263172
0.124802 0.944529 -0.274235
0.11792 0.941579 -0.266583
0.117924 0.942122 -0.265477
0.119156 0.942097 -0.26547
0.119152 0.941554 -0.266576
0.118538 0.941838 -0.266026
INDEX = 14
4 5 7
6 7 5
1 2 5
6 5 2
0 1 4
5 4 1
7 6 3
2 3 6
4 7 0
3 0 7
8 1 0
8 2 1
8 3 2
8 0 3
FACE-NORMAL = 14
0.0208571 0.897614 -0.440289
0.0208571 0.897614 -0.440289
0.0110901 0.273194 -0.961895
0.0110901 0.273194 -0.961895
0.75708 0.585292 -0.29028
0.75708 0.585292 -0.29028
-0.729173 0.615652 -0.298795
-0.729174 0.615652 -0.298795
0.0168152 0.927751 0.372821
0.0168152 0.927751 0.372821
-0.721696 -0.620268 0.307281
-0.012025 -0.323364 0.946198
0.692199 -0.64915 0.315382
-0.0174714 -0.946054 -0.323537
BONE = 7
BONE_NAME = Bone06
PARENT_ID = 6
LOCALTM 
MAT 0.999997 2.64496e-007 -1.13249e-006 0.0
MAT 8.81031e-007 1.0 -4.014e-007 0.0
MAT 0.0 -4.37722e-007 1.0 0.0
MAT 0.108278 0.0 0.0 1.0
WORLDTM 
MAT 0.0257 1.10604 -0.542522 0.0
MAT -1.23193 0.0251653 -0.0070585 0.0
MAT 0.00474541 0.542547 1.10632 0.0
MAT 0.118538 0.941838 -0.266026 1.0
VERTEX = 9
0.122261 0.91505 -0.249955
0.122913 0.917313 -0.240236
0.122576 0.907583 -0.237948
0.121925 0.905321 -0.247667
0.117416 0.911928 -0.244273
0.117482 0.912154 -0.243301
0.117448 0.911182 -0.243073
0.117383 0.910955 -0.244044
0.117432 0.911555 -0.243673
INDEX = 14
4 5 7
6 7 5
1 2 5
6 5 2
0 1 4
5 4 1
7 6 3
2 3 6
4 7 0
3 0 7
8 1 0
8 2 1
8 3 2
8 0 3
FACE-NORMAL = 14
0.997308 -0.047632 -0.055752
0.997308 -0.047632 -0.055752
0.618748 -0.200031 -0.759696
0.618748 -0.200031 -0.759696
0.64213 -0.755019 0.132725
0.64213 -0.755019 0.132725
0.692198 0.69129 -0.207317
0.692198 0.69129 -0.207318
0.715579 0.136303 0.685104
0.715579 0.136303 0.685104
-0.681388 0.721629 -0.122321
-0.659145 0.193661 0.726653
-0.729018 -0.654266 0.201166
-0.751262 -0.126299 -0.647807
BONE = 8
BONE_NAME = Ref_Head
PARENT_ID = 6
LOCALTM 
MAT 0.00210474 -0.809718 -0.0545275 0.0
MAT 0.791033 -0.0101395 0.181088 0.0
MAT -0.181359 -0.0536175 0.789213 0.0
MAT 0.0782123 0.000291362 0.00546317 1.0
WORLDTM 
MAT 0.997307 -0.0476319 -0.0557519 0.0
MAT 0.0336802 0.972907 -0.228741 0.0
MAT 0.0651365 0.226246 0.97189 0.0
MAT 0.117432 0.911555 -0.243673 1.0
VERTEX = 9
0.117472 0.860677 -0.143728
0.117451 0.862424 -0.133882
0.11724 0.85258 -0.132136
0.117261 0.850833 -0.141982
0.112369 0.857136 -0.13854
0.112366 0.85731 -0.137556
0.112345 0.856326 -0.137381
0.112347 0.856151 -0.138366
0.112357 0.856731 -0.137961
INDEX = 14
4 5 7
6 7 5
1 2 5
6 5 2
0 1 4
5 4 1
7 6 3
2 3 6
4 7 0
3 0 7
8 1 0
8 2 1
8 3 2
8 0 3
FACE-NORMAL = 14
0.999775 -0.0204222 0.00572756
0.999775 -0.0204222 0.00572756
0.670354 -0.14354 -0.728026
0.670354 -0.14354 -0.728026
0.653124 -0.745363 0.13365
0.653124 -0.745363 0.13365
0.684504 0.71804 -0.125986
0.684504 0.71804 -0.125986
0.667275 0.116216 0.735689
0.667275 0.116216 0.735689
-0.692022 0.710519 -0.127548
-0.708412 0.137996 0.692177
-0.721874 -0.681638 0.119448
-0.705483 -0.109114 -0.700277
BONE = 9
BONE_NAME = Box_RtShoulder
PARENT_ID = 3
LOCALTM 
MAT -0.00918138 -1.19209e-007 -0.685476 0.0
MAT 0.685477 -1.93715e-007 -0.00918167 0.0
MAT -6.85453e-007 -0.685537 -1.39989e-007 0.0
MAT 0.103977 0.0 0.00026314 1.0
WORLDTM 
MAT 0.999774 -0.0204222 0.00572756 0.0
MAT 0.0211089 0.984404 -0.174652 0.0
MAT -0.00207142 0.174733 0.984613 0.0
MAT 0.112357 0.856731 -0.137961 1.0
VERTEX = 9
0.103364 0.861636 -0.153159
0.103057 0.847277 -0.150611
0.107497 0.849612 -0.136914
0.107805 0.863971 -0.139461
0.11217 0.855693 -0.148009
0.112139 0.854257 -0.147755
0.112583 0.854491 -0.146385
0.112614 0.855926 -0.14664
0.112376 0.855092 -0.147197
INDEX = 14
4 5 7
6 7 5
1 2 5
6 5 2
0 1 4
5 4 1
7 6 3
2 3 6
4 7 0
3 0 7
8 1 0
8 2 1
8 3 2
8 0 3
FACE-NORMAL = 14
-0.952307 0.0729866 0.296285
-0.952307 0.0729866 0.296285
-0.62137 0.780527 0.0683869
-0.62137 0.780527 0.0683869
-0.410792 0.167803 0.896154
-0.410792 0.167803 0.896154
-0.863327 -0.0701517 -0.499745
-0.863327 -0.0701517 -0.499745
-0.65275 -0.682876 0.328022
-0.652749 -0.682876 0.328022
0.458131 -0.164794 -0.873475
0.658457 -0.747688 -0.086008
0.888634 0.0615754 0.454465
0.688308 0.644469 -0.333003
BONE = 10
BONE_NAME = BoneShoulderR
PARENT_ID = 9
LOCALTM 
MAT -1.38852 -5.73695e-007 0.447025 0.0
MAT -0.447025 2.08616e-007 -1.38853 0.0
MAT 1.88127e-007 -1.45871 -8.34465e-007 0.0
MAT 0.0 0.0 -0.00938079 1.0
WORLDTM 
MAT -1.38914 0.106466 0.432194 0.0
MAT -0.444048 -0.233492 -1.36972 0.0
MAT -0.0307916 -1.43596 0.254766 0.0
MAT 0.112376 0.855092 -0.147197 1.0
VERTEX = 9
-0.226486 0.873574 -0.0461178
-0.213007 0.868128 -0.0473157
-0.208903 0.875696 -0.03554
-0.222382 0.881142 -0.0343422
-0.216686 0.880138 -0.0456205
-0.215338 0.879594 -0.0457403
-0.214928 0.88035 -0.0445627
-0.216276 0.880895 -0.044443
-0.215807 0.880244 -0.0450916
INDEX = 14
4 5 7
6 7 5
1 2 5
6 5 2
0 1 4
5 4 1
7 6 3
2 3 6
4 7 0
3 0 7
8 1 0
8 2 1
8 3 2
8 0 3
FACE-NORMAL = 14
-0.258786 -0.769057 0.58445
-0.258786 -0.769057 0.58445
-0.859959 -0.236963 0.452016
-0.859959 -0.236963 0.452016
0.0360129 -0.128845 0.991011
0.0360129 -0.128845 0.991011
-0.382251 -0.900099 -0.209059
-0.382251 -0.900099 -0.209059
0.513721 -0.79198 0.329937
0.513721 -0.79198 0.329937
-0.0159607 0.176952 -0.98409
0.836391 0.279807 -0.471336
0.38194 0.910658 0.157554
-0.470412 0.807803 -0.355201
BONE = 11
BONE_NAME = BoneArmR
PARENT_ID = 10
LOCALTM 
MAT 0.363477 -0.346917 0.8646 0.0
MAT -0.00910755 0.926711 0.375666 0.0
MAT -0.931558 -0.14442 0.333679 0.0
MAT 0.23625 0.0 0.0 1.0
WORLDTM 
MAT -0.377494 -1.12183 0.852543 0.0
MAT -0.410419 -0.75679 -1.17756 0.0
MAT 1.34792 -0.544608 -0.119788 0.0
MAT -0.215807 0.880244 -0.0450916 1.0
VERTEX = 9
-0.27665 0.725687 0.0627641
-0.262634 0.724454 0.0589156
-0.259596 0.71851 0.0718853
-0.273612 0.719742 0.0757338
-0.267644 0.729089 0.0695963
-0.266242 0.728966 0.0692114
-0.265938 0.728371 0.0705084
-0.26734 0.728495 0.0708933
-0.266791 0.72873 0.0700523
INDEX = 14
4 5 7
6 7 5
1 2 5
6 5 2
0 1 4
5 4 1
7 6 3
2 3 6
4 7 0
3 0 7
8 1 0
8 2 1
8 3 2
8 0 3
FACE-NORMAL = 14
-0.182656 -0.909275 -0.373974
-0.182656 -0.909275 -0.373974
-0.836393 -0.545457 -0.0540722
-0.836393 -0.545457 -0.0540723
0.0326272 -0.911185 0.410703
0.0326272 -0.911185 0.410703
-0.277009 -0.30536 -0.911055
-0.277009 -0.30536 -0.911055
0.59201 -0.671089 -0.446278
0.59201 -0.671088 -0.446278
-0.018123 0.931119 -0.364264
0.808589 0.583197 0.0778837
0.276438 0.354789 0.893144
-0.550273 0.702712 0.450995
BONE = 12
BONE_NAME = BoneForeArmR
PARENT_ID = 11
LOCALTM 
MAT 0.527985 0.825028 0.201404 0.0
MAT -0.779156 0.56493 -0.271603 0.0
MAT -0.337859 -0.0135211 0.941098 0.0
MAT 0.135059 0.0 0.0 1.0
WORLDTM 
MAT -0.266443 -1.32637 -0.54552 0.0
MAT -0.303829 0.594466 -1.29697 0.0
MAT 1.40161 -0.123277 -0.38485 0.0
MAT -0.266791 0.72873 0.0700523 1.0
VERTEX = 9
-0.324066 0.404075 0.00668228
-0.319098 0.39984 0.0142568
-0.322735 0.390899 0.0116434
-0.327704 0.395134 0.00406887
-0.327407 0.398874 0.0119063
-0.32691 0.398451 0.0126638
-0.327274 0.397557 0.0124024
-0.327771 0.39798 0.011645
-0.32734 0.398215 0.0121544
INDEX = 14
4 5 7
6 7 5
1 2 5
6 5 2
0 1 4
5 4 1
7 6 3
2 3 6
4 7 0
3 0 7
8 1 0
8 2 1
8 3 2
8 0 3
FACE-NORMAL = 14
0.787919 -0.145688 -0.598297
0.787919 -0.145688 -0.598297
0.157784 0.217362 -0.963254
0.157784 0.217362 -0.963254
0.25671 -0.762023 -0.594492
0.25671 -0.762023 -0.594492
0.797471 0.567107 -0.205987
0.797471 0.567107 -0.205986
0.896397 -0.412283 0.162776
0.896397 -0.412283 0.162776
-0.299926 0.735226 0.607855
-0.205816 -0.196478 0.958664
-0.81436 -0.529195 0.238264
-0.90847 0.402512 -0.112545
BONE = 13
BONE_NAME = Object02
PARENT_ID = 12
LOCALTM 
MAT 0.145539 0.211471 0.635662 0.0
MAT -0.669867 0.0385482 0.140544 0.0
MAT 0.00760779 -0.650962 0.214819 0.0
MAT 0.228449 -0.0484013 -0.0102643 1.0
WORLDTM 
MAT 0.787923 -0.145689 -0.598301 0.0
MAT 0.363757 0.894081 0.261342 0.0
MAT 0.496847 -0.423547 0.757456 0.0
MAT -0.32734 0.398215 0.0121544 1.0
VERTEX = 9
-0.30302 0.552141 -0.0140671
-0.299724 0.54828 -0.00545166
-0.301713 0.539075 -0.00881573
-0.30501 0.542936 -0.0174312
-0.307047 0.546564 -0.00980289
-0.306717 0.546178 -0.00894134
-0.306916 0.545257 -0.00927775
-0.307246 0.545643 -0.0101393
-0.306981 0.54591 -0.00954032
INDEX = 14
4 5 7
6 7 5
1 2 5
6 5 2
0 1 4
5 4 1
7 6 3
2 3 6
4 7 0
3 0 7
8 1 0
8 2 1
8 3 2
8 0 3
FACE-NORMAL = 14
0.922915 -0.0604959 -0.38022
0.922915 -0.0604959 -0.38022
0.372388 0.246523 -0.894737
0.372388 0.246523 -0.894737
0.469539 -0.724646 -0.504402
0.469539 -0.724646 -0.504402
0.765258 0.64371 -0.00430442
0.765258 0.64371 -0.00430433
0.862408 -0.327463 0.386031
0.862408 -0.327463 0.386031
-0.511939 0.693644 0.506731
-0.419518 -0.230243 0.878062
-0.793261 -0.608093 0.0309805
-0.885682 0.315798 -0.340351
BONE = 14
BONE_NAME = Mesh01
PARENT_ID = 12
LOCALTM 
MAT 0.0196213 0.0830705 0.680206 0.0
MAT -0.684919 0.0237021 0.0168606 0.0
MAT -0.021476 -0.680071 0.0836735 0.0
MAT 0.139397 0.00317739 -0.00148666 1.0
WORLDTM 
MAT 0.922918 -0.060496 -0.380221 0.0
MAT 0.198923 0.920467 0.336407 0.0
MAT 0.329625 -0.386109 0.861546 0.0
MAT -0.306981 0.54591 -0.00954032 1.0
VERTEX = 9
-0.29601 0.455406 0.156104
-0.2981 0.448102 0.162606
-0.288906 0.444369 0.161368
-0.286816 0.451673 0.154866
-0.294479 0.44758 0.154725
-0.294688 0.446849 0.155375
-0.293769 0.446476 0.155251
-0.29356 0.447207 0.154601
-0.294124 0.447028 0.154988
INDEX = 14
4 5 7
6 7 5
1 2 5
6 5 2
0 1 4
5 4 1
7 6 3
2 3 6
4 7 0
3 0 7
8 1 0
8 2 1
8 3 2
8 0 3
FACE-NORMAL = 14
0.333237 0.571903 0.749587
0.333237 0.571903 0.749587
0.378297 0.925507 0.0181468
0.378297 0.925507 0.018147
0.906293 0.105064 0.409382
0.906293 0.105065 0.409382
-0.460445 0.660101 0.593512
-0.460446 0.660101 0.593512
0.0675514 -0.160341 0.984747
0.0675513 -0.160341 0.984747
-0.885734 -0.140389 -0.442455
-0.383443 -0.920888 -0.0702671
0.414465 -0.668404 -0.61762
-0.087826 0.112095 -0.989809
BONE = 15
BONE_NAME = Star2Part10shell
PARENT_ID = 12
LOCALTM 
MAT -0.590396 -0.344703 0.0508001 0.0
MAT -0.149362 0.160089 -0.649633 0.0
MAT 0.314783 -0.570537 -0.212974 0.0
MAT 0.157244 -0.126568 -0.0170458 1.0
WORLDTM 
MAT 0.33324 0.571907 0.749592 0.0
MAT -0.919376 0.373362 0.12386 0.0
MAT -0.209032 -0.730428 0.650213 0.0
MAT -0.294124 0.447028 0.154988 1.0
VERTEX = 9
-0.374218 0.258 -0.0847151
-0.371721 0.252428 -0.0767956
-0.375828 0.244413 -0.0811403
-0.378325 0.249985 -0.0890598
-0.379327 0.25297 -0.0809613
-0.379077 0.252413 -0.0801694
-0.379488 0.251611 -0.0806039
-0.379738 0.252168 -0.0813958
-0.379407 0.252291 -0.0807826
INDEX = 14
4 5 7
6 7 5
1 2 5
6 5 2
0 1 4
5 4 1
7 6 3
2 3 6
4 7 0
3 0 7
8 1 0
8 2 1
8 3 2
8 0 3
FACE-NORMAL = 14
0.876887 -0.216827 -0.429017
0.876887 -0.216827 -0.429017
0.401018 0.269113 -0.87565
0.401018 0.269112 -0.87565
0.281291 -0.740851 -0.609931
0.281291 -0.740851 -0.609931
0.891924 0.450755 0.0359385
0.891924 0.450755 0.0359385
0.772195 -0.559212 0.301656
0.772195 -0.559213 0.301656
-0.329601 0.720114 0.610572
-0.4435 -0.240679 0.863355
-0.910506 -0.413478 -0.00385271
-0.796606 0.547319 -0.256634
BONE = 16
BONE_NAME = HitTestFuzzy01
PARENT_ID = 12
LOCALTM 
MAT 0.135343 0.075711 0.667771 0.0
MAT -0.662472 -0.0995314 0.145552 0.0
MAT 0.113023 -0.674032 0.0535136 0.0
MAT 0.349756 -0.0250868 -0.0192982 1.0
WORLDTM 
MAT 0.876891 -0.216828 -0.429019 0.0
MAT 0.410759 0.801571 0.434465 0.0
MAT 0.249682 -0.557197 0.791949 0.0
MAT -0.379407 0.252291 -0.0807826 1.0
VERTEX = 9
-0.221898 0.789811 0.330535
-0.220825 0.799549 0.328527
-0.217781 0.801149 0.337917
-0.218854 0.791412 0.339925
-0.224778 0.795723 0.335253
-0.22467 0.796697 0.335052
-0.224366 0.796857 0.335991
-0.224473 0.795883 0.336192
-0.224572 0.79629 0.335622
INDEX = 14
4 5 7
6 7 5
1 2 5
6 5 2
0 1 4
5 4 1
7 6 3
2 3 6
4 7 0
3 0 7
8 1 0
8 2 1
8 3 2
8 0 3
FACE-NORMAL = 14
0.946472 -0.16193 -0.27923
0.946472 -0.16193 -0.27923
0.553359 -0.832096 -0.0375465
0.553359 -0.832096 -0.0375466
0.859423 0.010652 0.511154
0.859423 0.0106519 0.511154
0.406889 -0.227303 -0.884745
0.406889 -0.227303 -0.884745
0.712953 0.615445 -0.336044
0.712953 0.615445 -0.336044
-0.884508 0.00131678 -0.466524
-0.593345 0.803035 0.0554632
-0.454006 0.227686 0.861416
-0.745169 -0.574032 0.339428
BONE = 17
BONE_NAME = Bone_HoseRt
PARENT_ID = 10
LOCALTM 
MAT -0.682715 -1.06357e-006 0.0621492 0.0
MAT 0.0 0.685538 0.0 0.0
MAT -0.0621499 1.86265e-007 -0.682715 0.0
MAT 0.3151 -0.23403 0.102366 1.0
WORLDTM 
MAT 0.946472 -0.16193 -0.27923 0.0
MAT -0.304411 -0.160067 -0.938995 0.0
MAT 0.107357 0.973734 -0.200794 0.0
MAT -0.224572 0.79629 0.335622 1.0
VERTEX = 9
0.118656 0.858162 -0.14328
0.118635 0.85991 -0.133433
0.118424 0.850066 -0.131687
0.118445 0.848318 -0.141533
0.113553 0.854621 -0.138092
0.113551 0.854796 -0.137107
0.11353 0.853811 -0.136932
0.113532 0.853637 -0.137917
0.113541 0.854216 -0.137512
INDEX = 14
4 5 7
6 7 5
1 2 5
6 5 2
0 1 4
5 4 1
7 6 3
2 3 6
4 7 0
3 0 7
8 1 0
8 2 1
8 3 2
8 0 3
FACE-NORMAL = 14
0.999775 -0.0204222 0.00572756
0.999775 -0.0204222 0.00572756
0.670354 -0.14354 -0.728026
0.670354 -0.14354 -0.728026
0.653124 -0.745363 0.13365
0.653124 -0.745363 0.13365
0.684504 0.71804 -0.125986
0.684504 0.71804 -0.125986
0.667275 0.116216 0.735689
0.667275 0.116216 0.735689
-0.692022 0.710519 -0.127548
-0.708412 0.137996 0.692177
-0.721874 -0.681638 0.119448
-0.705483 -0.109114 -0.700277
BONE = 18
BONE_NAME = Box_LftShoulder
PARENT_ID = 3
LOCALTM 
MAT -0.00918138 -1.19209e-007 -0.685476 0.0
MAT 0.685477 -1.93715e-007 -0.00918167 0.0
MAT -6.85453e-007 -0.685537 -1.39989e-007 0.0
MAT 0.102232 0.0 -0.000562213 1.0
WORLDTM 
MAT 0.999774 -0.0204222 0.00572756 0.0
MAT 0.0211089 0.984404 -0.174652 0.0
MAT -0.00207142 0.174733 0.984613 0.0
MAT 0.113541 0.854216 -0.137512 1.0
VERTEX = 9
0.122367 0.844319 -0.15047
0.122674 0.858679 -0.153017
0.11882 0.861216 -0.139179
0.118512 0.846857 -0.136632
0.113738 0.851732 -0.147313
0.113769 0.853168 -0.147568
0.113383 0.853422 -0.146184
0.113353 0.851986 -0.145929
0.113561 0.852577 -0.146748
INDEX = 14
4 5 7
6 7 5
1 2 5
6 5 2
0 1 4
5 4 1
7 6 3
2 3 6
4 7 0
3 0 7
8 1 0
8 2 1
8 3 2
8 0 3
FACE-NORMAL = 14
0.964227 0.0261247 0.263788
0.964227 0.0261247 0.263788
0.629344 -0.714225 0.306283
0.629344 -0.714225 0.306283
0.448629 0.146789 0.881581
0.448629 0.146789 0.881581
0.841439 -0.111836 -0.528652
0.841439 -0.111836 -0.528652
0.660724 0.749178 0.0466467
0.660724 0.749178 0.0466466
-0.494968 -0.141489 -0.857314
-0.666885 0.677606 -0.310024
-0.868655 0.104544 0.484262
-0.696738 -0.714552 -0.0630282
BONE = 19
BONE_NAME = BoneShoulderL
PARENT_ID = 18
LOCALTM 
MAT 1.40764 0.0 0.382614 0.0
MAT 0.382614 4.61936e-007 -1.40764 0.0
MAT 0.0 1.45871 1.19209e-007 0.0
MAT 0.0 0.0 -0.00938077 1.0
WORLDTM 
MAT 1.40653 0.0381083 0.384789 0.0
MAT 0.385444 -0.253774 -1.38379 0.0
MAT 0.0307918 1.43596 -0.254767 0.0
MAT 0.113561 0.852577 -0.146748 1.0
VERTEX = 9
0.438956 0.850288 -0.0596172
0.453173 0.853476 -0.0589132
0.451028 0.860228 -0.0461619
0.436811 0.85704 -0.0468659
0.443158 0.861027 -0.0570869
0.444579 0.861346 -0.0570165
0.444365 0.862021 -0.0557414
0.442943 0.861702 -0.0558118
0.443761 0.861524 -0.0564141
INDEX = 14
4 5 7
6 7 5
1 2 5
6 5 2
0 1 4
5 4 1
7 6 3
2 3 6
4 7 0
3 0 7
8 1 0
8 2 1
8 3 2
8 0 3
FACE-NORMAL = 14
0.168726 -0.859071 0.483247
0.168726 -0.859071 0.483247
-0.611563 -0.737151 0.287402
-0.611563 -0.737151 0.287402
0.00354282 -0.230662 0.973028
0.00354285 -0.230662 0.973028
0.222201 -0.918716 -0.326478
0.222201 -0.918716 -0.326478
0.837306 -0.412226 0.359149
0.837306 -0.412226 0.359149
-0.015301 0.280177 -0.959826
0.569858 0.762008 -0.30758
-0.223314 0.934734 0.276413
-0.808473 0.452902 -0.375834
BONE = 20
BONE_NAME = BoneArmL
PARENT_ID = 19
LOCALTM 
MAT 0.267722 -0.264388 -0.926512 0.0
MAT -0.100857 0.94864 -0.299845 0.0
MAT 0.958203 0.173723 0.227306 0.0
MAT 0.234763 0.0 1.19209e-007 1.0
WORLDTM 
MAT 0.246122 -1.25314 0.704917 0.0
MAT 0.214557 -0.675149 -1.27513 0.0
MAT 1.4217 0.318831 0.0704014 0.0
MAT 0.443761 0.861524 -0.0564141 1.0
VERTEX = 9
0.469485 0.695319 0.0255081
0.484035 0.695844 0.0264038
0.483639 0.68701 0.0380052
0.469089 0.686485 0.0371095
0.475374 0.697378 0.0355303
0.476829 0.697431 0.0356199
0.47679 0.696547 0.03678
0.475334 0.696495 0.0366905
0.476082 0.696963 0.0361552
INDEX = 14
4 5 7
6 7 5
1 2 5
6 5 2
0 1 4
5 4 1
7 6 3
2 3 6
4 7 0
3 0 7
8 1 0
8 2 1
8 3 2
8 0 3
FACE-NORMAL = 14
0.0658078 -0.794969 -0.603071
0.0658078 -0.794969 -0.603071
-0.697387 -0.558553 -0.449077
-0.697387 -0.558553 -0.449077
0.023863 -0.981932 0.187723
0.023863 -0.981932 0.187723
0.0641832 -0.0816792 -0.99459
0.0641832 -0.081679 -0.99459
0.785431 -0.505059 -0.357789
0.785431 -0.505059 -0.357789
-0.0273546 0.990339 -0.13594
0.658781 0.587572 0.469857
-0.0657117 0.133915 0.988812
-0.751846 0.536683 0.383014
BONE = 21
BONE_NAME = BoneForeArmL
PARENT_ID = 20
LOCALTM 
MAT 0.402607 0.904801 -0.138727 0.0
MAT -0.899999 0.41893 0.120412 0.0
MAT 0.167061 0.0763783 0.982983 0.0
MAT 0.131319 0.0 0.0 1.0
WORLDTM 
MAT 0.0959944 -1.15963 -0.879705 0.0
MAT 0.039564 0.883371 -1.16014 0.0
MAT 1.45501 0.052489 0.089575 0.0
MAT 0.476082 0.696963 0.0361552 1.0
VERTEX = 9
0.516355 0.536334 -0.0947829
0.513827 0.530669 -0.08694
0.514229 0.522508 -0.0927054
0.516757 0.528174 -0.100548
0.510565 0.530683 -0.0949937
0.510312 0.530117 -0.0942094
0.510352 0.529301 -0.0947859
0.510605 0.529867 -0.0955702
0.510459 0.529992 -0.0948898
INDEX = 14
4 5 7
6 7 5
1 2 5
6 5 2
0 1 4
5 4 1
7 6 3
2 3 6
4 7 0
3 0 7
8 1 0
8 2 1
8 3 2
8 0 3
FACE-NORMAL = 14
0.966678 -0.114166 0.229126
0.966678 -0.114166 0.229126
0.834581 0.344742 -0.429683
0.834581 0.344742 -0.429682
0.676611 -0.682956 -0.27526
0.676611 -0.682956 -0.27526
0.616736 0.530213 0.581817
0.616736 0.530213 0.581817
0.458768 -0.497486 0.736234
0.458768 -0.497486 0.736234
-0.712025 0.657779 0.245658
-0.862304 -0.319886 0.392562
-0.655065 -0.496326 -0.569693
-0.504787 0.481338 -0.716592
BONE = 22
BONE_NAME = Object03
PARENT_ID = 21
LOCALTM 
MAT 0.0110995 -0.154351 0.667845 0.0
MAT -0.68492 0.0237027 0.0168604 0.0
MAT -0.0268933 -0.667514 -0.153819 0.0
MAT 0.146724 0.00276992 0.0138711 1.0
WORLDTM 
MAT 0.966679 -0.114166 0.229127 0.0
MAT -0.0402786 0.816075 0.576539 0.0
MAT -0.2528 -0.56655 0.784289 0.0
MAT 0.510459 0.529992 -0.0948898 1.0
VERTEX = 9
0.44376 0.375357 0.0410971
0.448101 0.371528 0.0329431
0.439109 0.369139 0.0292773
0.434767 0.372968 0.0374313
0.441939 0.368097 0.0380184
0.442373 0.367714 0.037203
0.441474 0.367475 0.0368364
0.441039 0.367858 0.0376518
0.441706 0.367786 0.0374274
INDEX = 14
4 5 7
6 7 5
1 2 5
6 5 2
0 1 4
5 4 1
7 6 3
2 3 6
4 7 0
3 0 7
8 1 0
8 2 1
8 3 2
8 0 3
FACE-NORMAL = 14
-0.054367 0.89236 -0.448037
-0.054367 0.89236 -0.448037
-0.359069 0.881595 0.306364
-0.359069 0.881595 0.306364
-0.704745 0.419429 -0.572201
-0.704745 0.419429 -0.572201
0.632005 0.774486 -0.0272415
0.632005 0.774486 -0.0272414
0.286326 0.312323 -0.905799
0.286326 0.312323 -0.905799
0.674279 -0.462109 0.576024
0.345432 -0.901775 -0.259767
-0.597391 -0.799879 0.0575961
-0.268542 -0.360217 0.893381
BONE = 23
BONE_NAME = Star2Part05
PARENT_ID = 21
LOCALTM 
MAT -0.303541 0.613734 -0.0340277 0.0
MAT -0.241154 -0.0839994 0.6362 0.0
MAT 0.565386 0.29367 0.253092 0.0
MAT 0.177318 -0.13799 -0.0315722 1.0
WORLDTM 
MAT -0.0543672 0.892364 -0.448039 0.0
MAT 0.899204 0.23884 0.366583 0.0
MAT 0.434144 -0.382933 -0.8154 0.0
MAT 0.441706 0.367786 0.0374274 1.0
VERTEX = 9
0.559481 0.259621 -0.2339
0.557593 0.252416 -0.227229
0.560896 0.245552 -0.233708
0.562785 0.252758 -0.240379
0.555494 0.2528 -0.235652
0.555305 0.252079 -0.234985
0.555636 0.251393 -0.235633
0.555825 0.252113 -0.2363
0.555565 0.252096 -0.235642
INDEX = 14
4 5 7
6 7 5
1 2 5
6 5 2
0 1 4
5 4 1
7 6 3
2 3 6
4 7 0
3 0 7
8 1 0
8 2 1
8 3 2
8 0 3
FACE-NORMAL = 14
0.924775 0.0980389 0.367667
0.924775 0.0980389 0.367667
0.75901 0.601198 -0.249932
0.75901 0.601198 -0.249931
0.864188 -0.4446 -0.235605
0.864188 -0.4446 -0.235605
0.373094 0.575772 0.727521
0.373094 0.575772 0.727521
0.478275 -0.470025 0.741842
0.478275 -0.470025 0.741842
-0.887506 0.416022 0.198137
-0.787449 -0.578861 0.211766
-0.420322 -0.554673 -0.7181
-0.520382 0.44021 -0.731723
BONE = 24
BONE_NAME = HitTestFuzzy
PARENT_ID = 21
LOCALTM 
MAT -0.163715 -0.142569 0.650259 0.0
MAT -0.65682 -0.0744247 -0.181687 0.0
MAT 0.108371 -0.666406 -0.118817 0.0
MAT 0.358398 -0.0350184 0.0319341 1.0
WORLDTM 
MAT 0.924777 0.0980391 0.367668 0.0
MAT -0.330352 0.686386 0.647876 0.0
MAT -0.188842 -0.72059 0.667147 0.0
MAT 0.555565 0.252096 -0.235642 1.0
VERTEX = 9
0.37568 0.801929 0.322234
0.375365 0.811744 0.320346
0.372723 0.813484 0.329832
0.373038 0.803669 0.33172
0.369529 0.80673 0.324384
0.369498 0.807712 0.324195
0.369234 0.807886 0.325144
0.369265 0.806904 0.325332
0.369382 0.807308 0.324764
INDEX = 14
4 5 7
6 7 5
1 2 5
6 5 2
0 1 4
5 4 1
7 6 3
2 3 6
4 7 0
3 0 7
8 1 0
8 2 1
8 3 2
8 0 3
FACE-NORMAL = 14
0.963944 0.0797459 0.253875
0.963944 0.0797459 0.253875
0.668245 -0.676208 0.310147
0.668245 -0.676208 0.310147
0.44844 0.182659 0.87495
0.44844 0.182659 0.87495
0.84125 -0.0759643 -0.535284
0.841249 -0.0759643 -0.535284
0.621444 0.782902 0.0295201
0.621444 0.782902 0.02952
-0.494769 -0.179405 -0.850305
-0.703873 0.637648 -0.312999
-0.868454 0.0666271 0.491272
-0.65935 -0.750425 -0.0460345
BONE = 25
BONE_NAME = Bone_HoseLft
PARENT_ID = 19
LOCALTM 
MAT 0.684518 0.0 0.0373687 0.0
MAT -6.80564e-007 0.685537 5.51343e-007 0.0
MAT -0.0373685 6.25849e-007 0.684518 0.0
MAT 0.253557 -0.254897 -0.0833019 1.0
WORLDTM 
MAT 0.963943 0.0797458 0.253875 0.0
MAT 0.264235 -0.173971 -0.948637 0.0
MAT -0.031482 0.981517 -0.188773 0.0
MAT 0.369382 0.807308 0.324764 1.0
VERTEX = 9
0.109472 0.902417 0.330905
0.109683 0.912261 0.329158
0.109703 0.910514 0.319312
0.109492 0.90067 0.321059
0.114847 0.905953 0.325718
0.114868 0.906937 0.325544
0.11487 0.906762 0.324559
0.114849 0.905778 0.324734
0.114858 0.906358 0.325139
INDEX = 14
4 5 7
6 7 5
1 2 5
6 5 2
0 1 4
5 4 1
7 6 3
2 3 6
4 7 0
3 0 7
8 1 0
8 2 1
8 3 2
8 0 3
FACE-NORMAL = 14
-0.999775 0.0204246 -0.00572557
-0.999775 0.0204246 -0.00572557
-0.684504 -0.71804 0.125987
-0.684504 -0.71804 0.125987
-0.667274 -0.116214 -0.73569
-0.667274 -0.116214 -0.735689
-0.670354 0.14354 0.728026
-0.670354 0.14354 0.728026
-0.653125 0.745363 -0.133647
-0.653125 0.745363 -0.133647
0.705483 0.109112 0.700277
0.721874 0.681638 -0.119449
0.708412 -0.137996 -0.692177
0.692022 -0.710519 0.127545
BONE = 26
BONE_NAME = Box10
PARENT_ID = 3
LOCALTM 
MAT 0.00968213 -1.59093e-006 0.722754 0.0
MAT -1.31875e-006 -0.685539 1.41724e-006 0.0
MAT 0.685475 -8.34465e-007 -0.00917958 0.0
MAT 0.0820202 -0.318528 -0.00228091 1.0
WORLDTM 
MAT -1.05415 0.0215353 -0.00603694 0.0
MAT -0.00207371 0.174733 0.984616 0.0
MAT 0.0211058 0.984402 -0.174651 0.0
MAT 0.114858 0.906358 0.325139 1.0
VERTEX = 9
0.130691 0.984395 0.185407
0.136333 0.977703 0.186384
0.139788 0.979463 0.178476
0.134145 0.986154 0.177499
0.131878 0.979451 0.180412
0.132442 0.978782 0.18051
0.132787 0.978957 0.179719
0.132223 0.979627 0.179621
0.132332 0.979204 0.180066
INDEX = 14
4 5 7
6 7 5
1 2 5
6 5 2
0 1 4
5 4 1
7 6 3
2 3 6
4 7 0
3 0 7
8 1 0
8 2 1
8 3 2
8 0 3
FACE-NORMAL = 14
0.660057 0.618749 0.425998
0.660057 0.618749 0.425998
-0.0346589 0.97865 0.202589
-0.0346588 0.97865 0.202589
0.733107 0.562405 -0.382433
0.733107 0.562405 -0.382433
0.150004 0.265438 0.952387
0.150004 0.265437 0.952387
0.917769 -0.150807 0.367366
0.917768 -0.150807 0.367366
-0.744088 -0.578776 0.333692
-0.0137016 -0.974757 -0.222848
-0.189374 -0.296267 -0.936143
-0.91976 0.0997133 -0.379604
BONE = 27
BONE_NAME = Cylinder10
PARENT_ID = 3
LOCALTM 
MAT 0.325957 -0.317693 -0.396671 0.0
MAT -0.215294 -0.513195 0.234103 0.0
MAT -0.460352 0.0150615 -0.39035 0.0
MAT 0.148658 -0.229307 -0.0135615 1.0
WORLDTM 
MAT 0.581318 0.544937 0.37518 0.0
MAT -0.345451 -0.175934 0.790797 0.0
MAT 0.564252 -0.66913 0.0976204 0.0
MAT 0.132332 0.979204 0.180066 1.0
VERTEX = 9
0.0922889 0.986017 0.174323
0.0928483 0.981805 0.182037
0.0994153 0.987143 0.184475
0.0988559 0.991355 0.176761
0.0984167 0.983725 0.177151
0.0984726 0.983304 0.177923
0.0991293 0.983838 0.178167
0.0990734 0.984259 0.177395
0.098773 0.983782 0.177659
INDEX = 14
4 5 7
6 7 5
1 2 5
6 5 2
0 1 4
5 4 1
7 6 3
2 3 6
4 7 0
3 0 7
8 1 0
8 2 1
8 3 2
8 0 3
FACE-NORMAL = 14
-0.663308 0.635538 0.395112
-0.663308 0.635538 0.395112
-0.490942 0.780641 -0.386749
-0.490942 0.780641 -0.386748
0.110505 0.875663 0.47011
0.110505 0.875663 0.47011
-0.997964 -0.0253574 0.0585225
-0.997964 -0.0253575 0.0585224
-0.396517 0.0696642 0.91538
-0.396517 0.069664 0.91538
-0.0582218 -0.87797 -0.475161
0.513944 -0.787575 0.339981
0.996281 -0.0208164 -0.0836118
0.424116 -0.111212 -0.898753
BONE = 28
BONE_NAME = Cylinder13
PARENT_ID = 3
LOCALTM 
MAT 0.33303 -0.302759 0.402434 0.0
MAT -0.334568 0.227598 0.448095 0.0
MAT -0.376405 -0.470171 -0.0422293 0.0
MAT 0.151858 -0.228278 0.00947234 1.0
WORLDTM 
MAT -0.584181 0.559724 0.347979 0.0
MAT -0.656697 -0.533797 -0.243839 0.0
MAT 0.0559406 -0.421208 0.771428 0.0
MAT 0.098773 0.983782 0.177659 1.0
VERTEX = 9
0.0718888 1.03923 0.0917329
0.074901 1.04803 0.0880535
0.0811085 1.04329 0.081807
0.0780963 1.03449 0.0854863
0.0796568 1.04126 0.0907102
0.0799581 1.04214 0.0903423
0.0805788 1.04167 0.0897176
0.0802776 1.04079 0.0900855
0.0801178 1.04146 0.0902139
INDEX = 14
4 5 7
6 7 5
1 2 5
6 5 2
0 1 4
5 4 1
7 6 3
2 3 6
4 7 0
3 0 7
8 1 0
8 2 1
8 3 2
8 0 3
FACE-NORMAL = 14
-0.723839 -0.0402376 -0.688794
-0.723839 -0.0402376 -0.688794
-0.708117 -0.680802 -0.187295
-0.708117 -0.680802 -0.187295
-0.0228266 -0.379092 -0.925078
-0.0228268 -0.379092 -0.925078
-0.945619 0.325257 0.00351915
-0.945619 0.325257 0.0035193
-0.260329 0.626966 -0.734263
-0.260329 0.626966 -0.734263
0.0728984 0.363481 0.928745
0.724825 0.650502 0.226882
0.950765 -0.306576 0.0453572
0.298838 -0.593597 0.74722
BONE = 29
BONE_NAME = Star2Part03
PARENT_ID = 3
LOCALTM 
MAT 0.0515102 0.468721 0.497603 0.0
MAT 0.241704 -0.479269 0.426431 0.0
MAT 0.639443 0.143402 -0.201271 0.0
MAT 0.201167 -0.17619 0.02275 1.0
WORLDTM 
MAT -0.723839 -0.0402376 -0.688794 0.0
MAT -0.620746 0.473803 0.624651 0.0
MAT 0.301217 0.879709 -0.367934 0.0
MAT 0.0801178 1.04146 0.0902139 1.0
VERTEX = 9
0.153846 1.03792 0.108325
0.155309 1.04491 0.101327
0.149665 1.03969 0.0949313
0.148203 1.0327 0.101929
0.156027 1.03627 0.100706
0.156173 1.03697 0.100006
0.155609 1.03645 0.099367
0.155463 1.03575 0.100067
0.155818 1.03636 0.100037
INDEX = 14
4 5 7
6 7 5
1 2 5
6 5 2
0 1 4
5 4 1
7 6 3
2 3 6
4 7 0
3 0 7
8 1 0
8 2 1
8 3 2
8 0 3
FACE-NORMAL = 14
-0.812463 0.488486 0.318253
-0.812463 0.488486 0.318253
-0.652228 -0.192932 0.73306
-0.652228 -0.192932 0.73306
-0.963 -0.0612299 -0.262455
-0.963 -0.0612298 -0.262455
-0.124019 0.714789 0.688255
-0.124019 0.714789 0.688255
-0.434791 0.846492 -0.30726
-0.434791 0.846492 -0.30726
0.973566 0.0237077 0.227174
0.677924 0.148998 -0.719874
0.175431 -0.714531 -0.677251
0.471073 -0.839822 0.269797
BONE = 30
BONE_NAME = Star2Part04
PARENT_ID = 3
LOCALTM 
MAT 0.287299 -0.274485 0.55864 0.0
MAT 0.278734 -0.493402 -0.385778 0.0
MAT 0.556532 0.388812 -0.0951738 0.0
MAT 0.196948 -0.182101 -0.0291918 1.0
WORLDTM 
MAT -0.812463 0.488486 0.318253 0.0
MAT 0.564367 0.522015 0.639526 0.0
MAT 0.146266 0.6992 -0.699803 0.0
MAT 0.155818 1.03636 0.100037 1.0
VERTEX = 9
0.121188 0.769955 -0.0362906
0.121287 0.777628 -0.0261072
0.121089 0.769643 -0.0200893
0.120991 0.76197 -0.0302727
0.113433 0.769972 -0.0290442
0.113443 0.770739 -0.0280259
0.113423 0.769941 -0.0274241
0.113413 0.769174 -0.0284424
0.113428 0.769956 -0.0282341
INDEX = 14
4 5 7
6 7 5
1 2 5
6 5 2
0 1 4
5 4 1
7 6 3
2 3 6
4 7 0
3 0 7
8 1 0
8 2 1
8 3 2
8 0 3
FACE-NORMAL = 14
0.999775 -0.0204224 0.00572752
0.999775 -0.0204224 0.00572752
0.663078 -0.460948 -0.589791
0.663079 -0.460948 -0.589791
0.654129 -0.607118 0.451135
0.654129 -0.607117 0.451135
0.683499 0.579794 -0.443472
0.683499 0.579794 -0.443472
0.67455 0.433625 0.597454
0.67455 0.433625 0.597454
-0.692978 0.579004 -0.429577
-0.701491 0.439951 0.560672
-0.720918 -0.550122 0.421477
-0.712404 -0.41107 -0.568772
BONE = 31
BONE_NAME = Vol_Target
PARENT_ID = 3
LOCALTM 
MAT -0.0141629 0.0 -1.05738 0.0
MAT 0.61109 0.310588 -0.0081852 0.0
MAT 0.395993 -0.779267 -0.00530401 0.0
MAT 0.03227 -0.0636683 -0.00115621 1.0
WORLDTM 
MAT 1.5422 -0.0315026 0.00883497 0.0
MAT 0.0197566 0.798414 -0.601787 0.0
MAT 0.00983932 0.767305 1.01834 0.0
MAT 0.113428 0.769956 -0.0282341 1.0
VERTEX = 9
0.0866411 0.607609 -0.0940064
0.0989321 0.608093 -0.0932793
0.0981115 0.610983 -0.081329
0.0858205 0.610499 -0.0820562
0.0916535 0.615112 -0.0897589
0.0928826 0.61516 -0.0896862
0.0928005 0.615449 -0.0884912
0.0915714 0.615401 -0.0885639
0.092227 0.61528 -0.089125
INDEX = 14
4 5 7
6 7 5
1 2 5
6 5 2
0 1 4
5 4 1
7 6 3
2 3 6
4 7 0
3 0 7
8 1 0
8 2 1
8 3 2
8 0 3
FACE-NORMAL = 14
0.0242273 -0.97132 0.236539
0.0242273 -0.97132 0.236539
-0.725218 -0.678953 0.114374
-0.725218 -0.678953 0.114374
-0.0332977 -0.475466 0.879104
-0.0332977 -0.475466 0.879104
0.0657121 -0.824092 -0.562631
0.0657122 -0.824092 -0.562632
0.757632 -0.620604 0.202098
0.757632 -0.620604 0.202098
0.0299635 0.521 -0.85303
0.688197 0.714581 -0.125532
-0.0642261 0.852654 0.518514
-0.72246 0.659073 -0.208985
BONE = 32
BONE_NAME = BoneWaist
PARENT_ID = 1
LOCALTM 
MAT 0.0204653 -0.844471 0.000545323 0.0
MAT 0.05626 0.000819191 -0.842843 0.0
MAT 0.842595 0.0204562 0.0562634 0.0
MAT 0.0 0.0 0.0 1.0
WORLDTM 
MAT 0.0298529 -1.19686 0.291463 0.0
MAT 0.082067 -0.288968 -1.19502 0.0
MAT 1.2291 0.0483643 0.0727125 0.0
MAT 0.092227 0.61528 -0.089125 1.0
VERTEX = 9
0.0861514 0.590576 -0.0909471
0.088811 0.579772 -0.0856534
0.0876298 0.584933 -0.0745268
0.0849702 0.595737 -0.0798204
0.0928034 0.589491 -0.083597
0.0930693 0.588411 -0.0830677
0.0929512 0.588927 -0.081955
0.0926853 0.590007 -0.0824844
0.0928773 0.589209 -0.082776
INDEX = 14
4 5 7
6 7 5
1 2 5
6 5 2
0 1 4
5 4 1
7 6 3
2 3 6
4 7 0
3 0 7
8 1 0
8 2 1
8 3 2
8 0 3
FACE-NORMAL = 14
-0.971711 -0.236088 0.00634824
-0.971711 -0.236088 0.00634824
-0.810476 0.493815 -0.31508
-0.810476 0.493815 -0.31508
-0.721292 0.153378 0.675435
-0.721292 0.153378 0.675435
-0.578789 -0.469246 -0.666942
-0.578789 -0.469246 -0.666942
-0.489605 -0.809684 0.323573
-0.489605 -0.809684 0.323573
0.754886 -0.129217 -0.643001
0.839728 -0.45308 0.299291
0.619321 0.463095 0.634023
0.534479 0.786958 -0.308269
BONE = 33
BONE_NAME = connectBone01
PARENT_ID = 32
LOCALTM 
MAT 0.207276 -0.0155088 -0.97816 0.0
MAT 0.195545 0.980352 0.0258933 0.0
MAT 0.95854 -0.196641 0.206237 0.0
MAT 0.021783 0.0 0.0 1.0
WORLDTM 
MAT -1.19734 -0.290907 0.0078223 0.0
MAT 0.118118 -0.516079 -1.11267 0.0
MAT 0.265963 -1.08044 0.529365 0.0
MAT 0.0928773 0.589209 -0.082776 1.0
VERTEX = 9
-0.0276282 0.558704 -0.0948104
-0.0244427 0.551744 -0.0823931
-0.037613 0.555131 -0.0771158
-0.0407986 0.562092 -0.0895331
-0.0294206 0.563278 -0.0840755
-0.029102 0.562582 -0.0828338
-0.0304191 0.562921 -0.0823061
-0.0307376 0.563617 -0.0835478
-0.0299198 0.5631 -0.0831908
INDEX = 14
4 5 7
6 7 5
1 2 5
6 5 2
0 1 4
5 4 1
7 6 3
2 3 6
4 7 0
3 0 7
8 1 0
8 2 1
8 3 2
8 0 3
FACE-NORMAL = 14
-0.370296 -0.847586 -0.380104
-0.370296 -0.847586 -0.380104
-0.410035 -0.212338 -0.887008
-0.410035 -0.212338 -0.887008
-0.91882 -0.394405 0.0146342
-0.91882 -0.394405 0.0146341
0.42339 -0.739605 -0.523187
0.42339 -0.739605 -0.523187
-0.0853951 -0.921672 0.378455
-0.085395 -0.921672 0.378455
0.900271 0.435136 0.0129557
0.416257 0.261934 0.870702
-0.376594 0.763531 0.524593
0.107421 0.936734 -0.333153
BONE = 34
BONE_NAME = BoneLegR
PARENT_ID = 33
LOCALTM 
MAT 0.659997 0.784553 0.59188 0.0
MAT -0.976433 0.604332 0.287748 0.0
MAT -0.111454 -0.648615 0.984035 0.0
MAT 0.101838 -0.000374421 -0.00307536 1.0
WORLDTM 
MAT -0.540154 -1.23638 -0.554461 0.0
MAT 1.31704 -0.338726 -0.527734 0.0
MAT 0.318553 -0.696033 1.24173 0.0
MAT -0.0299198 0.5631 -0.0831908 1.0
VERTEX = 9
-0.119035 0.34141 -0.18346
-0.112844 0.346492 -0.171269
-0.126014 0.349879 -0.165992
-0.132206 0.344797 -0.178183
-0.12168 0.351844 -0.178613
-0.121061 0.352353 -0.177394
-0.122378 0.352691 -0.176866
-0.122997 0.352183 -0.178085
-0.122029 0.352268 -0.177739
INDEX = 14
4 5 7
6 7 5
1 2 5
6 5 2
0 1 4
5 4 1
7 6 3
2 3 6
4 7 0
3 0 7
8 1 0
8 2 1
8 3 2
8 0 3
FACE-NORMAL = 14
-0.0680056 -0.90812 0.413152
-0.0680056 -0.90812 0.413152
-0.361008 -0.86648 -0.344798
-0.361008 -0.86648 -0.344798
-0.716601 -0.434902 0.545292
-0.716601 -0.434902 0.545292
