EXPORTER_V17
ANIMATION_EXPORT
BONEOBJECT_COUNT = 152
VERTEX = 9
-0.0952381 0.735256 -0.302849
-0.0952381 0.735256 -0.302849
-0.0952381 0.735256 -0.302849
-0.0952381 0.735256 -0.302849
-0.0952381 0.735256 -0.302849
-0.0952381 0.735256 -0.302849
-0.0952381 0.735256 -0.302849
-0.0952381 0.735256 -0.302849
-0.0952381 0.735256 -0.302849
INDEX = 14
4 5 7
6 7 5
1 2 5
6 5 2
0 1 4
5 4 1
7 6 3
2 3 6
4 7 0
3 0 7
8 1 0
8 2 1
8 3 2
8 0 3
FACE-NORMAL = 14
1.0 0.0 0.0
1.0 0.0 0.0
1.0 0.0 0.0
1.0 0.0 0.0
1.0 0.0 0.0
1.0 0.0 0.0
1.0 0.0 0.0
1.0 0.0 0.0
1.0 0.0 0.0
1.0 0.0 0.0
1.0 0.0 0.0
1.0 0.0 0.0
1.0 0.0 0.0
1.0 0.0 0.0
BONE = 0
BONE_NAME = Bone_Root
PARENT_ID = -1
LOCALTM 
MAT 0.999765 0.0 -0.0216856 0.0
MAT -0.0216856 0.0 -0.999765 0.0
MAT 0.0 1.0 0.0 0.0
MAT -0.0952381 0.735256 -0.302849 1.0
WORLDTM 
MAT 0.999765 0.0 -0.0216856 0.0
MAT -0.0216856 0.0 -0.999765 0.0
MAT 0.0 1.0 0.0 0.0
MAT -0.0952381 0.735256 -0.302849 1.0
VERTEX = 9
-0.0788986 0.509456 -0.133386
-0.0788986 0.509456 -0.133386
-0.0788986 0.509456 -0.133386
-0.0788986 0.509456 -0.133386
-0.0788986 0.509456 -0.133386
-0.0788986 0.509456 -0.133386
-0.0788986 0.509456 -0.133386
-0.0788986 0.509456 -0.133386
-0.0788986 0.509456 -0.133386
INDEX = 14
4 5 7
6 7 5
1 2 5
6 5 2
0 1 4
5 4 1
7 6 3
2 3 6
4 7 0
3 0 7
8 1 0
8 2 1
8 3 2
8 0 3
FACE-NORMAL = 14
1.0 0.0 0.0
1.0 0.0 0.0
1.0 0.0 0.0
1.0 0.0 0.0
1.0 0.0 0.0
1.0 0.0 0.0
1.0 0.0 0.0
1.0 0.0 0.0
1.0 0.0 0.0
1.0 0.0 0.0
1.0 0.0 0.0
1.0 0.0 0.0
1.0 0.0 0.0
1.0 0.0 0.0
BONE = 1
BONE_NAME = Bone_Pelvis
PARENT_ID = 0
LOCALTM 
MAT 0.975363 0.0 0.0 0.0
MAT 0.0 0.0 0.975363 0.0
MAT 0.0 -0.975363 0.0 0.0
MAT 0.0126608 -0.169778 -0.225801 1.0
WORLDTM 
MAT 0.975134 0.0 -0.0211513 0.0
MAT 0.0 0.975363 0.0 0.0
MAT 0.0211513 0.0 0.975134 0.0
MAT -0.0788986 0.509456 -0.133386 1.0
VERTEX = 9
-0.0593057 0.507945 0.558184
-0.0593057 0.507945 0.558184
-0.0593057 0.507945 0.558184
-0.0593057 0.507945 0.558184
-0.0593057 0.507945 0.558184
-0.0593057 0.507945 0.558184
-0.0593057 0.507945 0.558184
-0.0593057 0.507945 0.558184
-0.0593057 0.507945 0.558184
INDEX = 14
4 5 7
6 7 5
1 2 5
6 5 2
0 1 4
5 4 1
7 6 3
2 3 6
4 7 0
3 0 7
8 1 0
8 2 1
8 3 2
8 0 3
FACE-NORMAL = 14
1.0 0.0 0.0
1.0 0.0 0.0
1.0 0.0 0.0
1.0 0.0 0.0
1.0 0.0 0.0
1.0 0.0 0.0
1.0 0.0 0.0
1.0 0.0 0.0
1.0 0.0 0.0
1.0 0.0 0.0
1.0 0.0 0.0
1.0 0.0 0.0
1.0 0.0 0.0
1.0 0.0 0.0
BONE = 2
BONE_NAME = ThoraxBone
PARENT_ID = 1
LOCALTM 
MAT -0.472323 0.0 0.0 0.0
MAT 0.0 0.472323 0.0 0.0
MAT 0.0 0.0 -0.472323 0.0
MAT 0.00470719 -0.00154924 0.709308 1.0
WORLDTM 
MAT -0.460578 0.0 0.00999032 0.0
MAT 0.0 0.460686 0.0 0.0
MAT -0.00999032 0.0 -0.460578 0.0
MAT -0.0593057 0.507945 0.558184 1.0
VERTEX = 9
-0.0536268 0.582376 1.48803
-0.0536268 0.582376 1.48803
-0.0536268 0.582376 1.48803
-0.0536268 0.582376 1.48803
-0.0536268 0.582376 1.48803
-0.0536268 0.582376 1.48803
-0.0536268 0.582376 1.48803
-0.0536268 0.582376 1.48803
-0.0536268 0.582376 1.48803
INDEX = 14
4 5 7
6 7 5
1 2 5
6 5 2
0 1 4
5 4 1
7 6 3
2 3 6
4 7 0
3 0 7
8 1 0
8 2 1
8 3 2
8 0 3
FACE-NORMAL = 14
1.0 0.0 0.0
1.0 0.0 0.0
1.0 0.0 0.0
1.0 0.0 0.0
1.0 0.0 0.0
1.0 0.0 0.0
1.0 0.0 0.0
1.0 0.0 0.0
1.0 0.0 0.0
1.0 0.0 0.0
1.0 0.0 0.0
1.0 0.0 0.0
1.0 0.0 0.0
1.0 0.0 0.0
BONE = 3
BONE_NAME = BoneOuterButt
PARENT_ID = 2
LOCALTM 
MAT 1.41561e-007 2.09897e-007 2.34623 0.0
MAT 2.34623 -2.83233e-007 -2.16067e-007 0.0
MAT 1.724e-007 2.34623 -2.81439e-007 0.0
MAT 0.0314463 0.161566 -2.01819 1.0
WORLDTM 
MAT -0.0234397 1.55298e-007 -1.08062 0.0
MAT -1.08062 -1.3411e-007 0.0234397 0.0
MAT 0.0 1.08088 1.56928e-007 0.0
MAT -0.0536268 0.582376 1.48803 1.0
VERTEX = 9
-0.181836 0.468863 1.52459
-0.181836 0.468863 1.52459
-0.181836 0.468863 1.52459
-0.181836 0.468863 1.52459
-0.181836 0.468863 1.52459
-0.181836 0.468863 1.52459
-0.181836 0.468863 1.52459
-0.181836 0.468863 1.52459
-0.181836 0.468863 1.52459
INDEX = 14
4 5 7
6 7 5
1 2 5
6 5 2
0 1 4
5 4 1
7 6 3
2 3 6
4 7 0
3 0 7
8 1 0
8 2 1
8 3 2
8 0 3
FACE-NORMAL = 14
1.0 0.0 0.0
1.0 0.0 0.0
1.0 0.0 0.0
1.0 0.0 0.0
1.0 0.0 0.0
1.0 0.0 0.0
1.0 0.0 0.0
1.0 0.0 0.0
1.0 0.0 0.0
1.0 0.0 0.0
1.0 0.0 0.0
1.0 0.0 0.0
1.0 0.0 0.0
1.0 0.0 0.0
BONE = 4
BONE_NAME = BoneButtSpike02
PARENT_ID = 3
LOCALTM 
MAT 0.833945 -0.295148 0.270871 0.0
MAT 0.280711 0.876832 0.0911771 0.0
MAT -0.285805 0.0 0.879922 0.0
MAT -0.031243 0.119322 -0.10502 1.0
WORLDTM 
MAT 0.299396 0.292779 -0.908098 0.0
MAT -0.954105 0.0985512 -0.28279 0.0
MAT 0.00669918 0.951088 0.308848 0.0
MAT -0.181836 0.468863 1.52459 1.0
VERTEX = 9
0.0614581 0.469119 1.51855
0.0614581 0.469119 1.51855
0.0614581 0.469119 1.51855
0.0614581 0.469119 1.51855
0.0614581 0.469119 1.51855
0.0614581 0.469119 1.51855
0.0614581 0.469119 1.51855
0.0614581 0.469119 1.51855
0.0614581 0.469119 1.51855
INDEX = 14
4 5 7
6 7 5
1 2 5
6 5 2
0 1 4
5 4 1
7 6 3
2 3 6
4 7 0
3 0 7
8 1 0
8 2 1
8 3 2
8 0 3
FACE-NORMAL = 14
1.0 0.0 0.0
1.0 0.0 0.0
1.0 0.0 0.0
1.0 0.0 0.0
1.0 0.0 0.0
1.0 0.0 0.0
1.0 0.0 0.0
1.0 0.0 0.0
1.0 0.0 0.0
1.0 0.0 0.0
1.0 0.0 0.0
1.0 0.0 0.0
1.0 0.0 0.0
1.0 0.0 0.0
BONE = 5
BONE_NAME = BoneButtSpike03
PARENT_ID = 3
LOCALTM 
MAT 0.794195 0.384067 0.278735 0.0
MAT -0.362395 0.841689 -0.127188 0.0
MAT -0.306382 0.0 0.87297 0.0
MAT -0.0305403 -0.105836 -0.104782 1.0
WORLDTM 
MAT -0.433647 0.301279 -0.849224 0.0
MAT -0.901054 -0.137475 0.411342 0.0
MAT 0.00718146 0.943574 0.331084 0.0
MAT 0.0614581 0.469119 1.51855 1.0
VERTEX = 9
-0.0489935 0.678619 1.53226
-0.0489935 0.678619 1.53226
-0.0489935 0.678619 1.53226
-0.0489935 0.678619 1.53226
-0.0489935 0.678619 1.53226
-0.0489935 0.678619 1.53226
-0.0489935 0.678619 1.53226
-0.0489935 0.678619 1.53226
-0.0489935 0.678619 1.53226
INDEX = 14
4 5 7
6 7 5
1 2 5
6 5 2
0 1 4
5 4 1
7 6 3
2 3 6
4 7 0
3 0 7
8 1 0
8 2 1
8 3 2
8 0 3
FACE-NORMAL = 14
1.0 0.0 0.0
1.0 0.0 0.0
1.0 0.0 0.0
1.0 0.0 0.0
1.0 0.0 0.0
1.0 0.0 0.0
1.0 0.0 0.0
1.0 0.0 0.0
1.0 0.0 0.0
1.0 0.0 0.0
1.0 0.0 0.0
1.0 0.0 0.0
1.0 0.0 0.0
1.0 0.0 0.0
BONE = 6
BONE_NAME = BoneButtSpike01
PARENT_ID = 3
LOCALTM 
MAT 0.925174 0.0 0.0 0.0
MAT 0.0 0.925174 0.0 0.0
MAT 0.0 0.0 0.925174 0.0
MAT -0.0410047 -0.00339821 0.0890416 1.0
WORLDTM 
MAT -0.0216859 1.99885e-007 -0.999765 0.0
MAT -0.999765 -1.19209e-007 0.0216859 0.0
MAT 0.0 1.0 1.2666e-007 0.0
MAT -0.0489935 0.678619 1.53226 1.0
VERTEX = 9
-0.0486015 0.608584 1.5002
-0.0486015 0.608584 1.5002
-0.0486015 0.608584 1.5002
-0.0486015 0.608584 1.5002
-0.0486015 0.608584 1.5002
-0.0486015 0.608584 1.5002
-0.0486015 0.608584 1.5002
-0.0486015 0.608584 1.5002
-0.0486015 0.608584 1.5002
INDEX = 14
4 5 7
6 7 5
1 2 5
6 5 2
0 1 4
5 4 1
7 6 3
2 3 6
4 7 0
3 0 7
8 1 0
8 2 1
8 3 2
8 0 3
FACE-NORMAL = 14
1.0 0.0 0.0
1.0 0.0 0.0
1.0 0.0 0.0
1.0 0.0 0.0
1.0 0.0 0.0
1.0 0.0 0.0
1.0 0.0 0.0
1.0 0.0 0.0
1.0 0.0 0.0
1.0 0.0 0.0
1.0 0.0 0.0
1.0 0.0 0.0
1.0 0.0 0.0
1.0 0.0 0.0
BONE = 7
BONE_NAME = Star2Part01assgoo
PARENT_ID = 3
LOCALTM 
MAT -0.0156711 -0.902741 -0.000560453 0.0
MAT -0.707467 0.0191511 -0.198743 0.0
MAT 0.159641 -0.00374681 -0.880808 0.0
MAT -0.0113565 -0.00440401 0.0242466 1.0
WORLDTM 
MAT 0.97589 -0.000605662 -0.00422549 0.0
MAT -0.00411235 -0.214817 0.764954 0.0
MAT 0.000307024 -0.952046 -0.1726 0.0
MAT -0.0486015 0.608584 1.5002 1.0
VERTEX = 9
-0.0673781 0.71111 0.97393
-0.0673781 0.71111 0.97393
-0.0673781 0.71111 0.97393
-0.0673781 0.71111 0.97393
-0.0673781 0.71111 0.97393
-0.0673781 0.71111 0.97393
-0.0673781 0.71111 0.97393
-0.0673781 0.71111 0.97393
-0.0673781 0.71111 0.97393
INDEX = 14
4 5 7
6 7 5
1 2 5
6 5 2
0 1 4
5 4 1
7 6 3
2 3 6
4 7 0
3 0 7
8 1 0
8 2 1
8 3 2
8 0 3
FACE-NORMAL = 14
1.0 0.0 0.0
1.0 0.0 0.0
1.0 0.0 0.0
1.0 0.0 0.0
1.0 0.0 0.0
1.0 0.0 0.0
1.0 0.0 0.0
1.0 0.0 0.0
1.0 0.0 0.0
1.0 0.0 0.0
1.0 0.0 0.0
1.0 0.0 0.0
1.0 0.0 0.0
1.0 0.0 0.0
BONE = 8
BONE_NAME = Vol_Target 02
PARENT_ID = 2
LOCALTM 
MAT -1.96055 0.0 0.0929507 0.0
MAT -0.0110071 1.92926 -1.10912 0.0
MAT -0.0410777 -0.51696 -4.13915 0.0
MAT 0.0370888 0.441006 -0.901857 1.0
WORLDTM 
MAT 0.902059 0.0 -0.0623976 0.0
MAT 0.0161501 0.888783 0.510725 0.0
MAT 0.0602709 -0.238157 1.90599 0.0
MAT -0.0673781 0.71111 0.97393 1.0
VERTEX = 9
0.280905 0.468081 -0.393842
0.280905 0.468081 -0.393842
0.280905 0.468081 -0.393842
0.280905 0.468081 -0.393842
0.280905 0.468081 -0.393842
0.280905 0.468081 -0.393842
0.280905 0.468081 -0.393842
0.280905 0.468081 -0.393842
0.280905 0.468081 -0.393842
INDEX = 14
4 5 7
6 7 5
1 2 5
6 5 2
0 1 4
5 4 1
7 6 3
2 3 6
4 7 0
3 0 7
8 1 0
8 2 1
8 3 2
8 0 3
FACE-NORMAL = 14
1.0 0.0 0.0
1.0 0.0 0.0
1.0 0.0 0.0
1.0 0.0 0.0
1.0 0.0 0.0
1.0 0.0 0.0
1.0 0.0 0.0
1.0 0.0 0.0
1.0 0.0 0.0
1.0 0.0 0.0
1.0 0.0 0.0
1.0 0.0 0.0
1.0 0.0 0.0
1.0 0.0 0.0
BONE = 9
BONE_NAME = Bone02
PARENT_ID = 1
LOCALTM 
MAT 0.628846 0.0697442 -0.80675 0.0
MAT -0.808053 -0.0122356 -0.630918 0.0
MAT -0.0525467 1.02281 0.0474638 0.0
MAT 0.374595 -0.0424196 -0.258972 1.0
WORLDTM 
MAT 0.596145 0.068026 -0.79999 0.0
MAT -0.801305 -0.0119342 -0.598138 0.0
MAT -0.0502362 0.997612 0.0473949 0.0
MAT 0.280905 0.468081 -0.393842 1.0
VERTEX = 9
0.466338 0.489241 -0.642682
0.466338 0.489241 -0.642682
0.466338 0.489241 -0.642682
0.466338 0.489241 -0.642682
0.466338 0.489241 -0.642682
0.466338 0.489241 -0.642682
0.466338 0.489241 -0.642682
0.466338 0.489241 -0.642682
0.466338 0.489241 -0.642682
INDEX = 14
4 5 7
6 7 5
1 2 5
6 5 2
0 1 4
5 4 1
7 6 3
2 3 6
4 7 0
3 0 7
8 1 0
8 2 1
8 3 2
8 0 3
FACE-NORMAL = 14
1.0 0.0 0.0
1.0 0.0 0.0
1.0 0.0 0.0
1.0 0.0 0.0
1.0 0.0 0.0
1.0 0.0 0.0
1.0 0.0 0.0
1.0 0.0 0.0
1.0 0.0 0.0
1.0 0.0 0.0
1.0 0.0 0.0
1.0 0.0 0.0
1.0 0.0 0.0
1.0 0.0 0.0
BONE = 10
BONE_NAME = Bone03
PARENT_ID = 9
LOCALTM 
MAT 0.783353 0.0677865 -0.61787 0.0
MAT 0.0195716 0.990853 0.13352 0.0
MAT 0.621269 -0.116686 0.774861 0.0
MAT 0.311054 0.0 0.0 1.0
WORLDTM 
MAT 0.443713 -0.563916 -0.696504 0.0
MAT -0.789015 0.122707 -0.601996 0.0
MAT 0.424941 0.816666 -0.390491 0.0
MAT 0.466338 0.489241 -0.642682 1.0
VERTEX = 9
0.268199 0.39969 -0.0450633
0.268199 0.39969 -0.0450633
0.268199 0.39969 -0.0450633
0.268199 0.39969 -0.0450633
0.268199 0.39969 -0.0450633
0.268199 0.39969 -0.0450633
0.268199 0.39969 -0.0450633
0.268199 0.39969 -0.0450633
0.268199 0.39969 -0.0450633
INDEX = 14
4 5 7
6 7 5
1 2 5
6 5 2
0 1 4
5 4 1
7 6 3
2 3 6
4 7 0
3 0 7
8 1 0
8 2 1
8 3 2
8 0 3
FACE-NORMAL = 14
1.0 0.0 0.0
1.0 0.0 0.0
1.0 0.0 0.0
1.0 0.0 0.0
1.0 0.0 0.0
1.0 0.0 0.0
1.0 0.0 0.0
1.0 0.0 0.0
1.0 0.0 0.0
1.0 0.0 0.0
1.0 0.0 0.0
1.0 0.0 0.0
1.0 0.0 0.0
1.0 0.0 0.0
BONE = 11
BONE_NAME = Bone10
PARENT_ID = 1
LOCALTM 
MAT 0.862197 0.497748 -0.244993 0.0
MAT -0.313241 0.0630934 -0.974195 0.0
MAT -0.45788 0.894104 0.205132 0.0
MAT 0.353817 -0.112538 0.0982496 1.0
WORLDTM 
MAT 0.835575 0.485485 -0.257137 0.0
MAT -0.326057 0.061539 -0.943345 0.0
MAT -0.442156 0.872077 0.209716 0.0
MAT 0.268199 0.39969 -0.0450633 1.0
VERTEX = 9
0.590707 0.587073 -0.144311
0.590707 0.587073 -0.144311
0.590707 0.587073 -0.144311
0.590707 0.587073 -0.144311
0.590707 0.587073 -0.144311
0.590707 0.587073 -0.144311
0.590707 0.587073 -0.144311
0.590707 0.587073 -0.144311
0.590707 0.587073 -0.144311
INDEX = 14
4 5 7
6 7 5
1 2 5
6 5 2
0 1 4
5 4 1
7 6 3
2 3 6
4 7 0
3 0 7
8 1 0
8 2 1
8 3 2
8 0 3
FACE-NORMAL = 14
1.0 0.0 0.0
1.0 0.0 0.0
1.0 0.0 0.0
1.0 0.0 0.0
1.0 0.0 0.0
1.0 0.0 0.0
1.0 0.0 0.0
1.0 0.0 0.0
1.0 0.0 0.0
1.0 0.0 0.0
1.0 0.0 0.0
1.0 0.0 0.0
1.0 0.0 0.0
1.0 0.0 0.0
BONE = 12
BONE_NAME = Bone11
PARENT_ID = 11
LOCALTM 
MAT 0.216648 0.0 -0.97625 0.0
MAT 0.0 1.0 0.0 0.0
MAT 0.97625 0.0 0.216649 0.0
MAT 0.385971 0.0 0.0 1.0
WORLDTM 
MAT 0.612681 -0.746185 -0.260444 0.0
MAT -0.326057 0.061539 -0.943345 0.0
MAT 0.719938 0.662889 -0.205595 0.0
MAT 0.590707 0.587073 -0.144311 1.0
VERTEX = 9
-0.532365 0.422515 0.455728
-0.532365 0.422515 0.455728
-0.532365 0.422515 0.455728
-0.532365 0.422515 0.455728
-0.532365 0.422515 0.455728
-0.532365 0.422515 0.455728
-0.532365 0.422515 0.455728
-0.532365 0.422515 0.455728
-0.532365 0.422515 0.455728
INDEX = 14
4 5 7
6 7 5
1 2 5
6 5 2
0 1 4
5 4 1
7 6 3
2 3 6
4 7 0
3 0 7
8 1 0
8 2 1
8 3 2
8 0 3
FACE-NORMAL = 14
1.0 0.0 0.0
1.0 0.0 0.0
1.0 0.0 0.0
1.0 0.0 0.0
1.0 0.0 0.0
1.0 0.0 0.0
1.0 0.0 0.0
1.0 0.0 0.0
1.0 0.0 0.0
1.0 0.0 0.0
1.0 0.0 0.0
1.0 0.0 0.0
1.0 0.0 0.0
1.0 0.0 0.0
BONE = 13
BONE_NAME = Bone06(mirrored)
PARENT_ID = 1
LOCALTM 
MAT -0.370219 0.94458 0.147862 0.0
MAT 0.469499 0.0414889 0.910498 0.0
MAT 0.832866 0.396489 -0.447535 0.0
MAT -0.477909 -0.0891373 0.59377 1.0
WORLDTM 
MAT -0.357885 0.921308 0.152016 0.0
MAT 0.477083 0.0404667 0.877927 0.0
MAT 0.80269 0.386721 -0.454023 0.0
MAT -0.532365 0.422515 0.455728 1.0
VERTEX = 9
-0.638678 0.696198 0.500885
-0.638678 0.696198 0.500885
-0.638678 0.696198 0.500885
-0.638678 0.696198 0.500885
-0.638678 0.696198 0.500885
-0.638678 0.696198 0.500885
-0.638678 0.696198 0.500885
-0.638678 0.696198 0.500885
-0.638678 0.696198 0.500885
INDEX = 14
4 5 7
6 7 5
1 2 5
6 5 2
0 1 4
5 4 1
7 6 3
2 3 6
4 7 0
3 0 7
8 1 0
8 2 1
8 3 2
8 0 3
FACE-NORMAL = 14
1.0 0.0 0.0
1.0 0.0 0.0
1.0 0.0 0.0
1.0 0.0 0.0
1.0 0.0 0.0
1.0 0.0 0.0
1.0 0.0 0.0
1.0 0.0 0.0
1.0 0.0 0.0
1.0 0.0 0.0
1.0 0.0 0.0
1.0 0.0 0.0
1.0 0.0 0.0
1.0 0.0 0.0
BONE = 14
BONE_NAME = Bone07(mirrored)
PARENT_ID = 13
LOCALTM 
MAT -0.718077 0.089032 -0.690245 0.0
MAT 0.198467 0.976798 -0.0804759 0.0
MAT 0.667066 -0.194779 -0.719086 0.0
MAT 0.29706 0.0 1.49012e-007 1.0
WORLDTM 
MAT -0.254588 -0.9249 0.282392 0.0
MAT 0.330388 0.191255 0.924265 0.0
MAT -0.908862 0.328605 0.256885 0.0
MAT -0.638678 0.696198 0.500885 1.0
VERTEX = 9
-0.438323 0.39969 -0.0108639
-0.438323 0.39969 -0.0108639
-0.438323 0.39969 -0.0108639
-0.438323 0.39969 -0.0108639
-0.438323 0.39969 -0.0108639
-0.438323 0.39969 -0.0108639
-0.438323 0.39969 -0.0108639
-0.438323 0.39969 -0.0108639
-0.438323 0.39969 -0.0108639
INDEX = 14
4 5 7
6 7 5
1 2 5
6 5 2
0 1 4
5 4 1
7 6 3
2 3 6
4 7 0
3 0 7
8 1 0
8 2 1
8 3 2
8 0 3
FACE-NORMAL = 14
1.0 0.0 0.0
1.0 0.0 0.0
1.0 0.0 0.0
1.0 0.0 0.0
1.0 0.0 0.0
1.0 0.0 0.0
1.0 0.0 0.0
1.0 0.0 0.0
1.0 0.0 0.0
1.0 0.0 0.0
1.0 0.0 0.0
1.0 0.0 0.0
1.0 0.0 0.0
1.0 0.0 0.0
BONE = 15
BONE_NAME = Bone10(mirrored)
PARENT_ID = 1
LOCALTM 
MAT -0.697734 0.751138 0.0107457 0.0
MAT -0.0201602 -0.00406261 -1.02505 0.0
MAT -0.750944 -0.697805 0.0175348 0.0
MAT -0.371141 -0.112539 0.117596 1.0
WORLDTM 
MAT -0.680157 0.732632 0.0252365 0.0
MAT -0.0413402 -0.00396249 -0.999138 0.0
MAT -0.7319 -0.680613 0.0329823 0.0
MAT -0.438323 0.39969 -0.0108639 1.0
VERTEX = 9
-0.700844 0.682465 -0.00112342
-0.700844 0.682465 -0.00112342
-0.700844 0.682465 -0.00112342
-0.700844 0.682465 -0.00112342
-0.700844 0.682465 -0.00112342
-0.700844 0.682465 -0.00112342
-0.700844 0.682465 -0.00112342
-0.700844 0.682465 -0.00112342
-0.700844 0.682465 -0.00112342
INDEX = 14
4 5 7
6 7 5
1 2 5
6 5 2
0 1 4
5 4 1
7 6 3
2 3 6
4 7 0
3 0 7
8 1 0
8 2 1
8 3 2
8 0 3
FACE-NORMAL = 14
1.0 0.0 0.0
1.0 0.0 0.0
1.0 0.0 0.0
1.0 0.0 0.0
1.0 0.0 0.0
1.0 0.0 0.0
1.0 0.0 0.0
1.0 0.0 0.0
1.0 0.0 0.0
1.0 0.0 0.0
1.0 0.0 0.0
1.0 0.0 0.0
1.0 0.0 0.0
1.0 0.0 0.0
BONE = 16
BONE_NAME = Bone11(mirrored)
PARENT_ID = 15
LOCALTM 
MAT -0.294434 -1.51806e-007 0.955672 0.0
MAT 2.75671e-007 1.0 2.41213e-007 0.0
MAT -0.955672 3.32948e-007 -0.294434 0.0
MAT 0.385971 0.0 -4.17233e-007 1.0
WORLDTM 
MAT -0.499195 -0.866155 0.0240899 0.0
MAT -0.0413405 -0.00396245 -0.999137 0.0
MAT 0.865503 -0.49976 -0.0338292 0.0
MAT -0.700844 0.682465 -0.00112342 1.0
VERTEX = 9
-0.407391 0.406553 -0.378503
-0.407391 0.406553 -0.378503
-0.407391 0.406553 -0.378503
-0.407391 0.406553 -0.378503
-0.407391 0.406553 -0.378503
-0.407391 0.406553 -0.378503
-0.407391 0.406553 -0.378503
-0.407391 0.406553 -0.378503
-0.407391 0.406553 -0.378503
INDEX = 14
4 5 7
6 7 5
1 2 5
6 5 2
0 1 4
5 4 1
7 6 3
2 3 6
4 7 0
3 0 7
8 1 0
8 2 1
8 3 2
8 0 3
FACE-NORMAL = 14
1.0 0.0 0.0
1.0 0.0 0.0
1.0 0.0 0.0
1.0 0.0 0.0
1.0 0.0 0.0
1.0 0.0 0.0
1.0 0.0 0.0
1.0 0.0 0.0
1.0 0.0 0.0
1.0 0.0 0.0
1.0 0.0 0.0
1.0 0.0 0.0
1.0 0.0 0.0
1.0 0.0 0.0
BONE = 17
BONE_NAME = Bone06
PARENT_ID = 1
LOCALTM 
MAT -0.410882 0.831404 -0.43715 0.0
MAT 0.769573 0.0243628 -0.676994 0.0
MAT -0.5386 -0.599442 -0.633825 0.0
MAT -0.331261 -0.105502 -0.258552 1.0
WORLDTM 
MAT -0.409911 0.81092 -0.417589 0.0
MAT 0.736117 0.0237626 -0.676437 0.0
MAT -0.538614 -0.584674 -0.606673 0.0
MAT -0.407391 0.406553 -0.378503 1.0
VERTEX = 9
-0.553848 0.696286 -0.527703
-0.553848 0.696286 -0.527703
-0.553848 0.696286 -0.527703
-0.553848 0.696286 -0.527703
-0.553848 0.696286 -0.527703
-0.553848 0.696286 -0.527703
-0.553848 0.696286 -0.527703
-0.553848 0.696286 -0.527703
-0.553848 0.696286 -0.527703
INDEX = 14
4 5 7
6 7 5
1 2 5
6 5 2
0 1 4
5 4 1
7 6 3
2 3 6
4 7 0
3 0 7
8 1 0
8 2 1
8 3 2
8 0 3
FACE-NORMAL = 14
1.0 0.0 0.0
1.0 0.0 0.0
1.0 0.0 0.0
1.0 0.0 0.0
1.0 0.0 0.0
1.0 0.0 0.0
1.0 0.0 0.0
1.0 0.0 0.0
1.0 0.0 0.0
1.0 0.0 0.0
1.0 0.0 0.0
1.0 0.0 0.0
1.0 0.0 0.0
1.0 0.0 0.0
BONE = 18
BONE_NAME = Bone07
PARENT_ID = 17
LOCALTM 
MAT -0.314722 0.0450711 0.948113 0.0
MAT 0.257934 0.965345 0.03973 0.0
MAT -0.913465 0.257054 -0.315441 0.0
MAT 0.357289 0.0 -1.93715e-007 1.0
WORLDTM 
MAT -0.348481 -0.80848 -0.474257 0.0
MAT 0.583478 0.208874 -0.784809 0.0
MAT 0.733563 -0.55021 0.398941 0.0
MAT -0.553848 0.696286 -0.527703 1.0
VERTEX = 9
0.353864 0.390567 0.344211
0.353864 0.390567 0.344211
0.353864 0.390567 0.344211
0.353864 0.390567 0.344211
0.353864 0.390567 0.344211
0.353864 0.390567 0.344211
0.353864 0.390567 0.344211
0.353864 0.390567 0.344211
0.353864 0.390567 0.344211
INDEX = 14
4 5 7
6 7 5
1 2 5
6 5 2
0 1 4
5 4 1
7 6 3
2 3 6
4 7 0
3 0 7
8 1 0
8 2 1
8 3 2
8 0 3
FACE-NORMAL = 14
1.0 0.0 0.0
1.0 0.0 0.0
1.0 0.0 0.0
1.0 0.0 0.0
1.0 0.0 0.0
1.0 0.0 0.0
1.0 0.0 0.0
1.0 0.0 0.0
1.0 0.0 0.0
1.0 0.0 0.0
1.0 0.0 0.0
1.0 0.0 0.0
1.0 0.0 0.0
1.0 0.0 0.0
BONE = 19
BONE_NAME = Bone02(mirrored)
PARENT_ID = 1
LOCALTM 
MAT 0.619763 0.753165 0.3159 0.0
MAT -0.261591 -0.19261 0.972434 0.0
MAT 0.773706 -0.668431 0.0757359 0.0
MAT 0.432971 -0.121892 0.499167 1.0
WORLDTM 
MAT 0.611033 0.734609 0.294936 0.0
MAT -0.234518 -0.187865 0.953786 0.0
MAT 0.756068 -0.651963 0.0574878 0.0
MAT 0.353864 0.390567 0.344211 1.0
VERTEX = 9
0.533188 0.606158 0.430768
0.533188 0.606158 0.430768
0.533188 0.606158 0.430768
0.533188 0.606158 0.430768
0.533188 0.606158 0.430768
0.533188 0.606158 0.430768
0.533188 0.606158 0.430768
0.533188 0.606158 0.430768
0.533188 0.606158 0.430768
INDEX = 14
4 5 7
6 7 5
1 2 5
6 5 2
0 1 4
5 4 1
7 6 3
2 3 6
4 7 0
3 0 7
8 1 0
8 2 1
8 3 2
8 0 3
FACE-NORMAL = 14
1.0 0.0 0.0
1.0 0.0 0.0
1.0 0.0 0.0
1.0 0.0 0.0
1.0 0.0 0.0
1.0 0.0 0.0
1.0 0.0 0.0
1.0 0.0 0.0
1.0 0.0 0.0
1.0 0.0 0.0
1.0 0.0 0.0
1.0 0.0 0.0
1.0 0.0 0.0
1.0 0.0 0.0
BONE = 20
BONE_NAME = Bone03(mirrored)
PARENT_ID = 19
LOCALTM 
MAT -0.314687 0.0919784 0.944728 0.0
MAT 0.133281 0.989715 -0.0519625 0.0
MAT -0.939791 0.109563 -0.323709 0.0
MAT 0.293476 0.0 0.0 1.0
WORLDTM 
MAT 0.500425 -0.86438 0.0492256 0.0
MAT -0.189954 -0.0541453 0.980299 0.0
MAT -0.844685 -0.499916 -0.191288 0.0
MAT 0.533188 0.606158 0.430768 1.0
VERTEX = 9
0.0857047 0.528656 1.82583
0.0857047 0.528656 1.82583
0.0857047 0.528656 1.82583
0.0857047 0.528656 1.82583
0.0857047 0.528656 1.82583
0.0857047 0.528656 1.82583
0.0857047 0.528656 1.82583
0.0857047 0.528656 1.82583
0.0857047 0.528656 1.82583
INDEX = 14
4 5 7
6 7 5
1 2 5
6 5 2
0 1 4
5 4 1
7 6 3
2 3 6
4 7 0
3 0 7
8 1 0
8 2 1
8 3 2
8 0 3
FACE-NORMAL = 14
1.0 0.0 0.0
1.0 0.0 0.0
1.0 0.0 0.0
1.0 0.0 0.0
1.0 0.0 0.0
1.0 0.0 0.0
1.0 0.0 0.0
1.0 0.0 0.0
1.0 0.0 0.0
1.0 0.0 0.0
1.0 0.0 0.0
1.0 0.0 0.0
1.0 0.0 0.0
1.0 0.0 0.0
BONE = 21
BONE_NAME = HitTestFuzzy02
PARENT_ID = 1
LOCALTM 
MAT 0.989607 -0.0387544 -0.265201 0.0
MAT -0.268008 -0.134245 -0.980462 0.0
MAT 0.00233635 1.01569 -0.139707 0.0
MAT 0.125161 0.0196855 2.01189 1.0
WORLDTM 
MAT 0.95939 -0.0377996 -0.279538 0.0
MAT -0.282082 -0.130937 -0.950413 0.0
MAT -0.000676729 0.99067 -0.136283 0.0
MAT 0.0857047 0.528656 1.82583 1.0
VERTEX = 9
-0.18908 0.543123 1.82617
-0.18908 0.543123 1.82617
-0.18908 0.543123 1.82617
-0.18908 0.543123 1.82617
-0.18908 0.543123 1.82617
-0.18908 0.543123 1.82617
-0.18908 0.543123 1.82617
-0.18908 0.543123 1.82617
-0.18908 0.543123 1.82617
INDEX = 14
4 5 7
6 7 5
1 2 5
6 5 2
0 1 4
5 4 1
7 6 3
2 3 6
4 7 0
3 0 7
8 1 0
8 2 1
8 3 2
8 0 3
FACE-NORMAL = 14
1.0 0.0 0.0
1.0 0.0 0.0
1.0 0.0 0.0
1.0 0.0 0.0
1.0 0.0 0.0
1.0 0.0 0.0
1.0 0.0 0.0
1.0 0.0 0.0
1.0 0.0 0.0
1.0 0.0 0.0
1.0 0.0 0.0
1.0 0.0 0.0
1.0 0.0 0.0
1.0 0.0 0.0
BONE = 22
BONE_NAME = HitTestFuzzy01
PARENT_ID = 1
LOCALTM 
MAT 0.989748 0.0346327 0.265247 0.0
MAT 0.267489 -0.136992 -0.980224 0.0
MAT 0.00233016 1.01548 -0.141283 0.0
MAT -0.156505 0.0345176 2.00613 1.0
WORLDTM 
MAT 0.970747 0.0337794 0.237717 0.0
MAT 0.240104 -0.133617 -0.961507 0.0
MAT -0.000716094 0.990457 -0.137819 0.0
MAT -0.18908 0.543123 1.82617 1.0
VERTEX = 9
-0.0678402 0.59878 0.24545
-0.0678402 0.59878 0.24545
-0.0678402 0.59878 0.24545
-0.0678402 0.59878 0.24545
-0.0678402 0.59878 0.24545
-0.0678402 0.59878 0.24545
-0.0678402 0.59878 0.24545
-0.0678402 0.59878 0.24545
-0.0678402 0.59878 0.24545
INDEX = 14
4 5 7
6 7 5
1 2 5
6 5 2
0 1 4
5 4 1
7 6 3
2 3 6
4 7 0
3 0 7
8 1 0
8 2 1
8 3 2
8 0 3
FACE-NORMAL = 14
1.0 0.0 0.0
1.0 0.0 0.0
1.0 0.0 0.0
1.0 0.0 0.0
1.0 0.0 0.0
1.0 0.0 0.0
1.0 0.0 0.0
1.0 0.0 0.0
1.0 0.0 0.0
1.0 0.0 0.0
1.0 0.0 0.0
1.0 0.0 0.0
1.0 0.0 0.0
1.0 0.0 0.0
BONE = 23
BONE_NAME = Vol_Target 01
PARENT_ID = 1
LOCALTM 
MAT 2.52563 0.0 1.3411e-007 0.0
MAT 0.0 1.16522 9.46541e-006 0.0
MAT -1.41561e-007 -2.14098e-005 2.6356 0.0
MAT 0.0029123 0.0915799 0.38856 1.0
WORLDTM 
MAT 2.46283 0.0 -0.0534203 0.0
MAT 2.46243e-007 1.13651 9.22909e-006 0.0
MAT 0.0557463 -2.09609e-005 2.57006 0.0
MAT -0.0678402 0.59878 0.24545 1.0
VERTEX = 9
-0.0945384 0.812202 -0.382297
-0.0945384 0.812202 -0.382297
-0.0945384 0.812202 -0.382297
-0.0945384 0.812202 -0.382297
-0.0945384 0.812202 -0.382297
-0.0945384 0.812202 -0.382297
-0.0945384 0.812202 -0.382297
-0.0945384 0.812202 -0.382297
-0.0945384 0.812202 -0.382297
INDEX = 14
4 5 7
6 7 5
1 2 5
6 5 2
0 1 4
5 4 1
7 6 3
2 3 6
4 7 0
3 0 7
8 1 0
8 2 1
8 3 2
8 0 3
FACE-NORMAL = 14
1.0 0.0 0.0
1.0 0.0 0.0
1.0 0.0 0.0
1.0 0.0 0.0
1.0 0.0 0.0
1.0 0.0 0.0
1.0 0.0 0.0
1.0 0.0 0.0
1.0 0.0 0.0
1.0 0.0 0.0
1.0 0.0 0.0
1.0 0.0 0.0
1.0 0.0 0.0
1.0 0.0 0.0
BONE = 24
BONE_NAME = BoneSpine01
PARENT_ID = 0
LOCALTM 
MAT -0.0538562 0.998544 0.00310072 0.0
MAT -0.997231 -0.0536255 -0.0515246 0.0
MAT -0.0512833 -0.00586704 0.998667 0.0
MAT 0.00242242 0.0794136 0.0769455 1.0
WORLDTM 
MAT -0.0754976 0.00310072 -0.997141 0.0
MAT -0.995833 -0.0515246 0.0752384 0.0
MAT -0.051144 0.998667 0.00697776 0.0
MAT -0.0945384 0.812202 -0.382297 1.0
VERTEX = 9
-0.0983404 1.01771 -0.291887
-0.0983404 1.01771 -0.291887
-0.0983404 1.01771 -0.291887
-0.0983404 1.01771 -0.291887
-0.0983404 1.01771 -0.291887
-0.0983404 1.01771 -0.291887
-0.0983404 1.01771 -0.291887
-0.0983404 1.01771 -0.291887
-0.0983404 1.01771 -0.291887
INDEX = 14
4 5 7
6 7 5
1 2 5
6 5 2
0 1 4
5 4 1
7 6 3
2 3 6
4 7 0
3 0 7
8 1 0
8 2 1
8 3 2
8 0 3
FACE-NORMAL = 14
1.0 0.0 0.0
1.0 0.0 0.0
1.0 0.0 0.0
1.0 0.0 0.0
1.0 0.0 0.0
1.0 0.0 0.0
1.0 0.0 0.0
1.0 0.0 0.0
1.0 0.0 0.0
1.0 0.0 0.0
1.0 0.0 0.0
1.0 0.0 0.0
1.0 0.0 0.0
1.0 0.0 0.0
BONE = 25
BONE_NAME = BoneSpine02
PARENT_ID = 24
LOCALTM 
MAT 0.998704 0.0509027 -0.000390048 0.0
MAT -0.0508688 0.998265 0.029639 0.0
MAT 0.00189808 -0.0295808 0.999561 0.0
MAT -0.0892265 0.0 0.206055 1.0
WORLDTM 
MAT -0.12607 8.44316e-005 -0.992021 0.0
MAT -0.991781 -0.0219934 0.126038 0.0
MAT -0.0218073 0.999758 0.00285643 0.0
MAT -0.0983404 1.01771 -0.291887 1.0
VERTEX = 9
-0.0900801 1.22767 -0.190248
-0.0900801 1.22767 -0.190248
-0.0900801 1.22767 -0.190248
-0.0900801 1.22767 -0.190248
-0.0900801 1.22767 -0.190248
-0.0900801 1.22767 -0.190248
-0.0900801 1.22767 -0.190248
-0.0900801 1.22767 -0.190248
-0.0900801 1.22767 -0.190248
INDEX = 14
4 5 7
6 7 5
1 2 5
6 5 2
0 1 4
5 4 1
7 6 3
2 3 6
4 7 0
3 0 7
8 1 0
8 2 1
8 3 2
8 0 3
FACE-NORMAL = 14
1.0 0.0 0.0
1.0 0.0 0.0
1.0 0.0 0.0
1.0 0.0 0.0
1.0 0.0 0.0
1.0 0.0 0.0
1.0 0.0 0.0
1.0 0.0 0.0
1.0 0.0 0.0
1.0 0.0 0.0
1.0 0.0 0.0
1.0 0.0 0.0
1.0 0.0 0.0
1.0 0.0 0.0
BONE = 26
BONE_NAME = BoneSpine03
PARENT_ID = 25
LOCALTM 
MAT 0.999275 -0.0342873 -0.0165482 0.0
MAT 0.0345997 0.999221 0.0189759 0.0
MAT 0.0158846 -0.0195347 0.999683 0.0
MAT -0.101852 1.52737e-007 0.210024 1.0
WORLDTM 
MAT -0.0916126 -0.0157057 -0.995671 0.0
MAT -0.995785 -0.00300202 0.0916705 0.0
MAT -0.00442876 0.999872 -0.0153645 0.0
MAT -0.0900801 1.22767 -0.190248 1.0
VERTEX = 9
-0.100345 1.5241 -0.270177
-0.100345 1.5241 -0.270177
-0.100345 1.5241 -0.270177
-0.100345 1.5241 -0.270177
-0.100345 1.5241 -0.270177
-0.100345 1.5241 -0.270177
-0.100345 1.5241 -0.270177
-0.100345 1.5241 -0.270177
-0.100345 1.5241 -0.270177
INDEX = 14
4 5 7
6 7 5
1 2 5
6 5 2
0 1 4
5 4 1
7 6 3
2 3 6
4 7 0
3 0 7
8 1 0
8 2 1
8 3 2
8 0 3
FACE-NORMAL = 14
1.0 0.0 0.0
1.0 0.0 0.0
1.0 0.0 0.0
1.0 0.0 0.0
1.0 0.0 0.0
1.0 0.0 0.0
1.0 0.0 0.0
1.0 0.0 0.0
1.0 0.0 0.0
1.0 0.0 0.0
1.0 0.0 0.0
1.0 0.0 0.0
1.0 0.0 0.0
1.0 0.0 0.0
BONE = 27
BONE_NAME = BoneHead
PARENT_ID = 26
LOCALTM 
MAT 0.829498 -0.0780956 -0.553023 0.0
MAT 0.0926771 0.995695 -0.00159848 0.0
MAT 0.550767 -0.0499266 0.833164 0.0
MAT 0.0758674 0.002005 0.297669 1.0
WORLDTM 
MAT 0.00422315 -0.565745 -0.824569 0.0
MAT -0.999981 -0.00604293 -0.000975467 0.0
MAT -0.00443095 0.824558 -0.565761 0.0
MAT -0.100345 1.5241 -0.270177 1.0
VERTEX = 9
-0.0111529 1.65553 0.248063
-0.0111529 1.65553 0.248063
-0.0111529 1.65553 0.248063
-0.0111529 1.65553 0.248063
-0.0111529 1.65553 0.248063
-0.0111529 1.65553 0.248063
-0.0111529 1.65553 0.248063
-0.0111529 1.65553 0.248063
-0.0111529 1.65553 0.248063
INDEX = 14
4 5 7
6 7 5
1 2 5
6 5 2
0 1 4
5 4 1
7 6 3
2 3 6
4 7 0
3 0 7
8 1 0
8 2 1
8 3 2
8 0 3
FACE-NORMAL = 14
1.0 0.0 0.0
1.0 0.0 0.0
1.0 0.0 0.0
1.0 0.0 0.0
1.0 0.0 0.0
1.0 0.0 0.0
1.0 0.0 0.0
1.0 0.0 0.0
1.0 0.0 0.0
1.0 0.0 0.0
1.0 0.0 0.0
1.0 0.0 0.0
1.0 0.0 0.0
1.0 0.0 0.0
BONE = 28
BONE_NAME = Bone01(mirrored)
PARENT_ID = 27
LOCALTM 
MAT -0.547553 0.201162 -0.812232 0.0
MAT -0.152516 -0.978406 -0.139501 0.0
MAT -0.822755 0.0474942 0.566409 0.0
MAT -0.501303 -0.0904905 -0.185225 1.0
WORLDTM 
MAT -0.199872 -0.361172 0.910828 0.0
MAT 0.978362 -0.0228291 0.205639 0.0
MAT -0.0534777 0.93222 0.35792 0.0
MAT -0.0111529 1.65553 0.248063 1.0
VERTEX = 9
-0.028992 1.6233 0.329357
-0.028992 1.6233 0.329357
-0.028992 1.6233 0.329357
-0.028992 1.6233 0.329357
-0.028992 1.6233 0.329357
-0.028992 1.6233 0.329357
-0.028992 1.6233 0.329357
-0.028992 1.6233 0.329357
-0.028992 1.6233 0.329357
INDEX = 14
4 5 7
6 7 5
1 2 5
6 5 2
0 1 4
5 4 1
7 6 3
2 3 6
4 7 0
3 0 7
8 1 0
8 2 1
8 3 2
8 0 3
FACE-NORMAL = 14
1.0 0.0 0.0
1.0 0.0 0.0
1.0 0.0 0.0
1.0 0.0 0.0
1.0 0.0 0.0
1.0 0.0 0.0
1.0 0.0 0.0
1.0 0.0 0.0
1.0 0.0 0.0
1.0 0.0 0.0
1.0 0.0 0.0
1.0 0.0 0.0
1.0 0.0 0.0
1.0 0.0 0.0
BONE = 29
BONE_NAME = Bone04(mirrored)
PARENT_ID = 28
LOCALTM 
MAT 0.902101 0.0659272 -0.426459 0.0
MAT -0.0596027 0.997824 0.0281765 0.0
MAT 0.427389 0.0 0.904068 0.0
MAT 0.0892524 0.0 -3.57628e-007 1.0
WORLDTM 
MAT -0.0929978 -0.724872 0.682578 0.0
MAT 0.986639 0.0250141 0.160989 0.0
MAT -0.13377 0.688429 0.712862 0.0
MAT -0.028992 1.6233 0.329357 1.0
VERTEX = 9
-0.0375559 1.55654 0.392214
-0.0375559 1.55654 0.392214
-0.0375559 1.55654 0.392214
-0.0375559 1.55654 0.392214
-0.0375559 1.55654 0.392214
-0.0375559 1.55654 0.392214
-0.0375559 1.55654 0.392214
-0.0375559 1.55654 0.392214
-0.0375559 1.55654 0.392214
INDEX = 14
4 5 7
6 7 5
1 2 5
6 5 2
0 1 4
5 4 1
7 6 3
2 3 6
4 7 0
3 0 7
8 1 0
8 2 1
8 3 2
8 0 3
FACE-NORMAL = 14
1.0 0.0 0.0
1.0 0.0 0.0
1.0 0.0 0.0
1.0 0.0 0.0
1.0 0.0 0.0
1.0 0.0 0.0
1.0 0.0 0.0
1.0 0.0 0.0
1.0 0.0 0.0
1.0 0.0 0.0
1.0 0.0 0.0
1.0 0.0 0.0
1.0 0.0 0.0
1.0 0.0 0.0
BONE = 30
BONE_NAME = Bone05(mirrored)
PARENT_ID = 29
LOCALTM 
MAT 0.945951 0.0301798 -0.322905 0.0
MAT -0.0285616 0.999544 0.00974962 0.0
MAT 0.323052 0.0 0.946381 0.0
MAT 0.0920877 0.0 0.0 1.0
WORLDTM 
MAT -0.0149997 -0.907236 0.420357 0.0
MAT 0.987542 0.0524181 0.14837 0.0
MAT -0.156641 0.417345 0.895147 0.0
MAT -0.0375559 1.55654 0.392214 1.0
VERTEX = 9
-0.0393469 1.44823 0.442398
-0.0393469 1.44823 0.442398
-0.0393469 1.44823 0.442398
-0.0393469 1.44823 0.442398
-0.0393469 1.44823 0.442398
-0.0393469 1.44823 0.442398
-0.0393469 1.44823 0.442398
-0.0393469 1.44823 0.442398
-0.0393469 1.44823 0.442398
INDEX = 14
4 5 7
6 7 5
1 2 5
6 5 2
0 1 4
5 4 1
7 6 3
2 3 6
4 7 0
3 0 7
8 1 0
8 2 1
8 3 2
8 0 3
FACE-NORMAL = 14
1.0 0.0 0.0
1.0 0.0 0.0
1.0 0.0 0.0
1.0 0.0 0.0
1.0 0.0 0.0
1.0 0.0 0.0
1.0 0.0 0.0
1.0 0.0 0.0
1.0 0.0 0.0
1.0 0.0 0.0
1.0 0.0 0.0
1.0 0.0 0.0
1.0 0.0 0.0
1.0 0.0 0.0
BONE = 31
BONE_NAME = Bone08(mirrored)
PARENT_ID = 30
LOCALTM 
MAT 0.84261 0.0 -0.538524 0.0
MAT 0.0 1.0 0.0 0.0
MAT 0.538524 0.0 0.84261 0.0
MAT 0.119385 -1.63913e-007 0.0 1.0
WORLDTM 
MAT 0.071716 -0.989196 -0.127861 0.0
MAT 0.987542 0.0524181 0.14837 0.0
MAT -0.140065 -0.136909 0.980633 0.0
MAT -0.0393469 1.44823 0.442398 1.0
VERTEX = 9
-0.0261174 1.26576 0.418812
-0.0261174 1.26576 0.418812
-0.0261174 1.26576 0.418812
-0.0261174 1.26576 0.418812
-0.0261174 1.26576 0.418812
-0.0261174 1.26576 0.418812
-0.0261174 1.26576 0.418812
-0.0261174 1.26576 0.418812
-0.0261174 1.26576 0.418812
INDEX = 14
4 5 7
6 7 5
1 2 5
6 5 2
0 1 4
5 4 1
7 6 3
2 3 6
4 7 0
3 0 7
8 1 0
8 2 1
8 3 2
8 0 3
FACE-NORMAL = 14
1.0 0.0 0.0
1.0 0.0 0.0
1.0 0.0 0.0
1.0 0.0 0.0
1.0 0.0 0.0
1.0 0.0 0.0
1.0 0.0 0.0
1.0 0.0 0.0
1.0 0.0 0.0
1.0 0.0 0.0
1.0 0.0 0.0
1.0 0.0 0.0
1.0 0.0 0.0
1.0 0.0 0.0
BONE = 32
BONE_NAME = Bone09(mirrored)
PARENT_ID = 31
LOCALTM 
MAT 0.954444 -0.0269599 -0.297169 0.0
MAT 0.022571 0.99958 -0.0181908 0.0
MAT 0.297534 0.0106546 0.954652 0.0
MAT 0.18447 0.0 3.42727e-007 1.0
WORLDTM 
MAT 0.0834479 -0.904861 -0.41745 0.0
MAT 0.991293 0.0325594 0.127583 0.0
MAT -0.101853 -0.424461 0.899701 0.0
MAT -0.0261174 1.26576 0.418812 1.0
VERTEX = 9
-0.016137 1.15754 0.368886
-0.016137 1.15754 0.368886
-0.016137 1.15754 0.368886
-0.016137 1.15754 0.368886
-0.016137 1.15754 0.368886
-0.016137 1.15754 0.368886
-0.016137 1.15754 0.368886
-0.016137 1.15754 0.368886
-0.016137 1.15754 0.368886
INDEX = 14
4 5 7
6 7 5
1 2 5
6 5 2
0 1 4
5 4 1
7 6 3
2 3 6
4 7 0
3 0 7
8 1 0
8 2 1
8 3 2
8 0 3
FACE-NORMAL = 14
1.0 0.0 0.0
1.0 0.0 0.0
1.0 0.0 0.0
1.0 0.0 0.0
1.0 0.0 0.0
1.0 0.0 0.0
1.0 0.0 0.0
1.0 0.0 0.0
1.0 0.0 0.0
1.0 0.0 0.0
1.0 0.0 0.0
1.0 0.0 0.0
1.0 0.0 0.0
1.0 0.0 0.0
BONE = 33
BONE_NAME = Bone12(mirrored)
PARENT_ID = 32
LOCALTM 
MAT 0.972513 -0.0554486 -0.226151 0.0
MAT 0.0456667 0.99779 -0.0482625 0.0
MAT 0.228328 0.0366083 0.972895 0.0
MAT 0.1196 0.0 1.49012e-007 1.0
WORLDTM 
MAT 0.0492226 -0.785802 -0.616518 0.0
MAT 0.997829 0.011651 0.0648162 0.0
MAT -0.0437497 -0.618369 0.78467 0.0
MAT -0.016137 1.15754 0.368886 1.0
VERTEX = 9
-0.0132176 1.11093 0.332319
-0.0132176 1.11093 0.332319
-0.0132176 1.11093 0.332319
-0.0132176 1.11093 0.332319
-0.0132176 1.11093 0.332319
-0.0132176 1.11093 0.332319
-0.0132176 1.11093 0.332319
-0.0132176 1.11093 0.332319
-0.0132176 1.11093 0.332319
INDEX = 14
4 5 7
6 7 5
1 2 5
6 5 2
0 1 4
5 4 1
7 6 3
2 3 6
4 7 0
3 0 7
8 1 0
8 2 1
8 3 2
8 0 3
FACE-NORMAL = 14
1.0 0.0 0.0
1.0 0.0 0.0
1.0 0.0 0.0
1.0 0.0 0.0
1.0 0.0 0.0
1.0 0.0 0.0
1.0 0.0 0.0
1.0 0.0 0.0
1.0 0.0 0.0
1.0 0.0 0.0
1.0 0.0 0.0
1.0 0.0 0.0
1.0 0.0 0.0
1.0 0.0 0.0
BONE = 34
BONE_NAME = Bone16(mirrored)
PARENT_ID = 33
LOCALTM 
MAT 0.999656 -0.00874925 -0.0247213 0.0
MAT 0.007075 0.997727 -0.0670189 0.0
MAT 0.0252514 0.066821 0.997446 0.0
MAT 0.0593102 0.0 -2.98023e-007 1.0
WORLDTM 
MAT 0.0415569 -0.770346 -0.636271 0.0
MAT 0.998841 0.0475074 0.00771925 0.0
MAT 0.024281 -0.635853 0.771428 0.0
MAT -0.0132176 1.11093 0.332319 1.0
VERTEX = 9
-0.221139 1.6531 0.247844
-0.221139 1.6531 0.247844
-0.221139 1.6531 0.247844
-0.221139 1.6531 0.247844
-0.221139 1.6531 0.247844
-0.221139 1.6531 0.247844
-0.221139 1.6531 0.247844
-0.221139 1.6531 0.247844
-0.221139 1.6531 0.247844
INDEX = 14
4 5 7
6 7 5
1 2 5
6 5 2
0 1 4
5 4 1
7 6 3
2 3 6
4 7 0
3 0 7
8 1 0
8 2 1
8 3 2
8 0 3
FACE-NORMAL = 14
1.0 0.0 0.0
1.0 0.0 0.0
1.0 0.0 0.0
1.0 0.0 0.0
1.0 0.0 0.0
1.0 0.0 0.0
1.0 0.0 0.0
1.0 0.0 0.0
1.0 0.0 0.0
1.0 0.0 0.0
1.0 0.0 0.0
1.0 0.0 0.0
1.0 0.0 0.0
1.0 0.0 0.0
BONE = 35
BONE_NAME = Bone01
PARENT_ID = 27
LOCALTM 
MAT -0.256745 0.055369 -0.964892 0.0
MAT -0.0515732 0.99615 0.0708857 0.0
MAT 0.965103 0.0679621 -0.252901 0.0
MAT -0.500631 0.119506 -0.186179 1.0
WORLDTM 
MAT -0.0521769 -0.650692 0.757548 0.0
MAT -0.996663 0.081607 0.00144959 0.0
MAT -0.0627644 -0.754944 -0.652779 0.0
MAT -0.221139 1.6531 0.247844 1.0
VERTEX = 9
-0.225796 1.59502 0.315457
-0.225796 1.59502 0.315457
-0.225796 1.59502 0.315457
-0.225796 1.59502 0.315457
-0.225796 1.59502 0.315457
-0.225796 1.59502 0.315457
-0.225796 1.59502 0.315457
-0.225796 1.59502 0.315457
-0.225796 1.59502 0.315457
INDEX = 14
4 5 7
6 7 5
1 2 5
6 5 2
0 1 4
5 4 1
7 6 3
2 3 6
4 7 0
3 0 7
8 1 0
8 2 1
8 3 2
8 0 3
FACE-NORMAL = 14
1.0 0.0 0.0
1.0 0.0 0.0
1.0 0.0 0.0
1.0 0.0 0.0
1.0 0.0 0.0
1.0 0.0 0.0
1.0 0.0 0.0
1.0 0.0 0.0
1.0 0.0 0.0
1.0 0.0 0.0
1.0 0.0 0.0
1.0 0.0 0.0
1.0 0.0 0.0
1.0 0.0 0.0
BONE = 36
BONE_NAME = Bone04
PARENT_ID = 35
LOCALTM 
MAT 0.897226 0.0659273 0.436623 0.0
MAT -0.0592806 0.997824 -0.0288481 0.0
MAT -0.437575 0.0 0.899182 0.0
MAT 0.0892525 0.0 3.57628e-007 1.0
WORLDTM 
MAT -0.139926 -0.908063 0.394769 0.0
MAT -0.989591 0.141782 -0.0246301 0.0
MAT -0.0336053 -0.394106 -0.918451 0.0
MAT -0.225796 1.59502 0.315457 1.0
VERTEX = 9
-0.238681 1.5114 0.351811
-0.238681 1.5114 0.351811
-0.238681 1.5114 0.351811
-0.238681 1.5114 0.351811
-0.238681 1.5114 0.351811
-0.238681 1.5114 0.351811
-0.238681 1.5114 0.351811
-0.238681 1.5114 0.351811
-0.238681 1.5114 0.351811
INDEX = 14
4 5 7
6 7 5
1 2 5
6 5 2
0 1 4
5 4 1
7 6 3
2 3 6
4 7 0
3 0 7
8 1 0
8 2 1
8 3 2
8 0 3
FACE-NORMAL = 14
1.0 0.0 0.0
1.0 0.0 0.0
1.0 0.0 0.0
1.0 0.0 0.0
1.0 0.0 0.0
1.0 0.0 0.0
1.0 0.0 0.0
1.0 0.0 0.0
1.0 0.0 0.0
1.0 0.0 0.0
1.0 0.0 0.0
1.0 0.0 0.0
1.0 0.0 0.0
1.0 0.0 0.0
BONE = 37
BONE_NAME = Bone05
PARENT_ID = 36
LOCALTM 
MAT 0.991142 0.0301798 0.129335 0.0
MAT -0.029926 0.999545 -0.00390507 0.0
MAT -0.129393 0.0 0.991594 0.0
MAT 0.0920875 0.0 0.0 1.0
WORLDTM 
MAT -0.172899 -0.946712 0.271741 0.0
MAT -0.984822 0.170431 -0.0328461 0.0
MAT -0.0152173 -0.273296 -0.961811 0.0
MAT -0.238681 1.5114 0.351811 1.0
VERTEX = 9
-0.259323 1.39837 0.384253
-0.259323 1.39837 0.384253
-0.259323 1.39837 0.384253
-0.259323 1.39837 0.384253
-0.259323 1.39837 0.384253
-0.259323 1.39837 0.384253
-0.259323 1.39837 0.384253
-0.259323 1.39837 0.384253
-0.259323 1.39837 0.384253
INDEX = 14
4 5 7
6 7 5
1 2 5
6 5 2
0 1 4
5 4 1
7 6 3
2 3 6
4 7 0
3 0 7
8 1 0
8 2 1
8 3 2
8 0 3
FACE-NORMAL = 14
1.0 0.0 0.0
1.0 0.0 0.0
1.0 0.0 0.0
1.0 0.0 0.0
1.0 0.0 0.0
1.0 0.0 0.0
1.0 0.0 0.0
1.0 0.0 0.0
1.0 0.0 0.0
1.0 0.0 0.0
1.0 0.0 0.0
1.0 0.0 0.0
1.0 0.0 0.0
1.0 0.0 0.0
BONE = 38
BONE_NAME = Bone08
PARENT_ID = 37
LOCALTM 
MAT 0.940995 0.0 0.338422 0.0
MAT 0.0 1.0 0.0 0.0
MAT -0.338422 0.0 0.940995 0.0
MAT 0.119386 0.0 1.19209e-007 1.0
WORLDTM 
MAT -0.167846 -0.98334 -0.0697905 0.0
MAT -0.984822 0.170431 -0.0328461 0.0
MAT 0.0441933 0.0632183 -0.997022 0.0
MAT -0.259323 1.39837 0.384253 1.0
VERTEX = 9
-0.279876 1.27796 0.375707
-0.279876 1.27796 0.375707
-0.279876 1.27796 0.375707
-0.279876 1.27796 0.375707
-0.279876 1.27796 0.375707
-0.279876 1.27796 0.375707
-0.279876 1.27796 0.375707
-0.279876 1.27796 0.375707
-0.279876 1.27796 0.375707
INDEX = 14
4 5 7
6 7 5
1 2 5
6 5 2
0 1 4
5 4 1
7 6 3
2 3 6
4 7 0
3 0 7
8 1 0
8 2 1
8 3 2
8 0 3
FACE-NORMAL = 14
1.0 0.0 0.0
1.0 0.0 0.0
1.0 0.0 0.0
1.0 0.0 0.0
1.0 0.0 0.0
1.0 0.0 0.0
1.0 0.0 0.0
1.0 0.0 0.0
1.0 0.0 0.0
1.0 0.0 0.0
1.0 0.0 0.0
1.0 0.0 0.0
1.0 0.0 0.0
1.0 0.0 0.0
BONE = 39
BONE_NAME = Bone09
PARENT_ID = 38
LOCALTM 
MAT 0.999316 -0.0270183 -0.0252439 0.0
MAT 0.0267395 0.999578 -0.0113176 0.0
MAT 0.025539 0.0106349 0.999617 0.0
MAT 0.12245 0.0 -2.08616e-007 1.0
WORLDTM 
MAT -0.142239 -0.988868 -0.0436867 0.0
MAT -0.989395 0.143349 -0.0234145 0.0
MAT 0.0294162 0.0398931 -0.998772 0.0
MAT -0.279876 1.27796 0.375707 1.0
VERTEX = 9
-0.295814 1.16715 0.370812
-0.295814 1.16715 0.370812
-0.295814 1.16715 0.370812
-0.295814 1.16715 0.370812
-0.295814 1.16715 0.370812
-0.295814 1.16715 0.370812
-0.295814 1.16715 0.370812
-0.295814 1.16715 0.370812
-0.295814 1.16715 0.370812
INDEX = 14
4 5 7
6 7 5
1 2 5
6 5 2
0 1 4
5 4 1
7 6 3
2 3 6
4 7 0
3 0 7
8 1 0
8 2 1
8 3 2
8 0 3
FACE-NORMAL = 14
1.0 0.0 0.0
1.0 0.0 0.0
1.0 0.0 0.0
1.0 0.0 0.0
1.0 0.0 0.0
1.0 0.0 0.0
1.0 0.0 0.0
1.0 0.0 0.0
1.0 0.0 0.0
1.0 0.0 0.0
1.0 0.0 0.0
1.0 0.0 0.0
1.0 0.0 0.0
1.0 0.0 0.0
BONE = 40
BONE_NAME = Bone12
PARENT_ID = 39
LOCALTM 
MAT 0.968503 -0.0565295 0.2425 0.0
MAT 0.0637081 0.997729 -0.0218574 0.0
MAT -0.240713 0.0366182 0.969905 0.0
MAT 0.112057 0.0 0.0 1.0
WORLDTM 
MAT -0.0746955 -0.956151 -0.283189 0.0
MAT -0.996853 0.079153 -0.00431392 0.0
MAT 0.0265399 0.281975 -0.959055 0.0
MAT -0.295814 1.16715 0.370812 1.0
VERTEX = 9
-0.302925 1.07614 0.343855
-0.302925 1.07614 0.343855
-0.302925 1.07614 0.343855
-0.302925 1.07614 0.343855
-0.302925 1.07614 0.343855
-0.302925 1.07614 0.343855
-0.302925 1.07614 0.343855
-0.302925 1.07614 0.343855
-0.302925 1.07614 0.343855
INDEX = 14
4 5 7
6 7 5
1 2 5
6 5 2
0 1 4
5 4 1
7 6 3
2 3 6
4 7 0
3 0 7
8 1 0
8 2 1
8 3 2
8 0 3
FACE-NORMAL = 14
1.0 0.0 0.0
1.0 0.0 0.0
1.0 0.0 0.0
1.0 0.0 0.0
1.0 0.0 0.0
1.0 0.0 0.0
1.0 0.0 0.0
1.0 0.0 0.0
1.0 0.0 0.0
1.0 0.0 0.0
1.0 0.0 0.0
1.0 0.0 0.0
1.0 0.0 0.0
1.0 0.0 0.0
BONE = 41
BONE_NAME = Bone16
PARENT_ID = 40
LOCALTM 
MAT 0.973344 -0.0845358 -0.213202 0.0
MAT 0.067556 0.994026 -0.0857198 0.0
MAT 0.219175 0.0690317 0.97324 0.0
MAT 0.0951883 0.0 1.19209e-007 1.0
WORLDTM 
MAT 0.00590693 -0.997473 -0.0708027 0.0
MAT -0.998219 -0.0100844 0.0587908 0.0
MAT -0.0593561 0.0703294 -0.995757 0.0
MAT -0.302925 1.07614 0.343855 1.0
VERTEX = 9
-0.15756 1.51879 -0.423674
-0.15756 1.51879 -0.423674
-0.15756 1.51879 -0.423674
-0.15756 1.51879 -0.423674
-0.15756 1.51879 -0.423674
-0.15756 1.51879 -0.423674
-0.15756 1.51879 -0.423674
-0.15756 1.51879 -0.423674
-0.15756 1.51879 -0.423674
INDEX = 14
4 5 7
6 7 5
1 2 5
6 5 2
0 1 4
5 4 1
7 6 3
2 3 6
4 7 0
3 0 7
8 1 0
8 2 1
8 3 2
8 0 3
FACE-NORMAL = 14
1.0 0.0 0.0
1.0 0.0 0.0
1.0 0.0 0.0
1.0 0.0 0.0
1.0 0.0 0.0
1.0 0.0 0.0
1.0 0.0 0.0
1.0 0.0 0.0
1.0 0.0 0.0
1.0 0.0 0.0
1.0 0.0 0.0
1.0 0.0 0.0
1.0 0.0 0.0
1.0 0.0 0.0
BONE = 42
BONE_NAME = Unit_Zerg_Queen_Jaw_01
PARENT_ID = 27
LOCALTM 
MAT -0.00319788 -0.999985 0.00454322 0.0
MAT -0.565906 0.00555547 0.824452 0.0
MAT -0.824464 6.55613e-005 -0.565915 0.0
MAT 0.129331 0.0573953 0.0827184 1.0
WORLDTM 
MAT 0.999933 0.0115982 0.00104195 0.0
MAT -0.0115984 0.999933 0.000180691 0.0
MAT -0.00103986 -0.000193506 1.0 0.0
MAT -0.15756 1.51879 -0.423674 1.0
VERTEX = 9
-0.0375678 1.52019 -0.423549
-0.0375678 1.52019 -0.423549
-0.0375678 1.52019 -0.423549
-0.0375678 1.52019 -0.423549
-0.0375678 1.52019 -0.423549
-0.0375678 1.52019 -0.423549
-0.0375678 1.52019 -0.423549
-0.0375678 1.52019 -0.423549
-0.0375678 1.52019 -0.423549
INDEX = 14
4 5 7
6 7 5
1 2 5
6 5 2
0 1 4
5 4 1
7 6 3
2 3 6
4 7 0
3 0 7
8 1 0
8 2 1
8 3 2
8 0 3
FACE-NORMAL = 14
1.0 0.0 0.0
1.0 0.0 0.0
1.0 0.0 0.0
1.0 0.0 0.0
1.0 0.0 0.0
1.0 0.0 0.0
1.0 0.0 0.0
1.0 0.0 0.0
1.0 0.0 0.0
1.0 0.0 0.0
1.0 0.0 0.0
1.0 0.0 0.0
1.0 0.0 0.0
1.0 0.0 0.0
BONE = 43
BONE_NAME = Unit_Zerg_Queen_Jaw_02
PARENT_ID = 27
LOCALTM 
MAT -0.00319788 -0.999985 0.00454322 0.0
MAT -0.565906 0.00555547 0.824452 0.0
MAT -0.824464 6.55613e-005 -0.565915 0.0
MAT 0.128947 -0.0626032 0.0832636 1.0
WORLDTM 
MAT 0.999933 0.0115982 0.00104195 0.0
MAT -0.0115984 0.999933 0.000180691 0.0
MAT -0.00103986 -0.000193506 1.0 0.0
MAT -0.0375678 1.52019 -0.423549 1.0
VERTEX = 9
-0.0226647 1.62404 0.04317
-0.0226647 1.62404 0.04317
-0.0226647 1.62404 0.04317
-0.0226647 1.62404 0.04317
-0.0226647 1.62404 0.04317
-0.0226647 1.62404 0.04317
-0.0226647 1.62404 0.04317
-0.0226647 1.62404 0.04317
-0.0226647 1.62404 0.04317
INDEX = 14
4 5 7
6 7 5
1 2 5
6 5 2
0 1 4
5 4 1
7 6 3
2 3 6
4 7 0
3 0 7
8 1 0
8 2 1
8 3 2
8 0 3
FACE-NORMAL = 14
1.0 0.0 0.0
1.0 0.0 0.0
1.0 0.0 0.0
1.0 0.0 0.0
1.0 0.0 0.0
1.0 0.0 0.0
1.0 0.0 0.0
1.0 0.0 0.0
1.0 0.0 0.0
1.0 0.0 0.0
1.0 0.0 0.0
