EXPORTER_V17
ANIMATION_EXPORT
BONEOBJECT_COUNT = 44
VERTEX = 9
0.005 0.005 -0.005
0.005 0.005 0.005
0.005 -0.005 0.005
0.005 -0.005 -0.005
0.0 0.0005 -0.0005
0.0 0.0005 0.0005
0.0 -0.0005 0.0005
0.0 -0.0005 -0.0005
0.0 0.0 0.0
INDEX = 14
4 5 7
6 7 5
1 2 5
6 5 2
0 1 4
5 4 1
7 6 3
2 3 6
4 7 0
3 0 7
8 1 0
8 2 1
8 3 2
8 0 3
FACE-NORMAL = 14
1.0 0.0 0.0
1.0 0.0 0.0
0.668965 0.0 -0.743294
0.668965 0.0 -0.743294
0.668965 -0.743294 0.0
0.668965 -0.743294 0.0
0.668965 0.743294 0.0
0.668965 0.743294 0.0
0.668965 0.0 0.743294
0.668965 0.0 0.743294
-0.707107 0.707107 0.0
-0.707107 0.0 0.707107
-0.707107 -0.707107 0.0
-0.707107 0.0 -0.707107
BONE = 0
BONE_NAME = Main
PARENT_ID = -1
LOCALTM 
MAT 1.0 0.0 0.0 0.0
MAT 0.0 1.0 0.0 0.0
MAT 0.0 0.0 1.0 0.0
MAT 0.0 0.0 0.0 1.0
WORLDTM 
MAT 1.0 0.0 0.0 0.0
MAT 0.0 1.0 0.0 0.0
MAT 0.0 0.0 1.0 0.0
MAT 0.0 0.0 0.0 1.0
VERTEX = 9
0.00804673 0.482727 -0.181326
0.00804673 0.483011 -0.17133
0.00804673 0.473015 -0.171047
0.00804673 0.472732 -0.181043
0.00304673 0.478357 -0.1767
0.00304673 0.478385 -0.175701
0.00304673 0.477386 -0.175672
0.00304673 0.477357 -0.176672
0.00304673 0.477871 -0.176186
INDEX = 14
4 5 7
6 7 5
1 2 5
6 5 2
0 1 4
5 4 1
7 6 3
2 3 6
4 7 0
3 0 7
8 1 0
8 2 1
8 3 2
8 0 3
FACE-NORMAL = 14
1.0 0.0 0.0
1.0 0.0 0.0
0.668965 -0.0210725 -0.742995
0.668965 -0.0210725 -0.742995
0.668965 -0.742995 0.0210725
0.668965 -0.742995 0.0210725
0.668965 0.742995 -0.0210725
0.668965 0.742995 -0.0210725
0.668965 0.0210725 0.742995
0.668965 0.0210725 0.742995
-0.707107 0.706823 -0.0200465
-0.707107 0.0200465 0.706823
-0.707107 -0.706823 0.0200465
-0.707107 -0.0200465 -0.706823
BONE = 1
BONE_NAME = bone root
PARENT_ID = 0
LOCALTM 
MAT 1.0 0.0 0.0 0.0
MAT 0.0 0.999598 -0.0283501 0.0
MAT 0.0 0.0283501 0.999598 0.0
MAT 0.00304673 0.477871 -0.176186 1.0
WORLDTM 
MAT 1.0 0.0 0.0 0.0
MAT 0.0 0.999598 -0.0283501 0.0
MAT 0.0 0.0283501 0.999598 0.0
MAT 0.00304673 0.477871 -0.176186 1.0
VERTEX = 9
0.0041846 0.498205 0.179559
0.00116784 0.500194 0.188883
0.000640077 0.490394 0.190802
0.00365684 0.488405 0.181478
-0.00217018 0.494647 0.183088
-0.00247185 0.494845 0.18402
-0.00252463 0.493865 0.184212
-0.00222295 0.493667 0.18328
-0.0023474 0.494256 0.18365
INDEX = 14
4 5 7
6 7 5
1 2 5
6 5 2
0 1 4
5 4 1
7 6 3
2 3 6
4 7 0
3 0 7
8 1 0
8 2 1
8 3 2
8 0 3
FACE-NORMAL = 14
0.951949 0.00868243 0.306135
0.951949 0.00868243 0.306135
0.861054 -0.14199 -0.488288
0.861054 -0.14199 -0.488287
0.597592 -0.722615 0.347436
0.597592 -0.722615 0.347436
0.676049 0.734231 0.0621501
0.676049 0.734231 0.0621501
0.412586 0.153606 0.897874
0.412586 0.153606 0.897874
-0.635811 0.68682 -0.352168
-0.886446 0.134463 0.442868
-0.710448 -0.699099 -0.0807713
-0.459812 -0.146742 -0.875808
BONE = 2
BONE_NAME = BoneButt
PARENT_ID = 1
LOCALTM 
MAT 0.951949 0.0 0.306258 0.0
MAT 0.0527766 0.98504 -0.164047 0.0
MAT -0.301676 0.172327 0.937707 0.0
MAT -0.00539413 0.00617677 0.360156 1.0
WORLDTM 
MAT 0.951949 0.00868243 0.306135 0.0
MAT 0.0527766 0.979993 -0.191907 0.0
MAT -0.301676 0.198842 0.932445 0.0
MAT -0.0023474 0.494256 0.18365 1.0
VERTEX = 9
-0.172055 0.314177 -0.0323464
-0.170816 0.304599 -0.0349409
-0.174155 0.301735 -0.0259603
-0.175393 0.311313 -0.0233658
-0.168327 0.308701 -0.0276965
-0.168203 0.307743 -0.027956
-0.168537 0.307457 -0.0270579
-0.168661 0.308415 -0.0267985
-0.168432 0.308079 -0.0273772
INDEX = 14
4 5 7
6 7 5
1 2 5
6 5 2
0 1 4
5 4 1
7 6 3
2 3 6
4 7 0
3 0 7
8 1 0
8 2 1
8 3 2
8 0 3
FACE-NORMAL = 14
-0.93446 -0.0245985 -0.355217
-0.93446 -0.0245985 -0.355217
-0.717169 0.69546 -0.0447801
-0.717169 0.695459 -0.0447802
-0.873262 -0.229361 0.429892
-0.873262 -0.229361 0.429892
-0.37698 0.19645 -0.905148
-0.37698 0.19645 -0.905148
-0.533073 -0.728371 -0.430476
-0.533073 -0.728371 -0.430476
0.896823 0.219934 -0.383845
0.748329 -0.659862 0.0677177
0.424703 -0.185146 0.886199
0.573197 0.694649 0.434636
BONE = 3
BONE_NAME = BoneMidLeg_R01
PARENT_ID = 1
LOCALTM 
MAT -0.93446 -0.0145181 -0.355772 0.0
MAT 0.33384 0.31178 -0.889576 0.0
MAT 0.123838 -0.950043 -0.286499 0.0
MAT -0.171479 -0.173943 0.143936 1.0
WORLDTM 
MAT -0.93446 -0.0245985 -0.355217 0.0
MAT 0.33384 0.286435 -0.898057 0.0
MAT 0.123838 -0.957783 -0.25945 0.0
MAT -0.168432 0.308079 -0.0273772 1.0
VERTEX = 9
-0.354481 0.302864 -0.0987378
-0.34583 0.301056 -0.103418
-0.342716 0.295678 -0.0955834
-0.351366 0.297486 -0.0909033
-0.34722 0.303748 -0.095274
-0.346355 0.303567 -0.095742
-0.346043 0.303029 -0.0949586
-0.346908 0.30321 -0.0944905
-0.346631 0.303388 -0.0951163
INDEX = 14
4 5 7
6 7 5
1 2 5
6 5 2
0 1 4
5 4 1
7 6 3
2 3 6
4 7 0
3 0 7
8 1 0
8 2 1
8 3 2
8 0 3
FACE-NORMAL = 14
-0.393342 -0.823475 -0.408865
-0.393342 -0.823475 -0.408865
-0.906102 -0.416475 0.0743502
-0.906102 -0.416475 0.0743501
-0.031624 -0.950595 0.30882
-0.0316241 -0.950595 0.308819
-0.494639 -0.151157 -0.855852
-0.494639 -0.151157 -0.855853
0.379839 -0.685277 -0.621383
0.379839 -0.685277 -0.621383
0.0578979 0.962543 -0.264873
0.889802 0.454427 -0.0418193
0.498371 0.202026 0.843096
-0.333533 0.710143 0.620042
BONE = 4
BONE_NAME = BoneMidLeg_R02
PARENT_ID = 3
LOCALTM 
MAT 0.533054 -7.30157e-007 0.846081 0.0
MAT 0.556117 0.753643 -0.350368 0.0
MAT -0.637642 0.657285 0.401732 0.0
MAT 0.190697 0.0 -1.19209e-007 1.0
WORLDTM 
MAT -0.393342 -0.823475 -0.408865 0.0
MAT -0.311462 0.537767 -0.783453 0.0
MAT 0.865029 -0.180818 -0.468007 0.0
MAT -0.346631 0.303388 -0.0951163 1.0
VERTEX = 9
-0.177068 0.371041 0.136192
-0.171481 0.362763 0.13567
-0.165124 0.366633 0.142349
-0.17071 0.37491 0.142871
-0.169029 0.371089 0.135251
-0.168471 0.370261 0.135199
-0.167835 0.370648 0.135867
-0.168394 0.371476 0.135919
-0.168432 0.370868 0.135559
INDEX = 14
4 5 7
6 7 5
1 2 5
6 5 2
0 1 4
5 4 1
7 6 3
2 3 6
4 7 0
3 0 7
8 1 0
8 2 1
8 3 2
8 0 3
FACE-NORMAL = 14
-0.532691 -0.406306 0.742398
-0.532691 -0.406306 0.742398
-0.771582 0.343471 0.535432
-0.771582 0.343471 0.535433
0.116191 0.0157965 0.993101
0.11619 0.0157965 0.993101
-0.828894 -0.559406 0.000175357
-0.828894 -0.559406 0.000175178
0.058879 -0.887081 0.457844
0.0588791 -0.887081 0.457844
-0.0728668 0.0137027 -0.997248
0.771685 -0.298019 -0.56186
0.826206 0.560901 -0.0526621
-0.0183457 0.872623 -0.488049
BONE = 5
BONE_NAME = BoneBackLeg_R01
PARENT_ID = 1
LOCALTM 
MAT -0.532691 -0.42719 0.730581 0.0
MAT -0.63574 -0.367837 -0.678624 0.0
MAT 0.558636 -0.825956 -0.0756387 0.0
MAT -0.171479 -0.115798 0.308586 1.0
WORLDTM 
MAT -0.532691 -0.406306 0.742398 0.0
MAT -0.63574 -0.386928 -0.667923 0.0
MAT 0.558636 -0.827769 -0.0521923 0.0
MAT -0.168432 0.370868 0.135559 1.0
VERTEX = 9
-0.302727 0.272628 0.319254
-0.301004 0.266526 0.311521
-0.291287 0.266287 0.313875
-0.293011 0.272389 0.321608
-0.296769 0.273734 0.31389
-0.296596 0.273124 0.313116
-0.295625 0.2731 0.313352
-0.295797 0.27371 0.314125
-0.296197 0.273417 0.313621
INDEX = 14
4 5 7
6 7 5
1 2 5
6 5 2
0 1 4
5 4 1
7 6 3
2 3 6
4 7 0
3 0 7
8 1 0
8 2 1
8 3 2
8 0 3
FACE-NORMAL = 14
-0.162113 -0.79189 0.588752
-0.162113 -0.79189 0.588752
-0.236561 -0.0761916 0.968625
-0.236561 -0.0761919 0.968625
0.613738 -0.547498 0.568834
0.613738 -0.547498 0.568834
-0.830634 -0.511996 0.218875
-0.830635 -0.511996 0.218875
0.0196653 -0.983302 -0.180916
0.0196653 -0.983302 -0.180916
-0.572395 0.576838 -0.582771
0.236508 0.128477 -0.963098
0.801658 0.543064 -0.24985
-0.00724477 0.991425 0.130477
BONE = 6
BONE_NAME = BoneBackLeg_R02
PARENT_ID = 5
LOCALTM 
MAT 0.845195 0.0162255 0.534212 0.0
MAT 0.333093 0.765683 -0.550254 0.0
MAT -0.417965 0.643013 0.641746 0.0
MAT 0.239847 0.0 -1.19209e-007 1.0
WORLDTM 
MAT -0.162113 -0.79189 0.588752 0.0
MAT -0.971603 0.0238814 -0.23541 0.0
MAT 0.172359 -0.610195 -0.773274 0.0
MAT -0.296197 0.273417 0.313621 1.0
VERTEX = 9
-0.218546 0.485691 -0.158187
-0.216972 0.488664 -0.167604
-0.217538 0.479171 -0.170696
-0.219112 0.476198 -0.161279
-0.213163 0.482247 -0.163153
-0.213005 0.482544 -0.164095
-0.213062 0.481595 -0.164404
-0.21322 0.481298 -0.163462
-0.213113 0.481921 -0.163778
INDEX = 14
4 5 7
6 7 5
1 2 5
6 5 2
0 1 4
5 4 1
7 6 3
2 3 6
4 7 0
3 0 7
8 1 0
8 2 1
8 3 2
8 0 3
FACE-NORMAL = 14
-0.985908 0.102007 -0.132593
-0.985908 0.102007 -0.132593
-0.776543 -0.152791 0.611258
-0.776543 -0.152791 0.611258
-0.701631 -0.637369 -0.318551
-0.701631 -0.637369 -0.318551
-0.617444 0.773847 0.14115
-0.617444 0.773847 0.14115
-0.542532 0.289269 -0.788659
-0.542532 0.289269 -0.788659
0.737186 0.599126 0.312418
0.808451 0.138139 -0.572123
0.657098 -0.743385 -0.124902
0.585833 -0.282399 0.759638
BONE = 7
BONE_NAME = BoneSlicer_R
PARENT_ID = 1
LOCALTM 
MAT -0.985907 0.105725 -0.129648 0.0
MAT 0.0566308 0.940151 0.336021 0.0
MAT 0.157414 0.323943 -0.932889 0.0
MAT -0.216159 0.00369647 0.0125178 1.0
WORLDTM 
MAT -0.985907 0.102007 -0.132593 0.0
MAT 0.0566308 0.949299 0.309232 0.0
MAT 0.157414 0.297365 -0.941698 0.0
MAT -0.213113 0.481921 -0.163778 1.0
VERTEX = 9
-0.535888 0.638148 -0.649619
-0.535888 0.62847 -0.652139
-0.535888 0.63099 -0.661816
-0.535888 0.640667 -0.659297
-0.540888 0.634927 -0.655108
-0.540888 0.633959 -0.65536
-0.540888 0.634211 -0.656328
-0.540888 0.635179 -0.656076
-0.540888 0.634569 -0.655718
INDEX = 14
4 5 7
6 7 5
1 2 5
6 5 2
0 1 4
5 4 1
7 6 3
2 3 6
4 7 0
3 0 7
8 1 0
8 2 1
8 3 2
8 0 3
FACE-NORMAL = 14
1.0 0.0 0.0
1.0 0.0 0.0
0.668965 0.719315 0.187276
0.668965 0.719315 0.187276
0.668965 0.187276 -0.719315
0.668965 0.187276 -0.719315
0.668965 -0.187276 0.719315
0.668965 -0.187276 0.719315
0.668965 -0.719315 -0.187276
0.668965 -0.719315 -0.187276
-0.707107 -0.178158 0.684295
-0.707107 -0.684295 -0.178159
-0.707107 0.178158 -0.684295
-0.707107 0.684295 0.178159
BONE = 8
BONE_NAME = HitTestFuzzy01
PARENT_ID = 7
LOCALTM 
MAT -0.985908 0.0566308 0.157414 0.0
MAT -0.154017 0.0600763 -0.98624 0.0
MAT -0.0653083 -0.996586 -0.0505073 0.0
MAT 0.403955 -0.0257773 0.457054 1.0
WORLDTM 
MAT 1.0 0.0 0.0 0.0
MAT 0.0 -0.251954 0.967739 0.0
MAT -1.19209e-007 -0.967739 -0.251954 0.0
MAT -0.540888 0.634569 -0.655718 1.0
VERTEX = 9
-0.569994 0.522493 -0.299556
-0.570633 0.516149 -0.279961
-0.570849 0.512542 -0.281136
-0.570209 0.518887 -0.30073
-0.574135 0.518254 -0.291312
-0.574199 0.51762 -0.289353
-0.574221 0.517259 -0.28947
-0.574157 0.517894 -0.291429
-0.574178 0.517757 -0.290391
INDEX = 14
4 5 7
6 7 5
1 2 5
6 5 2
0 1 4
5 4 1
7 6 3
2 3 6
4 7 0
3 0 7
8 1 0
8 2 1
8 3 2
8 0 3
FACE-NORMAL = 14
0.997913 -0.0634468 0.0120211
0.997913 -0.0634468 0.0120211
0.690634 0.186421 -0.698765
0.690634 0.186421 -0.698765
0.625475 -0.748052 -0.221809
0.625475 -0.748052 -0.221809
0.709662 0.663165 0.237892
0.709662 0.663165 0.237892
0.644503 -0.271308 0.714848
0.644503 -0.271308 0.714848
-0.665587 0.716119 0.21016
-0.727573 -0.172859 0.663895
-0.745675 -0.626392 -0.22716
-0.683688 0.262586 -0.680896
BONE = 9
BONE_NAME = Vol_Target 01
PARENT_ID = 7
LOCALTM 
MAT -0.746848 0.0 0.0955464 0.0
MAT 0.0 0.379926 0.0 0.0
MAT -0.261486 -1.19209e-007 -2.04393 0.0
MAT 0.376421 -0.0255815 0.0730501 1.0
WORLDTM 
MAT 0.751363 -0.0477713 0.00905113 0.0
MAT 0.0215155 0.360663 0.117485 0.0
MAT -0.063943 -0.634466 1.95943 0.0
MAT -0.574178 0.517757 -0.290391 1.0
VERTEX = 9
-0.180321 0.373294 -0.193865
-0.18362 0.375468 -0.203051
-0.174247 0.375066 -0.206513
-0.170948 0.372892 -0.197327
-0.177027 0.378968 -0.198604
-0.177357 0.379185 -0.199522
-0.17642 0.379145 -0.199869
-0.17609 0.378928 -0.19895
-0.176723 0.379057 -0.199236
INDEX = 14
4 5 7
6 7 5
1 2 5
6 5 2
0 1 4
5 4 1
7 6 3
2 3 6
4 7 0
3 0 7
8 1 0
8 2 1
8 3 2
8 0 3
FACE-NORMAL = 14
-0.112163 -0.975255 -0.190519
-0.112163 -0.975255 -0.190519
0.170217 -0.814006 0.555357
0.170217 -0.814006 0.555356
0.621665 -0.682272 -0.384757
0.621665 -0.682272 -0.384757
-0.771731 -0.622551 0.129855
-0.771731 -0.622551 0.129855
-0.320283 -0.490817 -0.810258
-0.320283 -0.490817 -0.810258
-0.583468 0.718016 0.379497
-0.153999 0.843337 -0.514847
0.74209 0.661202 -0.110062
0.312621 0.535882 0.784282
BONE = 10
BONE_NAME = BoneFrontLeg_R01
PARENT_ID = 1
LOCALTM 
MAT -0.112163 -0.969461 -0.218091 0.0
MAT -0.937311 0.0303432 0.34717 0.0
MAT -0.32995 0.243359 -0.912091 0.0
MAT -0.17977 -0.0981216 -0.025842 1.0
WORLDTM 
MAT -0.112163 -0.975255 -0.190519 0.0
MAT -0.937311 0.0401733 0.34617 0.0
MAT -0.32995 0.217403 -0.918623 0.0
MAT -0.176723 0.379057 -0.199236 1.0
VERTEX = 9
-0.211943 0.133829 -0.251696
-0.209677 0.142078 -0.246519
-0.200304 0.141677 -0.24998
-0.20257 0.133427 -0.255158
-0.205381 0.134542 -0.247012
-0.205155 0.135367 -0.246494
-0.204217 0.135326 -0.246841
-0.204444 0.134501 -0.247358
-0.204799 0.134934 -0.246926
INDEX = 14
4 5 7
6 7 5
1 2 5
6 5 2
0 1 4
5 4 1
7 6 3
2 3 6
4 7 0
3 0 7
8 1 0
8 2 1
8 3 2
8 0 3
FACE-NORMAL = 14
-0.264779 0.563747 -0.782356
-0.264779 0.563747 -0.782356
-0.345545 -0.236068 -0.908224
-0.345545 -0.236068 -0.908224
0.51957 0.347266 -0.780675
0.51957 0.347267 -0.780675
-0.873826 0.406988 -0.266063
-0.873826 0.406988 -0.266063
-0.00871079 0.990322 -0.138514
-0.00871073 0.990322 -0.138513
-0.475552 -0.370223 0.797988
0.347445 0.184712 0.919328
0.850006 -0.427036 0.30843
0.0270094 -0.981971 0.187091
BONE = 11
BONE_NAME = BoneFrontLeg_R02
PARENT_ID = 10
LOCALTM 
MAT -0.371045 0.0 0.928615 0.0
MAT 0.0 1.0 0.0 0.0
MAT -0.928615 1.30385e-007 -0.371045 0.0
MAT 0.250317 0.0 0.0 1.0
WORLDTM 
MAT -0.264779 0.563747 -0.782356 0.0
MAT -0.937312 0.0401733 0.34617 0.0
MAT 0.226582 0.82497 0.51777 0.0
MAT -0.204799 0.134934 -0.246926 1.0
VERTEX = 9
-0.299892 0.322357 -0.511711
-0.302902 0.326429 -0.520335
-0.293529 0.326027 -0.523796
-0.290519 0.321956 -0.515173
-0.296151 0.328571 -0.515302
-0.296452 0.328978 -0.516164
-0.295514 0.328938 -0.51651
-0.295213 0.328531 -0.515648
-0.295832 0.328754 -0.515906
INDEX = 14
4 5 7
6 7 5
1 2 5
6 5 2
0 1 4
5 4 1
7 6 3
2 3 6
4 7 0
3 0 7
8 1 0
8 2 1
8 3 2
8 0 3
FACE-NORMAL = 14
-0.175586 -0.912477 -0.369533
-0.175586 -0.912477 -0.369533
0.106291 -0.913047 0.39376
0.106291 -0.913047 0.39376
0.579238 -0.640276 -0.50451
0.579238 -0.640276 -0.50451
-0.814159 -0.580555 0.0101008
-0.814159 -0.580554 0.0101009
-0.341212 -0.307783 -0.888169
-0.341212 -0.307783 -0.888169
-0.538622 0.673626 0.506078
-0.0887001 0.933117 -0.34846
0.786937 0.616812 0.0165209
0.337016 0.357321 0.871058
BONE = 12
BONE_NAME = BoneFrontLeg_R03
PARENT_ID = 11
LOCALTM 
MAT -0.178809 0.0 -0.983884 0.0
MAT 5.28991e-007 1.0 -3.35276e-007 0.0
MAT 0.983884 -4.32134e-007 -0.17881 0.0
MAT 0.343807 0.0 0.0 1.0
WORLDTM 
MAT -0.175586 -0.912477 -0.369533 0.0
MAT -0.937313 0.0401733 0.34617 0.0
MAT -0.301026 0.407149 -0.86233 0.0
MAT -0.295832 0.328754 -0.515906 1.0
VERTEX = 9
-0.00563001 0.410127 -0.190939
0.00430362 0.410127 -0.189789
0.00426845 0.400132 -0.189485
-0.00566518 0.400132 -0.190635
-0.00175052 0.405782 -0.18532
-0.000757159 0.405782 -0.185205
-0.000760676 0.404782 -0.185175
-0.00175404 0.404782 -0.18529
-0.0012556 0.405282 -0.185248
INDEX = 14
4 5 7
6 7 5
1 2 5
6 5 2
0 1 4
5 4 1
7 6 3
2 3 6
4 7 0
3 0 7
8 1 0
8 2 1
8 3 2
8 0 3
FACE-NORMAL = 14
0.114964 -0.0305762 -0.992899
0.114964 -0.0305762 -0.992899
-0.661454 -0.0204545 -0.749706
-0.661454 -0.0204545 -0.749706
0.0742929 -0.763401 -0.641638
0.0742929 -0.763401 -0.641638
0.0795207 0.722492 -0.686791
0.0795207 0.722492 -0.686791
0.815268 -0.0204543 -0.578723
0.815268 -0.0204543 -0.578722
-0.0788051 0.728397 0.680608
0.621122 0.0216208 0.783415
-0.0837784 -0.685156 0.723563
-0.783706 0.0216205 0.620756
BONE = 13
BONE_NAME = BoneHead
PARENT_ID = 1
LOCALTM 
MAT 0.114964 -0.00241512 -0.993367 0.0
MAT 0.00351664 0.999992 -0.00202424 0.0
MAT 0.993364 -0.0032606 0.114971 0.0
MAT -0.00430233 -0.0723031 -0.0111156 1.0
WORLDTM 
MAT 0.114964 -0.0305762 -0.992899 0.0
MAT 0.00351664 0.999532 -0.0303733 0.0
MAT 0.993364 1.64378e-007 0.115018 0.0
MAT -0.0012556 0.405282 -0.185248 1.0
VERTEX = 9
0.00953 0.327849 -0.358517
0.019435 0.327856 -0.357141
0.0187813 0.319081 -0.35239
0.00887635 0.319074 -0.353766
0.013088 0.326302 -0.351414
0.0140785 0.326302 -0.351277
0.0140131 0.325425 -0.350802
0.0130226 0.325424 -0.350939
0.0135505 0.325863 -0.351108
INDEX = 14
4 5 7
6 7 5
1 2 5
6 5 2
0 1 4
5 4 1
7 6 3
2 3 6
4 7 0
3 0 7
8 1 0
8 2 1
8 3 2
8 0 3
FACE-NORMAL = 14
0.121026 -0.47961 -0.869095
0.121026 -0.47961 -0.869095
-0.655267 -0.321359 -0.683633
-0.655267 -0.321359 -0.683633
0.0323764 -0.973069 -0.228229
0.0323764 -0.973069 -0.228229
0.129548 0.331385 -0.93456
0.129548 0.331385 -0.934559
0.817191 -0.320326 -0.479156
0.817191 -0.320326 -0.479155
-0.039358 0.959609 0.278572
0.614807 0.339627 0.711805
-0.131799 -0.281338 0.950515
-0.785964 0.338644 0.517282
BONE = 14
BONE_NAME = BoneJaw
PARENT_ID = 13
LOCALTM 
MAT 0.891502 -0.452563 0.0202616 0.0
MAT 0.452446 0.891733 0.010283 0.0
MAT -0.0227216 0.0 0.999743 0.0
MAT 0.168813 -0.0742918 -0.00436901 1.0
WORLDTM 
MAT 0.121026 -0.47961 -0.869095 0.0
MAT 0.0653655 0.877481 -0.475135 0.0
MAT 0.990496 0.000694928 0.137548 0.0
MAT 0.0135505 0.325863 -0.351108 1.0
VERTEX = 9
0.0100307 0.481801 -0.32539
0.0199186 0.481792 -0.323896
0.0205434 0.472735 -0.328089
0.0106555 0.472744 -0.329582
0.0140831 0.475602 -0.322127
0.0150719 0.475601 -0.321978
0.0151344 0.474695 -0.322397
0.0141456 0.474696 -0.322546
0.0146087 0.475149 -0.322262
INDEX = 14
4 5 7
6 7 5
1 2 5
6 5 2
0 1 4
5 4 1
7 6 3
2 3 6
4 7 0
3 0 7
8 1 0
8 2 1
8 3 2
8 0 3
FACE-NORMAL = 14
0.135658 0.42386 -0.895511
0.135658 0.42386 -0.895511
-0.644207 0.284233 -0.710077
-0.644207 0.284233 -0.710077
0.13719 -0.389674 -0.910677
0.13719 -0.389674 -0.910677
0.0443107 0.956769 -0.287453
0.0443106 0.956769 -0.287453
0.825707 0.282862 -0.488053
0.825708 0.282862 -0.488053
-0.140103 0.340731 0.929663
0.603251 -0.300367 0.738829
-0.0517458 -0.94016 0.33678
-0.7951 -0.299063 0.527614
BONE = 15
BONE_NAME = BoneCarapiss
PARENT_ID = 13
LOCALTM 
MAT 0.891787 0.451339 0.0317582 0.0
MAT -0.451131 0.892351 -0.0138445 0.0
MAT -0.034588 -0.00198074 0.9994 0.0
MAT 0.135729 0.0740513 0.0 1.0
WORLDTM 
MAT 0.135658 0.42386 -0.89551 0.0
MAT -0.0624783 0.905727 0.419231 0.0
MAT 0.988785 -0.000922079 0.149351 0.0
MAT 0.0146087 0.475149 -0.322262 1.0
VERTEX = 9
0.0355105 0.426007 -0.462124
0.0343608 0.426312 -0.452195
0.0343257 0.416317 -0.451892
0.0354753 0.416011 -0.461821
0.0300105 0.421646 -0.458095
0.0298955 0.421677 -0.457102
0.029892 0.420677 -0.457072
0.030007 0.420647 -0.458064
0.0299512 0.421162 -0.457583
INDEX = 14
4 5 7
6 7 5
1 2 5
6 5 2
0 1 4
5 4 1
7 6 3
2 3 6
4 7 0
3 0 7
8 1 0
8 2 1
8 3 2
8 0 3
FACE-NORMAL = 14
0.993363 1.67987e-007 0.115018
0.993363 1.67987e-007 0.115018
0.749977 -0.022727 -0.661073
0.749977 -0.022727 -0.661073
0.661911 -0.742947 0.0995191
0.661911 -0.742946 0.0995191
0.667139 0.742947 0.0543666
0.667139 0.742947 0.0543665
0.579073 0.0227272 0.814959
0.579073 0.0227272 0.814959
-0.699927 0.706776 -0.102807
-0.783706 0.0216205 0.620756
-0.704901 -0.706776 -0.0598527
-0.621122 -0.0216208 -0.783415
BONE = 16
BONE_NAME = Ref_Head
PARENT_ID = 13
LOCALTM 
MAT -1.31796e-007 0.0 1.0 0.0
MAT 0.0 1.0 0.0 0.0
MAT -1.0 0.0 -1.81238e-007 0.0
MAT 0.273504 0.0242538 -0.000323636 1.0
WORLDTM 
MAT 0.993363 1.67987e-007 0.115018 0.0
MAT 0.00351664 0.999532 -0.0303733 0.0
MAT -0.114964 0.0305762 0.992899 0.0
MAT 0.0299512 0.421162 -0.457583 1.0
VERTEX = 9
0.0629112 0.437957 -0.457609
0.062025 0.438193 -0.449955
0.0619979 0.430488 -0.449721
0.0628841 0.430253 -0.457375
0.0586717 0.434596 -0.454503
0.0585831 0.43462 -0.453737
0.0585803 0.433849 -0.453714
0.058669 0.433826 -0.454479
0.058626 0.434223 -0.454108
INDEX = 14
4 5 7
6 7 5
1 2 5
6 5 2
0 1 4
5 4 1
7 6 3
2 3 6
4 7 0
3 0 7
8 1 0
8 2 1
8 3 2
8 0 3
FACE-NORMAL = 14
0.993363 1.68102e-007 0.115018
0.993363 1.68102e-007 0.115018
0.749977 -0.022727 -0.661073
0.749977 -0.022727 -0.661073
0.661911 -0.742947 0.0995191
0.661911 -0.742946 0.0995191
0.667139 0.742947 0.0543665
0.667139 0.742947 0.0543665
0.579073 0.0227272 0.814959
0.579073 0.0227272 0.814959
-0.699927 0.706776 -0.102807
-0.783706 0.0216205 0.620756
-0.704901 -0.706776 -0.0598527
-0.621122 -0.0216208 -0.783415
BONE = 17
BONE_NAME = Ref_Weapon Left
PARENT_ID = 13
LOCALTM 
MAT 0.0 0.0 0.770826 0.0
MAT 0.0 0.770826 0.0 0.0
MAT -0.770827 0.0 -1.52588e-007 0.0
MAT 0.272951 0.037304 0.0285605 1.0
WORLDTM 
MAT 0.765711 1.29578e-007 0.0886587 0.0
MAT 0.00271072 0.770466 -0.0234125 0.0
MAT -0.0886174 0.023569 0.765353 0.0
MAT 0.058626 0.434223 -0.454108 1.0
VERTEX = 9
0.00792811 0.439488 -0.464722
0.00704194 0.439724 -0.457069
0.00701483 0.432019 -0.456834
0.007901 0.431783 -0.464488
0.00368858 0.436127 -0.461616
0.00359996 0.43615 -0.460851
0.00359725 0.43538 -0.460827
0.00368587 0.435356 -0.461593
0.00364292 0.435753 -0.461222
INDEX = 14
4 5 7
6 7 5
1 2 5
6 5 2
0 1 4
5 4 1
7 6 3
2 3 6
4 7 0
3 0 7
8 1 0
8 2 1
8 3 2
8 0 3
FACE-NORMAL = 14
0.993363 1.30487e-007 0.115018
0.993363 1.30487e-007 0.115018
0.749977 -0.022729 -0.661073
0.749977 -0.022729 -0.661073
0.661911 -0.742947 0.0995209
0.661911 -0.742946 0.0995209
0.667139 0.742947 0.0543645
0.667139 0.742947 0.0543644
0.579073 0.0227291 0.814959
0.579073 0.0227292 0.814959
-0.699927 0.706776 -0.102809
-0.783706 0.0216224 0.620756
-0.704901 -0.706776 -0.0598507
-0.621122 -0.0216226 -0.783415
BONE = 18
BONE_NAME = Ref_Weapon Right
PARENT_ID = 13
LOCALTM 
MAT 0.0 0.0 0.770826 0.0
MAT 2.00979e-006 0.770826 0.0 0.0
MAT -0.770827 2.02842e-006 0.0 0.0
MAT 0.273646 0.0388565 -0.0268758 1.0
WORLDTM 
MAT 0.765711 0.0 0.0886585 0.0
MAT 0.00271095 0.770466 -0.0234145 0.0
MAT -0.0886172 0.023571 0.765353 0.0
MAT 0.00364292 0.435753 -0.461222 1.0
VERTEX = 9
0.157337 0.372794 -0.197722
0.160816 0.375384 -0.206732
0.170114 0.375664 -0.203061
0.166635 0.373074 -0.194051
0.162485 0.378913 -0.198969
0.162833 0.379172 -0.19987
0.163763 0.3792 -0.199503
0.163415 0.378941 -0.198602
0.163124 0.379057 -0.199236
INDEX = 14
4 5 7
6 7 5
1 2 5
6 5 2
0 1 4
5 4 1
7 6 3
2 3 6
4 7 0
3 0 7
8 1 0
8 2 1
8 3 2
8 0 3
FACE-NORMAL = 14
0.120317 -0.96547 -0.231064
0.120317 -0.96547 -0.231064
-0.178132 -0.83838 0.515157
-0.178132 -0.838381 0.515157
0.771577 -0.625044 0.118279
0.771577 -0.625044 0.118279
-0.610601 -0.666688 -0.427426
-0.610601 -0.666688 -0.427427
0.339108 -0.453351 -0.824305
0.339108 -0.453351 -0.824305
-0.74252 0.662882 -0.0961817
0.160952 0.865833 -0.473738
0.572367 0.702499 0.422956
-0.331106 0.499549 0.800512
BONE = 19
BONE_NAME = BoneFrontLeg_L01
PARENT_ID = 1
LOCALTM 
MAT 0.120317 -0.958532 -0.258343 0.0
MAT -0.929765 -0.0175949 -0.367732 0.0
MAT 0.347938 0.284442 -0.893326 0.0
MAT 0.160077 -0.0981216 -0.025842 1.0
WORLDTM 
MAT 0.120317 -0.96547 -0.231064 0.0
MAT -0.929765 -0.0280131 -0.367086 0.0
MAT 0.347938 0.259002 -0.901031 0.0
MAT 0.163124 0.379057 -0.199236 1.0
VERTEX = 9
0.191167 0.135704 -0.265314
0.188978 0.144142 -0.260414
0.198275 0.144422 -0.256743
0.200465 0.135985 -0.261644
0.192886 0.136947 -0.257504
0.192667 0.137791 -0.257014
0.193597 0.137819 -0.256647
0.193816 0.136975 -0.257137
0.193241 0.137383 -0.257076
INDEX = 14
4 5 7
6 7 5
1 2 5
6 5 2
0 1 4
5 4 1
7 6 3
2 3 6
4 7 0
3 0 7
8 1 0
8 2 1
8 3 2
8 0 3
FACE-NORMAL = 14
0.295994 0.536029 -0.790608
0.295994 0.536029 -0.790608
0.360729 -0.268558 -0.893169
0.360729 -0.268558 -0.893169
0.889099 0.379406 -0.256036
0.889099 0.379407 -0.256036
-0.493079 0.337763 -0.801742
-0.493079 0.337763 -0.801741
0.0352908 0.985728 -0.164608
0.0352907 0.985728 -0.164608
-0.866743 -0.398838 0.299475
-0.364097 0.217581 0.905589
0.448144 -0.359222 0.818613
-0.0545025 -0.97564 0.212498
BONE = 20
BONE_NAME = BoneFrontLeg_L02
PARENT_ID = 19
LOCALTM 
MAT -0.299226 -2.92435e-007 0.954182 0.0
MAT 0.0 1.0 2.76137e-007 0.0
MAT -0.954182 0.0 -0.299226 0.0
MAT 0.250317 0.0 0.0 1.0
WORLDTM 
MAT 0.295994 0.536029 -0.790607 0.0
MAT -0.929765 -0.0280131 -0.367086 0.0
MAT -0.218916 0.843734 0.490089 0.0
MAT 0.193241 0.137383 -0.257076 1.0
VERTEX = 9
0.289718 0.314822 -0.528596
0.292881 0.319317 -0.53695
0.302179 0.319597 -0.533279
0.299016 0.315102 -0.524925
0.294383 0.321435 -0.528658
0.2947 0.321885 -0.529493
0.295629 0.321913 -0.529126
0.295313 0.321463 -0.528291
0.295006 0.321674 -0.528892
INDEX = 14
4 5 7
6 7 5
1 2 5
6 5 2
0 1 4
5 4 1
7 6 3
2 3 6
4 7 0
3 0 7
8 1 0
8 2 1
8 3 2
8 0 3
FACE-NORMAL = 14
0.188419 -0.892825 -0.409099
0.188419 -0.892825 -0.409099
-0.109047 -0.931403 0.347272
-0.109046 -0.931403 0.347272
0.817134 -0.576446 -0.000819564
0.817134 -0.576447 -0.000819653
-0.565043 -0.618091 -0.546526
-0.565043 -0.61809 -0.546526
0.361138 -0.263134 -0.894617
0.361138 -0.263134 -0.894617
-0.790675 0.611514 0.0297073
0.0904144 0.94919 -0.301437
0.524211 0.651131 0.548846
-0.356879 0.313456 0.87999
BONE = 21
BONE_NAME = BoneFrontLeg_L03
PARENT_ID = 20
LOCALTM 
MAT -0.0993728 -2.10479e-007 -0.99505 0.0
MAT 3.11993e-007 1.0 -1.50874e-007 0.0
MAT 0.99505 -6.7614e-007 -0.0993728 0.0
MAT 0.343808 0.0 0.0 1.0
WORLDTM 
MAT 0.188419 -0.892825 -0.409099 0.0
MAT -0.929766 -0.0280131 -0.367087 0.0
MAT 0.316284 0.449531 -0.835395 0.0
MAT 0.295006 0.321674 -0.528892 1.0
VERTEX = 9
0.230628 0.488327 -0.156715
0.231293 0.485424 -0.147169
0.230811 0.475859 -0.150043
0.230146 0.478761 -0.15959
0.225727 0.48285 -0.153325
0.225794 0.48256 -0.15237
0.225746 0.481604 -0.152658
0.225679 0.481894 -0.153612
0.225736 0.482227 -0.152991
INDEX = 14
4 5 7
6 7 5
1 2 5
6 5 2
0 1 4
5 4 1
7 6 3
2 3 6
4 7 0
3 0 7
8 1 0
8 2 1
8 3 2
8 0 3
FACE-NORMAL = 14
0.996626 -0.0268605 -0.0775591
0.996626 -0.0268605 -0.0775591
0.617302 0.197776 -0.761461
0.617302 0.197776 -0.761461
0.630915 -0.728983 -0.265574
0.630915 -0.728983 -0.265574
0.7025 0.693046 0.161806
0.7025 0.693046 0.161806
0.716113 -0.233714 0.657692
0.716113 -0.233714 0.657693
-0.670671 0.695392 0.258129
-0.65772 -0.186248 0.729874
-0.738771 -0.657405 -0.148444
-0.751721 0.224235 -0.620188
BONE = 22
BONE_NAME = BoneSlicer_L
PARENT_ID = 1
LOCALTM 
MAT 0.996626 -0.0246509 -0.0782894 0.0
MAT 0.048154 0.948037 0.314494 0.0
MAT 0.0664687 -0.317203 0.946025 0.0
MAT 0.22269 0.00369644 0.0233092 1.0
WORLDTM 
MAT 0.996626 -0.0268605 -0.0775591 0.0
MAT 0.048154 0.956572 0.287491 0.0
MAT 0.0664687 -0.290255 0.954638 0.0
MAT 0.225736 0.482227 -0.152991 1.0
VERTEX = 9
0.554235 0.600835 -0.611582
0.554235 0.591158 -0.614101
0.554235 0.593677 -0.623778
0.554235 0.603355 -0.621259
0.549235 0.597614 -0.61707
0.549235 0.596646 -0.617322
0.549235 0.596898 -0.61829
0.549235 0.597866 -0.618038
0.549235 0.597256 -0.61768
INDEX = 14
4 5 7
6 7 5
1 2 5
6 5 2
0 1 4
5 4 1
7 6 3
2 3 6
4 7 0
3 0 7
8 1 0
8 2 1
8 3 2
8 0 3
FACE-NORMAL = 14
1.0 0.0 -8.04663e-007
1.0 0.0 -8.04663e-007
0.668965 0.719315 0.187276
0.668965 0.719315 0.187276
0.668964 0.187276 -0.719315
0.668964 0.187276 -0.719315
0.668965 -0.187276 0.719314
0.668965 -0.187276 0.719315
0.668965 -0.719315 -0.187277
0.668965 -0.719315 -0.187277
-0.707106 -0.178158 0.684295
-0.707107 -0.684295 -0.178158
-0.707107 0.178158 -0.684294
-0.707107 0.684295 0.178159
BONE = 23
BONE_NAME = HitTestFuzzy02
PARENT_ID = 22
LOCALTM 
MAT 0.996626 0.0481538 0.0664679 0.0
MAT -0.0682889 0.0372038 0.996972 0.0
MAT 0.0455352 -0.998147 0.0403664 0.0
MAT 0.355358 -0.00798225 -0.455495 1.0
WORLDTM 
MAT 1.0 0.0 -8.04663e-007 0.0
MAT 3.8743e-007 -0.251954 0.967739 0.0
MAT -1.3411e-007 -0.967739 -0.251954 0.0
MAT 0.549235 0.597256 -0.61768 1.0
VERTEX = 9
0.583208 0.472705 -0.263559
0.580653 0.466938 -0.243942
0.58047 0.463304 -0.245034
0.583025 0.469071 -0.264651
0.578244 0.468781 -0.255618
0.577989 0.468204 -0.253657
0.577971 0.467841 -0.253766
0.578226 0.468418 -0.255727
0.578108 0.468311 -0.254692
INDEX = 14
4 5 7
6 7 5
1 2 5
6 5 2
0 1 4
5 4 1
7 6 3
2 3 6
4 7 0
3 0 7
8 1 0
8 2 1
8 3 2
8 0 3
FACE-NORMAL = 14
0.991117 -0.0814828 0.105109
0.991117 -0.0814828 0.105109
0.755168 0.153521 -0.637301
0.755169 0.153521 -0.6373
0.62723 -0.765524 -0.143376
0.62723 -0.765523 -0.143376
0.698815 0.656505 0.284005
0.698815 0.656505 0.284004
0.570876 -0.262539 0.777929
0.570876 -0.262539 0.777929
-0.666775 0.734016 0.128963
-0.788486 -0.140285 0.598841
-0.734876 -0.618782 -0.27761
-0.613165 0.255519 -0.747488
BONE = 24
BONE_NAME = Vol_Target 02
PARENT_ID = 22
LOCALTM 
MAT 0.739238 0.0 0.14296 0.0
MAT 0.0 0.379926 0.0 0.0
MAT -0.391244 0.0 2.0231 0.0
MAT 0.359444 -0.0255815 -0.0696264 1.0
WORLDTM 
MAT 0.746246 -0.0613512 0.0791403 0.0
MAT 0.018295 0.363427 0.109225 0.0
MAT -0.255451 -0.576707 1.96167 0.0
MAT 0.578108 0.468311 -0.254692 1.0
VERTEX = 9
0.176616 0.303838 -0.0329917
0.175621 0.313775 -0.0324888
0.176436 0.313353 -0.022531
0.177432 0.303415 -0.023034
0.171577 0.307603 -0.0279003
0.171477 0.308597 -0.02785
0.171559 0.308555 -0.0268542
0.171658 0.307561 -0.0269045
0.171568 0.308079 -0.0273772
INDEX = 14
4 5 7
6 7 5
1 2 5
6 5 2
0 1 4
5 4 1
7 6 3
2 3 6
4 7 0
3 0 7
8 1 0
8 2 1
8 3 2
8 0 3
FACE-NORMAL = 14
0.991683 0.103261 -0.0768241
0.991683 0.103261 -0.0768241
0.737419 -0.669576 -0.0887766
0.737419 -0.669576 -0.0887766
0.724008 0.0376909 0.688761
0.724008 0.037691 0.688761
0.602794 0.100465 -0.791546
0.602794 0.100464 -0.791547
0.589384 0.807732 -0.0140086
0.589383 0.807732 -0.0140086
-0.758882 -0.0431576 -0.649797
-0.77164 0.629676 0.0898868
-0.64357 -0.102875 0.758442
-0.630812 -0.775709 0.0187589
BONE = 25
BONE_NAME = BoneMidLeg_L01
PARENT_ID = 1
LOCALTM 
MAT 0.991683 0.105397 -0.0738658 0.0
MAT -0.081538 0.0704399 -0.994178 0.0
MAT -0.0995804 0.991932 0.078448 0.0
MAT 0.168521 -0.173943 0.143936 1.0
WORLDTM 
MAT 0.991683 0.103261 -0.0768241 0.0
MAT -0.081538 0.0422266 -0.995775 0.0
MAT -0.0995804 0.993757 0.050295 0.0
MAT 0.171568 0.308079 -0.0273772 1.0
VERTEX = 9
0.358079 0.32126 -0.0471117
0.366969 0.325807 -0.0476469
0.367785 0.325385 -0.0376892
0.358894 0.320838 -0.037154
0.360194 0.327565 -0.0424985
0.361083 0.328019 -0.042552
0.361165 0.327977 -0.0415562
0.360275 0.327522 -0.0415027
0.360679 0.327771 -0.0420274
INDEX = 14
4 5 7
6 7 5
1 2 5
6 5 2
0 1 4
5 4 1
7 6 3
2 3 6
4 7 0
3 0 7
8 1 0
8 2 1
8 3 2
8 0 3
FACE-NORMAL = 14
0.450495 -0.889655 -0.0746146
0.450495 -0.889655 -0.0746146
-0.359459 -0.933106 -0.010135
-0.359458 -0.933106 -0.010135
0.361972 -0.626535 0.690239
0.361972 -0.626535 0.690239
0.240759 -0.563761 -0.790069
0.240759 -0.563761 -0.790069
0.962189 -0.25719 -0.0896941
0.962189 -0.25719 -0.0896941
-0.376204 0.65894 -0.651359
0.310103 0.950586 0.0149176
-0.260892 0.599223 0.75688
-0.9472 0.307577 0.0906034
BONE = 26
BONE_NAME = BoneMidLeg_L02
PARENT_ID = 25
LOCALTM 
MAT 0.360614 -1.60187e-007 -0.932715 0.0
MAT 0.0 1.0 -1.30385e-007 0.0
MAT 0.932715 0.0 0.360614 0.0
MAT 0.190698 0.0 1.78814e-007 1.0
WORLDTM 
MAT 0.450495 -0.889656 -0.0746147 0.0
MAT -0.081538 0.0422265 -0.995775 0.0
MAT 0.889048 0.454676 -0.0535179 0.0
MAT 0.360679 0.327771 -0.0420274 1.0
VERTEX = 9
0.176057 0.36355 0.134425
0.179861 0.372786 0.133966
0.174853 0.375261 0.14226
0.171049 0.366025 0.142719
0.171628 0.370283 0.135167
0.172008 0.371206 0.135121
0.171508 0.371454 0.13595
0.171127 0.37053 0.135996
0.171568 0.370868 0.135559
INDEX = 14
4 5 7
6 7 5
1 2 5
6 5 2
0 1 4
5 4 1
7 6 3
2 3 6
4 7 0
3 0 7
8 1 0
8 2 1
8 3 2
8 0 3
FACE-NORMAL = 14
0.777458 -0.292554 0.55675
0.777458 -0.292554 0.55675
0.237308 -0.882261 0.406571
0.237308 -0.882261 0.406571
0.147837 -0.0117374 0.988942
0.147838 -0.0117375 0.988942
0.892347 -0.37968 -0.24405
0.892347 -0.37968 -0.24405
0.802877 0.490844 0.338321
0.802877 0.490844 0.338321
-0.195615 0.0318527 -0.980163
-0.280729 0.859995 -0.426145
-0.903878 0.381882 0.1928
-0.818763 -0.446261 -0.361218
BONE = 27
BONE_NAME = BoneBackLeg_L01
PARENT_ID = 1
LOCALTM 
MAT 0.777458 -0.308221 0.548232 0.0
MAT 0.500818 -0.223894 -0.836094 0.0
MAT 0.380448 0.924593 -0.0197063 0.0
MAT 0.168521 -0.115798 0.308586 1.0
WORLDTM 
MAT 0.777458 -0.292554 0.55675 0.0
MAT 0.500818 -0.247508 -0.82941 0.0
MAT 0.380448 0.923662 -0.0459106 0.0
MAT 0.171568 0.370868 0.135559 1.0
VERTEX = 9
0.358806 0.295054 0.262572
0.360892 0.29312 0.272159
0.352407 0.297637 0.274916
0.350321 0.299571 0.265329
0.358359 0.300571 0.268476
0.358567 0.300378 0.269435
0.357719 0.300829 0.269711
0.35751 0.301023 0.268752
0.358039 0.3007 0.269093
INDEX = 14
4 5 7
6 7 5
1 2 5
6 5 2
0 1 4
5 4 1
7 6 3
2 3 6
4 7 0
3 0 7
8 1 0
8 2 1
8 3 2
8 0 3
FACE-NORMAL = 14
-0.486381 -0.870948 -0.06988
-0.486381 -0.870948 -0.06988
-0.480416 -0.438875 -0.759335
-0.480416 -0.438875 -0.759335
-0.956044 -0.246879 0.15821
-0.956044 -0.246879 0.15821
0.305301 -0.918388 -0.251705
0.305301 -0.918388 -0.251705
-0.170327 -0.726392 0.66584
-0.170327 -0.726392 0.66584
0.943891 0.296445 -0.145566
0.491419 0.479093 0.727308
-0.256045 0.935261 0.244392
0.196427 0.752613 -0.628482
BONE = 28
BONE_NAME = BoneBackLeg_L02
PARENT_ID = 27
LOCALTM 
MAT -0.162247 0.0299374 -0.986296 0.0
MAT 0.638291 0.76544 -0.0817659 0.0
MAT 0.752503 -0.64281 -0.1433 0.0
MAT 0.239847 0.0 1.19209e-007 1.0
WORLDTM 
MAT -0.486381 -0.870948 -0.06988 0.0
MAT 0.848483 -0.451711 -0.275742 0.0
MAT 0.208591 -0.193408 0.958688 0.0
MAT 0.358039 0.3007 0.269093 1.0
VERTEX = 9
0.00500004 0.260045 -0.128022
0.00500004 0.259761 -0.118026
0.00500004 0.249765 -0.118309
0.00500004 0.250049 -0.128305
0.0 0.255419 -0.123651
0.0 0.255391 -0.122651
0.0 0.254391 -0.12268
0.0 0.25442 -0.123679
0.0 0.254905 -0.123165
INDEX = 14
4 5 7
6 7 5
1 2 5
6 5 2
0 1 4
5 4 1
7 6 3
2 3 6
4 7 0
3 0 7
8 1 0
8 2 1
8 3 2
8 0 3
FACE-NORMAL = 14
1.0 0.0 0.0
1.0 0.0 0.0
0.668965 0.0210721 -0.742995
0.668965 0.0210721 -0.742995
0.668965 -0.742995 -0.0210721
0.668965 -0.742995 -0.0210721
0.668965 0.742995 0.0210722
0.668965 0.742995 0.0210722
0.668965 -0.0210721 0.742995
0.668965 -0.0210722 0.742995
-0.707107 0.706823 0.0200462
-0.707107 -0.0200462 0.706823
-0.707107 -0.706823 -0.0200463
-0.707107 0.0200463 -0.706823
BONE = 29
BONE_NAME = HitTestTight
PARENT_ID = 1
LOCALTM 
MAT 1.0 0.0 0.0 0.0
MAT 0.0 0.998392 0.056677 0.0
MAT 0.0 -0.056677 0.998392 0.0
MAT -0.00304669 -0.22438 0.0466786 1.0
WORLDTM 
MAT 1.0 0.0 0.0 0.0
MAT 0.0 0.999598 0.0283497 0.0
MAT 0.0 -0.0283497 0.999598 0.0
MAT 0.0 0.254905 -0.123165 1.0
VERTEX = 9
-0.237369 0.660419 0.0161655
-0.237369 0.660703 0.0261615
-0.232369 0.652046 0.026407
-0.232369 0.651762 0.016411
-0.239449 0.654152 0.020845
-0.239449 0.65418 0.0218446
-0.238949 0.653315 0.0218692
-0.238949 0.653286 0.0208696
-0.239199 0.653733 0.0213571
INDEX = 14
4 5 7
6 7 5
1 2 5
6 5 2
0 1 4
5 4 1
7 6 3
2 3 6
4 7 0
3 0 7
8 1 0
8 2 1
8 3 2
8 0 3
FACE-NORMAL = 14
0.866025 0.499799 -0.014175
0.866025 0.499799 -0.014175
0.579341 0.313275 -0.752478
0.579341 0.313275 -0.752478
0.950987 -0.309105 0.00876668
0.950988 -0.309105 0.00876668
0.207694 0.977801 -0.0277319
0.207693 0.977801 -0.0277319
0.579341 0.35542 0.733513
0.579341 0.35542 0.733513
-0.965926 0.258715 -0.00733755
-0.612373 -0.333365 0.716846
-0.258819 -0.965538 0.0273841
-0.612373 -0.373458 -0.696799
BONE = 30
BONE_NAME = Ref_Weapon 01
PARENT_ID = 1
LOCALTM 
MAT 0.866025 0.5 0.0 0.0
MAT -0.5 0.866026 0.0 0.0
MAT 0.0 0.0 1.0 0.0
MAT -0.242246 0.170191 0.20245 1.0
WORLDTM 
MAT 0.866025 0.499799 -0.014175 0.0
MAT -0.5 0.865677 -0.0245519 0.0
MAT 0.0 0.0283501 0.999598 0.0
MAT -0.239199 0.653733 0.0213571 1.0
VERTEX = 9
0.232923 0.655421 0.0163072
0.232923 0.655704 0.0263032
0.227923 0.647048 0.0265487
0.227923 0.646764 0.0165528
0.226343 0.654152 0.020845
0.226343 0.65418 0.0218446
0.225843 0.653315 0.0218692
0.225843 0.653286 0.0208696
0.226093 0.653733 0.0213571
INDEX = 14
4 5 7
6 7 5
1 2 5
6 5 2
0 1 4
5 4 1
7 6 3
2 3 6
4 7 0
3 0 7
8 1 0
8 2 1
8 3 2
8 0 3
FACE-NORMAL = 14
0.866025 -0.499799 0.0141751
0.866025 -0.499799 0.0141751
0.57934 -0.35542 -0.733513
0.579341 -0.35542 -0.733513
0.207693 -0.977801 0.0277319
0.207693 -0.977801 0.0277319
0.950988 0.309105 -0.00876667
0.950988 0.309105 -0.00876668
0.579341 -0.313276 0.752478
0.57934 -0.313275 0.752478
-0.258819 0.965538 -0.0273841
-0.612372 0.373458 0.696799
-0.965926 -0.258715 0.00733755
-0.612372 0.333365 -0.716846
BONE = 31
BONE_NAME = Ref_Weapon 02
PARENT_ID = 1
LOCALTM 
MAT 0.866025 -0.5 0.0 0.0
MAT 0.5 0.866025 0.0 0.0
MAT 0.0 0.0 1.0 0.0
MAT 0.223046 0.170191 0.20245 1.0
WORLDTM 
MAT 0.866025 -0.499799 0.0141751 0.0
MAT 0.5 0.865677 -0.0245519 0.0
MAT 0.0 0.0283501 0.999598 0.0
MAT 0.226093 0.653733 0.0213571 1.0
VERTEX = 9
0.00741264 0.720979 0.0144479
0.00741264 0.721262 0.0244439
0.00741264 0.711266 0.0247274
0.00741264 0.710983 0.0147314
0.00241264 0.716608 0.0190737
0.00241264 0.716636 0.0200733
0.00241264 0.715637 0.0201017
0.00241264 0.715608 0.0191021
0.00241264 0.716122 0.0195877
INDEX = 14
4 5 7
6 7 5
1 2 5
6 5 2
0 1 4
5 4 1
7 6 3
2 3 6
4 7 0
3 0 7
8 1 0
8 2 1
8 3 2
8 0 3
FACE-NORMAL = 14
1.0 0.0 0.0
1.0 0.0 0.0
0.668965 -0.0210725 -0.742995
0.668965 -0.0210725 -0.742995
0.668965 -0.742995 0.0210725
0.668965 -0.742995 0.0210725
0.668965 0.742995 -0.0210725
0.668965 0.742995 -0.0210725
0.668965 0.0210725 0.742995
0.668965 0.0210725 0.742995
-0.707107 0.706823 -0.0200465
-0.707107 0.0200465 0.706823
-0.707107 -0.706823 0.0200465
-0.707107 -0.0200465 -0.706823
BONE = 32
BONE_NAME = Ref_Weapon 03
PARENT_ID = 1
LOCALTM 
MAT 1.0 0.0 0.0 0.0
MAT 0.0 1.0 0.0 0.0
MAT 0.0 0.0 1.0 0.0
MAT -0.000634086 0.232605 0.20245 1.0
WORLDTM 
MAT 1.0 0.0 0.0 0.0
MAT 0.0 0.999598 -0.0283501 0.0
MAT 0.0 0.0283501 0.999598 0.0
MAT 0.00241264 0.716122 0.0195877 1.0
VERTEX = 9
0.00501618 0.43637 -0.171639
0.00501618 0.436653 -0.161643
0.00501618 0.426657 -0.16136
0.00501618 0.426374 -0.171356
1.61831e-005 0.431999 -0.167014
1.61831e-005 0.432027 -0.166014
1.61831e-005 0.431028 -0.165986
1.61831e-005 0.430999 -0.166985
1.61831e-005 0.431513 -0.1665
INDEX = 14
4 5 7
6 7 5
1 2 5
6 5 2
0 1 4
5 4 1
7 6 3
2 3 6
4 7 0
3 0 7
8 1 0
8 2 1
8 3 2
8 0 3
FACE-NORMAL = 14
1.0 0.0 0.0
1.0 0.0 0.0
0.668965 -0.0210725 -0.742995
0.668965 -0.0210725 -0.742995
0.668965 -0.742995 0.0210725
0.668965 -0.742995 0.0210725
0.668965 0.742995 -0.0210725
0.668965 0.742995 -0.0210725
0.668965 0.0210725 0.742995
0.668965 0.0210725 0.742995
-0.707107 0.706823 -0.0200465
-0.707107 0.0200465 0.706823
-0.707107 -0.706823 0.0200465
-0.707107 -0.0200465 -0.706823
BONE = 33
BONE_NAME = Ref_Center
PARENT_ID = 1
LOCALTM 
MAT 1.0 0.0 0.0 0.0
MAT 0.0 1.0 0.0 0.0
MAT 0.0 0.0 1.0 0.0
MAT -0.00303055 -0.0466139 0.00836866 1.0
WORLDTM 
MAT 1.0 0.0 0.0 0.0
MAT 0.0 0.999598 -0.0283501 0.0
MAT 0.0 0.0283501 0.999598 0.0
MAT 1.61831e-005 0.431513 -0.1665 1.0
VERTEX = 9
0.00501618 0.462041 -0.0949258
0.00501618 0.465375 -0.0788013
0.00501618 0.455582 -0.0767768
0.00501618 0.452248 -0.0929013
1.61757e-005 0.459135 -0.0867588
1.61757e-005 0.459468 -0.0851463
1.61757e-005 0.458489 -0.0849439
1.61757e-005 0.458155 -0.0865563
1.61757e-005 0.458812 -0.0858513
INDEX = 14
4 5 7
6 7 5
1 2 5
6 5 2
0 1 4
5 4 1
7 6 3
2 3 6
4 7 0
3 0 7
8 1 0
8 2 1
8 3 2
8 0 3
FACE-NORMAL = 14
1.0 0.0 0.0
1.0 0.0 0.0
0.668965 -0.15048 -0.727902
0.668965 -0.15048 -0.727902
0.668965 -0.727902 0.15048
0.668965 -0.727902 0.15048
0.668965 0.727902 -0.15048
0.668965 0.727902 -0.15048
0.668965 0.15048 0.727902
0.668965 0.15048 0.727902
-0.707107 0.692464 -0.143154
-0.707107 0.143154 0.692464
-0.707107 -0.692464 0.143154
-0.707107 -0.143154 -0.692464
BONE = 34
BONE_NAME = Vol_Target
PARENT_ID = 1
LOCALTM 
MAT 1.0 0.0 0.0 0.0
MAT 0.0 0.984638 -0.174606 0.0
MAT 0.0 0.287496 1.62125 0.0
MAT -0.00303056 -0.021613 0.0897585 1.0
WORLDTM 
MAT 1.0 0.0 0.0 0.0
MAT 0.0 0.979292 -0.20245 0.0
MAT 0.0 0.333343 1.61245 0.0
MAT 1.61757e-005 0.458812 -0.0858513 1.0
VERTEX = 9
0.0154274 0.227124 -0.984255
0.0154274 0.217214 -0.982909
0.0154274 0.215869 -0.992819
0.0154274 0.225778 -0.994164
0.0104274 0.222059 -0.988108
0.0104274 0.221068 -0.987974
0.0104274 0.220934 -0.988965
0.0104274 0.221925 -0.989099
0.0104274 0.221496 -0.988537
INDEX = 14
4 5 7
6 7 5
1 2 5
6 5 2
0 1 4
5 4 1
7 6 3
2 3 6
4 7 0
3 0 7
8 1 0
8 2 1
8 3 2
8 0 3
FACE-NORMAL = 14
1.0 0.0 -4.76837e-007
1.0 0.0 -4.76837e-007
0.668965 0.736539 -0.0999844
0.668965 0.736539 -0.0999844
0.668964 -0.099984 -0.736539
0.668964 -0.099984 -0.736539
0.668965 0.099984 0.736538
0.668965 0.099984 0.736539
0.668965 -0.736539 0.0999837
0.668965 -0.736539 0.0999837
-0.707106 0.0951163 0.700681
-0.707107 -0.70068 0.0951166
-0.707107 -0.0951163 -0.70068
-0.707107 0.70068 -0.095116
BONE = 35
BONE_NAME = HitTestFuzzy
PARENT_ID = 0
LOCALTM 
MAT 1.0 0.0 -4.76837e-007 0.0
MAT 4.74482e-007 0.134515 0.990911 0.0
MAT 0.0 -0.990911 0.134515 0.0
MAT 0.0104274 0.221496 -0.988537 1.0
WORLDTM 
MAT 1.0 0.0 -4.76837e-007 0.0
