EXPORTER_V17
ANIMATION_EXPORT
BONEOBJECT_COUNT = 44
VERTEX = 9
0.005 0.005 -0.005
0.005 0.005 0.005
0.005 -0.005 0.005
0.005 -0.005 -0.005
0.0 0.0005 -0.0005
0.0 0.0005 0.0005
0.0 -0.0005 0.0005
0.0 -0.0005 -0.0005
0.0 0.0 0.0
INDEX = 14
4 5 7
6 7 5
1 2 5
6 5 2
0 1 4
5 4 1
7 6 3
2 3 6
4 7 0
3 0 7
8 1 0
8 2 1
8 3 2
8 0 3
FACE-NORMAL = 14
1.0 0.0 0.0
1.0 0.0 0.0
0.668965 0.0 -0.743294
0.668965 0.0 -0.743294
0.668965 -0.743294 0.0
0.668965 -0.743294 0.0
0.668965 0.743294 0.0
0.668965 0.743294 0.0
0.668965 0.0 0.743294
0.668965 0.0 0.743294
-0.707107 0.707107 0.0
-0.707107 0.0 0.707107
-0.707107 -0.707107 0.0
-0.707107 0.0 -0.707107
BONE = 0
BONE_NAME = Main
PARENT_ID = -1
LOCALTM 
MAT 1.0 0.0 0.0 0.0
MAT 0.0 1.0 0.0 0.0
MAT 0.0 0.0 1.0 0.0
MAT 0.0 0.0 0.0 1.0
WORLDTM 
MAT 1.0 0.0 0.0 0.0
MAT 0.0 1.0 0.0 0.0
MAT 0.0 0.0 1.0 0.0
MAT 0.0 0.0 0.0 1.0
VERTEX = 9
0.00803056 0.493374 -0.181326
0.00803056 0.493658 -0.17133
0.00803056 0.483662 -0.171047
0.00803056 0.483378 -0.181043
0.00303056 0.489004 -0.1767
0.00303056 0.489032 -0.175701
0.00303056 0.488032 -0.175672
0.00303056 0.488004 -0.176672
0.00303056 0.488518 -0.176186
INDEX = 14
4 5 7
6 7 5
1 2 5
6 5 2
0 1 4
5 4 1
7 6 3
2 3 6
4 7 0
3 0 7
8 1 0
8 2 1
8 3 2
8 0 3
FACE-NORMAL = 14
1.0 0.0 0.0
1.0 0.0 0.0
0.668965 -0.0210725 -0.742995
0.668965 -0.0210725 -0.742995
0.668965 -0.742995 0.0210725
0.668965 -0.742995 0.0210725
0.668965 0.742995 -0.0210725
0.668965 0.742995 -0.0210725
0.668965 0.0210725 0.742995
0.668965 0.0210725 0.742995
-0.707107 0.706823 -0.0200465
-0.707107 0.0200465 0.706823
-0.707107 -0.706823 0.0200465
-0.707107 -0.0200465 -0.706823
BONE = 1
BONE_NAME = bone root
PARENT_ID = 0
LOCALTM 
MAT 1.0 0.0 0.0 0.0
MAT 0.0 0.999598 -0.0283501 0.0
MAT 0.0 0.0283501 0.999598 0.0
MAT 0.00303056 0.488518 -0.176186 1.0
WORLDTM 
MAT 1.0 0.0 0.0 0.0
MAT 0.0 0.999598 -0.0283501 0.0
MAT 0.0 0.0283501 0.999598 0.0
MAT 0.00303056 0.488518 -0.176186 1.0
VERTEX = 9
0.00416843 0.508852 0.179559
0.00115167 0.51084 0.188883
0.000623901 0.501041 0.190802
0.00364066 0.499052 0.181478
-0.00218635 0.505293 0.183088
-0.00248803 0.505492 0.18402
-0.00254081 0.504512 0.184212
-0.00223913 0.504313 0.18328
-0.00236358 0.504903 0.18365
INDEX = 14
4 5 7
6 7 5
1 2 5
6 5 2
0 1 4
5 4 1
7 6 3
2 3 6
4 7 0
3 0 7
8 1 0
8 2 1
8 3 2
8 0 3
FACE-NORMAL = 14
0.951949 0.00868243 0.306135
0.951949 0.00868243 0.306135
0.861054 -0.14199 -0.488288
0.861054 -0.14199 -0.488287
0.597592 -0.722615 0.347436
0.597592 -0.722615 0.347436
0.676049 0.734231 0.0621501
0.676049 0.734231 0.0621501
0.412586 0.153606 0.897874
0.412586 0.153606 0.897874
-0.635811 0.68682 -0.352168
-0.886446 0.134463 0.442868
-0.710448 -0.699099 -0.0807713
-0.459812 -0.146742 -0.875808
BONE = 2
BONE_NAME = BoneButt
PARENT_ID = 1
LOCALTM 
MAT 0.951949 0.0 0.306258 0.0
MAT 0.0527766 0.98504 -0.164047 0.0
MAT -0.301676 0.172327 0.937707 0.0
MAT -0.00539413 0.00617674 0.360156 1.0
WORLDTM 
MAT 0.951949 0.00868242 0.306135 0.0
MAT 0.0527766 0.979993 -0.191907 0.0
MAT -0.301676 0.198842 0.932445 0.0
MAT -0.00236358 0.504903 0.18365 1.0
VERTEX = 9
-0.172258 0.324692 -0.0323671
-0.171253 0.315015 -0.0346824
-0.174156 0.312504 -0.0254482
-0.17516 0.322181 -0.0231329
-0.168354 0.319335 -0.0277232
-0.168253 0.318368 -0.0279547
-0.168543 0.318117 -0.0270313
-0.168644 0.319084 -0.0267998
-0.168448 0.318726 -0.0273772
INDEX = 14
4 5 7
6 7 5
1 2 5
6 5 2
0 1 4
5 4 1
7 6 3
2 3 6
4 7 0
3 0 7
8 1 0
8 2 1
8 3 2
8 0 3
FACE-NORMAL = 14
-0.951661 -0.0255776 -0.306085
-0.951661 -0.0255776 -0.306085
-0.71131 0.702119 -0.0326624
-0.71131 0.702119 -0.0326625
-0.852371 -0.203748 0.481613
-0.852371 -0.203748 0.481613
-0.420884 0.169527 -0.891133
-0.420884 0.169527 -0.891133
-0.561945 -0.73634 -0.376858
-0.561945 -0.73634 -0.376858
0.878166 0.195637 -0.436522
0.743972 -0.666128 0.0527157
0.467686 -0.159465 0.869391
0.601879 0.7023 0.380154
BONE = 3
BONE_NAME = BoneMidLeg_R01
PARENT_ID = 1
LOCALTM 
MAT -0.95166 -0.0168898 -0.306687 0.0
MAT 0.290253 0.277173 -0.91593 0.0
MAT 0.100475 -0.960671 -0.258873 0.0
MAT -0.171479 -0.173943 0.143936 1.0
WORLDTM 
MAT -0.95166 -0.0255776 -0.306085 0.0
MAT 0.290253 0.251095 -0.92342 0.0
MAT 0.100475 -0.967624 -0.231533 0.0
MAT -0.168448 0.318726 -0.0273772 1.0
VERTEX = 9
-0.357844 0.312708 -0.0890671
-0.349257 0.311085 -0.093927
-0.345618 0.306338 -0.0859127
-0.354206 0.307961 -0.0810528
-0.350539 0.314167 -0.0859045
-0.34968 0.314005 -0.0863905
-0.349316 0.31353 -0.0855891
-0.350175 0.313692 -0.0851031
-0.349928 0.313848 -0.0857468
INDEX = 14
4 5 7
6 7 5
1 2 5
6 5 2
0 1 4
5 4 1
7 6 3
2 3 6
4 7 0
3 0 7
8 1 0
8 2 1
8 3 2
8 0 3
FACE-NORMAL = 14
-0.360747 -0.865059 -0.348617
-0.360747 -0.865059 -0.348617
-0.879645 -0.458078 0.128019
-0.879645 -0.458078 0.128019
0.0291106 -0.931536 0.362482
0.0291106 -0.931536 0.362482
-0.511765 -0.225853 -0.828907
-0.511765 -0.225853 -0.828907
0.396991 -0.69931 -0.594444
0.396991 -0.69931 -0.594444
-0.00218472 0.947353 -0.320184
0.862328 0.496945 -0.0971354
0.512358 0.276026 0.813203
-0.352155 0.726433 0.590154
BONE = 4
BONE_NAME = BoneMidLeg_R02
PARENT_ID = 3
LOCALTM 
MAT 0.472141 -5.06639e-007 0.881523 0.0
MAT 0.579412 0.753643 -0.310331 0.0
MAT -0.664353 0.657285 0.355826 0.0
MAT 0.190697 0.0 0.0 1.0
WORLDTM 
MAT -0.360747 -0.865059 -0.348617 0.0
MAT -0.363837 0.4747 -0.801426 0.0
MAT 0.858769 -0.162272 -0.485987 0.0
MAT -0.349928 0.313848 -0.0857468 1.0
VERTEX = 9
-0.176912 0.383279 0.136071
-0.172786 0.374294 0.13757
-0.165661 0.378503 0.143185
-0.169787 0.387488 0.141685
-0.169011 0.381754 0.135203
-0.168598 0.380856 0.135353
-0.167886 0.381276 0.135914
-0.168299 0.382175 0.135764
-0.168448 0.381515 0.135559
INDEX = 14
4 5 7
6 7 5
1 2 5
6 5 2
0 1 4
5 4 1
7 6 3
2 3 6
4 7 0
3 0 7
8 1 0
8 2 1
8 3 2
8 0 3
FACE-NORMAL = 14
-0.567587 -0.124835 0.813794
-0.567587 -0.124835 0.813794
-0.686359 0.584341 0.432963
-0.686359 0.584341 0.432963
0.149887 0.229301 0.961746
0.149887 0.229301 0.961746
-0.909278 -0.396322 0.127054
-0.909278 -0.396322 0.127054
-0.0730321 -0.751361 0.655837
-0.0730319 -0.751361 0.655837
-0.102455 -0.209311 -0.972467
0.693078 -0.547065 -0.469428
0.905144 0.385854 -0.178412
0.109611 0.723609 -0.681451
BONE = 5
BONE_NAME = BoneBackLeg_R01
PARENT_ID = 1
LOCALTM 
MAT -0.567587 -0.147856 0.809928 0.0
MAT -0.71248 -0.404758 -0.573187 0.0
MAT 0.412573 -0.902391 0.124391 0.0
MAT -0.171479 -0.115798 0.308586 1.0
WORLDTM 
MAT -0.567587 -0.124835 0.813794 0.0
MAT -0.71248 -0.420845 -0.561481 0.0
MAT 0.412573 -0.898502 0.149923 0.0
MAT -0.168448 0.381515 0.135559 1.0
VERTEX = 9
-0.309688 0.349557 0.337443
-0.308942 0.344306 0.328965
-0.298982 0.34512 0.329338
-0.299729 0.350371 0.337815
-0.305118 0.351796 0.33115
-0.305043 0.351271 0.330302
-0.304047 0.351352 0.330339
-0.304122 0.351877 0.331187
-0.304583 0.351574 0.330745
INDEX = 14
4 5 7
6 7 5
1 2 5
6 5 2
0 1 4
5 4 1
7 6 3
2 3 6
4 7 0
3 0 7
8 1 0
8 2 1
8 3 2
8 0 3
FACE-NORMAL = 14
0.0494473 -0.847098 0.529131
0.0494473 -0.847098 0.529131
-0.0224127 -0.176329 0.984076
-0.0224127 -0.176329 0.984076
0.773387 -0.50616 0.381675
0.773386 -0.50616 0.381675
-0.707229 -0.627198 0.326265
-0.70723 -0.627198 0.326265
0.0885697 -0.957029 -0.276136
0.0885697 -0.957029 -0.276136
-0.739231 0.541416 -0.400508
0.0178251 0.227643 -0.973581
0.669302 0.656562 -0.347796
-0.0877542 0.970335 0.225277
BONE = 6
BONE_NAME = BoneBackLeg_R02
PARENT_ID = 5
LOCALTM 
MAT 0.508286 0.0241693 0.860849 0.0
MAT 0.545138 0.764812 -0.343348 0.0
MAT -0.666686 0.6438 0.375567 0.0
MAT 0.239847 0.0 -1.49012e-007 1.0
WORLDTM 
MAT 0.0494473 -0.847098 0.529131 0.0
MAT -0.995983 -0.0814203 -0.0372731 0.0
MAT 0.0746558 -0.525162 -0.847721 0.0
MAT -0.304583 0.351574 0.330745 1.0
VERTEX = 9
-0.21182 0.49905 -0.158187
-0.208466 0.498783 -0.167604
-0.217407 0.495542 -0.170696
-0.220761 0.495809 -0.161279
-0.212849 0.492743 -0.163153
-0.212514 0.492717 -0.164095
-0.213408 0.492393 -0.164404
-0.213743 0.492419 -0.163462
-0.213129 0.492568 -0.163778
INDEX = 14
4 5 7
6 7 5
1 2 5
6 5 2
0 1 4
5 4 1
7 6 3
2 3 6
4 7 0
3 0 7
8 1 0
8 2 1
8 3 2
8 0 3
FACE-NORMAL = 14
-0.296981 0.945633 -0.132593
-0.296981 0.945633 -0.132593
-0.447969 0.652447 0.611258
-0.447969 0.652447 0.611258
-0.863205 0.391666 -0.318551
-0.863205 0.391666 -0.31855
0.465866 0.873525 0.14115
0.465866 0.873525 0.14115
0.0506301 0.612743 -0.788658
0.0506302 0.612743 -0.788659
0.84218 -0.439464 0.312418
0.447159 -0.687549 -0.572123
-0.422186 -0.897863 -0.124903
-0.0271655 -0.649778 0.759638
BONE = 7
BONE_NAME = BoneSlicer_R
PARENT_ID = 1
LOCALTM 
MAT -0.296981 0.949012 -0.105731 0.0
MAT 0.894042 0.31524 0.318297 0.0
MAT 0.335398 0.0 -0.942076 0.0
MAT -0.216159 0.00369644 0.0125178 1.0
WORLDTM 
MAT -0.296981 0.945633 -0.132593 0.0
MAT 0.894042 0.324137 0.309232 0.0
MAT 0.335398 -0.0267079 -0.941698 0.0
MAT -0.213129 0.492568 -0.163778 1.0
VERTEX = 9
-0.197579 0.850826 -0.649619
-0.206465 0.846992 -0.652139
-0.204151 0.84799 -0.661816
-0.195266 0.851824 -0.659297
-0.202518 0.854141 -0.655108
-0.203406 0.853757 -0.65536
-0.203175 0.853857 -0.656328
-0.202286 0.85424 -0.656076
-0.202846 0.853999 -0.655718
INDEX = 14
4 5 7
6 7 5
1 2 5
6 5 2
0 1 4
5 4 1
7 6 3
2 3 6
4 7 0
3 0 7
8 1 0
8 2 1
8 3 2
8 0 3
FACE-NORMAL = 14
0.396222 -0.918155 -1.71363e-007
0.396222 -0.918155 -1.71363e-007
0.925501 -0.329204 0.187276
0.925501 -0.329205 0.187276
0.437007 -0.54001 -0.719315
0.437007 -0.54001 -0.719315
0.0931107 -0.688416 0.719315
0.0931107 -0.688416 0.719315
-0.395383 -0.899222 -0.187276
-0.395384 -0.899222 -0.187276
-0.443748 0.578643 0.684295
-0.90846 0.378101 -0.178158
-0.116595 0.719824 -0.684295
0.348117 0.920366 0.178159
BONE = 8
BONE_NAME = HitTestFuzzy01
PARENT_ID = 7
LOCALTM 
MAT -0.985908 0.0566308 0.157415 0.0
MAT -0.154017 0.0600765 -0.98624 0.0
MAT -0.0653084 -0.996587 -0.0505073 0.0
MAT 0.403955 -0.0257773 0.457054 1.0
WORLDTM 
MAT 0.396222 -0.918155 -1.71363e-007 0.0
MAT -0.231333 -0.0998299 0.967739 0.0
MAT -0.888535 -0.38344 -0.251954 0.0
MAT -0.202846 0.853999 -0.655718 1.0
VERTEX = 9
-0.317281 0.836316 -0.299555
-0.32336 0.834389 -0.279961
-0.326757 0.833158 -0.281136
-0.320678 0.835084 -0.30073
-0.322815 0.838439 -0.291312
-0.323422 0.838246 -0.289353
-0.323762 0.838123 -0.28947
-0.323154 0.838316 -0.291429
-0.323288 0.838281 -0.290391
INDEX = 14
4 5 7
6 7 5
1 2 5
6 5 2
0 1 4
5 4 1
7 6 3
2 3 6
4 7 0
3 0 7
8 1 0
8 2 1
8 3 2
8 0 3
FACE-NORMAL = 14
0.337141 -0.941377 0.0120211
0.337141 -0.941377 0.0120211
0.444808 -0.560245 -0.698765
0.444808 -0.560245 -0.698765
-0.439 -0.870678 -0.221809
-0.439 -0.870678 -0.221809
0.890072 -0.388819 0.237892
0.890072 -0.388819 0.237892
0.0062636 -0.699252 0.714848
0.00626354 -0.699252 0.714848
0.393788 0.894854 0.21016
-0.446992 0.599534 0.663895
-0.870578 0.436454 -0.22716
-0.0297981 0.731774 -0.680896
BONE = 9
BONE_NAME = Vol_Target 01
PARENT_ID = 7
LOCALTM 
MAT -0.746848 0.0 0.0955465 0.0
MAT 0.0 0.379926 0.0 0.0
MAT -0.261486 0.0 -2.04393 0.0
MAT 0.376421 -0.0255815 0.0730501 1.0
WORLDTM 
MAT 0.253845 -0.708796 0.00905107 0.0
MAT 0.33967 0.123148 0.117485 0.0
MAT -0.607874 -0.19268 1.95943 0.0
MAT -0.323288 0.838281 -0.290391 1.0
VERTEX = 9
-0.181987 0.382888 -0.198224
-0.182196 0.389239 -0.205946
-0.172225 0.388806 -0.206572
-0.172016 0.382455 -0.19885
-0.177228 0.389407 -0.198819
-0.177248 0.390043 -0.199591
-0.176251 0.389999 -0.199654
-0.17623 0.389364 -0.198882
-0.176739 0.389703 -0.199236
INDEX = 14
4 5 7
6 7 5
1 2 5
6 5 2
0 1 4
5 4 1
7 6 3
2 3 6
4 7 0
3 0 7
8 1 0
8 2 1
8 3 2
8 0 3
FACE-NORMAL = 14
-0.0732423 -0.771224 -0.632336
-0.0732423 -0.771224 -0.632336
-0.0334669 -0.987978 0.15093
-0.033467 -0.987978 0.15093
0.692139 -0.548139 -0.469562
0.692138 -0.548139 -0.469562
-0.790132 -0.483705 -0.376459
-0.790132 -0.483705 -0.376459
-0.0645261 -0.0438659 -0.996951
-0.0645261 -0.0438657 -0.996951
-0.653263 0.575986 0.491414
0.0370166 0.994412 -0.0988694
0.756843 0.51469 0.402844
0.0665637 0.096264 0.993128
BONE = 10
BONE_NAME = BoneFrontLeg_R01
PARENT_ID = 1
LOCALTM 
MAT -0.0732423 -0.752987 -0.653946 0.0
MAT -0.997095 0.0415504 0.063832 0.0
MAT -0.0208929 0.656722 -0.753843 0.0
MAT -0.17977 -0.0981216 -0.025842 1.0
WORLDTM 
MAT -0.0732423 -0.771224 -0.632336 0.0
MAT -0.997095 0.0433433 0.0626283 0.0
MAT -0.0208929 0.635086 -0.772158 0.0
MAT -0.176739 0.389703 -0.199236 1.0
VERTEX = 9
-0.200329 0.199886 -0.363597
-0.199593 0.203258 -0.354212
-0.189622 0.202825 -0.354838
-0.190358 0.199452 -0.364224
-0.195609 0.196506 -0.357958
-0.195535 0.196843 -0.35702
-0.194538 0.1968 -0.357083
-0.194611 0.196463 -0.358021
-0.195073 0.196653 -0.357521
INDEX = 14
4 5 7
6 7 5
1 2 5
6 5 2
0 1 4
5 4 1
7 6 3
2 3 6
4 7 0
3 0 7
8 1 0
8 2 1
8 3 2
8 0 3
FACE-NORMAL = 14
0.0195582 0.940419 -0.339456
0.0195582 0.940419 -0.339456
-0.04163 0.378435 -0.924691
-0.04163 0.378435 -0.924691
0.754219 0.59689 -0.273635
0.754219 0.59689 -0.273635
-0.728051 0.661324 -0.180533
-0.728051 0.661324 -0.180533
0.0677974 0.879779 0.470524
0.0677974 0.879779 0.470524
-0.718883 -0.634328 0.284316
0.0382202 -0.426509 0.903676
0.691223 -0.695625 0.195746
-0.0658797 -0.903444 -0.423613
BONE = 11
BONE_NAME = BoneFrontLeg_R02
PARENT_ID = 10
LOCALTM 
MAT -0.512056 0.0 0.858952 0.0
MAT 0.0 1.0 0.0 0.0
MAT -0.858952 2.45869e-007 -0.512056 0.0
MAT 0.250317 0.0 0.0 1.0
WORLDTM 
MAT 0.0195582 0.940418 -0.339455 0.0
MAT -0.997096 0.0433434 0.0626283 0.0
MAT 0.0736097 0.337245 0.938534 0.0
MAT -0.195073 0.196653 -0.357521 1.0
VERTEX = 9
-0.193679 0.513158 -0.474541
-0.193748 0.520838 -0.480944
-0.183777 0.520405 -0.48157
-0.183709 0.512724 -0.475167
-0.188844 0.519614 -0.473876
-0.188851 0.520382 -0.474517
-0.187854 0.520338 -0.474579
-0.187847 0.51957 -0.473939
-0.188349 0.519976 -0.474228
INDEX = 14
4 5 7
6 7 5
1 2 5
6 5 2
0 1 4
5 4 1
7 6 3
2 3 6
4 7 0
3 0 7
8 1 0
8 2 1
8 3 2
8 0 3
FACE-NORMAL = 14
-0.0758568 -0.63889 -0.765549
-0.0758568 -0.63889 -0.765549
-0.045668 -0.998301 -0.0361772
-0.045668 -0.998301 -0.0361773
0.69039 -0.459612 -0.558676
0.69039 -0.459612 -0.558676
-0.79188 -0.395178 -0.465574
-0.791881 -0.395178 -0.465574
-0.0558231 0.143511 -0.988073
-0.0558231 0.143511 -0.988073
-0.651414 0.482412 0.58561
0.0488086 0.994875 0.0885484
0.758692 0.421115 0.49704
0.0584692 -0.091348 0.994101
BONE = 12
BONE_NAME = BoneFrontLeg_R03
PARENT_ID = 11
LOCALTM 
MAT -0.342438 0.0 -0.93954 0.0
MAT 0.0 1.0 -3.5204e-007 0.0
MAT 0.93954 0.0 -0.342439 0.0
MAT 0.343807 0.0 0.0 1.0
WORLDTM 
MAT -0.0758568 -0.638889 -0.765548 0.0
MAT -0.997097 0.0433433 0.0626281 0.0
MAT -0.00683114 0.768075 -0.640322 0.0
MAT -0.188349 0.519976 -0.474228 1.0
VERTEX = 9
-0.00564619 0.420774 -0.190939
0.00428745 0.420774 -0.189789
0.00425228 0.410778 -0.189485
-0.00568136 0.410778 -0.190635
-0.0017667 0.416429 -0.18532
-0.000773335 0.416429 -0.185205
-0.000776851 0.415429 -0.185175
-0.00177021 0.415429 -0.18529
-0.00127177 0.415929 -0.185248
INDEX = 14
4 5 7
6 7 5
1 2 5
6 5 2
0 1 4
5 4 1
7 6 3
2 3 6
4 7 0
3 0 7
8 1 0
8 2 1
8 3 2
8 0 3
FACE-NORMAL = 14
0.114964 -0.0305762 -0.992899
0.114964 -0.0305762 -0.992899
-0.661454 -0.0204545 -0.749706
-0.661454 -0.0204545 -0.749706
0.0742929 -0.763401 -0.641638
0.0742929 -0.763401 -0.641638
0.0795207 0.722492 -0.686791
0.0795207 0.722492 -0.686791
0.815268 -0.0204543 -0.578723
0.815268 -0.0204543 -0.578722
-0.0788051 0.728397 0.680608
0.621122 0.0216208 0.783415
-0.0837784 -0.685156 0.723563
-0.783706 0.0216205 0.620756
BONE = 13
BONE_NAME = BoneHead
PARENT_ID = 1
LOCALTM 
MAT 0.114964 -0.00241512 -0.993367 0.0
MAT 0.00351664 0.999992 -0.00202424 0.0
MAT 0.993364 -0.0032606 0.114971 0.0
MAT -0.00430233 -0.0723031 -0.0111156 1.0
WORLDTM 
MAT 0.114964 -0.0305762 -0.992899 0.0
MAT 0.00351664 0.999532 -0.0303733 0.0
MAT 0.993364 1.64378e-007 0.115018 0.0
MAT -0.00127177 0.415929 -0.185248 1.0
VERTEX = 9
0.00950726 0.33865 -0.35847
0.0194122 0.338657 -0.357095
0.0187862 0.329775 -0.352542
0.00888127 0.329768 -0.353918
0.0130704 0.336954 -0.351404
0.0140609 0.336955 -0.351267
0.0139983 0.336066 -0.350812
0.0130078 0.336066 -0.350949
0.0135343 0.33651 -0.351108
INDEX = 14
4 5 7
6 7 5
1 2 5
6 5 2
0 1 4
5 4 1
7 6 3
2 3 6
4 7 0
3 0 7
8 1 0
8 2 1
8 3 2
8 0 3
FACE-NORMAL = 14
0.12248 -0.459555 -0.879663
0.12248 -0.459555 -0.879663
-0.654294 -0.307943 -0.690702
-0.654294 -0.307943 -0.690703
0.0354045 -0.967582 -0.250062
0.0354045 -0.967582 -0.250063
0.128465 0.352729 -0.926865
0.128465 0.352729 -0.926865
0.818163 -0.30691 -0.486225
0.818164 -0.30691 -0.486225
-0.0423415 0.952971 0.30009
0.613779 0.325446 0.719277
-0.130871 -0.303061 0.943942
-0.786992 0.324463 0.524755
BONE = 14
BONE_NAME = BoneJaw
PARENT_ID = 13
LOCALTM 
MAT 0.901549 -0.432191 0.0204899 0.0
MAT 0.43208 0.901782 0.00982007 0.0
MAT -0.0227216 0.0 0.999743 0.0
MAT 0.168813 -0.0742918 -0.00436901 1.0
WORLDTM 
MAT 0.12248 -0.459555 -0.879663 0.0
MAT 0.0625997 0.888149 -0.455272 0.0
MAT 0.990496 0.000694924 0.137548 0.0
MAT 0.0135343 0.33651 -0.351108 1.0
VERTEX = 9
0.0100145 0.492448 -0.32539
0.0199024 0.492439 -0.323896
0.0205272 0.483382 -0.328089
0.0106393 0.483391 -0.329582
0.0140669 0.486249 -0.322127
0.0150557 0.486248 -0.321978
0.0151182 0.485342 -0.322397
0.0141294 0.485343 -0.322546
0.0145926 0.485795 -0.322262
INDEX = 14
4 5 7
6 7 5
1 2 5
6 5 2
0 1 4
5 4 1
7 6 3
2 3 6
4 7 0
3 0 7
8 1 0
8 2 1
8 3 2
8 0 3
FACE-NORMAL = 14
0.135658 0.42386 -0.895511
0.135658 0.42386 -0.895511
-0.644207 0.284233 -0.710077
-0.644207 0.284233 -0.710077
0.13719 -0.389674 -0.910677
0.13719 -0.389674 -0.910677
0.0443106 0.956769 -0.287453
0.0443106 0.956769 -0.287453
0.825707 0.282862 -0.488053
0.825708 0.282862 -0.488053
-0.140103 0.340731 0.929663
0.603251 -0.300367 0.738829
-0.0517458 -0.94016 0.33678
-0.7951 -0.299062 0.527615
BONE = 15
BONE_NAME = BoneCarapiss
PARENT_ID = 13
LOCALTM 
MAT 0.891787 0.451339 0.0317581 0.0
MAT -0.451131 0.892351 -0.0138445 0.0
MAT -0.0345879 -0.00198074 0.9994 0.0
MAT 0.135729 0.0740513 0.0 1.0
WORLDTM 
MAT 0.135658 0.42386 -0.89551 0.0
MAT -0.0624782 0.905727 0.419231 0.0
MAT 0.988785 -0.000922081 0.149351 0.0
MAT 0.0145926 0.485795 -0.322262 1.0
VERTEX = 9
0.0354943 0.436653 -0.462124
0.0343446 0.436959 -0.452195
0.0343095 0.426964 -0.451892
0.0354591 0.426658 -0.461821
0.0299943 0.432293 -0.458095
0.0298793 0.432324 -0.457102
0.0298758 0.431324 -0.457072
0.0299908 0.431294 -0.458064
0.0299351 0.431809 -0.457583
INDEX = 14
4 5 7
6 7 5
1 2 5
6 5 2
0 1 4
5 4 1
7 6 3
2 3 6
4 7 0
3 0 7
8 1 0
8 2 1
8 3 2
8 0 3
FACE-NORMAL = 14
0.993363 1.69268e-007 0.115018
0.993363 1.69268e-007 0.115018
0.749977 -0.022727 -0.661073
0.749977 -0.022727 -0.661073
0.661911 -0.742947 0.0995191
0.661911 -0.742946 0.0995191
0.667139 0.742947 0.0543666
0.667139 0.742947 0.0543665
0.579073 0.0227272 0.814959
0.579073 0.0227272 0.814959
-0.699927 0.706776 -0.102807
-0.783706 0.0216205 0.620756
-0.704901 -0.706776 -0.0598527
-0.621122 -0.0216208 -0.783415
BONE = 16
BONE_NAME = Ref_Head
PARENT_ID = 13
LOCALTM 
MAT -1.61638e-007 0.0 1.0 0.0
MAT 0.0 1.0 0.0 0.0
MAT -1.0 0.0 -1.81238e-007 0.0
MAT 0.273504 0.0242538 -0.000323636 1.0
WORLDTM 
MAT 0.993363 1.69268e-007 0.115018 0.0
MAT 0.00351664 0.999532 -0.0303733 0.0
MAT -0.114964 0.0305762 0.992899 0.0
MAT 0.0299351 0.431809 -0.457583 1.0
VERTEX = 9
0.062895 0.448604 -0.457609
0.0620089 0.44884 -0.449955
0.0619817 0.441135 -0.449721
0.0628679 0.4409 -0.457375
0.0586555 0.445243 -0.454503
0.0585669 0.445267 -0.453737
0.0585642 0.444496 -0.453714
0.0586528 0.444473 -0.454479
0.0586098 0.44487 -0.454108
INDEX = 14
4 5 7
6 7 5
1 2 5
6 5 2
0 1 4
5 4 1
7 6 3
2 3 6
4 7 0
3 0 7
8 1 0
8 2 1
8 3 2
8 0 3
FACE-NORMAL = 14
0.993363 1.7066e-007 0.115018
0.993363 1.7066e-007 0.115018
0.749977 -0.022727 -0.661073
0.749977 -0.022727 -0.661073
0.661911 -0.742947 0.0995191
0.661911 -0.742946 0.0995191
0.667139 0.742947 0.0543666
0.667139 0.742947 0.0543665
0.579073 0.0227272 0.814959
0.579073 0.0227272 0.814959
-0.699927 0.706776 -0.102807
-0.783706 0.0216205 0.620756
-0.704901 -0.706776 -0.0598527
-0.621122 -0.0216208 -0.783415
BONE = 17
BONE_NAME = Ref_Weapon Left
PARENT_ID = 13
LOCALTM 
MAT 0.0 0.0 0.770826 0.0
MAT 0.0 0.770826 0.0 0.0
MAT -0.770827 0.0 -1.45137e-007 0.0
MAT 0.272951 0.0373041 0.0285605 1.0
WORLDTM 
MAT 0.765711 1.31549e-007 0.0886587 0.0
MAT 0.00271072 0.770466 -0.0234125 0.0
MAT -0.0886174 0.023569 0.765353 0.0
MAT 0.0586098 0.44487 -0.454108 1.0
VERTEX = 9
0.00791193 0.450135 -0.464722
0.00702576 0.45037 -0.457069
0.00699865 0.442666 -0.456834
0.00788482 0.44243 -0.464488
0.0036724 0.446774 -0.461616
0.00358379 0.446797 -0.460851
0.00358108 0.446027 -0.460827
0.00366969 0.446003 -0.461593
0.00362674 0.4464 -0.461222
INDEX = 14
4 5 7
6 7 5
1 2 5
6 5 2
0 1 4
5 4 1
7 6 3
2 3 6
4 7 0
3 0 7
8 1 0
8 2 1
8 3 2
8 0 3
FACE-NORMAL = 14
0.993363 0.0 0.115018
0.993363 0.0 0.115018
0.749977 -0.0227291 -0.661073
0.749977 -0.0227291 -0.661073
0.661911 -0.742947 0.0995209
0.661911 -0.742946 0.0995209
0.667139 0.742947 0.0543645
0.667139 0.742947 0.0543644
0.579073 0.022729 0.814959
0.579073 0.022729 0.814959
-0.699927 0.706776 -0.102809
-0.783706 0.0216225 0.620756
-0.704901 -0.706776 -0.0598507
-0.621122 -0.0216225 -0.783415
BONE = 18
BONE_NAME = Ref_Weapon Right
PARENT_ID = 13
LOCALTM 
MAT 0.0 -1.5412e-007 0.770826 0.0
MAT 2.01724e-006 0.770826 0.0 0.0
MAT -0.770827 2.0247e-006 0.0 0.0
MAT 0.273646 0.0388565 -0.0268758 1.0
WORLDTM 
MAT 0.765711 0.0 0.0886585 0.0
MAT 0.00271088 0.770466 -0.0234145 0.0
MAT -0.0886172 0.023571 0.765353 0.0
MAT 0.00362674 0.4464 -0.461222 1.0
VERTEX = 9
0.15829 0.383482 -0.195619
0.158751 0.385469 -0.205408
0.16871 0.386148 -0.204802
0.168249 0.38416 -0.195012
0.162587 0.38957 -0.198777
0.162633 0.389769 -0.199756
0.163629 0.389837 -0.199695
0.163583 0.389638 -0.198716
0.163108 0.389703 -0.199236
INDEX = 14
4 5 7
6 7 5
1 2 5
6 5 2
0 1 4
5 4 1
7 6 3
2 3 6
4 7 0
3 0 7
8 1 0
8 2 1
8 3 2
8 0 3
FACE-NORMAL = 14
0.0784782 -0.977704 -0.194772
0.0784782 -0.977704 -0.194772
0.0182447 -0.80176 0.597368
0.0182447 -0.80176 0.597368
0.792709 -0.603615 -0.0852129
0.792709 -0.603616 -0.0852129
-0.68771 -0.704484 -0.175378
-0.68771 -0.704483 -0.175378
0.0867536 -0.506339 -0.857959
0.0867536 -0.506339 -0.857959
-0.759665 0.643363 0.0948368
-0.0229057 0.83186 -0.554513
0.64868 0.73932 0.180613
-0.0880793 0.550822 0.829962
BONE = 19
BONE_NAME = BoneFrontLeg_L01
PARENT_ID = 1
LOCALTM 
MAT 0.0784782 -0.971789 -0.222412 0.0
MAT -0.99585 -0.0661051 -0.0625519 0.0
MAT 0.0460847 0.226398 -0.972944 0.0
MAT 0.160077 -0.0981216 -0.025842 1.0
WORLDTM 
MAT 0.0784782 -0.977704 -0.194772 0.0
MAT -0.99585 -0.0678519 -0.0606527 0.0
MAT 0.0460847 0.198724 -0.978971 0.0
MAT 0.163108 0.389703 -0.199236 1.0
VERTEX = 9
0.178205 0.144592 -0.255352
0.177296 0.151683 -0.24836
0.187255 0.152362 -0.247753
0.188164 0.145271 -0.254745
0.1823 0.144579 -0.248371
0.182209 0.145288 -0.247672
0.183205 0.145356 -0.247611
0.183296 0.144647 -0.24831
0.182752 0.144968 -0.247991
INDEX = 14
4 5 7
6 7 5
1 2 5
6 5 2
0 1 4
5 4 1
7 6 3
2 3 6
4 7 0
3 0 7
8 1 0
8 2 1
8 3 2
8 0 3
FACE-NORMAL = 14
-0.00443422 0.701833 -0.712328
-0.00443422 0.701833 -0.712328
0.0645998 -0.0575701 -0.996249
0.0645998 -0.05757 -0.996249
0.737243 0.519935 -0.431439
0.737243 0.519936 -0.431439
-0.743176 0.419068 -0.521605
-0.743176 0.419068 -0.521605
-0.0705324 0.996573 0.0432052
-0.0705324 0.996573 0.0432053
-0.701037 -0.544249 0.460804
-0.0611412 0.00514016 0.998116
0.707308 -0.448293 0.54658
0.0674121 -0.997682 0.0092673
BONE = 20
BONE_NAME = BoneFrontLeg_L02
PARENT_ID = 19
LOCALTM 
MAT -0.547791 -3.46452e-007 0.836615 0.0
MAT 0.0 1.0 2.40281e-007 0.0
MAT -0.836615 0.0 -0.547791 0.0
MAT 0.250317 0.0 0.0 1.0
WORLDTM 
MAT -0.00443422 0.701833 -0.712327 0.0
MAT -0.99585 -0.0678517 -0.0606529 0.0
MAT -0.0909009 0.709102 0.699221 0.0
MAT 0.182752 0.144968 -0.247991 1.0
VERTEX = 9
0.176519 0.379441 -0.490386
0.176832 0.38314 -0.499672
0.186791 0.383819 -0.499065
0.186477 0.38012 -0.48978
0.180714 0.386044 -0.492461
0.180745 0.386414 -0.493389
0.181741 0.386482 -0.493328
0.18171 0.386112 -0.4924
0.181228 0.386263 -0.492894
INDEX = 14
4 5 7
6 7 5
1 2 5
6 5 2
0 1 4
5 4 1
7 6 3
2 3 6
4 7 0
3 0 7
8 1 0
8 2 1
8 3 2
8 0 3
FACE-NORMAL = 14
0.0854389 -0.926591 -0.366237
0.0854389 -0.926591 -0.366237
0.0338527 -0.894801 0.445181
0.0338527 -0.894801 0.445181
0.797365 -0.569423 -0.199917
0.797365 -0.569423 -0.199917
-0.683054 -0.670291 -0.290083
-0.683054 -0.670291 -0.290083
0.0804585 -0.344913 -0.93518
0.0804585 -0.344912 -0.93518
-0.764587 0.60722 0.216081
-0.038246 0.916757 -0.39761
0.643758 0.703177 0.301857
-0.0825828 0.39364 0.915548
BONE = 21
BONE_NAME = BoneFrontLeg_L03
PARENT_ID = 20
LOCALTM 
MAT -0.38981 -1.78814e-007 -0.920895 0.0
MAT -1.30385e-007 1.0 0.0 0.0
MAT 0.920896 -1.47149e-007 -0.38981 0.0
MAT 0.343808 0.0 0.0 1.0
WORLDTM 
MAT 0.0854388 -0.92659 -0.366237 0.0
MAT -0.995851 -0.0678519 -0.0606529 0.0
MAT 0.0313508 0.369899 -0.928543 0.0
MAT 0.181228 0.386263 -0.492894 1.0
VERTEX = 9
0.220329 0.498537 -0.156715
0.223294 0.498808 -0.147169
0.23271 0.497052 -0.150043
0.229744 0.496781 -0.15959
0.225101 0.492948 -0.153325
0.225398 0.492975 -0.15237
0.226339 0.4928 -0.152658
0.226043 0.492773 -0.153612
0.22572 0.492874 -0.152991
INDEX = 14
4 5 7
6 7 5
1 2 5
6 5 2
0 1 4
5 4 1
7 6 3
2 3 6
4 7 0
3 0 7
8 1 0
8 2 1
8 3 2
8 0 3
FACE-NORMAL = 14
0.159835 0.984092 -0.0775592
0.159835 0.984092 -0.0775592
-0.113489 0.638198 -0.761461
-0.113489 0.638198 -0.761461
0.806774 0.527813 -0.265574
0.806774 0.527813 -0.265574
-0.592926 0.788833 0.161806
-0.592926 0.788833 0.161806
0.327337 0.678448 0.657692
0.327337 0.678448 0.657692
-0.778798 -0.571702 0.258129
0.0966621 -0.676713 0.729874
0.552757 -0.820014 -0.148444
-0.322702 -0.715003 -0.620188
BONE = 22
BONE_NAME = BoneSlicer_L
PARENT_ID = 1
LOCALTM 
MAT 0.159835 0.985895 -0.0496289 0.0
MAT -0.941552 0.167362 0.292353 0.0
MAT 0.296535 0.0 0.955022 0.0
MAT 0.22269 0.00369641 0.0233092 1.0
WORLDTM 
MAT 0.159835 0.984092 -0.0775591 0.0
MAT -0.941552 0.175583 0.287491 0.0
MAT 0.296535 0.027075 0.954638 0.0
MAT 0.22572 0.492874 -0.152991 1.0
VERTEX = 9
0.152086 0.834279 -0.611582
0.161676 0.832985 -0.614101
0.159179 0.833322 -0.623778
0.149589 0.834615 -0.621259
0.154609 0.828893 -0.61707
0.155569 0.828764 -0.617322
0.155319 0.828797 -0.61829
0.15436 0.828927 -0.618038
0.154964 0.828845 -0.61768
INDEX = 14
4 5 7
6 7 5
1 2 5
6 5 2
0 1 4
5 4 1
7 6 3
2 3 6
4 7 0
3 0 7
8 1 0
8 2 1
8 3 2
8 0 3
FACE-NORMAL = 14
0.133666 0.991026 -7.18748e-007
0.133666 0.991026 -7.18748e-007
-0.623442 0.75911 0.187275
-0.623442 0.75911 0.187275
-0.0961777 0.687994 -0.719315
-0.0961777 0.687994 -0.719315
0.275014 0.63793 0.719314
0.275014 0.63793 0.719314
0.802278 0.566814 -0.187276
0.802278 0.566814 -0.187276
0.0820436 -0.724575 0.684295
0.583638 -0.792229 -0.178158
-0.271076 -0.676948 -0.684294
-0.772671 -0.609294 0.178159
BONE = 23
BONE_NAME = HitTestFuzzy02
PARENT_ID = 22
LOCALTM 
MAT 0.996626 0.0481538 0.0664681 0.0
MAT -0.0682888 0.0372036 0.996972 0.0
MAT 0.0455352 -0.998147 0.0403668 0.0
MAT 0.355358 -0.00798227 -0.455495 1.0
WORLDTM 
MAT 0.133666 0.991026 -7.18748e-007 0.0
MAT 0.249693 -0.0336771 0.967739 0.0
MAT 0.959055 -0.129354 -0.251954 0.0
MAT 0.154964 0.828845 -0.61768 1.0
VERTEX = 9
0.282939 0.845864 -0.263559
0.288312 0.842562 -0.243942
0.29189 0.841895 -0.245034
0.286516 0.845197 -0.264651
0.286164 0.840421 -0.255618
0.286701 0.840091 -0.253657
0.287059 0.840024 -0.253766
0.286522 0.840355 -0.255727
0.286611 0.840223 -0.254692
INDEX = 14
4 5 7
6 7 5
1 2 5
6 5 2
0 1 4
5 4 1
7 6 3
2 3 6
4 7 0
3 0 7
8 1 0
8 2 1
8 3 2
8 0 3
FACE-NORMAL = 14
0.21323 0.971331 0.105109
0.21323 0.971331 0.105109
-0.0512026 0.768912 -0.637301
-0.0512026 0.768912 -0.637301
0.842493 0.519276 -0.143376
0.842493 0.519277 -0.143376
-0.557206 0.780297 0.284004
-0.557206 0.780297 0.284004
0.33649 0.530661 0.777929
0.33649 0.530661 0.777929
-0.816554 -0.562679 0.128963
0.0336321 -0.800161 0.598841
0.515001 -0.810991 -0.27761
-0.335185 -0.573509 -0.747488
BONE = 24
BONE_NAME = Vol_Target 02
PARENT_ID = 22
LOCALTM 
MAT 0.739238 0.0 0.14296 0.0
MAT 0.0 0.379926 0.0 0.0
MAT -0.391244 0.0 2.0231 0.0
MAT 0.359444 -0.0255815 -0.0696264 1.0
WORLDTM 
MAT 0.160548 0.731349 0.0791402 0.0
MAT -0.35772 0.0667086 0.109225 0.0
MAT 0.537387 -0.330245 1.96167 0.0
MAT 0.286611 0.840223 -0.254692 1.0
VERTEX = 9
0.179287 0.316004 -0.0301602
0.174948 0.324645 -0.0327097
0.17248 0.326226 -0.0231488
0.17682 0.317585 -0.0205993
0.171892 0.318215 -0.0277278
0.171458 0.319079 -0.0279828
0.171211 0.319237 -0.0270267
0.171645 0.318373 -0.0267717
0.171552 0.318726 -0.0273772
INDEX = 14
4 5 7
6 7 5
1 2 5
6 5 2
0 1 4
5 4 1
7 6 3
2 3 6
4 7 0
3 0 7
8 1 0
8 2 1
8 3 2
8 0 3
FACE-NORMAL = 14
0.866481 0.477823 0.14455
0.866481 0.477823 0.14455
0.902219 -0.322632 0.286199
0.902219 -0.322632 0.286199
0.396256 0.437217 0.807355
0.396257 0.437217 0.807355
0.763035 0.202077 -0.613957
0.763035 0.202077 -0.613957
0.257072 0.961926 -0.0928009
0.257072 0.961926 -0.092801
-0.438234 -0.449718 -0.77827
-0.919564 0.273138 -0.282486
-0.787156 -0.226026 0.573845
-0.305826 -0.948882 0.0780617
BONE = 25
BONE_NAME = BoneMidLeg_L01
PARENT_ID = 1
LOCALTM 
MAT 0.866481 0.473533 0.158038 0.0
MAT 0.246725 -0.131006 -0.96019 0.0
MAT -0.433978 0.870979 -0.230346 0.0
MAT 0.168521 -0.173943 0.143936 1.0
WORLDTM 
MAT 0.866481 0.477823 0.14455 0.0
MAT 0.246725 -0.158174 -0.95609 0.0
MAT -0.433978 0.864098 -0.254946 0.0
MAT 0.171552 0.318726 -0.0273772 1.0
VERTEX = 9
0.337751 0.402073 -0.00350701
0.344868 0.409064 -0.00282696
0.342401 0.410646 0.00673394
0.335283 0.403655 0.00605388
0.336555 0.409417 -0.00032396
0.337267 0.410116 -0.000255954
0.33702 0.410274 0.000700136
0.336308 0.409575 0.00063213
0.336787 0.409846 0.000188088
INDEX = 14
4 5 7
6 7 5
1 2 5
6 5 2
0 1 4
5 4 1
7 6 3
2 3 6
4 7 0
3 0 7
8 1 0
8 2 1
8 3 2
8 0 3
FACE-NORMAL = 14
0.657682 -0.697271 0.285075
0.657682 -0.697271 0.285075
-0.0890698 -0.986115 0.140157
-0.0890696 -0.986115 0.140157
0.256577 -0.348879 0.901361
0.256577 -0.348879 0.901361
0.623355 -0.58402 -0.519951
0.623355 -0.58402 -0.519951
0.969002 0.0532156 0.241253
0.969002 0.0532157 0.241253
-0.290591 0.381199 -0.877636
0.0382282 0.98741 -0.153491
-0.639512 0.604891 0.474479
-0.968331 -0.00132045 -0.249665
BONE = 26
BONE_NAME = BoneMidLeg_L02
PARENT_ID = 25
LOCALTM 
MAT 0.277905 -2.45869e-007 -0.960608 0.0
MAT 0.0 1.0 -1.93715e-007 0.0
MAT 0.960609 0.0 0.277905 0.0
MAT 0.190698 0.0 1.78814e-007 1.0
WORLDTM 
MAT 0.657682 -0.697271 0.285075 0.0
MAT 0.246725 -0.158175 -0.95609 0.0
MAT 0.711745 0.699138 0.0680054 0.0
MAT 0.336787 0.409846 0.000188088 1.0
VERTEX = 9
0.176643 0.374608 0.134388
0.179398 0.384117 0.132978
0.175017 0.386665 0.141598
0.172261 0.377156 0.143008
0.171633 0.380912 0.135198
0.171908 0.381863 0.135057
0.17147 0.382118 0.135919
0.171195 0.381167 0.13606
0.171552 0.381515 0.135559
INDEX = 14
4 5 7
6 7 5
1 2 5
6 5 2
0 1 4
5 4 1
7 6 3
2 3 6
4 7 0
3 0 7
8 1 0
8 2 1
8 3 2
8 0 3
FACE-NORMAL = 14
0.855627 -0.175751 0.48684
0.855627 -0.175751 0.48684
0.367557 -0.824354 0.430515
0.367557 -0.824354 0.430515
0.24672 0.0718477 0.96642
0.24672 0.0718477 0.96642
0.898049 -0.306991 -0.315062
0.898049 -0.306991 -0.315062
0.777213 0.589211 0.220843
0.777213 0.589211 0.220843
-0.29521 -0.0559223 -0.953794
-0.410164 0.796647 -0.44398
-0.91483 0.304472 0.265299
-0.799876 -0.548097 -0.244516
BONE = 27
BONE_NAME = BoneBackLeg_L01
PARENT_ID = 1
LOCALTM 
MAT 0.855627 -0.189483 0.481662 0.0
MAT 0.438137 -0.230296 -0.868907 0.0
MAT 0.275568 0.954495 -0.114029 0.0
MAT 0.168521 -0.115798 0.308586 1.0
WORLDTM 
MAT 0.855627 -0.175751 0.48684 0.0
MAT 0.438137 -0.254837 -0.862029 0.0
MAT 0.275568 0.950878 -0.141043 0.0
MAT 0.171552 0.381515 0.135559 1.0
VERTEX = 9
0.377379 0.333427 0.246048
0.380525 0.332216 0.255462
0.371997 0.336209 0.258827
0.36885 0.33742 0.249412
0.37704 0.339223 0.251687
0.377355 0.339102 0.252628
0.376502 0.339501 0.252965
0.376187 0.339622 0.252023
0.376771 0.339362 0.252326
INDEX = 14
4 5 7
6 7 5
1 2 5
6 5 2
0 1 4
5 4 1
7 6 3
2 3 6
4 7 0
3 0 7
8 1 0
8 2 1
8 3 2
8 0 3
FACE-NORMAL = 14
-0.416651 -0.908793 0.022313
-0.416651 -0.908793 0.022313
-0.51261 -0.517902 -0.684841
-0.51261 -0.517903 -0.684841
-0.91266 -0.311173 0.264998
-0.91266 -0.311173 0.264998
0.35521 -0.904728 -0.235145
0.35521 -0.904728 -0.235145
-0.0448396 -0.697998 0.714694
-0.0448395 -0.697998 0.714694
0.897688 0.360284 -0.253675
0.517115 0.55695 0.649922
-0.308455 0.924942 0.222119
0.0721182 0.728277 -0.681477
BONE = 28
BONE_NAME = BoneBackLeg_L02
PARENT_ID = 27
LOCALTM 
MAT -0.185914 0.0298097 -0.982114 0.0
MAT 0.636123 0.765443 -0.0971844 0.0
MAT 0.748856 -0.642813 -0.161269 0.0
MAT 0.239847 0.0 1.19209e-007 1.0
WORLDTM 
MAT -0.416651 -0.908793 0.022313 0.0
MAT 0.852872 -0.399273 -0.336437 0.0
MAT 0.314661 -0.121147 0.941442 0.0
MAT 0.376771 0.339362 0.252326 1.0
VERTEX = 9
0.00500004 0.270692 -0.128022
0.00500004 0.270408 -0.118026
0.00500004 0.260412 -0.118309
0.00500004 0.260696 -0.128305
0.0 0.266066 -0.123651
0.0 0.266038 -0.122651
0.0 0.265038 -0.12268
0.0 0.265066 -0.123679
0.0 0.265552 -0.123165
INDEX = 14
4 5 7
6 7 5
1 2 5
6 5 2
0 1 4
5 4 1
7 6 3
2 3 6
4 7 0
3 0 7
8 1 0
8 2 1
8 3 2
8 0 3
FACE-NORMAL = 14
1.0 0.0 0.0
1.0 0.0 0.0
0.668965 0.0210721 -0.742995
0.668965 0.0210721 -0.742995
0.668965 -0.742995 -0.0210721
0.668965 -0.742995 -0.0210721
0.668965 0.742995 0.0210722
0.668965 0.742995 0.0210722
0.668965 -0.0210721 0.742995
0.668965 -0.0210722 0.742995
-0.707107 0.706823 0.0200462
-0.707107 -0.0200462 0.706823
-0.707107 -0.706823 -0.0200463
-0.707107 0.0200463 -0.706823
BONE = 29
BONE_NAME = HitTestTight
PARENT_ID = 1
LOCALTM 
MAT 1.0 0.0 0.0 0.0
MAT 0.0 0.998392 0.056677 0.0
MAT 0.0 -0.056677 0.998392 0.0
MAT -0.00303051 -0.22438 0.0466786 1.0
WORLDTM 
MAT 1.0 0.0 0.0 0.0
MAT 0.0 0.999598 0.0283497 0.0
MAT 0.0 -0.0283497 0.999598 0.0
MAT 0.0 0.265552 -0.123165 1.0
VERTEX = 9
-0.237385 0.671066 0.0161655
-0.237385 0.671349 0.0261615
-0.232385 0.662693 0.026407
-0.232385 0.662409 0.016411
-0.239465 0.664799 0.020845
-0.239465 0.664827 0.0218446
-0.238965 0.663962 0.0218692
-0.238965 0.663933 0.0208696
-0.239215 0.66438 0.0213571
INDEX = 14
4 5 7
6 7 5
1 2 5
6 5 2
0 1 4
5 4 1
7 6 3
2 3 6
4 7 0
3 0 7
8 1 0
8 2 1
8 3 2
8 0 3
FACE-NORMAL = 14
0.866025 0.499799 -0.014175
0.866025 0.499799 -0.014175
0.579341 0.313275 -0.752478
0.579341 0.313275 -0.752478
0.950987 -0.309105 0.00876668
0.950988 -0.309105 0.00876668
0.207694 0.977801 -0.0277319
0.207693 0.977801 -0.0277319
0.579341 0.35542 0.733513
0.579341 0.35542 0.733513
-0.965926 0.258715 -0.00733755
-0.612373 -0.333365 0.716846
-0.258819 -0.965538 0.0273841
-0.612373 -0.373458 -0.696799
BONE = 30
BONE_NAME = Ref_Weapon 01
PARENT_ID = 1
LOCALTM 
MAT 0.866025 0.5 0.0 0.0
MAT -0.5 0.866026 0.0 0.0
MAT 0.0 0.0 1.0 0.0
MAT -0.242246 0.170191 0.20245 1.0
WORLDTM 
MAT 0.866025 0.499799 -0.014175 0.0
MAT -0.5 0.865677 -0.0245519 0.0
MAT 0.0 0.0283501 0.999598 0.0
MAT -0.239215 0.66438 0.0213571 1.0
VERTEX = 9
0.232907 0.666068 0.0163072
0.232907 0.666351 0.0263032
0.227907 0.657695 0.0265487
0.227907 0.657411 0.0165528
0.226326 0.664799 0.020845
0.226326 0.664827 0.0218446
0.225826 0.663962 0.0218692
0.225826 0.663933 0.0208696
0.226076 0.66438 0.0213571
INDEX = 14
4 5 7
6 7 5
1 2 5
6 5 2
0 1 4
5 4 1
7 6 3
2 3 6
4 7 0
3 0 7
8 1 0
8 2 1
8 3 2
8 0 3
FACE-NORMAL = 14
0.866025 -0.499799 0.0141751
0.866025 -0.499799 0.0141751
0.57934 -0.35542 -0.733513
0.579341 -0.35542 -0.733513
0.207693 -0.977801 0.0277319
0.207693 -0.977801 0.0277319
0.950988 0.309105 -0.00876667
0.950988 0.309105 -0.00876668
0.579341 -0.313276 0.752478
0.57934 -0.313275 0.752478
-0.258819 0.965538 -0.0273841
-0.612372 0.373458 0.696799
-0.965926 -0.258715 0.00733755
-0.612372 0.333365 -0.716846
BONE = 31
BONE_NAME = Ref_Weapon 02
PARENT_ID = 1
LOCALTM 
MAT 0.866025 -0.5 0.0 0.0
MAT 0.5 0.866025 0.0 0.0
MAT 0.0 0.0 1.0 0.0
MAT 0.223046 0.170191 0.20245 1.0
WORLDTM 
MAT 0.866025 -0.499799 0.0141751 0.0
MAT 0.5 0.865677 -0.0245519 0.0
MAT 0.0 0.0283501 0.999598 0.0
MAT 0.226076 0.66438 0.0213571 1.0
VERTEX = 9
0.00739647 0.731625 0.0144479
0.00739647 0.731909 0.0244439
0.00739647 0.721913 0.0247274
0.00739647 0.721629 0.0147314
0.00239647 0.727255 0.0190737
0.00239647 0.727283 0.0200733
0.00239647 0.726284 0.0201017
0.00239647 0.726255 0.0191021
0.00239647 0.726769 0.0195877
INDEX = 14
4 5 7
6 7 5
1 2 5
6 5 2
0 1 4
5 4 1
7 6 3
2 3 6
4 7 0
3 0 7
8 1 0
8 2 1
8 3 2
8 0 3
FACE-NORMAL = 14
1.0 0.0 0.0
1.0 0.0 0.0
0.668965 -0.0210725 -0.742995
0.668965 -0.0210725 -0.742995
0.668965 -0.742995 0.0210725
0.668965 -0.742995 0.0210725
0.668965 0.742995 -0.0210725
0.668965 0.742995 -0.0210725
0.668965 0.0210725 0.742995
0.668965 0.0210725 0.742995
-0.707107 0.706823 -0.0200465
-0.707107 0.0200465 0.706823
-0.707107 -0.706823 0.0200465
-0.707107 -0.0200465 -0.706823
BONE = 32
BONE_NAME = Ref_Weapon 03
PARENT_ID = 1
LOCALTM 
MAT 1.0 0.0 0.0 0.0
MAT 0.0 1.0 0.0 0.0
MAT 0.0 0.0 1.0 0.0
MAT -0.000634086 0.232605 0.20245 1.0
WORLDTM 
MAT 1.0 0.0 0.0 0.0
MAT 0.0 0.999598 -0.0283501 0.0
MAT 0.0 0.0283501 0.999598 0.0
MAT 0.00239647 0.726769 0.0195877 1.0
VERTEX = 9
0.00500001 0.447016 -0.171639
0.00500001 0.4473 -0.161643
0.00500001 0.437304 -0.16136
0.00500001 0.43702 -0.171356
0.0 0.442646 -0.167014
0.0 0.442674 -0.166014
0.0 0.441675 -0.165986
0.0 0.441646 -0.166985
0.0 0.44216 -0.1665
INDEX = 14
4 5 7
6 7 5
1 2 5
6 5 2
0 1 4
5 4 1
7 6 3
2 3 6
4 7 0
3 0 7
8 1 0
8 2 1
8 3 2
8 0 3
FACE-NORMAL = 14
1.0 0.0 0.0
1.0 0.0 0.0
0.668965 -0.0210725 -0.742995
0.668965 -0.0210725 -0.742995
0.668965 -0.742995 0.0210725
0.668965 -0.742995 0.0210725
0.668965 0.742995 -0.0210725
0.668965 0.742995 -0.0210725
0.668965 0.0210725 0.742995
0.668965 0.0210725 0.742995
-0.707107 0.706823 -0.0200465
-0.707107 0.0200465 0.706823
-0.707107 -0.706823 0.0200465
-0.707107 -0.0200465 -0.706823
BONE = 33
BONE_NAME = Ref_Center
PARENT_ID = 1
LOCALTM 
MAT 1.0 0.0 0.0 0.0
MAT 0.0 1.0 0.0 0.0
MAT 0.0 0.0 1.0 0.0
MAT -0.00303055 -0.0466139 0.00836866 1.0
WORLDTM 
MAT 1.0 0.0 0.0 0.0
MAT 0.0 0.999598 -0.0283501 0.0
MAT 0.0 0.0283501 0.999598 0.0
MAT 0.0 0.44216 -0.1665 1.0
VERTEX = 9
0.005 0.472688 -0.0949258
0.005 0.476022 -0.0788013
0.005 0.466229 -0.0767768
0.005 0.462895 -0.0929013
0.0 0.469781 -0.0867588
0.0 0.470115 -0.0851463
0.0 0.469135 -0.0849439
0.0 0.468802 -0.0865563
0.0 0.469458 -0.0858513
INDEX = 14
4 5 7
6 7 5
1 2 5
6 5 2
0 1 4
5 4 1
7 6 3
2 3 6
4 7 0
3 0 7
8 1 0
8 2 1
8 3 2
8 0 3
FACE-NORMAL = 14
1.0 0.0 0.0
1.0 0.0 0.0
0.668965 -0.15048 -0.727902
0.668965 -0.15048 -0.727902
0.668965 -0.727902 0.15048
0.668965 -0.727902 0.15048
0.668965 0.727902 -0.15048
0.668965 0.727902 -0.15048
0.668965 0.15048 0.727902
0.668965 0.15048 0.727902
-0.707107 0.692464 -0.143154
-0.707107 0.143154 0.692464
-0.707107 -0.692464 0.143154
-0.707107 -0.143154 -0.692464
BONE = 34
BONE_NAME = Vol_Target
PARENT_ID = 1
LOCALTM 
MAT 1.0 0.0 0.0 0.0
MAT 0.0 0.984638 -0.174606 0.0
MAT 0.0 0.287496 1.62125 0.0
MAT -0.00303056 -0.021613 0.0897585 1.0
WORLDTM 
MAT 1.0 0.0 0.0 0.0
MAT 0.0 0.979292 -0.20245 0.0
MAT 0.0 0.333343 1.61245 0.0
MAT 0.0 0.469458 -0.0858513 1.0
VERTEX = 9
0.0154274 0.227124 -0.984255
0.0154274 0.217214 -0.982909
0.0154274 0.215869 -0.992819
0.0154274 0.225778 -0.994164
0.0104274 0.222059 -0.988108
0.0104274 0.221068 -0.987974
0.0104274 0.220934 -0.988965
0.0104274 0.221925 -0.989099
0.0104274 0.221496 -0.988537
INDEX = 14
4 5 7
6 7 5
1 2 5
6 5 2
0 1 4
5 4 1
7 6 3
2 3 6
4 7 0
3 0 7
8 1 0
8 2 1
8 3 2
8 0 3
FACE-NORMAL = 14
1.0 0.0 -4.76837e-007
1.0 0.0 -4.76837e-007
0.668965 0.736539 -0.0999844
0.668965 0.736539 -0.0999844
0.668964 -0.099984 -0.736539
0.668964 -0.099984 -0.736539
0.668965 0.099984 0.736538
0.668965 0.099984 0.736539
0.668965 -0.736539 0.0999837
0.668965 -0.736539 0.0999837
-0.707106 0.0951163 0.700681
-0.707107 -0.70068 0.0951166
-0.707107 -0.0951163 -0.70068
-0.707107 0.70068 -0.095116
BONE = 35
BONE_NAME = HitTestFuzzy
PARENT_ID = 0
LOCALTM 
MAT 1.0 0.0 -4.76837e-007 0.0
MAT 4.74482e-007 0.134515 0.990911 0.0
MAT 0.0 -0.990911 0.134515 0.0
MAT 0.0104274 0.221496 -0.988537 1.0
WORLDTM 
MAT 1.0 0.0 -4.76837e-007 0.0
MAT 4.74482e-007 0.134515 0.990911 0.0
MAT 0.0 -0.990911 0.134515 0.0
