EXPORTER_V17
ANIMATION_EXPORT
BONEOBJECT_COUNT = 44
VERTEX = 9
0.005 0.005 -0.005
0.005 0.005 0.005
0.005 -0.005 0.005
0.005 -0.005 -0.005
0.0 0.0005 -0.0005
0.0 0.0005 0.0005
0.0 -0.0005 0.0005
0.0 -0.0005 -0.0005
0.0 0.0 0.0
INDEX = 14
4 5 7
6 7 5
1 2 5
6 5 2
0 1 4
5 4 1
7 6 3
2 3 6
4 7 0
3 0 7
8 1 0
8 2 1
8 3 2
8 0 3
FACE-NORMAL = 14
1.0 0.0 0.0
1.0 0.0 0.0
0.668965 0.0 -0.743294
0.668965 0.0 -0.743294
0.668965 -0.743294 0.0
0.668965 -0.743294 0.0
0.668965 0.743294 0.0
0.668965 0.743294 0.0
0.668965 0.0 0.743294
0.668965 0.0 0.743294
-0.707107 0.707107 0.0
-0.707107 0.0 0.707107
-0.707107 -0.707107 0.0
-0.707107 0.0 -0.707107
BONE = 0
BONE_NAME = Main
PARENT_ID = -1
LOCALTM 
MAT 1.0 0.0 0.0 0.0
MAT 0.0 1.0 0.0 0.0
MAT 0.0 0.0 1.0 0.0
MAT 0.0 0.0 0.0 1.0
WORLDTM 
MAT 1.0 0.0 0.0 0.0
MAT 0.0 1.0 0.0 0.0
MAT 0.0 0.0 1.0 0.0
MAT 0.0 0.0 0.0 1.0
VERTEX = 9
0.00803056 0.493374 -0.181326
0.00803056 0.493658 -0.17133
0.00803056 0.483662 -0.171047
0.00803056 0.483378 -0.181043
0.00303056 0.489004 -0.1767
0.00303056 0.489032 -0.175701
0.00303056 0.488032 -0.175672
0.00303056 0.488004 -0.176672
0.00303056 0.488518 -0.176186
INDEX = 14
4 5 7
6 7 5
1 2 5
6 5 2
0 1 4
5 4 1
7 6 3
2 3 6
4 7 0
3 0 7
8 1 0
8 2 1
8 3 2
8 0 3
FACE-NORMAL = 14
1.0 0.0 0.0
1.0 0.0 0.0
0.668965 -0.0210725 -0.742995
0.668965 -0.0210725 -0.742995
0.668965 -0.742995 0.0210725
0.668965 -0.742995 0.0210725
0.668965 0.742995 -0.0210725
0.668965 0.742995 -0.0210725
0.668965 0.0210725 0.742995
0.668965 0.0210725 0.742995
-0.707107 0.706823 -0.0200465
-0.707107 0.0200465 0.706823
-0.707107 -0.706823 0.0200465
-0.707107 -0.0200465 -0.706823
BONE = 1
BONE_NAME = bone root
PARENT_ID = 0
LOCALTM 
MAT 1.0 0.0 0.0 0.0
MAT 0.0 0.999598 -0.0283501 0.0
MAT 0.0 0.0283501 0.999598 0.0
MAT 0.00303056 0.488518 -0.176186 1.0
WORLDTM 
MAT 1.0 0.0 0.0 0.0
MAT 0.0 0.999598 -0.0283501 0.0
MAT 0.0 0.0283501 0.999598 0.0
MAT 0.00303056 0.488518 -0.176186 1.0
VERTEX = 9
0.00416843 0.508852 0.179559
0.00115167 0.51084 0.188883
0.000623901 0.501041 0.190802
0.00364066 0.499052 0.181478
-0.00218635 0.505293 0.183088
-0.00248803 0.505492 0.18402
-0.00254081 0.504512 0.184212
-0.00223913 0.504313 0.18328
-0.00236358 0.504903 0.18365
INDEX = 14
4 5 7
6 7 5
1 2 5
6 5 2
0 1 4
5 4 1
7 6 3
2 3 6
4 7 0
3 0 7
8 1 0
8 2 1
8 3 2
8 0 3
FACE-NORMAL = 14
0.951949 0.00868243 0.306135
0.951949 0.00868243 0.306135
0.861054 -0.14199 -0.488288
0.861054 -0.14199 -0.488287
0.597592 -0.722615 0.347436
0.597592 -0.722615 0.347436
0.676049 0.734231 0.0621501
0.676049 0.734231 0.0621501
0.412586 0.153606 0.897874
0.412586 0.153606 0.897874
-0.635811 0.68682 -0.352168
-0.886446 0.134463 0.442868
-0.710448 -0.699099 -0.0807713
-0.459812 -0.146742 -0.875808
BONE = 2
BONE_NAME = BoneButt
PARENT_ID = 1
LOCALTM 
MAT 0.951949 0.0 0.306258 0.0
MAT 0.0527766 0.98504 -0.164047 0.0
MAT -0.301676 0.172327 0.937707 0.0
MAT -0.00539413 0.00617674 0.360156 1.0
WORLDTM 
MAT 0.951949 0.00868242 0.306135 0.0
MAT 0.0527766 0.979993 -0.191907 0.0
MAT -0.301676 0.198842 0.932445 0.0
MAT -0.00236358 0.504903 0.18365 1.0
VERTEX = 9
-0.172486 0.324187 -0.0327512
-0.169638 0.314879 -0.0350445
-0.173279 0.311616 -0.0263212
-0.176126 0.320924 -0.0240279
-0.168409 0.319354 -0.0276987
-0.168124 0.318424 -0.0279281
-0.168488 0.318097 -0.0270557
-0.168773 0.319028 -0.0268264
-0.168448 0.318726 -0.0273772
INDEX = 14
4 5 7
6 7 5
1 2 5
6 5 2
0 1 4
5 4 1
7 6 3
2 3 6
4 7 0
3 0 7
8 1 0
8 2 1
8 3 2
8 0 3
FACE-NORMAL = 14
-0.886774 -0.164881 -0.431794
-0.886774 -0.164881 -0.431794
-0.804856 0.581539 -0.118399
-0.804856 0.581539 -0.1184
-0.863848 -0.352838 0.359545
-0.863848 -0.352838 0.359545
-0.322594 0.132239 -0.937255
-0.322593 0.132239 -0.937255
-0.381585 -0.802139 -0.459311
-0.381585 -0.802139 -0.459311
0.884496 0.347319 -0.311508
0.828376 -0.541568 0.143168
0.369592 -0.114142 0.922157
0.425712 0.774746 0.467481
BONE = 3
BONE_NAME = BoneMidLeg_R01
PARENT_ID = 1
LOCALTM 
MAT -0.886774 -0.152574 -0.436295 0.0
MAT 0.364092 0.350902 -0.862731 0.0
MAT 0.284727 -0.923899 -0.25562 0.0
MAT -0.171479 -0.173943 0.143936 1.0
WORLDTM 
MAT -0.886774 -0.164881 -0.431794 0.0
MAT 0.364092 0.326302 -0.872332 0.0
MAT 0.284727 -0.930774 -0.229324 0.0
MAT -0.168448 0.318726 -0.0273772 1.0
VERTEX = 9
-0.344815 0.285352 -0.114025
-0.335577 0.284999 -0.117835
-0.33235 0.280363 -0.109584
-0.341589 0.280715 -0.105773
-0.338177 0.287533 -0.109941
-0.337253 0.287498 -0.110322
-0.336931 0.287034 -0.109497
-0.337855 0.287069 -0.109116
-0.337554 0.287284 -0.109719
INDEX = 14
4 5 7
6 7 5
1 2 5
6 5 2
0 1 4
5 4 1
7 6 3
2 3 6
4 7 0
3 0 7
8 1 0
8 2 1
8 3 2
8 0 3
FACE-NORMAL = 14
-0.205748 -0.8853 -0.417027
-0.205748 -0.8853 -0.417027
-0.824356 -0.566055 0.00425294
-0.824356 -0.566055 0.00425285
0.102187 -0.936888 0.334362
0.102187 -0.936888 0.334362
-0.377463 -0.247581 -0.892314
-0.377463 -0.247581 -0.892314
0.54908 -0.618414 -0.562205
0.54908 -0.618414 -0.562205
-0.0826635 0.953876 -0.288596
0.798771 0.601097 0.0254423
0.373635 0.298128 0.87836
-0.5078 0.650907 0.564322
BONE = 4
BONE_NAME = BoneMidLeg_R02
PARENT_ID = 3
LOCALTM 
MAT 0.508491 -6.25849e-007 0.861067 0.0
MAT 0.565967 0.753643 -0.334223 0.0
MAT -0.648937 0.657285 0.38322 0.0
MAT 0.190697 0.0 0.0 1.0
WORLDTM 
MAT -0.205748 -0.8853 -0.417026 0.0
MAT -0.322652 0.463684 -0.825162 0.0
MAT 0.923885 -0.0352209 -0.381046 0.0
MAT -0.337554 0.287284 -0.109719 1.0
VERTEX = 9
-0.176852 0.383109 0.136916
-0.172493 0.374135 0.137601
-0.164942 0.378196 0.142748
-0.1693 0.38717 0.142062
-0.169044 0.381761 0.135267
-0.168608 0.380863 0.135336
-0.167853 0.38127 0.13585
-0.168289 0.382167 0.135782
-0.168448 0.381515 0.135559
INDEX = 14
4 5 7
6 7 5
1 2 5
6 5 2
0 1 4
5 4 1
7 6 3
2 3 6
4 7 0
3 0 7
8 1 0
8 2 1
8 3 2
8 0 3
FACE-NORMAL = 14
-0.489668 -0.172562 0.854662
-0.489668 -0.172562 0.854662
-0.651554 0.551589 0.520794
-0.651554 0.551589 0.520794
0.233721 0.186405 0.954268
0.233721 0.186405 0.954268
-0.888863 -0.41728 0.18921
-0.888863 -0.41728 0.18921
-0.00358739 -0.782465 0.622684
-0.00358728 -0.782465 0.622684
-0.187718 -0.165127 -0.968243
0.654458 -0.512533 -0.555873
0.880213 0.409167 -0.240432
0.0380374 0.756573 -0.652802
BONE = 5
BONE_NAME = BoneBackLeg_R01
PARENT_ID = 1
LOCALTM 
MAT -0.489668 -0.196722 0.849427 0.0
MAT -0.755141 -0.391334 -0.525946 0.0
MAT 0.435875 -0.898976 0.0430707 0.0
MAT -0.171479 -0.115798 0.308586 1.0
WORLDTM 
MAT -0.489668 -0.172562 0.854662 0.0
MAT -0.755141 -0.406088 -0.51464 0.0
MAT 0.435875 -0.897393 0.0685394 0.0
MAT -0.168448 0.381515 0.135559 1.0
VERTEX = 9
-0.290586 0.338177 0.34756
-0.290488 0.332941 0.339041
-0.280512 0.33358 0.338763
-0.280611 0.338816 0.347282
-0.286398 0.340357 0.340987
-0.286388 0.339833 0.340135
-0.28539 0.339897 0.340107
-0.2854 0.340421 0.340959
-0.285894 0.340127 0.340547
INDEX = 14
4 5 7
6 7 5
1 2 5
6 5 2
0 1 4
5 4 1
7 6 3
2 3 6
4 7 0
3 0 7
8 1 0
8 2 1
8 3 2
8 0 3
FACE-NORMAL = 14
0.0689633 -0.849568 0.522952
0.0689633 -0.849568 0.522952
0.0388142 -0.179146 0.983057
0.0388142 -0.179146 0.983057
0.787622 -0.520834 0.329216
0.787622 -0.520834 0.329216
-0.695354 -0.615828 0.370457
-0.695354 -0.615828 0.370457
0.0534538 -0.957516 -0.283384
0.0534538 -0.957516 -0.283384
-0.754153 0.55555 -0.350166
-0.041801 0.230498 -0.972175
0.656624 0.64592 -0.3894
-0.0557279 0.970972 0.232609
BONE = 6
BONE_NAME = BoneBackLeg_R02
PARENT_ID = 5
LOCALTM 
MAT 0.559781 0.0237895 0.828299 0.0
MAT 0.523216 0.764978 -0.375571 0.0
MAT -0.642565 0.643616 0.415773 0.0
MAT 0.239847 0.0 0.0 1.0
WORLDTM 
MAT 0.0689633 -0.849567 0.522952 0.0
MAT -0.997571 -0.0639006 0.0277425 0.0
MAT 0.00984778 -0.523594 -0.85191 0.0
MAT -0.285894 0.340127 0.340547 1.0
VERTEX = 9
-0.21182 0.49905 -0.158187
-0.208466 0.498783 -0.167604
-0.217407 0.495542 -0.170696
-0.220761 0.495809 -0.161279
-0.212849 0.492743 -0.163153
-0.212514 0.492717 -0.164095
-0.213408 0.492393 -0.164404
-0.213743 0.492419 -0.163462
-0.213129 0.492568 -0.163778
INDEX = 14
4 5 7
6 7 5
1 2 5
6 5 2
0 1 4
5 4 1
7 6 3
2 3 6
4 7 0
3 0 7
8 1 0
8 2 1
8 3 2
8 0 3
FACE-NORMAL = 14
-0.296981 0.945633 -0.132593
-0.296981 0.945633 -0.132593
-0.447969 0.652447 0.611258
-0.447969 0.652447 0.611258
-0.863205 0.391666 -0.318551
-0.863205 0.391666 -0.31855
0.465866 0.873525 0.14115
0.465866 0.873525 0.14115
0.0506301 0.612743 -0.788658
0.0506302 0.612743 -0.788659
0.84218 -0.439464 0.312418
0.447159 -0.687549 -0.572123
-0.422186 -0.897863 -0.124903
-0.0271655 -0.649778 0.759638
BONE = 7
BONE_NAME = BoneSlicer_R
PARENT_ID = 1
LOCALTM 
MAT -0.296981 0.949012 -0.105731 0.0
MAT 0.894042 0.31524 0.318297 0.0
MAT 0.335398 0.0 -0.942076 0.0
MAT -0.216159 0.00369644 0.0125178 1.0
WORLDTM 
MAT -0.296981 0.945633 -0.132593 0.0
MAT 0.894042 0.324137 0.309232 0.0
MAT 0.335398 -0.0267079 -0.941698 0.0
MAT -0.213129 0.492568 -0.163778 1.0
VERTEX = 9
-0.197579 0.850826 -0.649619
-0.206465 0.846992 -0.652139
-0.204151 0.84799 -0.661816
-0.195266 0.851824 -0.659297
-0.202518 0.854141 -0.655108
-0.203406 0.853757 -0.65536
-0.203175 0.853857 -0.656328
-0.202286 0.85424 -0.656076
-0.202846 0.853999 -0.655718
INDEX = 14
4 5 7
6 7 5
1 2 5
6 5 2
0 1 4
5 4 1
7 6 3
2 3 6
4 7 0
3 0 7
8 1 0
8 2 1
8 3 2
8 0 3
FACE-NORMAL = 14
0.396222 -0.918155 -1.71363e-007
0.396222 -0.918155 -1.71363e-007
0.925501 -0.329205 0.187276
0.925501 -0.329205 0.187276
0.437007 -0.54001 -0.719315
0.437007 -0.54001 -0.719315
0.0931106 -0.688416 0.719315
0.0931105 -0.688416 0.719315
-0.395383 -0.899222 -0.187276
-0.395384 -0.899222 -0.187276
-0.443748 0.578643 0.684295
-0.90846 0.378101 -0.178158
-0.116595 0.719824 -0.684295
0.348117 0.920366 0.178159
BONE = 8
BONE_NAME = HitTestFuzzy01
PARENT_ID = 7
LOCALTM 
MAT -0.985907 0.0566307 0.157414 0.0
MAT -0.154017 0.0600764 -0.986241 0.0
MAT -0.0653085 -0.996586 -0.0505073 0.0
MAT 0.403955 -0.0257773 0.457054 1.0
WORLDTM 
MAT 0.396222 -0.918154 -1.71363e-007 0.0
MAT -0.231333 -0.09983 0.96774 0.0
MAT -0.888534 -0.38344 -0.251954 0.0
MAT -0.202846 0.853999 -0.655718 1.0
VERTEX = 9
-0.317281 0.836316 -0.299555
-0.32336 0.834389 -0.279961
-0.326757 0.833158 -0.281136
-0.320678 0.835084 -0.30073
-0.322815 0.838439 -0.291312
-0.323422 0.838246 -0.289353
-0.323762 0.838123 -0.28947
-0.323154 0.838316 -0.291429
-0.323288 0.838281 -0.290391
INDEX = 14
4 5 7
6 7 5
1 2 5
6 5 2
0 1 4
5 4 1
7 6 3
2 3 6
4 7 0
3 0 7
8 1 0
8 2 1
8 3 2
8 0 3
FACE-NORMAL = 14
0.337141 -0.941377 0.0120211
0.337141 -0.941377 0.0120211
0.444808 -0.560245 -0.698765
0.444808 -0.560245 -0.698765
-0.439 -0.870678 -0.221809
-0.439 -0.870678 -0.221809
0.890072 -0.388819 0.237892
0.890072 -0.388819 0.237892
0.0062636 -0.699252 0.714848
0.00626354 -0.699252 0.714848
0.393788 0.894854 0.21016
-0.446992 0.599534 0.663895
-0.870578 0.436454 -0.22716
-0.0297981 0.731774 -0.680896
BONE = 9
BONE_NAME = Vol_Target 01
PARENT_ID = 7
LOCALTM 
MAT -0.746848 0.0 0.0955465 0.0
MAT 0.0 0.379926 0.0 0.0
MAT -0.261486 0.0 -2.04393 0.0
MAT 0.376421 -0.0255815 0.0730501 1.0
WORLDTM 
MAT 0.253845 -0.708796 0.00905107 0.0
MAT 0.33967 0.123148 0.117485 0.0
MAT -0.607874 -0.19268 1.95943 0.0
MAT -0.323288 0.838281 -0.290391 1.0
VERTEX = 9
-0.181987 0.382888 -0.198224
-0.182196 0.389239 -0.205946
-0.172225 0.388806 -0.206572
-0.172016 0.382455 -0.19885
-0.177228 0.389407 -0.198819
-0.177248 0.390043 -0.199591
-0.176251 0.389999 -0.199654
-0.17623 0.389364 -0.198882
-0.176739 0.389703 -0.199236
INDEX = 14
4 5 7
6 7 5
1 2 5
6 5 2
0 1 4
5 4 1
7 6 3
2 3 6
4 7 0
3 0 7
8 1 0
8 2 1
8 3 2
8 0 3
FACE-NORMAL = 14
-0.073242 -0.771224 -0.632336
-0.073242 -0.771224 -0.632336
-0.0334665 -0.987978 0.15093
-0.0334665 -0.987978 0.15093
0.692139 -0.548138 -0.469562
0.692139 -0.548138 -0.469562
-0.790131 -0.483705 -0.376459
-0.790131 -0.483705 -0.376459
-0.0645262 -0.0438658 -0.996951
-0.0645262 -0.0438657 -0.996951
-0.653263 0.575986 0.491414
0.0370162 0.994412 -0.0988692
0.756843 0.51469 0.402844
0.0665637 0.0962638 0.993128
BONE = 10
BONE_NAME = BoneFrontLeg_R01
PARENT_ID = 1
LOCALTM 
MAT -0.073242 -0.752987 -0.653946 0.0
MAT -0.997095 0.0415499 0.063832 0.0
MAT -0.0208933 0.656722 -0.753843 0.0
MAT -0.17977 -0.0981216 -0.025842 1.0
WORLDTM 
MAT -0.073242 -0.771224 -0.632336 0.0
MAT -0.997095 0.0433429 0.0626284 0.0
MAT -0.0208933 0.635086 -0.772158 0.0
MAT -0.176739 0.389703 -0.199236 1.0
VERTEX = 9
-0.200329 0.199886 -0.363597
-0.199593 0.203258 -0.354212
-0.189622 0.202825 -0.354838
-0.190358 0.199452 -0.364224
-0.195608 0.196506 -0.357959
-0.195535 0.196843 -0.35702
-0.194538 0.1968 -0.357083
-0.194611 0.196463 -0.358021
-0.195073 0.196653 -0.357521
INDEX = 14
4 5 7
6 7 5
1 2 5
6 5 2
0 1 4
5 4 1
7 6 3
2 3 6
4 7 0
3 0 7
8 1 0
8 2 1
8 3 2
8 0 3
FACE-NORMAL = 14
0.0195577 0.940419 -0.339455
0.0195577 0.940419 -0.339455
-0.0416302 0.378435 -0.924691
-0.0416302 0.378435 -0.924691
0.754219 0.596891 -0.273635
0.754218 0.596891 -0.273635
-0.728052 0.661324 -0.180532
-0.728052 0.661324 -0.180532
0.0677971 0.879779 0.470524
0.0677971 0.879779 0.470524
-0.718882 -0.634329 0.284316
0.0382205 -0.426509 0.903676
0.691223 -0.695625 0.195746
-0.0658793 -0.903444 -0.423613
BONE = 11
BONE_NAME = BoneFrontLeg_R02
PARENT_ID = 10
LOCALTM 
MAT -0.512056 0.0 0.858951 0.0
MAT 0.0 1.0 0.0 0.0
MAT -0.858952 2.43075e-007 -0.512056 0.0
MAT 0.250317 0.0 0.0 1.0
WORLDTM 
MAT 0.0195577 0.940418 -0.339455 0.0
MAT -0.997096 0.0433429 0.0626283 0.0
MAT 0.0736097 0.337245 0.938535 0.0
MAT -0.195073 0.196653 -0.357521 1.0
VERTEX = 9
-0.19368 0.513158 -0.474541
-0.193748 0.520839 -0.480944
-0.183777 0.520405 -0.48157
-0.183709 0.512724 -0.475167
-0.188844 0.519614 -0.473876
-0.188851 0.520382 -0.474517
-0.187854 0.520338 -0.474579
-0.187847 0.51957 -0.473939
-0.188349 0.519976 -0.474228
INDEX = 14
4 5 7
6 7 5
1 2 5
6 5 2
0 1 4
5 4 1
7 6 3
2 3 6
4 7 0
3 0 7
8 1 0
8 2 1
8 3 2
8 0 3
FACE-NORMAL = 14
-0.0758566 -0.63889 -0.765549
-0.0758566 -0.63889 -0.765549
-0.0456679 -0.998301 -0.0361774
-0.0456679 -0.998301 -0.0361776
0.69039 -0.459612 -0.558676
0.69039 -0.459612 -0.558676
-0.79188 -0.395178 -0.465575
-0.79188 -0.395178 -0.465575
-0.0558229 0.143511 -0.988073
-0.0558229 0.143511 -0.988073
-0.651414 0.482412 0.58561
0.0488084 0.994875 0.0885486
0.758692 0.421115 0.49704
0.058469 -0.0913481 0.994101
BONE = 12
BONE_NAME = BoneFrontLeg_R03
PARENT_ID = 11
LOCALTM 
MAT -0.342438 0.0 -0.93954 0.0
MAT 3.76254e-007 1.0 -4.45172e-007 0.0
MAT 0.93954 -4.32134e-007 -0.342439 0.0
MAT 0.343808 0.0 0.0 1.0
WORLDTM 
MAT -0.0758566 -0.638889 -0.765548 0.0
MAT -0.997097 0.0433432 0.0626278 0.0
MAT -0.0068311 0.768075 -0.640322 0.0
MAT -0.188349 0.519976 -0.474228 1.0
VERTEX = 9
-0.00564619 0.420774 -0.190939
0.00428745 0.420774 -0.189789
0.00425228 0.410778 -0.189485
-0.00568136 0.410778 -0.190635
-0.0017667 0.416429 -0.18532
-0.000773335 0.416429 -0.185205
-0.000776851 0.415429 -0.185175
-0.00177021 0.415429 -0.18529
-0.00127177 0.415929 -0.185248
INDEX = 14
4 5 7
6 7 5
1 2 5
6 5 2
0 1 4
5 4 1
7 6 3
2 3 6
4 7 0
3 0 7
8 1 0
8 2 1
8 3 2
8 0 3
FACE-NORMAL = 14
0.114964 -0.0305762 -0.992899
0.114964 -0.0305762 -0.992899
-0.661454 -0.0204545 -0.749706
-0.661454 -0.0204545 -0.749706
0.0742929 -0.763401 -0.641638
0.0742929 -0.763401 -0.641638
0.0795207 0.722492 -0.686791
0.0795207 0.722492 -0.686791
0.815268 -0.0204543 -0.578723
0.815268 -0.0204543 -0.578722
-0.0788051 0.728397 0.680608
0.621122 0.0216208 0.783415
-0.0837784 -0.685156 0.723563
-0.783706 0.0216205 0.620756
BONE = 13
BONE_NAME = BoneHead
PARENT_ID = 1
LOCALTM 
MAT 0.114964 -0.00241512 -0.993367 0.0
MAT 0.00351664 0.999992 -0.00202424 0.0
MAT 0.993364 -0.0032606 0.114971 0.0
MAT -0.00430233 -0.0723031 -0.0111156 1.0
WORLDTM 
MAT 0.114964 -0.0305762 -0.992899 0.0
MAT 0.00351664 0.999532 -0.0303733 0.0
MAT 0.993364 1.64378e-007 0.115018 0.0
MAT -0.00127177 0.415929 -0.185248 1.0
VERTEX = 9
0.00950726 0.33865 -0.35847
0.0194122 0.338657 -0.357095
0.0187862 0.329775 -0.352542
0.00888127 0.329768 -0.353918
0.0130704 0.336954 -0.351404
0.0140609 0.336955 -0.351267
0.0139983 0.336066 -0.350812
0.0130078 0.336066 -0.350949
0.0135343 0.33651 -0.351108
INDEX = 14
4 5 7
6 7 5
1 2 5
6 5 2
0 1 4
5 4 1
7 6 3
2 3 6
4 7 0
3 0 7
8 1 0
8 2 1
8 3 2
8 0 3
FACE-NORMAL = 14
0.12248 -0.459556 -0.879663
0.12248 -0.459556 -0.879663
-0.654294 -0.307943 -0.690702
-0.654294 -0.307943 -0.690703
0.0354045 -0.967582 -0.250062
0.0354045 -0.967582 -0.250063
0.128465 0.352729 -0.926865
0.128465 0.352729 -0.926865
0.818163 -0.30691 -0.486225
0.818164 -0.30691 -0.486225
-0.0423414 0.952971 0.30009
0.613779 0.325446 0.719277
-0.130871 -0.303061 0.943942
-0.786992 0.324463 0.524755
BONE = 14
BONE_NAME = BoneJaw
PARENT_ID = 13
LOCALTM 
MAT 0.901549 -0.432191 0.0204898 0.0
MAT 0.43208 0.901782 0.00982007 0.0
MAT -0.0227216 0.0 0.999743 0.0
MAT 0.168813 -0.0742918 -0.00436901 1.0
WORLDTM 
MAT 0.122479 -0.459555 -0.879663 0.0
MAT 0.0625997 0.888149 -0.455272 0.0
MAT 0.990496 0.000694919 0.137548 0.0
MAT 0.0135343 0.33651 -0.351108 1.0
VERTEX = 9
0.0100145 0.492448 -0.32539
0.0199024 0.492439 -0.323896
0.0205272 0.483382 -0.328089
0.0106393 0.483391 -0.329582
0.0140669 0.486249 -0.322127
0.0150557 0.486248 -0.321978
0.0151182 0.485342 -0.322397
0.0141294 0.485343 -0.322546
0.0145926 0.485795 -0.322262
INDEX = 14
4 5 7
6 7 5
1 2 5
6 5 2
0 1 4
5 4 1
7 6 3
2 3 6
4 7 0
3 0 7
8 1 0
8 2 1
8 3 2
8 0 3
FACE-NORMAL = 14
0.135658 0.42386 -0.895511
0.135658 0.42386 -0.895511
-0.644207 0.284233 -0.710077
-0.644207 0.284233 -0.710077
0.13719 -0.389674 -0.910677
0.13719 -0.389674 -0.910677
0.0443106 0.956769 -0.287453
0.0443106 0.956769 -0.287453
0.825707 0.282862 -0.488053
0.825707 0.282862 -0.488053
-0.140103 0.340731 0.929663
0.603251 -0.300367 0.738829
-0.0517458 -0.94016 0.33678
-0.7951 -0.299063 0.527615
BONE = 15
BONE_NAME = BoneCarapiss
PARENT_ID = 13
LOCALTM 
MAT 0.891787 0.451339 0.0317581 0.0
MAT -0.451131 0.892351 -0.0138444 0.0
MAT -0.0345879 -0.00198074 0.9994 0.0
MAT 0.135729 0.0740513 0.0 1.0
WORLDTM 
MAT 0.135658 0.42386 -0.89551 0.0
MAT -0.0624782 0.905727 0.419231 0.0
MAT 0.988785 -0.000922082 0.149351 0.0
MAT 0.0145926 0.485795 -0.322262 1.0
VERTEX = 9
0.0354943 0.436653 -0.462124
0.0343446 0.436959 -0.452195
0.0343095 0.426964 -0.451892
0.0354591 0.426658 -0.461821
0.0299943 0.432293 -0.458095
0.0298793 0.432324 -0.457102
0.0298758 0.431324 -0.457072
0.0299908 0.431294 -0.458064
0.0299351 0.431809 -0.457583
INDEX = 14
4 5 7
6 7 5
1 2 5
6 5 2
0 1 4
5 4 1
7 6 3
2 3 6
4 7 0
3 0 7
8 1 0
8 2 1
8 3 2
8 0 3
FACE-NORMAL = 14
0.993363 1.68773e-007 0.115018
0.993363 1.68773e-007 0.115018
0.749977 -0.022727 -0.661073
0.749977 -0.022727 -0.661073
0.661911 -0.742947 0.0995191
0.661911 -0.742946 0.0995191
0.667139 0.742947 0.0543666
0.667139 0.742947 0.0543665
0.579073 0.0227272 0.814959
0.579073 0.0227272 0.814959
-0.699927 0.706776 -0.102807
-0.783706 0.0216205 0.620756
-0.704901 -0.706776 -0.0598527
-0.621122 -0.0216208 -0.783415
BONE = 16
BONE_NAME = Ref_Head
PARENT_ID = 13
LOCALTM 
MAT -1.39271e-007 0.0 1.0 0.0
MAT 0.0 1.0 0.0 0.0
MAT -1.0 0.0 -1.73788e-007 0.0
MAT 0.273504 0.0242538 -0.000323636 1.0
WORLDTM 
MAT 0.993363 1.68773e-007 0.115018 0.0
MAT 0.00351664 0.999532 -0.0303733 0.0
MAT -0.114964 0.0305762 0.992899 0.0
MAT 0.0299351 0.431809 -0.457583 1.0
VERTEX = 9
0.062895 0.448604 -0.457609
0.0620089 0.44884 -0.449955
0.0619817 0.441135 -0.449721
0.0628679 0.4409 -0.457375
0.0586555 0.445243 -0.454503
0.0585669 0.445267 -0.453737
0.0585642 0.444496 -0.453714
0.0586528 0.444473 -0.454479
0.0586098 0.44487 -0.454108
INDEX = 14
4 5 7
6 7 5
1 2 5
6 5 2
0 1 4
5 4 1
7 6 3
2 3 6
4 7 0
3 0 7
8 1 0
8 2 1
8 3 2
8 0 3
FACE-NORMAL = 14
0.993363 1.68244e-007 0.115018
0.993363 1.68244e-007 0.115018
0.749977 -0.022727 -0.661073
0.749977 -0.022727 -0.661073
0.661911 -0.742947 0.0995191
0.661911 -0.742946 0.0995191
0.667139 0.742947 0.0543665
0.667139 0.742947 0.0543665
0.579073 0.0227272 0.814959
0.579073 0.0227272 0.814959
-0.699927 0.706776 -0.102807
-0.783706 0.0216205 0.620756
-0.704901 -0.706776 -0.0598527
-0.621122 -0.0216208 -0.783415
BONE = 17
BONE_NAME = Ref_Weapon Left
PARENT_ID = 13
LOCALTM 
MAT 0.0 0.0 0.770826 0.0
MAT 0.0 0.770826 0.0 0.0
MAT -0.770827 0.0 -1.67489e-007 0.0
MAT 0.272951 0.0373041 0.0285605 1.0
WORLDTM 
MAT 0.765711 1.29687e-007 0.0886587 0.0
MAT 0.00271072 0.770466 -0.0234125 0.0
MAT -0.0886174 0.023569 0.765353 0.0
MAT 0.0586098 0.44487 -0.454108 1.0
VERTEX = 9
0.00791193 0.450135 -0.464722
0.00702576 0.45037 -0.457069
0.00699865 0.442666 -0.456834
0.00788482 0.44243 -0.464488
0.0036724 0.446774 -0.461616
0.00358379 0.446797 -0.460851
0.00358108 0.446027 -0.460827
0.00366969 0.446003 -0.461593
0.00362674 0.4464 -0.461222
INDEX = 14
4 5 7
6 7 5
1 2 5
6 5 2
0 1 4
5 4 1
7 6 3
2 3 6
4 7 0
3 0 7
8 1 0
8 2 1
8 3 2
8 0 3
FACE-NORMAL = 14
0.993363 4.25291e-007 0.115017
0.993363 4.25291e-007 0.115017
0.749977 -0.0227288 -0.661073
0.749977 -0.0227288 -0.661073
0.661911 -0.742947 0.0995209
0.661911 -0.742946 0.0995209
0.667139 0.742947 0.0543645
0.667139 0.742947 0.0543644
0.579073 0.0227294 0.814959
0.579073 0.0227294 0.814959
-0.699927 0.706776 -0.102809
-0.783706 0.0216222 0.620756
-0.704901 -0.706776 -0.0598507
-0.621122 -0.0216228 -0.783415
BONE = 18
BONE_NAME = Ref_Weapon Right
PARENT_ID = 13
LOCALTM 
MAT 0.0 2.04505e-007 0.770826 0.0
MAT 2.00421e-006 0.770826 2.60293e-007 0.0
MAT -0.770827 2.0396e-006 0.0 0.0
MAT 0.273646 0.0388565 -0.0268758 1.0
WORLDTM 
MAT 0.765711 3.27826e-007 0.0886585 0.0
MAT 0.00271121 0.770466 -0.0234145 0.0
MAT -0.0886172 0.023571 0.765353 0.0
MAT 0.00362674 0.4464 -0.461222 1.0
VERTEX = 9
0.15829 0.383482 -0.195619
0.158751 0.385469 -0.205408
0.16871 0.386148 -0.204802
0.168249 0.38416 -0.195012
0.162587 0.38957 -0.198777
0.162633 0.389769 -0.199756
0.163629 0.389837 -0.199695
0.163583 0.389638 -0.198716
0.163108 0.389703 -0.199236
INDEX = 14
4 5 7
6 7 5
1 2 5
6 5 2
0 1 4
5 4 1
7 6 3
2 3 6
4 7 0
3 0 7
8 1 0
8 2 1
8 3 2
8 0 3
FACE-NORMAL = 14
0.0784784 -0.977704 -0.194772
0.0784784 -0.977704 -0.194772
0.018246 -0.80176 0.597368
0.018246 -0.80176 0.597368
0.792709 -0.603615 -0.0852141
0.792709 -0.603615 -0.0852141
-0.68771 -0.704484 -0.175377
-0.68771 -0.704484 -0.175377
0.0867526 -0.506339 -0.857959
0.0867526 -0.506339 -0.85796
-0.759665 0.643362 0.0948379
-0.022907 0.83186 -0.554513
0.64868 0.73932 0.180612
-0.0880783 0.550822 0.829962
BONE = 19
BONE_NAME = BoneFrontLeg_L01
PARENT_ID = 1
LOCALTM 
MAT 0.0784784 -0.971789 -0.222412 0.0
MAT -0.99585 -0.0661057 -0.0625504 0.0
MAT 0.0460831 0.226398 -0.972944 0.0
MAT 0.160077 -0.0981216 -0.025842 1.0
WORLDTM 
MAT 0.0784784 -0.977704 -0.194772 0.0
MAT -0.99585 -0.0678525 -0.0606512 0.0
MAT 0.0460831 0.198724 -0.978971 0.0
MAT 0.163108 0.389703 -0.199236 1.0
VERTEX = 9
0.178294 0.14314 -0.255187
0.177396 0.151524 -0.249812
0.187354 0.152203 -0.249205
0.188253 0.143819 -0.254581
0.182299 0.144515 -0.24829
0.182209 0.145353 -0.247753
0.183205 0.145421 -0.247692
0.183295 0.144582 -0.248229
0.182752 0.144968 -0.247991
INDEX = 14
4 5 7
6 7 5
1 2 5
6 5 2
0 1 4
5 4 1
7 6 3
2 3 6
4 7 0
3 0 7
8 1 0
8 2 1
8 3 2
8 0 3
FACE-NORMAL = 14
0.0143782 0.540766 -0.84105
0.0143782 0.540766 -0.84105
0.076415 -0.261448 -0.962188
0.076415 -0.261448 -0.962188
0.749828 0.412188 -0.517551
0.749828 0.412188 -0.517551
-0.730591 0.311319 -0.607715
-0.730591 0.311319 -0.607714
-0.057178 0.984955 -0.163077
-0.057178 0.984955 -0.163077
-0.714339 -0.430359 0.551825
-0.0737114 0.210481 0.974815
0.694005 -0.334401 0.637599
0.0533776 -0.97524 0.214609
BONE = 20
BONE_NAME = BoneFrontLeg_L02
PARENT_ID = 19
LOCALTM 
MAT -0.363768 -2.23517e-007 0.931489 0.0
MAT 0.0 1.0 1.71363e-007 0.0
MAT -0.931489 0.0 -0.363768 0.0
MAT 0.250317 0.0 0.0 1.0
WORLDTM 
MAT 0.0143782 0.540766 -0.841049 0.0
MAT -0.99585 -0.0678525 -0.0606513 0.0
MAT -0.0898655 0.838431 0.537547 0.0
MAT 0.182752 0.144968 -0.247991 1.0
VERTEX = 9
0.182999 0.324007 -0.534782
0.183294 0.327905 -0.543986
0.193253 0.328583 -0.54338
0.192958 0.324685 -0.534176
0.187183 0.330658 -0.53672
0.187212 0.331048 -0.537641
0.188208 0.331116 -0.53758
0.188179 0.330726 -0.53666
0.187696 0.330887 -0.53715
INDEX = 14
4 5 7
6 7 5
1 2 5
6 5 2
0 1 4
5 4 1
7 6 3
2 3 6
4 7 0
3 0 7
8 1 0
8 2 1
8 3 2
8 0 3
FACE-NORMAL = 14
0.0860953 -0.918397 -0.386179
0.0860953 -0.918397 -0.386179
0.0356681 -0.90411 0.425809
0.0356681 -0.90411 0.425808
0.797804 -0.563941 -0.213258
0.797804 -0.563941 -0.213258
-0.682615 -0.66481 -0.303422
-0.682615 -0.66481 -0.303422
0.0795213 -0.324641 -0.942488
0.0795213 -0.324641 -0.942489
-0.765051 0.601426 0.230183
-0.0400195 0.925034 -0.377771
0.643294 0.697384 0.315956
-0.0817376 0.373776 0.92391
BONE = 21
BONE_NAME = BoneFrontLeg_L03
PARENT_ID = 20
LOCALTM 
MAT -0.170605 -2.30968e-007 -0.985339 0.0
MAT -2.98023e-007 1.0 0.0 0.0
MAT 0.98534 -2.99886e-007 -0.170605 0.0
MAT 0.343808 0.0 0.0 1.0
WORLDTM 
MAT 0.0860952 -0.918397 -0.386178 0.0
MAT -0.99585 -0.0678527 -0.0606512 0.0
MAT 0.0294992 0.389798 -0.920428 0.0
MAT 0.187696 0.330887 -0.53715 1.0
VERTEX = 9
0.220329 0.498537 -0.156715
0.223294 0.498808 -0.147169
0.23271 0.497052 -0.150043
0.229744 0.496781 -0.15959
0.225101 0.492948 -0.153325
0.225398 0.492975 -0.15237
0.226339 0.4928 -0.152658
0.226043 0.492773 -0.153612
0.22572 0.492874 -0.152991
INDEX = 14
4 5 7
6 7 5
1 2 5
6 5 2
0 1 4
5 4 1
7 6 3
2 3 6
4 7 0
3 0 7
8 1 0
8 2 1
8 3 2
8 0 3
FACE-NORMAL = 14
0.159835 0.984092 -0.0775592
0.159835 0.984092 -0.0775592
-0.113489 0.638198 -0.761461
-0.113489 0.638198 -0.761461
0.806774 0.527813 -0.265574
0.806774 0.527813 -0.265574
-0.592926 0.788833 0.161806
-0.592926 0.788833 0.161806
0.327337 0.678448 0.657692
0.327337 0.678448 0.657692
-0.778798 -0.571702 0.258129
0.0966621 -0.676713 0.729874
0.552757 -0.820014 -0.148444
-0.322702 -0.715003 -0.620188
BONE = 22
BONE_NAME = BoneSlicer_L
PARENT_ID = 1
LOCALTM 
MAT 0.159835 0.985895 -0.0496289 0.0
MAT -0.941552 0.167362 0.292353 0.0
MAT 0.296535 0.0 0.955022 0.0
MAT 0.22269 0.00369641 0.0233092 1.0
WORLDTM 
MAT 0.159835 0.984092 -0.0775591 0.0
MAT -0.941552 0.175583 0.287491 0.0
MAT 0.296535 0.027075 0.954638 0.0
MAT 0.22572 0.492874 -0.152991 1.0
VERTEX = 9
0.152086 0.834279 -0.611582
0.161676 0.832985 -0.614101
0.159179 0.833322 -0.623778
0.149589 0.834615 -0.621259
0.154609 0.828893 -0.61707
0.155569 0.828764 -0.617322
0.155319 0.828797 -0.61829
0.15436 0.828927 -0.618038
0.154964 0.828845 -0.61768
INDEX = 14
4 5 7
6 7 5
1 2 5
6 5 2
0 1 4
5 4 1
7 6 3
2 3 6
4 7 0
3 0 7
8 1 0
8 2 1
8 3 2
8 0 3
FACE-NORMAL = 14
0.133666 0.991026 -6.70552e-007
0.133666 0.991026 -6.70552e-007
-0.623442 0.75911 0.187275
-0.623442 0.75911 0.187275
-0.0961777 0.687994 -0.719315
-0.0961777 0.687994 -0.719315
0.275014 0.63793 0.719314
0.275014 0.63793 0.719314
0.802278 0.566814 -0.187276
0.802278 0.566814 -0.187276
0.0820436 -0.724575 0.684295
0.583638 -0.792229 -0.178158
-0.271076 -0.676948 -0.684294
-0.772671 -0.609294 0.178159
BONE = 23
BONE_NAME = HitTestFuzzy02
PARENT_ID = 22
LOCALTM 
MAT 0.996626 0.0481538 0.0664681 0.0
MAT -0.0682887 0.0372037 0.996972 0.0
MAT 0.0455352 -0.998147 0.0403668 0.0
MAT 0.355358 -0.00798227 -0.455495 1.0
WORLDTM 
MAT 0.133666 0.991026 -6.70552e-007 0.0
MAT 0.249693 -0.033677 0.967739 0.0
MAT 0.959055 -0.129354 -0.251954 0.0
MAT 0.154964 0.828845 -0.61768 1.0
VERTEX = 9
0.282939 0.845864 -0.263559
0.288312 0.842562 -0.243942
0.29189 0.841895 -0.245034
0.286516 0.845197 -0.264651
0.286164 0.840421 -0.255618
0.286701 0.840091 -0.253657
0.287059 0.840024 -0.253766
0.286522 0.840355 -0.255727
0.286611 0.840223 -0.254692
INDEX = 14
4 5 7
6 7 5
1 2 5
6 5 2
0 1 4
5 4 1
7 6 3
2 3 6
4 7 0
3 0 7
8 1 0
8 2 1
8 3 2
8 0 3
FACE-NORMAL = 14
0.21323 0.971331 0.105109
0.21323 0.971331 0.105109
-0.0512026 0.768912 -0.637301
-0.0512026 0.768912 -0.637301
0.842493 0.519276 -0.143376
0.842493 0.519277 -0.143376
-0.557206 0.780297 0.284004
-0.557206 0.780297 0.284004
0.33649 0.530661 0.777929
0.33649 0.530661 0.777929
-0.816554 -0.562679 0.128963
0.0336321 -0.800161 0.598841
0.515001 -0.810991 -0.27761
-0.335185 -0.573509 -0.747488
BONE = 24
BONE_NAME = Vol_Target 02
PARENT_ID = 22
LOCALTM 
MAT 0.739238 0.0 0.14296 0.0
MAT 0.0 0.379926 0.0 0.0
MAT -0.391244 0.0 2.0231 0.0
MAT 0.359444 -0.0255815 -0.0696264 1.0
WORLDTM 
MAT 0.160548 0.731349 0.0791402 0.0
MAT -0.35772 0.0667086 0.109225 0.0
MAT 0.537387 -0.330245 1.96167 0.0
MAT 0.286611 0.840223 -0.254692 1.0
VERTEX = 9
0.178553 0.314271 -0.0298528
0.176535 0.323731 -0.0323891
0.174014 0.325731 -0.0229211
0.176033 0.316271 -0.0203847
0.171778 0.318153 -0.0277238
0.171577 0.319099 -0.0279775
0.171325 0.319299 -0.0270306
0.171526 0.318353 -0.026777
0.171552 0.318726 -0.0273772
INDEX = 14
4 5 7
6 7 5
1 2 5
6 5 2
0 1 4
5 4 1
7 6 3
2 3 6
4 7 0
3 0 7
8 1 0
8 2 1
8 3 2
8 0 3
FACE-NORMAL = 14
0.946428 0.255042 0.19806
0.946428 0.255042 0.19806
0.78316 -0.532546 0.321021
0.78316 -0.532546 0.321021
0.445777 0.319324 0.836251
0.445777 0.319324 0.836251
0.820477 0.0219038 -0.57126
0.820477 0.0219037 -0.57126
0.483094 0.873774 -0.05603
0.483094 0.873774 -0.0560301
-0.490997 -0.321812 -0.809543
-0.811955 0.488585 -0.319397
-0.847454 -0.0388715 0.529443
-0.526497 -0.849268 0.0392973
BONE = 25
BONE_NAME = BoneMidLeg_L01
PARENT_ID = 1
LOCALTM 
MAT 0.946428 0.249324 0.205211 0.0
MAT 0.252054 -0.173147 -0.952097 0.0
MAT -0.201849 0.952816 -0.226714 0.0
MAT 0.168521 -0.173943 0.143936 1.0
WORLDTM 
MAT 0.946428 0.255042 0.19806 0.0
MAT 0.252054 -0.200069 -0.946806 0.0
MAT -0.201849 0.946005 -0.253635 0.0
MAT 0.171552 0.318726 -0.0273772 1.0
VERTEX = 9
0.351757 0.359537 0.00669133
0.359961 0.365167 0.00768581
0.357441 0.367168 0.0171539
0.349236 0.361538 0.0161594
0.351749 0.36698 0.00986921
0.352569 0.367543 0.00996866
0.352317 0.367743 0.0109155
0.351497 0.36718 0.010816
0.352033 0.367362 0.0103923
INDEX = 14
4 5 7
6 7 5
1 2 5
6 5 2
0 1 4
5 4 1
7 6 3
2 3 6
4 7 0
3 0 7
8 1 0
8 2 1
8 3 2
8 0 3
FACE-NORMAL = 14
0.513157 -0.801874 0.306053
0.513157 -0.801874 0.306053
-0.266552 -0.954901 0.13082
-0.266552 -0.954901 0.13082
0.155934 -0.387715 0.908494
0.155934 -0.387715 0.908494
0.530634 -0.685135 -0.499016
0.530634 -0.685135 -0.499016
0.95312 -0.117949 0.278658
0.95312 -0.117949 0.278658
-0.184628 0.42554 -0.885905
0.217289 0.965113 -0.146092
-0.541086 0.70848 0.45308
-0.943003 0.168908 -0.286733
BONE = 26
BONE_NAME = BoneMidLeg_L02
PARENT_ID = 25
LOCALTM 
MAT 0.341772 -1.78814e-007 -0.939783 0.0
MAT 0.0 1.0 -1.78814e-007 0.0
MAT 0.939783 0.0 0.341772 0.0
MAT 0.190698 0.0 1.78814e-007 1.0
WORLDTM 
MAT 0.513157 -0.801873 0.306053 0.0
MAT 0.252054 -0.200069 -0.946806 0.0
MAT 0.82045 0.563002 0.0994483 0.0
MAT 0.352033 0.367362 0.0103923 1.0
VERTEX = 9
0.176363 0.374562 0.133689
0.179264 0.384064 0.132554
0.175568 0.38627 0.14158
0.172667 0.376767 0.142715
0.171591 0.38093 0.135164
0.171881 0.38188 0.135051
0.171512 0.382101 0.135953
0.171222 0.38115 0.136067
0.171552 0.381515 0.135559
INDEX = 14
4 5 7
6 7 5
1 2 5
6 5 2
0 1 4
5 4 1
7 6 3
2 3 6
4 7 0
3 0 7
8 1 0
8 2 1
8 3 2
8 0 3
FACE-NORMAL = 14
0.882774 -0.219878 0.415168
0.882774 -0.219878 0.415168
0.374957 -0.853418 0.362057
0.374957 -0.853418 0.362057
0.315842 0.0168533 0.948662
0.315842 0.0168532 0.948662
0.865247 -0.311035 -0.393197
0.865247 -0.311035 -0.393197
0.806132 0.559236 0.193408
0.806132 0.559236 0.193408
-0.362886 -0.000485003 -0.931833
-0.419124 0.827417 -0.373787
-0.885544 0.31144 0.344698
-0.829307 -0.516462 -0.213349
BONE = 27
BONE_NAME = BoneBackLeg_L01
PARENT_ID = 1
LOCALTM 
MAT 0.882774 -0.23156 0.408767 0.0
MAT 0.369575 -0.194886 -0.908534 0.0
MAT 0.290043 0.9531 -0.0864611 0.0
MAT 0.168521 -0.115798 0.308586 1.0
WORLDTM 
MAT 0.882774 -0.219878 0.415167 0.0
MAT 0.369575 -0.220564 -0.902644 0.0
MAT 0.290043 0.950266 -0.113447 0.0
MAT 0.171552 0.381515 0.135559 1.0
VERTEX = 9
0.38329 0.323159 0.228546
0.387057 0.321397 0.23764
0.378895 0.325408 0.241798
0.375127 0.327169 0.232704
0.383502 0.328666 0.234473
0.383879 0.32849 0.235382
0.383062 0.328891 0.235798
0.382686 0.329067 0.234888
0.383282 0.328778 0.235135
INDEX = 14
4 5 7
6 7 5
1 2 5
6 5 2
0 1 4
5 4 1
7 6 3
2 3 6
4 7 0
3 0 7
8 1 0
8 2 1
8 3 2
8 0 3
FACE-NORMAL = 14
-0.437957 -0.898966 0.00732556
-0.437957 -0.898966 0.00732556
-0.572997 -0.470465 -0.671071
-0.572997 -0.470465 -0.671071
-0.899694 -0.303279 0.313962
-0.899694 -0.303279 0.313962
0.313739 -0.899474 -0.304161
0.313739 -0.899474 -0.304161
-0.0129583 -0.732288 0.680872
-0.0129581 -0.732288 0.680872
0.886861 0.352081 -0.299195
0.576069 0.511127 0.637882
-0.267496 0.91925 0.288835
0.0432955 0.760203 -0.648242
BONE = 28
BONE_NAME = BoneBackLeg_L02
PARENT_ID = 27
LOCALTM 
MAT -0.185912 0.0298096 -0.982114 0.0
MAT 0.636123 0.765443 -0.0971833 0.0
MAT 0.748856 -0.642813 -0.161268 0.0
MAT 0.239847 0.0 1.49012e-007 1.0
WORLDTM 
MAT -0.437957 -0.898966 0.00732556 0.0
MAT 0.816254 -0.401049 -0.4158 0.0
MAT 0.376728 -0.176123 0.909427 0.0
MAT 0.383282 0.328778 0.235135 1.0
VERTEX = 9
0.00500004 0.270692 -0.128022
0.00500004 0.270408 -0.118026
0.00500004 0.260412 -0.118309
0.00500004 0.260696 -0.128305
0.0 0.266066 -0.123651
0.0 0.266038 -0.122651
0.0 0.265038 -0.12268
0.0 0.265066 -0.123679
0.0 0.265552 -0.123165
INDEX = 14
4 5 7
6 7 5
1 2 5
6 5 2
0 1 4
5 4 1
7 6 3
2 3 6
4 7 0
3 0 7
8 1 0
8 2 1
8 3 2
8 0 3
FACE-NORMAL = 14
1.0 0.0 0.0
1.0 0.0 0.0
0.668965 0.0210721 -0.742995
0.668965 0.0210721 -0.742995
0.668965 -0.742995 -0.0210721
0.668965 -0.742995 -0.0210721
0.668965 0.742995 0.0210722
0.668965 0.742995 0.0210722
0.668965 -0.0210721 0.742995
0.668965 -0.0210722 0.742995
-0.707107 0.706823 0.0200462
-0.707107 -0.0200462 0.706823
-0.707107 -0.706823 -0.0200463
-0.707107 0.0200463 -0.706823
BONE = 29
BONE_NAME = HitTestTight
PARENT_ID = 1
LOCALTM 
MAT 1.0 0.0 0.0 0.0
MAT 0.0 0.998392 0.056677 0.0
MAT 0.0 -0.056677 0.998392 0.0
MAT -0.00303051 -0.22438 0.0466786 1.0
WORLDTM 
MAT 1.0 0.0 0.0 0.0
MAT 0.0 0.999598 0.0283497 0.0
MAT 0.0 -0.0283497 0.999598 0.0
MAT 0.0 0.265552 -0.123165 1.0
VERTEX = 9
-0.237385 0.671066 0.0161655
-0.237385 0.671349 0.0261615
-0.232385 0.662693 0.026407
-0.232385 0.662409 0.016411
-0.239465 0.664799 0.020845
-0.239465 0.664827 0.0218446
-0.238965 0.663962 0.0218692
-0.238965 0.663933 0.0208696
-0.239215 0.66438 0.0213571
INDEX = 14
4 5 7
6 7 5
1 2 5
6 5 2
0 1 4
5 4 1
7 6 3
2 3 6
4 7 0
3 0 7
8 1 0
8 2 1
8 3 2
8 0 3
FACE-NORMAL = 14
0.866025 0.499799 -0.014175
0.866025 0.499799 -0.014175
0.579341 0.313275 -0.752478
0.579341 0.313275 -0.752478
0.950987 -0.309105 0.00876668
0.950988 -0.309105 0.00876668
0.207694 0.977801 -0.0277319
0.207693 0.977801 -0.0277319
0.579341 0.35542 0.733513
0.579341 0.35542 0.733513
-0.965926 0.258715 -0.00733755
-0.612373 -0.333365 0.716846
-0.258819 -0.965538 0.0273841
-0.612373 -0.373458 -0.696799
BONE = 30
BONE_NAME = Ref_Weapon 01
PARENT_ID = 1
LOCALTM 
MAT 0.866025 0.5 0.0 0.0
MAT -0.5 0.866026 0.0 0.0
MAT 0.0 0.0 1.0 0.0
MAT -0.242246 0.170191 0.20245 1.0
WORLDTM 
MAT 0.866025 0.499799 -0.014175 0.0
MAT -0.5 0.865677 -0.0245519 0.0
MAT 0.0 0.0283501 0.999598 0.0
MAT -0.239215 0.66438 0.0213571 1.0
VERTEX = 9
0.232907 0.666068 0.0163072
0.232907 0.666351 0.0263032
0.227907 0.657695 0.0265487
0.227907 0.657411 0.0165528
0.226326 0.664799 0.020845
0.226326 0.664827 0.0218446
0.225826 0.663962 0.0218692
0.225826 0.663933 0.0208696
0.226076 0.66438 0.0213571
INDEX = 14
4 5 7
6 7 5
1 2 5
6 5 2
0 1 4
5 4 1
7 6 3
2 3 6
4 7 0
3 0 7
8 1 0
8 2 1
8 3 2
8 0 3
FACE-NORMAL = 14
0.866025 -0.499799 0.0141751
0.866025 -0.499799 0.0141751
0.57934 -0.35542 -0.733513
0.579341 -0.35542 -0.733513
0.207693 -0.977801 0.0277319
0.207693 -0.977801 0.0277319
0.950988 0.309105 -0.00876667
0.950988 0.309105 -0.00876668
0.579341 -0.313276 0.752478
0.57934 -0.313275 0.752478
-0.258819 0.965538 -0.0273841
-0.612372 0.373458 0.696799
-0.965926 -0.258715 0.00733755
-0.612372 0.333365 -0.716846
BONE = 31
BONE_NAME = Ref_Weapon 02
PARENT_ID = 1
LOCALTM 
MAT 0.866025 -0.5 0.0 0.0
MAT 0.5 0.866025 0.0 0.0
MAT 0.0 0.0 1.0 0.0
MAT 0.223046 0.170191 0.20245 1.0
WORLDTM 
MAT 0.866025 -0.499799 0.0141751 0.0
MAT 0.5 0.865677 -0.0245519 0.0
MAT 0.0 0.0283501 0.999598 0.0
MAT 0.226076 0.66438 0.0213571 1.0
VERTEX = 9
0.00739647 0.731625 0.0144479
0.00739647 0.731909 0.0244439
0.00739647 0.721913 0.0247274
0.00739647 0.721629 0.0147314
0.00239647 0.727255 0.0190737
0.00239647 0.727283 0.0200733
0.00239647 0.726284 0.0201017
0.00239647 0.726255 0.0191021
0.00239647 0.726769 0.0195877
INDEX = 14
4 5 7
6 7 5
1 2 5
6 5 2
0 1 4
5 4 1
7 6 3
2 3 6
4 7 0
3 0 7
8 1 0
8 2 1
8 3 2
8 0 3
FACE-NORMAL = 14
1.0 0.0 0.0
1.0 0.0 0.0
0.668965 -0.0210725 -0.742995
0.668965 -0.0210725 -0.742995
0.668965 -0.742995 0.0210725
0.668965 -0.742995 0.0210725
0.668965 0.742995 -0.0210725
0.668965 0.742995 -0.0210725
0.668965 0.0210725 0.742995
0.668965 0.0210725 0.742995
-0.707107 0.706823 -0.0200465
-0.707107 0.0200465 0.706823
-0.707107 -0.706823 0.0200465
-0.707107 -0.0200465 -0.706823
BONE = 32
BONE_NAME = Ref_Weapon 03
PARENT_ID = 1
LOCALTM 
MAT 1.0 0.0 0.0 0.0
MAT 0.0 1.0 0.0 0.0
MAT 0.0 0.0 1.0 0.0
MAT -0.000634086 0.232605 0.20245 1.0
WORLDTM 
MAT 1.0 0.0 0.0 0.0
MAT 0.0 0.999598 -0.0283501 0.0
MAT 0.0 0.0283501 0.999598 0.0
MAT 0.00239647 0.726769 0.0195877 1.0
VERTEX = 9
0.00500001 0.447016 -0.171639
0.00500001 0.4473 -0.161643
0.00500001 0.437304 -0.16136
0.00500001 0.43702 -0.171356
0.0 0.442646 -0.167014
0.0 0.442674 -0.166014
0.0 0.441675 -0.165986
0.0 0.441646 -0.166985
0.0 0.44216 -0.1665
INDEX = 14
4 5 7
6 7 5
1 2 5
6 5 2
0 1 4
5 4 1
7 6 3
2 3 6
4 7 0
3 0 7
8 1 0
8 2 1
8 3 2
8 0 3
FACE-NORMAL = 14
1.0 0.0 0.0
1.0 0.0 0.0
0.668965 -0.0210725 -0.742995
0.668965 -0.0210725 -0.742995
0.668965 -0.742995 0.0210725
0.668965 -0.742995 0.0210725
0.668965 0.742995 -0.0210725
0.668965 0.742995 -0.0210725
0.668965 0.0210725 0.742995
0.668965 0.0210725 0.742995
-0.707107 0.706823 -0.0200465
-0.707107 0.0200465 0.706823
-0.707107 -0.706823 0.0200465
-0.707107 -0.0200465 -0.706823
BONE = 33
BONE_NAME = Ref_Center
PARENT_ID = 1
LOCALTM 
MAT 1.0 0.0 0.0 0.0
MAT 0.0 1.0 0.0 0.0
MAT 0.0 0.0 1.0 0.0
MAT -0.00303055 -0.0466139 0.00836866 1.0
WORLDTM 
MAT 1.0 0.0 0.0 0.0
MAT 0.0 0.999598 -0.0283501 0.0
MAT 0.0 0.0283501 0.999598 0.0
MAT 0.0 0.44216 -0.1665 1.0
VERTEX = 9
0.005 0.472688 -0.0949258
0.005 0.476022 -0.0788013
0.005 0.466229 -0.0767768
0.005 0.462895 -0.0929013
0.0 0.469781 -0.0867588
0.0 0.470115 -0.0851463
0.0 0.469135 -0.0849439
0.0 0.468802 -0.0865563
0.0 0.469458 -0.0858513
INDEX = 14
4 5 7
6 7 5
1 2 5
6 5 2
0 1 4
5 4 1
7 6 3
2 3 6
4 7 0
3 0 7
8 1 0
8 2 1
8 3 2
8 0 3
FACE-NORMAL = 14
1.0 0.0 0.0
1.0 0.0 0.0
0.668965 -0.15048 -0.727902
0.668965 -0.15048 -0.727902
0.668965 -0.727902 0.15048
0.668965 -0.727902 0.15048
0.668965 0.727902 -0.15048
0.668965 0.727902 -0.15048
0.668965 0.15048 0.727902
0.668965 0.15048 0.727902
-0.707107 0.692464 -0.143154
-0.707107 0.143154 0.692464
-0.707107 -0.692464 0.143154
-0.707107 -0.143154 -0.692464
BONE = 34
BONE_NAME = Vol_Target
PARENT_ID = 1
LOCALTM 
MAT 1.0 0.0 0.0 0.0
MAT 0.0 0.984638 -0.174606 0.0
MAT 0.0 0.287496 1.62125 0.0
MAT -0.00303056 -0.021613 0.0897585 1.0
WORLDTM 
MAT 1.0 0.0 0.0 0.0
MAT 0.0 0.979292 -0.20245 0.0
MAT 0.0 0.333343 1.61245 0.0
MAT 0.0 0.469458 -0.0858513 1.0
VERTEX = 9
0.0154274 0.227124 -0.984255
0.0154274 0.217214 -0.982909
0.0154274 0.215869 -0.992819
0.0154274 0.225778 -0.994164
0.0104274 0.222059 -0.988108
0.0104274 0.221068 -0.987974
0.0104274 0.220934 -0.988965
0.0104274 0.221925 -0.989099
0.0104274 0.221496 -0.988537
INDEX = 14
4 5 7
6 7 5
1 2 5
6 5 2
0 1 4
5 4 1
7 6 3
2 3 6
4 7 0
3 0 7
8 1 0
8 2 1
8 3 2
8 0 3
FACE-NORMAL = 14
1.0 0.0 -4.76837e-007
1.0 0.0 -4.76837e-007
0.668965 0.736539 -0.0999844
0.668965 0.736539 -0.0999844
0.668964 -0.099984 -0.736539
0.668964 -0.099984 -0.736539
0.668965 0.099984 0.736538
0.668965 0.099984 0.736539
0.668965 -0.736539 0.0999837
0.668965 -0.736539 0.0999837
-0.707106 0.0951163 0.700681
-0.707107 -0.70068 0.0951166
-0.707107 -0.0951163 -0.70068
-0.707107 0.70068 -0.095116
BONE = 35
BONE_NAME = HitTestFuzzy
PARENT_ID = 0
LOCALTM 
MAT 1.0 0.0 -4.76837e-007 0.0
MAT 4.74482e-007 0.134515 0.990911 0.0
MAT 0.0 -0.990911 0.134515 0.0
MAT 0.0104274 0.221496 -0.988537 1.0
WORLDTM 
MAT 1.0 0.0 -4.76837e-007 0.0
MAT 4.74482e-007 0.134515 0.990911 0.0
MAT 0.0 -0.990911 0.134515 0.0
