EXPORTER_V17
ANIMATION_EXPORT
BONEOBJECT_COUNT = 44
VERTEX = 9
0.0042584 0.191118 -0.00425841
0.0042584 0.191118 0.00425839
0.0042584 0.182602 0.00425839
0.0042584 0.182602 -0.00425841
0.0 0.187286 -0.000425848
0.0 0.187286 0.000425832
0.0 0.186434 0.000425832
0.0 0.186434 -0.000425848
0.0 0.18686 0.0
INDEX = 14
4 5 7
6 7 5
1 2 5
6 5 2
0 1 4
5 4 1
7 6 3
2 3 6
4 7 0
3 0 7
8 1 0
8 2 1
8 3 2
8 0 3
FACE-NORMAL = 14
1.0 0.0 0.0
1.0 0.0 0.0
0.668965 0.0 -0.743294
0.668965 0.0 -0.743294
0.668965 -0.743294 0.0
0.668965 -0.743294 0.0
0.668965 0.743294 0.0
0.668965 0.743294 0.0
0.668965 0.0 0.743294
0.668965 0.0 0.743294
-0.707107 0.707107 0.0
-0.707107 0.0 0.707107
-0.707107 -0.707107 0.0
-0.707107 0.0 -0.707107
BONE = 0
BONE_NAME = Bone_Main
PARENT_ID = -1
LOCALTM 
MAT 0.85168 0.0 0.0 0.0
MAT 0.0 0.85168 0.0 0.0
MAT 0.0 0.0 0.85168 0.0
MAT 0.0 0.18686 0.0 1.0
WORLDTM 
MAT 0.85168 0.0 0.0 0.0
MAT 0.0 0.85168 0.0 0.0
MAT 0.0 0.0 0.85168 0.0
MAT 0.0 0.18686 0.0 1.0
VERTEX = 9
0.00425839 0.705457 -0.11854
0.00425839 0.705457 -0.110023
0.00425839 0.69694 -0.110023
0.00425839 0.69694 -0.11854
0.0 0.701624 -0.114708
0.0 0.701624 -0.113856
0.0 0.700773 -0.113856
0.0 0.700773 -0.114708
0.0 0.701199 -0.114282
INDEX = 14
4 5 7
6 7 5
1 2 5
6 5 2
0 1 4
5 4 1
7 6 3
2 3 6
4 7 0
3 0 7
8 1 0
8 2 1
8 3 2
8 0 3
FACE-NORMAL = 14
1.0 0.0 0.0
1.0 0.0 0.0
0.668965 0.0 -0.743294
0.668965 0.0 -0.743294
0.668965 -0.743294 0.0
0.668965 -0.743294 0.0
0.668965 0.743294 0.0
0.668965 0.743294 0.0
0.668965 0.0 0.743294
0.668965 0.0 0.743294
-0.707107 0.707107 0.0
-0.707107 0.0 0.707107
-0.707107 -0.707107 0.0
-0.707107 0.0 -0.707107
BONE = 1
BONE_NAME = Bone_Root
PARENT_ID = 0
LOCALTM 
MAT 1.0 0.0 0.0 0.0
MAT 0.0 1.0 0.0 0.0
MAT 0.0 0.0 1.0 0.0
MAT 0.0 0.603911 -0.134184 1.0
WORLDTM 
MAT 0.85168 0.0 0.0 0.0
MAT 0.0 0.85168 0.0 0.0
MAT 0.0 0.0 0.85168 0.0
MAT 0.0 0.701199 -0.114282 1.0
VERTEX = 9
-0.0857949 0.489559 -0.422869
-0.0857949 0.490887 -0.414456
-0.0857949 0.482474 -0.413129
-0.0857949 0.481147 -0.421541
-0.0900533 0.486371 -0.418486
-0.0900533 0.486504 -0.417644
-0.0900533 0.485662 -0.417512
-0.0900533 0.48553 -0.418353
-0.0900533 0.486017 -0.417999
INDEX = 14
4 5 7
6 7 5
1 2 5
6 5 2
0 1 4
5 4 1
7 6 3
2 3 6
4 7 0
3 0 7
8 1 0
8 2 1
8 3 2
8 0 3
FACE-NORMAL = 14
1.0 0.0 0.0
1.0 0.0 0.0
0.668965 -0.11584 -0.734212
0.668965 -0.11584 -0.734212
0.668965 -0.734212 0.11584
0.668965 -0.734212 0.11584
0.668965 0.734212 -0.11584
0.668965 0.734212 -0.11584
0.668965 0.11584 0.734212
0.668965 0.11584 0.734212
-0.707107 0.698467 -0.1102
-0.707107 0.1102 0.698467
-0.707107 -0.698467 0.1102
-0.707107 -0.1102 -0.698467
BONE = 2
BONE_NAME = Bone_Claw_R
PARENT_ID = 1
LOCALTM 
MAT 1.0 0.0 0.0 0.0
MAT 0.0 0.987781 -0.155846 0.0
MAT 0.0 0.155846 0.987781 0.0
MAT -0.105736 -0.252656 -0.356609 1.0
WORLDTM 
MAT 0.85168 0.0 0.0 0.0
MAT 0.0 0.841273 -0.132731 0.0
MAT 0.0 0.132731 0.841274 0.0
MAT -0.0900533 0.486017 -0.417999 1.0
VERTEX = 9
0.0917297 0.489533 -0.422888
0.0917297 0.490906 -0.414482
0.0917297 0.4825 -0.413109
0.0917297 0.481128 -0.421515
0.0874713 0.486368 -0.418487
0.0874713 0.486506 -0.417647
0.0874713 0.485665 -0.41751
0.0874713 0.485528 -0.41835
0.0874713 0.486017 -0.417999
INDEX = 14
4 5 7
6 7 5
1 2 5
6 5 2
0 1 4
5 4 1
7 6 3
2 3 6
4 7 0
3 0 7
8 1 0
8 2 1
8 3 2
8 0 3
FACE-NORMAL = 14
1.0 0.0 0.0
1.0 0.0 0.0
0.668965 -0.119814 -0.733574
0.668965 -0.119814 -0.733574
0.668965 -0.733574 0.119814
0.668965 -0.733574 0.119814
0.668965 0.733574 -0.119814
0.668965 0.733574 -0.119814
0.668965 0.119814 0.733574
0.668965 0.119814 0.733574
-0.707107 0.69786 -0.113981
-0.707107 0.113981 0.69786
-0.707107 -0.69786 0.113981
-0.707107 -0.113981 -0.69786
BONE = 3
BONE_NAME = Bone_Claw_L
PARENT_ID = 1
LOCALTM 
MAT 1.0 0.0 0.0 0.0
MAT 0.0 0.986923 -0.161194 0.0
MAT 0.0 0.161194 0.986923 0.0
MAT 0.102704 -0.252656 -0.356609 1.0
WORLDTM 
MAT 0.85168 0.0 0.0 0.0
MAT 0.0 0.840542 -0.137285 0.0
MAT 0.0 0.137285 0.840542 0.0
MAT 0.0874713 0.486017 -0.417999 1.0
VERTEX = 9
0.09471 0.675728 -0.231242
0.0947853 0.669204 -0.225768
0.0876543 0.666163 -0.229294
0.087579 0.672687 -0.234768
0.0892069 0.6737 -0.227621
0.0892145 0.673047 -0.227073
0.0885013 0.672743 -0.227426
0.0884938 0.673396 -0.227973
0.0888541 0.673221 -0.227523
INDEX = 14
4 5 7
6 7 5
1 2 5
6 5 2
0 1 4
5 4 1
7 6 3
2 3 6
4 7 0
3 0 7
8 1 0
8 2 1
8 3 2
8 0 3
FACE-NORMAL = 14
0.54669 -0.534514 -0.644535
0.54669 -0.534514 -0.644535
0.359148 0.211807 -0.908928
0.359148 0.211807 -0.908928
-0.256636 -0.622989 -0.738933
-0.256635 -0.622989 -0.738933
0.988068 -0.0921527 -0.123409
0.988068 -0.0921525 -0.123409
0.372284 -0.926949 0.046586
0.372284 -0.926949 0.0465861
0.205485 0.630455 0.748534
-0.380319 -0.163699 0.910253
-0.97862 0.125462 0.162976
-0.392816 0.919616 0.00125745
BONE = 4
BONE_NAME = Bone01
PARENT_ID = 1
LOCALTM 
MAT 0.54669 -0.534514 -0.644535 0.0
MAT 0.837288 0.357084 0.414052 0.0
MAT 0.00883675 -0.766019 0.642757 0.0
MAT 0.104328 -0.0328496 -0.132962 1.0
WORLDTM 
MAT 0.465604 -0.455235 -0.548937 0.0
MAT 0.713102 0.304121 0.352639 0.0
MAT 0.00752604 -0.652403 0.547423 0.0
MAT 0.0888541 0.673221 -0.227523 1.0
VERTEX = 9
0.331568 0.444077 -0.503855
0.33309 0.442282 -0.51204
0.32515 0.444629 -0.514032
0.323627 0.446425 -0.505847
0.327342 0.440332 -0.507807
0.327494 0.440152 -0.508626
0.3267 0.440387 -0.508825
0.326547 0.440567 -0.508007
0.327021 0.440359 -0.508316
INDEX = 14
4 5 7
6 7 5
1 2 5
6 5 2
0 1 4
5 4 1
7 6 3
2 3 6
4 7 0
3 0 7
8 1 0
8 2 1
8 3 2
8 0 3
FACE-NORMAL = 14
0.314222 0.937854 -0.147289
0.314222 0.937854 -0.147289
0.077314 0.7841 0.6158
0.0773141 0.7841 0.615799
-0.482817 0.832277 -0.272403
-0.482817 0.832277 -0.272403
0.903223 0.422506 0.0753404
0.903223 0.422506 0.0753405
0.343093 0.470683 -0.812862
0.343093 0.470682 -0.812863
0.437092 -0.858073 0.269556
-0.0957688 -0.812243 -0.575404
-0.881469 -0.468253 -0.0612576
-0.348608 -0.514084 0.783703
BONE = 5
BONE_NAME = Bone02
PARENT_ID = 4
LOCALTM 
MAT -0.234581 0.537002 -0.810309 0.0
MAT 0.506279 0.779084 0.369743 0.0
MAT 0.829851 -0.323508 -0.454631 0.0
MAT 0.511521 1.78814e-007 0.0 1.0
WORLDTM 
MAT 0.267616 0.798751 -0.125443 0.0
MAT 0.794075 -0.234761 0.199226 0.0
MAT 0.152267 -0.17956 -0.818494 0.0
MAT 0.327021 0.440359 -0.508316 1.0
VERTEX = 9
0.560448 1.12177 -0.621156
0.560953 1.11874 -0.61321
0.552524 1.11752 -0.61314
0.55202 1.12055 -0.621086
0.556325 1.12379 -0.616016
0.556376 1.12349 -0.615222
0.555533 1.12337 -0.615215
0.555483 1.12367 -0.616009
0.555929 1.12358 -0.615616
INDEX = 14
4 5 7
6 7 5
1 2 5
6 5 2
0 1 4
5 4 1
7 6 3
2 3 6
4 7 0
3 0 7
8 1 0
8 2 1
8 3 2
8 0 3
FACE-NORMAL = 14
0.130792 -0.923799 -0.359846
0.130792 -0.923799 -0.359846
0.0434513 -0.354096 -0.934199
0.0434514 -0.354096 -0.934199
-0.648097 -0.724539 -0.234552
-0.648097 -0.724539 -0.234552
0.823087 -0.511439 -0.246897
0.823087 -0.511439 -0.246897
0.131539 -0.881882 0.45275
0.131539 -0.881881 0.45275
0.607296 0.754587 0.248578
-0.0505843 0.402179 0.914163
-0.792263 0.551862 0.260322
-0.134383 0.904269 -0.405263
BONE = 6
BONE_NAME = Bone03
PARENT_ID = 5
LOCALTM 
MAT -0.772289 0.29241 0.563973 0.0
MAT 0.446628 0.881246 0.15469 0.0
MAT -0.451766 0.371352 -0.811175 0.0
MAT 0.855361 0.0 1.19209e-007 1.0
WORLDTM 
MAT 0.111393 -0.786781 -0.306474 0.0
MAT 0.842854 0.122086 -0.00707254 0.0
MAT 0.0504662 -0.302373 0.794596 0.0
MAT 0.555929 1.12358 -0.615616 1.0
VERTEX = 9
0.525777 1.02717 -0.611375
0.519043 1.02476 -0.604386
0.519675 1.01515 -0.607088
0.526409 1.01756 -0.614077
0.519349 1.02245 -0.612757
0.518675 1.02221 -0.612058
0.518738 1.02125 -0.612328
0.519412 1.02149 -0.613027
0.519044 1.02185 -0.612542
INDEX = 14
4 5 7
6 7 5
1 2 5
6 5 2
0 1 4
5 4 1
7 6 3
2 3 6
4 7 0
3 0 7
8 1 0
8 2 1
8 3 2
8 0 3
FACE-NORMAL = 14
0.73655 -0.137801 0.662197
0.73655 -0.137801 0.662197
0.993277 0.0868734 -0.0765072
0.993277 0.0868733 -0.076507
0.53971 -0.806281 0.242125
0.53971 -0.806281 0.242125
0.445741 0.621911 0.643848
0.445741 0.621912 0.643848
-0.00782462 -0.271241 0.96248
-0.00782477 -0.271241 0.96248
-0.565516 0.776771 -0.277161
-0.997001 -0.0728999 0.0259579
-0.476122 -0.58189 -0.659327
-0.0446381 0.26778 -0.962445
BONE = 7
BONE_NAME = Unit_Protoss_Stalker_Leg1_02
PARENT_ID = 6
LOCALTM 
MAT -0.0172063 0.826209 0.834095 0.0
MAT -1.16595 0.0856156 -0.108856 0.0
MAT -0.137419 -0.829866 0.819188 0.0
MAT 0.103385 -0.0600137 0.0432091 1.0
WORLDTM 
MAT 0.736551 -0.137801 0.662198 0.0
MAT -0.0632108 0.960717 0.270232 0.0
MAT -0.673422 -0.240897 0.698908 0.0
MAT 0.519044 1.02185 -0.612542 1.0
VERTEX = 9
0.768515 0.0896573 -1.07347
0.775595 0.0936185 -1.08196
0.777044 0.0826435 -1.08587
0.769964 0.0786823 -1.07738
0.77698 0.0858452 -1.0755
0.777688 0.0862413 -1.07635
0.777833 0.0851438 -1.07674
0.777125 0.0847477 -1.07589
0.777406 0.0854945 -1.07612
INDEX = 14
4 5 7
6 7 5
1 2 5
6 5 2
0 1 4
5 4 1
7 6 3
2 3 6
4 7 0
3 0 7
8 1 0
8 2 1
8 3 2
8 0 3
FACE-NORMAL = 14
-0.788126 0.111719 -0.605291
-0.788126 0.111719 -0.605291
-0.975441 -0.176029 0.132399
-0.975441 -0.176029 0.132399
-0.435471 -0.620036 -0.652625
-0.435471 -0.620036 -0.652625
-0.618986 0.769507 -0.157211
-0.618986 0.769507 -0.157211
-0.0790165 0.325501 -0.942234
-0.0790164 0.325501 -0.942234
0.469999 0.58195 0.663653
0.98368 0.159559 -0.0831524
0.644579 -0.739943 0.192358
0.130898 -0.317553 0.939162
BONE = 8
BONE_NAME = HitTestFuzzy02
PARENT_ID = 6
LOCALTM 
MAT 0.0158899 -1.04627 -0.897605 0.0
MAT -1.37802 0.0124832 -0.0389473 0.0
MAT 0.0376843 0.897658 -1.04566 0.0
MAT 1.35457 0.0871204 -0.0563118 1.0
WORLDTM 
MAT -0.925379 0.131175 -0.710703 0.0
MAT -0.144945 1.0975 0.391291 0.0
MAT 0.708022 0.396123 -0.848777 0.0
MAT 0.777406 0.0854945 -1.07612 1.0
VERTEX = 9
0.00425109 0.805516 0.168974
0.00425707 0.812511 0.173833
0.00426568 0.807653 0.180828
0.0042597 0.800658 0.17597
-7.38487e-007 0.806478 0.174314
-1.40533e-007 0.807177 0.174799
7.20354e-007 0.806692 0.175499
1.224e-007 0.805992 0.175013
0.0 0.806585 0.174906
INDEX = 14
4 5 7
6 7 5
1 2 5
6 5 2
0 1 4
5 4 1
7 6 3
2 3 6
4 7 0
3 0 7
8 1 0
8 2 1
8 3 2
8 0 3
FACE-NORMAL = 14
0.999999 0.0 -0.00123072
0.999999 0.0 -0.00123072
0.668442 -0.610502 -0.424821
0.668442 -0.610502 -0.42482
0.669716 -0.423998 0.609678
0.669716 -0.423998 0.609678
0.668213 0.423997 -0.611324
0.668213 0.423998 -0.611325
0.669486 0.610502 0.423174
0.669486 0.610502 0.423174
-0.707821 0.403355 -0.579909
-0.70661 0.580779 0.404225
-0.706392 -0.403355 0.581649
-0.707603 -0.580779 -0.402485
BONE = 9
BONE_NAME = Bone_Shell
PARENT_ID = 1
LOCALTM 
MAT 0.999999 0.0 -0.00123072 0.0
MAT -0.00101084 0.57043 -0.821345 0.0
MAT 0.000702038 0.821346 0.57043 0.0
MAT 0.0 0.123739 0.33955 1.0
WORLDTM 
MAT 0.851679 0.0 -0.00104818 0.0
MAT -0.000860887 0.485824 -0.699523 0.0
MAT 0.000597953 0.699524 0.485824 0.0
MAT 0.0 0.806585 0.174906 1.0
VERTEX = 9
-0.0941028 0.668492 -0.225466
-0.0940254 0.676156 -0.231889
-0.085646 0.672601 -0.23603
-0.0857234 0.664937 -0.229607
-0.0875687 0.673016 -0.226995
-0.087561 0.673782 -0.227637
-0.086723 0.673427 -0.228052
-0.0867307 0.67266 -0.227409
-0.0871459 0.673221 -0.227523
INDEX = 14
4 5 7
6 7 5
1 2 5
6 5 2
0 1 4
5 4 1
7 6 3
2 3 6
4 7 0
3 0 7
8 1 0
8 2 1
8 3 2
8 0 3
FACE-NORMAL = 14
-0.545707 -0.534992 -0.644971
-0.545707 -0.534992 -0.644971
-0.370815 -0.92757 0.0459459
-0.370815 -0.92757 0.0459458
0.257777 -0.622128 -0.739261
0.257777 -0.622128 -0.739261
-0.987895 -0.0936533 -0.123664
-0.987895 -0.0936532 -0.123664
-0.359303 0.211788 -0.908871
-0.359303 0.211788 -0.908871
-0.20664 0.62967 0.748877
0.391349 0.920241 0.00189728
0.978386 0.126923 0.16325
0.380398 -0.163648 0.910229
BONE = 10
BONE_NAME = Bone01(mirrored)
PARENT_ID = 1
LOCALTM 
MAT -0.640742 -0.628161 -0.757292 0.0
MAT -0.983867 0.417405 0.486216 0.0
MAT 0.00909221 0.899897 -0.754142 0.0
MAT -0.102322 -0.0328495 -0.132962 1.0
WORLDTM 
MAT -0.545707 -0.534992 -0.644971 0.0
MAT -0.83794 0.355495 0.4141 0.0
MAT 0.0077437 0.766424 -0.642288 0.0
MAT -0.0871459 0.673221 -0.227523 1.0
VERTEX = 9
-0.332014 0.442399 -0.512878
-0.330231 0.444505 -0.503266
-0.320911 0.447277 -0.505602
-0.322694 0.445172 -0.515214
-0.325439 0.439907 -0.50887
-0.325261 0.440118 -0.507909
-0.324329 0.440395 -0.508142
-0.324507 0.440184 -0.509103
-0.324884 0.440151 -0.508506
INDEX = 14
4 5 7
6 7 5
1 2 5
6 5 2
0 1 4
5 4 1
7 6 3
2 3 6
4 7 0
3 0 7
8 1 0
8 2 1
8 3 2
8 0 3
FACE-NORMAL = 14
-0.315702 0.937432 -0.146811
-0.315702 0.937432 -0.146811
-0.343722 0.470589 -0.812651
-0.343722 0.470589 -0.812651
0.481524 0.833202 -0.271862
0.481524 0.833202 -0.271862
-0.903911 0.421016 0.0754394
-0.903911 0.421016 0.0754394
-0.0786649 0.783629 0.616228
-0.0786649 0.783629 0.616228
-0.435757 -0.858924 0.269007
0.349311 -0.513965 0.783468
0.882227 -0.466805 -0.0613856
0.0971586 -0.811764 -0.575846
BONE = 11
BONE_NAME = Bone02(mirrored)
PARENT_ID = 10
LOCALTM 
MAT -0.234549 0.536998 0.810321 0.0
MAT 0.506232 0.779099 -0.369777 0.0
MAT -0.829889 0.32348 -0.454583 0.0
MAT 0.435652 0.0 0.0 1.0
WORLDTM 
MAT -0.315702 0.937432 -0.146811 0.0
MAT -0.931956 -0.27727 0.233623 0.0
MAT 0.178299 0.210576 0.96118 0.0
MAT -0.324884 0.440151 -0.508506 1.0
VERTEX = 9
-0.560764 1.11738 -0.612639
-0.560178 1.12094 -0.621963
-0.55028 1.11952 -0.621887
-0.550866 1.11595 -0.612562
-0.555395 1.12296 -0.614994
-0.555336 1.12331 -0.615927
-0.554347 1.12317 -0.615919
-0.554405 1.12282 -0.614987
-0.554871 1.12307 -0.615457
INDEX = 14
4 5 7
6 7 5
1 2 5
6 5 2
0 1 4
5 4 1
7 6 3
2 3 6
4 7 0
3 0 7
8 1 0
8 2 1
8 3 2
8 0 3
FACE-NORMAL = 14
-0.130215 -0.923343 -0.361223
-0.130215 -0.923343 -0.361223
-0.130648 -0.882686 0.451438
-0.130648 -0.882686 0.451438
0.648569 -0.723661 -0.235952
0.648569 -0.723661 -0.235952
-0.822788 -0.511707 -0.247339
-0.822788 -0.511707 -0.247339
-0.0435707 -0.352682 -0.934728
-0.0435707 -0.352682 -0.934728
-0.607786 0.75372 0.250007
0.133495 0.905003 -0.403918
0.791938 0.552084 0.26084
0.0506571 0.400802 0.914763
BONE = 12
BONE_NAME = Bone03(mirrored)
PARENT_ID = 11
LOCALTM 
MAT -0.77143 0.292981 -0.564852 0.0
MAT 0.447249 0.881086 -0.153812 0.0
MAT 0.452618 -0.371284 -0.810731 0.0
MAT 0.728494 -4.69387e-007 2.98023e-007 1.0
WORLDTM 
MAT -0.130215 -0.923343 -0.361223 0.0
MAT -0.989755 0.142578 -0.00766023 0.0
MAT 0.0585756 0.356524 -0.932449 0.0
MAT -0.554871 1.12307 -0.615457 1.0
VERTEX = 9
-0.64477 0.0936484 -1.11634
-0.638154 0.096479 -1.12562
-0.639591 0.0856581 -1.12994
-0.646206 0.0828275 -1.12066
-0.637642 0.0882669 -1.11959
-0.636981 0.08855 -1.12051
-0.637124 0.0874679 -1.12095
-0.637786 0.0871848 -1.12002
-0.637383 0.0878674 -1.12027
INDEX = 14
4 5 7
6 7 5
1 2 5
6 5 2
0 1 4
5 4 1
7 6 3
2 3 6
4 7 0
3 0 7
8 1 0
8 2 1
8 3 2
8 0 3
FACE-NORMAL = 14
-0.817081 0.304199 -0.489736
-0.817081 0.304199 -0.489736
-0.965367 0.024308 0.259759
-0.965367 0.0243081 0.259759
-0.637521 -0.481521 -0.601419
-0.637521 -0.481521 -0.601419
-0.455676 0.888517 -0.0538135
-0.455676 0.888518 -0.0538134
-0.12783 0.382688 -0.914991
-0.12783 0.382688 -0.914991
0.66426 0.436568 0.606768
0.976145 -0.0446347 -0.212483
0.491268 -0.86677 0.0858231
0.179383 -0.385567 0.905075
BONE = 13
BONE_NAME = HitTestFuzzy01
PARENT_ID = 12
LOCALTM 
MAT 0.0028418 1.00488 0.607325 0.0
MAT -1.17408 0.00881471 -0.00909099 0.0
MAT -0.0123385 -0.607268 1.00484 0.0
MAT 1.14894 -0.0620625 0.0968019 1.0
WORLDTM 
MAT -0.959376 0.357175 -0.575024 0.0
MAT 0.143627 1.0821 0.432515 0.0
MAT 0.661512 0.283059 -0.927853 0.0
MAT -0.637383 0.0878674 -1.12027 1.0
VERTEX = 9
0.112746 0.670077 -0.0723421
0.111008 0.677798 -0.0662304
0.103665 0.672647 -0.0618099
0.105403 0.664925 -0.0679216
0.105379 0.673093 -0.0708854
0.105205 0.673865 -0.0702742
0.10447 0.67335 -0.0698321
0.104644 0.672578 -0.0704433
0.104925 0.673221 -0.0703587
INDEX = 14
4 5 7
6 7 5
1 2 5
6 5 2
0 1 4
5 4 1
7 6 3
2 3 6
4 7 0
3 0 7
8 1 0
8 2 1
8 3 2
8 0 3
FACE-NORMAL = 14
0.656206 -0.371933 0.656551
0.656206 -0.371933 0.656551
0.568188 -0.822761 -0.0150718
0.568188 -0.822761 -0.0150717
-0.106812 -0.631745 0.767782
-0.106812 -0.631745 0.767782
0.984769 0.134125 0.110637
0.984769 0.134125 0.110637
0.309769 0.325141 0.893491
0.309769 0.325141 0.893491
0.0552109 0.627288 -0.776828
-0.586926 0.809004 -0.0320872
-0.983226 -0.101295 -0.151676
-0.341089 -0.283012 -0.896417
BONE = 14
BONE_NAME = Bone01(mirrored)~DUP~1
PARENT_ID = 1
LOCALTM 
MAT 0.770484 -0.436705 0.77089 0.0
MAT 0.862162 0.604906 -0.519032 0.0
MAT -0.204106 0.906645 0.717609 0.0
MAT 0.123197 -0.0328496 0.0515723 1.0
WORLDTM 
MAT 0.656206 -0.371933 0.656551 0.0
MAT 0.734286 0.515186 -0.442049 0.0
MAT -0.173833 0.772172 0.611173 0.0
MAT 0.104925 0.673221 -0.0703587 1.0
VERTEX = 9
0.406784 0.508542 0.228432
0.403741 0.51212 0.219603
0.394499 0.513257 0.223248
0.397541 0.509678 0.232077
0.400102 0.506029 0.224618
0.399797 0.506387 0.223736
0.398873 0.506501 0.2241
0.399177 0.506143 0.224983
0.399487 0.506265 0.224359
INDEX = 14
4 5 7
6 7 5
1 2 5
6 5 2
0 1 4
5 4 1
7 6 3
2 3 6
4 7 0
3 0 7
8 1 0
8 2 1
8 3 2
8 0 3
FACE-NORMAL = 14
0.230785 0.926843 0.296144
0.230785 0.926843 0.296144
0.380501 0.35405 0.854323
0.380501 0.35405 0.854323
-0.532587 0.704507 0.469064
-0.532586 0.704507 0.469064
0.84136 0.535543 -0.0728447
0.841361 0.535543 -0.0728448
-0.0717268 0.886 -0.458104
-0.0717268 0.886 -0.458104
0.490339 -0.735746 -0.467168
-0.378295 -0.402351 -0.833671
-0.816718 -0.575008 0.0483578
0.0519159 -0.908403 0.41486
BONE = 15
BONE_NAME = Bone02(mirrored)~DUP~2
PARENT_ID = 14
LOCALTM 
MAT 0.00115237 0.516048 0.856559 0.0
MAT 0.409424 0.781233 -0.471218 0.0
MAT -0.912344 0.351238 -0.210382 0.0
MAT 0.448888 0.0 0.0 1.0
WORLDTM 
MAT 0.230785 0.926843 0.296143 0.0
MAT 0.924229 -0.113659 -0.364532 0.0
MAT -0.304205 0.357833 -0.882845 0.0
MAT 0.399487 0.506265 0.224359 1.0
VERTEX = 9
0.575248 1.18247 0.43807
0.574628 1.18432 0.447879
0.564865 1.18216 0.447666
0.565485 1.18032 0.437857
0.569538 1.18713 0.441423
0.569476 1.18731 0.442404
0.5685 1.1871 0.442383
0.568562 1.18691 0.441402
0.569019 1.18711 0.441903
INDEX = 14
4 5 7
6 7 5
1 2 5
6 5 2
0 1 4
5 4 1
7 6 3
2 3 6
4 7 0
3 0 7
8 1 0
8 2 1
8 3 2
8 0 3
FACE-NORMAL = 14
0.207387 -0.959026 0.193025
0.207387 -0.959026 0.193025
0.184809 -0.778348 -0.600017
0.184809 -0.778348 -0.600017
-0.586939 -0.801663 0.11331
-0.586939 -0.801663 0.11331
0.864407 -0.481447 0.144945
0.864407 -0.481447 0.144945
0.0926606 -0.504762 0.858271
0.0926606 -0.504762 0.858271
0.543699 0.830448 -0.121442
-0.190476 0.808267 0.557156
-0.836988 0.525821 -0.151537
-0.102814 0.548001 -0.830135
BONE = 16
BONE_NAME = Bone03(mirrored)~DUP~3
PARENT_ID = 15
LOCALTM 
MAT -0.783841 0.230311 -0.57667 0.0
MAT 0.431261 0.870079 -0.238702 0.0
MAT 0.446773 -0.4358 -0.781328 0.0
MAT 0.734589 0.0 0.0 1.0
WORLDTM 
MAT 0.207387 -0.959026 0.193025 0.0
MAT 0.976295 0.215403 0.0212805 0.0
MAT -0.0619866 0.184036 0.980963 0.0
MAT 0.569019 1.18711 0.441903 1.0
VERTEX = 9
0.76662 0.0448033 0.725686
0.774143 0.0437748 0.71673
0.776166 0.0326002 0.719712
0.768644 0.0336287 0.728669
0.775309 0.0410392 0.726489
0.776061 0.0409363 0.725593
0.776263 0.0398188 0.725892
0.775511 0.0399217 0.726787
0.775786 0.040429 0.72619
INDEX = 14
4 5 7
6 7 5
1 2 5
6 5 2
0 1 4
5 4 1
7 6 3
2 3 6
4 7 0
3 0 7
8 1 0
8 2 1
8 3 2
8 0 3
FACE-NORMAL = 14
-0.748226 -0.294207 -0.594642
-0.748226 -0.294207 -0.594642
-0.976744 -0.131704 0.169192
-0.976744 -0.131704 0.169192
-0.372441 -0.904222 -0.208974
-0.372441 -0.904222 -0.208974
-0.628633 0.510591 -0.586615
-0.628633 0.510591 -0.586615
-0.02433 -0.261925 -0.964782
-0.0243298 -0.261925 -0.964782
0.407216 0.881004 0.240847
0.982098 0.146096 -0.118907
0.650935 -0.464929 0.600103
0.076053 0.269976 0.959859
BONE = 17
BONE_NAME = HitTestFuzzy03
PARENT_ID = 16
LOCALTM 
MAT 0.0143249 -0.946969 -0.694024 0.0
MAT -1.17121 0.0368062 -0.0743989 0.0
MAT 0.0817607 0.693196 -0.944152 0.0
MAT 1.19746 -0.0390861 0.0550275 1.0
WORLDTM 
MAT -0.87853 -0.345444 -0.698199 0.0
MAT -0.202349 1.11746 -0.298273 0.0
MAT 0.752245 -0.102852 -0.895644 0.0
MAT 0.775786 0.040429 0.72619 1.0
VERTEX = 9
-0.107602 0.677646 -0.0667766
-0.108601 0.669515 -0.0725105
-0.101199 0.665056 -0.0674769
-0.1002 0.673187 -0.0617429
-0.101396 0.673851 -0.0703237
-0.101495 0.673038 -0.0708971
-0.100755 0.672592 -0.0703938
-0.100655 0.673405 -0.0698204
-0.101075 0.673221 -0.0703587
INDEX = 14
4 5 7
6 7 5
1 2 5
6 5 2
0 1 4
5 4 1
7 6 3
2 3 6
4 7 0
3 0 7
8 1 0
8 2 1
8 3 2
8 0 3
FACE-NORMAL = 14
-0.664987 -0.374106 0.646403
-0.664987 -0.374106 0.646403
-0.370593 0.354156 0.858624
-0.370593 0.354155 0.858624
0.105291 -0.581685 0.806571
0.105291 -0.581685 0.806571
-0.994996 0.0811573 0.0582714
-0.994996 0.0811574 0.0582712
-0.519113 -0.854683 0.00621831
-0.519113 -0.854683 0.00621816
-0.0531432 0.579819 -0.81301
0.399572 -0.31046 -0.862529
0.993577 -0.0507529 -0.101142
0.540861 0.839526 -0.051623
BONE = 18
BONE_NAME = Bone01(mirrored)(mirrored)
PARENT_ID = 1
LOCALTM 
MAT -0.780794 -0.439257 0.758974 0.0
MAT -0.869039 0.523532 -0.591028 0.0
MAT -0.117305 -0.954775 -0.673254 0.0
MAT -0.118678 -0.0328494 0.0515723 1.0
WORLDTM 
MAT -0.664987 -0.374106 0.646403 0.0
MAT -0.740143 0.445882 -0.503367 0.0
MAT -0.0999067 -0.813163 -0.573397 0.0
MAT -0.101075 0.673221 -0.0703587 1.0
VERTEX = 9
-0.403925 0.510615 0.214534
-0.407182 0.507346 0.223406
-0.398206 0.509227 0.227394
-0.394949 0.512495 0.218522
-0.399866 0.505359 0.219161
-0.400191 0.505032 0.220048
-0.399294 0.50522 0.220447
-0.398968 0.505547 0.219559
-0.39958 0.50529 0.219804
INDEX = 14
4 5 7
6 7 5
1 2 5
6 5 2
0 1 4
5 4 1
7 6 3
2 3 6
4 7 0
3 0 7
8 1 0
8 2 1
8 3 2
8 0 3
FACE-NORMAL = 14
-0.29714 0.926187 0.232131
-0.29714 0.926187 0.232131
0.0433228 0.862532 -0.504145
0.0433227 0.862532 -0.504145
0.468378 0.759332 0.451706
0.468377 0.759332 0.451706
-0.86593 0.479842 -0.14113
-0.86593 0.479842 -0.14113
-0.440875 0.376642 0.814721
-0.440875 0.376642 0.814721
-0.424564 -0.787855 -0.446128
-0.0202027 -0.88603 0.463187
0.844783 -0.521972 0.117845
0.440422 -0.423796 -0.79147
BONE = 19
BONE_NAME = Bone02(mirrored)(mirrored)
PARENT_ID = 18
LOCALTM 
MAT 0.00115237 0.516048 -0.856559 0.0
MAT 0.409424 0.781233 0.471218 0.0
MAT 0.912343 -0.351239 -0.210382 0.0
MAT 0.448888 0.0 0.0 1.0
WORLDTM 
MAT -0.29714 0.926187 0.232131 0.0
MAT -0.897564 -0.188008 -0.398789 0.0
MAT -0.325711 -0.326849 0.887176 0.0
MAT -0.39958 0.50529 0.219804 1.0
VERTEX = 9
-0.623578 1.18286 0.396192
-0.623617 1.18046 0.386485
-0.613749 1.17888 0.386836
-0.61371 1.18128 0.396543
-0.618347 1.18586 0.390793
-0.618351 1.18562 0.389822
-0.617364 1.18546 0.389857
-0.61736 1.1857 0.390828
-0.617855 1.18566 0.390325
INDEX = 14
4 5 7
6 7 5
1 2 5
6 5 2
0 1 4
5 4 1
7 6 3
2 3 6
4 7 0
3 0 7
8 1 0
8 2 1
8 3 2
8 0 3
FACE-NORMAL = 14
-0.161636 -0.957768 0.23781
-0.161636 -0.957768 0.23781
-0.105217 -0.46206 0.880585
-0.105217 -0.46206 0.880585
0.625386 -0.758026 0.185174
0.625386 -0.758026 0.185175
-0.841643 -0.523401 0.132999
-0.841643 -0.523401 0.132999
-0.111041 -0.819367 -0.562413
-0.111041 -0.819367 -0.562413
-0.583509 0.788846 -0.192975
0.111524 0.507289 -0.854529
0.812097 0.565643 -0.143339
0.117064 0.8472 0.518216
BONE = 20
BONE_NAME = Bone03(mirrored)(mirrored)
PARENT_ID = 19
LOCALTM 
MAT -0.783841 0.23031 0.576672 0.0
MAT 0.431261 0.870078 0.238702 0.0
MAT -0.446773 0.4358 -0.781327 0.0
MAT 0.734589 -1.3411e-007 0.0 1.0
WORLDTM 
MAT -0.161636 -0.957768 0.23781 0.0
MAT -0.986843 0.157828 -0.0350977 0.0
MAT -0.00391775 -0.240353 -0.970678 0.0
MAT -0.617855 1.18566 0.390325 1.0
VERTEX = 9
-0.812224 0.0486849 0.707232
-0.804988 0.045602 0.698514
-0.806786 0.0342745 0.701027
-0.814022 0.0373573 0.709745
-0.805242 0.042307 0.708166
-0.804518 0.0419988 0.707295
-0.804698 0.040866 0.707546
-0.805422 0.0411743 0.708418
-0.80497 0.0415865 0.707856
INDEX = 14
4 5 7
6 7 5
1 2 5
6 5 2
0 1 4
5 4 1
7 6 3
2 3 6
4 7 0
3 0 7
8 1 0
8 2 1
8 3 2
8 0 3
FACE-NORMAL = 14
-0.772511 -0.0181997 -0.63474
-0.772511 -0.0181997 -0.63474
-0.974843 0.182985 0.127267
-0.974843 0.182985 0.127267
-0.630616 -0.729263 -0.265517
-0.630616 -0.729263 -0.265517
-0.40295 0.704912 -0.583721
-0.402949 0.704913 -0.583721
-0.0587213 -0.207336 -0.976506
-0.0587211 -0.207336 -0.976506
0.654539 0.695045 0.297473
0.982008 -0.17279 -0.076188
0.437957 -0.669307 0.600185
0.110487 0.198528 0.973848
BONE = 21
BONE_NAME = HitTestFuzzy04
PARENT_ID = 20
LOCALTM 
MAT -0.0101569 0.917895 0.732117 0.0
MAT -1.17375 0.0101497 -0.0290092 0.0
MAT -0.0290084 -0.732118 0.917491 0.0
MAT 1.20151 -0.00705802 -0.0325053 1.0
WORLDTM 
MAT -0.907045 -0.0213692 -0.745281 0.0
MAT 0.179817 1.13275 -0.251327 0.0
MAT 0.72358 -0.308287 -0.871791 0.0
MAT -0.80497 0.0415865 0.707856 1.0
VERTEX = 9
-0.0073482 0.85363 -0.111657
-0.00734821 0.868327 -0.111663
0.00734859 0.868327 -0.111663
0.0073486 0.85363 -0.111658
-0.000734642 0.860246 -0.104312
-0.000734642 0.861716 -0.104312
0.000735038 0.861716 -0.104312
0.000735039 0.860246 -0.104312
1.98358e-007 0.860981 -0.104312
INDEX = 14
4 5 7
6 7 5
1 2 5
6 5 2
0 1 4
5 4 1
7 6 3
2 3 6
4 7 0
3 0 7
8 1 0
8 2 1
8 3 2
8 0 3
FACE-NORMAL = 14
-1.62942e-007 -0.00036633 -1.0
-1.62942e-007 -0.00036633 -1.0
2.33658e-007 -0.743539 -0.668692
2.33658e-007 -0.743539 -0.668693
0.743294 -0.000244719 -0.668965
0.743294 -0.000244719 -0.668965
-0.743294 -0.000245405 -0.668965
-0.743294 -0.000245405 -0.668965
-4.51664e-007 0.743049 -0.669237
-4.51664e-007 0.743049 -0.669237
-0.707107 0.000258709 0.707107
-2.10761e-007 0.707366 0.706848
0.707107 0.00025936 0.707107
4.41196e-007 -0.706848 0.707366
BONE = 22
BONE_NAME = Bone_Spine_A02
PARENT_ID = 1
LOCALTM 
MAT -2.8114e-007 -0.000632149 -1.72563 0.0
MAT -1.72563 -8.98271e-007 2.81469e-007 0.0
MAT -8.98375e-007 1.72563 -0.000632149 0.0
MAT 2.32365e-007 0.187608 0.0117063 1.0
WORLDTM 
MAT -2.39473e-007 -0.000538388 -1.46968 0.0
MAT -1.46968 -6.7744e-007 2.39722e-007 0.0
MAT -6.77528e-007 1.46968 -0.000538388 0.0
MAT 1.98358e-007 0.860981 -0.104312 1.0
VERTEX = 9
0.0011692 1.22179 0.00720411
0.00116921 1.22179 0.0172041
0.00116922 1.21179 0.0172041
0.00116921 1.21179 0.00720411
-0.00383079 1.21729 0.0117041
-0.00383079 1.21729 0.0127041
-0.00383079 1.21629 0.0127041
-0.00383079 1.21629 0.0117041
-0.00383079 1.21679 0.0122041
INDEX = 14
4 5 7
6 7 5
1 2 5
6 5 2
0 1 4
5 4 1
7 6 3
2 3 6
4 7 0
3 0 7
8 1 0
8 2 1
8 3 2
8 0 3
FACE-NORMAL = 14
1.0 9.35711e-007 -6.38067e-007
1.0 9.35711e-007 -6.38067e-007
0.668964 2.71565e-007 -0.743295
0.668964 2.71565e-007 -0.743294
0.668965 -0.743294 0.0
0.668966 -0.743293 0.0
0.668964 0.743295 -7.8127e-007
0.668964 0.743295 -7.8127e-007
0.668965 9.8035e-007 0.743294
0.668965 9.8035e-007 0.743294
-0.707107 0.707106 0.0
-0.707106 -3.24509e-007 0.707107
-0.707106 -0.707107 7.88352e-007
-0.707107 -9.98786e-007 -0.707106
BONE = 23
BONE_NAME = Bone_Spine_A03
PARENT_ID = 22
LOCALTM 
MAT 3.23051e-007 -0.68042 3.23159e-007 0.0
MAT -0.000248934 3.23041e-007 0.68042 0.0
MAT -0.68042 -3.23151e-007 -0.000248934 0.0
MAT -0.0793684 0.00260658 0.242071 1.0
WORLDTM 
MAT 1.0 9.35711e-007 -6.38068e-007 0.0
MAT -9.3571e-007 1.0 -4.7683e-007 0.0
MAT 6.38039e-007 4.76786e-007 1.0 0.0
MAT -0.00383079 1.21679 0.0122041 1.0
VERTEX = 9
0.0214906 1.33303 -0.346072
0.0214906 1.33347 -0.337567
0.0214906 1.32497 -0.337126
0.0214906 1.32453 -0.345632
0.0172322 1.3294 -0.342047
0.0172322 1.32945 -0.341196
0.0172322 1.3286 -0.341152
0.0172322 1.32855 -0.342003
0.0172322 1.329 -0.341599
INDEX = 14
4 5 7
6 7 5
1 2 5
6 5 2
0 1 4
5 4 1
7 6 3
2 3 6
4 7 0
3 0 7
8 1 0
8 2 1
8 3 2
8 0 3
FACE-NORMAL = 14
1.0 1.41255e-006 -6.01135e-007
1.0 1.41255e-006 -6.01135e-007
0.668964 -0.0384316 -0.7423
0.668964 -0.0384316 -0.7423
0.668966 -0.742299 0.0384322
0.668966 -0.742299 0.0384322
0.668964 0.742301 -0.038433
0.668964 0.742301 -0.038433
0.668965 0.0384335 0.742299
0.668965 0.0384335 0.742299
-0.707108 0.70616 -0.036561
-0.707106 0.0365605 0.706161
-0.707106 -0.706162 0.0365619
-0.707107 -0.0365625 -0.70616
BONE = 24
BONE_NAME = Bone_Head
PARENT_ID = 23
LOCALTM 
MAT 0.85168 4.06113e-007 0.0 0.0
MAT -4.03943e-007 0.85054 -0.0440363 0.0
MAT 0.0 0.0440363 0.85054 0.0
MAT 0.0210633 0.11221 -0.353803 1.0
WORLDTM 
MAT 0.85168 1.20304e-006 -5.11975e-007 0.0
MAT -1.2279e-006 0.85054 -0.0440367 0.0
MAT 4.49062e-007 0.0440367 0.85054 0.0
MAT 0.0172322 1.329 -0.341599 1.0
VERTEX = 9
0.00416003 1.34624 -0.45429
0.00416003 1.34575 -0.445788
0.00416004 1.33724 -0.446277
0.00416004 1.33773 -0.45478
-9.83632e-005 1.34219 -0.450684
-9.83632e-005 1.34214 -0.449834
-9.83619e-005 1.34129 -0.449883
-9.8362e-005 1.34134 -0.450733
-9.83626e-005 1.34174 -0.450284
INDEX = 14
4 5 7
6 7 5
1 2 5
6 5 2
0 1 4
5 4 1
7 6 3
2 3 6
4 7 0
3 0 7
8 1 0
8 2 1
8 3 2
8 0 3
FACE-NORMAL = 14
1.0 1.44552e-006 0.0
1.0 1.44552e-006 0.0
0.668965 0.0427166 -0.742066
0.668965 0.0427165 -0.742066
0.668966 -0.742065 -0.0427152
0.668966 -0.742065 -0.0427152
0.668964 0.742067 0.0427153
0.668964 0.742067 0.0427153
0.668965 -0.0427146 0.742066
0.668965 -0.0427146 0.742066
-0.707108 0.705937 0.0406356
-0.707107 -0.040637 0.705938
-0.707106 -0.705939 -0.0406357
-0.707107 0.040635 -0.705938
BONE = 25
BONE_NAME = Bone_face
PARENT_ID = 24
LOCALTM 
MAT 1.0 0.0 6.43587e-007 0.0
MAT 0.0 0.99404 0.109011 0.0
MAT -6.39771e-007 -0.109011 0.994041 0.0
MAT -0.0203486 0.0215355 -0.126668 1.0
WORLDTM 
MAT 0.85168 1.23112e-006 0.0 0.0
MAT -1.23113e-006 0.850272 0.0489438 0.0
MAT 0.0 -0.0489443 0.850272 0.0
MAT -9.83626e-005 1.34174 -0.450284 1.0
VERTEX = 9
-0.00481507 1.152 -0.542439
-0.00385684 1.16046 -0.542507
0.00460586 1.1595 -0.542513
0.00364763 1.15104 -0.542445
-0.000569086 1.15541 -0.538214
-0.000473263 1.15625 -0.538221
0.000373008 1.15616 -0.538221
0.000277185 1.15531 -0.538214
-9.80389e-005 1.15578 -0.538218
INDEX = 14
4 5 7
6 7 5
1 2 5
6 5 2
0 1 4
5 4 1
7 6 3
2 3 6
4 7 0
3 0 7
8 1 0
8 2 1
8 3 2
8 0 3
FACE-NORMAL = 14
-0.00154224 -0.0078855 -0.999968
-0.00154224 -0.0078855 -0.999968
-0.0846604 -0.743826 -0.66299
-0.0846604 -0.743826 -0.66299
0.737542 -0.0889111 -0.669423
0.737542 -0.0889111 -0.669423
-0.739605 0.0783609 -0.668464
-0.739605 0.0783609 -0.668464
0.082597 0.733275 -0.674896
0.082597 0.733275 -0.674896
-0.701526 0.08514 0.70754
0.0806478 0.70817 0.701421
0.703707 -0.0739883 0.706628
-0.0784667 -0.697018 0.712747
BONE = 26
BONE_NAME = Bone_mask
PARENT_ID = 25
LOCALTM 
MAT -0.00154229 -0.0653387 -0.997864 0.0
MAT -0.993648 0.112373 -0.00582227 0.0
MAT 0.112512 0.991515 -0.0650969 0.0
MAT 0.0 -0.223913 -0.0905296 1.0
WORLDTM 
MAT -0.00131349 -0.00671593 -0.851654 0.0
MAT -0.84627 0.0958315 0.000549429 0.0
MAT 0.0958231 0.846243 -0.00682156 0.0
MAT -9.80389e-005 1.15578 -0.538218 1.0
VERTEX = 9
-0.0199402 1.01301 -0.543796
-0.0201111 1.02152 -0.543864
-0.0115961 1.02169 -0.54386
-0.0114251 1.01318 -0.543792
-0.0161882 1.01695 -0.539567
-0.0162053 1.0178 -0.539573
-0.0153538 1.01782 -0.539573
-0.0153367 1.01697 -0.539566
-0.015771 1.01739 -0.53957
INDEX = 14
4 5 7
6 7 5
1 2 5
6 5 2
0 1 4
5 4 1
7 6 3
2 3 6
4 7 0
3 0 7
8 1 0
8 2 1
8 3 2
8 0 3
FACE-NORMAL = 14
0.000670679 -0.007942 -0.999968
0.000670679 -0.007942 -0.999968
0.0153684 -0.748434 -0.663031
0.0153684 -0.748434 -0.663031
0.743594 0.00960828 -0.668563
0.743593 0.00960828 -0.668563
-0.742695 -0.0202341 -0.669324
-0.742695 -0.0202341 -0.669324
-0.0144711 0.737807 -0.674856
-0.0144711 0.737808 -0.674856
-0.707439 -0.00857892 0.706722
-0.0146676 0.712558 0.70146
0.706489 0.0198106 0.707446
0.0137191 -0.701326 0.712709
BONE = 27
BONE_NAME = Bone_mask01
PARENT_ID = 26
LOCALTM 
MAT 1.0 -0.00220523 0.00019284 0.0
MAT 0.0022129 0.99119 -0.132432 0.0
MAT 0.000101361 0.132433 0.991188 0.0
MAT 0.00289732 0.0 -0.163521 1.0
WORLDTM 
MAT 0.000571206 -0.00676408 -0.851657 0.0
MAT -0.851507 -0.017097 -0.000436649 0.0
MAT -0.0170952 0.851477 -0.00677501 0.0
MAT -0.015771 1.01739 -0.53957 1.0
VERTEX = 9
-0.0173139 0.869901 -0.544084
-0.0168785 0.878307 -0.542787
-0.00837309 0.877866 -0.542788
-0.00880842 0.86946 -0.544085
-0.0133235 0.872837 -0.539292
-0.01328 0.873678 -0.539163
-0.0124295 0.873634 -0.539163
-0.012473 0.872793 -0.539292
-0.0128765 0.873236 -0.539227
INDEX = 14
4 5 7
6 7 5
1 2 5
6 5 2
0 1 4
5 4 1
7 6 3
2 3 6
4 7 0
3 0 7
8 1 0
8 2 1
8 3 2
8 0 3
FACE-NORMAL = 14
0.0077563 0.15211 -0.988333
0.0077563 0.15211 -0.988333
-0.032805 -0.631882 -0.77437
-0.032805 -0.631882 -0.77437
0.747491 0.0633226 -0.661247
0.747491 0.0633226 -0.661247
-0.737109 0.140189 -0.661073
-0.737109 0.140189 -0.661073
0.0431825 0.835396 -0.54795
0.0431825 0.835396 -0.54795
-0.711648 -0.0709955 0.69894
0.0306595 0.590363 0.806555
0.700674 -0.14412 0.698774
-0.0416286 -0.80548 0.591159
BONE = 28
BONE_NAME = Bone_mask02
PARENT_ID = 27
LOCALTM 
MAT 0.987104 -0.0103036 0.159782 0.0
MAT -0.00119558 0.997428 0.0717377 0.0
MAT -0.160107 -0.0709982 0.984532 0.0
MAT 0.000944912 0.0 -0.169287 1.0
WORLDTM 
MAT 0.00660595 0.12955 -0.841752 0.0
MAT -0.850544 0.044038 9.66787e-005 0.0
MAT 0.0435333 0.840603 0.129717 0.0
MAT -0.0128765 0.873236 -0.539227 1.0
VERTEX = 9
0.00852464 1.49309 -0.394657
0.00918533 1.49363 -0.384694
0.00906039 1.48365 -0.384141
0.00839971 1.48311 -0.394104
0.00377704 1.48892 -0.389598
0.00384311 1.48898 -0.388602
0.00383062 1.48798 -0.388547
0.00376455 1.48792 -0.389543
0.00380383 1.48845 -0.389073
INDEX = 14
4 5 7
6 7 5
1 2 5
6 5 2
0 1 4
5 4 1
7 6 3
2 3 6
4 7 0
3 0 7
8 1 0
8 2 1
8 3 2
8 0 3
FACE-NORMAL = 14
0.997737 -0.0161002 -0.065283
0.997737 -0.0161002 -0.065283
0.618343 -0.0511673 -0.784241
0.618343 -0.0511673 -0.784241
0.658165 -0.75287 -0.00257567
0.658165 -0.752869 -0.00257568
0.676737 0.731328 -0.0847684
0.676737 0.731329 -0.0847684
0.716559 0.0296263 0.696897
0.716559 0.0296263 0.696897
-0.696672 0.717354 0.00706647
-0.658789 0.0498146 0.750677
-0.714341 -0.694585 0.0852576
-0.752224 -0.0270455 -0.658352
BONE = 29
BONE_NAME = Ref_Head
PARENT_ID = 24
LOCALTM 
MAT 1.17149 -0.0149171 -0.0775264 0.0
MAT 0.0146705 1.17405 -0.00421865 0.0
MAT 0.0775734 0.00323994 1.17158 0.0
MAT -0.0157667 0.18985 -0.0459859 1.0
WORLDTM 
MAT 0.997737 -0.0161002 -0.065283 0.0
MAT 0.0124931 0.998392 -0.0552895 0.0
MAT 0.0660682 0.0543483 0.996334 0.0
MAT 0.00380383 1.48845 -0.389073 1.0
VERTEX = 9
0.00209866 1.60535 0.279855
0.00209865 1.61535 0.279855
0.00209866 1.61535 0.289855
0.00209866 1.60535 0.289855
-0.00290134 1.60985 0.284355
-0.00290134 1.61085 0.284355
-0.00290134 1.61085 0.285355
-0.00290134 1.60985 0.285355
-0.00290134 1.61035 0.284855
INDEX = 14
4 5 7
6 7 5
1 2 5
6 5 2
0 1 4
5 4 1
7 6 3
2 3 6
4 7 0
3 0 7
8 1 0
8 2 1
8 3 2
8 0 3
FACE-NORMAL = 14
1.0 2.87764e-007 -1.68678e-007
1.0 2.87764e-007 -1.68678e-007
0.668965 -0.743294 0.0
0.668965 -0.743294 0.0
0.668965 3.13566e-007 0.743294
0.668965 3.13566e-007 0.743294
0.668965 0.0 -0.743294
0.668965 0.0 -0.743294
0.668965 0.743294 -2.33926e-007
0.668965 0.743294 -2.33926e-007
-0.707107 -3.18648e-007 -0.707107
-0.707107 0.707107 0.0
-0.707107 0.0 0.707107
-0.707107 -0.707107 2.34464e-007
BONE = 30
BONE_NAME = Bone_BackTorso
PARENT_ID = 23
LOCALTM 
MAT 1.0 -6.47947e-007 4.6939e-007 0.0
MAT 4.6939e-007 3.13914e-007 -1.0 0.0
MAT 6.47934e-007 1.0 3.13925e-007 0.0
MAT 0.000929639 0.393558 0.272651 1.0
WORLDTM 
MAT 1.0 2.87764e-007 -1.68678e-007 0.0
MAT -1.6865e-007 -1.62872e-007 -1.0 0.0
MAT -2.87776e-007 1.0 -1.62905e-007 0.0
MAT -0.00290134 1.61035 0.284855 1.0
VERTEX = 9
-0.232082 1.94213 0.231895
-0.232082 1.95213 0.231895
-0.232082 1.95213 0.241895
-0.232082 1.94213 0.241895
-0.237082 1.94663 0.236395
-0.237082 1.94763 0.236395
-0.237082 1.94763 0.237395
-0.237082 1.94663 0.237395
-0.237082 1.94713 0.236895
INDEX = 14
4 5 7
6 7 5
1 2 5
6 5 2
0 1 4
5 4 1
7 6 3
2 3 6
4 7 0
3 0 7
8 1 0
8 2 1
8 3 2
8 0 3
FACE-NORMAL = 14
1.0 2.87763e-007 -1.68686e-007
1.0 2.87763e-007 -1.68686e-007
0.668965 -0.743294 0.0
0.668965 -0.743294 0.0
0.668965 3.13541e-007 0.743294
0.668965 3.13541e-007 0.743294
0.668965 0.0 -0.743294
0.668965 0.0 -0.743294
0.668965 0.743294 -2.33953e-007
0.668965 0.743294 -2.33953e-007
-0.707107 -3.18624e-007 -0.707107
-0.707107 0.707107 0.0
-0.707107 0.0 0.707107
-0.707107 -0.707107 2.34491e-007
BONE = 31
BONE_NAME = Bone_Shell~DUP~0
PARENT_ID = 30
LOCALTM 
MAT 1.0 0.0 0.0 0.0
MAT 0.0 1.0 0.0 0.0
MAT 0.0 0.0 1.0 0.0
MAT -0.23418 0.0479605 0.336786 1.0
WORLDTM 
MAT 1.0 2.87763e-007 -1.68686e-007 0.0
MAT -1.68591e-007 -1.6284e-007 -1.0 0.0
MAT -2.87777e-007 0.999999 -1.62934e-007 0.0
MAT -0.237082 1.94713 0.236895 1.0
VERTEX = 9
-0.57426 1.74362 0.151517
-0.57426 1.74027 0.158534
-0.585984 1.72117 0.149423
-0.585984 1.72452 0.142405
-0.583022 1.73526 0.151406
-0.583022 1.73492 0.152108
-0.584195 1.73301 0.151197
-0.584195 1.73335 0.150495
-0.583608 1.73414 0.151302
INDEX = 14
4 5 7
6 7 5
1 2 5
6 5 2
0 1 4
5 4 1
7 6 3
2 3 6
4 7 0
3 0 7
8 1 0
8 2 1
8 3 2
8 0 3
FACE-NORMAL = 14
0.874713 -0.43741 -0.208686
0.874713 -0.43741 -0.208686
0.585152 0.0274491 -0.810459
0.585152 0.027449 -0.810459
0.224921 -0.879418 -0.419565
0.224921 -0.879418 -0.419565
0.945383 0.294194 0.140358
0.945383 0.294194 0.140358
0.585152 -0.612673 0.531252
0.585152 -0.612673 0.531252
-0.275822 0.867533 0.413895
-0.618515 0.00481683 0.785758
-0.961209 -0.248941 -0.118769
-0.618516 0.613774 -0.490632
BONE = 32
BONE_NAME = Vol_Target 02
PARENT_ID = 31
LOCALTM 
MAT 0.697303 0.16636 -0.348695 0.0
MAT 1.17238 -0.911139 1.90977 0.0
MAT -2.66481e-007 -0.701757 -0.334804 0.0
MAT -0.346527 0.0855931 -0.212998 1.0
WORLDTM 
MAT 0.697303 -0.348694 -0.16636 0.0
MAT 1.17238 1.90977 0.911139 0.0
MAT 0.0 -0.334804 0.701758 0.0
MAT -0.583608 1.73414 0.151302 1.0
VERTEX = 9
0.00349622 2.08469 -0.356178
0.00349622 2.08469 -0.346178
0.00349623 2.07469 -0.346178
0.00349622 2.07469 -0.356178
-0.00150378 2.08019 -0.351678
-0.00150378 2.08019 -0.350678
-0.00150378 2.07919 -0.350678
-0.00150378 2.07919 -0.351678
-0.00150378 2.07969 -0.351178
INDEX = 14
4 5 7
6 7 5
1 2 5
6 5 2
0 1 4
5 4 1
7 6 3
2 3 6
4 7 0
3 0 7
8 1 0
8 2 1
8 3 2
8 0 3
FACE-NORMAL = 14
1.0 2.87762e-007 -1.68677e-007
1.0 2.87762e-007 -1.68677e-007
0.668965 1.92546e-007 -0.743294
0.668965 1.92546e-007 -0.743294
0.668965 -0.743294 0.0
0.668965 -0.743294 0.0
0.668965 0.743294 0.0
0.668965 0.743294 0.0
0.668965 1.9246e-007 0.743294
0.668965 1.9246e-007 0.743294
-0.707107 0.707107 1.19273e-007
-0.707107 -2.0352e-007 0.707107
-0.707107 -0.707107 1.19273e-007
-0.707107 -2.03437e-007 -0.707107
BONE = 33
BONE_NAME = Ref_Weapon
PARENT_ID = 23
LOCALTM 
MAT 1.0 -6.47949e-007 4.6939e-007 0.0
MAT 6.47938e-007 1.0 4.7683e-007 0.0
MAT -4.6939e-007 -4.76844e-007 1.0 0.0
MAT 0.00232805 0.8629 -0.363381 1.0
WORLDTM 
MAT 1.0 2.87762e-007 -1.68677e-007 0.0
MAT -2.87771e-007 1.0 0.0 0.0
MAT 1.6865e-007 0.0 1.0 0.0
MAT -0.00150378 2.07969 -0.351178 1.0
VERTEX = 9
0.00919152 2.07667 -0.362697
0.00919152 2.08414 -0.35808
0.00919152 2.07952 -0.350608
0.00919152 2.07205 -0.355225
0.00479976 2.07795 -0.357257
0.00479976 2.0787 -0.356795
0.00479976 2.07824 -0.356048
0.00479976 2.07749 -0.35651
0.00479976 2.07809 -0.356653
INDEX = 14
4 5 7
6 7 5
1 2 5
6 5 2
0 1 4
5 4 1
7 6 3
2 3 6
4 7 0
3 0 7
8 1 0
8 2 1
8 3 2
8 0 3
FACE-NORMAL = 14
1.0 2.87763e-007 -1.68676e-007
1.0 2.87763e-007 -1.68676e-007
0.668965 -0.632305 -0.390738
0.668965 -0.632305 -0.390738
0.668965 -0.390738 0.632305
0.668965 -0.390737 0.632305
0.668965 0.390738 -0.632306
0.668965 0.390738 -0.632306
0.668965 0.632306 0.390738
0.668965 0.632306 0.390738
-0.707107 0.371714 -0.601521
-0.707107 0.601521 0.371715
-0.707107 -0.371715 0.601522
-0.707107 -0.601522 -0.371715
BONE = 34
BONE_NAME = Star2Part02glow
PARENT_ID = 23
LOCALTM 
MAT 0.878352 -5.69127e-007 4.12291e-007 0.0
MAT 6.49906e-007 0.461736 -0.747196 0.0
MAT 2.67402e-007 0.747196 0.461736 0.0
MAT 0.00863159 0.861302 -0.368856 1.0
WORLDTM 
MAT 0.878352 2.52757e-007 -1.48157e-007 0.0
MAT -2.58885e-007 0.461735 -0.747196 0.0
MAT -1.37152e-007 0.747196 0.461735 0.0
MAT 0.00479976 2.07809 -0.356653 1.0
VERTEX = 9
-0.00804574 2.16076 -0.568163
-0.00804569 2.17076 -0.568499
0.00195431 2.17076 -0.568498
0.00195426 2.16076 -0.568161
-0.00354651 2.16543 -0.563316
-0.0035465 2.16643 -0.56335
-0.0025465 2.16643 -0.56335
-0.00254651 2.16543 -0.563316
-0.0030465 2.16593 -0.563333
INDEX = 14
4 5 7
6 7 5
1 2 5
6 5 2
0 1 4
5 4 1
7 6 3
2 3 6
4 7 0
3 0 7
8 1 0
8 2 1
8 3 2
8 0 3
FACE-NORMAL = 14
0.000157451 -0.0336201 -0.999435
0.000157451 -0.0336201 -0.999435
0.000101589 -0.765365 -0.643597
0.000101589 -0.765365 -0.643597
