EXPORTER_V17
ANIMATION_EXPORT
BONEOBJECT_COUNT = 44
VERTEX = 9
0.0042584 0.191118 -0.00425841
0.0042584 0.191118 0.00425839
0.0042584 0.182602 0.00425839
0.0042584 0.182602 -0.00425841
0.0 0.187286 -0.000425848
0.0 0.187286 0.000425832
0.0 0.186434 0.000425832
0.0 0.186434 -0.000425848
0.0 0.18686 0.0
INDEX = 14
4 5 7
6 7 5
1 2 5
6 5 2
0 1 4
5 4 1
7 6 3
2 3 6
4 7 0
3 0 7
8 1 0
8 2 1
8 3 2
8 0 3
FACE-NORMAL = 14
1.0 0.0 0.0
1.0 0.0 0.0
0.668965 0.0 -0.743294
0.668965 0.0 -0.743294
0.668965 -0.743294 0.0
0.668965 -0.743294 0.0
0.668965 0.743294 0.0
0.668965 0.743294 0.0
0.668965 0.0 0.743294
0.668965 0.0 0.743294
-0.707107 0.707107 0.0
-0.707107 0.0 0.707107
-0.707107 -0.707107 0.0
-0.707107 0.0 -0.707107
BONE = 0
BONE_NAME = Bone_Main
PARENT_ID = -1
LOCALTM 
MAT 0.85168 0.0 0.0 0.0
MAT 0.0 0.85168 0.0 0.0
MAT 0.0 0.0 0.85168 0.0
MAT 0.0 0.18686 0.0 1.0
WORLDTM 
MAT 0.85168 0.0 0.0 0.0
MAT 0.0 0.85168 0.0 0.0
MAT 0.0 0.0 0.85168 0.0
MAT 0.0 0.18686 0.0 1.0
VERTEX = 9
0.00425839 0.705457 -0.11854
0.00425839 0.705457 -0.110023
0.00425839 0.69694 -0.110023
0.00425839 0.69694 -0.11854
0.0 0.701624 -0.114708
0.0 0.701624 -0.113856
0.0 0.700773 -0.113856
0.0 0.700773 -0.114708
0.0 0.701199 -0.114282
INDEX = 14
4 5 7
6 7 5
1 2 5
6 5 2
0 1 4
5 4 1
7 6 3
2 3 6
4 7 0
3 0 7
8 1 0
8 2 1
8 3 2
8 0 3
FACE-NORMAL = 14
1.0 0.0 0.0
1.0 0.0 0.0
0.668965 0.0 -0.743294
0.668965 0.0 -0.743294
0.668965 -0.743294 0.0
0.668965 -0.743294 0.0
0.668965 0.743294 0.0
0.668965 0.743294 0.0
0.668965 0.0 0.743294
0.668965 0.0 0.743294
-0.707107 0.707107 0.0
-0.707107 0.0 0.707107
-0.707107 -0.707107 0.0
-0.707107 0.0 -0.707107
BONE = 1
BONE_NAME = Bone_Root
PARENT_ID = 0
LOCALTM 
MAT 1.0 0.0 0.0 0.0
MAT 0.0 1.0 0.0 0.0
MAT 0.0 0.0 1.0 0.0
MAT 0.0 0.603911 -0.134184 1.0
WORLDTM 
MAT 0.85168 0.0 0.0 0.0
MAT 0.0 0.85168 0.0 0.0
MAT 0.0 0.0 0.85168 0.0
MAT 0.0 0.701199 -0.114282 1.0
VERTEX = 9
-0.0857949 0.489559 -0.422869
-0.0857949 0.490887 -0.414456
-0.0857949 0.482474 -0.413129
-0.0857949 0.481147 -0.421541
-0.0900533 0.486371 -0.418486
-0.0900533 0.486504 -0.417644
-0.0900533 0.485662 -0.417512
-0.0900533 0.48553 -0.418353
-0.0900533 0.486017 -0.417999
INDEX = 14
4 5 7
6 7 5
1 2 5
6 5 2
0 1 4
5 4 1
7 6 3
2 3 6
4 7 0
3 0 7
8 1 0
8 2 1
8 3 2
8 0 3
FACE-NORMAL = 14
1.0 0.0 0.0
1.0 0.0 0.0
0.668965 -0.11584 -0.734212
0.668965 -0.11584 -0.734212
0.668965 -0.734212 0.11584
0.668965 -0.734212 0.11584
0.668965 0.734212 -0.11584
0.668965 0.734212 -0.11584
0.668965 0.11584 0.734212
0.668965 0.11584 0.734212
-0.707107 0.698467 -0.1102
-0.707107 0.1102 0.698467
-0.707107 -0.698467 0.1102
-0.707107 -0.1102 -0.698467
BONE = 2
BONE_NAME = Bone_Claw_R
PARENT_ID = 1
LOCALTM 
MAT 1.0 0.0 0.0 0.0
MAT 0.0 0.987781 -0.155846 0.0
MAT 0.0 0.155846 0.987781 0.0
MAT -0.105736 -0.252656 -0.356609 1.0
WORLDTM 
MAT 0.85168 0.0 0.0 0.0
MAT 0.0 0.841273 -0.132731 0.0
MAT 0.0 0.132731 0.841274 0.0
MAT -0.0900533 0.486017 -0.417999 1.0
VERTEX = 9
0.0917297 0.489533 -0.422888
0.0917297 0.490906 -0.414482
0.0917297 0.4825 -0.413109
0.0917297 0.481128 -0.421515
0.0874713 0.486368 -0.418487
0.0874713 0.486506 -0.417647
0.0874713 0.485665 -0.41751
0.0874713 0.485528 -0.41835
0.0874713 0.486017 -0.417999
INDEX = 14
4 5 7
6 7 5
1 2 5
6 5 2
0 1 4
5 4 1
7 6 3
2 3 6
4 7 0
3 0 7
8 1 0
8 2 1
8 3 2
8 0 3
FACE-NORMAL = 14
1.0 0.0 0.0
1.0 0.0 0.0
0.668965 -0.119814 -0.733574
0.668965 -0.119814 -0.733574
0.668965 -0.733574 0.119814
0.668965 -0.733574 0.119814
0.668965 0.733574 -0.119814
0.668965 0.733574 -0.119814
0.668965 0.119814 0.733574
0.668965 0.119814 0.733574
-0.707107 0.69786 -0.113981
-0.707107 0.113981 0.69786
-0.707107 -0.69786 0.113981
-0.707107 -0.113981 -0.69786
BONE = 3
BONE_NAME = Bone_Claw_L
PARENT_ID = 1
LOCALTM 
MAT 1.0 0.0 0.0 0.0
MAT 0.0 0.986923 -0.161194 0.0
MAT 0.0 0.161194 0.986923 0.0
MAT 0.102704 -0.252656 -0.356609 1.0
WORLDTM 
MAT 0.85168 0.0 0.0 0.0
MAT 0.0 0.840542 -0.137285 0.0
MAT 0.0 0.137285 0.840542 0.0
MAT 0.0874713 0.486017 -0.417999 1.0
VERTEX = 9
0.09471 0.675728 -0.231242
0.0947853 0.669204 -0.225768
0.0876543 0.666163 -0.229294
0.087579 0.672687 -0.234768
0.0892069 0.6737 -0.227621
0.0892145 0.673047 -0.227073
0.0885013 0.672743 -0.227426
0.0884938 0.673396 -0.227973
0.0888541 0.673221 -0.227523
INDEX = 14
4 5 7
6 7 5
1 2 5
6 5 2
0 1 4
5 4 1
7 6 3
2 3 6
4 7 0
3 0 7
8 1 0
8 2 1
8 3 2
8 0 3
FACE-NORMAL = 14
0.54669 -0.534514 -0.644534
0.54669 -0.534514 -0.644534
0.359148 0.211807 -0.908928
0.359148 0.211807 -0.908928
-0.256635 -0.62299 -0.738933
-0.256635 -0.62299 -0.738933
0.988068 -0.0921519 -0.123409
0.988068 -0.0921518 -0.123408
0.372285 -0.926948 0.0465865
0.372285 -0.926948 0.0465867
0.205484 0.630455 0.748534
-0.38032 -0.163699 0.910252
-0.978621 0.125461 0.162976
-0.392817 0.919616 0.00125691
BONE = 4
BONE_NAME = Bone01
PARENT_ID = 1
LOCALTM 
MAT 0.54669 -0.534514 -0.644534 0.0
MAT 0.837288 0.357085 0.414052 0.0
MAT 0.00883704 -0.766019 0.642757 0.0
MAT 0.104328 -0.0328496 -0.132962 1.0
WORLDTM 
MAT 0.465605 -0.455235 -0.548937 0.0
MAT 0.713101 0.304122 0.35264 0.0
MAT 0.00752629 -0.652403 0.547423 0.0
MAT 0.0888541 0.673221 -0.227523 1.0
VERTEX = 9
0.331568 0.444077 -0.503855
0.333091 0.442281 -0.51204
0.32515 0.444629 -0.514032
0.323627 0.446425 -0.505847
0.327342 0.440332 -0.507807
0.327494 0.440152 -0.508626
0.3267 0.440387 -0.508825
0.326548 0.440566 -0.508006
0.327021 0.440359 -0.508316
INDEX = 14
4 5 7
6 7 5
1 2 5
6 5 2
0 1 4
5 4 1
7 6 3
2 3 6
4 7 0
3 0 7
8 1 0
8 2 1
8 3 2
8 0 3
FACE-NORMAL = 14
0.314221 0.937854 -0.14729
0.314221 0.937854 -0.14729
0.0773131 0.784101 0.615799
0.0773131 0.784101 0.615799
-0.482817 0.832276 -0.272404
-0.482817 0.832276 -0.272404
0.903223 0.422507 0.0753411
0.903223 0.422507 0.0753411
0.343093 0.470682 -0.812863
0.343093 0.470682 -0.812863
0.437092 -0.858073 0.269557
-0.0957678 -0.812243 -0.575404
-0.881468 -0.468253 -0.0612582
-0.348608 -0.514083 0.783703
BONE = 5
BONE_NAME = Bone02
PARENT_ID = 4
LOCALTM 
MAT -0.234581 0.537001 -0.810309 0.0
MAT 0.506279 0.779084 0.369743 0.0
MAT 0.829852 -0.323508 -0.454631 0.0
MAT 0.511521 0.0 0.0 1.0
WORLDTM 
MAT 0.267616 0.798751 -0.125444 0.0
MAT 0.794075 -0.23476 0.199226 0.0
MAT 0.152268 -0.17956 -0.818493 0.0
MAT 0.327021 0.440359 -0.508316 1.0
VERTEX = 9
0.560448 1.12177 -0.621156
0.560953 1.11874 -0.61321
0.552524 1.11752 -0.61314
0.552019 1.12055 -0.621086
0.556325 1.12379 -0.616016
0.556376 1.12349 -0.615222
0.555533 1.12337 -0.615215
0.555482 1.12367 -0.616009
0.555929 1.12358 -0.615616
INDEX = 14
4 5 7
6 7 5
1 2 5
6 5 2
0 1 4
5 4 1
7 6 3
2 3 6
4 7 0
3 0 7
8 1 0
8 2 1
8 3 2
8 0 3
FACE-NORMAL = 14
0.130792 -0.923799 -0.359845
0.130792 -0.923799 -0.359845
0.0434517 -0.354097 -0.934199
0.0434517 -0.354097 -0.934199
-0.648096 -0.724539 -0.234552
-0.648096 -0.724539 -0.234552
0.823087 -0.511439 -0.246896
0.823087 -0.511439 -0.246896
0.131539 -0.881881 0.452751
0.131539 -0.881881 0.452751
0.607295 0.754587 0.248577
-0.0505846 0.40218 0.914162
-0.792263 0.551862 0.260321
-0.134384 0.904269 -0.405264
BONE = 6
BONE_NAME = Bone03
PARENT_ID = 5
LOCALTM 
MAT -0.77229 0.29241 0.563972 0.0
MAT 0.446628 0.881246 0.15469 0.0
MAT -0.451766 0.371352 -0.811175 0.0
MAT 0.855361 0.0 0.0 1.0
WORLDTM 
MAT 0.111393 -0.786781 -0.306473 0.0
MAT 0.842854 0.122087 -0.00707212 0.0
MAT 0.0504661 -0.302373 0.794596 0.0
MAT 0.555929 1.12358 -0.615616 1.0
VERTEX = 9
0.525777 1.02717 -0.611375
0.519043 1.02476 -0.604386
0.519675 1.01515 -0.607088
0.526409 1.01756 -0.614077
0.519349 1.02245 -0.612757
0.518675 1.02221 -0.612058
0.518738 1.02125 -0.612328
0.519412 1.02149 -0.613027
0.519043 1.02185 -0.612542
INDEX = 14
4 5 7
6 7 5
1 2 5
6 5 2
0 1 4
5 4 1
7 6 3
2 3 6
4 7 0
3 0 7
8 1 0
8 2 1
8 3 2
8 0 3
FACE-NORMAL = 14
0.73655 -0.137801 0.662197
0.73655 -0.137801 0.662197
0.993277 0.0868739 -0.0765068
0.993277 0.0868738 -0.0765066
0.539711 -0.80628 0.242125
0.539711 -0.80628 0.242125
0.445741 0.621912 0.643848
0.445741 0.621912 0.643848
-0.00782499 -0.271241 0.96248
-0.0078251 -0.271241 0.96248
-0.565517 0.77677 -0.277162
-0.997001 -0.0729004 0.0259576
-0.476122 -0.58189 -0.659327
-0.0446378 0.26778 -0.962446
BONE = 7
BONE_NAME = Unit_Protoss_Stalker_Leg1_02
PARENT_ID = 6
LOCALTM 
MAT -0.0172059 0.826209 0.834094 0.0
MAT -1.16595 0.085615 -0.108856 0.0
MAT -0.137418 -0.829866 0.819187 0.0
MAT 0.103386 -0.0600136 0.0432091 1.0
WORLDTM 
MAT 0.73655 -0.137801 0.662198 0.0
MAT -0.0632118 0.960718 0.270231 0.0
MAT -0.673422 -0.240897 0.698906 0.0
MAT 0.519043 1.02185 -0.612542 1.0
VERTEX = 9
0.768515 0.0896569 -1.07347
0.775595 0.0936182 -1.08196
0.777045 0.0826431 -1.08587
0.769965 0.0786819 -1.07738
0.77698 0.0858449 -1.0755
0.777688 0.086241 -1.07634
0.777833 0.0851435 -1.07674
0.777125 0.0847474 -1.07589
0.777407 0.0854942 -1.07612
INDEX = 14
4 5 7
6 7 5
1 2 5
6 5 2
0 1 4
5 4 1
7 6 3
2 3 6
4 7 0
3 0 7
8 1 0
8 2 1
8 3 2
8 0 3
FACE-NORMAL = 14
-0.788126 0.111718 -0.605291
-0.788126 0.111718 -0.605291
-0.975441 -0.17603 0.132398
-0.975441 -0.17603 0.132398
-0.435471 -0.620037 -0.652625
-0.435471 -0.620037 -0.652625
-0.618986 0.769507 -0.157212
-0.618986 0.769507 -0.157212
-0.0790164 0.3255 -0.942235
-0.0790163 0.3255 -0.942235
0.469999 0.581951 0.663652
0.98368 0.15956 -0.0831521
0.644579 -0.739943 0.192358
0.130898 -0.317553 0.939162
BONE = 8
BONE_NAME = HitTestFuzzy02
PARENT_ID = 6
LOCALTM 
MAT 0.0158897 -1.04627 -0.897604 0.0
MAT -1.37802 0.0124839 -0.0389469 0.0
MAT 0.0376835 0.897658 -1.04566 0.0
MAT 1.35457 0.0871205 -0.0563118 1.0
WORLDTM 
MAT -0.925379 0.131174 -0.710702 0.0
MAT -0.144945 1.0975 0.391291 0.0
MAT 0.708022 0.396123 -0.848776 0.0
MAT 0.777407 0.0854942 -1.07612 1.0
VERTEX = 9
0.00425109 0.805516 0.168974
0.00425707 0.812511 0.173833
0.00426568 0.807653 0.180828
0.0042597 0.800658 0.17597
-7.38487e-007 0.806478 0.174314
-1.40533e-007 0.807177 0.174799
7.20354e-007 0.806692 0.175499
1.224e-007 0.805992 0.175013
0.0 0.806585 0.174906
INDEX = 14
4 5 7
6 7 5
1 2 5
6 5 2
0 1 4
5 4 1
7 6 3
2 3 6
4 7 0
3 0 7
8 1 0
8 2 1
8 3 2
8 0 3
FACE-NORMAL = 14
0.999999 0.0 -0.00123072
0.999999 0.0 -0.00123072
0.668442 -0.610502 -0.424821
0.668442 -0.610502 -0.42482
0.669716 -0.423998 0.609678
0.669716 -0.423998 0.609678
0.668213 0.423997 -0.611324
0.668213 0.423998 -0.611325
0.669486 0.610502 0.423174
0.669486 0.610502 0.423174
-0.707821 0.403355 -0.579909
-0.70661 0.580779 0.404225
-0.706392 -0.403355 0.581649
-0.707603 -0.580779 -0.402485
BONE = 9
BONE_NAME = Bone_Shell
PARENT_ID = 1
LOCALTM 
MAT 0.999999 0.0 -0.00123072 0.0
MAT -0.00101084 0.57043 -0.821345 0.0
MAT 0.000702038 0.821346 0.57043 0.0
MAT 0.0 0.123739 0.33955 1.0
WORLDTM 
MAT 0.851679 0.0 -0.00104818 0.0
MAT -0.000860887 0.485824 -0.699523 0.0
MAT 0.000597953 0.699524 0.485824 0.0
MAT 0.0 0.806585 0.174906 1.0
VERTEX = 9
-0.0941028 0.668492 -0.225466
-0.0940254 0.676156 -0.231889
-0.085646 0.672601 -0.23603
-0.0857234 0.664937 -0.229607
-0.0875687 0.673016 -0.226995
-0.087561 0.673782 -0.227637
-0.086723 0.673427 -0.228052
-0.0867307 0.67266 -0.227409
-0.0871459 0.673221 -0.227523
INDEX = 14
4 5 7
6 7 5
1 2 5
6 5 2
0 1 4
5 4 1
7 6 3
2 3 6
4 7 0
3 0 7
8 1 0
8 2 1
8 3 2
8 0 3
FACE-NORMAL = 14
-0.545707 -0.534992 -0.644971
-0.545707 -0.534992 -0.644971
-0.370814 -0.92757 0.0459458
-0.370814 -0.92757 0.0459457
0.257777 -0.622128 -0.739261
0.257777 -0.622128 -0.739261
-0.987895 -0.0936535 -0.123664
-0.987895 -0.0936534 -0.123664
-0.359303 0.211788 -0.908871
-0.359303 0.211788 -0.908871
-0.20664 0.629669 0.748877
0.391349 0.920241 0.00189736
0.978386 0.126924 0.16325
0.380398 -0.163648 0.910229
BONE = 10
BONE_NAME = Bone01(mirrored)
PARENT_ID = 1
LOCALTM 
MAT -0.640742 -0.628161 -0.757292 0.0
MAT -0.983867 0.417404 0.486216 0.0
MAT 0.00909179 0.899897 -0.754142 0.0
MAT -0.102322 -0.0328495 -0.132962 1.0
WORLDTM 
MAT -0.545707 -0.534992 -0.644971 0.0
MAT -0.83794 0.355495 0.414101 0.0
MAT 0.00774334 0.766425 -0.642287 0.0
MAT -0.0871459 0.673221 -0.227523 1.0
VERTEX = 9
-0.332014 0.442399 -0.512878
-0.330231 0.444505 -0.503266
-0.320911 0.447277 -0.505602
-0.322694 0.445172 -0.515214
-0.325439 0.439907 -0.50887
-0.325261 0.440118 -0.507909
-0.324329 0.440395 -0.508142
-0.324507 0.440184 -0.509103
-0.324884 0.440151 -0.508506
INDEX = 14
4 5 7
6 7 5
1 2 5
6 5 2
0 1 4
5 4 1
7 6 3
2 3 6
4 7 0
3 0 7
8 1 0
8 2 1
8 3 2
8 0 3
FACE-NORMAL = 14
-0.315702 0.937432 -0.146811
-0.315702 0.937432 -0.146811
-0.343723 0.470589 -0.812651
-0.343723 0.470589 -0.812651
0.481524 0.833202 -0.271862
0.481523 0.833203 -0.271862
-0.903911 0.421016 0.0754393
-0.903911 0.421015 0.0754393
-0.0786651 0.783629 0.616228
-0.078665 0.783629 0.616228
-0.435757 -0.858924 0.269007
0.349312 -0.513964 0.783468
0.882227 -0.466805 -0.0613855
0.0971587 -0.811764 -0.575846
BONE = 11
BONE_NAME = Bone02(mirrored)
PARENT_ID = 10
LOCALTM 
MAT -0.234549 0.536998 0.810321 0.0
MAT 0.506233 0.779098 -0.369776 0.0
MAT -0.829889 0.32348 -0.454583 0.0
MAT 0.435652 0.0 0.0 1.0
WORLDTM 
MAT -0.315702 0.937432 -0.146811 0.0
MAT -0.931956 -0.27727 0.233623 0.0
MAT 0.178299 0.210576 0.96118 0.0
MAT -0.324884 0.440151 -0.508506 1.0
VERTEX = 9
-0.560764 1.11738 -0.612639
-0.560178 1.12094 -0.621963
-0.550281 1.11952 -0.621887
-0.550866 1.11595 -0.612562
-0.555395 1.12296 -0.614994
-0.555337 1.12331 -0.615927
-0.554347 1.12317 -0.615919
-0.554406 1.12282 -0.614987
-0.554871 1.12306 -0.615457
INDEX = 14
4 5 7
6 7 5
1 2 5
6 5 2
0 1 4
5 4 1
7 6 3
2 3 6
4 7 0
3 0 7
8 1 0
8 2 1
8 3 2
8 0 3
FACE-NORMAL = 14
-0.130215 -0.923343 -0.361223
-0.130215 -0.923343 -0.361223
-0.130647 -0.882686 0.451438
-0.130647 -0.882686 0.451438
0.648569 -0.723661 -0.235951
0.648569 -0.723661 -0.235951
-0.822787 -0.511707 -0.24734
-0.822788 -0.511707 -0.24734
-0.0435708 -0.352682 -0.934728
-0.0435708 -0.352682 -0.934728
-0.607786 0.75372 0.250006
0.133494 0.905003 -0.403918
0.791938 0.552085 0.26084
0.0506571 0.400802 0.914763
BONE = 12
BONE_NAME = Bone03(mirrored)
PARENT_ID = 11
LOCALTM 
MAT -0.77143 0.29298 -0.564851 0.0
MAT 0.447249 0.881085 -0.153812 0.0
MAT 0.452617 -0.371284 -0.810731 0.0
MAT 0.728494 -4.99189e-007 0.0 1.0
WORLDTM 
MAT -0.130215 -0.923343 -0.361223 0.0
MAT -0.989755 0.142578 -0.00766057 0.0
MAT 0.0585747 0.356523 -0.932448 0.0
MAT -0.554871 1.12306 -0.615457 1.0
VERTEX = 9
-0.644769 0.0936483 -1.11634
-0.638154 0.0964789 -1.12562
-0.63959 0.0856579 -1.12994
-0.646205 0.0828274 -1.12066
-0.637641 0.0882668 -1.11959
-0.63698 0.0885498 -1.12051
-0.637124 0.0874677 -1.12095
-0.637785 0.0871847 -1.12002
-0.637383 0.0878673 -1.12027
INDEX = 14
4 5 7
6 7 5
1 2 5
6 5 2
0 1 4
5 4 1
7 6 3
2 3 6
4 7 0
3 0 7
8 1 0
8 2 1
8 3 2
8 0 3
FACE-NORMAL = 14
-0.817082 0.304198 -0.489736
-0.817082 0.304198 -0.489736
-0.965367 0.0243075 0.25976
-0.965367 0.0243075 0.25976
-0.63752 -0.481521 -0.601419
-0.63752 -0.481521 -0.601419
-0.455677 0.888517 -0.0538125
-0.455677 0.888517 -0.0538123
-0.127831 0.382688 -0.914991
-0.127831 0.382688 -0.914991
0.664259 0.436568 0.606769
0.976145 -0.0446341 -0.212484
0.491269 -0.866769 0.0858221
0.179384 -0.385567 0.905075
BONE = 13
BONE_NAME = HitTestFuzzy01
PARENT_ID = 12
LOCALTM 
MAT 0.00284216 1.00488 0.607325 0.0
MAT -1.17408 0.00881538 -0.00909218 0.0
MAT -0.0123389 -0.607267 1.00484 0.0
MAT 1.14894 -0.0620626 0.0968019 1.0
WORLDTM 
MAT -0.959377 0.357174 -0.575023 0.0
MAT 0.143625 1.0821 0.432516 0.0
MAT 0.66151 0.283059 -0.927852 0.0
MAT -0.637383 0.0878673 -1.12027 1.0
VERTEX = 9
0.112746 0.670077 -0.0723421
0.111008 0.677798 -0.0662304
0.103665 0.672647 -0.0618099
0.105403 0.664925 -0.0679216
0.105379 0.673093 -0.0708854
0.105205 0.673865 -0.0702742
0.10447 0.67335 -0.0698321
0.104644 0.672578 -0.0704433
0.104925 0.673221 -0.0703587
INDEX = 14
4 5 7
6 7 5
1 2 5
6 5 2
0 1 4
5 4 1
7 6 3
2 3 6
4 7 0
3 0 7
8 1 0
8 2 1
8 3 2
8 0 3
FACE-NORMAL = 14
0.656206 -0.371933 0.656551
0.656206 -0.371933 0.656551
0.568187 -0.822761 -0.0150712
0.568187 -0.822761 -0.0150711
-0.106812 -0.631744 0.767783
-0.106812 -0.631744 0.767783
0.984769 0.134124 0.110636
0.984769 0.134124 0.110636
0.30977 0.325141 0.893491
0.30977 0.325141 0.893491
0.0552111 0.627287 -0.776829
-0.586925 0.809005 -0.0320877
-0.983226 -0.101294 -0.151675
-0.34109 -0.283012 -0.896416
BONE = 14
BONE_NAME = Bone01(mirrored)~DUP~1
PARENT_ID = 1
LOCALTM 
MAT 0.770484 -0.436705 0.77089 0.0
MAT 0.862162 0.604904 -0.519034 0.0
MAT -0.204105 0.906647 0.717608 0.0
MAT 0.123197 -0.0328496 0.0515723 1.0
WORLDTM 
MAT 0.656206 -0.371933 0.656551 0.0
MAT 0.734286 0.515185 -0.442051 0.0
MAT -0.173832 0.772173 0.611172 0.0
MAT 0.104925 0.673221 -0.0703587 1.0
VERTEX = 9
0.406784 0.508542 0.228432
0.403741 0.51212 0.219603
0.394499 0.513257 0.223248
0.397541 0.509678 0.232077
0.400102 0.506029 0.224618
0.399797 0.506387 0.223736
0.398873 0.506501 0.2241
0.399177 0.506143 0.224983
0.399487 0.506265 0.224359
INDEX = 14
4 5 7
6 7 5
1 2 5
6 5 2
0 1 4
5 4 1
7 6 3
2 3 6
4 7 0
3 0 7
8 1 0
8 2 1
8 3 2
8 0 3
FACE-NORMAL = 14
0.230786 0.926843 0.296142
0.230786 0.926843 0.296142
0.380501 0.354051 0.854322
0.380501 0.354051 0.854322
-0.532585 0.704508 0.469064
-0.532585 0.704508 0.469064
0.841361 0.535542 -0.0728462
0.841361 0.535542 -0.0728463
-0.0717257 0.886 -0.458105
-0.0717257 0.886 -0.458105
0.490337 -0.735747 -0.467168
-0.378296 -0.402351 -0.83367
-0.816718 -0.575007 0.0483593
0.0519147 -0.908402 0.414862
BONE = 15
BONE_NAME = Bone02(mirrored)~DUP~2
PARENT_ID = 14
LOCALTM 
MAT 0.00115243 0.516048 0.856559 0.0
MAT 0.409424 0.781234 -0.471218 0.0
MAT -0.912344 0.351239 -0.210382 0.0
MAT 0.448888 0.0 0.0 1.0
WORLDTM 
MAT 0.230786 0.926843 0.296142 0.0
MAT 0.924228 -0.11366 -0.364533 0.0
MAT -0.304205 0.357832 -0.882846 0.0
MAT 0.399487 0.506265 0.224359 1.0
VERTEX = 9
0.575248 1.18247 0.438068
0.574629 1.18431 0.447878
0.564866 1.18216 0.447665
0.565485 1.18032 0.437856
0.569539 1.18713 0.441422
0.569477 1.18731 0.442403
0.568501 1.1871 0.442382
0.568563 1.18691 0.441401
0.56902 1.18711 0.441902
INDEX = 14
4 5 7
6 7 5
1 2 5
6 5 2
0 1 4
5 4 1
7 6 3
2 3 6
4 7 0
3 0 7
8 1 0
8 2 1
8 3 2
8 0 3
FACE-NORMAL = 14
0.207386 -0.959026 0.193027
0.207386 -0.959026 0.193027
0.184807 -0.778349 -0.600016
0.184807 -0.778349 -0.600016
-0.586939 -0.801662 0.113312
-0.586939 -0.801663 0.113312
0.864407 -0.481448 0.144945
0.864407 -0.481447 0.144945
0.0926608 -0.504761 0.858272
0.0926607 -0.504761 0.858272
0.5437 0.830447 -0.121444
-0.190474 0.808268 0.557155
-0.836988 0.525822 -0.151537
-0.102814 0.548 -0.830136
BONE = 16
BONE_NAME = Bone03(mirrored)~DUP~3
PARENT_ID = 15
LOCALTM 
MAT -0.783841 0.230311 -0.57667 0.0
MAT 0.431261 0.870079 -0.238701 0.0
MAT 0.446773 -0.435799 -0.781328 0.0
MAT 0.734588 -1.49012e-007 0.0 1.0
WORLDTM 
MAT 0.207386 -0.959026 0.193027 0.0
MAT 0.976294 0.215403 0.021279 0.0
MAT -0.0619852 0.184037 0.980963 0.0
MAT 0.56902 1.18711 0.441902 1.0
VERTEX = 9
0.766619 0.0448027 0.725687
0.774142 0.0437742 0.71673
0.776165 0.0325996 0.719713
0.768643 0.0336281 0.728669
0.775308 0.0410386 0.726489
0.77606 0.0409357 0.725594
0.776262 0.0398182 0.725892
0.77551 0.0399211 0.726788
0.775785 0.0404284 0.726191
INDEX = 14
4 5 7
6 7 5
1 2 5
6 5 2
0 1 4
5 4 1
7 6 3
2 3 6
4 7 0
3 0 7
8 1 0
8 2 1
8 3 2
8 0 3
FACE-NORMAL = 14
-0.748227 -0.294208 -0.594641
-0.748227 -0.294208 -0.594641
-0.976743 -0.131704 0.169193
-0.976743 -0.131704 0.169193
-0.372442 -0.904222 -0.208972
-0.372442 -0.904222 -0.208972
-0.628633 0.510591 -0.586615
-0.628633 0.510591 -0.586615
-0.0243315 -0.261926 -0.964781
-0.0243313 -0.261926 -0.964781
0.407217 0.881004 0.240846
0.982098 0.146096 -0.118909
0.650935 -0.464929 0.600103
0.0760544 0.269977 0.959858
BONE = 17
BONE_NAME = HitTestFuzzy03
PARENT_ID = 16
LOCALTM 
MAT 0.0143254 -0.94697 -0.694024 0.0
MAT -1.17121 0.0368068 -0.0743979 0.0
MAT 0.0817598 0.693196 -0.944152 0.0
MAT 1.19746 -0.0390863 0.0550274 1.0
WORLDTM 
MAT -0.878531 -0.345445 -0.698198 0.0
MAT -0.202347 1.11746 -0.298274 0.0
MAT 0.752243 -0.102853 -0.895646 0.0
MAT 0.775785 0.0404284 0.726191 1.0
VERTEX = 9
-0.107602 0.677646 -0.0667766
-0.108601 0.669515 -0.0725105
-0.101199 0.665056 -0.0674769
-0.1002 0.673187 -0.0617429
-0.101396 0.673851 -0.0703237
-0.101495 0.673038 -0.0708971
-0.100755 0.672592 -0.0703938
-0.100655 0.673405 -0.0698204
-0.101075 0.673221 -0.0703587
INDEX = 14
4 5 7
6 7 5
1 2 5
6 5 2
0 1 4
5 4 1
7 6 3
2 3 6
4 7 0
3 0 7
8 1 0
8 2 1
8 3 2
8 0 3
FACE-NORMAL = 14
-0.664987 -0.374106 0.646404
-0.664987 -0.374106 0.646404
-0.370592 0.354156 0.858624
-0.370592 0.354156 0.858624
0.105291 -0.581685 0.806571
0.105291 -0.581685 0.806571
-0.994996 0.0811583 0.0582722
-0.994996 0.0811584 0.0582721
-0.519114 -0.854683 0.00621846
-0.519114 -0.854683 0.00621831
-0.0531432 0.579819 -0.81301
0.399571 -0.31046 -0.86253
0.993576 -0.0507539 -0.101143
0.540862 0.839526 -0.0516232
BONE = 18
BONE_NAME = Bone01(mirrored)(mirrored)
PARENT_ID = 1
LOCALTM 
MAT -0.780794 -0.439256 0.758975 0.0
MAT -0.869039 0.523533 -0.591027 0.0
MAT -0.117307 -0.954775 -0.673255 0.0
MAT -0.118678 -0.0328494 0.0515723 1.0
WORLDTM 
MAT -0.664987 -0.374106 0.646404 0.0
MAT -0.740143 0.445883 -0.503366 0.0
MAT -0.099908 -0.813163 -0.573397 0.0
MAT -0.101075 0.673221 -0.0703587 1.0
VERTEX = 9
-0.403925 0.510615 0.214535
-0.407182 0.507347 0.223406
-0.398206 0.509227 0.227394
-0.394949 0.512495 0.218523
-0.399866 0.505359 0.219161
-0.400191 0.505033 0.220048
-0.399294 0.505221 0.220447
-0.398968 0.505547 0.21956
-0.39958 0.50529 0.219804
INDEX = 14
4 5 7
6 7 5
1 2 5
6 5 2
0 1 4
5 4 1
7 6 3
2 3 6
4 7 0
3 0 7
8 1 0
8 2 1
8 3 2
8 0 3
FACE-NORMAL = 14
-0.297139 0.926187 0.232132
-0.297139 0.926187 0.232132
0.0433233 0.862532 -0.504145
0.0433233 0.862532 -0.504145
0.468379 0.759331 0.451705
0.468379 0.759331 0.451705
-0.865929 0.479843 -0.141129
-0.865929 0.479843 -0.141129
-0.440874 0.376642 0.814721
-0.440874 0.376642 0.814721
-0.424565 -0.787854 -0.446128
-0.0202032 -0.886031 0.463186
0.844782 -0.521973 0.117844
0.440421 -0.423796 -0.791471
BONE = 19
BONE_NAME = Bone02(mirrored)(mirrored)
PARENT_ID = 18
LOCALTM 
MAT 0.00115246 0.516048 -0.856558 0.0
MAT 0.409424 0.781233 0.471218 0.0
MAT 0.912344 -0.351239 -0.210382 0.0
MAT 0.448888 0.0 0.0 1.0
WORLDTM 
MAT -0.297139 0.926187 0.232132 0.0
MAT -0.897564 -0.188006 -0.398789 0.0
MAT -0.32571 -0.326849 0.887176 0.0
MAT -0.39958 0.50529 0.219804 1.0
VERTEX = 9
-0.623577 1.18286 0.396192
-0.623616 1.18046 0.386486
-0.613748 1.17888 0.386837
-0.613709 1.18128 0.396543
-0.618346 1.18586 0.390793
-0.61835 1.18562 0.389823
-0.617363 1.18546 0.389858
-0.617359 1.1857 0.390828
-0.617854 1.18566 0.390325
INDEX = 14
4 5 7
6 7 5
1 2 5
6 5 2
0 1 4
5 4 1
7 6 3
2 3 6
4 7 0
3 0 7
8 1 0
8 2 1
8 3 2
8 0 3
FACE-NORMAL = 14
-0.161636 -0.957768 0.23781
-0.161636 -0.957768 0.23781
-0.105216 -0.462061 0.880585
-0.105216 -0.462061 0.880585
0.625385 -0.758026 0.185173
0.625385 -0.758027 0.185173
-0.841643 -0.5234 0.132999
-0.841643 -0.5234 0.132999
-0.111042 -0.819366 -0.562413
-0.111042 -0.819366 -0.562413
-0.583509 0.788846 -0.192974
0.111523 0.50729 -0.854529
0.812097 0.565643 -0.14334
0.117065 0.8472 0.518217
BONE = 20
BONE_NAME = Bone03(mirrored)(mirrored)
PARENT_ID = 19
LOCALTM 
MAT -0.783841 0.23031 0.576671 0.0
MAT 0.431261 0.870078 0.238702 0.0
MAT -0.446772 0.4358 -0.781327 0.0
MAT 0.734589 0.0 0.0 1.0
WORLDTM 
MAT -0.161636 -0.957768 0.237809 0.0
MAT -0.986843 0.157829 -0.0350968 0.0
MAT -0.00391869 -0.240352 -0.970678 0.0
MAT -0.617854 1.18566 0.390325 1.0
VERTEX = 9
-0.812224 0.0486857 0.707232
-0.804988 0.0456029 0.698514
-0.806786 0.0342753 0.701027
-0.814022 0.0373582 0.709745
-0.805242 0.0423079 0.708166
-0.804518 0.0419996 0.707294
-0.804698 0.0408668 0.707546
-0.805422 0.0411751 0.708418
-0.80497 0.0415874 0.707856
INDEX = 14
4 5 7
6 7 5
1 2 5
6 5 2
0 1 4
5 4 1
7 6 3
2 3 6
4 7 0
3 0 7
8 1 0
8 2 1
8 3 2
8 0 3
FACE-NORMAL = 14
-0.772511 -0.018198 -0.63474
-0.772511 -0.018198 -0.63474
-0.974843 0.182986 0.127267
-0.974843 0.182986 0.127267
-0.630617 -0.729262 -0.265518
-0.630617 -0.729262 -0.265518
-0.402949 0.704913 -0.58372
-0.402949 0.704914 -0.58372
-0.0587218 -0.207334 -0.976506
-0.0587216 -0.207334 -0.976506
0.65454 0.695044 0.297474
0.982007 -0.172791 -0.0761883
0.437956 -0.669308 0.600184
0.110488 0.198527 0.973848
BONE = 21
BONE_NAME = HitTestFuzzy04
PARENT_ID = 20
LOCALTM 
MAT -0.0101577 0.917894 0.732117 0.0
MAT -1.17375 0.0101495 -0.0290098 0.0
MAT -0.0290085 -0.732118 0.917491 0.0
MAT 1.20151 -0.00705785 -0.0325054 1.0
WORLDTM 
MAT -0.907044 -0.0213671 -0.745281 0.0
MAT 0.179818 1.13275 -0.251326 0.0
MAT 0.72358 -0.308286 -0.871791 0.0
MAT -0.80497 0.0415874 0.707856 1.0
VERTEX = 9
-0.0073482 0.85363 -0.111657
-0.00734821 0.868327 -0.111663
0.00734859 0.868327 -0.111663
0.0073486 0.85363 -0.111658
-0.000734642 0.860246 -0.104312
-0.000734642 0.861716 -0.104312
0.000735038 0.861716 -0.104312
0.000735039 0.860246 -0.104312
1.98358e-007 0.860981 -0.104312
INDEX = 14
4 5 7
6 7 5
1 2 5
6 5 2
0 1 4
5 4 1
7 6 3
2 3 6
4 7 0
3 0 7
8 1 0
8 2 1
8 3 2
8 0 3
FACE-NORMAL = 14
-1.62942e-007 -0.00036633 -1.0
-1.62942e-007 -0.00036633 -1.0
2.33658e-007 -0.743539 -0.668692
2.33658e-007 -0.743539 -0.668693
0.743294 -0.000244719 -0.668965
0.743294 -0.000244719 -0.668965
-0.743294 -0.000245405 -0.668965
-0.743294 -0.000245405 -0.668965
-4.51664e-007 0.743049 -0.669237
-4.51664e-007 0.743049 -0.669237
-0.707107 0.000258709 0.707107
-2.10761e-007 0.707366 0.706848
0.707107 0.00025936 0.707107
4.41196e-007 -0.706848 0.707366
BONE = 22
BONE_NAME = Bone_Spine_A02
PARENT_ID = 1
LOCALTM 
MAT -2.8114e-007 -0.000632149 -1.72563 0.0
MAT -1.72563 -8.98271e-007 2.81469e-007 0.0
MAT -8.98375e-007 1.72563 -0.000632149 0.0
MAT 2.32365e-007 0.187608 0.0117063 1.0
WORLDTM 
MAT -2.39473e-007 -0.000538388 -1.46968 0.0
MAT -1.46968 -6.7744e-007 2.39722e-007 0.0
MAT -6.77528e-007 1.46968 -0.000538388 0.0
MAT 1.98358e-007 0.860981 -0.104312 1.0
VERTEX = 9
0.0011692 1.22179 0.00720411
0.00116921 1.22179 0.0172041
0.00116922 1.21179 0.0172041
0.00116921 1.21179 0.00720411
-0.00383079 1.21729 0.0117041
-0.00383079 1.21729 0.0127041
-0.00383079 1.21629 0.0127041
-0.00383079 1.21629 0.0117041
-0.00383079 1.21679 0.0122041
INDEX = 14
4 5 7
6 7 5
1 2 5
6 5 2
0 1 4
5 4 1
7 6 3
2 3 6
4 7 0
3 0 7
8 1 0
8 2 1
8 3 2
8 0 3
FACE-NORMAL = 14
1.0 9.35711e-007 -6.38067e-007
1.0 9.35711e-007 -6.38067e-007
0.668964 2.71565e-007 -0.743295
0.668964 2.71565e-007 -0.743294
0.668965 -0.743294 0.0
0.668966 -0.743293 0.0
0.668964 0.743295 -7.8127e-007
0.668964 0.743295 -7.8127e-007
0.668965 9.8035e-007 0.743294
0.668965 9.8035e-007 0.743294
-0.707107 0.707106 0.0
-0.707106 -3.24509e-007 0.707107
-0.707106 -0.707107 7.88352e-007
-0.707107 -9.98786e-007 -0.707106
BONE = 23
BONE_NAME = Bone_Spine_A03
PARENT_ID = 22
LOCALTM 
MAT 3.23051e-007 -0.68042 3.23159e-007 0.0
MAT -0.000248934 3.23041e-007 0.68042 0.0
MAT -0.68042 -3.23148e-007 -0.000248934 0.0
MAT -0.0793684 0.00260658 0.242071 1.0
WORLDTM 
MAT 1.0 9.35711e-007 -6.38068e-007 0.0
MAT -9.3571e-007 1.0 -4.7683e-007 0.0
MAT 6.38036e-007 4.76786e-007 1.0 0.0
MAT -0.00383079 1.21679 0.0122041 1.0
VERTEX = 9
0.0214906 1.33303 -0.346072
0.0214906 1.33347 -0.337567
0.0214906 1.32497 -0.337126
0.0214906 1.32453 -0.345632
0.0172322 1.3294 -0.342047
0.0172322 1.32945 -0.341196
0.0172322 1.3286 -0.341152
0.0172322 1.32855 -0.342003
0.0172322 1.329 -0.341599
INDEX = 14
4 5 7
6 7 5
1 2 5
6 5 2
0 1 4
5 4 1
7 6 3
2 3 6
4 7 0
3 0 7
8 1 0
8 2 1
8 3 2
8 0 3
FACE-NORMAL = 14
1.0 1.41255e-006 -5.29328e-007
1.0 1.41255e-006 -5.29328e-007
0.668964 -0.0384317 -0.7423
0.668965 -0.0384317 -0.7423
0.668966 -0.742299 0.0384323
0.668966 -0.742299 0.0384323
0.668964 0.742301 -0.038433
0.668964 0.742301 -0.038433
0.668965 0.0384336 0.742299
0.668965 0.0384336 0.7423
-0.707108 0.70616 -0.0365612
-0.707106 0.0365605 0.706161
-0.707106 -0.706162 0.0365619
-0.707107 -0.0365625 -0.706161
BONE = 24
BONE_NAME = Bone_Head
PARENT_ID = 23
LOCALTM 
MAT 0.85168 4.06113e-007 0.0 0.0
MAT -4.00781e-007 0.85054 -0.0440364 0.0
MAT 0.0 0.0440364 0.85054 0.0
MAT 0.0210633 0.11221 -0.353803 1.0
WORLDTM 
MAT 0.85168 1.20304e-006 -4.50818e-007 0.0
MAT -1.22474e-006 0.85054 -0.0440368 0.0
MAT 3.87984e-007 0.0440368 0.85054 0.0
MAT 0.0172322 1.329 -0.341599 1.0
VERTEX = 9
0.00416004 1.34624 -0.45429
0.00416004 1.34575 -0.445788
0.00416005 1.33724 -0.446277
0.00416005 1.33773 -0.45478
-9.83557e-005 1.34219 -0.450684
-9.83557e-005 1.34214 -0.449834
-9.83545e-005 1.34129 -0.449883
-9.83545e-005 1.34134 -0.450733
-9.83551e-005 1.34174 -0.450284
INDEX = 14
4 5 7
6 7 5
1 2 5
6 5 2
0 1 4
5 4 1
7 6 3
2 3 6
4 7 0
3 0 7
8 1 0
8 2 1
8 3 2
8 0 3
FACE-NORMAL = 14
1.0 1.44552e-006 0.0
1.0 1.44552e-006 0.0
0.668965 0.0427163 -0.742066
0.668965 0.0427163 -0.742066
0.668966 -0.742065 -0.0427152
0.668966 -0.742065 -0.0427152
0.668964 0.742067 0.0427153
0.668964 0.742067 0.0427153
0.668965 -0.0427144 0.742066
0.668965 -0.0427144 0.742066
-0.707108 0.705937 0.0406356
-0.707107 -0.0406368 0.705938
-0.707106 -0.705939 -0.0406357
-0.707107 0.0406347 -0.705938
BONE = 25
BONE_NAME = Bone_face
PARENT_ID = 24
LOCALTM 
MAT 1.0 0.0 6.4359e-007 0.0
MAT 0.0 0.99404 0.109011 0.0
MAT -6.39768e-007 -0.109011 0.994041 0.0
MAT -0.0203486 0.0215355 -0.126668 1.0
WORLDTM 
MAT 0.85168 1.23112e-006 0.0 0.0
MAT -1.23464e-006 0.850271 0.0489438 0.0
MAT 0.0 -0.048944 0.850272 0.0
MAT -9.83551e-005 1.34174 -0.450284 1.0
VERTEX = 9
-0.00435641 1.15135 -0.542289
-0.00435643 1.15986 -0.542655
0.00416036 1.15986 -0.542655
0.00416038 1.15135 -0.542289
-0.000523864 1.15536 -0.538199
-0.000523866 1.15621 -0.538236
0.000327814 1.15621 -0.538236
0.000327816 1.15536 -0.538199
-9.80252e-005 1.15578 -0.538218
INDEX = 14
4 5 7
6 7 5
1 2 5
6 5 2
0 1 4
5 4 1
7 6 3
2 3 6
4 7 0
3 0 7
8 1 0
8 2 1
8 3 2
8 0 3
FACE-NORMAL = 14
0.0 -0.0429958 -0.999075
0.0 -0.0429958 -0.999075
1.90767e-006 -0.77137 -0.636387
1.90767e-006 -0.77137 -0.636388
0.743294 -0.0287615 -0.668346
0.743294 -0.0287615 -0.668346
-0.743294 -0.0287638 -0.668346
-0.743294 -0.0287638 -0.668346
-1.88975e-006 0.713844 -0.700305
-1.88975e-006 0.713844 -0.700305
-0.707107 0.0304015 0.706453
-1.81574e-006 0.736856 0.67605
0.707107 0.0304037 0.706453
1.7968e-006 -0.67605 0.736856
BONE = 26
BONE_NAME = Bone_mask
PARENT_ID = 25
LOCALTM 
MAT -1.62087e-007 -0.10034 -0.994955 0.0
MAT -1.0 0.0 1.76327e-007 0.0
MAT -1.11513e-006 0.994952 -0.100339 0.0
MAT 0.0 -0.223912 -0.0905297 1.0
WORLDTM 
MAT 0.0 -0.0366187 -0.850894 0.0
MAT -0.851679 -1.3411e-006 0.0 0.0
MAT -2.17557e-006 0.85089 -0.0366189 0.0
MAT -9.80252e-005 1.15578 -0.538218 1.0
VERTEX = 9
-0.00435613 1.0121 -0.538767
-0.00435615 1.02061 -0.539133
0.00416066 1.02061 -0.539133
0.00416068 1.0121 -0.538767
-0.000523572 1.01611 -0.534677
-0.000523575 1.01696 -0.534713
0.000328106 1.01696 -0.534713
0.000328109 1.01611 -0.534677
-9.77328e-005 1.01654 -0.534695
INDEX = 14
4 5 7
6 7 5
1 2 5
6 5 2
0 1 4
5 4 1
7 6 3
2 3 6
4 7 0
3 0 7
8 1 0
8 2 1
8 3 2
8 0 3
FACE-NORMAL = 14
-3.1493e-007 -0.042995 -0.999075
-3.1493e-007 -0.042995 -0.999075
2.01316e-006 -0.771369 -0.636388
2.01316e-006 -0.771369 -0.636388
0.743294 -0.0287612 -0.668346
0.743294 -0.0287613 -0.668346
-0.743294 -0.028763 -0.668346
-0.743294 -0.028763 -0.668346
-2.43452e-006 0.713844 -0.700304
-2.43452e-006 0.713844 -0.700304
-0.707107 0.0304012 0.706453
-1.89288e-006 0.736855 0.676051
0.707107 0.0304029 0.706453
2.33826e-006 -0.676051 0.736855
BONE = 27
BONE_NAME = Bone_mask01
PARENT_ID = 26
LOCALTM 
MAT 1.0 3.28319e-007 7.89762e-007 0.0
MAT 7.39871e-007 1.0 3.82093e-007 0.0
MAT -5.21541e-007 4.37417e-007 0.999996 0.0
MAT 0.00289738 0.0 -0.163521 1.0
WORLDTM 
MAT -2.68221e-007 -0.0366181 -0.850896 0.0
MAT -0.851681 -1.04308e-006 -5.96046e-007 0.0
MAT -2.5481e-006 0.850886 -0.0366183 0.0
MAT -9.77328e-005 1.01654 -0.534695 1.0
VERTEX = 9
-0.0043558 0.868023 -0.533372
-0.00435583 0.876532 -0.533738
0.00416105 0.876532 -0.533738
0.00416108 0.868023 -0.533372
-0.00052321 0.872035 -0.529282
-0.000523213 0.872886 -0.529318
0.000328475 0.872886 -0.529318
0.000328478 0.872035 -0.529282
-9.73676e-005 0.872461 -0.5293
INDEX = 14
4 5 7
6 7 5
1 2 5
6 5 2
0 1 4
5 4 1
7 6 3
2 3 6
4 7 0
3 0 7
8 1 0
8 2 1
8 3 2
8 0 3
FACE-NORMAL = 14
-1.81959e-006 -0.0429937 -0.999075
-1.81959e-006 -0.0429937 -0.999075
1.43904e-006 -0.771368 -0.636389
1.43904e-006 -0.771368 -0.636389
0.743294 -0.0287615 -0.668346
0.743294 -0.0287615 -0.668346
-0.743294 -0.0287611 -0.668347
-0.743294 -0.028761 -0.668347
-3.87353e-006 0.713845 -0.700303
-3.87353e-006 0.713846 -0.700303
-0.707107 0.0304014 0.706453
-1.24032e-006 0.736854 0.676052
0.707107 0.0304009 0.706453
3.81361e-006 -0.676052 0.736854
BONE = 28
BONE_NAME = Bone_mask02
PARENT_ID = 27
LOCALTM 
MAT 1.0 1.50467e-006 1.2815e-006 0.0
MAT 1.54496e-006 1.00001 1.53755e-006 0.0
MAT -1.93343e-006 5.81782e-007 0.999989 0.0
MAT 0.000944912 0.0 -0.169287 1.0
WORLDTM 
MAT -1.54972e-006 -0.0366171 -0.850898 0.0
MAT -0.851688 2.08616e-007 -1.96695e-006 0.0
MAT -3.04356e-006 0.850877 -0.0366162 0.0
MAT -9.73676e-005 0.872461 -0.5293 1.0
VERTEX = 9
0.00852465 1.49309 -0.394657
0.00918533 1.49363 -0.384694
0.0090604 1.48365 -0.384141
0.00839972 1.48311 -0.394104
0.00377705 1.48892 -0.389598
0.00384311 1.48898 -0.388602
0.00383062 1.48798 -0.388547
0.00376455 1.48792 -0.389543
0.00380383 1.48845 -0.389073
INDEX = 14
4 5 7
6 7 5
1 2 5
6 5 2
0 1 4
5 4 1
7 6 3
2 3 6
4 7 0
3 0 7
8 1 0
8 2 1
8 3 2
8 0 3
FACE-NORMAL = 14
0.997737 -0.0161002 -0.0652829
0.997737 -0.0161002 -0.0652829
0.618343 -0.0511675 -0.784241
0.618343 -0.0511674 -0.784241
0.658165 -0.75287 -0.00257563
0.658165 -0.752869 -0.00257565
0.676737 0.731328 -0.0847683
0.676737 0.731329 -0.0847683
0.716559 0.0296265 0.696897
0.716559 0.0296265 0.696897
-0.696673 0.717354 0.00706644
-0.658789 0.0498148 0.750676
-0.714341 -0.694585 0.0852576
-0.752224 -0.0270457 -0.658352
BONE = 29
BONE_NAME = Ref_Head
PARENT_ID = 24
LOCALTM 
MAT 1.17149 -0.0149171 -0.0775264 0.0
MAT 0.0146705 1.17405 -0.00421849 0.0
MAT 0.0775734 0.00324009 1.17158 0.0
MAT -0.0157667 0.18985 -0.0459859 1.0
WORLDTM 
MAT 0.997737 -0.0161002 -0.065283 0.0
MAT 0.0124932 0.998392 -0.0552894 0.0
MAT 0.0660681 0.0543486 0.996334 0.0
MAT 0.00380383 1.48845 -0.389073 1.0
VERTEX = 9
0.00209866 1.60535 0.279855
0.00209865 1.61535 0.279855
0.00209865 1.61535 0.289855
0.00209866 1.60535 0.289855
-0.00290134 1.60985 0.284355
-0.00290134 1.61085 0.284355
-0.00290134 1.61085 0.285355
-0.00290134 1.60985 0.285355
-0.00290134 1.61035 0.284855
INDEX = 14
4 5 7
6 7 5
1 2 5
6 5 2
0 1 4
5 4 1
7 6 3
2 3 6
4 7 0
3 0 7
8 1 0
8 2 1
8 3 2
8 0 3
FACE-NORMAL = 14
1.0 2.87779e-007 -1.68678e-007
1.0 2.87779e-007 -1.68678e-007
0.668965 -0.743294 0.0
0.668965 -0.743294 0.0
0.668965 3.13571e-007 0.743294
0.668965 3.13571e-007 0.743294
0.668965 0.0 -0.743294
0.668965 0.0 -0.743294
0.668965 0.743294 -2.33945e-007
0.668965 0.743294 -2.33945e-007
-0.707107 -3.18654e-007 -0.707107
-0.707107 0.707107 0.0
-0.707107 0.0 0.707107
-0.707107 -0.707107 2.34482e-007
BONE = 30
BONE_NAME = Bone_BackTorso
PARENT_ID = 23
LOCALTM 
MAT 1.0 -6.47932e-007 4.69389e-007 0.0
MAT 4.6939e-007 3.13921e-007 -1.0 0.0
MAT 6.47892e-007 1.0 3.139e-007 0.0
MAT 0.000929639 0.393558 0.272651 1.0
WORLDTM 
MAT 1.0 2.87779e-007 -1.68678e-007 0.0
MAT -1.68646e-007 -1.62865e-007 -1.0 0.0
MAT -2.87818e-007 1.0 -1.62931e-007 0.0
MAT -0.00290134 1.61035 0.284855 1.0
VERTEX = 9
-0.232082 1.94213 0.231895
-0.232082 1.95213 0.231895
-0.232082 1.95213 0.241895
-0.232082 1.94213 0.241895
-0.237082 1.94663 0.236395
-0.237082 1.94763 0.236395
-0.237082 1.94763 0.237395
-0.237082 1.94663 0.237395
-0.237082 1.94713 0.236895
INDEX = 14
4 5 7
6 7 5
1 2 5
6 5 2
0 1 4
5 4 1
7 6 3
2 3 6
4 7 0
3 0 7
8 1 0
8 2 1
8 3 2
8 0 3
FACE-NORMAL = 14
1.0 2.87787e-007 -1.68664e-007
1.0 2.87787e-007 -1.68664e-007
0.668965 -0.743294 0.0
0.668965 -0.743294 0.0
0.668965 3.13511e-007 0.743294
0.668965 3.13511e-007 0.743294
0.668965 0.0 -0.743294
0.668965 0.0 -0.743294
0.668965 0.743294 -2.33995e-007
0.668965 0.743294 -2.33995e-007
-0.707107 -3.18597e-007 -0.707107
-0.707107 0.707107 0.0
-0.707107 0.0 0.707107
-0.707107 -0.707107 2.34529e-007
BONE = 31
BONE_NAME = Bone_Shell~DUP~0
PARENT_ID = 30
LOCALTM 
MAT 1.0 0.0 0.0 0.0
MAT 0.0 1.0 0.0 0.0
MAT 0.0 0.0 1.0 0.0
MAT -0.23418 0.0479605 0.336786 1.0
WORLDTM 
MAT 1.0 2.87787e-007 -1.68664e-007 0.0
MAT -1.6862e-007 -1.62778e-007 -1.0 0.0
MAT -2.87809e-007 0.999999 -1.63011e-007 0.0
MAT -0.237082 1.94713 0.236895 1.0
VERTEX = 9
-0.57426 1.74362 0.151517
-0.57426 1.74027 0.158534
-0.585984 1.72117 0.149423
-0.585984 1.72452 0.142405
-0.583022 1.73526 0.151406
-0.583022 1.73492 0.152108
-0.584194 1.73301 0.151197
-0.584194 1.73335 0.150495
-0.583608 1.73414 0.151302
INDEX = 14
4 5 7
6 7 5
1 2 5
6 5 2
0 1 4
5 4 1
7 6 3
2 3 6
4 7 0
3 0 7
8 1 0
8 2 1
8 3 2
8 0 3
FACE-NORMAL = 14
0.874713 -0.43741 -0.208686
0.874713 -0.43741 -0.208686
0.585152 0.0274491 -0.810459
0.585152 0.027449 -0.810459
0.224921 -0.879418 -0.419565
0.224921 -0.879418 -0.419565
0.945383 0.294194 0.140358
0.945383 0.294194 0.140358
0.585152 -0.612673 0.531252
0.585152 -0.612673 0.531252
-0.275822 0.867533 0.413895
-0.618515 0.00481683 0.785758
-0.961209 -0.248941 -0.118769
-0.618515 0.613774 -0.490632
BONE = 32
BONE_NAME = Vol_Target 02
PARENT_ID = 31
LOCALTM 
MAT 0.697303 0.16636 -0.348695 0.0
MAT 1.17238 -0.911139 1.90977 0.0
MAT -2.66481e-007 -0.701758 -0.334805 0.0
MAT -0.346527 0.0855931 -0.212998 1.0
WORLDTM 
MAT 0.697303 -0.348694 -0.16636 0.0
MAT 1.17238 1.90977 0.911139 0.0
MAT 0.0 -0.334804 0.701758 0.0
MAT -0.583608 1.73414 0.151302 1.0
VERTEX = 9
0.00349622 2.08469 -0.356178
0.00349622 2.08469 -0.346178
0.00349623 2.07469 -0.346178
0.00349622 2.07469 -0.356178
-0.00150378 2.08019 -0.351678
-0.00150378 2.08019 -0.350678
-0.00150378 2.07919 -0.350678
-0.00150378 2.07919 -0.351678
-0.00150378 2.07969 -0.351178
INDEX = 14
4 5 7
6 7 5
1 2 5
6 5 2
0 1 4
5 4 1
7 6 3
2 3 6
4 7 0
3 0 7
8 1 0
8 2 1
8 3 2
8 0 3
FACE-NORMAL = 14
1.0 2.87766e-007 -1.68677e-007
1.0 2.87766e-007 -1.68677e-007
0.668965 1.92548e-007 -0.743294
0.668965 1.92549e-007 -0.743294
0.668965 -0.743294 0.0
0.668965 -0.743294 0.0
0.668965 0.743294 0.0
0.668965 0.743294 0.0
0.668965 1.92462e-007 0.743294
0.668965 1.92462e-007 0.743294
-0.707107 0.707107 1.19231e-007
-0.707107 -2.03522e-007 0.707107
-0.707107 -0.707107 1.19314e-007
-0.707107 -2.0344e-007 -0.707107
BONE = 33
BONE_NAME = Ref_Weapon
PARENT_ID = 23
LOCALTM 
MAT 1.0 -6.47945e-007 4.6939e-007 0.0
MAT 6.47944e-007 1.0 4.76772e-007 0.0
MAT -4.69389e-007 -4.76844e-007 1.0 0.0
MAT 0.00232805 0.8629 -0.363381 1.0
WORLDTM 
MAT 1.0 2.87766e-007 -1.68677e-007 0.0
MAT -2.87766e-007 1.0 0.0 0.0
MAT 1.68646e-007 0.0 1.0 0.0
MAT -0.00150378 2.07969 -0.351178 1.0
VERTEX = 9
0.00919152 2.07667 -0.362697
0.00919152 2.08414 -0.35808
0.00919152 2.07952 -0.350608
0.00919152 2.07205 -0.355225
0.00479976 2.07795 -0.357257
0.00479976 2.0787 -0.356795
0.00479976 2.07824 -0.356048
0.00479976 2.07749 -0.35651
0.00479976 2.07809 -0.356653
INDEX = 14
4 5 7
6 7 5
1 2 5
6 5 2
0 1 4
5 4 1
7 6 3
2 3 6
4 7 0
3 0 7
8 1 0
8 2 1
8 3 2
8 0 3
FACE-NORMAL = 14
1.0 2.87766e-007 -1.68675e-007
1.0 2.87766e-007 -1.68675e-007
0.668965 -0.632305 -0.390738
0.668965 -0.632305 -0.390738
0.668965 -0.390738 0.632305
0.668965 -0.390737 0.632305
0.668965 0.390738 -0.632306
0.668965 0.390738 -0.632306
0.668965 0.632306 0.390738
0.668965 0.632306 0.390738
-0.707107 0.371714 -0.601521
-0.707107 0.601521 0.371715
-0.707107 -0.371715 0.601522
-0.707107 -0.601522 -0.371715
BONE = 34
BONE_NAME = Star2Part02glow
PARENT_ID = 23
LOCALTM 
MAT 0.878352 -5.69124e-007 4.12291e-007 0.0
MAT 6.49906e-007 0.461736 -0.747196 0.0
MAT 2.674e-007 0.747196 0.461736 0.0
MAT 0.00863159 0.861302 -0.368856 1.0
WORLDTM 
MAT 0.878352 2.52759e-007 -1.48156e-007 0.0
MAT -2.58883e-007 0.461735 -0.747196 0.0
MAT -1.37155e-007 0.747196 0.461735 0.0
MAT 0.00479976 2.07809 -0.356653 1.0
VERTEX = 9
-0.00804574 2.16076 -0.568163
-0.00804569 2.17076 -0.568499
0.00195431 2.17076 -0.568498
0.00195426 2.16076 -0.568161
-0.00354651 2.16543 -0.563316
-0.0035465 2.16643 -0.56335
-0.0025465 2.16643 -0.56335
-0.00254651 2.16543 -0.563316
-0.0030465 2.16593 -0.563333
INDEX = 14
4 5 7
6 7 5
1 2 5
6 5 2
0 1 4
5 4 1
7 6 3
2 3 6
4 7 0
3 0 7
8 1 0
8 2 1
8 3 2
8 0 3
FACE-NORMAL = 14
