EXPORTER_V17
ANIMATION_EXPORT
BONEOBJECT_COUNT = 44
VERTEX = 9
0.0042584 0.191118 -0.00425841
0.0042584 0.191118 0.00425839
0.0042584 0.182602 0.00425839
0.0042584 0.182602 -0.00425841
0.0 0.187286 -0.000425848
0.0 0.187286 0.000425832
0.0 0.186434 0.000425832
0.0 0.186434 -0.000425848
0.0 0.18686 0.0
INDEX = 14
4 5 7
6 7 5
1 2 5
6 5 2
0 1 4
5 4 1
7 6 3
2 3 6
4 7 0
3 0 7
8 1 0
8 2 1
8 3 2
8 0 3
FACE-NORMAL = 14
1.0 0.0 0.0
1.0 0.0 0.0
0.668965 0.0 -0.743294
0.668965 0.0 -0.743294
0.668965 -0.743294 0.0
0.668965 -0.743294 0.0
0.668965 0.743294 0.0
0.668965 0.743294 0.0
0.668965 0.0 0.743294
0.668965 0.0 0.743294
-0.707107 0.707107 0.0
-0.707107 0.0 0.707107
-0.707107 -0.707107 0.0
-0.707107 0.0 -0.707107
BONE = 0
BONE_NAME = Bone_Main
PARENT_ID = -1
LOCALTM 
MAT 0.85168 0.0 0.0 0.0
MAT 0.0 0.85168 0.0 0.0
MAT 0.0 0.0 0.85168 0.0
MAT 0.0 0.18686 0.0 1.0
WORLDTM 
MAT 0.85168 0.0 0.0 0.0
MAT 0.0 0.85168 0.0 0.0
MAT 0.0 0.0 0.85168 0.0
MAT 0.0 0.18686 0.0 1.0
VERTEX = 9
0.00425839 0.705457 -0.11854
0.00425839 0.705457 -0.110023
0.00425839 0.69694 -0.110023
0.00425839 0.69694 -0.11854
0.0 0.701624 -0.114708
0.0 0.701624 -0.113856
0.0 0.700773 -0.113856
0.0 0.700773 -0.114708
0.0 0.701199 -0.114282
INDEX = 14
4 5 7
6 7 5
1 2 5
6 5 2
0 1 4
5 4 1
7 6 3
2 3 6
4 7 0
3 0 7
8 1 0
8 2 1
8 3 2
8 0 3
FACE-NORMAL = 14
1.0 0.0 0.0
1.0 0.0 0.0
0.668965 0.0 -0.743294
0.668965 0.0 -0.743294
0.668965 -0.743294 0.0
0.668965 -0.743294 0.0
0.668965 0.743294 0.0
0.668965 0.743294 0.0
0.668965 0.0 0.743294
0.668965 0.0 0.743294
-0.707107 0.707107 0.0
-0.707107 0.0 0.707107
-0.707107 -0.707107 0.0
-0.707107 0.0 -0.707107
BONE = 1
BONE_NAME = Bone_Root
PARENT_ID = 0
LOCALTM 
MAT 1.0 0.0 0.0 0.0
MAT 0.0 1.0 0.0 0.0
MAT 0.0 0.0 1.0 0.0
MAT 0.0 0.603911 -0.134184 1.0
WORLDTM 
MAT 0.85168 0.0 0.0 0.0
MAT 0.0 0.85168 0.0 0.0
MAT 0.0 0.0 0.85168 0.0
MAT 0.0 0.701199 -0.114282 1.0
VERTEX = 9
-0.0857949 0.489559 -0.422869
-0.0857949 0.490887 -0.414456
-0.0857949 0.482474 -0.413129
-0.0857949 0.481147 -0.421541
-0.0900533 0.486371 -0.418486
-0.0900533 0.486504 -0.417644
-0.0900533 0.485662 -0.417512
-0.0900533 0.48553 -0.418353
-0.0900533 0.486017 -0.417999
INDEX = 14
4 5 7
6 7 5
1 2 5
6 5 2
0 1 4
5 4 1
7 6 3
2 3 6
4 7 0
3 0 7
8 1 0
8 2 1
8 3 2
8 0 3
FACE-NORMAL = 14
1.0 0.0 0.0
1.0 0.0 0.0
0.668965 -0.11584 -0.734212
0.668965 -0.11584 -0.734212
0.668965 -0.734212 0.11584
0.668965 -0.734212 0.11584
0.668965 0.734212 -0.11584
0.668965 0.734212 -0.11584
0.668965 0.11584 0.734212
0.668965 0.11584 0.734212
-0.707107 0.698467 -0.1102
-0.707107 0.1102 0.698467
-0.707107 -0.698467 0.1102
-0.707107 -0.1102 -0.698467
BONE = 2
BONE_NAME = Bone_Claw_R
PARENT_ID = 1
LOCALTM 
MAT 1.0 0.0 0.0 0.0
MAT 0.0 0.987781 -0.155846 0.0
MAT 0.0 0.155846 0.987781 0.0
MAT -0.105736 -0.252656 -0.356609 1.0
WORLDTM 
MAT 0.85168 0.0 0.0 0.0
MAT 0.0 0.841273 -0.132731 0.0
MAT 0.0 0.132731 0.841274 0.0
MAT -0.0900533 0.486017 -0.417999 1.0
VERTEX = 9
0.0917297 0.489533 -0.422888
0.0917297 0.490906 -0.414482
0.0917297 0.4825 -0.413109
0.0917297 0.481128 -0.421515
0.0874713 0.486368 -0.418487
0.0874713 0.486506 -0.417647
0.0874713 0.485665 -0.41751
0.0874713 0.485528 -0.41835
0.0874713 0.486017 -0.417999
INDEX = 14
4 5 7
6 7 5
1 2 5
6 5 2
0 1 4
5 4 1
7 6 3
2 3 6
4 7 0
3 0 7
8 1 0
8 2 1
8 3 2
8 0 3
FACE-NORMAL = 14
1.0 0.0 0.0
1.0 0.0 0.0
0.668965 -0.119814 -0.733574
0.668965 -0.119814 -0.733574
0.668965 -0.733574 0.119814
0.668965 -0.733574 0.119814
0.668965 0.733574 -0.119814
0.668965 0.733574 -0.119814
0.668965 0.119814 0.733574
0.668965 0.119814 0.733574
-0.707107 0.69786 -0.113981
-0.707107 0.113981 0.69786
-0.707107 -0.69786 0.113981
-0.707107 -0.113981 -0.69786
BONE = 3
BONE_NAME = Bone_Claw_L
PARENT_ID = 1
LOCALTM 
MAT 1.0 0.0 0.0 0.0
MAT 0.0 0.986923 -0.161194 0.0
MAT 0.0 0.161194 0.986923 0.0
MAT 0.102704 -0.252656 -0.356609 1.0
WORLDTM 
MAT 0.85168 0.0 0.0 0.0
MAT 0.0 0.840542 -0.137285 0.0
MAT 0.0 0.137285 0.840542 0.0
MAT 0.0874713 0.486017 -0.417999 1.0
VERTEX = 9
0.09471 0.675728 -0.231242
0.0947853 0.669204 -0.225768
0.0876543 0.666163 -0.229294
0.087579 0.672687 -0.234768
0.0892069 0.6737 -0.227621
0.0892145 0.673047 -0.227073
0.0885013 0.672743 -0.227426
0.0884938 0.673396 -0.227973
0.0888541 0.673221 -0.227523
INDEX = 14
4 5 7
6 7 5
1 2 5
6 5 2
0 1 4
5 4 1
7 6 3
2 3 6
4 7 0
3 0 7
8 1 0
8 2 1
8 3 2
8 0 3
FACE-NORMAL = 14
0.54669 -0.534514 -0.644535
0.54669 -0.534514 -0.644535
0.359147 0.211806 -0.908929
0.359147 0.211806 -0.908929
-0.256635 -0.62299 -0.738933
-0.256635 -0.62299 -0.738933
0.988068 -0.0921519 -0.123409
0.988068 -0.0921518 -0.123409
0.372285 -0.926948 0.0465865
0.372285 -0.926948 0.0465867
0.205484 0.630456 0.748533
-0.380319 -0.163699 0.910253
-0.978621 0.125461 0.162976
-0.392817 0.919616 0.00125691
BONE = 4
BONE_NAME = Bone01
PARENT_ID = 1
LOCALTM 
MAT 0.54669 -0.534514 -0.644534 0.0
MAT 0.837288 0.357085 0.414051 0.0
MAT 0.00883764 -0.766019 0.642757 0.0
MAT 0.104328 -0.0328496 -0.132962 1.0
WORLDTM 
MAT 0.465605 -0.455235 -0.548937 0.0
MAT 0.713102 0.304122 0.352639 0.0
MAT 0.0075268 -0.652403 0.547423 0.0
MAT 0.0888541 0.673221 -0.227523 1.0
VERTEX = 9
0.331568 0.444077 -0.503855
0.33309 0.442282 -0.51204
0.32515 0.444629 -0.514032
0.323627 0.446425 -0.505847
0.327342 0.440332 -0.507807
0.327494 0.440152 -0.508626
0.3267 0.440387 -0.508825
0.326547 0.440567 -0.508006
0.327021 0.440359 -0.508316
INDEX = 14
4 5 7
6 7 5
1 2 5
6 5 2
0 1 4
5 4 1
7 6 3
2 3 6
4 7 0
3 0 7
8 1 0
8 2 1
8 3 2
8 0 3
FACE-NORMAL = 14
0.314221 0.937854 -0.14729
0.314221 0.937854 -0.14729
0.0773136 0.784101 0.615799
0.0773137 0.784101 0.615799
-0.482818 0.832276 -0.272404
-0.482817 0.832276 -0.272404
0.903223 0.422507 0.0753399
0.903223 0.422507 0.07534
0.343092 0.470682 -0.812863
0.343092 0.470682 -0.812863
0.437093 -0.858073 0.269557
-0.0957683 -0.812243 -0.575404
-0.881468 -0.468254 -0.061257
-0.348607 -0.514083 0.783704
BONE = 5
BONE_NAME = Bone02
PARENT_ID = 4
LOCALTM 
MAT -0.234581 0.537002 -0.810309 0.0
MAT 0.506279 0.779084 0.369743 0.0
MAT 0.829852 -0.323508 -0.454631 0.0
MAT 0.511521 0.0 -1.19209e-007 1.0
WORLDTM 
MAT 0.267616 0.798751 -0.125444 0.0
MAT 0.794075 -0.23476 0.199226 0.0
MAT 0.152267 -0.17956 -0.818493 0.0
MAT 0.327021 0.440359 -0.508316 1.0
VERTEX = 9
0.560447 1.12177 -0.621157
0.560952 1.11874 -0.613211
0.552524 1.11752 -0.61314
0.552019 1.12055 -0.621086
0.556325 1.12379 -0.616017
0.556375 1.12349 -0.615222
0.555532 1.12337 -0.615215
0.555482 1.12367 -0.61601
0.555929 1.12358 -0.615616
INDEX = 14
4 5 7
6 7 5
1 2 5
6 5 2
0 1 4
5 4 1
7 6 3
2 3 6
4 7 0
3 0 7
8 1 0
8 2 1
8 3 2
8 0 3
FACE-NORMAL = 14
0.130792 -0.923799 -0.359846
0.130792 -0.923799 -0.359846
0.043451 -0.354097 -0.934199
0.043451 -0.354097 -0.934199
-0.648096 -0.724539 -0.234551
-0.648096 -0.724539 -0.234552
0.823087 -0.511439 -0.246897
0.823087 -0.511439 -0.246897
0.13154 -0.881881 0.452751
0.13154 -0.881881 0.452751
0.607295 0.754587 0.248577
-0.050584 0.40218 0.914162
-0.792264 0.551862 0.260322
-0.134384 0.904269 -0.405263
BONE = 6
BONE_NAME = Bone03
PARENT_ID = 5
LOCALTM 
MAT -0.77229 0.29241 0.563973 0.0
MAT 0.446628 0.881246 0.15469 0.0
MAT -0.451766 0.371352 -0.811175 0.0
MAT 0.855361 0.0 0.0 1.0
WORLDTM 
MAT 0.111393 -0.786781 -0.306474 0.0
MAT 0.842854 0.122087 -0.00707275 0.0
MAT 0.0504669 -0.302372 0.794596 0.0
MAT 0.555929 1.12358 -0.615616 1.0
VERTEX = 9
0.525777 1.02717 -0.611375
0.519042 1.02476 -0.604386
0.519675 1.01515 -0.607089
0.526409 1.01756 -0.614078
0.519348 1.02245 -0.612757
0.518675 1.02221 -0.612058
0.518738 1.02125 -0.612329
0.519411 1.02149 -0.613028
0.519043 1.02185 -0.612543
INDEX = 14
4 5 7
6 7 5
1 2 5
6 5 2
0 1 4
5 4 1
7 6 3
2 3 6
4 7 0
3 0 7
8 1 0
8 2 1
8 3 2
8 0 3
FACE-NORMAL = 14
0.73655 -0.137801 0.662197
0.73655 -0.137801 0.662197
0.993277 0.0868739 -0.0765077
0.993277 0.0868739 -0.0765075
0.539711 -0.80628 0.242125
0.539711 -0.80628 0.242125
0.445741 0.621912 0.643848
0.445741 0.621912 0.643848
-0.007824 -0.271241 0.96248
-0.00782415 -0.271241 0.96248
-0.565517 0.77677 -0.277161
-0.997001 -0.0729005 0.0259585
-0.476122 -0.58189 -0.659326
-0.0446387 0.26778 -0.962446
BONE = 7
BONE_NAME = Unit_Protoss_Stalker_Leg1_02
PARENT_ID = 6
LOCALTM 
MAT -0.0172053 0.826209 0.834095 0.0
MAT -1.16595 0.085615 -0.108856 0.0
MAT -0.137419 -0.829866 0.819187 0.0
MAT 0.103386 -0.0600137 0.0432087 1.0
WORLDTM 
MAT 0.736552 -0.137801 0.662198 0.0
MAT -0.0632119 0.960717 0.270232 0.0
MAT -0.673422 -0.240897 0.698908 0.0
MAT 0.519043 1.02185 -0.612543 1.0
VERTEX = 9
0.768515 0.0896568 -1.07347
0.775595 0.093618 -1.08196
0.777044 0.082643 -1.08587
0.769964 0.0786818 -1.07738
0.77698 0.0858447 -1.0755
0.777688 0.0862409 -1.07635
0.777833 0.0851434 -1.07674
0.777125 0.0847472 -1.07589
0.777406 0.085494 -1.07612
INDEX = 14
4 5 7
6 7 5
1 2 5
6 5 2
0 1 4
5 4 1
7 6 3
2 3 6
4 7 0
3 0 7
8 1 0
8 2 1
8 3 2
8 0 3
FACE-NORMAL = 14
-0.788126 0.111717 -0.60529
-0.788126 0.111717 -0.60529
-0.97544 -0.176031 0.132399
-0.97544 -0.176031 0.132399
-0.435471 -0.620037 -0.652625
-0.435471 -0.620037 -0.652625
-0.618986 0.769507 -0.157211
-0.618986 0.769507 -0.157211
-0.0790171 0.3255 -0.942235
-0.079017 0.3255 -0.942235
0.469999 0.581951 0.663652
0.98368 0.159561 -0.0831524
0.64458 -0.739943 0.192358
0.130899 -0.317553 0.939162
BONE = 8
BONE_NAME = HitTestFuzzy02
PARENT_ID = 6
LOCALTM 
MAT 0.0158903 -1.04627 -0.897604 0.0
MAT -1.37802 0.0124841 -0.0389464 0.0
MAT 0.0376835 0.897658 -1.04566 0.0
MAT 1.35457 0.0871205 -0.0563118 1.0
WORLDTM 
MAT -0.92538 0.131173 -0.710703 0.0
MAT -0.144945 1.0975 0.391291 0.0
MAT 0.708021 0.396124 -0.848777 0.0
MAT 0.777406 0.085494 -1.07612 1.0
VERTEX = 9
0.00425109 0.805516 0.168974
0.00425707 0.812511 0.173833
0.00426568 0.807653 0.180828
0.0042597 0.800658 0.17597
-7.38487e-007 0.806478 0.174314
-1.40533e-007 0.807177 0.174799
7.20354e-007 0.806692 0.175499
1.224e-007 0.805992 0.175013
0.0 0.806585 0.174906
INDEX = 14
4 5 7
6 7 5
1 2 5
6 5 2
0 1 4
5 4 1
7 6 3
2 3 6
4 7 0
3 0 7
8 1 0
8 2 1
8 3 2
8 0 3
FACE-NORMAL = 14
0.999999 0.0 -0.00123072
0.999999 0.0 -0.00123072
0.668442 -0.610502 -0.424821
0.668442 -0.610502 -0.42482
0.669716 -0.423998 0.609678
0.669716 -0.423998 0.609678
0.668213 0.423997 -0.611324
0.668213 0.423998 -0.611325
0.669486 0.610502 0.423174
0.669486 0.610502 0.423174
-0.707821 0.403355 -0.579909
-0.70661 0.580779 0.404225
-0.706392 -0.403355 0.581649
-0.707603 -0.580779 -0.402485
BONE = 9
BONE_NAME = Bone_Shell
PARENT_ID = 1
LOCALTM 
MAT 0.999999 0.0 -0.00123072 0.0
MAT -0.00101084 0.57043 -0.821345 0.0
MAT 0.000702038 0.821346 0.57043 0.0
MAT 0.0 0.123739 0.33955 1.0
WORLDTM 
MAT 0.851679 0.0 -0.00104818 0.0
MAT -0.000860887 0.485824 -0.699523 0.0
MAT 0.000597953 0.699524 0.485824 0.0
MAT 0.0 0.806585 0.174906 1.0
VERTEX = 9
-0.0941028 0.668492 -0.225466
-0.0940254 0.676156 -0.231889
-0.085646 0.672601 -0.23603
-0.0857234 0.664937 -0.229607
-0.0875687 0.673016 -0.226995
-0.087561 0.673782 -0.227637
-0.086723 0.673427 -0.228052
-0.0867307 0.67266 -0.227409
-0.0871459 0.673221 -0.227523
INDEX = 14
4 5 7
6 7 5
1 2 5
6 5 2
0 1 4
5 4 1
7 6 3
2 3 6
4 7 0
3 0 7
8 1 0
8 2 1
8 3 2
8 0 3
FACE-NORMAL = 14
-0.545707 -0.534992 -0.644971
-0.545707 -0.534992 -0.644971
-0.370815 -0.92757 0.0459459
-0.370815 -0.92757 0.0459457
0.257777 -0.622128 -0.739261
0.257777 -0.622128 -0.739261
-0.987895 -0.0936534 -0.123664
-0.987895 -0.0936533 -0.123664
-0.359303 0.211788 -0.908871
-0.359303 0.211788 -0.908871
-0.20664 0.62967 0.748877
0.391349 0.920241 0.00189731
0.978386 0.126923 0.16325
0.380398 -0.163648 0.910229
BONE = 10
BONE_NAME = Bone01(mirrored)
PARENT_ID = 1
LOCALTM 
MAT -0.640742 -0.628161 -0.757292 0.0
MAT -0.983867 0.417405 0.486216 0.0
MAT 0.00909204 0.899897 -0.754142 0.0
MAT -0.102322 -0.0328495 -0.132962 1.0
WORLDTM 
MAT -0.545707 -0.534992 -0.644971 0.0
MAT -0.83794 0.355495 0.414101 0.0
MAT 0.00774355 0.766425 -0.642288 0.0
MAT -0.0871459 0.673221 -0.227523 1.0
VERTEX = 9
-0.332014 0.442399 -0.512878
-0.330231 0.444505 -0.503266
-0.320911 0.447277 -0.505602
-0.322694 0.445172 -0.515214
-0.325439 0.439907 -0.50887
-0.325261 0.440118 -0.507909
-0.324329 0.440395 -0.508142
-0.324507 0.440184 -0.509103
-0.324884 0.440151 -0.508506
INDEX = 14
4 5 7
6 7 5
1 2 5
6 5 2
0 1 4
5 4 1
7 6 3
2 3 6
4 7 0
3 0 7
8 1 0
8 2 1
8 3 2
8 0 3
FACE-NORMAL = 14
-0.315702 0.937432 -0.146811
-0.315702 0.937432 -0.146811
-0.343722 0.470589 -0.812651
-0.343722 0.470589 -0.812651
0.481524 0.833202 -0.271862
0.481524 0.833202 -0.271862
-0.903911 0.421016 0.0754393
-0.903911 0.421016 0.0754393
-0.078665 0.783629 0.616228
-0.0786649 0.783629 0.616228
-0.435757 -0.858924 0.269007
0.349312 -0.513965 0.783468
0.882227 -0.466805 -0.0613855
0.0971586 -0.811764 -0.575846
BONE = 11
BONE_NAME = Bone02(mirrored)
PARENT_ID = 10
LOCALTM 
MAT -0.234549 0.536998 0.810321 0.0
MAT 0.506232 0.779099 -0.369776 0.0
MAT -0.829889 0.32348 -0.454583 0.0
MAT 0.435652 0.0 0.0 1.0
WORLDTM 
MAT -0.315702 0.937432 -0.146811 0.0
MAT -0.931956 -0.27727 0.233623 0.0
MAT 0.178299 0.210576 0.96118 0.0
MAT -0.324884 0.440151 -0.508506 1.0
VERTEX = 9
-0.560764 1.11738 -0.612639
-0.560178 1.12094 -0.621963
-0.55028 1.11952 -0.621887
-0.550866 1.11595 -0.612562
-0.555395 1.12296 -0.614994
-0.555336 1.12331 -0.615927
-0.554347 1.12317 -0.615919
-0.554405 1.12282 -0.614987
-0.554871 1.12306 -0.615457
INDEX = 14
4 5 7
6 7 5
1 2 5
6 5 2
0 1 4
5 4 1
7 6 3
2 3 6
4 7 0
3 0 7
8 1 0
8 2 1
8 3 2
8 0 3
FACE-NORMAL = 14
-0.130215 -0.923343 -0.361223
-0.130215 -0.923343 -0.361223
-0.130648 -0.882686 0.451438
-0.130648 -0.882686 0.451438
0.648569 -0.723661 -0.235951
0.648569 -0.723661 -0.235951
-0.822788 -0.511707 -0.247339
-0.822788 -0.511707 -0.247339
-0.0435706 -0.352682 -0.934728
-0.0435705 -0.352682 -0.934728
-0.607786 0.75372 0.250006
0.133495 0.905003 -0.403918
0.791938 0.552084 0.26084
0.0506569 0.400802 0.914763
BONE = 12
BONE_NAME = Bone03(mirrored)
PARENT_ID = 11
LOCALTM 
MAT -0.771431 0.292981 -0.564852 0.0
MAT 0.447249 0.881085 -0.153812 0.0
MAT 0.452618 -0.371284 -0.810731 0.0
MAT 0.728494 -4.69387e-007 1.19209e-007 1.0
WORLDTM 
MAT -0.130215 -0.923343 -0.361223 0.0
MAT -0.989755 0.142578 -0.00766021 0.0
MAT 0.0585754 0.356524 -0.932449 0.0
MAT -0.554871 1.12306 -0.615457 1.0
VERTEX = 9
-0.644769 0.0936481 -1.11634
-0.638154 0.0964787 -1.12562
-0.63959 0.0856577 -1.12994
-0.646205 0.0828271 -1.12066
-0.637642 0.0882665 -1.11959
-0.63698 0.0885496 -1.12051
-0.637124 0.0874675 -1.12095
-0.637785 0.0871844 -1.12002
-0.637383 0.087867 -1.12027
INDEX = 14
4 5 7
6 7 5
1 2 5
6 5 2
0 1 4
5 4 1
7 6 3
2 3 6
4 7 0
3 0 7
8 1 0
8 2 1
8 3 2
8 0 3
FACE-NORMAL = 14
-0.817082 0.304199 -0.489735
-0.817082 0.304199 -0.489735
-0.965367 0.0243075 0.25976
-0.965367 0.0243076 0.25976
-0.637522 -0.481521 -0.601418
-0.637522 -0.481521 -0.601418
-0.455676 0.888517 -0.0538131
-0.455676 0.888517 -0.053813
-0.127831 0.382689 -0.914991
-0.127831 0.382689 -0.914991
0.66426 0.436568 0.606767
0.976145 -0.0446342 -0.212484
0.491268 -0.86677 0.0858226
0.179384 -0.385568 0.905074
BONE = 13
BONE_NAME = HitTestFuzzy01
PARENT_ID = 12
LOCALTM 
MAT 0.00284162 1.00488 0.607324 0.0
MAT -1.17408 0.00881451 -0.00909072 0.0
MAT -0.0123392 -0.607267 1.00484 0.0
MAT 1.14894 -0.0620624 0.0968019 1.0
WORLDTM 
MAT -0.959377 0.357175 -0.575022 0.0
MAT 0.143627 1.0821 0.432515 0.0
MAT 0.661511 0.28306 -0.927853 0.0
MAT -0.637383 0.087867 -1.12027 1.0
VERTEX = 9
0.112746 0.670077 -0.0723421
0.111008 0.677798 -0.0662304
0.103665 0.672647 -0.0618099
0.105403 0.664925 -0.0679216
0.105379 0.673093 -0.0708854
0.105205 0.673865 -0.0702742
0.10447 0.67335 -0.0698321
0.104644 0.672578 -0.0704433
0.104925 0.673221 -0.0703587
INDEX = 14
4 5 7
6 7 5
1 2 5
6 5 2
0 1 4
5 4 1
7 6 3
2 3 6
4 7 0
3 0 7
8 1 0
8 2 1
8 3 2
8 0 3
FACE-NORMAL = 14
0.656206 -0.371933 0.656551
0.656206 -0.371933 0.656551
0.568188 -0.822761 -0.0150718
0.568188 -0.822761 -0.0150716
-0.106812 -0.631745 0.767783
-0.106812 -0.631745 0.767783
0.984769 0.134125 0.110637
0.984769 0.134125 0.110637
0.30977 0.325141 0.893491
0.309769 0.325141 0.893491
0.0552107 0.627288 -0.776828
-0.586926 0.809004 -0.0320872
-0.983226 -0.101295 -0.151676
-0.341089 -0.283012 -0.896416
BONE = 14
BONE_NAME = Bone01(mirrored)~DUP~1
PARENT_ID = 1
LOCALTM 
MAT 0.770484 -0.436705 0.77089 0.0
MAT 0.862162 0.604906 -0.519033 0.0
MAT -0.204106 0.906646 0.717609 0.0
MAT 0.123197 -0.0328496 0.0515723 1.0
WORLDTM 
MAT 0.656206 -0.371933 0.656551 0.0
MAT 0.734286 0.515186 -0.44205 0.0
MAT -0.173833 0.772172 0.611173 0.0
MAT 0.104925 0.673221 -0.0703587 1.0
VERTEX = 9
0.406784 0.508542 0.228432
0.403742 0.51212 0.219603
0.394499 0.513257 0.223248
0.397541 0.509678 0.232077
0.400102 0.506029 0.224618
0.399797 0.506387 0.223736
0.398873 0.506501 0.2241
0.399177 0.506143 0.224983
0.399487 0.506265 0.224359
INDEX = 14
4 5 7
6 7 5
1 2 5
6 5 2
0 1 4
5 4 1
7 6 3
2 3 6
4 7 0
3 0 7
8 1 0
8 2 1
8 3 2
8 0 3
FACE-NORMAL = 14
0.230785 0.926843 0.296143
0.230785 0.926843 0.296143
0.380501 0.35405 0.854323
0.380501 0.35405 0.854323
-0.532586 0.704507 0.469064
-0.532586 0.704507 0.469064
0.84136 0.535543 -0.0728452
0.84136 0.535543 -0.0728453
-0.0717264 0.886 -0.458104
-0.0717264 0.886 -0.458104
0.490338 -0.735746 -0.467168
-0.378295 -0.402351 -0.833671
-0.816718 -0.575008 0.0483583
0.0519155 -0.908403 0.414861
BONE = 15
BONE_NAME = Bone02(mirrored)~DUP~2
PARENT_ID = 14
LOCALTM 
MAT 0.00115252 0.516048 0.856559 0.0
MAT 0.409424 0.781233 -0.471218 0.0
MAT -0.912344 0.351239 -0.210382 0.0
MAT 0.448888 0.0 0.0 1.0
WORLDTM 
MAT 0.230785 0.926843 0.296143 0.0
MAT 0.924228 -0.113659 -0.364532 0.0
MAT -0.304205 0.357833 -0.882845 0.0
MAT 0.399487 0.506265 0.224359 1.0
VERTEX = 9
0.575248 1.18247 0.438069
0.574628 1.18431 0.447879
0.564865 1.18216 0.447666
0.565485 1.18032 0.437857
0.569538 1.18713 0.441423
0.569476 1.18731 0.442404
0.5685 1.1871 0.442383
0.568562 1.18691 0.441402
0.569019 1.18711 0.441903
INDEX = 14
4 5 7
6 7 5
1 2 5
6 5 2
0 1 4
5 4 1
7 6 3
2 3 6
4 7 0
3 0 7
8 1 0
8 2 1
8 3 2
8 0 3
FACE-NORMAL = 14
0.207387 -0.959026 0.193025
0.207387 -0.959026 0.193025
0.184809 -0.778348 -0.600017
0.184809 -0.778348 -0.600017
-0.586938 -0.801663 0.11331
-0.586938 -0.801664 0.11331
0.864407 -0.481447 0.144945
0.864408 -0.481446 0.144945
0.0926607 -0.504762 0.858271
0.0926606 -0.504762 0.858271
0.543699 0.830448 -0.121442
-0.190476 0.808267 0.557156
-0.836988 0.525821 -0.151537
-0.102814 0.548001 -0.830135
BONE = 16
BONE_NAME = Bone03(mirrored)~DUP~3
PARENT_ID = 15
LOCALTM 
MAT -0.783841 0.230311 -0.57667 0.0
MAT 0.431261 0.870078 -0.238702 0.0
MAT 0.446773 -0.4358 -0.781328 0.0
MAT 0.734588 -1.63913e-007 0.0 1.0
WORLDTM 
MAT 0.207387 -0.959026 0.193025 0.0
MAT 0.976294 0.215404 0.0212803 0.0
MAT -0.0619863 0.184036 0.980964 0.0
MAT 0.569019 1.18711 0.441903 1.0
VERTEX = 9
0.76662 0.0448027 0.725686
0.774142 0.0437742 0.71673
0.776166 0.0325996 0.719712
0.768643 0.0336281 0.728669
0.775308 0.0410386 0.726489
0.776061 0.0409357 0.725593
0.776263 0.0398182 0.725891
0.775511 0.0399211 0.726787
0.775786 0.0404284 0.72619
INDEX = 14
4 5 7
6 7 5
1 2 5
6 5 2
0 1 4
5 4 1
7 6 3
2 3 6
4 7 0
3 0 7
8 1 0
8 2 1
8 3 2
8 0 3
FACE-NORMAL = 14
-0.748226 -0.294208 -0.594642
-0.748226 -0.294208 -0.594642
-0.976743 -0.131706 0.169192
-0.976743 -0.131706 0.169192
-0.372441 -0.904222 -0.208974
-0.372441 -0.904222 -0.208974
-0.628633 0.510591 -0.586615
-0.628633 0.510592 -0.586615
-0.0243304 -0.261924 -0.964782
-0.0243302 -0.261924 -0.964782
0.407216 0.881004 0.240848
0.982098 0.146098 -0.118908
0.650936 -0.46493 0.600103
0.0760533 0.269976 0.959859
BONE = 17
BONE_NAME = HitTestFuzzy03
PARENT_ID = 16
LOCALTM 
MAT 0.014325 -0.946969 -0.694024 0.0
MAT -1.17121 0.0368067 -0.0743974 0.0
MAT 0.0817589 0.693196 -0.944152 0.0
MAT 1.19746 -0.0390863 0.0550274 1.0
WORLDTM 
MAT -0.878529 -0.345444 -0.698199 0.0
MAT -0.202349 1.11746 -0.298271 0.0
MAT 0.752244 -0.10285 -0.895645 0.0
MAT 0.775786 0.0404284 0.72619 1.0
VERTEX = 9
-0.107602 0.677646 -0.0667766
-0.108601 0.669515 -0.0725105
-0.101199 0.665056 -0.0674769
-0.1002 0.673187 -0.0617429
-0.101396 0.673851 -0.0703237
-0.101495 0.673038 -0.0708971
-0.100755 0.672592 -0.0703938
-0.100655 0.673405 -0.0698204
-0.101075 0.673221 -0.0703587
INDEX = 14
4 5 7
6 7 5
1 2 5
6 5 2
0 1 4
5 4 1
7 6 3
2 3 6
4 7 0
3 0 7
8 1 0
8 2 1
8 3 2
8 0 3
FACE-NORMAL = 14
-0.664987 -0.374106 0.646403
-0.664987 -0.374106 0.646403
-0.370592 0.354155 0.858624
-0.370592 0.354155 0.858624
0.105291 -0.581685 0.80657
0.105291 -0.581685 0.806571
-0.994996 0.0811581 0.0582717
-0.994996 0.0811582 0.0582716
-0.519114 -0.854683 0.00621805
-0.519114 -0.854683 0.0062179
-0.053143 0.579819 -0.81301
0.399571 -0.31046 -0.86253
0.993577 -0.0507537 -0.101142
0.540862 0.839526 -0.0516228
BONE = 18
BONE_NAME = Bone01(mirrored)(mirrored)
PARENT_ID = 1
LOCALTM 
MAT -0.780794 -0.439256 0.758974 0.0
MAT -0.869038 0.523533 -0.591028 0.0
MAT -0.117306 -0.954775 -0.673255 0.0
MAT -0.118678 -0.0328494 0.0515723 1.0
WORLDTM 
MAT -0.664987 -0.374106 0.646403 0.0
MAT -0.740143 0.445882 -0.503367 0.0
MAT -0.0999076 -0.813163 -0.573398 0.0
MAT -0.101075 0.673221 -0.0703587 1.0
VERTEX = 9
-0.403925 0.510615 0.214534
-0.407182 0.507347 0.223406
-0.398206 0.509227 0.227394
-0.394949 0.512495 0.218522
-0.399866 0.505359 0.219161
-0.400191 0.505032 0.220048
-0.399294 0.50522 0.220447
-0.398968 0.505547 0.219559
-0.39958 0.50529 0.219804
INDEX = 14
4 5 7
6 7 5
1 2 5
6 5 2
0 1 4
5 4 1
7 6 3
2 3 6
4 7 0
3 0 7
8 1 0
8 2 1
8 3 2
8 0 3
FACE-NORMAL = 14
-0.297139 0.926187 0.232132
-0.297139 0.926187 0.232132
0.0433234 0.862532 -0.504145
0.0433233 0.862532 -0.504145
0.468378 0.759331 0.451706
0.468378 0.759331 0.451706
-0.865929 0.479843 -0.141129
-0.865929 0.479843 -0.141129
-0.440874 0.376642 0.814721
-0.440875 0.376641 0.814721
-0.424564 -0.787854 -0.446129
-0.0202033 -0.886031 0.463186
0.844782 -0.521973 0.117844
0.440421 -0.423796 -0.791471
BONE = 19
BONE_NAME = Bone02(mirrored)(mirrored)
PARENT_ID = 18
LOCALTM 
MAT 0.0011524 0.516048 -0.856559 0.0
MAT 0.409424 0.781233 0.471218 0.0
MAT 0.912343 -0.351239 -0.210382 0.0
MAT 0.448888 0.0 1.19209e-007 1.0
WORLDTM 
MAT -0.297139 0.926187 0.232132 0.0
MAT -0.897564 -0.188007 -0.398789 0.0
MAT -0.325711 -0.326849 0.887176 0.0
MAT -0.39958 0.50529 0.219804 1.0
VERTEX = 9
-0.623578 1.18286 0.396192
-0.623617 1.18046 0.386485
-0.613748 1.17888 0.386836
-0.613709 1.18128 0.396543
-0.618346 1.18586 0.390793
-0.61835 1.18562 0.389822
-0.617363 1.18546 0.389858
-0.617359 1.1857 0.390828
-0.617855 1.18566 0.390325
INDEX = 14
4 5 7
6 7 5
1 2 5
6 5 2
0 1 4
5 4 1
7 6 3
2 3 6
4 7 0
3 0 7
8 1 0
8 2 1
8 3 2
8 0 3
FACE-NORMAL = 14
-0.161636 -0.957768 0.237809
-0.161636 -0.957768 0.237809
-0.105216 -0.462061 0.880585
-0.105216 -0.462061 0.880585
0.625385 -0.758026 0.185174
0.625385 -0.758026 0.185174
-0.841643 -0.5234 0.132998
-0.841643 -0.5234 0.132998
-0.111042 -0.819366 -0.562413
-0.111042 -0.819366 -0.562413
-0.583509 0.788846 -0.192974
0.111523 0.50729 -0.854529
0.812097 0.565643 -0.143339
0.117065 0.8472 0.518217
BONE = 20
BONE_NAME = Bone03(mirrored)(mirrored)
PARENT_ID = 19
LOCALTM 
MAT -0.783841 0.23031 0.576671 0.0
MAT 0.431261 0.870078 0.238702 0.0
MAT -0.446773 0.4358 -0.781327 0.0
MAT 0.734589 0.0 0.0 1.0
WORLDTM 
MAT -0.161636 -0.957768 0.237809 0.0
MAT -0.986843 0.157829 -0.0350975 0.0
MAT -0.0039185 -0.240352 -0.970678 0.0
MAT -0.617855 1.18566 0.390325 1.0
VERTEX = 9
-0.812224 0.0486854 0.707231
-0.804988 0.0456025 0.698514
-0.806787 0.034275 0.701027
-0.814022 0.0373578 0.709745
-0.805242 0.0423075 0.708166
-0.804518 0.0419992 0.707294
-0.804698 0.0408665 0.707545
-0.805422 0.0411748 0.708417
-0.80497 0.041587 0.707855
INDEX = 14
4 5 7
6 7 5
1 2 5
6 5 2
0 1 4
5 4 1
7 6 3
2 3 6
4 7 0
3 0 7
8 1 0
8 2 1
8 3 2
8 0 3
FACE-NORMAL = 14
-0.772511 -0.0181983 -0.634741
-0.772511 -0.0181983 -0.634741
-0.974843 0.182987 0.127267
-0.974843 0.182987 0.127267
-0.630616 -0.729262 -0.265518
-0.630616 -0.729262 -0.265518
-0.402949 0.704913 -0.58372
-0.402949 0.704913 -0.58372
-0.0587212 -0.207335 -0.976506
-0.0587211 -0.207335 -0.976506
0.65454 0.695045 0.297474
0.982007 -0.172791 -0.0761878
0.437956 -0.669308 0.600185
0.110487 0.198528 0.973848
BONE = 21
BONE_NAME = HitTestFuzzy04
PARENT_ID = 20
LOCALTM 
MAT -0.0101575 0.917894 0.732117 0.0
MAT -1.17375 0.0101497 -0.0290094 0.0
MAT -0.029008 -0.732119 0.91749 0.0
MAT 1.20151 -0.00705796 -0.0325053 1.0
WORLDTM 
MAT -0.907044 -0.0213675 -0.745281 0.0
MAT 0.179818 1.13275 -0.251326 0.0
MAT 0.72358 -0.308287 -0.87179 0.0
MAT -0.80497 0.041587 0.707855 1.0
VERTEX = 9
-0.0073482 0.85363 -0.111657
-0.00734821 0.868327 -0.111663
0.00734859 0.868327 -0.111663
0.0073486 0.85363 -0.111658
-0.000734642 0.860246 -0.104312
-0.000734642 0.861716 -0.104312
0.000735038 0.861716 -0.104312
0.000735039 0.860246 -0.104312
1.98358e-007 0.860981 -0.104312
INDEX = 14
4 5 7
6 7 5
1 2 5
6 5 2
0 1 4
5 4 1
7 6 3
2 3 6
4 7 0
3 0 7
8 1 0
8 2 1
8 3 2
8 0 3
FACE-NORMAL = 14
-1.62942e-007 -0.00036633 -1.0
-1.62942e-007 -0.00036633 -1.0
2.33658e-007 -0.743539 -0.668692
2.33658e-007 -0.743539 -0.668693
0.743294 -0.000244719 -0.668965
0.743294 -0.000244719 -0.668965
-0.743294 -0.000245405 -0.668965
-0.743294 -0.000245405 -0.668965
-4.51664e-007 0.743049 -0.669237
-4.51664e-007 0.743049 -0.669237
-0.707107 0.000258709 0.707107
-2.10761e-007 0.707366 0.706848
0.707107 0.00025936 0.707107
4.41196e-007 -0.706848 0.707366
BONE = 22
BONE_NAME = Bone_Spine_A02
PARENT_ID = 1
LOCALTM 
MAT -2.8114e-007 -0.000632149 -1.72563 0.0
MAT -1.72563 -8.98271e-007 2.81469e-007 0.0
MAT -8.98375e-007 1.72563 -0.000632149 0.0
MAT 2.32365e-007 0.187608 0.0117063 1.0
WORLDTM 
MAT -2.39473e-007 -0.000538388 -1.46968 0.0
MAT -1.46968 -6.7744e-007 2.39722e-007 0.0
MAT -6.77528e-007 1.46968 -0.000538388 0.0
MAT 1.98358e-007 0.860981 -0.104312 1.0
VERTEX = 9
0.0011692 1.22179 0.00720411
0.00116921 1.22179 0.0172041
0.00116922 1.21179 0.0172041
0.00116921 1.21179 0.00720411
-0.00383079 1.21729 0.0117041
-0.00383079 1.21729 0.0127041
-0.00383079 1.21629 0.0127041
-0.00383079 1.21629 0.0117041
-0.00383079 1.21679 0.0122041
INDEX = 14
4 5 7
6 7 5
1 2 5
6 5 2
0 1 4
5 4 1
7 6 3
2 3 6
4 7 0
3 0 7
8 1 0
8 2 1
8 3 2
8 0 3
FACE-NORMAL = 14
1.0 9.35711e-007 -6.38067e-007
1.0 9.35711e-007 -6.38067e-007
0.668964 2.71565e-007 -0.743295
0.668964 2.71565e-007 -0.743294
0.668965 -0.743294 0.0
0.668966 -0.743293 0.0
0.668964 0.743295 -7.8127e-007
0.668964 0.743295 -7.8127e-007
0.668965 9.8035e-007 0.743294
0.668965 9.8035e-007 0.743294
-0.707107 0.707106 0.0
-0.707106 -3.24509e-007 0.707107
-0.707106 -0.707107 7.88352e-007
-0.707107 -9.98786e-007 -0.707106
BONE = 23
BONE_NAME = Bone_Spine_A03
PARENT_ID = 22
LOCALTM 
MAT 3.23051e-007 -0.68042 3.23159e-007 0.0
MAT -0.000248934 3.23041e-007 0.68042 0.0
MAT -0.68042 -3.23151e-007 -0.000248934 0.0
MAT -0.0793684 0.00260658 0.242071 1.0
WORLDTM 
MAT 1.0 9.35711e-007 -6.38068e-007 0.0
MAT -9.3571e-007 1.0 -4.7683e-007 0.0
MAT 6.38039e-007 4.76786e-007 1.0 0.0
MAT -0.00383079 1.21679 0.0122041 1.0
VERTEX = 9
0.0214906 1.33303 -0.346072
0.0214906 1.33347 -0.337567
0.0214906 1.32497 -0.337126
0.0214906 1.32453 -0.345632
0.0172322 1.3294 -0.342047
0.0172322 1.32945 -0.341196
0.0172322 1.3286 -0.341152
0.0172322 1.32855 -0.342003
0.0172322 1.329 -0.341599
INDEX = 14
4 5 7
6 7 5
1 2 5
6 5 2
0 1 4
5 4 1
7 6 3
2 3 6
4 7 0
3 0 7
8 1 0
8 2 1
8 3 2
8 0 3
FACE-NORMAL = 14
1.0 1.41255e-006 -6.01135e-007
1.0 1.41255e-006 -6.01135e-007
0.668964 -0.0384316 -0.7423
0.668964 -0.0384316 -0.7423
0.668966 -0.742299 0.0384322
0.668966 -0.742299 0.0384322
0.668964 0.742301 -0.038433
0.668964 0.742301 -0.038433
0.668965 0.0384335 0.742299
0.668965 0.0384335 0.742299
-0.707108 0.70616 -0.036561
-0.707106 0.0365605 0.706161
-0.707106 -0.706162 0.0365619
-0.707107 -0.0365625 -0.70616
BONE = 24
BONE_NAME = Bone_Head
PARENT_ID = 23
LOCALTM 
MAT 0.85168 4.06113e-007 0.0 0.0
MAT -4.03943e-007 0.85054 -0.0440363 0.0
MAT 0.0 0.0440363 0.85054 0.0
MAT 0.0210633 0.11221 -0.353803 1.0
WORLDTM 
MAT 0.85168 1.20304e-006 -5.11975e-007 0.0
MAT -1.2279e-006 0.85054 -0.0440367 0.0
MAT 4.49062e-007 0.0440367 0.85054 0.0
MAT 0.0172322 1.329 -0.341599 1.0
VERTEX = 9
0.00416003 1.34624 -0.45429
0.00416003 1.34575 -0.445787
0.00416004 1.33724 -0.446277
0.00416004 1.33773 -0.45478
-9.83632e-005 1.34219 -0.450684
-9.83632e-005 1.34214 -0.449834
-9.83619e-005 1.34129 -0.449883
-9.8362e-005 1.34134 -0.450733
-9.83626e-005 1.34174 -0.450284
INDEX = 14
4 5 7
6 7 5
1 2 5
6 5 2
0 1 4
5 4 1
7 6 3
2 3 6
4 7 0
3 0 7
8 1 0
8 2 1
8 3 2
8 0 3
FACE-NORMAL = 14
1.0 1.44549e-006 0.0
1.0 1.44549e-006 0.0
0.668965 0.0427164 -0.742066
0.668965 0.0427164 -0.742066
0.668966 -0.742065 -0.0427153
0.668966 -0.742065 -0.0427153
0.668964 0.742067 0.0427154
0.668964 0.742067 0.0427154
0.668965 -0.0427144 0.742066
0.668965 -0.0427145 0.742066
-0.707108 0.705937 0.0406357
-0.707107 -0.0406368 0.705938
-0.707106 -0.705939 -0.0406358
-0.707107 0.0406348 -0.705938
BONE = 25
BONE_NAME = Bone_face
PARENT_ID = 24
LOCALTM 
MAT 1.0 0.0 6.43549e-007 0.0
MAT 0.0 0.99404 0.109011 0.0
MAT -6.39788e-007 -0.109011 0.994041 0.0
MAT -0.0203486 0.0215355 -0.126668 1.0
WORLDTM 
MAT 0.85168 1.23109e-006 0.0 0.0
MAT -1.23115e-006 0.850271 0.048944 0.0
MAT 0.0 -0.0489441 0.850273 0.0
MAT -9.83626e-005 1.34174 -0.450284 1.0
VERTEX = 9
-0.00481507 1.152 -0.542439
-0.00385684 1.16046 -0.542507
0.00460586 1.1595 -0.542513
0.00364763 1.15104 -0.542445
-0.000569086 1.15541 -0.538214
-0.000473263 1.15625 -0.538221
0.000373008 1.15616 -0.538221
0.000277185 1.15531 -0.538215
-9.80389e-005 1.15578 -0.538218
INDEX = 14
4 5 7
6 7 5
1 2 5
6 5 2
0 1 4
5 4 1
7 6 3
2 3 6
4 7 0
3 0 7
8 1 0
8 2 1
8 3 2
8 0 3
FACE-NORMAL = 14
-0.00154224 -0.00788561 -0.999968
-0.00154224 -0.00788561 -0.999968
-0.0846605 -0.743826 -0.66299
-0.0846605 -0.743826 -0.66299
0.737542 -0.0889109 -0.669423
0.737542 -0.0889109 -0.669423
-0.739605 0.0783605 -0.668464
-0.739605 0.0783605 -0.668464
0.0825971 0.733275 -0.674896
0.0825971 0.733275 -0.674896
-0.701526 0.0851399 0.70754
0.0806479 0.70817 0.701421
0.703707 -0.073988 0.706628
-0.0784668 -0.697018 0.712747
BONE = 26
BONE_NAME = Bone_mask
PARENT_ID = 25
LOCALTM 
MAT -0.00154229 -0.0653386 -0.997864 0.0
MAT -0.993649 0.112373 -0.00582224 0.0
MAT 0.112512 0.991514 -0.0650968 0.0
MAT 0.0 -0.223913 -0.0905297 1.0
WORLDTM 
MAT -0.00131349 -0.00671603 -0.851654 0.0
MAT -0.846271 0.0958313 0.000549453 0.0
MAT 0.0958232 0.846242 -0.00682137 0.0
MAT -9.80389e-005 1.15578 -0.538218 1.0
VERTEX = 9
-0.0199402 1.01301 -0.543796
-0.0201112 1.02152 -0.543864
-0.0115961 1.0217 -0.54386
-0.0114251 1.01318 -0.543792
-0.0161882 1.01695 -0.539567
-0.0162053 1.0178 -0.539573
-0.0153538 1.01782 -0.539573
-0.0153367 1.01697 -0.539566
-0.015771 1.01739 -0.53957
INDEX = 14
4 5 7
6 7 5
1 2 5
6 5 2
0 1 4
5 4 1
7 6 3
2 3 6
4 7 0
3 0 7
8 1 0
8 2 1
8 3 2
8 0 3
FACE-NORMAL = 14
0.000670591 -0.00794263 -0.999968
0.000670591 -0.00794263 -0.999968
0.0153677 -0.748434 -0.663031
0.0153677 -0.748434 -0.663031
0.743593 0.00960803 -0.668563
0.743593 0.00960802 -0.668563
-0.742695 -0.0202347 -0.669324
-0.742695 -0.0202347 -0.669324
-0.0144705 0.737807 -0.674856
-0.0144705 0.737807 -0.674856
-0.707439 -0.00857863 0.706723
-0.014667 0.712558 0.701459
0.70649 0.0198112 0.707446
0.0137186 -0.701325 0.712709
BONE = 27
BONE_NAME = Bone_mask01
PARENT_ID = 26
LOCALTM 
MAT 1.0 -0.0022052 0.000192313 0.0
MAT 0.00221236 0.991191 -0.132432 0.0
MAT 0.000101627 0.132432 0.991188 0.0
MAT 0.00289726 0.0 -0.163521 1.0
WORLDTM 
MAT 0.000571132 -0.00676461 -0.851656 0.0
MAT -0.851509 -0.0170972 -0.000436187 0.0
MAT -0.0170945 0.851475 -0.00677505 0.0
MAT -0.015771 1.01739 -0.53957 1.0
VERTEX = 9
-0.017314 0.869901 -0.544084
-0.0168787 0.878307 -0.542787
-0.00837318 0.877866 -0.542788
-0.00880853 0.86946 -0.544085
-0.0133237 0.872838 -0.539292
-0.0132801 0.873678 -0.539163
-0.0124296 0.873634 -0.539163
-0.0124731 0.872794 -0.539292
-0.0128766 0.873236 -0.539228
INDEX = 14
4 5 7
6 7 5
1 2 5
6 5 2
0 1 4
5 4 1
7 6 3
2 3 6
4 7 0
3 0 7
8 1 0
8 2 1
8 3 2
8 0 3
FACE-NORMAL = 14
0.00775914 0.152106 -0.988334
0.00775914 0.152106 -0.988334
-0.0328044 -0.631884 -0.774368
-0.0328044 -0.631884 -0.774368
0.747492 0.0633217 -0.661246
0.747492 0.0633218 -0.661246
-0.737108 0.140186 -0.661075
-0.737108 0.140185 -0.661075
0.0431857 0.835394 -0.547952
0.0431857 0.835394 -0.547952
-0.711649 -0.0709945 0.698939
0.0306586 0.590365 0.806554
0.700673 -0.144116 0.698776
-0.0416318 -0.805478 0.591161
BONE = 28
BONE_NAME = Bone_mask02
PARENT_ID = 27
LOCALTM 
MAT 0.987102 -0.0103063 0.159779 0.0
MAT -0.00119546 0.997431 0.0717363 0.0
MAT -0.160105 -0.0709988 0.984532 0.0
MAT 0.000944853 0.0 -0.169287 1.0
WORLDTM 
MAT 0.00660835 0.129547 -0.84175 0.0
MAT -0.850548 0.0440365 9.70364e-005 0.0
MAT 0.0435346 0.840602 0.129715 0.0
MAT -0.0128766 0.873236 -0.539228 1.0
VERTEX = 9
0.00852464 1.49309 -0.394657
0.00918533 1.49363 -0.384694
0.00906039 1.48365 -0.384141
0.00839971 1.48311 -0.394104
0.00377704 1.48892 -0.389598
0.00384311 1.48898 -0.388602
0.00383062 1.48798 -0.388547
0.00376455 1.48792 -0.389543
0.00380383 1.48845 -0.389073
INDEX = 14
4 5 7
6 7 5
1 2 5
6 5 2
0 1 4
5 4 1
7 6 3
2 3 6
4 7 0
3 0 7
8 1 0
8 2 1
8 3 2
8 0 3
FACE-NORMAL = 14
0.997737 -0.0161002 -0.065283
0.997737 -0.0161002 -0.065283
0.618343 -0.0511674 -0.784241
0.618343 -0.0511674 -0.784241
0.658165 -0.75287 -0.00257576
0.658165 -0.752869 -0.00257577
0.676737 0.731329 -0.0847683
0.676737 0.731329 -0.0847683
0.716559 0.0296264 0.696897
0.716559 0.0296264 0.696897
-0.696672 0.717354 0.00706656
-0.658789 0.0498147 0.750677
-0.714341 -0.694585 0.0852575
-0.752224 -0.0270456 -0.658352
BONE = 29
BONE_NAME = Ref_Head
PARENT_ID = 24
LOCALTM 
MAT 1.17149 -0.0149171 -0.0775264 0.0
MAT 0.0146705 1.17405 -0.00421849 0.0
MAT 0.0775734 0.00324009 1.17158 0.0
MAT -0.0157667 0.18985 -0.0459859 1.0
WORLDTM 
MAT 0.997737 -0.0161002 -0.065283 0.0
MAT 0.0124931 0.998392 -0.0552893 0.0
MAT 0.0660682 0.0543484 0.996333 0.0
MAT 0.00380383 1.48845 -0.389073 1.0
VERTEX = 9
0.00209866 1.60535 0.279855
0.00209865 1.61535 0.279855
0.00209866 1.61535 0.289855
0.00209866 1.60535 0.289855
-0.00290134 1.60985 0.284355
-0.00290134 1.61085 0.284355
-0.00290134 1.61085 0.285355
-0.00290134 1.60985 0.285355
-0.00290134 1.61035 0.284855
INDEX = 14
4 5 7
6 7 5
1 2 5
6 5 2
0 1 4
5 4 1
7 6 3
2 3 6
4 7 0
3 0 7
8 1 0
8 2 1
8 3 2
8 0 3
FACE-NORMAL = 14
1.0 2.87765e-007 -1.68678e-007
1.0 2.87765e-007 -1.68678e-007
0.668965 -0.743294 0.0
0.668965 -0.743294 0.0
0.668965 3.13572e-007 0.743294
0.668965 3.13572e-007 0.743294
0.668965 0.0 -0.743294
0.668965 0.0 -0.743294
0.668965 0.743294 -2.33907e-007
0.668965 0.743294 -2.33907e-007
-0.707107 -3.18654e-007 -0.707107
-0.707107 0.707107 0.0
-0.707107 0.0 0.707107
-0.707107 -0.707107 2.34446e-007
BONE = 30
BONE_NAME = Bone_BackTorso
PARENT_ID = 23
LOCALTM 
MAT 1.0 -6.47946e-007 4.6939e-007 0.0
MAT 4.6939e-007 3.13906e-007 -1.0 0.0
MAT 6.47937e-007 1.0 3.13951e-007 0.0
MAT 0.000929639 0.393558 0.272651 1.0
WORLDTM 
MAT 1.0 2.87765e-007 -1.68678e-007 0.0
MAT -1.6865e-007 -1.6288e-007 -1.0 0.0
MAT -2.87773e-007 1.0 -1.6288e-007 0.0
MAT -0.00290134 1.61035 0.284855 1.0
VERTEX = 9
-0.232082 1.94213 0.231895
-0.232082 1.95213 0.231895
-0.232082 1.95213 0.241895
-0.232082 1.94213 0.241895
-0.237082 1.94663 0.236395
-0.237082 1.94763 0.236395
-0.237082 1.94763 0.237395
-0.237082 1.94663 0.237395
-0.237082 1.94713 0.236895
INDEX = 14
4 5 7
6 7 5
1 2 5
6 5 2
0 1 4
5 4 1
7 6 3
2 3 6
4 7 0
3 0 7
8 1 0
8 2 1
8 3 2
8 0 3
FACE-NORMAL = 14
1.0 2.87789e-007 -1.68675e-007
1.0 2.87789e-007 -1.68675e-007
0.668965 -0.743294 0.0
0.668965 -0.743294 0.0
0.668965 3.13556e-007 0.743294
0.668965 3.13556e-007 0.743294
0.668965 0.0 -0.743294
0.668965 0.0 -0.743294
0.668965 0.743294 -2.33943e-007
0.668965 0.743294 -2.33943e-007
-0.707107 -3.1864e-007 -0.707107
-0.707107 0.707107 0.0
-0.707107 0.0 0.707107
-0.707107 -0.707107 2.3448e-007
BONE = 31
BONE_NAME = Bone_Shell~DUP~0
PARENT_ID = 30
LOCALTM 
MAT 1.0 0.0 0.0 0.0
MAT 0.0 1.0 0.0 0.0
MAT 0.0 0.0 1.0 0.0
MAT -0.23418 0.0479605 0.336786 1.0
WORLDTM 
MAT 1.0 2.87789e-007 -1.68675e-007 0.0
MAT -1.6864e-007 -1.62836e-007 -1.0 0.0
MAT -2.87742e-007 0.999999 -1.62931e-007 0.0
MAT -0.237082 1.94713 0.236895 1.0
VERTEX = 9
-0.57426 1.74362 0.151517
-0.57426 1.74027 0.158534
-0.585984 1.72117 0.149423
-0.585984 1.72452 0.142405
-0.583022 1.73526 0.151406
-0.583022 1.73492 0.152108
-0.584195 1.73301 0.151197
-0.584195 1.73335 0.150495
-0.583608 1.73414 0.151302
INDEX = 14
4 5 7
6 7 5
1 2 5
6 5 2
0 1 4
5 4 1
7 6 3
2 3 6
4 7 0
3 0 7
8 1 0
8 2 1
8 3 2
8 0 3
FACE-NORMAL = 14
0.874713 -0.43741 -0.208686
0.874713 -0.43741 -0.208686
0.585152 0.0274491 -0.810459
0.585152 0.027449 -0.810459
0.224921 -0.879418 -0.419565
0.224921 -0.879418 -0.419565
0.945383 0.294194 0.140358
0.945383 0.294194 0.140358
0.585152 -0.612673 0.531252
0.585152 -0.612673 0.531252
-0.275822 0.867533 0.413895
-0.618515 0.0048168 0.785758
-0.961209 -0.248942 -0.118769
-0.618515 0.613774 -0.490632
BONE = 32
BONE_NAME = Vol_Target 02
PARENT_ID = 31
LOCALTM 
MAT 0.697303 0.16636 -0.348695 0.0
MAT 1.17238 -0.911139 1.90977 0.0
MAT -2.66481e-007 -0.701757 -0.334804 0.0
MAT -0.346527 0.0855931 -0.212998 1.0
WORLDTM 
MAT 0.697303 -0.348694 -0.16636 0.0
MAT 1.17238 1.90977 0.911139 0.0
MAT 0.0 -0.334804 0.701758 0.0
MAT -0.583608 1.73414 0.151302 1.0
VERTEX = 9
0.00349622 2.08469 -0.356178
0.00349622 2.08469 -0.346178
0.00349623 2.07469 -0.346178
0.00349622 2.07469 -0.356178
-0.00150378 2.08019 -0.351678
-0.00150378 2.08019 -0.350678
-0.00150378 2.07919 -0.350678
-0.00150378 2.07919 -0.351678
-0.00150378 2.07969 -0.351178
INDEX = 14
4 5 7
6 7 5
1 2 5
6 5 2
0 1 4
5 4 1
7 6 3
2 3 6
4 7 0
3 0 7
8 1 0
8 2 1
8 3 2
8 0 3
FACE-NORMAL = 14
1.0 2.87765e-007 -1.68676e-007
1.0 2.87765e-007 -1.68676e-007
0.668965 1.92527e-007 -0.743294
0.668965 1.92527e-007 -0.743294
0.668965 -0.743294 0.0
0.668965 -0.743294 0.0
0.668965 0.743294 0.0
0.668965 0.743294 0.0
0.668965 1.92483e-007 0.743294
0.668965 1.92483e-007 0.743294
-0.707107 0.707107 1.19293e-007
-0.707107 -2.03501e-007 0.707107
-0.707107 -0.707107 1.19252e-007
-0.707107 -2.0346e-007 -0.707107
BONE = 33
BONE_NAME = Ref_Weapon
PARENT_ID = 23
LOCALTM 
MAT 1.0 -6.47946e-007 4.69391e-007 0.0
MAT 6.47943e-007 1.0 4.76859e-007 0.0
MAT -4.69389e-007 -4.76815e-007 1.0 0.0
MAT 0.00232805 0.8629 -0.363381 1.0
WORLDTM 
MAT 1.0 2.87765e-007 -1.68676e-007 0.0
MAT -2.87766e-007 1.0 0.0 0.0
MAT 1.68651e-007 0.0 1.0 0.0
MAT -0.00150378 2.07969 -0.351178 1.0
VERTEX = 9
0.00919152 2.07667 -0.362697
0.00919152 2.08414 -0.35808
0.00919152 2.07952 -0.350608
0.00919152 2.07205 -0.355225
0.00479976 2.07795 -0.357257
0.00479976 2.0787 -0.356795
0.00479976 2.07824 -0.356048
0.00479976 2.07749 -0.35651
0.00479976 2.07809 -0.356653
INDEX = 14
4 5 7
6 7 5
1 2 5
6 5 2
0 1 4
5 4 1
7 6 3
2 3 6
4 7 0
3 0 7
8 1 0
8 2 1
8 3 2
8 0 3
FACE-NORMAL = 14
1.0 2.87765e-007 -1.68677e-007
1.0 2.87765e-007 -1.68677e-007
0.668965 -0.632305 -0.390738
0.668965 -0.632305 -0.390738
0.668965 -0.390738 0.632305
0.668965 -0.390737 0.632305
0.668965 0.390738 -0.632306
0.668965 0.390738 -0.632306
0.668965 0.632306 0.390738
0.668965 0.632306 0.390738
-0.707107 0.371714 -0.601521
-0.707107 0.601521 0.371715
-0.707107 -0.371715 0.601522
-0.707107 -0.601522 -0.371715
BONE = 34
BONE_NAME = Star2Part02glow
PARENT_ID = 23
LOCALTM 
MAT 0.878352 -5.69125e-007 4.1229e-007 0.0
MAT 6.49906e-007 0.461736 -0.747196 0.0
MAT 2.67409e-007 0.747196 0.461736 0.0
MAT 0.00863159 0.861302 -0.368856 1.0
WORLDTM 
MAT 0.878352 2.52759e-007 -1.48158e-007 0.0
MAT -2.58885e-007 0.461735 -0.747196 0.0
MAT -1.37145e-007 0.747196 0.461735 0.0
MAT 0.00479976 2.07809 -0.356653 1.0
VERTEX = 9
-0.00804574 2.16076 -0.568163
-0.00804569 2.17076 -0.568499
0.00195431 2.17076 -0.568498
0.00195426 2.16076 -0.568161
-0.00354651 2.16543 -0.563316
-0.0035465 2.16643 -0.56335
-0.0025465 2.16643 -0.56335
-0.00254651 2.16543 -0.563316
-0.0030465 2.16593 -0.563333
INDEX = 14
4 5 7
6 7 5
1 2 5
6 5 2
0 1 4
5 4 1
7 6 3
2 3 6
4 7 0
3 0 7
8 1 0
8 2 1
8 3 2
8 0 3
FACE-NORMAL = 14
0.000157451 -0.0336201 -0.999435
0.000157451 -0.0336201 -0.999435
0.000101589 -0.765365 -0.643597
