EXPORTER_V17
ANIMATION_EXPORT
BONEOBJECT_COUNT = 44
VERTEX = 9
0.0042584 0.191118 -0.00425841
0.0042584 0.191118 0.00425839
0.0042584 0.182602 0.00425839
0.0042584 0.182602 -0.00425841
0.0 0.187286 -0.000425848
0.0 0.187286 0.000425832
0.0 0.186434 0.000425832
0.0 0.186434 -0.000425848
0.0 0.18686 0.0
INDEX = 14
4 5 7
6 7 5
1 2 5
6 5 2
0 1 4
5 4 1
7 6 3
2 3 6
4 7 0
3 0 7
8 1 0
8 2 1
8 3 2
8 0 3
FACE-NORMAL = 14
1.0 0.0 0.0
1.0 0.0 0.0
0.668965 0.0 -0.743294
0.668965 0.0 -0.743294
0.668965 -0.743294 0.0
0.668965 -0.743294 0.0
0.668965 0.743294 0.0
0.668965 0.743294 0.0
0.668965 0.0 0.743294
0.668965 0.0 0.743294
-0.707107 0.707107 0.0
-0.707107 0.0 0.707107
-0.707107 -0.707107 0.0
-0.707107 0.0 -0.707107
BONE = 0
BONE_NAME = Bone_Main
PARENT_ID = -1
LOCALTM 
MAT 0.85168 0.0 0.0 0.0
MAT 0.0 0.85168 0.0 0.0
MAT 0.0 0.0 0.85168 0.0
MAT 0.0 0.18686 0.0 1.0
WORLDTM 
MAT 0.85168 0.0 0.0 0.0
MAT 0.0 0.85168 0.0 0.0
MAT 0.0 0.0 0.85168 0.0
MAT 0.0 0.18686 0.0 1.0
VERTEX = 9
0.00425839 0.704193 -0.119507
0.00425839 0.706424 -0.111287
0.00425839 0.698204 -0.109057
0.00425839 0.695974 -0.117276
0.0 0.701498 -0.114804
0.0 0.701721 -0.113982
0.0 0.700899 -0.113759
0.0 0.700676 -0.114581
0.0 0.701199 -0.114282
INDEX = 14
4 5 7
6 7 5
1 2 5
6 5 2
0 1 4
5 4 1
7 6 3
2 3 6
4 7 0
3 0 7
8 1 0
8 2 1
8 3 2
8 0 3
FACE-NORMAL = 14
1.0 0.0 0.0
1.0 0.0 0.0
0.668965 -0.194655 -0.717353
0.668965 -0.194655 -0.717353
0.668965 -0.717353 0.194655
0.668965 -0.717353 0.194655
0.668965 0.717353 -0.194655
0.668965 0.717353 -0.194655
0.668965 0.194655 0.717353
0.668965 0.194655 0.717353
-0.707107 0.682429 -0.185178
-0.707107 0.185178 0.682429
-0.707107 -0.682429 0.185178
-0.707107 -0.185178 -0.682429
BONE = 1
BONE_NAME = Bone_Root
PARENT_ID = 0
LOCALTM 
MAT 1.0 0.0 0.0 0.0
MAT 0.0 0.9651 -0.261881 0.0
MAT 0.0 0.261881 0.9651 0.0
MAT 0.0 0.603911 -0.134184 1.0
WORLDTM 
MAT 0.85168 0.0 0.0 0.0
MAT 0.0 0.821956 -0.223039 0.0
MAT 0.0 0.223039 0.821956 0.0
MAT 0.0 0.701199 -0.114282 1.0
VERTEX = 9
-0.0857949 0.416133 -0.356675
-0.0857949 0.419617 -0.348903
-0.0857949 0.411845 -0.345419
-0.0857949 0.408361 -0.353191
-0.0900533 0.414203 -0.35161
-0.0900533 0.414552 -0.350832
-0.0900533 0.413774 -0.350484
-0.0900533 0.413426 -0.351261
-0.0900533 0.413989 -0.351047
INDEX = 14
4 5 7
6 7 5
1 2 5
6 5 2
0 1 4
5 4 1
7 6 3
2 3 6
4 7 0
3 0 7
8 1 0
8 2 1
8 3 2
8 0 3
FACE-NORMAL = 14
1.0 0.0 0.0
1.0 0.0 0.0
0.668965 -0.304073 -0.678252
0.668965 -0.304073 -0.678252
0.668965 -0.678252 0.304073
0.668965 -0.678252 0.304073
0.668965 0.678252 -0.304073
0.668965 0.678252 -0.304073
0.668965 0.304073 0.678252
0.668965 0.304073 0.678252
-0.707107 0.645231 -0.289269
-0.707107 0.289269 0.645231
-0.707107 -0.645231 0.289269
-0.707107 -0.289269 -0.645231
BONE = 2
BONE_NAME = Bone_Claw_R
PARENT_ID = 1
LOCALTM 
MAT 1.0 0.0 0.0 0.0
MAT 0.0 0.987781 -0.155846 0.0
MAT 0.0 0.155846 0.987781 0.0
MAT -0.105736 -0.252656 -0.356609 1.0
WORLDTM 
MAT 0.85168 0.0 0.0 0.0
MAT 0.0 0.777153 -0.348412 0.0
MAT 0.0 0.348413 0.777153 0.0
MAT -0.0900533 0.413989 -0.351047 1.0
VERTEX = 9
0.0917297 0.416102 -0.356686
0.0917297 0.419628 -0.348934
0.0917297 0.411876 -0.345407
0.0917297 0.40835 -0.35316
0.0874713 0.4142 -0.351611
0.0874713 0.414553 -0.350836
0.0874713 0.413778 -0.350483
0.0874713 0.413425 -0.351258
0.0874713 0.413989 -0.351047
INDEX = 14
4 5 7
6 7 5
1 2 5
6 5 2
0 1 4
5 4 1
7 6 3
2 3 6
4 7 0
3 0 7
8 1 0
8 2 1
8 3 2
8 0 3
FACE-NORMAL = 14
1.0 0.0 0.0
1.0 0.0 0.0
0.668965 -0.307742 -0.676595
0.668965 -0.307742 -0.676595
0.668965 -0.676595 0.307742
0.668965 -0.676595 0.307742
0.668965 0.676595 -0.307742
0.668965 0.676595 -0.307742
0.668965 0.307742 0.676595
0.668965 0.307742 0.676595
-0.707107 0.643655 -0.292759
-0.707107 0.292759 0.643655
-0.707107 -0.643655 0.292759
-0.707107 -0.292759 -0.643655
BONE = 3
BONE_NAME = Bone_Claw_L
PARENT_ID = 1
LOCALTM 
MAT 1.0 0.0 0.0 0.0
MAT 0.0 0.986923 -0.161194 0.0
MAT 0.0 0.161194 0.986923 0.0
MAT 0.102704 -0.252656 -0.356609 1.0
WORLDTM 
MAT 0.85168 0.0 0.0 0.0
MAT 0.0 0.775255 -0.352616 0.0
MAT 0.0 0.352616 0.775255 0.0
MAT 0.0874713 0.413989 -0.351047 1.0
VERTEX = 9
0.0946004 0.647278 -0.219972
0.0949101 0.640655 -0.214627
0.087827 0.637488 -0.21814
0.0875174 0.644111 -0.223485
0.0891928 0.645031 -0.216336
0.0892238 0.644369 -0.215802
0.0885155 0.644052 -0.216153
0.0884845 0.644715 -0.216687
0.0888541 0.644542 -0.216244
INDEX = 14
4 5 7
6 7 5
1 2 5
6 5 2
0 1 4
5 4 1
7 6 3
2 3 6
4 7 0
3 0 7
8 1 0
8 2 1
8 3 2
8 0 3
FACE-NORMAL = 14
0.5541 -0.506987 -0.660255
0.5541 -0.506987 -0.660255
0.34365 0.238868 -0.908211
0.34365 0.238868 -0.908211
-0.247491 -0.615499 -0.748271
-0.247491 -0.615499 -0.748271
0.988838 -0.0628136 -0.135105
0.988838 -0.0628135 -0.135105
0.397697 -0.917181 0.0248351
0.397697 -0.917181 0.0248353
0.196261 0.621383 0.758528
-0.3661 -0.191389 0.910681
-0.979877 0.0956048 0.175214
-0.417516 0.908377 0.0230609
BONE = 4
BONE_NAME = Bone01
PARENT_ID = 1
LOCALTM 
MAT 0.5541 -0.316385 -0.769983 0.0
MAT 0.831655 0.250789 0.495433 0.0
MAT 0.0363562 -0.91488 0.402085 0.0
MAT 0.104328 -0.0328495 -0.132962 1.0
WORLDTM 
MAT 0.471916 -0.43179 -0.562326 0.0
MAT 0.708304 0.316638 0.351288 0.0
MAT 0.0309638 -0.662311 0.53455 0.0
MAT 0.0888541 0.644542 -0.216244 1.0
VERTEX = 9
0.334742 0.427425 -0.4994
0.336224 0.425832 -0.507634
0.328201 0.428 -0.509497
0.326719 0.429594 -0.501263
0.330576 0.423644 -0.503381
0.330724 0.423484 -0.504205
0.329922 0.423701 -0.504391
0.329774 0.42386 -0.503567
0.330249 0.423672 -0.503886
INDEX = 14
4 5 7
6 7 5
1 2 5
6 5 2
0 1 4
5 4 1
7 6 3
2 3 6
4 7 0
3 0 7
8 1 0
8 2 1
8 3 2
8 0 3
FACE-NORMAL = 14
0.287067 0.948773 -0.131997
0.287067 0.948773 -0.131997
0.0627534 0.773791 0.630325
0.0627534 0.773791 0.630325
-0.508136 0.823924 -0.250892
-0.508136 0.823924 -0.250892
0.892211 0.445467 0.0742892
0.892211 0.445467 0.0742893
0.321322 0.4956 -0.806928
0.321322 0.4956 -0.806928
0.463099 -0.8509 0.248011
-0.0799969 -0.803207 -0.590304
-0.869072 -0.490867 -0.0613389
-0.325977 -0.53856 0.776976
BONE = 5
BONE_NAME = Bone02
PARENT_ID = 4
LOCALTM 
MAT -0.234799 0.537032 -0.810226 0.0
MAT 0.506598 0.778984 0.369515 0.0
MAT 0.829595 -0.323696 -0.454965 0.0
MAT 0.511521 1.49012e-007 0.0 1.0
WORLDTM 
MAT 0.244489 0.80805 -0.112419 0.0
MAT 0.802271 -0.216822 0.186299 0.0
MAT 0.148136 -0.159378 -0.823415 0.0
MAT 0.330249 0.423672 -0.503886 1.0
VERTEX = 9
0.543851 1.1132 -0.605673
0.544537 1.11009 -0.597775
0.536139 1.10869 -0.597599
0.535452 1.1118 -0.605497
0.539761 1.11507 -0.600449
0.53983 1.11476 -0.599659
0.53899 1.11462 -0.599641
0.538921 1.11493 -0.600431
0.539375 1.11485 -0.600045
INDEX = 14
4 5 7
6 7 5
1 2 5
6 5 2
0 1 4
5 4 1
7 6 3
2 3 6
4 7 0
3 0 7
8 1 0
8 2 1
8 3 2
8 0 3
FACE-NORMAL = 14
0.145484 -0.916097 -0.373633
0.145484 -0.916097 -0.373633
0.03741 -0.341222 -0.939238
0.0374101 -0.341222 -0.939238
-0.635618 -0.735503 -0.234576
-0.635618 -0.735503 -0.234576
0.830265 -0.49017 -0.265319
0.830265 -0.49017 -0.265319
0.157237 -0.884451 0.439344
0.157237 -0.884451 0.439344
0.594385 0.764473 0.249575
-0.045876 0.389387 0.919931
-0.80013 0.531084 0.278821
-0.159869 0.906169 -0.391534
BONE = 6
BONE_NAME = Bone03
PARENT_ID = 5
LOCALTM 
MAT -0.778085 0.288535 0.55797 0.0
MAT 0.442375 0.882329 0.160622 0.0
MAT -0.445968 0.37181 -0.814168 0.0
MAT 0.855361 0.0 0.0 1.0
WORLDTM 
MAT 0.123906 -0.780221 -0.318215 0.0
MAT 0.839817 0.140553 -0.017613 0.0
MAT 0.06865 -0.311221 0.789802 0.0
MAT 0.539375 1.11485 -0.600045 1.0
VERTEX = 9
0.511385 1.01775 -0.596621
0.504807 1.01511 -0.589568
0.505608 1.00555 -0.592403
0.512185 1.00819 -0.599456
0.50504 1.01291 -0.597971
0.504382 1.01265 -0.597266
0.504462 1.01169 -0.59755
0.50512 1.01196 -0.598255
0.504751 1.0123 -0.59776
INDEX = 14
4 5 7
6 7 5
1 2 5
6 5 2
0 1 4
5 4 1
7 6 3
2 3 6
4 7 0
3 0 7
8 1 0
8 2 1
8 3 2
8 0 3
FACE-NORMAL = 14
0.748993 -0.130037 0.649692
0.748993 -0.130037 0.649692
0.989934 0.109516 -0.0896544
0.989934 0.109516 -0.0896543
0.560543 -0.797292 0.223866
0.560543 -0.797292 0.223866
0.441557 0.623312 0.645376
0.441556 0.623312 0.645376
0.0121667 -0.283496 0.958896
0.0121666 -0.283496 0.958896
-0.586215 0.767671 -0.258907
-0.9947 -0.094989 0.0393494
-0.473021 -0.583771 -0.659896
-0.064536 0.278889 -0.958152
BONE = 7
BONE_NAME = Unit_Protoss_Stalker_Leg1_02
PARENT_ID = 6
LOCALTM 
MAT -0.0172054 0.826208 0.834093 0.0
MAT -1.16596 0.0856153 -0.108856 0.0
MAT -0.137419 -0.829866 0.819187 0.0
MAT 0.103386 -0.0600137 0.043209 1.0
WORLDTM 
MAT 0.748992 -0.130037 0.649692 0.0
MAT -0.0800402 0.955614 0.283542 0.0
MAT -0.657726 -0.264372 0.705341 0.0
MAT 0.504751 1.0123 -0.59776 1.0
VERTEX = 9
0.767573 0.0916882 -1.07427
0.774441 0.0959102 -1.08281
0.77607 0.0850198 -1.08688
0.769203 0.0807978 -1.07835
0.776089 0.0880879 -1.07647
0.776775 0.0885101 -1.07732
0.776938 0.0874211 -1.07773
0.776252 0.0869989 -1.07688
0.776513 0.0877545 -1.0771
INDEX = 14
4 5 7
6 7 5
1 2 5
6 5 2
0 1 4
5 4 1
7 6 3
2 3 6
4 7 0
3 0 7
8 1 0
8 2 1
8 3 2
8 0 3
FACE-NORMAL = 14
-0.799152 0.102116 -0.592393
-0.799152 0.102116 -0.592393
-0.969352 -0.198961 0.144123
-0.969352 -0.19896 0.144123
-0.431459 -0.621102 -0.654275
-0.431459 -0.621102 -0.654275
-0.637749 0.757725 -0.138305
-0.637749 0.757725 -0.138305
-0.0998569 0.335585 -0.936702
-0.0998568 0.335585 -0.936702
0.466962 0.583643 0.66431
0.978667 0.182053 -0.0952182
0.663209 -0.728056 0.17346
0.151504 -0.326467 0.932988
BONE = 8
BONE_NAME = HitTestFuzzy02
PARENT_ID = 6
LOCALTM 
MAT 0.0158894 -1.04627 -0.897603 0.0
MAT -1.37802 0.0124839 -0.0389476 0.0
MAT 0.0376835 0.897658 -1.04566 0.0
MAT 1.35457 0.0871204 -0.0563118 1.0
WORLDTM 
MAT -0.938324 0.1199 -0.695557 0.0
MAT -0.162934 1.08904 0.407527 0.0
MAT 0.686753 0.4222 -0.853668 0.0
MAT 0.776513 0.0877545 -1.0771 1.0
VERTEX = 9
0.0042511 0.876055 0.13177
0.00425708 0.884078 0.134627
0.00426569 0.881222 0.14265
0.00425971 0.873198 0.139793
-7.34201e-007 0.878381 0.136671
-1.36241e-007 0.879184 0.136957
7.24657e-007 0.878898 0.137759
1.26698e-007 0.878096 0.137473
0.0 0.87864 0.137215
INDEX = 14
4 5 7
6 7 5
1 2 5
6 5 2
0 1 4
5 4 1
7 6 3
2 3 6
4 7 0
3 0 7
8 1 0
8 2 1
8 3 2
8 0 3
FACE-NORMAL = 14
0.999999 -0.000322361 -0.00118776
0.999999 -0.000322361 -0.00118776
0.668442 -0.700448 -0.250116
0.668442 -0.700448 -0.250116
0.669716 -0.249537 0.699437
0.669716 -0.249537 0.699437
0.668213 0.249106 -0.701026
0.668213 0.249106 -0.701026
0.669486 0.700016 0.248526
0.669486 0.700016 0.248526
-0.707821 0.237411 -0.665301
-0.70661 0.666369 0.238023
-0.706392 -0.236955 0.666981
-0.707603 -0.665913 -0.236343
BONE = 9
BONE_NAME = Bone_Shell
PARENT_ID = 1
LOCALTM 
MAT 0.999999 0.0 -0.00123072 0.0
MAT -0.00101084 0.57043 -0.821345 0.0
MAT 0.000702038 0.821346 0.57043 0.0
MAT 0.0 0.123739 0.33955 1.0
WORLDTM 
MAT 0.851679 -0.000274548 -0.0010116 0.0
MAT -0.000860898 0.285677 -0.802338 0.0
MAT 0.000597959 0.802339 0.285677 0.0
MAT 0.0 0.87864 0.137215 1.0
VERTEX = 9
-0.0942495 0.639965 -0.214349
-0.093897 0.647746 -0.220621
-0.0855735 0.644044 -0.224746
-0.085926 0.636263 -0.218474
-0.0875797 0.644338 -0.215725
-0.0875444 0.645116 -0.216352
-0.086712 0.644746 -0.216764
-0.0867473 0.643968 -0.216137
-0.0871459 0.644542 -0.216244
INDEX = 14
4 5 7
6 7 5
1 2 5
6 5 2
0 1 4
5 4 1
7 6 3
2 3 6
4 7 0
3 0 7
8 1 0
8 2 1
8 3 2
8 0 3
FACE-NORMAL = 14
-0.553127 -0.50751 -0.660669
-0.553127 -0.50751 -0.660669
-0.396225 -0.917834 0.0242298
-0.396225 -0.917834 0.0242296
0.248659 -0.614682 -0.748555
0.248659 -0.614682 -0.748555
-0.988704 -0.0643305 -0.135374
-0.988704 -0.0643304 -0.135374
-0.34382 0.238821 -0.908159
-0.34382 0.238821 -0.908159
-0.197441 0.620643 0.758828
0.416047 0.909035 0.0236663
0.979681 0.0970848 0.1755
0.366193 -0.191308 0.910661
BONE = 10
BONE_NAME = Bone01(mirrored)
PARENT_ID = 1
LOCALTM 
MAT -0.649454 -0.371949 -0.904705 0.0
MAT -0.977304 0.292682 0.581241 0.0
MAT 0.041391 1.07453 -0.471482 0.0
MAT -0.102322 -0.0328494 -0.132962 1.0
WORLDTM 
MAT -0.553127 -0.50751 -0.660669 0.0
MAT -0.832351 0.370211 0.412475 0.0
MAT 0.0352519 0.77806 -0.6272 0.0
MAT -0.0871459 0.644542 -0.216244 1.0
VERTEX = 9
-0.335135 0.42597 -0.508467
-0.333401 0.42784 -0.498797
-0.323984 0.430402 -0.500982
-0.325719 0.428533 -0.510651
-0.328674 0.423223 -0.504441
-0.328501 0.42341 -0.503474
-0.327559 0.423666 -0.503692
-0.327733 0.423479 -0.504659
-0.328117 0.423444 -0.504066
INDEX = 14
4 5 7
6 7 5
1 2 5
6 5 2
0 1 4
5 4 1
7 6 3
2 3 6
4 7 0
3 0 7
8 1 0
8 2 1
8 3 2
8 0 3
FACE-NORMAL = 14
-0.288577 0.948374 -0.131568
-0.288577 0.948374 -0.131568
-0.321973 0.495491 -0.806736
-0.321973 0.495491 -0.806736
0.506849 0.824873 -0.250377
0.506849 0.824873 -0.250377
-0.892945 0.443984 0.074349
-0.892945 0.443984 0.0743491
-0.0641236 0.773367 0.630708
-0.0641236 0.773367 0.630708
-0.461767 -0.851774 0.247491
0.326703 -0.538428 0.776763
0.869877 -0.489429 -0.0614261
0.0814072 -0.802775 -0.590698
BONE = 11
BONE_NAME = Bone02(mirrored)
PARENT_ID = 10
LOCALTM 
MAT -0.234767 0.537028 0.810238 0.0
MAT 0.506551 0.778999 -0.36955 0.0
MAT -0.829633 0.323669 -0.454915 0.0
MAT 0.435652 0.0 0.0 1.0
WORLDTM 
MAT -0.288577 0.948374 -0.131568 0.0
MAT -0.941615 -0.256217 0.218437 0.0
MAT 0.17345 0.186922 0.966941 0.0
MAT -0.328117 0.423444 -0.504066 1.0
VERTEX = 9
-0.544398 1.10874 -0.597254
-0.543599 1.11241 -0.606522
-0.533737 1.11076 -0.606321
-0.534536 1.1071 -0.597053
-0.538876 1.11423 -0.599459
-0.538796 1.11459 -0.600386
-0.53781 1.11443 -0.600366
-0.53789 1.11406 -0.599439
-0.538343 1.11433 -0.599913
INDEX = 14
4 5 7
6 7 5
1 2 5
6 5 2
0 1 4
5 4 1
7 6 3
2 3 6
4 7 0
3 0 7
8 1 0
8 2 1
8 3 2
8 0 3
FACE-NORMAL = 14
-0.144884 -0.915639 -0.374986
-0.144884 -0.915639 -0.374986
-0.156349 -0.885253 0.438043
-0.156349 -0.885254 0.438043
0.636125 -0.734623 -0.235953
0.636125 -0.734623 -0.235953
-0.829968 -0.490437 -0.265753
-0.829968 -0.490437 -0.265753
-0.0374958 -0.339807 -0.939748
-0.0374958 -0.339806 -0.939748
-0.59491 0.763604 0.250981
0.158981 0.9069 -0.390201
0.799806 0.531305 0.27933
0.0459152 0.388008 0.920511
BONE = 12
BONE_NAME = Bone03(mirrored)
PARENT_ID = 11
LOCALTM 
MAT -0.777221 0.289116 -0.558873 0.0
MAT 0.443016 0.882168 -0.159739 0.0
MAT 0.446837 -0.371742 -0.813723 0.0
MAT 0.728494 -4.99189e-007 1.78814e-007 1.0
WORLDTM 
MAT -0.144884 -0.915638 -0.374986 0.0
MAT -0.986214 0.164259 -0.0200461 0.0
MAT 0.07995 0.366912 -0.926814 0.0
MAT -0.538343 1.11433 -0.599913 1.0
VERTEX = 9
-0.643175 0.0935345 -1.11533
-0.636365 0.0963369 -1.12447
-0.637972 0.0856054 -1.12896
-0.644782 0.082803 -1.11981
-0.636119 0.08804 -1.11854
-0.635438 0.0883202 -1.11945
-0.635599 0.0872471 -1.1199
-0.63628 0.0869668 -1.11899
-0.635859 0.0876435 -1.11922
INDEX = 14
4 5 7
6 7 5
1 2 5
6 5 2
0 1 4
5 4 1
7 6 3
2 3 6
4 7 0
3 0 7
8 1 0
8 2 1
8 3 2
8 0 3
FACE-NORMAL = 14
-0.803031 0.328146 -0.497455
-0.803031 0.328146 -0.497455
-0.968318 0.0421152 0.246143
-0.968318 0.0421152 0.246143
-0.638921 -0.459836 -0.616709
-0.638921 -0.459836 -0.616709
-0.435478 0.898873 -0.0488497
-0.435478 0.898873 -0.0488496
-0.106081 0.396921 -0.911702
-0.106081 0.396921 -0.911702
0.664598 0.414246 0.62186
0.977958 -0.0632682 -0.198984
0.471059 -0.878315 0.0816467
0.157699 -0.400801 0.902491
BONE = 13
BONE_NAME = HitTestFuzzy01
PARENT_ID = 12
LOCALTM 
MAT 0.00284186 1.00488 0.607325 0.0
MAT -1.17408 0.00881453 -0.00908932 0.0
MAT -0.0123388 -0.607267 1.00484 0.0
MAT 1.14894 -0.0620624 0.0968018 1.0
WORLDTM 
MAT -0.942879 0.385293 -0.584086 0.0
MAT 0.160686 1.07315 0.448512 0.0
MAT 0.68102 0.280236 -0.9145 0.0
MAT -0.635859 0.0876435 -1.11922 1.0
VERTEX = 9
0.112705 0.682495 -0.0666129
0.111073 0.690179 -0.0604243
0.103698 0.685062 -0.0560157
0.105331 0.677378 -0.0622043
0.105375 0.685572 -0.0650948
0.105212 0.68634 -0.0644759
0.104474 0.685829 -0.0640351
0.104637 0.68506 -0.0646539
0.104925 0.6857 -0.0645649
INDEX = 14
4 5 7
6 7 5
1 2 5
6 5 2
0 1 4
5 4 1
7 6 3
2 3 6
4 7 0
3 0 7
8 1 0
8 2 1
8 3 2
8 0 3
FACE-NORMAL = 14
0.655419 -0.384403 0.650123
0.655419 -0.384403 0.650123
0.559765 -0.828272 -0.0250812
0.559765 -0.828272 -0.0250811
-0.109668 -0.637507 0.7626
-0.109668 -0.637507 0.7626
0.986572 0.123203 0.107219
0.986572 0.123203 0.107219
0.31714 0.313968 0.8949
0.31714 0.313968 0.8949
0.0579834 0.633651 -0.771443
-0.578858 0.815129 -0.0221105
-0.984886 -0.0900232 -0.14797
-0.348045 -0.271501 -0.897303
BONE = 14
BONE_NAME = Bone01(mirrored)~DUP~1
PARENT_ID = 1
LOCALTM 
MAT 0.76956 -0.635499 0.618503 0.0
MAT 0.865842 0.715421 -0.342227 0.0
MAT -0.191632 0.680398 0.937531 0.0
MAT 0.123197 -0.0328495 0.0515723 1.0
WORLDTM 
MAT 0.655419 -0.384403 0.650123 0.0
MAT 0.73742 0.511715 -0.440862 0.0
MAT -0.163209 0.768363 0.618854 0.0
MAT 0.104925 0.6857 -0.0645649 1.0
VERTEX = 9
0.406472 0.515313 0.231326
0.403425 0.519001 0.222544
0.394212 0.520198 0.226243
0.397258 0.51651 0.235024
0.399747 0.512902 0.227522
0.399443 0.513271 0.226644
0.398521 0.513391 0.227013
0.398826 0.513022 0.227892
0.399134 0.513146 0.227268
INDEX = 14
4 5 7
6 7 5
1 2 5
6 5 2
0 1 4
5 4 1
7 6 3
2 3 6
4 7 0
3 0 7
8 1 0
8 2 1
8 3 2
8 0 3
FACE-NORMAL = 14
0.241502 0.921775 0.303328
0.241502 0.921775 0.303328
0.387979 0.342514 0.855661
0.387979 0.342515 0.855661
-0.523277 0.705594 0.477827
-0.523277 0.705594 0.477827
0.846389 0.527676 -0.0719956
0.846389 0.527676 -0.0719957
-0.064867 0.890756 -0.449829
-0.0648671 0.890756 -0.44983
0.480724 -0.736421 -0.476013
-0.386167 -0.391018 -0.835452
-0.822259 -0.567166 0.047042
0.0446323 -0.912568 0.406481
BONE = 15
BONE_NAME = Bone02(mirrored)~DUP~2
PARENT_ID = 14
LOCALTM 
MAT 0.00115243 0.516048 0.856559 0.0
MAT 0.409424 0.781233 -0.471218 0.0
MAT -0.912344 0.351238 -0.210382 0.0
MAT 0.448888 0.0 0.0 1.0
WORLDTM 
MAT 0.241502 0.921775 0.303328 0.0
MAT 0.921349 -0.119682 -0.369856 0.0
MAT -0.304621 0.368792 -0.878179 0.0
MAT 0.399134 0.513146 0.227268 1.0
VERTEX = 9
0.58271 1.18561 0.446193
0.582156 1.18739 0.456017
0.572376 1.18532 0.455843
0.572929 1.18353 0.446019
0.577055 1.19029 0.449606
0.577 1.19046 0.450589
0.576022 1.19026 0.450571
0.576077 1.19008 0.449589
0.576538 1.19027 0.450089
INDEX = 14
4 5 7
6 7 5
1 2 5
6 5 2
0 1 4
5 4 1
7 6 3
2 3 6
4 7 0
3 0 7
8 1 0
8 2 1
8 3 2
8 0 3
FACE-NORMAL = 14
0.200841 -0.961829 0.18587
0.200841 -0.961829 0.18587
0.175492 -0.775954 -0.605886
0.175492 -0.775954 -0.605886
-0.592631 -0.797735 0.111391
-0.592631 -0.797735 0.111391
0.861341 -0.489125 0.13729
0.861341 -0.489125 0.13729
0.093219 -0.510905 0.854568
0.0932189 -0.510905 0.854568
0.549577 0.826908 -0.119111
-0.181149 0.806188 0.563245
-0.833608 0.533324 -0.143749
-0.102882 0.554043 -0.826106
BONE = 16
BONE_NAME = Bone03(mirrored)~DUP~3
PARENT_ID = 15
LOCALTM 
MAT -0.781707 0.231412 -0.579122 0.0
MAT 0.432844 0.869845 -0.236677 0.0
MAT 0.448977 -0.435683 -0.780129 0.0
MAT 0.734588 -1.93715e-007 0.0 1.0
WORLDTM 
MAT 0.200841 -0.961829 0.18587 0.0
MAT 0.97806 0.207596 0.0174219 0.0
MAT -0.0553434 0.178294 0.98242 0.0
MAT 0.576538 1.19027 0.450089 1.0
VERTEX = 9
0.766629 0.0446694 0.725612
0.774095 0.0436387 0.716609
0.776046 0.0324298 0.719511
0.76858 0.0334606 0.728514
0.775291 0.0408321 0.726345
0.776038 0.040729 0.725445
0.776233 0.0396082 0.725735
0.775486 0.0397112 0.726635
0.775762 0.0402201 0.72604
INDEX = 14
4 5 7
6 7 5
1 2 5
6 5 2
0 1 4
5 4 1
7 6 3
2 3 6
4 7 0
3 0 7
8 1 0
8 2 1
8 3 2
8 0 3
FACE-NORMAL = 14
-0.753658 -0.284551 -0.592478
-0.753658 -0.284551 -0.592478
-0.976842 -0.125105 0.173574
-0.976842 -0.125105 0.173573
-0.380656 -0.899928 -0.212673
-0.380656 -0.899928 -0.212673
-0.627685 0.519218 -0.580021
-0.627684 0.519218 -0.580021
-0.0314984 -0.255604 -0.966268
-0.0314982 -0.255604 -0.966268
0.415416 0.876236 0.244213
0.982576 0.139135 -0.123228
0.650417 -0.473819 0.593677
0.0832564 0.263281 0.96112
BONE = 17
BONE_NAME = HitTestFuzzy03
PARENT_ID = 16
LOCALTM 
MAT 0.0143254 -0.946969 -0.694023 0.0
MAT -1.17121 0.0368065 -0.0743987 0.0
MAT 0.0817612 0.693196 -0.944153 0.0
MAT 1.19746 -0.0390865 0.0550275 1.0
WORLDTM 
MAT -0.884906 -0.334105 -0.695657 0.0
MAT -0.195111 1.12088 -0.290143 0.0
MAT 0.746661 -0.103072 -0.90028 0.0
MAT 0.775762 0.0402201 0.72604 1.0
VERTEX = 9
-0.107665 0.690025 -0.060977
-0.108551 0.681933 -0.0667842
-0.101126 0.67751 -0.0617528
-0.100241 0.685602 -0.0559456
-0.101402 0.686326 -0.0645262
-0.101491 0.685517 -0.0651069
-0.100749 0.685075 -0.0646037
-0.10066 0.685884 -0.064023
-0.101075 0.6857 -0.0645649
INDEX = 14
4 5 7
6 7 5
1 2 5
6 5 2
0 1 4
5 4 1
7 6 3
2 3 6
4 7 0
3 0 7
8 1 0
8 2 1
8 3 2
8 0 3
FACE-NORMAL = 14
-0.664028 -0.38659 0.640012
-0.664028 -0.38659 0.640012
-0.37838 0.342912 0.859791
-0.37838 0.342912 0.859791
0.107643 -0.587372 0.802126
0.107643 -0.587372 0.802126
-0.996065 0.0701421 0.0541645
-0.996065 0.0701422 0.0541644
-0.510043 -0.860142 -0.00349969
-0.510042 -0.860142 -0.00349984
-0.0554485 0.586112 -0.80833
0.406912 -0.298881 -0.863187
0.994526 -0.0393912 -0.0967831
0.532165 0.845602 -0.0419262
BONE = 18
BONE_NAME = Bone01(mirrored)(mirrored)
PARENT_ID = 1
LOCALTM 
MAT -0.779668 -0.634869 0.606372 0.0
MAT -0.871741 0.655909 -0.434143 0.0
MAT -0.103991 -0.738481 -0.906896 0.0
MAT -0.118678 -0.0328493 0.0515723 1.0
WORLDTM 
MAT -0.664028 -0.38659 0.640012 0.0
MAT -0.742444 0.442298 -0.50314 0.0
MAT -0.0885668 -0.809272 -0.580719 0.0
MAT -0.101075 0.6857 -0.0645649 1.0
VERTEX = 9
-0.403526 0.517488 0.217484
-0.40679 0.514111 0.226312
-0.397853 0.516051 0.230358
-0.394589 0.519429 0.22153
-0.399433 0.512237 0.222085
-0.399759 0.511899 0.222968
-0.398866 0.512093 0.223372
-0.398539 0.512431 0.222489
-0.399149 0.512165 0.222728
INDEX = 14
4 5 7
6 7 5
1 2 5
6 5 2
0 1 4
5 4 1
7 6 3
2 3 6
4 7 0
3 0 7
8 1 0
8 2 1
8 3 2
8 0 3
FACE-NORMAL = 14
-0.30804 0.92099 0.238513
-0.30804 0.92099 0.238513
0.0365535 0.867194 -0.496628
0.0365535 0.867194 -0.496628
0.458159 0.760372 0.460352
0.458159 0.760373 0.460352
-0.870294 0.471848 -0.141239
-0.870294 0.471848 -0.141239
-0.448689 0.365027 0.815741
-0.448689 0.365026 0.815741
-0.414072 -0.788477 -0.454805
-0.0129922 -0.890098 0.455584
0.849705 -0.514 0.117497
0.448626 -0.412379 -0.792892
BONE = 19
BONE_NAME = Bone02(mirrored)(mirrored)
PARENT_ID = 18
LOCALTM 
MAT 0.00115237 0.516048 -0.856558 0.0
MAT 0.409424 0.781233 0.471218 0.0
MAT 0.912343 -0.351239 -0.210382 0.0
MAT 0.448888 0.0 1.19209e-007 1.0
WORLDTM 
MAT -0.308039 0.92099 0.238513 0.0
MAT -0.893625 -0.194085 -0.404679 0.0
MAT -0.326413 -0.337798 0.882806 0.0
MAT -0.399149 0.512165 0.222728 1.0
VERTEX = 9
-0.631164 1.18583 0.403755
-0.631128 1.18349 0.394034
-0.621249 1.18199 0.394432
-0.621285 1.18433 0.404153
-0.625927 1.18891 0.398403
-0.625924 1.18867 0.397431
-0.624936 1.18852 0.397471
-0.624939 1.18876 0.398443
-0.625431 1.18871 0.397937
INDEX = 14
4 5 7
6 7 5
1 2 5
6 5 2
0 1 4
5 4 1
7 6 3
2 3 6
4 7 0
3 0 7
8 1 0
8 2 1
8 3 2
8 0 3
FACE-NORMAL = 14
-0.155032 -0.960484 0.231159
-0.155032 -0.960484 0.231159
-0.106394 -0.4682 0.877194
-0.106394 -0.468201 0.877194
0.630591 -0.753929 0.184242
0.630591 -0.753929 0.184242
-0.838013 -0.531131 0.125034
-0.838013 -0.531131 0.125033
-0.101028 -0.81686 -0.567919
-0.101028 -0.81686 -0.56792
-0.588929 0.785141 -0.191617
0.112176 0.513323 -0.850833
0.808177 0.573189 -0.135292
0.107072 0.845008 0.523925
BONE = 20
BONE_NAME = Bone03(mirrored)(mirrored)
PARENT_ID = 19
LOCALTM 
MAT -0.781706 0.231411 0.579123 0.0
MAT 0.432845 0.869845 0.236678 0.0
MAT -0.448976 0.435683 -0.780128 0.0
MAT 0.734588 -1.19209e-007 0.0 1.0
WORLDTM 
MAT -0.155032 -0.960484 0.231159 0.0
MAT -0.987903 0.149872 -0.0398282 0.0
MAT 0.00360925 -0.234536 -0.972101 0.0
MAT -0.625431 1.18871 0.397937 1.0
VERTEX = 9
-0.812158 0.0482897 0.706934
-0.804847 0.0453193 0.698239
-0.806565 0.0339623 0.700675
-0.813876 0.0369328 0.709369
-0.805128 0.0419643 0.70787
-0.804397 0.0416673 0.707001
-0.804569 0.0405316 0.707244
-0.8053 0.0408286 0.708114
-0.804849 0.041248 0.707557
INDEX = 14
4 5 7
6 7 5
1 2 5
6 5 2
0 1 4
5 4 1
7 6 3
2 3 6
4 7 0
3 0 7
8 1 0
8 2 1
8 3 2
8 0 3
FACE-NORMAL = 14
-0.768703 -0.0207677 -0.639268
-0.768703 -0.0207677 -0.639268
-0.977038 0.174153 0.12275
-0.977038 0.174153 0.12275
-0.623017 -0.732841 -0.273484
-0.623017 -0.732841 -0.273484
-0.405454 0.705055 -0.581812
-0.405454 0.705055 -0.581812
-0.0514322 -0.201938 -0.978047
-0.0514321 -0.201938 -0.978047
0.647041 0.698631 0.305373
0.983826 -0.164205 -0.0715708
0.44007 -0.669261 0.598689
0.103284 0.193576 0.975634
BONE = 21
BONE_NAME = HitTestFuzzy04
PARENT_ID = 20
LOCALTM 
MAT -0.0101581 0.917894 0.732117 0.0
MAT -1.17375 0.0101494 -0.0290099 0.0
MAT -0.029008 -0.732118 0.917491 0.0
MAT 1.20151 -0.00705791 -0.0325053 1.0
WORLDTM 
MAT -0.902573 -0.0243844 -0.750598 0.0
MAT 0.171837 1.13569 -0.243527 0.0
MAT 0.73107 -0.297047 -0.86944 0.0
MAT -0.804849 0.041248 0.707557 1.0
VERTEX = 9
-0.0073482 0.848997 -0.151668
-0.00734821 0.86318 -0.155522
0.00734859 0.86318 -0.155522
0.0073486 0.848997 -0.151668
-0.000734642 0.857306 -0.146311
-0.000734642 0.858725 -0.146696
0.000735038 0.858725 -0.146696
0.000735039 0.857306 -0.146311
1.98181e-007 0.858015 -0.146504
INDEX = 14
4 5 7
6 7 5
1 2 5
6 5 2
0 1 4
5 4 1
7 6 3
2 3 6
4 7 0
3 0 7
8 1 0
8 2 1
8 3 2
8 0 3
FACE-NORMAL = 14
-1.78551e-007 -0.262235 -0.965004
-1.78551e-007 -0.262235 -0.965004
2.24767e-007 -0.892708 -0.450636
2.24767e-007 -0.892708 -0.450636
0.743294 -0.175425 -0.645554
0.743294 -0.175425 -0.645554
-0.743294 -0.175426 -0.645554
-0.743294 -0.175426 -0.645554
-4.63656e-007 0.541856 -0.840471
-4.63656e-007 0.541856 -0.840471
-0.707107 0.185428 0.682361
-2.01199e-007 0.867789 0.496933
0.707107 0.185428 0.682361
4.53708e-007 -0.496933 0.867789
BONE = 22
BONE_NAME = Bone_Spine_A02
PARENT_ID = 1
LOCALTM 
MAT -2.8114e-007 -0.000632197 -1.72563 0.0
MAT -1.72563 -8.98272e-007 2.81469e-007 0.0
MAT -8.98375e-007 1.72563 -0.000632197 0.0
MAT 2.32365e-007 0.187608 0.0117064 1.0
WORLDTM 
MAT -2.62413e-007 -0.385401 -1.41825 0.0
MAT -1.46968 -5.87962e-007 4.31705e-007 0.0
MAT -6.80594e-007 1.41825 -0.385401 0.0
MAT 1.98181e-007 0.858015 -0.146504 1.0
VERTEX = 9
0.0011692 1.23544 -0.133369
0.00116921 1.23806 -0.123718
0.00116922 1.22841 -0.121099
0.00116921 1.22579 -0.13075
-0.00383079 1.23227 -0.127848
-0.00383079 1.23253 -0.126882
-0.00383079 1.23157 -0.126621
-0.00383079 1.23131 -0.127586
-0.00383079 1.23192 -0.127234
INDEX = 14
4 5 7
6 7 5
1 2 5
6 5 2
0 1 4
5 4 1
7 6 3
2 3 6
4 7 0
3 0 7
8 1 0
8 2 1
8 3 2
8 0 3
FACE-NORMAL = 14
1.0 7.33877e-007 -8.76451e-007
1.0 7.33877e-007 -8.76451e-007
0.668964 -0.194654 -0.717354
0.668964 -0.194654 -0.717354
0.668965 -0.717353 0.194654
0.668966 -0.717353 0.194654
0.668964 0.717354 -0.194656
0.668964 0.717354 -0.194656
0.668965 0.194655 0.717353
0.668965 0.194655 0.717353
-0.707107 0.682428 -0.185178
-0.707106 0.185178 0.682429
-0.707106 -0.682429 0.185179
-0.707107 -0.185179 -0.682428
BONE = 23
BONE_NAME = Bone_Spine_A03
PARENT_ID = 22
LOCALTM 
MAT 3.2305e-007 -0.68042 3.23159e-007 0.0
MAT -0.000248954 3.23041e-007 0.68042 0.0
MAT -0.68042 -3.23149e-007 -0.000248954 0.0
MAT -0.0793684 0.00260658 0.242071 1.0
WORLDTM 
MAT 1.0 7.33877e-007 -8.76452e-007 0.0
MAT -9.3779e-007 0.9651 -0.261881 0.0
MAT 6.53646e-007 0.261881 0.9651 0.0
MAT -0.00383079 1.23192 -0.127234 1.0
VERTEX = 9
0.0214906 1.25028 -0.503448
0.0214906 1.25293 -0.495355
0.0214906 1.24484 -0.492702
0.0214906 1.24219 -0.500796
0.0172322 1.24783 -0.498613
0.0172322 1.2481 -0.497803
0.0172322 1.24729 -0.497538
0.0172322 1.24702 -0.498347
0.0172322 1.24756 -0.498075
INDEX = 14
4 5 7
6 7 5
1 2 5
6 5 2
0 1 4
5 4 1
7 6 3
2 3 6
4 7 0
3 0 7
8 1 0
8 2 1
8 3 2
8 0 3
FACE-NORMAL = 14
1.0 1.20374e-006 -9.65683e-007
1.0 1.20374e-006 -9.65683e-007
0.668964 -0.231485 -0.70633
0.668964 -0.231485 -0.70633
0.668966 -0.706328 0.231485
0.668966 -0.706328 0.231485
0.668964 0.70633 -0.231486
0.668964 0.70633 -0.231486
0.668965 0.231486 0.706328
0.668965 0.231486 0.706328
-0.707108 0.67194 -0.220215
-0.707106 0.220215 0.671942
-0.707106 -0.671942 0.220216
-0.707107 -0.220216 -0.671941
BONE = 24
BONE_NAME = Bone_Head
PARENT_ID = 23
LOCALTM 
MAT 0.85168 4.06113e-007 0.0 0.0
MAT -4.03943e-007 0.85054 -0.0440363 0.0
MAT 0.0 0.0440363 0.850541 0.0
MAT 0.0210633 0.112209 -0.353803 1.0
WORLDTM 
MAT 0.85168 1.02521e-006 -8.22453e-007 0.0
MAT -1.23036e-006 0.809324 -0.26524 0.0
MAT 4.62245e-007 0.26524 0.809324 0.0
MAT 0.0172322 1.24756 -0.498075 1.0
VERTEX = 9
0.00416002 1.23468 -0.611347
0.00416002 1.23644 -0.603013
0.00416003 1.2281 -0.601258
0.00416003 1.22635 -0.609592
-9.83707e-005 1.23172 -0.606807
-9.83706e-005 1.2319 -0.605974
-9.83694e-005 1.23106 -0.605798
-9.83694e-005 1.23089 -0.606632
-9.837e-005 1.23139 -0.606303
INDEX = 14
4 5 7
6 7 5
1 2 5
6 5 2
0 1 4
5 4 1
7 6 3
2 3 6
4 7 0
3 0 7
8 1 0
8 2 1
8 3 2
8 0 3
FACE-NORMAL = 14
1.0 1.40387e-006 -3.54016e-007
1.0 1.40387e-006 -3.54016e-007
0.668965 -0.153107 -0.727354
0.668965 -0.153107 -0.727354
0.668966 -0.727353 0.153108
0.668966 -0.727353 0.153108
0.668964 0.727355 -0.153109
0.668964 0.727355 -0.153109
0.668965 0.153109 0.727354
0.668965 0.153109 0.727354
-0.707108 0.691942 -0.145654
-0.707107 0.145653 0.691943
-0.707106 -0.691944 0.145655
-0.707107 -0.145655 -0.691943
BONE = 25
BONE_NAME = Bone_face
PARENT_ID = 24
LOCALTM 
MAT 1.0 0.0 6.43574e-007 0.0
MAT 0.0 0.994041 0.109011 0.0
MAT -6.39782e-007 -0.109011 0.994041 0.0
MAT -0.0203486 0.0215356 -0.126668 1.0
WORLDTM 
MAT 0.85168 1.19565e-006 -3.01508e-007 0.0
MAT -1.23215e-006 0.833415 -0.175434 0.0
MAT 0.0 0.175434 0.833416 0.0
MAT -9.837e-005 1.23139 -0.606303 1.0
VERTEX = 9
-0.00481508 1.02414 -0.645552
-0.00385685 1.03229 -0.647834
0.00460585 1.03136 -0.647588
0.00364762 1.02321 -0.645307
-0.000569094 1.02854 -0.642368
-0.000473271 1.02935 -0.642596
0.000372999 1.02926 -0.642571
0.000277176 1.02844 -0.642343
-9.80474e-005 1.0289 -0.642469
INDEX = 14
4 5 7
6 7 5
1 2 5
6 5 2
0 1 4
5 4 1
7 6 3
2 3 6
4 7 0
3 0 7
8 1 0
8 2 1
8 3 2
8 0 3
FACE-NORMAL = 14
-0.00154225 -0.269483 -0.963004
-0.00154225 -0.269483 -0.963004
-0.0846603 -0.891491 -0.445058
-0.0846602 -0.891491 -0.445058
0.737542 -0.261117 -0.622776
0.737542 -0.261117 -0.622776
-0.739605 -0.099432 -0.665656
-0.739605 -0.0994319 -0.665656
0.0825968 0.530941 -0.843374
0.0825968 0.530942 -0.843373
-0.701526 0.26746 0.660551
0.0806476 0.867144 0.491485
0.703707 0.113646 0.701343
-0.0784665 -0.486037 0.870408
BONE = 26
BONE_NAME = Bone_mask
PARENT_ID = 25
LOCALTM 
MAT -0.00154229 -0.0653387 -0.997864 0.0
MAT -0.993648 0.112373 -0.00582224 0.0
MAT 0.112512 0.991514 -0.0650969 0.0
MAT 0.0 -0.223913 -0.0905297 1.0
WORLDTM 
MAT -0.00131351 -0.229514 -0.820173 0.0
MAT -0.84627 0.0926308 -0.0245662 0.0
MAT 0.0958229 0.814923 -0.228198 0.0
MAT -9.80474e-005 1.0289 -0.642469 1.0
VERTEX = 9
-0.0199402 0.889645 -0.610464
-0.0201111 0.897845 -0.612759
-0.011596 0.898011 -0.612799
-0.0114251 0.889811 -0.610504
-0.0161882 0.894558 -0.607414
-0.0162053 0.895378 -0.607643
-0.0153537 0.895394 -0.607647
-0.0153366 0.894574 -0.607418
-0.0157709 0.894976 -0.607531
INDEX = 14
4 5 7
6 7 5
1 2 5
6 5 2
0 1 4
5 4 1
7 6 3
2 3 6
4 7 0
3 0 7
8 1 0
8 2 1
8 3 2
8 0 3
FACE-NORMAL = 14
0.000670031 -0.269538 -0.962989
0.000670031 -0.269538 -0.962989
0.0153682 -0.895949 -0.44389
0.0153682 -0.895949 -0.44389
0.743593 -0.165812 -0.647747
0.743593 -0.165812 -0.647747
-0.742695 -0.194812 -0.640665
-0.742695 -0.194812 -0.640665
-0.0144718 0.535325 -0.844522
-0.0144718 0.535325 -0.844522
-0.707439 0.176798 0.684305
-0.0146674 0.871389 0.490373
0.70649 0.204386 0.677568
0.0137198 -0.490204 0.8715
BONE = 27
BONE_NAME = Bone_mask01
PARENT_ID = 26
LOCALTM 
MAT 1.0 -0.00220469 0.000192016 0.0
MAT 0.00221224 0.99119 -0.132432 0.0
MAT 0.000102222 0.132433 0.991188 0.0
MAT 0.00289738 0.0 -0.163521 1.0
WORLDTM 
MAT 0.000570655 -0.229561 -0.820163 0.0
MAT -0.851508 -0.0166145 0.00405654 0.0
MAT -0.0170955 0.819986 -0.229525 0.0
MAT -0.0157709 0.894976 -0.607531 1.0
VERTEX = 9
-0.0173138 0.751456 -0.573264
-0.0168785 0.759908 -0.574214
-0.00837301 0.759483 -0.574099
-0.00880834 0.751031 -0.57315
-0.0133235 0.755545 -0.569408
-0.0132799 0.75639 -0.569503
-0.0124294 0.756348 -0.569492
-0.0124729 0.755503 -0.569397
-0.0128764 0.755946 -0.56945
INDEX = 14
4 5 7
6 7 5
1 2 5
6 5 2
0 1 4
5 4 1
7 6 3
2 3 6
4 7 0
3 0 7
8 1 0
8 2 1
8 3 2
8 0 3
FACE-NORMAL = 14
0.00775764 -0.112028 -0.993675
0.00775764 -0.112028 -0.993675
-0.0328034 -0.812624 -0.581864
-0.0328034 -0.812624 -0.581864
0.747492 -0.112056 -0.654751
0.747492 -0.112056 -0.654751
-0.737108 -0.037829 -0.674716
-0.737108 -0.037829 -0.674716
0.0431827 0.662741 -0.747603
0.0431827 0.662741 -0.747603
-0.711649 0.114522 0.693138
0.0306578 0.780983 0.6238
0.700673 0.0439088 0.71213
-0.0416289 -0.622554 0.781469
BONE = 28
BONE_NAME = Bone_mask02
PARENT_ID = 27
LOCALTM 
MAT 0.987103 -0.0103056 0.15978 0.0
MAT -0.00119369 0.997428 0.0717368 0.0
MAT -0.160105 -0.0709975 0.984534 0.0
MAT 0.000944912 0.0 -0.169287 1.0
WORLDTM 
MAT 0.00660709 -0.0954126 -0.846301 0.0
MAT -0.850544 0.0425254 -0.0114402 0.0
MAT 0.0435325 0.845237 -0.0949506 0.0
MAT -0.0128764 0.755946 -0.56945 1.0
VERTEX = 9
0.00852464 1.39203 -0.592253
0.00918532 1.39516 -0.58278
0.00906039 1.38567 -0.579632
0.0083997 1.38254 -0.589105
0.00377704 1.38933 -0.58628
0.0038431 1.38964 -0.585332
0.00383061 1.3887 -0.585018
0.00376454 1.38838 -0.585965
0.00380382 1.38901 -0.585649
INDEX = 14
4 5 7
6 7 5
1 2 5
6 5 2
0 1 4
5 4 1
7 6 3
2 3 6
4 7 0
3 0 7
8 1 0
8 2 1
8 3 2
8 0 3
FACE-NORMAL = 14
0.997737 -0.0326347 -0.0587883
0.997737 -0.0326347 -0.0587883
0.618343 -0.25476 -0.743472
0.618343 -0.25476 -0.743471
0.658165 -0.727269 0.194676
0.658165 -0.727269 0.194676
0.676737 0.683606 -0.273331
0.676737 0.683606 -0.273331
0.716559 0.211097 0.664817
0.716559 0.211097 0.664817
-0.696672 0.69417 -0.181041
-0.658789 0.244664 0.711432
-0.714341 -0.648017 0.264181
-0.752224 -0.198512 -0.628293
BONE = 29
BONE_NAME = Ref_Head
PARENT_ID = 24
LOCALTM 
MAT 1.17149 -0.0149171 -0.0775264 0.0
MAT 0.0146705 1.17405 -0.00421798 0.0
MAT 0.0775734 0.00324059 1.17158 0.0
MAT -0.0157667 0.18985 -0.0459859 1.0
WORLDTM 
MAT 0.997737 -0.0326347 -0.0587883 0.0
MAT 0.0124932 0.949069 -0.314819 0.0
MAT 0.0660683 0.313373 0.947329 0.0
MAT 0.00380382 1.38901 -0.585649 1.0
VERTEX = 9
0.00209866 1.67701 0.02932
0.00209866 1.68666 0.0267012
0.00209866 1.68928 0.0363522
0.00209866 1.67963 0.038971
-0.00290134 1.68253 0.0324845
-0.00290134 1.6835 0.0322226
-0.00290134 1.68376 0.0331877
-0.00290134 1.68279 0.0334496
-0.00290134 1.68315 0.0328361
INDEX = 14
4 5 7
6 7 5
1 2 5
6 5 2
0 1 4
5 4 1
7 6 3
2 3 6
4 7 0
3 0 7
8 1 0
8 2 1
8 3 2
8 0 3
FACE-NORMAL = 14
1.0 2.31469e-007 -2.53757e-007
1.0 2.31469e-007 -2.53757e-007
0.668965 -0.717353 0.194655
0.668965 -0.717353 0.194655
0.668965 0.194655 0.717353
0.668965 0.194655 0.717353
0.668965 -0.194655 -0.717353
0.668965 -0.194655 -0.717353
0.668965 0.717353 -0.194655
0.668964 0.717353 -0.194655
-0.707107 -0.185178 -0.682429
-0.707107 0.682429 -0.185178
-0.707107 0.185178 0.682429
-0.707107 -0.682429 0.185178
BONE = 30
BONE_NAME = Bone_BackTorso
PARENT_ID = 23
LOCALTM 
MAT 1.0 -6.47947e-007 4.69391e-007 0.0
MAT 4.6939e-007 2.98023e-007 -1.0 0.0
MAT 6.47934e-007 1.0 2.98023e-007 0.0
MAT 0.000929639 0.393558 0.272651 1.0
WORLDTM 
MAT 1.0 2.31469e-007 -2.53757e-007 0.0
MAT -1.84256e-007 -0.261881 -0.9651 0.0
MAT -2.89856e-007 0.9651 -0.261881 0.0
MAT -0.00290134 1.68315 0.0328361 1.0
VERTEX = 9
-0.232082 1.98948 -0.105164
-0.232082 1.99913 -0.107783
-0.232082 2.00175 -0.0981323
-0.232082 1.9921 -0.0955134
-0.237082 1.995 -0.102
-0.237082 1.99597 -0.102262
-0.237082 1.99623 -0.101297
-0.237082 1.99527 -0.101035
-0.237082 1.99562 -0.101648
INDEX = 14
4 5 7
6 7 5
1 2 5
6 5 2
0 1 4
5 4 1
7 6 3
2 3 6
4 7 0
3 0 7
8 1 0
8 2 1
8 3 2
8 0 3
FACE-NORMAL = 14
1.0 2.31474e-007 -2.53771e-007
1.0 2.31474e-007 -2.53771e-007
0.668965 -0.717353 0.194655
0.668965 -0.717353 0.194655
0.668965 0.194655 0.717353
0.668965 0.194655 0.717353
0.668965 -0.194655 -0.717353
0.668965 -0.194655 -0.717353
0.668965 0.717353 -0.194655
0.668964 0.717354 -0.194655
-0.707107 -0.185178 -0.682429
-0.707107 0.682429 -0.185178
-0.707107 0.185178 0.682429
-0.707107 -0.682429 0.185178
BONE = 31
BONE_NAME = Bone_Shell~DUP~0
PARENT_ID = 30
LOCALTM 
MAT 1.0 0.0 0.0 0.0
MAT 0.0 1.0 0.0 0.0
MAT 0.0 0.0 1.0 0.0
MAT -0.23418 0.0479605 0.336786 1.0
WORLDTM 
MAT 1.0 2.31474e-007 -2.53771e-007 0.0
MAT -1.84235e-007 -0.261881 -0.9651 0.0
MAT -2.89847e-007 0.9651 -0.261881 0.0
MAT -0.237082 1.99562 -0.101648 1.0
VERTEX = 9
-0.57426 1.77684 -0.130749
-0.57426 1.77545 -0.1231
-0.585984 1.75463 -0.126892
-0.585984 1.75603 -0.134541
-0.583022 1.76875 -0.128667
-0.583022 1.76861 -0.127902
-0.584195 1.76653 -0.128281
-0.584195 1.76667 -0.129046
-0.583608 1.76764 -0.128474
INDEX = 14
4 5 7
6 7 5
1 2 5
6 5 2
0 1 4
5 4 1
7 6 3
2 3 6
4 7 0
3 0 7
8 1 0
8 2 1
8 3 2
8 0 3
FACE-NORMAL = 14
0.874713 -0.476795 -0.0868534
0.874713 -0.476795 -0.0868534
0.585152 -0.185753 -0.789362
0.585152 -0.185753 -0.789362
0.224921 -0.958602 -0.17462
0.224921 -0.958602 -0.17462
0.945383 0.320684 0.058416
0.945383 0.320684 0.0584161
0.585152 -0.452166 0.673159
0.585152 -0.452166 0.673159
-0.275822 0.945647 0.17226
-0.618515 0.210424 0.757074
-0.961209 -0.271357 -0.0494306
-0.618515 0.463867 -0.634245
BONE = 32
BONE_NAME = Vol_Target 02
PARENT_ID = 31
LOCALTM 
MAT 0.697303 0.16636 -0.348695 0.0
MAT 1.17238 -0.911139 1.90977 0.0
MAT -2.66481e-007 -0.701757 -0.334804 0.0
MAT -0.346527 0.0855931 -0.212998 1.0
WORLDTM 
MAT 0.697303 -0.380091 -0.0692377 0.0
MAT 1.17238 2.08173 0.379209 0.0
MAT 0.0 -0.139342 0.764945 0.0
MAT -0.583608 1.76764 -0.128474 1.0
VERTEX = 9
0.00349621 1.97306 -0.710046
0.00349622 1.97568 -0.700395
0.00349622 1.96603 -0.697776
0.00349622 1.96341 -0.707427
-0.00150378 1.96989 -0.704524
-0.00150378 1.97016 -0.703559
-0.00150378 1.96919 -0.703297
-0.00150378 1.96893 -0.704262
-0.00150378 1.96954 -0.703911
INDEX = 14
4 5 7
6 7 5
1 2 5
6 5 2
0 1 4
5 4 1
7 6 3
2 3 6
4 7 0
3 0 7
8 1 0
8 2 1
8 3 2
8 0 3
FACE-NORMAL = 14
1.0 2.3147e-007 -2.53747e-007
1.0 2.3147e-007 -2.53747e-007
0.668965 -0.194654 -0.717354
0.668965 -0.194654 -0.717353
0.668965 -0.717353 0.194654
0.668965 -0.717353 0.194654
0.668965 0.717353 -0.194655
0.668964 0.717354 -0.194655
0.668965 0.194655 0.717353
0.668965 0.194655 0.717353
-0.707107 0.682429 -0.185178
-0.707107 0.185178 0.682429
-0.707107 -0.682429 0.185178
-0.707107 -0.185178 -0.682429
BONE = 33
BONE_NAME = Ref_Weapon
PARENT_ID = 23
LOCALTM 
MAT 1.0 -6.47948e-007 4.69401e-007 0.0
MAT 6.47938e-007 1.0 5.06639e-007 0.0
MAT -4.69378e-007 -4.76837e-007 1.0 0.0
MAT 0.00232805 0.8629 -0.363381 1.0
WORLDTM 
MAT 1.0 2.3147e-007 -2.53747e-007 0.0
MAT -2.89852e-007 0.9651 -0.261881 0.0
MAT 1.84269e-007 0.261881 0.9651 0.0
MAT -0.00150378 1.96954 -0.703911 1.0
VERTEX = 9
0.00919151 1.96361 -0.714236
0.00919151 1.97203 -0.711737
0.00919151 1.96953 -0.703316
0.00919151 1.96111 -0.705816
0.00479975 1.96627 -0.709322
0.00479975 1.96711 -0.709072
0.00479975 1.96686 -0.70823
0.00479975 1.96602 -0.70848
0.00479975 1.96657 -0.708776
INDEX = 14
4 5 7
6 7 5
1 2 5
6 5 2
0 1 4
5 4 1
7 6 3
2 3 6
4 7 0
3 0 7
8 1 0
8 2 1
8 3 2
8 0 3
FACE-NORMAL = 14
1.0 2.31469e-007 -2.53758e-007
1.0 2.31469e-007 -2.53758e-007
0.668965 -0.712565 -0.211512
0.668965 -0.712565 -0.211512
0.668965 -0.211512 0.712565
0.668965 -0.211512 0.712565
0.668965 0.211512 -0.712565
0.668964 0.211512 -0.712565
0.668965 0.712565 0.211512
0.668965 0.712565 0.211512
-0.707107 0.201215 -0.677873
-0.707107 0.677873 0.201215
-0.707107 -0.201215 0.677874
-0.707107 -0.677874 -0.201215
BONE = 34
BONE_NAME = Star2Part02glow
PARENT_ID = 23
LOCALTM 
MAT 0.878352 -5.69124e-007 4.1229e-007 0.0
MAT 6.49906e-007 0.461736 -0.747196 0.0
MAT 2.67401e-007 0.747196 0.461736 0.0
MAT 0.00863159 0.861302 -0.368856 1.0
WORLDTM 
MAT 0.878352 2.03312e-007 -2.22889e-007 0.0
MAT -2.71507e-007 0.249944 -0.842039 0.0
MAT -1.315e-007 0.842039 0.249944 0.0
MAT 0.00479975 1.96657 -0.708776 1.0
VERTEX = 9
-0.00804575 1.99096 -0.934555
-0.0080457 2.00052 -0.937497
0.0019543 2.00052 -0.937496
0.00195425 1.99096 -0.934554
-0.00354652 1.99674 -0.9311
-0.00354651 1.99769 -0.931394
-0.00254651 1.99769 -0.931394
-0.00254652 1.99674 -0.931099
-0.00304651 1.99721 -0.931247
INDEX = 14
4 5 7
6 7 5
1 2 5
6 5 2
0 1 4
5 4 1
7 6 3
2 3 6
4 7 0
3 0 7
8 1 0
8 2 1
8 3 2
8 0 3
