EXPORTER_V17
ANIMATION_EXPORT
BONEOBJECT_COUNT = 44
VERTEX = 9
0.0042584 0.191118 -0.00425841
0.0042584 0.191118 0.00425839
0.0042584 0.182602 0.00425839
0.0042584 0.182602 -0.00425841
0.0 0.187286 -0.000425848
0.0 0.187286 0.000425832
0.0 0.186434 0.000425832
0.0 0.186434 -0.000425848
0.0 0.18686 0.0
INDEX = 14
4 5 7
6 7 5
1 2 5
6 5 2
0 1 4
5 4 1
7 6 3
2 3 6
4 7 0
3 0 7
8 1 0
8 2 1
8 3 2
8 0 3
FACE-NORMAL = 14
1.0 0.0 0.0
1.0 0.0 0.0
0.668965 0.0 -0.743294
0.668965 0.0 -0.743294
0.668965 -0.743294 0.0
0.668965 -0.743294 0.0
0.668965 0.743294 0.0
0.668965 0.743294 0.0
0.668965 0.0 0.743294
0.668965 0.0 0.743294
-0.707107 0.707107 0.0
-0.707107 0.0 0.707107
-0.707107 -0.707107 0.0
-0.707107 0.0 -0.707107
BONE = 0
BONE_NAME = Bone_Main
PARENT_ID = -1
LOCALTM 
MAT 0.85168 0.0 0.0 0.0
MAT 0.0 0.85168 0.0 0.0
MAT 0.0 0.0 0.85168 0.0
MAT 0.0 0.18686 0.0 1.0
WORLDTM 
MAT 0.85168 0.0 0.0 0.0
MAT 0.0 0.85168 0.0 0.0
MAT 0.0 0.0 0.85168 0.0
MAT 0.0 0.18686 0.0 1.0
VERTEX = 9
0.00425839 0.705457 -0.11854
0.00425839 0.705457 -0.110023
0.00425839 0.69694 -0.110023
0.00425839 0.69694 -0.11854
0.0 0.701624 -0.114708
0.0 0.701624 -0.113856
0.0 0.700773 -0.113856
0.0 0.700773 -0.114708
0.0 0.701199 -0.114282
INDEX = 14
4 5 7
6 7 5
1 2 5
6 5 2
0 1 4
5 4 1
7 6 3
2 3 6
4 7 0
3 0 7
8 1 0
8 2 1
8 3 2
8 0 3
FACE-NORMAL = 14
1.0 0.0 0.0
1.0 0.0 0.0
0.668965 0.0 -0.743294
0.668965 0.0 -0.743294
0.668965 -0.743294 0.0
0.668965 -0.743294 0.0
0.668965 0.743294 0.0
0.668965 0.743294 0.0
0.668965 0.0 0.743294
0.668965 0.0 0.743294
-0.707107 0.707107 0.0
-0.707107 0.0 0.707107
-0.707107 -0.707107 0.0
-0.707107 0.0 -0.707107
BONE = 1
BONE_NAME = Bone_Root
PARENT_ID = 0
LOCALTM 
MAT 1.0 0.0 0.0 0.0
MAT 0.0 1.0 0.0 0.0
MAT 0.0 0.0 1.0 0.0
MAT 0.0 0.603911 -0.134184 1.0
WORLDTM 
MAT 0.85168 0.0 0.0 0.0
MAT 0.0 0.85168 0.0 0.0
MAT 0.0 0.0 0.85168 0.0
MAT 0.0 0.701199 -0.114282 1.0
VERTEX = 9
-0.0857949 0.489559 -0.422869
-0.0857949 0.490887 -0.414456
-0.0857949 0.482474 -0.413129
-0.0857949 0.481147 -0.421541
-0.0900533 0.486371 -0.418486
-0.0900533 0.486504 -0.417644
-0.0900533 0.485662 -0.417512
-0.0900533 0.48553 -0.418353
-0.0900533 0.486017 -0.417999
INDEX = 14
4 5 7
6 7 5
1 2 5
6 5 2
0 1 4
5 4 1
7 6 3
2 3 6
4 7 0
3 0 7
8 1 0
8 2 1
8 3 2
8 0 3
FACE-NORMAL = 14
1.0 0.0 0.0
1.0 0.0 0.0
0.668965 -0.11584 -0.734212
0.668965 -0.11584 -0.734212
0.668965 -0.734212 0.11584
0.668965 -0.734212 0.11584
0.668965 0.734212 -0.11584
0.668965 0.734212 -0.11584
0.668965 0.11584 0.734212
0.668965 0.11584 0.734212
-0.707107 0.698467 -0.1102
-0.707107 0.1102 0.698467
-0.707107 -0.698467 0.1102
-0.707107 -0.1102 -0.698467
BONE = 2
BONE_NAME = Bone_Claw_R
PARENT_ID = 1
LOCALTM 
MAT 1.0 0.0 0.0 0.0
MAT 0.0 0.987781 -0.155846 0.0
MAT 0.0 0.155846 0.987781 0.0
MAT -0.105736 -0.252656 -0.356609 1.0
WORLDTM 
MAT 0.85168 0.0 0.0 0.0
MAT 0.0 0.841273 -0.132731 0.0
MAT 0.0 0.132731 0.841274 0.0
MAT -0.0900533 0.486017 -0.417999 1.0
VERTEX = 9
0.0917297 0.489533 -0.422888
0.0917297 0.490906 -0.414482
0.0917297 0.4825 -0.413109
0.0917297 0.481128 -0.421515
0.0874713 0.486368 -0.418487
0.0874713 0.486506 -0.417647
0.0874713 0.485665 -0.41751
0.0874713 0.485528 -0.41835
0.0874713 0.486017 -0.417999
INDEX = 14
4 5 7
6 7 5
1 2 5
6 5 2
0 1 4
5 4 1
7 6 3
2 3 6
4 7 0
3 0 7
8 1 0
8 2 1
8 3 2
8 0 3
FACE-NORMAL = 14
1.0 0.0 0.0
1.0 0.0 0.0
0.668965 -0.119814 -0.733574
0.668965 -0.119814 -0.733574
0.668965 -0.733574 0.119814
0.668965 -0.733574 0.119814
0.668965 0.733574 -0.119814
0.668965 0.733574 -0.119814
0.668965 0.119814 0.733574
0.668965 0.119814 0.733574
-0.707107 0.69786 -0.113981
-0.707107 0.113981 0.69786
-0.707107 -0.69786 0.113981
-0.707107 -0.113981 -0.69786
BONE = 3
BONE_NAME = Bone_Claw_L
PARENT_ID = 1
LOCALTM 
MAT 1.0 0.0 0.0 0.0
MAT 0.0 0.986923 -0.161194 0.0
MAT 0.0 0.161194 0.986923 0.0
MAT 0.102704 -0.252656 -0.356609 1.0
WORLDTM 
MAT 0.85168 0.0 0.0 0.0
MAT 0.0 0.840542 -0.137285 0.0
MAT 0.0 0.137285 0.840542 0.0
MAT 0.0874713 0.486017 -0.417999 1.0
VERTEX = 9
0.09471 0.675728 -0.231242
0.0947853 0.669204 -0.225768
0.0876543 0.666163 -0.229294
0.087579 0.672687 -0.234768
0.0892069 0.6737 -0.227621
0.0892145 0.673047 -0.227073
0.0885013 0.672743 -0.227426
0.0884938 0.673396 -0.227973
0.0888541 0.673221 -0.227523
INDEX = 14
4 5 7
6 7 5
1 2 5
6 5 2
0 1 4
5 4 1
7 6 3
2 3 6
4 7 0
3 0 7
8 1 0
8 2 1
8 3 2
8 0 3
FACE-NORMAL = 14
0.54669 -0.534514 -0.644535
0.54669 -0.534514 -0.644535
0.359147 0.211807 -0.908929
0.359147 0.211807 -0.908929
-0.256635 -0.62299 -0.738933
-0.256635 -0.62299 -0.738933
0.988068 -0.0921516 -0.123409
0.988068 -0.0921515 -0.123409
0.372285 -0.926948 0.0465865
0.372285 -0.926948 0.0465866
0.205484 0.630456 0.748533
-0.380319 -0.163699 0.910253
-0.978621 0.125461 0.162977
-0.392817 0.919616 0.001257
BONE = 4
BONE_NAME = Bone01
PARENT_ID = 1
LOCALTM 
MAT 0.54669 -0.534513 -0.644535 0.0
MAT 0.837288 0.357085 0.414051 0.0
MAT 0.00883779 -0.766019 0.642757 0.0
MAT 0.104328 -0.0328496 -0.132962 1.0
WORLDTM 
MAT 0.465605 -0.455234 -0.548937 0.0
MAT 0.713102 0.304122 0.352639 0.0
MAT 0.00752693 -0.652403 0.547423 0.0
MAT 0.0888541 0.673221 -0.227523 1.0
VERTEX = 9
0.331568 0.444077 -0.503855
0.333091 0.442282 -0.51204
0.32515 0.444629 -0.514032
0.323627 0.446425 -0.505847
0.327342 0.440332 -0.507807
0.327494 0.440152 -0.508626
0.3267 0.440387 -0.508825
0.326548 0.440567 -0.508006
0.327021 0.44036 -0.508316
INDEX = 14
4 5 7
6 7 5
1 2 5
6 5 2
0 1 4
5 4 1
7 6 3
2 3 6
4 7 0
3 0 7
8 1 0
8 2 1
8 3 2
8 0 3
FACE-NORMAL = 14
0.314221 0.937854 -0.14729
0.314221 0.937854 -0.14729
0.0773134 0.784101 0.615799
0.0773135 0.784101 0.615799
-0.482818 0.832276 -0.272404
-0.482818 0.832276 -0.272404
0.903223 0.422507 0.0753399
0.903223 0.422507 0.07534
0.343092 0.470682 -0.812863
0.343092 0.470682 -0.812863
0.437093 -0.858073 0.269557
-0.0957682 -0.812243 -0.575404
-0.881468 -0.468254 -0.0612571
-0.348607 -0.514083 0.783704
BONE = 5
BONE_NAME = Bone02
PARENT_ID = 4
LOCALTM 
MAT -0.234581 0.537002 -0.810309 0.0
MAT 0.506279 0.779084 0.369742 0.0
MAT 0.829851 -0.323508 -0.454631 0.0
MAT 0.511521 1.49012e-007 -1.19209e-007 1.0
WORLDTM 
MAT 0.267615 0.798752 -0.125444 0.0
MAT 0.794075 -0.23476 0.199226 0.0
MAT 0.152267 -0.17956 -0.818493 0.0
MAT 0.327021 0.44036 -0.508316 1.0
VERTEX = 9
0.560448 1.12177 -0.621157
0.560952 1.11874 -0.613211
0.552524 1.11752 -0.61314
0.552019 1.12055 -0.621086
0.556325 1.12379 -0.616017
0.556375 1.12349 -0.615222
0.555532 1.12337 -0.615215
0.555482 1.12367 -0.61601
0.555929 1.12358 -0.615616
INDEX = 14
4 5 7
6 7 5
1 2 5
6 5 2
0 1 4
5 4 1
7 6 3
2 3 6
4 7 0
3 0 7
8 1 0
8 2 1
8 3 2
8 0 3
FACE-NORMAL = 14
0.130792 -0.923799 -0.359846
0.130792 -0.923799 -0.359846
0.0434511 -0.354097 -0.934199
0.0434511 -0.354097 -0.934199
-0.648096 -0.724539 -0.234551
-0.648096 -0.724539 -0.234551
0.823087 -0.511439 -0.246897
0.823087 -0.511439 -0.246897
0.13154 -0.881881 0.45275
0.13154 -0.881881 0.45275
0.607295 0.754587 0.248577
-0.0505841 0.40218 0.914162
-0.792263 0.551862 0.260322
-0.134384 0.904269 -0.405263
BONE = 6
BONE_NAME = Bone03
PARENT_ID = 5
LOCALTM 
MAT -0.772289 0.29241 0.563973 0.0
MAT 0.446628 0.881245 0.15469 0.0
MAT -0.451766 0.371352 -0.811175 0.0
MAT 0.855361 0.0 -1.19209e-007 1.0
WORLDTM 
MAT 0.111393 -0.786781 -0.306473 0.0
MAT 0.842854 0.122087 -0.00707334 0.0
MAT 0.0504667 -0.302373 0.794596 0.0
MAT 0.555929 1.12358 -0.615616 1.0
VERTEX = 9
0.525777 1.02717 -0.611375
0.519042 1.02476 -0.604386
0.519675 1.01515 -0.607088
0.526409 1.01756 -0.614077
0.519348 1.02245 -0.612757
0.518675 1.02221 -0.612058
0.518738 1.02125 -0.612328
0.519411 1.02149 -0.613027
0.519043 1.02185 -0.612543
INDEX = 14
4 5 7
6 7 5
1 2 5
6 5 2
0 1 4
5 4 1
7 6 3
2 3 6
4 7 0
3 0 7
8 1 0
8 2 1
8 3 2
8 0 3
FACE-NORMAL = 14
0.73655 -0.137801 0.662197
0.73655 -0.137801 0.662197
0.993277 0.0868738 -0.0765079
0.993277 0.0868738 -0.0765078
0.539711 -0.80628 0.242125
0.539711 -0.80628 0.242125
0.445741 0.621912 0.643848
0.445741 0.621912 0.643848
-0.00782382 -0.271241 0.96248
-0.00782402 -0.271241 0.96248
-0.565517 0.77677 -0.277162
-0.997001 -0.0729004 0.0259587
-0.476122 -0.58189 -0.659326
-0.0446388 0.26778 -0.962446
BONE = 7
BONE_NAME = Unit_Protoss_Stalker_Leg1_02
PARENT_ID = 6
LOCALTM 
MAT -0.0172059 0.826208 0.834095 0.0
MAT -1.16595 0.0856154 -0.108856 0.0
MAT -0.137419 -0.829866 0.819188 0.0
MAT 0.103385 -0.0600137 0.043209 1.0
WORLDTM 
MAT 0.73655 -0.137801 0.662197 0.0
MAT -0.0632116 0.960717 0.270231 0.0
MAT -0.673421 -0.240897 0.698908 0.0
MAT 0.519043 1.02185 -0.612543 1.0
VERTEX = 9
0.768515 0.0896573 -1.07347
0.775595 0.0936185 -1.08196
0.777044 0.0826435 -1.08587
0.769964 0.0786823 -1.07738
0.77698 0.0858452 -1.0755
0.777688 0.0862413 -1.07635
0.777833 0.0851438 -1.07674
0.777125 0.0847477 -1.07589
0.777406 0.0854945 -1.07612
INDEX = 14
4 5 7
6 7 5
1 2 5
6 5 2
0 1 4
5 4 1
7 6 3
2 3 6
4 7 0
3 0 7
8 1 0
8 2 1
8 3 2
8 0 3
FACE-NORMAL = 14
-0.788126 0.111718 -0.605291
-0.788126 0.111718 -0.605291
-0.97544 -0.17603 0.132399
-0.97544 -0.17603 0.132399
-0.435471 -0.620037 -0.652625
-0.435471 -0.620037 -0.652625
-0.618986 0.769507 -0.157211
-0.618986 0.769507 -0.157211
-0.0790174 0.3255 -0.942234
-0.0790172 0.3255 -0.942234
0.469999 0.581951 0.663652
0.98368 0.15956 -0.0831529
0.644579 -0.739943 0.192358
0.130899 -0.317553 0.939162
BONE = 8
BONE_NAME = HitTestFuzzy02
PARENT_ID = 6
LOCALTM 
MAT 0.0158895 -1.04627 -0.897605 0.0
MAT -1.37802 0.0124835 -0.0389469 0.0
MAT 0.0376838 0.897658 -1.04566 0.0
MAT 1.35457 0.0871204 -0.0563118 1.0
WORLDTM 
MAT -0.925378 0.131174 -0.710702 0.0
MAT -0.144946 1.0975 0.391291 0.0
MAT 0.708021 0.396123 -0.848778 0.0
MAT 0.777406 0.0854945 -1.07612 1.0
VERTEX = 9
0.00425109 0.805516 0.168974
0.00425707 0.812511 0.173833
0.00426568 0.807653 0.180828
0.0042597 0.800658 0.17597
-7.38487e-007 0.806478 0.174314
-1.40533e-007 0.807177 0.174799
7.20354e-007 0.806692 0.175499
1.224e-007 0.805992 0.175013
0.0 0.806585 0.174906
INDEX = 14
4 5 7
6 7 5
1 2 5
6 5 2
0 1 4
5 4 1
7 6 3
2 3 6
4 7 0
3 0 7
8 1 0
8 2 1
8 3 2
8 0 3
FACE-NORMAL = 14
0.999999 0.0 -0.00123072
0.999999 0.0 -0.00123072
0.668442 -0.610502 -0.424821
0.668442 -0.610502 -0.42482
0.669716 -0.423998 0.609678
0.669716 -0.423998 0.609678
0.668213 0.423997 -0.611324
0.668213 0.423998 -0.611325
0.669486 0.610502 0.423174
0.669486 0.610502 0.423174
-0.707821 0.403355 -0.579909
-0.70661 0.580779 0.404225
-0.706392 -0.403355 0.581649
-0.707603 -0.580779 -0.402485
BONE = 9
BONE_NAME = Bone_Shell
PARENT_ID = 1
LOCALTM 
MAT 0.999999 0.0 -0.00123072 0.0
MAT -0.00101084 0.57043 -0.821345 0.0
MAT 0.000702038 0.821346 0.57043 0.0
MAT 0.0 0.123739 0.33955 1.0
WORLDTM 
MAT 0.851679 0.0 -0.00104818 0.0
MAT -0.000860887 0.485824 -0.699523 0.0
MAT 0.000597953 0.699524 0.485824 0.0
MAT 0.0 0.806585 0.174906 1.0
VERTEX = 9
-0.0941028 0.668492 -0.225466
-0.0940254 0.676156 -0.231889
-0.085646 0.672601 -0.23603
-0.0857234 0.664937 -0.229607
-0.0875687 0.673016 -0.226995
-0.087561 0.673782 -0.227637
-0.086723 0.673427 -0.228052
-0.0867307 0.67266 -0.227409
-0.0871459 0.673221 -0.227523
INDEX = 14
4 5 7
6 7 5
1 2 5
6 5 2
0 1 4
5 4 1
7 6 3
2 3 6
4 7 0
3 0 7
8 1 0
8 2 1
8 3 2
8 0 3
FACE-NORMAL = 14
-0.545707 -0.534992 -0.644971
-0.545707 -0.534992 -0.644971
-0.370814 -0.92757 0.0459456
-0.370814 -0.92757 0.0459455
0.257777 -0.622128 -0.739262
0.257777 -0.622128 -0.739262
-0.987895 -0.0936538 -0.123664
-0.987895 -0.0936537 -0.123664
-0.359304 0.211788 -0.908871
-0.359304 0.211788 -0.908871
-0.20664 0.629669 0.748877
0.391348 0.920241 0.00189757
0.978386 0.126924 0.16325
0.380398 -0.163648 0.910229
BONE = 10
BONE_NAME = Bone01(mirrored)
PARENT_ID = 1
LOCALTM 
MAT -0.640742 -0.628161 -0.757292 0.0
MAT -0.983867 0.417404 0.486217 0.0
MAT 0.0090913 0.899898 -0.754142 0.0
MAT -0.102322 -0.0328495 -0.132962 1.0
WORLDTM 
MAT -0.545707 -0.534992 -0.644971 0.0
MAT -0.83794 0.355495 0.414101 0.0
MAT 0.00774293 0.766425 -0.642287 0.0
MAT -0.0871459 0.673221 -0.227523 1.0
VERTEX = 9
-0.332015 0.442395 -0.512877
-0.330231 0.444505 -0.503267
-0.320913 0.44728 -0.505606
-0.322697 0.44517 -0.515216
-0.325439 0.439907 -0.50887
-0.325261 0.440118 -0.507909
-0.324329 0.440395 -0.508142
-0.324508 0.440184 -0.509104
-0.324884 0.440151 -0.508506
INDEX = 14
4 5 7
6 7 5
1 2 5
6 5 2
0 1 4
5 4 1
7 6 3
2 3 6
4 7 0
3 0 7
8 1 0
8 2 1
8 3 2
8 0 3
FACE-NORMAL = 14
-0.315975 0.937293 -0.147112
-0.315975 0.937293 -0.147112
-0.343997 0.470187 -0.812767
-0.343997 0.470187 -0.812767
0.481255 0.833224 -0.272272
0.481255 0.833224 -0.272272
-0.904007 0.420808 0.0754464
-0.904007 0.420808 0.0754464
-0.0787553 0.783845 0.615942
-0.0787553 0.783845 0.615942
-0.435482 -0.858935 0.269419
0.349592 -0.513572 0.7836
0.882338 -0.466598 -0.0613709
0.0972639 -0.81196 -0.575552
BONE = 11
BONE_NAME = Bone02(mirrored)
PARENT_ID = 10
LOCALTM 
MAT -0.234132 0.537052 0.810406 0.0
MAT 0.50607 0.779063 -0.370073 0.0
MAT -0.830106 0.323477 -0.454189 0.0
MAT 0.435652 0.0 0.0 1.0
WORLDTM 
MAT -0.315975 0.937293 -0.147112 0.0
MAT -0.93184 -0.277424 0.233904 0.0
MAT 0.178423 0.210992 0.961066 0.0
MAT -0.324884 0.440151 -0.508506 1.0
VERTEX = 9
-0.56096 1.11728 -0.612855
-0.560377 1.12084 -0.622181
-0.550479 1.11942 -0.622106
-0.551063 1.11585 -0.61278
-0.555594 1.12286 -0.615214
-0.555535 1.12321 -0.616146
-0.554546 1.12307 -0.616139
-0.554604 1.12271 -0.615206
-0.55507 1.12296 -0.615676
INDEX = 14
4 5 7
6 7 5
1 2 5
6 5 2
0 1 4
5 4 1
7 6 3
2 3 6
4 7 0
3 0 7
8 1 0
8 2 1
8 3 2
8 0 3
FACE-NORMAL = 14
-0.130041 -0.923516 -0.360844
-0.130041 -0.923516 -0.360844
-0.130333 -0.882547 0.451802
-0.130333 -0.882547 0.451801
0.648714 -0.723582 -0.235795
0.648714 -0.723582 -0.235795
-0.8227 -0.512017 -0.246989
-0.8227 -0.512017 -0.246989
-0.0436526 -0.353052 -0.934585
-0.0436526 -0.353052 -0.934585
-0.607936 0.753657 0.249831
0.133183 0.904882 -0.40429
0.791842 0.552392 0.260479
0.0507227 0.401166 0.9146
BONE = 12
BONE_NAME = Bone03(mirrored)
PARENT_ID = 11
LOCALTM 
MAT -0.77143 0.292981 -0.564852 0.0
MAT 0.447249 0.881085 -0.153812 0.0
MAT 0.452618 -0.371284 -0.810731 0.0
MAT 0.728494 -5.1409e-007 2.68221e-007 1.0
WORLDTM 
MAT -0.130041 -0.923516 -0.360844 0.0
MAT -0.989793 0.142316 -0.00752988 0.0
MAT 0.0583082 0.356181 -0.932596 0.0
MAT -0.55507 1.12296 -0.615676 1.0
VERTEX = 9
-0.644792 0.0933314 -1.11615
-0.638179 0.0961602 -1.12543
-0.639614 0.0853372 -1.12975
-0.646226 0.0825084 -1.12047
-0.637664 0.0879505 -1.11939
-0.637003 0.0882333 -1.12032
-0.637146 0.0871511 -1.12075
-0.637807 0.0868682 -1.11982
-0.637405 0.0875508 -1.12007
INDEX = 14
4 5 7
6 7 5
1 2 5
6 5 2
0 1 4
5 4 1
7 6 3
2 3 6
4 7 0
3 0 7
8 1 0
8 2 1
8 3 2
8 0 3
FACE-NORMAL = 14
-0.817253 0.303796 -0.489699
-0.817253 0.303796 -0.489699
-0.965325 0.0241548 0.259931
-0.965325 0.0241549 0.259931
-0.637507 -0.481919 -0.601115
-0.637507 -0.481919 -0.601115
-0.45592 0.888377 -0.0540686
-0.455919 0.888377 -0.0540685
-0.128102 0.382303 -0.915114
-0.128102 0.382303 -0.915114
0.664259 0.436975 0.606476
0.976117 -0.0444605 -0.212649
0.491511 -0.866608 0.0860632
0.179654 -0.385173 0.905189
BONE = 13
BONE_NAME = HitTestFuzzy01
PARENT_ID = 12
LOCALTM 
MAT 0.00284198 1.00488 0.607325 0.0
MAT -1.17408 0.00881517 -0.00909185 0.0
MAT -0.0123387 -0.607267 1.00484 0.0
MAT 1.14894 -0.0620624 0.0968019 1.0
WORLDTM 
MAT -0.959578 0.356703 -0.574981 0.0
MAT 0.143423 1.0823 0.432073 0.0
MAT 0.661263 0.282876 -0.928085 0.0
MAT -0.637405 0.0875508 -1.12007 1.0
VERTEX = 9
0.112746 0.670077 -0.0723421
0.111008 0.677798 -0.0662304
0.103665 0.672647 -0.0618099
0.105403 0.664925 -0.0679216
0.105379 0.673093 -0.0708854
0.105205 0.673865 -0.0702742
0.10447 0.67335 -0.0698321
0.104644 0.672578 -0.0704433
0.104925 0.673221 -0.0703587
INDEX = 14
4 5 7
6 7 5
1 2 5
6 5 2
0 1 4
5 4 1
7 6 3
2 3 6
4 7 0
3 0 7
8 1 0
8 2 1
8 3 2
8 0 3
FACE-NORMAL = 14
0.656206 -0.371933 0.656551
0.656206 -0.371933 0.656551
0.568189 -0.82276 -0.0150721
0.568189 -0.82276 -0.015072
-0.106812 -0.631746 0.767782
-0.106812 -0.631746 0.767782
0.984769 0.134125 0.110638
0.984769 0.134125 0.110638
0.309768 0.32514 0.893492
0.309768 0.32514 0.893492
0.0552108 0.627289 -0.776827
-0.586927 0.809004 -0.0320868
-0.983226 -0.101296 -0.151677
-0.341088 -0.283011 -0.896417
BONE = 14
BONE_NAME = Bone01(mirrored)~DUP~1
PARENT_ID = 1
LOCALTM 
MAT 0.770484 -0.436705 0.77089 0.0
MAT 0.862162 0.604907 -0.519031 0.0
MAT -0.204108 0.906645 0.71761 0.0
MAT 0.123197 -0.0328496 0.0515723 1.0
WORLDTM 
MAT 0.656206 -0.371933 0.656551 0.0
MAT 0.734286 0.515187 -0.442048 0.0
MAT -0.173834 0.772171 0.611174 0.0
MAT 0.104925 0.673221 -0.0703587 1.0
VERTEX = 9
0.406784 0.508542 0.228432
0.403741 0.51212 0.219603
0.394499 0.513257 0.223249
0.397541 0.509678 0.232077
0.400102 0.506029 0.224618
0.399797 0.506387 0.223736
0.398873 0.506501 0.2241
0.399177 0.506143 0.224983
0.399487 0.506265 0.224359
INDEX = 14
4 5 7
6 7 5
1 2 5
6 5 2
0 1 4
5 4 1
7 6 3
2 3 6
4 7 0
3 0 7
8 1 0
8 2 1
8 3 2
8 0 3
FACE-NORMAL = 14
0.230793 0.926837 0.296154
0.230793 0.926837 0.296154
0.380507 0.354037 0.854326
0.380507 0.354037 0.854326
-0.532579 0.704505 0.469075
-0.532579 0.704505 0.469075
0.841364 0.535538 -0.0728423
0.841364 0.535538 -0.0728424
-0.0717224 0.886006 -0.458092
-0.0717224 0.886006 -0.458092
0.490331 -0.735744 -0.46718
-0.378302 -0.402337 -0.833674
-0.816722 -0.575002 0.0483548
0.0519111 -0.908408 0.414849
BONE = 15
BONE_NAME = Bone02(mirrored)~DUP~2
PARENT_ID = 14
LOCALTM 
MAT 0.0011667 0.516048 0.856559 0.0
MAT 0.409419 0.781232 -0.471224 0.0
MAT -0.912347 0.351241 -0.210368 0.0
MAT 0.448888 0.0 0.0 1.0
WORLDTM 
MAT 0.230793 0.926837 0.296154 0.0
MAT 0.924226 -0.113661 -0.364538 0.0
MAT -0.304207 0.357847 -0.882839 0.0
MAT 0.399487 0.506265 0.224359 1.0
VERTEX = 9
0.575253 1.18247 0.438077
0.574634 1.18431 0.447887
0.564871 1.18216 0.447674
0.56549 1.18032 0.437864
0.569544 1.18712 0.441431
0.569482 1.18731 0.442412
0.568506 1.18709 0.44239
0.568568 1.18691 0.441409
0.569025 1.18711 0.441911
INDEX = 14
4 5 7
6 7 5
1 2 5
6 5 2
0 1 4
5 4 1
7 6 3
2 3 6
4 7 0
3 0 7
8 1 0
8 2 1
8 3 2
8 0 3
FACE-NORMAL = 14
0.207381 -0.95903 0.193013
0.207381 -0.95903 0.193013
0.1848 -0.778342 -0.600028
0.1848 -0.778342 -0.600028
-0.586944 -0.80166 0.113303
-0.586944 -0.80166 0.113303
0.864405 -0.481455 0.144934
0.864405 -0.481455 0.144934
0.0926614 -0.504773 0.858264
0.0926613 -0.504773 0.858264
0.543705 0.830445 -0.121435
-0.190467 0.808262 0.557167
-0.836985 0.525829 -0.151526
-0.102814 0.548012 -0.830128
BONE = 16
BONE_NAME = Bone03(mirrored)~DUP~3
PARENT_ID = 15
LOCALTM 
MAT -0.783841 0.230311 -0.57667 0.0
MAT 0.431261 0.870078 -0.238701 0.0
MAT 0.446773 -0.435799 -0.781327 0.0
MAT 0.734588 -1.19209e-007 0.0 1.0
WORLDTM 
MAT 0.207381 -0.95903 0.193013 0.0
MAT 0.976295 0.215396 0.0212779 0.0
MAT -0.0619798 0.184024 0.980966 0.0
MAT 0.569025 1.18711 0.441911 1.0
VERTEX = 9
0.766619 0.0447934 0.725679
0.774141 0.0437649 0.716723
0.776165 0.0325903 0.719705
0.768643 0.0336187 0.728662
0.775307 0.0410291 0.726482
0.77606 0.0409263 0.725586
0.776262 0.0398088 0.725885
0.77551 0.0399117 0.72678
0.775785 0.040419 0.726183
INDEX = 14
4 5 7
6 7 5
1 2 5
6 5 2
0 1 4
5 4 1
7 6 3
2 3 6
4 7 0
3 0 7
8 1 0
8 2 1
8 3 2
8 0 3
FACE-NORMAL = 14
-0.748231 -0.294195 -0.594642
-0.748231 -0.294195 -0.594642
-0.976744 -0.1317 0.169195
-0.976744 -0.1317 0.169195
-0.372449 -0.904217 -0.208983
-0.372449 -0.904217 -0.208983
-0.628632 0.510603 -0.586606
-0.628632 0.510603 -0.586606
-0.0243369 -0.261912 -0.964785
-0.0243368 -0.261912 -0.964785
0.407224 0.880998 0.240856
0.982099 0.146091 -0.11891
0.650935 -0.464942 0.600094
0.0760599 0.269963 0.959862
BONE = 17
BONE_NAME = HitTestFuzzy03
PARENT_ID = 16
LOCALTM 
MAT 0.0143252 -0.946969 -0.694024 0.0
MAT -1.17121 0.0368067 -0.0743984 0.0
MAT 0.0817594 0.693196 -0.944151 0.0
MAT 1.19746 -0.0390862 0.0550274 1.0
WORLDTM 
MAT -0.878535 -0.345429 -0.698199 0.0
MAT -0.202342 1.11747 -0.298258 0.0
MAT 0.752238 -0.102845 -0.895649 0.0
MAT 0.775785 0.040419 0.726183 1.0
VERTEX = 9
-0.107602 0.677646 -0.0667766
-0.108601 0.669515 -0.0725105
-0.101199 0.665056 -0.0674769
-0.1002 0.673187 -0.0617429
-0.101396 0.673851 -0.0703237
-0.101495 0.673038 -0.0708971
-0.100755 0.672592 -0.0703938
-0.100655 0.673405 -0.0698204
-0.101075 0.673221 -0.0703587
INDEX = 14
4 5 7
6 7 5
1 2 5
6 5 2
0 1 4
5 4 1
7 6 3
2 3 6
4 7 0
3 0 7
8 1 0
8 2 1
8 3 2
8 0 3
FACE-NORMAL = 14
-0.664987 -0.374106 0.646403
-0.664987 -0.374106 0.646403
-0.370593 0.354156 0.858624
-0.370593 0.354156 0.858624
0.105291 -0.581685 0.806571
0.105291 -0.581685 0.806571
-0.994996 0.0811574 0.0582714
-0.994996 0.0811575 0.0582712
-0.519113 -0.854683 0.00621837
-0.519113 -0.854683 0.00621822
-0.0531431 0.579819 -0.81301
0.399572 -0.31046 -0.862529
0.993577 -0.050753 -0.101142
0.540861 0.839526 -0.0516231
BONE = 18
BONE_NAME = Bone01(mirrored)(mirrored)
PARENT_ID = 1
LOCALTM 
MAT -0.780794 -0.439256 0.758974 0.0
MAT -0.869039 0.523532 -0.591029 0.0
MAT -0.117305 -0.954775 -0.673254 0.0
MAT -0.118678 -0.0328494 0.0515723 1.0
WORLDTM 
MAT -0.664987 -0.374106 0.646403 0.0
MAT -0.740143 0.445882 -0.503367 0.0
MAT -0.0999068 -0.813163 -0.573397 0.0
MAT -0.101075 0.673221 -0.0703587 1.0
VERTEX = 9
-0.403925 0.510615 0.214535
-0.407182 0.507345 0.223406
-0.398207 0.509226 0.227395
-0.39495 0.512496 0.218524
-0.399866 0.505359 0.219161
-0.400191 0.505032 0.220048
-0.399294 0.50522 0.220447
-0.398968 0.505547 0.21956
-0.39958 0.50529 0.219804
INDEX = 14
4 5 7
6 7 5
1 2 5
6 5 2
0 1 4
5 4 1
7 6 3
2 3 6
4 7 0
3 0 7
8 1 0
8 2 1
8 3 2
8 0 3
FACE-NORMAL = 14
-0.297231 0.926135 0.232224
-0.297231 0.926135 0.232224
0.0432979 0.862599 -0.504032
0.0432978 0.862599 -0.504032
0.468281 0.759311 0.451841
0.468281 0.759311 0.451841
-0.865955 0.479793 -0.141141
-0.865955 0.479792 -0.141141
-0.440972 0.376504 0.814732
-0.440972 0.376504 0.814732
-0.424465 -0.787831 -0.446264
-0.0201725 -0.886091 0.463072
0.844814 -0.521921 0.117849
0.440521 -0.423661 -0.791488
BONE = 19
BONE_NAME = Bone02(mirrored)(mirrored)
PARENT_ID = 18
LOCALTM 
MAT 0.00129288 0.516046 -0.85656 0.0
MAT 0.409336 0.781239 0.471285 0.0
MAT 0.912383 -0.35123 -0.210226 0.0
MAT 0.448888 0.0 0.0 1.0
WORLDTM 
MAT -0.297231 0.926135 0.232224 0.0
MAT -0.897516 -0.188027 -0.398888 0.0
MAT -0.325759 -0.326987 0.887108 0.0
MAT -0.39958 0.50529 0.219804 1.0
VERTEX = 9
-0.623645 1.18282 0.396259
-0.623684 1.18042 0.386552
-0.613815 1.17884 0.386904
-0.613777 1.18124 0.396611
-0.618414 1.18582 0.390861
-0.618418 1.18558 0.38989
-0.617431 1.18542 0.389925
-0.617427 1.18566 0.390896
-0.617922 1.18562 0.390393
INDEX = 14
4 5 7
6 7 5
1 2 5
6 5 2
0 1 4
5 4 1
7 6 3
2 3 6
4 7 0
3 0 7
8 1 0
8 2 1
8 3 2
8 0 3
FACE-NORMAL = 14
-0.161581 -0.957811 0.237675
-0.161581 -0.957811 0.237675
-0.105254 -0.46218 0.880517
-0.105254 -0.462181 0.880517
0.62543 -0.758 0.18513
0.62543 -0.758 0.18513
-0.841613 -0.523484 0.132862
-0.841613 -0.523484 0.132862
-0.11093 -0.819304 -0.562526
-0.11093 -0.819304 -0.562526
-0.583555 0.788824 -0.192923
0.111555 0.507407 -0.854455
0.812065 0.565725 -0.1432
0.116955 0.847143 0.518333
BONE = 20
BONE_NAME = Bone03(mirrored)(mirrored)
PARENT_ID = 19
LOCALTM 
MAT -0.783841 0.23031 0.576671 0.0
MAT 0.431261 0.870078 0.238702 0.0
MAT -0.446773 0.4358 -0.781327 0.0
MAT 0.734589 0.0 0.0 1.0
WORLDTM 
MAT -0.161581 -0.957811 0.237675 0.0
MAT -0.986853 0.157755 -0.0351596 0.0
MAT -0.00381839 -0.240229 -0.970708 0.0
MAT -0.617922 1.18562 0.390393 1.0
VERTEX = 9
-0.812228 0.048591 0.70714
-0.804992 0.0455099 0.698422
-0.806789 0.0341819 0.700934
-0.814026 0.0372631 0.709651
-0.805246 0.0422136 0.708074
-0.804522 0.0419055 0.707202
-0.804702 0.0407727 0.707453
-0.805426 0.0410808 0.708325
-0.804974 0.0414932 0.707763
INDEX = 14
4 5 7
6 7 5
1 2 5
6 5 2
0 1 4
5 4 1
7 6 3
2 3 6
4 7 0
3 0 7
8 1 0
8 2 1
8 3 2
8 0 3
FACE-NORMAL = 14
-0.772457 -0.0181786 -0.634807
-0.772457 -0.0181786 -0.634807
-0.974868 0.182894 0.127209
-0.974868 0.182894 0.127209
-0.630537 -0.729278 -0.265663
-0.630537 -0.729278 -0.265663
-0.402956 0.704956 -0.583665
-0.402956 0.704956 -0.583664
-0.058624 -0.207215 -0.976537
-0.0586238 -0.207216 -0.976537
0.65446 0.695058 0.297616
0.982027 -0.172704 -0.0761283
0.437959 -0.669349 0.600136
0.110391 0.198413 0.973882
BONE = 21
BONE_NAME = HitTestFuzzy04
PARENT_ID = 20
LOCALTM 
MAT -0.0101578 0.917894 0.732117 0.0
MAT -1.17375 0.0101492 -0.0290097 0.0
MAT -0.0290082 -0.732118 0.917491 0.0
MAT 1.20151 -0.00705808 -0.0325054 1.0
WORLDTM 
MAT -0.906981 -0.0213444 -0.745359 0.0
MAT 0.17975 1.1328 -0.251167 0.0
MAT 0.723676 -0.308119 -0.87177 0.0
MAT -0.804974 0.0414932 0.707763 1.0
VERTEX = 9
-0.0073482 0.85363 -0.111657
-0.00734821 0.868327 -0.111663
0.00734859 0.868327 -0.111663
0.0073486 0.85363 -0.111658
-0.000734642 0.860246 -0.104312
-0.000734642 0.861716 -0.104312
0.000735038 0.861716 -0.104312
0.000735039 0.860246 -0.104312
1.98358e-007 0.860981 -0.104312
INDEX = 14
4 5 7
6 7 5
1 2 5
6 5 2
0 1 4
5 4 1
7 6 3
2 3 6
4 7 0
3 0 7
8 1 0
8 2 1
8 3 2
8 0 3
FACE-NORMAL = 14
-1.62942e-007 -0.00036633 -1.0
-1.62942e-007 -0.00036633 -1.0
2.33658e-007 -0.743539 -0.668692
2.33658e-007 -0.743539 -0.668693
0.743294 -0.000244719 -0.668965
0.743294 -0.000244719 -0.668965
-0.743294 -0.000245405 -0.668965
-0.743294 -0.000245405 -0.668965
-4.51664e-007 0.743049 -0.669237
-4.51664e-007 0.743049 -0.669237
-0.707107 0.000258709 0.707107
-2.10761e-007 0.707366 0.706848
0.707107 0.00025936 0.707107
4.41196e-007 -0.706848 0.707366
BONE = 22
BONE_NAME = Bone_Spine_A02
PARENT_ID = 1
LOCALTM 
MAT -2.8114e-007 -0.000632149 -1.72563 0.0
MAT -1.72563 -8.98271e-007 2.81469e-007 0.0
MAT -8.98375e-007 1.72563 -0.000632149 0.0
MAT 2.32365e-007 0.187608 0.0117063 1.0
WORLDTM 
MAT -2.39473e-007 -0.000538388 -1.46968 0.0
MAT -1.46968 -6.7744e-007 2.39722e-007 0.0
MAT -6.77528e-007 1.46968 -0.000538388 0.0
MAT 1.98358e-007 0.860981 -0.104312 1.0
VERTEX = 9
0.0011692 1.22179 0.00720411
0.00116921 1.22179 0.0172041
0.00116922 1.21179 0.0172041
0.00116921 1.21179 0.00720411
-0.00383079 1.21729 0.0117041
-0.00383079 1.21729 0.0127041
-0.00383079 1.21629 0.0127041
-0.00383079 1.21629 0.0117041
-0.00383079 1.21679 0.0122041
INDEX = 14
4 5 7
6 7 5
1 2 5
6 5 2
0 1 4
5 4 1
7 6 3
2 3 6
4 7 0
3 0 7
8 1 0
8 2 1
8 3 2
8 0 3
FACE-NORMAL = 14
1.0 8.51432e-007 -5.53757e-007
1.0 8.51432e-007 -5.53757e-007
0.668964 2.15186e-007 -0.743295
0.668964 2.15186e-007 -0.743294
0.668965 -0.743294 0.0
0.668966 -0.743293 0.0
0.668964 0.743295 -7.24869e-007
0.668964 0.743295 -7.24869e-007
0.668965 9.23971e-007 0.743294
0.668965 9.23971e-007 0.743294
-0.707107 0.707106 0.0
-0.707106 -2.64915e-007 0.707107
-0.707106 -0.707107 7.28735e-007
-0.707107 -9.39192e-007 -0.707106
BONE = 23
BONE_NAME = Bone_Spine_A03
PARENT_ID = 22
LOCALTM 
MAT 2.65706e-007 -0.68042 2.65794e-007 0.0
MAT -0.000248934 2.65696e-007 0.68042 0.0
MAT -0.68042 -2.65786e-007 -0.000248934 0.0
MAT -0.0793684 0.00260658 0.242071 1.0
WORLDTM 
MAT 1.0 8.51433e-007 -5.53757e-007 0.0
MAT -8.51432e-007 1.0 -4.7683e-007 0.0
MAT 5.53732e-007 4.76786e-007 1.0 0.0
MAT -0.00383079 1.21679 0.0122041 1.0
VERTEX = 9
0.0214907 1.33303 -0.346072
0.0214907 1.33347 -0.337567
0.0214907 1.32497 -0.337126
0.0214907 1.32453 -0.345632
0.0172323 1.3294 -0.342047
0.0172323 1.32945 -0.341196
0.0172323 1.3286 -0.341152
0.0172323 1.32855 -0.342003
0.0172323 1.329 -0.341599
INDEX = 14
4 5 7
6 7 5
1 2 5
6 5 2
0 1 4
5 4 1
7 6 3
2 3 6
4 7 0
3 0 7
8 1 0
8 2 1
8 3 2
8 0 3
FACE-NORMAL = 14
1.0 1.32827e-006 -4.45016e-007
1.0 1.32827e-006 -4.45016e-007
0.668964 -0.0384318 -0.7423
0.668965 -0.0384317 -0.7423
0.668966 -0.742299 0.0384324
0.668966 -0.742299 0.0384323
0.668964 0.742301 -0.0384329
0.668964 0.742301 -0.0384329
0.668965 0.0384335 0.742299
0.668965 0.0384335 0.7423
-0.707108 0.70616 -0.0365612
-0.707107 0.0365606 0.706161
-0.707106 -0.706162 0.0365619
-0.707107 -0.0365625 -0.706161
BONE = 24
BONE_NAME = Bone_Head
PARENT_ID = 23
LOCALTM 
MAT 0.85168 4.06112e-007 0.0 0.0
MAT -4.0078e-007 0.85054 -0.0440364 0.0
MAT 0.0 0.0440364 0.85054 0.0
MAT 0.0210634 0.11221 -0.353803 1.0
WORLDTM 
MAT 0.85168 1.13126e-006 -3.79011e-007 0.0
MAT -1.14934e-006 0.85054 -0.0440368 0.0
MAT 3.1999e-007 0.0440368 0.85054 0.0
MAT 0.0172323 1.329 -0.341599 1.0
VERTEX = 9
0.00416009 1.34624 -0.45429
0.00416009 1.34575 -0.445788
0.0041601 1.33724 -0.446277
0.0041601 1.33773 -0.45478
-9.83035e-005 1.34219 -0.450684
-9.83036e-005 1.34214 -0.449834
-9.83024e-005 1.34129 -0.449883
-9.83023e-005 1.34134 -0.450733
-9.8303e-005 1.34174 -0.450284
INDEX = 14
4 5 7
6 7 5
1 2 5
6 5 2
0 1 4
5 4 1
7 6 3
2 3 6
4 7 0
3 0 7
8 1 0
8 2 1
8 3 2
8 0 3
FACE-NORMAL = 14
1.0 1.36125e-006 1.97726e-007
1.0 1.36125e-006 1.97726e-007
0.668965 0.0427164 -0.742066
0.668965 0.0427164 -0.742066
0.668966 -0.742065 -0.042715
0.668966 -0.742065 -0.042715
0.668964 0.742067 0.0427153
0.668964 0.742067 0.0427153
0.668965 -0.0427145 0.742066
0.668965 -0.0427145 0.742066
-0.707108 0.705937 0.0406354
-0.707107 -0.0406368 0.705938
-0.707106 -0.705939 -0.0406357
-0.707107 0.0406349 -0.705938
BONE = 25
BONE_NAME = Bone_face
PARENT_ID = 24
LOCALTM 
MAT 1.0 0.0 6.43587e-007 0.0
MAT 0.0 0.99404 0.109011 0.0
MAT -6.39771e-007 -0.109011 0.994041 0.0
MAT -0.0203486 0.0215355 -0.126668 1.0
WORLDTM 
MAT 0.85168 1.15935e-006 1.68399e-007 0.0
MAT -1.16711e-006 0.850271 0.0489437 0.0
MAT 0.0 -0.0489441 0.850273 0.0
MAT -9.8303e-005 1.34174 -0.450284 1.0
VERTEX = 9
-0.00481501 1.152 -0.542439
-0.00385678 1.16046 -0.542507
0.00460592 1.1595 -0.542513
0.00364769 1.15104 -0.542445
-0.000569028 1.15541 -0.538214
-0.000473205 1.15625 -0.538221
0.000373065 1.15616 -0.538221
0.000277242 1.15531 -0.538214
-9.79813e-005 1.15578 -0.538218
INDEX = 14
4 5 7
6 7 5
1 2 5
6 5 2
0 1 4
5 4 1
7 6 3
2 3 6
4 7 0
3 0 7
8 1 0
8 2 1
8 3 2
8 0 3
FACE-NORMAL = 14
-0.00154208 -0.0078855 -0.999968
-0.00154208 -0.0078855 -0.999968
-0.0846603 -0.743826 -0.66299
-0.0846603 -0.743826 -0.66299
0.737542 -0.0889112 -0.669423
0.737542 -0.0889112 -0.669423
-0.739605 0.078361 -0.668464
-0.739605 0.078361 -0.668464
0.082597 0.733275 -0.674897
0.0825971 0.733275 -0.674896
-0.701526 0.0851402 0.70754
0.0806476 0.70817 0.701421
0.703706 -0.0739884 0.706628
-0.0784668 -0.697018 0.712747
BONE = 26
BONE_NAME = Bone_mask
PARENT_ID = 25
LOCALTM 
MAT -0.00154229 -0.0653386 -0.997864 0.0
MAT -0.993648 0.112373 -0.00582226 0.0
MAT 0.112512 0.991515 -0.0650968 0.0
MAT 0.0 -0.223912 -0.0905297 1.0
WORLDTM 
MAT -0.00131336 -0.00671594 -0.851654 0.0
MAT -0.84627 0.0958317 0.000549299 0.0
MAT 0.095823 0.846243 -0.00682154 0.0
MAT -9.79813e-005 1.15578 -0.538218 1.0
VERTEX = 9
-0.0199401 1.01301 -0.543796
-0.0201111 1.02152 -0.543864
-0.011596 1.02169 -0.54386
-0.011425 1.01318 -0.543792
-0.0161881 1.01695 -0.539567
-0.0162052 1.0178 -0.539573
-0.0153537 1.01782 -0.539573
-0.0153366 1.01697 -0.539566
-0.0157709 1.01739 -0.53957
INDEX = 14
4 5 7
6 7 5
1 2 5
6 5 2
0 1 4
5 4 1
7 6 3
2 3 6
4 7 0
3 0 7
8 1 0
8 2 1
8 3 2
8 0 3
FACE-NORMAL = 14
0.000670626 -0.0079424 -0.999968
0.000670626 -0.0079424 -0.999968
0.0153683 -0.748434 -0.663031
0.0153683 -0.748434 -0.663031
0.743593 0.00960795 -0.668563
0.743593 0.00960794 -0.668563
-0.742695 -0.0202343 -0.669324
-0.742695 -0.0202343 -0.669324
-0.0144711 0.737807 -0.674856
-0.0144711 0.737807 -0.674856
-0.707439 -0.00857857 0.706722
-0.0146675 0.712558 0.701459
0.706489 0.0198108 0.707446
0.0137191 -0.701325 0.712709
BONE = 27
BONE_NAME = Bone_mask01
PARENT_ID = 26
LOCALTM 
MAT 1.0 -0.00220507 0.000192421 0.0
MAT 0.00221254 0.99119 -0.132432 0.0
MAT 0.000101816 0.132432 0.991188 0.0
MAT 0.00289744 0.0 -0.163521 1.0
WORLDTM 
MAT 0.000571162 -0.00676442 -0.851657 0.0
MAT -0.851508 -0.0170969 -0.00043647 0.0
MAT -0.0170951 0.851476 -0.00677539 0.0
MAT -0.0157709 1.01739 -0.53957 1.0
VERTEX = 9
-0.0173138 0.8699 -0.544084
-0.0168785 0.878307 -0.542787
-0.00837302 0.877866 -0.542788
-0.00880835 0.86946 -0.544085
-0.0133235 0.872837 -0.539292
-0.01328 0.873678 -0.539163
-0.0124294 0.873634 -0.539163
-0.0124729 0.872793 -0.539292
-0.0128765 0.873236 -0.539228
INDEX = 14
4 5 7
6 7 5
1 2 5
6 5 2
0 1 4
5 4 1
7 6 3
2 3 6
4 7 0
3 0 7
8 1 0
8 2 1
8 3 2
8 0 3
FACE-NORMAL = 14
0.00775834 0.152107 -0.988334
0.00775834 0.152107 -0.988334
-0.0328033 -0.631884 -0.774368
-0.0328033 -0.631884 -0.774369
0.747492 0.0633214 -0.661246
0.747492 0.0633215 -0.661246
-0.737108 0.140186 -0.661075
-0.737108 0.140186 -0.661075
0.0431835 0.835394 -0.547952
0.0431835 0.835394 -0.547952
-0.711649 -0.0709942 0.698939
0.0306577 0.590365 0.806554
0.700673 -0.144117 0.698776
-0.0416297 -0.805479 0.591161
BONE = 28
BONE_NAME = Bone_mask02
PARENT_ID = 27
LOCALTM 
MAT 0.987103 -0.0103056 0.159779 0.0
MAT -0.00119407 0.997429 0.0717367 0.0
MAT -0.160105 -0.0709976 0.984533 0.0
MAT 0.000945032 0.0 -0.169287 1.0
WORLDTM 
MAT 0.00660768 0.129547 -0.841752 0.0
MAT -0.850545 0.0440372 9.55462e-005 0.0
MAT 0.0435328 0.840603 0.129715 0.0
MAT -0.0128765 0.873236 -0.539228 1.0
VERTEX = 9
0.00852471 1.49309 -0.394657
0.00918539 1.49363 -0.384694
0.00906045 1.48365 -0.384141
0.00839977 1.48311 -0.394104
0.00377711 1.48892 -0.389598
0.00384317 1.48898 -0.388602
0.00383068 1.48798 -0.388547
0.00376461 1.48792 -0.389543
0.00380389 1.48845 -0.389073
INDEX = 14
4 5 7
6 7 5
1 2 5
6 5 2
0 1 4
5 4 1
7 6 3
2 3 6
4 7 0
3 0 7
8 1 0
8 2 1
8 3 2
8 0 3
FACE-NORMAL = 14
0.997737 -0.0161003 -0.0652829
0.997737 -0.0161003 -0.0652829
0.618343 -0.0511675 -0.784241
0.618343 -0.0511675 -0.784241
0.658165 -0.75287 -0.00257553
0.658165 -0.752869 -0.00257555
0.676737 0.731328 -0.0847683
0.676737 0.731329 -0.0847683
0.716559 0.0296264 0.696897
0.716559 0.0296264 0.696897
-0.696672 0.717355 0.00706634
-0.658789 0.0498149 0.750676
-0.714341 -0.694585 0.0852575
-0.752224 -0.0270456 -0.658352
BONE = 29
BONE_NAME = Ref_Head
PARENT_ID = 24
LOCALTM 
MAT 1.17149 -0.0149171 -0.0775264 0.0
MAT 0.0146705 1.17405 -0.00421856 0.0
MAT 0.0775734 0.00324007 1.17158 0.0
MAT -0.0157667 0.18985 -0.0459859 1.0
WORLDTM 
MAT 0.997737 -0.0161003 -0.0652829 0.0
MAT 0.0124932 0.998392 -0.0552895 0.0
MAT 0.0660681 0.0543485 0.996334 0.0
MAT 0.00380389 1.48845 -0.389073 1.0
VERTEX = 9
0.00209867 1.60535 0.279855
0.00209866 1.61535 0.279855
0.00209867 1.61535 0.289855
0.00209867 1.60535 0.289855
-0.00290133 1.60985 0.284355
-0.00290133 1.61085 0.284355
-0.00290133 1.61085 0.285355
-0.00290133 1.60985 0.285355
-0.00290133 1.61035 0.284855
INDEX = 14
4 5 7
6 7 5
1 2 5
6 5 2
0 1 4
5 4 1
7 6 3
2 3 6
4 7 0
3 0 7
8 1 0
8 2 1
8 3 2
8 0 3
FACE-NORMAL = 14
1.0 2.03483e-007 0.0
1.0 2.03483e-007 0.0
0.668965 -0.743294 0.0
0.668965 -0.743294 0.0
0.668965 2.5719e-007 0.743294
0.668965 2.5719e-007 0.743294
0.668965 0.0 -0.743294
0.668965 0.0 -0.743294
0.668965 0.743294 -1.77523e-007
0.668965 0.743294 -1.77523e-007
-0.707107 -2.59057e-007 -0.707107
-0.707107 0.707107 0.0
-0.707107 0.0 0.707107
-0.707107 -0.707107 1.74846e-007
BONE = 30
BONE_NAME = Bone_BackTorso
PARENT_ID = 23
LOCALTM 
MAT 1.0 -6.4795e-007 4.6939e-007 0.0
MAT 4.6939e-007 3.13906e-007 -1.0 0.0
MAT 6.47943e-007 1.0 3.13929e-007 0.0
MAT 0.000929639 0.393558 0.272651 1.0
WORLDTM 
MAT 1.0 2.03483e-007 0.0 0.0
MAT 0.0 -1.6288e-007 -1.0 0.0
MAT -2.03489e-007 1.0 -1.62901e-007 0.0
MAT -0.00290133 1.61035 0.284855 1.0
VERTEX = 9
-0.232082 1.94213 0.231895
-0.232082 1.95213 0.231895
-0.232082 1.95213 0.241895
-0.232082 1.94213 0.241895
-0.237082 1.94663 0.236395
-0.237082 1.94763 0.236395
-0.237082 1.94763 0.237395
-0.237082 1.94663 0.237395
-0.237082 1.94713 0.236895
INDEX = 14
4 5 7
6 7 5
1 2 5
6 5 2
0 1 4
5 4 1
7 6 3
2 3 6
4 7 0
3 0 7
8 1 0
8 2 1
8 3 2
8 0 3
FACE-NORMAL = 14
1.0 2.035e-007 0.0
1.0 2.035e-007 0.0
0.668965 -0.743294 0.0
0.668965 -0.743294 0.0
0.668965 2.57182e-007 0.743294
0.668965 2.57182e-007 0.743294
0.668965 0.0 -0.743294
0.668965 0.0 -0.743294
0.668965 0.743294 -1.7755e-007
0.668965 0.743294 -1.7755e-007
-0.707107 -2.59051e-007 -0.707107
-0.707107 0.707107 0.0
-0.707107 0.0 0.707107
-0.707107 -0.707107 1.74872e-007
BONE = 31
BONE_NAME = Bone_Shell~DUP~0
PARENT_ID = 30
LOCALTM 
MAT 1.0 0.0 0.0 0.0
MAT 0.0 1.0 0.0 0.0
MAT 0.0 0.0 1.0 0.0
MAT -0.23418 0.0479605 0.336786 1.0
WORLDTM 
MAT 1.0 2.035e-007 0.0 0.0
MAT 0.0 -1.62854e-007 -1.0 0.0
MAT -2.03479e-007 0.999999 -1.62931e-007 0.0
MAT -0.237082 1.94713 0.236895 1.0
VERTEX = 9
-0.57426 1.74362 0.151517
-0.57426 1.74027 0.158534
-0.585984 1.72117 0.149423
-0.585984 1.72452 0.142405
-0.583022 1.73526 0.151406
-0.583022 1.73492 0.152108
-0.584195 1.73301 0.151197
-0.584195 1.73335 0.150495
-0.583608 1.73414 0.151302
INDEX = 14
4 5 7
6 7 5
1 2 5
6 5 2
0 1 4
5 4 1
7 6 3
2 3 6
4 7 0
3 0 7
8 1 0
8 2 1
8 3 2
8 0 3
FACE-NORMAL = 14
0.874713 -0.43741 -0.208686
0.874713 -0.43741 -0.208686
0.585152 0.0274491 -0.810459
0.585152 0.027449 -0.810459
0.224921 -0.879418 -0.419565
0.224921 -0.879418 -0.419565
0.945383 0.294194 0.140358
0.945383 0.294194 0.140358
0.585152 -0.612673 0.531252
0.585152 -0.612673 0.531252
-0.275822 0.867533 0.413895
-0.618515 0.00481683 0.785758
-0.961209 -0.248941 -0.118769
-0.618515 0.613774 -0.490632
BONE = 32
BONE_NAME = Vol_Target 02
PARENT_ID = 31
LOCALTM 
MAT 0.697303 0.16636 -0.348695 0.0
MAT 1.17238 -0.911139 1.90977 0.0
MAT -2.66481e-007 -0.701757 -0.334805 0.0
MAT -0.346527 0.0855931 -0.212998 1.0
WORLDTM 
MAT 0.697303 -0.348694 -0.16636 0.0
MAT 1.17238 1.90977 0.911139 0.0
MAT -1.3919e-007 -0.334804 0.701758 0.0
MAT -0.583608 1.73414 0.151302 1.0
VERTEX = 9
0.00349633 2.08469 -0.356178
0.00349633 2.08469 -0.346178
0.00349633 2.07469 -0.346178
0.00349633 2.07469 -0.356178
-0.00150367 2.08019 -0.351678
-0.00150367 2.08019 -0.350678
-0.00150367 2.07919 -0.350678
-0.00150367 2.07919 -0.351678
-0.00150367 2.07969 -0.351178
INDEX = 14
4 5 7
6 7 5
1 2 5
6 5 2
0 1 4
5 4 1
7 6 3
2 3 6
4 7 0
3 0 7
8 1 0
8 2 1
8 3 2
8 0 3
FACE-NORMAL = 14
1.0 2.03476e-007 0.0
1.0 2.03476e-007 0.0
0.668965 1.36167e-007 -0.743294
0.668965 1.36167e-007 -0.743294
0.668965 -0.743294 0.0
0.668965 -0.743294 0.0
0.668965 0.743294 0.0
0.668965 0.743294 0.0
0.668965 1.36069e-007 0.743294
0.668965 1.36069e-007 0.743294
-0.707107 0.707107 0.0
-0.707107 -1.43925e-007 0.707107
-0.707107 -0.707107 0.0
-0.707107 -1.43833e-007 -0.707107
BONE = 33
BONE_NAME = Ref_Weapon
PARENT_ID = 23
LOCALTM 
MAT 1.0 -6.47957e-007 4.69387e-007 0.0
MAT 6.4793e-007 1.0 4.76823e-007 0.0
MAT -4.69393e-007 -4.76851e-007 1.0 0.0
MAT 0.00232805 0.8629 -0.363381 1.0
WORLDTM 
MAT 1.0 2.03476e-007 0.0 0.0
MAT -2.03501e-007 1.0 0.0 0.0
MAT 0.0 0.0 1.0 0.0
MAT -0.00150367 2.07969 -0.351178 1.0
VERTEX = 9
0.00919162 2.07667 -0.362697
0.00919162 2.08414 -0.35808
0.00919162 2.07952 -0.350608
0.00919162 2.07205 -0.355225
0.00479986 2.07795 -0.357257
0.00479986 2.0787 -0.356795
0.00479986 2.07824 -0.356048
0.00479986 2.07749 -0.35651
0.00479986 2.07809 -0.356653
INDEX = 14
4 5 7
6 7 5
1 2 5
6 5 2
0 1 4
5 4 1
7 6 3
2 3 6
4 7 0
3 0 7
8 1 0
8 2 1
8 3 2
8 0 3
FACE-NORMAL = 14
1.0 2.03486e-007 0.0
1.0 2.03486e-007 0.0
0.668965 -0.632305 -0.390738
0.668965 -0.632305 -0.390738
0.668965 -0.390738 0.632305
0.668965 -0.390737 0.632305
0.668965 0.390738 -0.632305
0.668965 0.390738 -0.632306
0.668965 0.632305 0.390738
0.668965 0.632306 0.390738
-0.707107 0.371714 -0.601522
-0.707107 0.601521 0.371715
-0.707107 -0.371715 0.601522
-0.707107 -0.601522 -0.371715
BONE = 34
BONE_NAME = Star2Part02glow
PARENT_ID = 23
LOCALTM 
MAT 0.878352 -5.69125e-007 4.1229e-007 0.0
MAT 6.49906e-007 0.461736 -0.747196 0.0
MAT 2.67409e-007 0.747196 0.461736 0.0
MAT 0.00863159 0.861302 -0.368856 1.0
WORLDTM 
MAT 0.878352 1.78733e-007 0.0 0.0
MAT -1.56976e-007 0.461735 -0.747196 0.0
MAT 0.0 0.747196 0.461735 0.0
MAT 0.00479986 2.07809 -0.356653 1.0
VERTEX = 9
-0.00804561 2.16076 -0.568163
-0.00804556 2.17076 -0.568499
0.00195444 2.17076 -0.568498
0.00195439 2.16076 -0.568161
-0.00354638 2.16543 -0.563316
-0.00354637 2.16643 -0.56335
-0.00254637 2.16643 -0.56335
-0.00254638 2.16543 -0.563316
-0.00304638 2.16593 -0.563333
INDEX = 14
4 5 7
6 7 5
1 2 5
6 5 2
0 1 4
5 4 1
7 6 3
2 3 6
4 7 0
3 0 7
8 1 0
8 2 1
8 3 2
8 0 3
FACE-NORMAL = 14
0.000157533 -0.0336201 -0.999435
0.000157533 -0.0336201 -0.999435
0.000101579 -0.765365 -0.643597
0.000101579 -0.765365 -0.643597
0.7434 -0.0224906 -0.668469
0.743399 -0.0224906 -0.668469
-0.743189 -0.0224908 -0.668704
