EXPORTER_V17
ANIMATION_EXPORT
BONEOBJECT_COUNT = 44
VERTEX = 9
0.0042584 0.191118 -0.00425841
0.0042584 0.191118 0.00425839
0.0042584 0.182602 0.00425839
0.0042584 0.182602 -0.00425841
0.0 0.187286 -0.000425848
0.0 0.187286 0.000425832
0.0 0.186434 0.000425832
0.0 0.186434 -0.000425848
0.0 0.18686 0.0
INDEX = 14
4 5 7
6 7 5
1 2 5
6 5 2
0 1 4
5 4 1
7 6 3
2 3 6
4 7 0
3 0 7
8 1 0
8 2 1
8 3 2
8 0 3
FACE-NORMAL = 14
1.0 0.0 0.0
1.0 0.0 0.0
0.668965 0.0 -0.743294
0.668965 0.0 -0.743294
0.668965 -0.743294 0.0
0.668965 -0.743294 0.0
0.668965 0.743294 0.0
0.668965 0.743294 0.0
0.668965 0.0 0.743294
0.668965 0.0 0.743294
-0.707107 0.707107 0.0
-0.707107 0.0 0.707107
-0.707107 -0.707107 0.0
-0.707107 0.0 -0.707107
BONE = 0
BONE_NAME = Bone_Main
PARENT_ID = -1
LOCALTM 
MAT 0.85168 0.0 0.0 0.0
MAT 0.0 0.85168 0.0 0.0
MAT 0.0 0.0 0.85168 0.0
MAT 0.0 0.18686 0.0 1.0
WORLDTM 
MAT 0.85168 0.0 0.0 0.0
MAT 0.0 0.85168 0.0 0.0
MAT 0.0 0.0 0.85168 0.0
MAT 0.0 0.18686 0.0 1.0
VERTEX = 9
0.00425839 0.705457 -0.11854
0.00425839 0.705457 -0.110023
0.00425839 0.69694 -0.110023
0.00425839 0.69694 -0.11854
0.0 0.701624 -0.114708
0.0 0.701624 -0.113856
0.0 0.700773 -0.113856
0.0 0.700773 -0.114708
0.0 0.701199 -0.114282
INDEX = 14
4 5 7
6 7 5
1 2 5
6 5 2
0 1 4
5 4 1
7 6 3
2 3 6
4 7 0
3 0 7
8 1 0
8 2 1
8 3 2
8 0 3
FACE-NORMAL = 14
1.0 0.0 0.0
1.0 0.0 0.0
0.668965 0.0 -0.743294
0.668965 0.0 -0.743294
0.668965 -0.743294 0.0
0.668965 -0.743294 0.0
0.668965 0.743294 0.0
0.668965 0.743294 0.0
0.668965 0.0 0.743294
0.668965 0.0 0.743294
-0.707107 0.707107 0.0
-0.707107 0.0 0.707107
-0.707107 -0.707107 0.0
-0.707107 0.0 -0.707107
BONE = 1
BONE_NAME = Bone_Root
PARENT_ID = 0
LOCALTM 
MAT 1.0 0.0 0.0 0.0
MAT 0.0 1.0 0.0 0.0
MAT 0.0 0.0 1.0 0.0
MAT 0.0 0.603911 -0.134184 1.0
WORLDTM 
MAT 0.85168 0.0 0.0 0.0
MAT 0.0 0.85168 0.0 0.0
MAT 0.0 0.0 0.85168 0.0
MAT 0.0 0.701199 -0.114282 1.0
VERTEX = 9
-0.0857949 0.489559 -0.422869
-0.0857949 0.490887 -0.414456
-0.0857949 0.482474 -0.413129
-0.0857949 0.481147 -0.421541
-0.0900533 0.486371 -0.418486
-0.0900533 0.486504 -0.417644
-0.0900533 0.485662 -0.417512
-0.0900533 0.48553 -0.418353
-0.0900533 0.486017 -0.417999
INDEX = 14
4 5 7
6 7 5
1 2 5
6 5 2
0 1 4
5 4 1
7 6 3
2 3 6
4 7 0
3 0 7
8 1 0
8 2 1
8 3 2
8 0 3
FACE-NORMAL = 14
1.0 0.0 0.0
1.0 0.0 0.0
0.668965 -0.11584 -0.734212
0.668965 -0.11584 -0.734212
0.668965 -0.734212 0.11584
0.668965 -0.734212 0.11584
0.668965 0.734212 -0.11584
0.668965 0.734212 -0.11584
0.668965 0.11584 0.734212
0.668965 0.11584 0.734212
-0.707107 0.698467 -0.1102
-0.707107 0.1102 0.698467
-0.707107 -0.698467 0.1102
-0.707107 -0.1102 -0.698467
BONE = 2
BONE_NAME = Bone_Claw_R
PARENT_ID = 1
LOCALTM 
MAT 1.0 0.0 0.0 0.0
MAT 0.0 0.987781 -0.155846 0.0
MAT 0.0 0.155846 0.987781 0.0
MAT -0.105736 -0.252656 -0.356609 1.0
WORLDTM 
MAT 0.85168 0.0 0.0 0.0
MAT 0.0 0.841273 -0.132731 0.0
MAT 0.0 0.132731 0.841274 0.0
MAT -0.0900533 0.486017 -0.417999 1.0
VERTEX = 9
0.0917297 0.489533 -0.422888
0.0917297 0.490906 -0.414482
0.0917297 0.4825 -0.413109
0.0917297 0.481128 -0.421515
0.0874713 0.486368 -0.418487
0.0874713 0.486506 -0.417647
0.0874713 0.485665 -0.41751
0.0874713 0.485528 -0.41835
0.0874713 0.486017 -0.417999
INDEX = 14
4 5 7
6 7 5
1 2 5
6 5 2
0 1 4
5 4 1
7 6 3
2 3 6
4 7 0
3 0 7
8 1 0
8 2 1
8 3 2
8 0 3
FACE-NORMAL = 14
1.0 0.0 0.0
1.0 0.0 0.0
0.668965 -0.119814 -0.733574
0.668965 -0.119814 -0.733574
0.668965 -0.733574 0.119814
0.668965 -0.733574 0.119814
0.668965 0.733574 -0.119814
0.668965 0.733574 -0.119814
0.668965 0.119814 0.733574
0.668965 0.119814 0.733574
-0.707107 0.69786 -0.113981
-0.707107 0.113981 0.69786
-0.707107 -0.69786 0.113981
-0.707107 -0.113981 -0.69786
BONE = 3
BONE_NAME = Bone_Claw_L
PARENT_ID = 1
LOCALTM 
MAT 1.0 0.0 0.0 0.0
MAT 0.0 0.986923 -0.161194 0.0
MAT 0.0 0.161194 0.986923 0.0
MAT 0.102704 -0.252656 -0.356609 1.0
WORLDTM 
MAT 0.85168 0.0 0.0 0.0
MAT 0.0 0.840542 -0.137285 0.0
MAT 0.0 0.137285 0.840542 0.0
MAT 0.0874713 0.486017 -0.417999 1.0
VERTEX = 9
0.09471 0.675728 -0.231242
0.0947853 0.669204 -0.225768
0.0876543 0.666163 -0.229294
0.087579 0.672687 -0.234768
0.0892069 0.6737 -0.227621
0.0892145 0.673047 -0.227073
0.0885013 0.672743 -0.227426
0.0884938 0.673396 -0.227973
0.0888541 0.673221 -0.227523
INDEX = 14
4 5 7
6 7 5
1 2 5
6 5 2
0 1 4
5 4 1
7 6 3
2 3 6
4 7 0
3 0 7
8 1 0
8 2 1
8 3 2
8 0 3
FACE-NORMAL = 14
0.54669 -0.534514 -0.644535
0.54669 -0.534514 -0.644535
0.359147 0.211807 -0.908929
0.359147 0.211807 -0.908929
-0.256635 -0.62299 -0.738933
-0.256635 -0.62299 -0.738933
0.988068 -0.0921518 -0.12341
0.988068 -0.0921517 -0.123409
0.372285 -0.926948 0.0465859
0.372285 -0.926948 0.0465861
0.205484 0.630455 0.748533
-0.380319 -0.163699 0.910253
-0.978621 0.125461 0.162977
-0.392817 0.919616 0.00125748
BONE = 4
BONE_NAME = Bone01
PARENT_ID = 1
LOCALTM 
MAT 0.54669 -0.534513 -0.644535 0.0
MAT 0.837288 0.357085 0.414051 0.0
MAT 0.00883779 -0.766019 0.642757 0.0
MAT 0.104328 -0.0328496 -0.132962 1.0
WORLDTM 
MAT 0.465605 -0.455234 -0.548937 0.0
MAT 0.713102 0.304122 0.352639 0.0
MAT 0.00752693 -0.652403 0.547423 0.0
MAT 0.0888541 0.673221 -0.227523 1.0
VERTEX = 9
0.331568 0.444077 -0.503855
0.33309 0.442282 -0.51204
0.32515 0.444629 -0.514032
0.323627 0.446425 -0.505847
0.327341 0.440332 -0.507807
0.327494 0.440152 -0.508626
0.3267 0.440387 -0.508825
0.326547 0.440567 -0.508007
0.327021 0.440359 -0.508316
INDEX = 14
4 5 7
6 7 5
1 2 5
6 5 2
0 1 4
5 4 1
7 6 3
2 3 6
4 7 0
3 0 7
8 1 0
8 2 1
8 3 2
8 0 3
FACE-NORMAL = 14
0.314221 0.937854 -0.14729
0.314221 0.937854 -0.14729
0.0773134 0.784101 0.615799
0.0773135 0.784101 0.615799
-0.482817 0.832276 -0.272404
-0.482817 0.832276 -0.272404
0.903223 0.422507 0.0753403
0.903223 0.422507 0.0753403
0.343092 0.470682 -0.812863
0.343092 0.470682 -0.812863
0.437093 -0.858073 0.269557
-0.0957682 -0.812243 -0.575404
-0.881468 -0.468253 -0.0612574
-0.348608 -0.514083 0.783704
BONE = 5
BONE_NAME = Bone02
PARENT_ID = 4
LOCALTM 
MAT -0.234581 0.537002 -0.810309 0.0
MAT 0.506279 0.779084 0.369743 0.0
MAT 0.829852 -0.323507 -0.454631 0.0
MAT 0.511521 0.0 0.0 1.0
WORLDTM 
MAT 0.267616 0.798751 -0.125444 0.0
MAT 0.794075 -0.23476 0.199226 0.0
MAT 0.152267 -0.17956 -0.818493 0.0
MAT 0.327021 0.440359 -0.508316 1.0
VERTEX = 9
0.560448 1.12177 -0.621157
0.560952 1.11874 -0.613211
0.552524 1.11752 -0.61314
0.552019 1.12055 -0.621086
0.556325 1.12379 -0.616017
0.556375 1.12349 -0.615223
0.555533 1.12337 -0.615215
0.555482 1.12367 -0.61601
0.555929 1.12358 -0.615616
INDEX = 14
4 5 7
6 7 5
1 2 5
6 5 2
0 1 4
5 4 1
7 6 3
2 3 6
4 7 0
3 0 7
8 1 0
8 2 1
8 3 2
8 0 3
FACE-NORMAL = 14
0.130792 -0.923799 -0.359845
0.130792 -0.923799 -0.359845
0.0434514 -0.354097 -0.934199
0.0434514 -0.354097 -0.934199
-0.648097 -0.724539 -0.234551
-0.648096 -0.724539 -0.234551
0.823087 -0.511439 -0.246897
0.823087 -0.511439 -0.246897
0.131539 -0.881881 0.452751
0.131539 -0.881881 0.452751
0.607295 0.754587 0.248577
-0.0505843 0.40218 0.914162
-0.792263 0.551862 0.260322
-0.134383 0.904269 -0.405264
BONE = 6
BONE_NAME = Bone03
PARENT_ID = 5
LOCALTM 
MAT -0.77229 0.29241 0.563973 0.0
MAT 0.446628 0.881245 0.154691 0.0
MAT -0.451766 0.371352 -0.811176 0.0
MAT 0.855361 0.0 0.0 1.0
WORLDTM 
MAT 0.111393 -0.786781 -0.306473 0.0
MAT 0.842854 0.122087 -0.00707306 0.0
MAT 0.0504661 -0.302372 0.794596 0.0
MAT 0.555929 1.12358 -0.615616 1.0
VERTEX = 9
0.525777 1.02717 -0.611375
0.519043 1.02476 -0.604386
0.519675 1.01515 -0.607089
0.526409 1.01756 -0.614078
0.519348 1.02245 -0.612757
0.518675 1.02221 -0.612058
0.518738 1.02125 -0.612329
0.519411 1.02149 -0.613028
0.519043 1.02185 -0.612543
INDEX = 14
4 5 7
6 7 5
1 2 5
6 5 2
0 1 4
5 4 1
7 6 3
2 3 6
4 7 0
3 0 7
8 1 0
8 2 1
8 3 2
8 0 3
FACE-NORMAL = 14
0.736551 -0.1378 0.662196
0.736551 -0.1378 0.662196
0.993277 0.086874 -0.0765077
0.993277 0.0868739 -0.0765076
0.539711 -0.80628 0.242125
0.539711 -0.80628 0.242125
0.445742 0.621913 0.643847
0.445742 0.621913 0.643847
-0.00782385 -0.27124 0.96248
-0.007824 -0.271241 0.96248
-0.565517 0.77677 -0.277162
-0.997001 -0.0729006 0.0259586
-0.476123 -0.581891 -0.659325
-0.0446389 0.267779 -0.962446
BONE = 7
BONE_NAME = Unit_Protoss_Stalker_Leg1_02
PARENT_ID = 6
LOCALTM 
MAT -0.017206 0.82621 0.834093 0.0
MAT -1.16595 0.0856157 -0.108857 0.0
MAT -0.137419 -0.829866 0.819187 0.0
MAT 0.103386 -0.0600137 0.0432091 1.0
WORLDTM 
MAT 0.736551 -0.1378 0.662196 0.0
MAT -0.0632109 0.960718 0.27023 0.0
MAT -0.673422 -0.240897 0.698908 0.0
MAT 0.519043 1.02185 -0.612543 1.0
VERTEX = 9
0.768514 0.0896572 -1.07347
0.775595 0.0936184 -1.08196
0.777044 0.0826434 -1.08587
0.769964 0.0786821 -1.07738
0.77698 0.0858451 -1.0755
0.777688 0.0862412 -1.07635
0.777833 0.0851437 -1.07674
0.777125 0.0847476 -1.07589
0.777406 0.0854944 -1.07612
INDEX = 14
4 5 7
6 7 5
1 2 5
6 5 2
0 1 4
5 4 1
7 6 3
2 3 6
4 7 0
3 0 7
8 1 0
8 2 1
8 3 2
8 0 3
FACE-NORMAL = 14
-0.788126 0.111717 -0.60529
-0.788126 0.111717 -0.60529
-0.97544 -0.176029 0.132399
-0.975441 -0.176029 0.132399
-0.435471 -0.620038 -0.652624
-0.435471 -0.620038 -0.652624
-0.618986 0.769507 -0.157212
-0.618986 0.769507 -0.157212
-0.0790171 0.325499 -0.942235
-0.079017 0.325499 -0.942235
0.469999 0.581951 0.663651
0.98368 0.15956 -0.0831529
0.644579 -0.739943 0.192359
0.130899 -0.317552 0.939162
BONE = 8
BONE_NAME = HitTestFuzzy02
PARENT_ID = 6
LOCALTM 
MAT 0.0158899 -1.04627 -0.897603 0.0
MAT -1.37802 0.0124832 -0.0389485 0.0
MAT 0.0376846 0.897657 -1.04566 0.0
MAT 1.35457 0.0871206 -0.0563116 1.0
WORLDTM 
MAT -0.925378 0.131173 -0.710701 0.0
MAT -0.144946 1.0975 0.39129 0.0
MAT 0.708021 0.396122 -0.848778 0.0
MAT 0.777406 0.0854944 -1.07612 1.0
VERTEX = 9
0.00425109 0.805516 0.168974
0.00425707 0.812511 0.173833
0.00426568 0.807653 0.180828
0.0042597 0.800658 0.17597
-7.38487e-007 0.806478 0.174314
-1.40533e-007 0.807177 0.174799
7.20354e-007 0.806692 0.175499
1.224e-007 0.805992 0.175013
0.0 0.806585 0.174906
INDEX = 14
4 5 7
6 7 5
1 2 5
6 5 2
0 1 4
5 4 1
7 6 3
2 3 6
4 7 0
3 0 7
8 1 0
8 2 1
8 3 2
8 0 3
FACE-NORMAL = 14
0.999999 0.0 -0.00123072
0.999999 0.0 -0.00123072
0.668442 -0.610502 -0.424821
0.668442 -0.610502 -0.42482
0.669716 -0.423998 0.609678
0.669716 -0.423998 0.609678
0.668213 0.423997 -0.611324
0.668213 0.423998 -0.611325
0.669486 0.610502 0.423174
0.669486 0.610502 0.423174
-0.707821 0.403355 -0.579909
-0.70661 0.580779 0.404225
-0.706392 -0.403355 0.581649
-0.707603 -0.580779 -0.402485
BONE = 9
BONE_NAME = Bone_Shell
PARENT_ID = 1
LOCALTM 
MAT 0.999999 0.0 -0.00123072 0.0
MAT -0.00101084 0.57043 -0.821345 0.0
MAT 0.000702038 0.821346 0.57043 0.0
MAT 0.0 0.123739 0.33955 1.0
WORLDTM 
MAT 0.851679 0.0 -0.00104818 0.0
MAT -0.000860887 0.485824 -0.699523 0.0
MAT 0.000597953 0.699524 0.485824 0.0
MAT 0.0 0.806585 0.174906 1.0
VERTEX = 9
-0.0941028 0.668492 -0.225466
-0.0940254 0.676156 -0.231889
-0.085646 0.672601 -0.23603
-0.0857234 0.664937 -0.229607
-0.0875687 0.673016 -0.226995
-0.087561 0.673782 -0.227637
-0.086723 0.673427 -0.228052
-0.0867307 0.67266 -0.227409
-0.0871459 0.673221 -0.227523
INDEX = 14
4 5 7
6 7 5
1 2 5
6 5 2
0 1 4
5 4 1
7 6 3
2 3 6
4 7 0
3 0 7
8 1 0
8 2 1
8 3 2
8 0 3
FACE-NORMAL = 14
-0.545707 -0.534992 -0.644971
-0.545707 -0.534992 -0.644971
-0.370814 -0.92757 0.045946
-0.370814 -0.92757 0.0459459
0.257777 -0.622128 -0.739261
0.257777 -0.622128 -0.739261
-0.987895 -0.0936537 -0.123664
-0.987895 -0.0936536 -0.123664
-0.359303 0.211788 -0.908871
-0.359303 0.211788 -0.908871
-0.20664 0.62967 0.748877
0.391348 0.920241 0.00189722
0.978386 0.126924 0.16325
0.380398 -0.163647 0.910229
BONE = 10
BONE_NAME = Bone01(mirrored)
PARENT_ID = 1
LOCALTM 
MAT -0.640741 -0.628161 -0.757292 0.0
MAT -0.983868 0.417404 0.486216 0.0
MAT 0.00909172 0.899897 -0.754142 0.0
MAT -0.102322 -0.0328495 -0.132962 1.0
WORLDTM 
MAT -0.545707 -0.534992 -0.64497 0.0
MAT -0.83794 0.355495 0.414101 0.0
MAT 0.00774328 0.766424 -0.642288 0.0
MAT -0.0871459 0.673221 -0.227523 1.0
VERTEX = 9
-0.332014 0.442399 -0.512878
-0.330231 0.444505 -0.503266
-0.320911 0.447277 -0.505602
-0.322694 0.445172 -0.515214
-0.325439 0.439907 -0.50887
-0.325261 0.440118 -0.507909
-0.324329 0.440395 -0.508142
-0.324507 0.440184 -0.509103
-0.324884 0.440151 -0.508506
INDEX = 14
4 5 7
6 7 5
1 2 5
6 5 2
0 1 4
5 4 1
7 6 3
2 3 6
4 7 0
3 0 7
8 1 0
8 2 1
8 3 2
8 0 3
FACE-NORMAL = 14
-0.315702 0.937432 -0.146811
-0.315702 0.937432 -0.146811
-0.343722 0.470589 -0.812651
-0.343722 0.470589 -0.812651
0.481524 0.833202 -0.271862
0.481523 0.833202 -0.271862
-0.903911 0.421016 0.0754391
-0.903911 0.421015 0.0754392
-0.078665 0.783629 0.616228
-0.078665 0.783629 0.616228
-0.435757 -0.858924 0.269007
0.349311 -0.513965 0.783468
0.882227 -0.466805 -0.0613853
0.0971587 -0.811765 -0.575846
BONE = 11
BONE_NAME = Bone02(mirrored)
PARENT_ID = 10
LOCALTM 
MAT -0.234549 0.536998 0.810321 0.0
MAT 0.506233 0.779099 -0.369777 0.0
MAT -0.829889 0.32348 -0.454583 0.0
MAT 0.435652 0.0 0.0 1.0
WORLDTM 
MAT -0.315702 0.937432 -0.146811 0.0
MAT -0.931956 -0.277271 0.233623 0.0
MAT 0.178299 0.210576 0.96118 0.0
MAT -0.324884 0.440151 -0.508506 1.0
VERTEX = 9
-0.560764 1.11738 -0.612639
-0.560178 1.12094 -0.621963
-0.55028 1.11952 -0.621887
-0.550866 1.11595 -0.612562
-0.555395 1.12296 -0.614994
-0.555336 1.12331 -0.615927
-0.554347 1.12317 -0.615919
-0.554405 1.12282 -0.614987
-0.554871 1.12306 -0.615457
INDEX = 14
4 5 7
6 7 5
1 2 5
6 5 2
0 1 4
5 4 1
7 6 3
2 3 6
4 7 0
3 0 7
8 1 0
8 2 1
8 3 2
8 0 3
FACE-NORMAL = 14
-0.130216 -0.923343 -0.361222
-0.130216 -0.923343 -0.361222
-0.130648 -0.882686 0.451438
-0.130648 -0.882686 0.451438
0.648569 -0.723661 -0.235951
0.648569 -0.723661 -0.235951
-0.822787 -0.511707 -0.247339
-0.822788 -0.511707 -0.247339
-0.0435713 -0.352682 -0.934728
-0.0435713 -0.352682 -0.934728
-0.607786 0.753719 0.250006
0.133495 0.905002 -0.403918
0.791938 0.552085 0.260839
0.0506576 0.400802 0.914763
BONE = 12
BONE_NAME = Bone03(mirrored)
PARENT_ID = 11
LOCALTM 
MAT -0.77143 0.292981 -0.564851 0.0
MAT 0.447248 0.881086 -0.153812 0.0
MAT 0.452618 -0.371284 -0.810731 0.0
MAT 0.728494 -4.24683e-007 2.08616e-007 1.0
WORLDTM 
MAT -0.130216 -0.923343 -0.361222 0.0
MAT -0.989755 0.142577 -0.00766017 0.0
MAT 0.058575 0.356524 -0.932448 0.0
MAT -0.554871 1.12306 -0.615457 1.0
VERTEX = 9
-0.64477 0.0936481 -1.11634
-0.638155 0.0964787 -1.12562
-0.639591 0.0856577 -1.12994
-0.646206 0.0828271 -1.12066
-0.637642 0.0882665 -1.11959
-0.636981 0.0885496 -1.12051
-0.637125 0.0874675 -1.12095
-0.637786 0.0871844 -1.12002
-0.637384 0.087867 -1.12027
INDEX = 14
4 5 7
6 7 5
1 2 5
6 5 2
0 1 4
5 4 1
7 6 3
2 3 6
4 7 0
3 0 7
8 1 0
8 2 1
8 3 2
8 0 3
FACE-NORMAL = 14
-0.817083 0.304197 -0.489735
-0.817083 0.304197 -0.489735
-0.965367 0.0243064 0.25976
-0.965367 0.0243065 0.25976
-0.637522 -0.481522 -0.601417
-0.637522 -0.481522 -0.601417
-0.455677 0.888517 -0.0538132
-0.455677 0.888517 -0.0538131
-0.127831 0.382688 -0.914991
-0.127831 0.382688 -0.914991
0.664261 0.436569 0.606766
0.976145 -0.0446331 -0.212484
0.491269 -0.86677 0.0858228
0.179384 -0.385567 0.905074
BONE = 13
BONE_NAME = HitTestFuzzy01
PARENT_ID = 12
LOCALTM 
MAT 0.00284171 1.00488 0.607324 0.0
MAT -1.17408 0.00881459 -0.00909066 0.0
MAT -0.0123388 -0.607267 1.00484 0.0
MAT 1.14894 -0.0620626 0.0968019 1.0
WORLDTM 
MAT -0.959378 0.357173 -0.575022 0.0
MAT 0.143627 1.0821 0.432514 0.0
MAT 0.661511 0.28306 -0.927853 0.0
MAT -0.637384 0.087867 -1.12027 1.0
VERTEX = 9
0.112746 0.670077 -0.0723421
0.111008 0.677798 -0.0662304
0.103665 0.672647 -0.0618099
0.105403 0.664925 -0.0679216
0.105379 0.673093 -0.0708854
0.105205 0.673865 -0.0702742
0.10447 0.67335 -0.0698321
0.104644 0.672578 -0.0704433
0.104925 0.673221 -0.0703587
INDEX = 14
4 5 7
6 7 5
1 2 5
6 5 2
0 1 4
5 4 1
7 6 3
2 3 6
4 7 0
3 0 7
8 1 0
8 2 1
8 3 2
8 0 3
FACE-NORMAL = 14
0.656206 -0.371933 0.656551
0.656206 -0.371933 0.656551
0.568186 -0.822762 -0.0150706
0.568186 -0.822762 -0.0150704
-0.106812 -0.631742 0.767784
-0.106812 -0.631742 0.767784
0.98477 0.134123 0.110635
0.98477 0.134123 0.110635
0.309772 0.325142 0.89349
0.309772 0.325142 0.89349
0.0552109 0.627286 -0.77683
-0.586924 0.809006 -0.0320883
-0.983227 -0.101293 -0.151674
-0.341091 -0.283013 -0.896415
BONE = 14
BONE_NAME = Bone01(mirrored)~DUP~1
PARENT_ID = 1
LOCALTM 
MAT 0.770485 -0.436705 0.77089 0.0
MAT 0.862162 0.604902 -0.519035 0.0
MAT -0.204103 0.906648 0.717607 0.0
MAT 0.123197 -0.0328496 0.0515723 1.0
WORLDTM 
MAT 0.656206 -0.371933 0.656551 0.0
MAT 0.734286 0.515183 -0.442052 0.0
MAT -0.17383 0.772174 0.611171 0.0
MAT 0.104925 0.673221 -0.0703587 1.0
VERTEX = 9
0.406784 0.508542 0.228431
0.403742 0.51212 0.219603
0.394499 0.513257 0.223248
0.397541 0.509679 0.232077
0.400102 0.506029 0.224618
0.399798 0.506387 0.223736
0.398873 0.506501 0.2241
0.399178 0.506143 0.224983
0.399488 0.506265 0.224359
INDEX = 14
4 5 7
6 7 5
1 2 5
6 5 2
0 1 4
5 4 1
7 6 3
2 3 6
4 7 0
3 0 7
8 1 0
8 2 1
8 3 2
8 0 3
FACE-NORMAL = 14
0.230788 0.926843 0.296141
0.230788 0.926843 0.296141
0.380503 0.354051 0.854322
0.380503 0.354052 0.854321
-0.532584 0.70451 0.469063
-0.532584 0.70451 0.469063
0.841361 0.535541 -0.0728478
0.841362 0.535541 -0.0728479
-0.0717252 0.885999 -0.458106
-0.0717252 0.885999 -0.458106
0.490336 -0.735748 -0.467167
-0.378297 -0.402352 -0.833669
-0.816719 -0.575006 0.048361
0.0519141 -0.908402 0.414863
BONE = 15
BONE_NAME = Bone02(mirrored)~DUP~2
PARENT_ID = 14
LOCALTM 
MAT 0.0011524 0.516048 0.856559 0.0
MAT 0.409424 0.781234 -0.471218 0.0
MAT -0.912344 0.351239 -0.210382 0.0
MAT 0.448888 0.0 0.0 1.0
WORLDTM 
MAT 0.230787 0.926843 0.29614 0.0
MAT 0.924228 -0.113662 -0.364533 0.0
MAT -0.304205 0.357831 -0.882846 0.0
MAT 0.399488 0.506265 0.224359 1.0
VERTEX = 9
0.575249 1.18247 0.438067
0.57463 1.18431 0.447877
0.564867 1.18216 0.447664
0.565486 1.18032 0.437854
0.56954 1.18713 0.441421
0.569478 1.18731 0.442401
0.568502 1.1871 0.44238
0.568564 1.18691 0.441399
0.569021 1.18711 0.4419
INDEX = 14
4 5 7
6 7 5
1 2 5
6 5 2
0 1 4
5 4 1
7 6 3
2 3 6
4 7 0
3 0 7
8 1 0
8 2 1
8 3 2
8 0 3
FACE-NORMAL = 14
0.207386 -0.959026 0.193028
0.207386 -0.959026 0.193028
0.184806 -0.77835 -0.600015
0.184806 -0.77835 -0.600015
-0.58694 -0.801662 0.113314
-0.58694 -0.801662 0.113314
0.864407 -0.481448 0.144944
0.864407 -0.481448 0.144944
0.0926615 -0.50476 0.858272
0.0926614 -0.50476 0.858272
0.5437 0.830446 -0.121446
-0.190473 0.808269 0.557154
-0.836987 0.525822 -0.151537
-0.102815 0.547999 -0.830136
BONE = 16
BONE_NAME = Bone03(mirrored)~DUP~3
PARENT_ID = 15
LOCALTM 
MAT -0.783841 0.230311 -0.57667 0.0
MAT 0.431261 0.870078 -0.238701 0.0
MAT 0.446773 -0.435799 -0.781328 0.0
MAT 0.734588 0.0 0.0 1.0
WORLDTM 
MAT 0.207386 -0.959026 0.193028 0.0
MAT 0.976294 0.215402 0.0212773 0.0
MAT -0.061984 0.184039 0.980963 0.0
MAT 0.569021 1.18711 0.4419 1.0
VERTEX = 9
0.76662 0.0448026 0.725687
0.774143 0.0437741 0.71673
0.776166 0.0325995 0.719713
0.768644 0.033628 0.728669
0.775309 0.0410384 0.72649
0.776061 0.0409356 0.725594
0.776263 0.0398181 0.725892
0.775511 0.039921 0.726788
0.775786 0.0404283 0.726191
INDEX = 14
4 5 7
6 7 5
1 2 5
6 5 2
0 1 4
5 4 1
7 6 3
2 3 6
4 7 0
3 0 7
8 1 0
8 2 1
8 3 2
8 0 3
FACE-NORMAL = 14
-0.748228 -0.294208 -0.59464
-0.748228 -0.294208 -0.59464
-0.976743 -0.131702 0.169195
-0.976743 -0.131702 0.169195
-0.372443 -0.904222 -0.208971
-0.372443 -0.904222 -0.208971
-0.628633 0.510591 -0.586615
-0.628633 0.510591 -0.586615
-0.024333 -0.261927 -0.964781
-0.0243329 -0.261927 -0.964781
0.407218 0.881004 0.240844
0.982098 0.146094 -0.11891
0.650936 -0.464929 0.600103
0.076056 0.269979 0.959858
BONE = 17
BONE_NAME = HitTestFuzzy03
PARENT_ID = 16
LOCALTM 
MAT 0.0143249 -0.94697 -0.694024 0.0
MAT -1.17121 0.0368065 -0.0743975 0.0
MAT 0.0817599 0.693196 -0.944152 0.0
MAT 1.19746 -0.0390863 0.0550273 1.0
WORLDTM 
MAT -0.878532 -0.345444 -0.698196 0.0
MAT -0.202348 1.11746 -0.298275 0.0
MAT 0.752242 -0.102855 -0.895647 0.0
MAT 0.775786 0.0404283 0.726191 1.0
VERTEX = 9
-0.107602 0.677646 -0.0667766
-0.108601 0.669515 -0.0725105
-0.101199 0.665056 -0.0674769
-0.1002 0.673187 -0.0617429
-0.101396 0.673851 -0.0703237
-0.101495 0.673038 -0.0708971
-0.100755 0.672592 -0.0703938
-0.100655 0.673405 -0.0698204
-0.101075 0.673221 -0.0703587
INDEX = 14
4 5 7
6 7 5
1 2 5
6 5 2
0 1 4
5 4 1
7 6 3
2 3 6
4 7 0
3 0 7
8 1 0
8 2 1
8 3 2
8 0 3
FACE-NORMAL = 14
-0.664986 -0.374105 0.646404
-0.664986 -0.374105 0.646404
-0.370591 0.354156 0.858624
-0.370591 0.354156 0.858624
0.105291 -0.581685 0.806571
0.105291 -0.581685 0.806571
-0.994996 0.0811585 0.0582725
-0.994996 0.0811586 0.0582723
-0.519114 -0.854683 0.0062187
-0.519114 -0.854683 0.00621858
-0.0531435 0.579819 -0.81301
0.399571 -0.310461 -0.86253
0.993576 -0.0507541 -0.101143
0.540862 0.839526 -0.0516235
BONE = 18
BONE_NAME = Bone01(mirrored)(mirrored)
PARENT_ID = 1
LOCALTM 
MAT -0.780794 -0.439256 0.758975 0.0
MAT -0.869039 0.523533 -0.591027 0.0
MAT -0.117307 -0.954775 -0.673254 0.0
MAT -0.118678 -0.0328494 0.0515723 1.0
WORLDTM 
MAT -0.664986 -0.374105 0.646404 0.0
MAT -0.740143 0.445883 -0.503366 0.0
MAT -0.0999082 -0.813163 -0.573397 0.0
MAT -0.101075 0.673221 -0.0703587 1.0
VERTEX = 9
-0.403925 0.510615 0.214535
-0.407182 0.507347 0.223407
-0.398206 0.509227 0.227394
-0.394949 0.512495 0.218523
-0.399866 0.505359 0.219161
-0.400191 0.505033 0.220048
-0.399294 0.505221 0.220447
-0.398968 0.505547 0.21956
-0.39958 0.50529 0.219804
INDEX = 14
4 5 7
6 7 5
1 2 5
6 5 2
0 1 4
5 4 1
7 6 3
2 3 6
4 7 0
3 0 7
8 1 0
8 2 1
8 3 2
8 0 3
FACE-NORMAL = 14
-0.297139 0.926188 0.232132
-0.297139 0.926188 0.232132
0.0433236 0.862532 -0.504145
0.0433235 0.862532 -0.504145
0.468379 0.759331 0.451705
0.468379 0.759331 0.451705
-0.865929 0.479843 -0.141129
-0.865929 0.479843 -0.141129
-0.440874 0.376642 0.814721
-0.440874 0.376642 0.814721
-0.424565 -0.787854 -0.446128
-0.0202035 -0.886031 0.463186
0.844782 -0.521973 0.117844
0.440421 -0.423796 -0.791471
BONE = 19
BONE_NAME = Bone02(mirrored)(mirrored)
PARENT_ID = 18
LOCALTM 
MAT 0.00115237 0.516048 -0.856559 0.0
MAT 0.409424 0.781234 0.471218 0.0
MAT 0.912344 -0.351238 -0.210382 0.0
MAT 0.448888 0.0 1.19209e-007 1.0
WORLDTM 
MAT -0.297139 0.926187 0.232132 0.0
MAT -0.897564 -0.188006 -0.398789 0.0
MAT -0.325711 -0.326849 0.887176 0.0
MAT -0.39958 0.50529 0.219804 1.0
VERTEX = 9
-0.623577 1.18286 0.396192
-0.623616 1.18046 0.386486
-0.613748 1.17888 0.386837
-0.613709 1.18128 0.396543
-0.618346 1.18586 0.390793
-0.61835 1.18562 0.389823
-0.617363 1.18546 0.389858
-0.617359 1.1857 0.390828
-0.617854 1.18566 0.390326
INDEX = 14
4 5 7
6 7 5
1 2 5
6 5 2
0 1 4
5 4 1
7 6 3
2 3 6
4 7 0
3 0 7
8 1 0
8 2 1
8 3 2
8 0 3
FACE-NORMAL = 14
-0.161637 -0.957768 0.23781
-0.161637 -0.957768 0.23781
-0.105216 -0.46206 0.880585
-0.105217 -0.462061 0.880585
0.625385 -0.758027 0.185174
0.625385 -0.758027 0.185174
-0.841643 -0.5234 0.132999
-0.841644 -0.5234 0.132999
-0.111042 -0.819366 -0.562413
-0.111042 -0.819366 -0.562413
-0.583509 0.788846 -0.192974
0.111523 0.507289 -0.854529
0.812097 0.565643 -0.14334
0.117066 0.8472 0.518216
BONE = 20
BONE_NAME = Bone03(mirrored)(mirrored)
PARENT_ID = 19
LOCALTM 
MAT -0.783841 0.23031 0.576671 0.0
MAT 0.431261 0.870078 0.238702 0.0
MAT -0.446773 0.4358 -0.781327 0.0
MAT 0.734589 0.0 0.0 1.0
WORLDTM 
MAT -0.161637 -0.957768 0.23781 0.0
MAT -0.986843 0.157829 -0.0350969 0.0
MAT -0.00391877 -0.240352 -0.970677 0.0
MAT -0.617854 1.18566 0.390326 1.0
VERTEX = 9
-0.812224 0.0486861 0.707232
-0.804988 0.0456032 0.698514
-0.806786 0.0342757 0.701027
-0.814022 0.0373585 0.709745
-0.805242 0.0423082 0.708166
-0.804518 0.0419999 0.707295
-0.804698 0.0408672 0.707546
-0.805422 0.0411755 0.708418
-0.80497 0.0415877 0.707856
INDEX = 14
4 5 7
6 7 5
1 2 5
6 5 2
0 1 4
5 4 1
7 6 3
2 3 6
4 7 0
3 0 7
8 1 0
8 2 1
8 3 2
8 0 3
FACE-NORMAL = 14
-0.772511 -0.018198 -0.63474
-0.772511 -0.018198 -0.63474
-0.974843 0.182987 0.127267
-0.974843 0.182987 0.127267
-0.630617 -0.729262 -0.265518
-0.630617 -0.729262 -0.265518
-0.402949 0.704913 -0.58372
-0.402949 0.704914 -0.58372
-0.0587218 -0.207335 -0.976506
-0.0587217 -0.207335 -0.976506
0.65454 0.695044 0.297474
0.982007 -0.172791 -0.0761883
0.437956 -0.669308 0.600185
0.110488 0.198528 0.973848
BONE = 21
BONE_NAME = HitTestFuzzy04
PARENT_ID = 20
LOCALTM 
MAT -0.0101576 0.917894 0.732117 0.0
MAT -1.17375 0.0101496 -0.0290096 0.0
MAT -0.0290081 -0.732119 0.917491 0.0
MAT 1.20151 -0.00705791 -0.0325053 1.0
WORLDTM 
MAT -0.907044 -0.0213672 -0.74528 0.0
MAT 0.179819 1.13275 -0.251326 0.0
MAT 0.723579 -0.308287 -0.871791 0.0
MAT -0.80497 0.0415877 0.707856 1.0
VERTEX = 9
-0.0073482 0.85363 -0.111657
-0.00734821 0.868327 -0.111663
0.00734859 0.868327 -0.111663
0.0073486 0.85363 -0.111658
-0.000734642 0.860246 -0.104312
-0.000734642 0.861716 -0.104312
0.000735038 0.861716 -0.104312
0.000735039 0.860246 -0.104312
1.98358e-007 0.860981 -0.104312
INDEX = 14
4 5 7
6 7 5
1 2 5
6 5 2
0 1 4
5 4 1
7 6 3
2 3 6
4 7 0
3 0 7
8 1 0
8 2 1
8 3 2
8 0 3
FACE-NORMAL = 14
-1.62942e-007 -0.00036633 -1.0
-1.62942e-007 -0.00036633 -1.0
2.33658e-007 -0.743539 -0.668692
2.33658e-007 -0.743539 -0.668693
0.743294 -0.000244719 -0.668965
0.743294 -0.000244719 -0.668965
-0.743294 -0.000245405 -0.668965
-0.743294 -0.000245405 -0.668965
-4.51664e-007 0.743049 -0.669237
-4.51664e-007 0.743049 -0.669237
-0.707107 0.000258709 0.707107
-2.10761e-007 0.707366 0.706848
0.707107 0.00025936 0.707107
4.41196e-007 -0.706848 0.707366
BONE = 22
BONE_NAME = Bone_Spine_A02
PARENT_ID = 1
LOCALTM 
MAT -2.8114e-007 -0.000632149 -1.72563 0.0
MAT -1.72563 -8.98271e-007 2.81469e-007 0.0
MAT -8.98375e-007 1.72563 -0.000632149 0.0
MAT 2.32365e-007 0.187608 0.0117063 1.0
WORLDTM 
MAT -2.39473e-007 -0.000538388 -1.46968 0.0
MAT -1.46968 -6.7744e-007 2.39722e-007 0.0
MAT -6.77528e-007 1.46968 -0.000538388 0.0
MAT 1.98358e-007 0.860981 -0.104312 1.0
VERTEX = 9
0.0011692 1.22179 0.00720411
0.00116921 1.22179 0.0172041
0.00116922 1.21179 0.0172041
0.00116921 1.21179 0.00720411
-0.00383079 1.21729 0.0117041
-0.00383079 1.21729 0.0127041
-0.00383079 1.21629 0.0127041
-0.00383079 1.21629 0.0117041
-0.00383079 1.21679 0.0122041
INDEX = 14
4 5 7
6 7 5
1 2 5
6 5 2
0 1 4
5 4 1
7 6 3
2 3 6
4 7 0
3 0 7
8 1 0
8 2 1
8 3 2
8 0 3
FACE-NORMAL = 14
1.0 8.51432e-007 -5.53757e-007
1.0 8.51432e-007 -5.53757e-007
0.668964 2.15186e-007 -0.743295
0.668964 2.15186e-007 -0.743294
0.668965 -0.743294 0.0
0.668966 -0.743293 0.0
0.668964 0.743295 -7.24869e-007
0.668964 0.743295 -7.24869e-007
0.668965 9.23971e-007 0.743294
0.668965 9.23971e-007 0.743294
-0.707107 0.707106 0.0
-0.707106 -2.64915e-007 0.707107
-0.707106 -0.707107 7.28735e-007
-0.707107 -9.39192e-007 -0.707106
BONE = 23
BONE_NAME = Bone_Spine_A03
PARENT_ID = 22
LOCALTM 
MAT 2.65706e-007 -0.68042 2.65794e-007 0.0
MAT -0.000248934 2.65696e-007 0.68042 0.0
MAT -0.68042 -2.65786e-007 -0.000248934 0.0
MAT -0.0793684 0.00260658 0.242071 1.0
WORLDTM 
MAT 1.0 8.51433e-007 -5.53757e-007 0.0
MAT -8.51432e-007 1.0 -4.7683e-007 0.0
MAT 5.53732e-007 4.76786e-007 1.0 0.0
MAT -0.00383079 1.21679 0.0122041 1.0
VERTEX = 9
0.0214907 1.33303 -0.346072
0.0214907 1.33347 -0.337567
0.0214907 1.32497 -0.337126
0.0214907 1.32453 -0.345632
0.0172323 1.3294 -0.342047
0.0172323 1.32945 -0.341196
0.0172323 1.3286 -0.341152
0.0172323 1.32855 -0.342003
0.0172323 1.329 -0.341599
INDEX = 14
4 5 7
6 7 5
1 2 5
6 5 2
0 1 4
5 4 1
7 6 3
2 3 6
4 7 0
3 0 7
8 1 0
8 2 1
8 3 2
8 0 3
FACE-NORMAL = 14
1.0 1.32827e-006 -5.16825e-007
1.0 1.32827e-006 -5.16825e-007
0.668964 -0.0384317 -0.7423
0.668965 -0.0384317 -0.7423
0.668966 -0.742299 0.0384322
0.668966 -0.742299 0.0384322
0.668964 0.742301 -0.0384329
0.668964 0.742301 -0.0384329
0.668965 0.0384334 0.742299
0.668965 0.0384334 0.7423
-0.707108 0.70616 -0.0365611
-0.707106 0.0365605 0.706161
-0.707106 -0.706162 0.0365618
-0.707107 -0.0365624 -0.706161
BONE = 24
BONE_NAME = Bone_Head
PARENT_ID = 23
LOCALTM 
MAT 0.85168 4.06113e-007 0.0 0.0
MAT -4.03943e-007 0.85054 -0.0440363 0.0
MAT 0.0 0.0440363 0.85054 0.0
MAT 0.0210634 0.11221 -0.353803 1.0
WORLDTM 
MAT 0.85168 1.13126e-006 -4.4017e-007 0.0
MAT -1.1525e-006 0.85054 -0.0440367 0.0
MAT 3.81067e-007 0.0440367 0.85054 0.0
MAT 0.0172323 1.329 -0.341599 1.0
VERTEX = 9
0.00416008 1.34624 -0.45429
0.00416008 1.34575 -0.445787
0.00416009 1.33724 -0.446277
0.00416009 1.33773 -0.45478
-9.8311e-005 1.34219 -0.450684
-9.8311e-005 1.34214 -0.449834
-9.83099e-005 1.34129 -0.449883
-9.83098e-005 1.34134 -0.450733
-9.83104e-005 1.34174 -0.450284
INDEX = 14
4 5 7
6 7 5
1 2 5
6 5 2
0 1 4
5 4 1
7 6 3
2 3 6
4 7 0
3 0 7
8 1 0
8 2 1
8 3 2
8 0 3
FACE-NORMAL = 14
1.0 1.36124e-006 1.25921e-007
1.0 1.36124e-006 1.25921e-007
0.668965 0.0427164 -0.742066
0.668965 0.0427164 -0.742066
0.668966 -0.742065 -0.0427152
0.668966 -0.742065 -0.0427152
0.668964 0.742067 0.0427154
0.668964 0.742067 0.0427154
0.668965 -0.0427146 0.742066
0.668965 -0.0427146 0.742066
-0.707108 0.705937 0.0406356
-0.707107 -0.0406368 0.705938
-0.707106 -0.705939 -0.0406358
-0.707107 0.0406349 -0.705938
BONE = 25
BONE_NAME = Bone_face
PARENT_ID = 24
LOCALTM 
MAT 1.0 0.0 6.43591e-007 0.0
MAT 0.0 0.994041 0.109011 0.0
MAT -6.3977e-007 -0.109011 0.994041 0.0
MAT -0.0203486 0.0215355 -0.126668 1.0
WORLDTM 
MAT 0.85168 1.15934e-006 0.0 0.0
MAT -1.1636e-006 0.850272 0.0489439 0.0
MAT 0.0 -0.0489442 0.850273 0.0
MAT -9.83104e-005 1.34174 -0.450284 1.0
VERTEX = 9
-0.00481503 1.152 -0.542439
-0.0038568 1.16046 -0.542507
0.00460591 1.1595 -0.542513
0.00364767 1.15104 -0.542445
-0.000569042 1.15541 -0.538214
-0.000473219 1.15625 -0.538221
0.000373052 1.15616 -0.538221
0.000277229 1.15531 -0.538215
-9.7995e-005 1.15578 -0.538218
INDEX = 14
4 5 7
6 7 5
1 2 5
6 5 2
0 1 4
5 4 1
7 6 3
2 3 6
4 7 0
3 0 7
8 1 0
8 2 1
8 3 2
8 0 3
FACE-NORMAL = 14
-0.00154215 -0.00788556 -0.999968
-0.00154215 -0.00788556 -0.999968
-0.0846604 -0.743826 -0.66299
-0.0846604 -0.743826 -0.66299
0.737542 -0.0889111 -0.669423
0.737542 -0.088911 -0.669423
-0.739605 0.0783607 -0.668464
-0.739605 0.0783607 -0.668464
0.0825971 0.733275 -0.674896
0.0825971 0.733275 -0.674896
-0.701526 0.08514 0.70754
0.0806478 0.70817 0.701421
0.703707 -0.0739881 0.706628
-0.0784668 -0.697018 0.712747
BONE = 26
BONE_NAME = Bone_mask
PARENT_ID = 25
LOCALTM 
MAT -0.00154229 -0.0653386 -0.997864 0.0
MAT -0.993648 0.112373 -0.00582224 0.0
MAT 0.112512 0.991514 -0.0650968 0.0
MAT 0.0 -0.223913 -0.0905297 1.0
WORLDTM 
MAT -0.00131342 -0.00671599 -0.851654 0.0
MAT -0.84627 0.0958315 0.000549375 0.0
MAT 0.0958231 0.846243 -0.00682143 0.0
MAT -9.7995e-005 1.15578 -0.538218 1.0
VERTEX = 9
-0.0199402 1.01301 -0.543796
-0.0201111 1.02152 -0.543864
-0.011596 1.02169 -0.54386
-0.0114251 1.01318 -0.543792
-0.0161882 1.01695 -0.539567
-0.0162053 1.0178 -0.539573
-0.0153537 1.01782 -0.539573
-0.0153367 1.01697 -0.539566
-0.015771 1.01739 -0.53957
INDEX = 14
4 5 7
6 7 5
1 2 5
6 5 2
0 1 4
5 4 1
7 6 3
2 3 6
4 7 0
3 0 7
8 1 0
8 2 1
8 3 2
8 0 3
FACE-NORMAL = 14
0.000670486 -0.0079426 -0.999968
0.000670486 -0.0079426 -0.999968
0.0153678 -0.748434 -0.663031
0.0153678 -0.748434 -0.663031
0.743593 0.00960801 -0.668563
0.743593 0.00960801 -0.668563
-0.742695 -0.0202346 -0.669324
-0.742695 -0.0202346 -0.669324
-0.0144708 0.737807 -0.674856
-0.0144708 0.737807 -0.674856
-0.707439 -0.00857862 0.706723
-0.0146671 0.712559 0.701459
0.70649 0.0198111 0.707446
0.0137189 -0.701325 0.712709
BONE = 27
BONE_NAME = Bone_mask01
PARENT_ID = 26
LOCALTM 
MAT 1.0 -0.00220502 0.000192275 0.0
MAT 0.00221212 0.991191 -0.132432 0.0
MAT 0.000101767 0.132432 0.991188 0.0
MAT 0.00289726 0.0 -0.163521 1.0
WORLDTM 
MAT 0.000571042 -0.00676459 -0.851657 0.0
MAT -0.851508 -0.0170971 -0.000436053 0.0
MAT -0.0170947 0.851476 -0.00677523 0.0
MAT -0.015771 1.01739 -0.53957 1.0
VERTEX = 9
-0.0173139 0.8699 -0.544084
-0.0168786 0.878306 -0.542787
-0.00837313 0.877866 -0.542788
-0.00880847 0.86946 -0.544085
-0.0133236 0.872837 -0.539292
-0.0132801 0.873678 -0.539163
-0.0124295 0.873634 -0.539163
-0.0124731 0.872793 -0.539293
-0.0128766 0.873236 -0.539228
INDEX = 14
4 5 7
6 7 5
1 2 5
6 5 2
0 1 4
5 4 1
7 6 3
2 3 6
4 7 0
3 0 7
8 1 0
8 2 1
8 3 2
8 0 3
FACE-NORMAL = 14
0.0077581 0.152107 -0.988334
0.0077581 0.152107 -0.988334
-0.0328049 -0.631883 -0.774369
-0.0328049 -0.631883 -0.774369
0.747491 0.0633218 -0.661247
0.747491 0.0633218 -0.661247
-0.737108 0.140187 -0.661074
-0.737108 0.140187 -0.661074
0.0431849 0.835395 -0.547951
0.0431849 0.835395 -0.547951
-0.711648 -0.0709946 0.69894
0.0306592 0.590365 0.806554
0.700674 -0.144117 0.698775
-0.041631 -0.805479 0.59116
BONE = 28
BONE_NAME = Bone_mask02
PARENT_ID = 27
LOCALTM 
MAT 0.987102 -0.0103055 0.15978 0.0
MAT -0.00119553 0.99743 0.071737 0.0
MAT -0.160106 -0.070999 0.984533 0.0
MAT 0.000944972 0.0 -0.169287 1.0
WORLDTM 
MAT 0.00660747 0.129548 -0.841751 0.0
MAT -0.850547 0.0440373 9.72152e-005 0.0
MAT 0.0435345 0.840603 0.129716 0.0
MAT -0.0128766 0.873236 -0.539228 1.0
VERTEX = 9
0.0085247 1.49309 -0.394657
0.00918538 1.49363 -0.384694
0.00906045 1.48365 -0.384141
0.00839977 1.48311 -0.394104
0.0037771 1.48892 -0.389598
0.00384317 1.48898 -0.388602
0.00383068 1.48798 -0.388547
0.00376461 1.48792 -0.389543
0.00380389 1.48845 -0.389073
INDEX = 14
4 5 7
6 7 5
1 2 5
6 5 2
0 1 4
5 4 1
7 6 3
2 3 6
4 7 0
3 0 7
8 1 0
8 2 1
8 3 2
8 0 3
FACE-NORMAL = 14
0.997737 -0.0161003 -0.0652829
0.997737 -0.0161003 -0.0652829
0.618343 -0.0511674 -0.784241
0.618343 -0.0511674 -0.784241
0.658165 -0.75287 -0.00257568
0.658165 -0.752869 -0.0025757
0.676737 0.731328 -0.0847682
0.676737 0.731329 -0.0847682
0.716559 0.0296263 0.696897
0.716559 0.0296264 0.696897
-0.696672 0.717355 0.00706648
-0.658789 0.0498148 0.750676
-0.714341 -0.694585 0.0852575
-0.752224 -0.0270455 -0.658352
BONE = 29
BONE_NAME = Ref_Head
PARENT_ID = 24
LOCALTM 
MAT 1.17149 -0.0149171 -0.0775264 0.0
MAT 0.0146705 1.17405 -0.00421852 0.0
MAT 0.0775734 0.00324007 1.17158 0.0
MAT -0.0157667 0.18985 -0.0459859 1.0
WORLDTM 
MAT 0.997738 -0.0161003 -0.0652829 0.0
MAT 0.0124932 0.998392 -0.0552894 0.0
MAT 0.0660681 0.0543484 0.996333 0.0
MAT 0.00380389 1.48845 -0.389073 1.0
VERTEX = 9
0.00209867 1.60535 0.279855
0.00209866 1.61535 0.279855
0.00209867 1.61535 0.289855
0.00209867 1.60535 0.289855
-0.00290133 1.60985 0.284355
-0.00290133 1.61085 0.284355
-0.00290133 1.61085 0.285355
-0.00290133 1.60985 0.285355
-0.00290133 1.61035 0.284855
INDEX = 14
4 5 7
6 7 5
1 2 5
6 5 2
0 1 4
5 4 1
7 6 3
2 3 6
4 7 0
3 0 7
8 1 0
8 2 1
8 3 2
8 0 3
FACE-NORMAL = 14
1.0 2.03498e-007 0.0
1.0 2.03498e-007 0.0
0.668965 -0.743294 0.0
0.668965 -0.743294 0.0
0.668965 2.57192e-007 0.743294
0.668965 2.57193e-007 0.743294
0.668965 0.0 -0.743294
0.668965 0.0 -0.743294
0.668965 0.743294 -1.77531e-007
0.668965 0.743294 -1.77531e-007
-0.707107 -2.5906e-007 -0.707107
-0.707107 0.707107 0.0
-0.707107 0.0 0.707107
-0.707107 -0.707107 1.74854e-007
BONE = 30
BONE_NAME = Bone_BackTorso
PARENT_ID = 23
LOCALTM 
MAT 1.0 -6.47935e-007 4.6939e-007 0.0
MAT 4.69389e-007 3.13917e-007 -1.0 0.0
MAT 6.47899e-007 1.0 3.13917e-007 0.0
MAT 0.000929639 0.393558 0.272651 1.0
WORLDTM 
MAT 1.0 2.03498e-007 0.0 0.0
MAT 0.0 -1.62869e-007 -1.0 0.0
MAT -2.03533e-007 1.0 -1.62913e-007 0.0
MAT -0.00290133 1.61035 0.284855 1.0
VERTEX = 9
-0.232082 1.94213 0.231895
-0.232082 1.95213 0.231895
-0.232082 1.95213 0.241895
-0.232082 1.94213 0.241895
-0.237082 1.94663 0.236395
-0.237082 1.94763 0.236395
-0.237082 1.94763 0.237395
-0.237082 1.94663 0.237395
-0.237082 1.94713 0.236895
INDEX = 14
4 5 7
6 7 5
1 2 5
6 5 2
0 1 4
5 4 1
7 6 3
2 3 6
4 7 0
3 0 7
8 1 0
8 2 1
8 3 2
8 0 3
FACE-NORMAL = 14
1.0 2.03486e-007 0.0
1.0 2.03486e-007 0.0
0.668965 -0.743294 0.0
0.668965 -0.743294 0.0
0.668965 2.57155e-007 0.743294
0.668965 2.57155e-007 0.743294
0.668965 0.0 -0.743294
0.668965 0.0 -0.743294
0.668965 0.743294 -1.77583e-007
0.668965 0.743294 -1.77583e-007
-0.707107 -2.59024e-007 -0.707107
-0.707107 0.707107 0.0
-0.707107 0.0 0.707107
-0.707107 -0.707107 1.74905e-007
BONE = 31
BONE_NAME = Bone_Shell~DUP~0
PARENT_ID = 30
LOCALTM 
MAT 1.0 0.0 0.0 0.0
MAT 0.0 1.0 0.0 0.0
MAT 0.0 0.0 1.0 0.0
MAT -0.23418 0.0479605 0.336786 1.0
WORLDTM 
MAT 1.0 2.03486e-007 0.0 0.0
MAT 0.0 -1.62829e-007 -1.0 0.0
MAT -2.03546e-007 0.999999 -1.62952e-007 0.0
MAT -0.237082 1.94713 0.236895 1.0
VERTEX = 9
-0.57426 1.74362 0.151517
-0.57426 1.74027 0.158534
-0.585984 1.72117 0.149423
-0.585984 1.72452 0.142405
-0.583022 1.73526 0.151406
-0.583022 1.73492 0.152108
-0.584195 1.73301 0.151197
-0.584195 1.73335 0.150495
-0.583608 1.73414 0.151302
INDEX = 14
4 5 7
6 7 5
1 2 5
6 5 2
0 1 4
5 4 1
7 6 3
2 3 6
4 7 0
3 0 7
8 1 0
8 2 1
8 3 2
8 0 3
FACE-NORMAL = 14
0.874713 -0.43741 -0.208686
0.874713 -0.43741 -0.208686
0.585152 0.0274491 -0.810459
0.585152 0.027449 -0.810459
0.224921 -0.879418 -0.419565
0.224921 -0.879418 -0.419565
0.945383 0.294194 0.140358
0.945383 0.294194 0.140358
0.585152 -0.612673 0.531252
0.585152 -0.612673 0.531252
-0.275822 0.867533 0.413895
-0.618515 0.00481683 0.785758
-0.961209 -0.248941 -0.118769
-0.618515 0.613774 -0.490632
BONE = 32
BONE_NAME = Vol_Target 02
PARENT_ID = 31
LOCALTM 
MAT 0.697303 0.16636 -0.348695 0.0
MAT 1.17238 -0.911139 1.90977 0.0
MAT -2.66481e-007 -0.701757 -0.334804 0.0
MAT -0.346527 0.0855931 -0.212998 1.0
WORLDTM 
MAT 0.697303 -0.348694 -0.16636 0.0
MAT 1.17238 1.90977 0.911139 0.0
MAT -1.39186e-007 -0.334804 0.701758 0.0
MAT -0.583608 1.73414 0.151302 1.0
VERTEX = 9
0.00349633 2.08469 -0.356178
0.00349633 2.08469 -0.346178
0.00349633 2.07469 -0.346178
0.00349633 2.07469 -0.356178
-0.00150367 2.08019 -0.351678
-0.00150367 2.08019 -0.350678
-0.00150367 2.07919 -0.350678
-0.00150367 2.07919 -0.351678
-0.00150367 2.07969 -0.351178
INDEX = 14
4 5 7
6 7 5
1 2 5
6 5 2
0 1 4
5 4 1
7 6 3
2 3 6
4 7 0
3 0 7
8 1 0
8 2 1
8 3 2
8 0 3
FACE-NORMAL = 14
1.0 2.0348e-007 0.0
1.0 2.0348e-007 0.0
0.668965 1.36121e-007 -0.743294
0.668965 1.36121e-007 -0.743294
0.668965 -0.743294 0.0
0.668965 -0.743294 0.0
0.668965 0.743294 0.0
0.668965 0.743294 0.0
0.668965 1.36121e-007 0.743294
0.668965 1.36121e-007 0.743294
-0.707107 0.707107 0.0
-0.707107 -1.43882e-007 0.707107
-0.707107 -0.707107 0.0
-0.707107 -1.43882e-007 -0.707107
BONE = 33
BONE_NAME = Ref_Weapon
PARENT_ID = 23
LOCALTM 
MAT 1.0 -6.47953e-007 4.69386e-007 0.0
MAT 6.47944e-007 1.0 4.76481e-007 0.0
MAT -4.69393e-007 -4.76786e-007 1.0 0.0
MAT 0.00232805 0.8629 -0.363381 1.0
WORLDTM 
MAT 1.0 2.0348e-007 0.0 0.0
MAT -2.03488e-007 1.0 0.0 0.0
MAT 0.0 0.0 1.0 0.0
MAT -0.00150367 2.07969 -0.351178 1.0
VERTEX = 9
0.00919162 2.07667 -0.362697
0.00919162 2.08414 -0.35808
0.00919162 2.07952 -0.350608
0.00919162 2.07205 -0.355225
0.00479986 2.07795 -0.357257
0.00479986 2.0787 -0.356795
0.00479986 2.07824 -0.356048
0.00479986 2.07749 -0.35651
0.00479986 2.07809 -0.356653
INDEX = 14
4 5 7
6 7 5
1 2 5
6 5 2
0 1 4
5 4 1
7 6 3
2 3 6
4 7 0
3 0 7
8 1 0
8 2 1
8 3 2
8 0 3
FACE-NORMAL = 14
1.0 2.03486e-007 0.0
1.0 2.03486e-007 0.0
0.668965 -0.632305 -0.390738
0.668965 -0.632305 -0.390738
0.668965 -0.390738 0.632305
0.668965 -0.390737 0.632305
0.668965 0.390738 -0.632305
0.668965 0.390738 -0.632306
0.668965 0.632305 0.390738
0.668965 0.632306 0.390738
-0.707107 0.371714 -0.601522
-0.707107 0.601521 0.371715
-0.707107 -0.371715 0.601522
-0.707107 -0.601522 -0.371715
BONE = 34
BONE_NAME = Star2Part02glow
PARENT_ID = 23
LOCALTM 
MAT 0.878352 -5.69125e-007 4.1229e-007 0.0
MAT 6.49906e-007 0.461736 -0.747196 0.0
MAT 2.67409e-007 0.747196 0.461736 0.0
MAT 0.00863159 0.861302 -0.368856 1.0
WORLDTM 
MAT 0.878352 1.78733e-007 0.0 0.0
MAT -1.56976e-007 0.461735 -0.747196 0.0
MAT 0.0 0.747196 0.461735 0.0
MAT 0.00479986 2.07809 -0.356653 1.0
VERTEX = 9
-0.00804561 2.16076 -0.568163
-0.00804556 2.17076 -0.568499
0.00195444 2.17076 -0.568498
0.00195439 2.16076 -0.568161
-0.00354638 2.16543 -0.563316
-0.00354637 2.16643 -0.56335
-0.00254637 2.16643 -0.56335
-0.00254638 2.16543 -0.563316
-0.00304638 2.16593 -0.563333
INDEX = 14
4 5 7
6 7 5
1 2 5
6 5 2
0 1 4
5 4 1
7 6 3
2 3 6
4 7 0
3 0 7
8 1 0
8 2 1
8 3 2
8 0 3
FACE-NORMAL = 14
0.000157533 -0.0336201 -0.999435
0.000157533 -0.0336201 -0.999435
0.000101579 -0.765365 -0.643597
0.000101579 -0.765365 -0.643597
0.7434 -0.0224906 -0.668469
0.743399 -0.0224906 -0.668469
-0.743189 -0.0224908 -0.668704
-0.743189 -0.0224908 -0.668704
