EXPORTER_V17
ANIMATION_EXPORT
BONEOBJECT_COUNT = 44
VERTEX = 9
0.0042584 0.191118 -0.00425841
0.0042584 0.191118 0.00425839
0.0042584 0.182602 0.00425839
0.0042584 0.182602 -0.00425841
0.0 0.187286 -0.000425848
0.0 0.187286 0.000425832
0.0 0.186434 0.000425832
0.0 0.186434 -0.000425848
0.0 0.18686 0.0
INDEX = 14
4 5 7
6 7 5
1 2 5
6 5 2
0 1 4
5 4 1
7 6 3
2 3 6
4 7 0
3 0 7
8 1 0
8 2 1
8 3 2
8 0 3
FACE-NORMAL = 14
1.0 0.0 0.0
1.0 0.0 0.0
0.668965 0.0 -0.743294
0.668965 0.0 -0.743294
0.668965 -0.743294 0.0
0.668965 -0.743294 0.0
0.668965 0.743294 0.0
0.668965 0.743294 0.0
0.668965 0.0 0.743294
0.668965 0.0 0.743294
-0.707107 0.707107 0.0
-0.707107 0.0 0.707107
-0.707107 -0.707107 0.0
-0.707107 0.0 -0.707107
BONE = 0
BONE_NAME = Bone_Main
PARENT_ID = -1
LOCALTM 
MAT 0.85168 0.0 0.0 0.0
MAT 0.0 0.85168 0.0 0.0
MAT 0.0 0.0 0.85168 0.0
MAT 0.0 0.18686 0.0 1.0
WORLDTM 
MAT 0.85168 0.0 0.0 0.0
MAT 0.0 0.85168 0.0 0.0
MAT 0.0 0.0 0.85168 0.0
MAT 0.0 0.18686 0.0 1.0
VERTEX = 9
0.00425839 0.706268 -0.117533
0.00425839 0.704449 -0.109212
0.00425839 0.696129 -0.111031
0.00425839 0.697948 -0.119351
0.0 0.701706 -0.114607
0.0 0.701524 -0.113775
0.0 0.700692 -0.113957
0.0 0.700874 -0.114789
0.0 0.701199 -0.114282
INDEX = 14
4 5 7
6 7 5
1 2 5
6 5 2
0 1 4
5 4 1
7 6 3
2 3 6
4 7 0
3 0 7
8 1 0
8 2 1
8 3 2
8 0 3
FACE-NORMAL = 14
1.0 0.0 0.0
1.0 0.0 0.0
0.668965 0.158733 -0.726147
0.668965 0.158733 -0.726147
0.668965 -0.726148 -0.158733
0.668965 -0.726147 -0.158733
0.668965 0.726147 0.158733
0.668965 0.726147 0.158733
0.668965 -0.158733 0.726147
0.668965 -0.158733 0.726147
-0.707107 0.690795 0.151005
-0.707107 -0.151005 0.690795
-0.707107 -0.690795 -0.151005
-0.707107 0.151005 -0.690795
BONE = 1
BONE_NAME = Bone_Root
PARENT_ID = 0
LOCALTM 
MAT 1.0 0.0 0.0 0.0
MAT 0.0 0.976931 0.213553 0.0
MAT 0.0 -0.213553 0.976931 0.0
MAT 0.0 0.603911 -0.134184 1.0
WORLDTM 
MAT 0.85168 0.0 0.0 0.0
MAT 0.0 0.832033 0.181879 0.0
MAT 0.0 -0.181879 0.832033 0.0
MAT 0.0 0.701199 -0.114282 1.0
VERTEX = 9
-0.0857949 0.560341 -0.460946
-0.0857949 0.559841 -0.452444
-0.0857949 0.551339 -0.452944
-0.0857949 0.551839 -0.461446
-0.0900533 0.55629 -0.457345
-0.0900533 0.55624 -0.456495
-0.0900533 0.55539 -0.456545
-0.0900533 0.55544 -0.457395
-0.0900533 0.55584 -0.456945
INDEX = 14
4 5 7
6 7 5
1 2 5
6 5 2
0 1 4
5 4 1
7 6 3
2 3 6
4 7 0
3 0 7
8 1 0
8 2 1
8 3 2
8 0 3
FACE-NORMAL = 14
1.0 0.0 0.0
1.0 0.0 0.0
0.668965 0.0436257 -0.742013
0.668965 0.0436256 -0.742013
0.668965 -0.742013 -0.0436257
0.668965 -0.742013 -0.0436257
0.668965 0.742013 0.0436257
0.668965 0.742013 0.0436257
0.668965 -0.0436257 0.742013
0.668965 -0.0436257 0.742013
-0.707107 0.705888 0.0415018
-0.707107 -0.0415017 0.705888
-0.707107 -0.705888 -0.0415018
-0.707107 0.0415018 -0.705888
BONE = 2
BONE_NAME = Bone_Claw_R
PARENT_ID = 1
LOCALTM 
MAT 1.0 0.0 0.0 0.0
MAT 0.0 0.987781 -0.155846 0.0
MAT 0.0 0.155846 0.987781 0.0
MAT -0.105736 -0.252656 -0.356609 1.0
WORLDTM 
MAT 0.85168 0.0 0.0 0.0
MAT 0.0 0.850212 0.0499871 0.0
MAT 0.0 -0.0499871 0.850212 0.0
MAT -0.0900533 0.55584 -0.456945 1.0
VERTEX = 9
0.0917297 0.560319 -0.46097
0.0917297 0.559866 -0.452466
0.0917297 0.551361 -0.45292
0.0917297 0.551815 -0.461424
0.0874713 0.556288 -0.457348
0.0874713 0.556243 -0.456497
0.0874713 0.555392 -0.456542
0.0874713 0.555438 -0.457393
0.0874713 0.55584 -0.456945
INDEX = 14
4 5 7
6 7 5
1 2 5
6 5 2
0 1 4
5 4 1
7 6 3
2 3 6
4 7 0
3 0 7
8 1 0
8 2 1
8 3 2
8 0 3
FACE-NORMAL = 14
1.0 0.0 0.0
1.0 0.0 0.0
0.668965 0.0396065 -0.742238
0.668965 0.0396065 -0.742238
0.668965 -0.742238 -0.0396066
0.668965 -0.742238 -0.0396066
0.668965 0.742238 0.0396066
0.668965 0.742238 0.0396066
0.668965 -0.0396066 0.742238
0.668965 -0.0396066 0.742238
-0.707107 0.706102 0.0376783
-0.707107 -0.0376783 0.706102
-0.707107 -0.706102 -0.0376783
-0.707107 0.0376784 -0.706102
BONE = 3
BONE_NAME = Bone_Claw_L
PARENT_ID = 1
LOCALTM 
MAT 1.0 0.0 0.0 0.0
MAT 0.0 0.986923 -0.161194 0.0
MAT 0.0 0.161194 0.986923 0.0
MAT 0.102704 -0.252656 -0.356609 1.0
WORLDTM 
MAT 0.85168 0.0 0.0 0.0
MAT 0.0 0.85047 0.0453819 0.0
MAT 0.0 -0.0453819 0.85047 0.0
MAT 0.0874713 0.55584 -0.456945 1.0
VERTEX = 9
0.0947775 0.700342 -0.234635
0.094683 0.693926 -0.229035
0.0874898 0.690988 -0.232523
0.0875843 0.697404 -0.238123
0.0892185 0.698517 -0.230991
0.0892091 0.697876 -0.230431
0.0884897 0.697582 -0.23078
0.0884992 0.698224 -0.23134
0.0888541 0.69805 -0.230886
INDEX = 14
4 5 7
6 7 5
1 2 5
6 5 2
0 1 4
5 4 1
7 6 3
2 3 6
4 7 0
3 0 7
8 1 0
8 2 1
8 3 2
8 0 3
FACE-NORMAL = 14
0.535295 -0.559889 -0.632442
0.535295 -0.559889 -0.632442
0.366342 0.185412 -0.91182
0.366342 0.185411 -0.91182
-0.269687 -0.630949 -0.727443
-0.269687 -0.630949 -0.727443
0.985874 -0.118144 -0.118721
0.985874 -0.118144 -0.118721
0.349845 -0.934504 0.0656569
0.349845 -0.934504 0.0656571
0.218706 0.639821 0.736747
-0.386358 -0.136795 0.912148
-0.975728 0.151982 0.157661
-0.370664 0.928598 -0.0177401
BONE = 4
BONE_NAME = Bone01
PARENT_ID = 1
LOCALTM 
MAT 0.535295 -0.682033 -0.498286 0.0
MAT 0.844592 0.424441 0.326364 0.0
MAT -0.0110974 -0.59555 0.803242 0.0
MAT 0.104328 -0.0328497 -0.132962 1.0
WORLDTM 
MAT 0.4559 -0.476846 -0.538638 0.0
MAT 0.719322 0.293791 0.348742 0.0
MAT -0.00945145 -0.64161 0.560006 0.0
MAT 0.0888541 0.69805 -0.230886 1.0
VERTEX = 9
0.326679 0.457829 -0.502008
0.328182 0.455834 -0.51015
0.320306 0.458331 -0.512217
0.318802 0.460326 -0.504074
0.322375 0.454108 -0.5059
0.322526 0.453908 -0.506714
0.321738 0.454158 -0.506921
0.321588 0.454357 -0.506106
0.322057 0.454133 -0.50641
INDEX = 14
4 5 7
6 7 5
1 2 5
6 5 2
0 1 4
5 4 1
7 6 3
2 3 6
4 7 0
3 0 7
8 1 0
8 2 1
8 3 2
8 0 3
FACE-NORMAL = 14
0.33712 0.926909 -0.16489
0.33712 0.926909 -0.16489
0.0943245 0.794197 0.600295
0.0943246 0.794197 0.600295
-0.461853 0.837995 -0.290615
-0.461852 0.837995 -0.290615
0.912896 0.402145 0.0700039
0.912896 0.402145 0.0700039
0.356719 0.445943 -0.820906
0.356719 0.445942 -0.820906
0.415529 -0.862739 0.288126
-0.11357 -0.821074 -0.55941
-0.89229 -0.448109 -0.0549363
-0.36319 -0.489774 0.7926
BONE = 5
BONE_NAME = Bone02
PARENT_ID = 4
LOCALTM 
MAT -0.234224 0.536952 -0.810445 0.0
MAT 0.505757 0.779246 0.370114 0.0
MAT 0.83027 -0.323199 -0.454086 0.0
MAT 0.511521 1.49012e-007 0.0 1.0
WORLDTM 
MAT 0.287118 0.78943 -0.140434 0.0
MAT 0.787606 -0.249702 0.206602 0.0
MAT 0.150328 -0.199518 -0.814219 0.0
MAT 0.322057 0.454133 -0.50641 1.0
VERTEX = 9
0.572191 1.12745 -0.632011
0.572573 1.12449 -0.624034
0.564127 1.1234 -0.624034
0.563745 1.12636 -0.632012
0.568049 1.12958 -0.62693
0.568088 1.12929 -0.626133
0.567243 1.12918 -0.626133
0.567205 1.12947 -0.626931
0.567646 1.12938 -0.626532
INDEX = 14
4 5 7
6 7 5
1 2 5
6 5 2
0 1 4
5 4 1
7 6 3
2 3 6
4 7 0
3 0 7
8 1 0
8 2 1
8 3 2
8 0 3
FACE-NORMAL = 14
0.120394 -0.928913 -0.35018
0.120394 -0.928913 -0.35018
0.0471446 -0.363274 -0.930489
0.0471446 -0.363274 -0.930489
-0.656592 -0.716926 -0.234316
-0.656592 -0.716926 -0.234316
0.817671 -0.525894 -0.234201
0.817671 -0.525894 -0.234201
0.113934 -0.879546 0.461972
0.113934 -0.879546 0.461972
0.616113 0.747706 0.24767
-0.0533625 0.411272 0.909949
-0.786375 0.565975 0.24756
-0.1169 0.902409 -0.414719
BONE = 6
BONE_NAME = Bone03
PARENT_ID = 5
LOCALTM 
MAT -0.76269 0.298735 0.57364 0.0
MAT 0.453424 0.879443 0.144866 0.0
MAT -0.461207 0.37059 -0.806195 0.0
MAT 0.855361 0.0 0.0 1.0
WORLDTM 
MAT 0.102537 -0.791136 -0.298242 0.0
MAT 0.844618 0.109444 6.59823e-005 0.0
MAT 0.0382643 -0.295777 0.797753 0.0
MAT 0.567646 1.12938 -0.626532 1.0
VERTEX = 9
0.536013 1.03347 -0.621714
0.529176 1.03122 -0.61477
0.529691 1.02158 -0.617379
0.536527 1.02383 -0.624323
0.529528 1.02883 -0.623116
0.528844 1.02861 -0.622422
0.528896 1.02765 -0.622683
0.529579 1.02787 -0.623377
0.529212 1.02824 -0.622899
INDEX = 14
4 5 7
6 7 5
1 2 5
6 5 2
0 1 4
5 4 1
7 6 3
2 3 6
4 7 0
3 0 7
8 1 0
8 2 1
8 3 2
8 0 3
FACE-NORMAL = 14
0.727982 -0.14267 0.670587
0.727982 -0.14267 0.670587
0.995159 0.0713569 -0.0675732
0.995159 0.0713569 -0.067573
0.525205 -0.811974 0.254672
0.525205 -0.811974 0.254673
0.448784 0.621091 0.642526
0.448784 0.621091 0.642526
-0.0211696 -0.262239 0.964771
-0.0211698 -0.262239 0.964771
-0.551111 0.782531 -0.289691
-0.998186 -0.0577946 0.0168657
-0.478411 -0.580765 -0.658662
-0.031337 0.25956 -0.965218
BONE = 7
BONE_NAME = Unit_Protoss_Stalker_Leg1_02
PARENT_ID = 6
LOCALTM 
MAT -0.0172065 0.826209 0.834095 0.0
MAT -1.16595 0.0856152 -0.108855 0.0
MAT -0.137418 -0.829866 0.819187 0.0
MAT 0.103386 -0.0600137 0.0432091 1.0
WORLDTM 
MAT 0.727983 -0.14267 0.670588 0.0
MAT -0.0514066 0.963995 0.260902 0.0
MAT -0.683665 -0.224404 0.694439 0.0
MAT 0.529212 1.02824 -0.622899 1.0
VERTEX = 9
0.769115 0.0882407 -1.07292
0.776336 0.0920179 -1.08137
0.777658 0.080987 -1.08517
0.770438 0.0772099 -1.07671
0.777542 0.0842845 -1.07483
0.778264 0.0846622 -1.07567
0.778396 0.0835591 -1.07605
0.777674 0.0831814 -1.07521
0.777969 0.0839218 -1.07544
INDEX = 14
4 5 7
6 7 5
1 2 5
6 5 2
0 1 4
5 4 1
7 6 3
2 3 6
4 7 0
3 0 7
8 1 0
8 2 1
8 3 2
8 0 3
FACE-NORMAL = 14
-0.78049 0.117884 -0.613954
-0.78049 0.117884 -0.613954
-0.979201 -0.16025 0.124441
-0.979201 -0.16025 0.124441
-0.438403 -0.61945 -0.651218
-0.438403 -0.619449 -0.651218
-0.605837 0.777168 -0.170209
-0.605837 0.777168 -0.170209
-0.0650399 0.317971 -0.945867
-0.0650397 0.317971 -0.945867
0.472248 0.580956 0.662927
0.986717 0.144113 -0.0749691
0.631531 -0.747667 0.205336
0.117062 -0.310826 0.94323
BONE = 8
BONE_NAME = HitTestFuzzy02
PARENT_ID = 6
LOCALTM 
MAT 0.0158888 -1.04627 -0.897604 0.0
MAT -1.37802 0.0124828 -0.0389472 0.0
MAT 0.037684 0.897658 -1.04566 0.0
MAT 1.35457 0.0871206 -0.0563121 1.0
WORLDTM 
MAT -0.916413 0.138414 -0.720875 0.0
MAT -0.132245 1.10309 0.379913 0.0
MAT 0.722031 0.377713 -0.84536 0.0
MAT 0.777969 0.0839218 -1.07544 1.0
VERTEX = 9
0.00425109 0.74262 0.184717
0.00425707 0.748416 0.190957
0.00426568 0.742176 0.196754
0.0042597 0.73638 0.190514
-7.42305e-007 0.742419 0.190139
-1.44359e-007 0.742998 0.190763
7.1652e-007 0.742374 0.191343
0.0 0.741795 0.190719
0.0 0.742397 0.190741
INDEX = 14
4 5 7
6 7 5
1 2 5
6 5 2
0 1 4
5 4 1
7 6 3
2 3 6
4 7 0
3 0 7
8 1 0
8 2 1
8 3 2
8 0 3
FACE-NORMAL = 14
0.999999 0.000262764 -0.00120233
0.999999 0.000262764 -0.00120233
0.668442 -0.505697 -0.545395
0.668442 -0.505697 -0.545395
0.669716 -0.544415 0.505068
0.669716 -0.544415 0.505068
0.668213 0.544767 -0.506676
0.668213 0.544767 -0.506676
0.669486 0.506048 0.543786
0.669486 0.506048 0.543786
-0.707821 0.517892 -0.480393
-0.70661 0.481058 0.518927
-0.706392 -0.518263 0.482094
-0.707603 -0.48143 -0.517227
BONE = 9
BONE_NAME = Bone_Shell
PARENT_ID = 1
LOCALTM 
MAT 0.999999 0.0 -0.00123072 0.0
MAT -0.00101084 0.57043 -0.821345 0.0
MAT 0.000702038 0.821346 0.57043 0.0
MAT 0.0 0.123739 0.33955 1.0
WORLDTM 
MAT 0.851679 0.00022379 -0.001024 0.0
MAT -0.000860878 0.624002 -0.579637 0.0
MAT 0.000597946 0.579638 0.624002 0.0
MAT 0.0 0.742397 0.190741 1.0
VERTEX = 9
-0.0939824 0.693196 -0.228717
-0.0941043 0.700734 -0.235288
-0.0856522 0.6973 -0.239383
-0.0855304 0.689763 -0.232813
-0.0875624 0.697845 -0.230352
-0.0875745 0.698598 -0.231009
-0.0867293 0.698255 -0.231419
-0.0867172 0.697501 -0.230762
-0.0871459 0.69805 -0.230886
INDEX = 14
4 5 7
6 7 5
1 2 5
6 5 2
0 1 4
5 4 1
7 6 3
2 3 6
4 7 0
3 0 7
8 1 0
8 2 1
8 3 2
8 0 3
FACE-NORMAL = 14
-0.534299 -0.560331 -0.632893
-0.534299 -0.560331 -0.632893
-0.348368 -0.935102 0.0649947
-0.348368 -0.935102 0.0649945
0.27081 -0.630048 -0.727806
0.27081 -0.630048 -0.727806
-0.985665 -0.119636 -0.11896
-0.985665 -0.119635 -0.11896
-0.366487 0.185418 -0.911761
-0.366487 0.185418 -0.911761
-0.219845 0.638995 0.737125
0.369188 0.929198 -0.0170781
0.975459 0.153432 0.157921
0.386425 -0.13677 0.912124
BONE = 10
BONE_NAME = Bone01(mirrored)
PARENT_ID = 1
LOCALTM 
MAT -0.627347 -0.801429 -0.585469 0.0
MAT -0.9924 0.496533 0.383699 0.0
MAT -0.0143107 0.699853 -0.942671 0.0
MAT -0.102322 -0.0328495 -0.132962 1.0
WORLDTM 
MAT -0.534299 -0.560331 -0.632893 0.0
MAT -0.845207 0.343345 0.409559 0.0
MAT -0.0121881 0.753753 -0.657045 0.0
MAT -0.0871459 0.69805 -0.230886 1.0
VERTEX = 9
-0.327109 0.455929 -0.510998
-0.325349 0.458269 -0.501436
-0.316106 0.461217 -0.503859
-0.317866 0.458877 -0.513421
-0.320465 0.453676 -0.506963
-0.320289 0.45391 -0.506007
-0.319364 0.454205 -0.50625
-0.31954 0.453971 -0.507206
-0.319914 0.453941 -0.506607
INDEX = 14
4 5 7
6 7 5
1 2 5
6 5 2
0 1 4
5 4 1
7 6 3
2 3 6
4 7 0
3 0 7
8 1 0
8 2 1
8 3 2
8 0 3
FACE-NORMAL = 14
-0.338582 0.926468 -0.164376
-0.338582 0.926468 -0.164376
-0.357334 0.445862 -0.820682
-0.357334 0.445863 -0.820682
0.460547 0.838905 -0.290059
0.460547 0.838905 -0.290059
-0.913546 0.400644 0.0701354
-0.913546 0.400643 0.0701355
-0.0956654 0.793686 0.600758
-0.0956653 0.793686 0.600758
-0.414184 -0.863574 0.287561
0.363878 -0.489667 0.79235
0.893011 -0.446649 -0.0550978
0.114949 -0.820557 -0.559887
BONE = 11
BONE_NAME = Bone02(mirrored)
PARENT_ID = 10
LOCALTM 
MAT -0.234192 0.536949 0.810457 0.0
MAT 0.505711 0.779261 -0.370148 0.0
MAT -0.830308 0.323172 -0.454037 0.0
MAT 0.435652 0.0 0.0 1.0
WORLDTM 
MAT -0.338582 0.926468 -0.164376 0.0
MAT -0.924326 -0.29481 0.242296 0.0
MAT 0.17602 0.233974 0.956176 0.0
MAT -0.319914 0.453941 -0.506607 1.0
VERTEX = 9
-0.572348 1.12312 -0.623427
-0.571906 1.12661 -0.632789
-0.561988 1.12533 -0.632796
-0.56243 1.12184 -0.623434
-0.567087 1.12876 -0.625885
-0.567043 1.12911 -0.626821
-0.566051 1.12898 -0.626822
-0.566095 1.12863 -0.625886
-0.566569 1.12887 -0.626354
INDEX = 14
4 5 7
6 7 5
1 2 5
6 5 2
0 1 4
5 4 1
7 6 3
2 3 6
4 7 0
3 0 7
8 1 0
8 2 1
8 3 2
8 0 3
FACE-NORMAL = 14
-0.119833 -0.928459 -0.351575
-0.119833 -0.928459 -0.351575
-0.113028 -0.880355 0.460651
-0.113028 -0.880355 0.460651
0.657041 -0.716046 -0.235745
0.657041 -0.716046 -0.235745
-0.81737 -0.526166 -0.234637
-0.81737 -0.526166 -0.234637
-0.0473005 -0.361857 -0.931033
-0.0473004 -0.361857 -0.931033
-0.616579 0.746837 0.249127
0.115999 0.903147 -0.413364
0.78605 0.566202 0.248074
0.0534711 0.409892 0.910565
BONE = 12
BONE_NAME = Bone03(mirrored)
PARENT_ID = 11
LOCALTM 
MAT -0.761823 0.2993 -0.574496 0.0
MAT 0.454023 0.87928 -0.143981 0.0
MAT 0.462049 -0.370521 -0.805745 0.0
MAT 0.728494 -4.76837e-007 1.49012e-007 1.0
WORLDTM 
MAT -0.119833 -0.928458 -0.351575 0.0
MAT -0.991809 0.127729 0.000744909 0.0
MAT 0.0442139 0.348783 -0.93616 0.0
MAT -0.566569 1.12887 -0.626354 1.0
VERTEX = 9
-0.64585 0.09367 -1.11701
-0.639368 0.0965137 -1.12638
-0.640683 0.0856332 -1.13059
-0.647165 0.0827896 -1.12122
-0.638674 0.0883658 -1.12028
-0.638026 0.0886501 -1.12122
-0.638157 0.0875621 -1.12164
-0.638806 0.0872777 -1.1207
-0.638416 0.0879639 -1.12096
INDEX = 14
4 5 7
6 7 5
1 2 5
6 5 2
0 1 4
5 4 1
7 6 3
2 3 6
4 7 0
3 0 7
8 1 0
8 2 1
8 3 2
8 0 3
FACE-NORMAL = 14
-0.826244 0.287474 -0.484438
-0.826244 0.287474 -0.484438
-0.96307 0.0122949 0.268972
-0.96307 0.012295 0.268971
-0.636006 -0.496474 -0.590771
-0.636006 -0.496473 -0.590771
-0.46945 0.881093 -0.0573727
-0.46945 0.881093 -0.0573726
-0.142386 0.372325 -0.917115
-0.142386 0.372325 -0.917115
0.663466 0.451975 0.596264
0.974607 -0.0320238 -0.221622
0.505019 -0.858524 0.0888343
0.193878 -0.374526 0.90672
BONE = 13
BONE_NAME = HitTestFuzzy01
PARENT_ID = 12
LOCALTM 
MAT 0.00284195 1.00488 0.607324 0.0
MAT -1.17408 0.00881447 -0.00908983 0.0
MAT -0.0123386 -0.607267 1.00484 0.0
MAT 1.14894 -0.0620625 0.0968018 1.0
WORLDTM 
MAT -0.970134 0.337538 -0.568803 0.0
MAT 0.13155 1.08804 0.421294 0.0
MAT 0.6482 0.284362 -0.936806 0.0
MAT -0.638416 0.0879639 -1.12096 1.0
VERTEX = 9
0.112778 0.661386 -0.0792704
0.110953 0.669127 -0.0732089
0.103622 0.663948 -0.0688019
0.105447 0.656207 -0.0748634
0.105382 0.664359 -0.07787
0.1052 0.665133 -0.0772639
0.104467 0.664615 -0.0768232
0.104649 0.663841 -0.0774293
0.104925 0.664487 -0.0773466
INDEX = 14
4 5 7
6 7 5
1 2 5
6 5 2
0 1 4
5 4 1
7 6 3
2 3 6
4 7 0
3 0 7
8 1 0
8 2 1
8 3 2
8 0 3
FACE-NORMAL = 14
0.655106 -0.363969 0.66209
0.655106 -0.363969 0.66209
0.573906 -0.818886 -0.00763243
0.573906 -0.818886 -0.00763226
-0.106711 -0.62846 0.770488
-0.106711 -0.62846 0.770488
0.983196 0.141495 0.115342
0.983196 0.141495 0.115342
0.30258 0.331921 0.893462
0.302579 0.331921 0.893462
0.0551929 0.6236 -0.779793
-0.592288 0.804754 -0.039556
-0.981652 -0.10887 -0.156543
-0.334171 -0.290025 -0.89678
BONE = 14
BONE_NAME = Bone01(mirrored)~DUP~1
PARENT_ID = 1
LOCALTM 
MAT 0.769193 -0.251481 0.850722 0.0
MAT 0.86084 0.4836 -0.635384 0.0
MAT -0.214302 1.03996 0.501185 0.0
MAT 0.123197 -0.0328496 0.0515723 1.0
WORLDTM 
MAT 0.655106 -0.363969 0.66209 0.0
MAT 0.73316 0.517934 -0.440704 0.0
MAT -0.182516 0.774126 0.606149 0.0
MAT 0.104925 0.664487 -0.0773466 1.0
VERTEX = 9
0.406251 0.503454 0.223958
0.403234 0.506965 0.215094
0.393964 0.508057 0.218683
0.396981 0.504545 0.227546
0.399608 0.500875 0.220121
0.399306 0.501226 0.219235
0.398379 0.501336 0.219594
0.398681 0.500984 0.22048
0.398994 0.501105 0.219858
INDEX = 14
4 5 7
6 7 5
1 2 5
6 5 2
0 1 4
5 4 1
7 6 3
2 3 6
4 7 0
3 0 7
8 1 0
8 2 1
8 3 2
8 0 3
FACE-NORMAL = 14
0.222765 0.929944 0.292541
0.222765 0.929944 0.292541
0.373326 0.361113 0.854532
0.373326 0.361114 0.854532
-0.540004 0.703247 0.462427
-0.540004 0.703247 0.462427
0.838048 0.540953 -0.0710284
0.838049 0.540953 -0.0710285
-0.0752815 0.883086 -0.463133
-0.0752815 0.883086 -0.463133
0.497962 -0.734766 -0.4606
-0.370902 -0.40929 -0.833615
-0.813 -0.580373 0.0468847
0.0558646 -0.90585 0.4199
BONE = 15
BONE_NAME = Bone02(mirrored)~DUP~2
PARENT_ID = 14
LOCALTM 
MAT 0.0011524 0.516048 0.856559 0.0
MAT 0.409424 0.781233 -0.471218 0.0
MAT -0.912344 0.351238 -0.210382 0.0
MAT 0.448888 -1.49012e-007 -1.19209e-007 1.0
WORLDTM 
MAT 0.222765 0.929944 0.292541 0.0
MAT 0.926991 -0.109172 -0.358846 0.0
MAT -0.30177 0.351121 -0.886369 0.0
MAT 0.398994 0.501105 0.219858 1.0
VERTEX = 9
0.568915 1.17962 0.43098
0.568229 1.1815 0.440776
0.558482 1.17928 0.440521
0.559169 1.17739 0.430725
0.563156 1.18425 0.434278
0.563087 1.18444 0.435257
0.562112 1.18421 0.435232
0.562181 1.18403 0.434252
0.562634 1.18423 0.434755
INDEX = 14
4 5 7
6 7 5
1 2 5
6 5 2
0 1 4
5 4 1
7 6 3
2 3 6
4 7 0
3 0 7
8 1 0
8 2 1
8 3 2
8 0 3
FACE-NORMAL = 14
0.212932 -0.956542 0.199219
0.212932 -0.956542 0.199219
0.193488 -0.780181 -0.594878
0.193488 -0.780181 -0.594878
-0.582009 -0.805107 0.114317
-0.582009 -0.805107 0.114317
0.866895 -0.474679 0.152225
0.866896 -0.474679 0.152225
0.0913997 -0.499604 0.861418
0.0913997 -0.499604 0.861419
0.538617 0.833548 -0.122838
-0.199124 0.809836 0.551829
-0.839747 0.519206 -0.1589
-0.102006 0.542918 -0.833567
BONE = 16
BONE_NAME = Bone03(mirrored)~DUP~3
PARENT_ID = 15
LOCALTM 
MAT -0.783817 0.230324 -0.576699 0.0
MAT 0.431279 0.870076 -0.238678 0.0
MAT 0.446799 -0.435798 -0.781314 0.0
MAT 0.734588 -2.23517e-007 0.0 1.0
WORLDTM 
MAT 0.212931 -0.956541 0.199219 0.0
MAT 0.974652 0.222273 0.0255001 0.0
MAT -0.0686727 0.188739 0.979623 0.0
MAT 0.562634 1.18423 0.434755 1.0
VERTEX = 9
0.766543 0.0448202 0.725643
0.774122 0.0437969 0.716733
0.776206 0.0326524 0.719786
0.768627 0.0336757 0.728696
0.775253 0.0411206 0.726513
0.776011 0.0410183 0.725622
0.776219 0.0399038 0.725928
0.775461 0.0400061 0.726819
0.775736 0.0405122 0.72622
INDEX = 14
4 5 7
6 7 5
1 2 5
6 5 2
0 1 4
5 4 1
7 6 3
2 3 6
4 7 0
3 0 7
8 1 0
8 2 1
8 3 2
8 0 3
FACE-NORMAL = 14
-0.742882 -0.302497 -0.597178
-0.742882 -0.302497 -0.597178
-0.976731 -0.137582 0.164523
-0.976731 -0.137582 0.164523
-0.365031 -0.907864 -0.206239
-0.365031 -0.907864 -0.206239
-0.628892 0.503142 -0.592742
-0.628892 0.503142 -0.592742
-0.0171928 -0.267139 -0.963505
-0.0171927 -0.267139 -0.963505
0.39979 0.885055 0.238425
0.981708 0.152273 -0.114286
0.650804 -0.457256 0.606111
0.0688854 0.275523 0.958823
BONE = 17
BONE_NAME = HitTestFuzzy03
PARENT_ID = 16
LOCALTM 
MAT 0.014325 -0.94697 -0.694024 0.0
MAT -1.17121 0.0368059 -0.0743984 0.0
MAT 0.0817608 0.693196 -0.944152 0.0
MAT 1.19746 -0.0390862 0.0550275 1.0
WORLDTM 
MAT -0.872255 -0.355177 -0.701176 0.0
MAT -0.208406 1.11445 -0.305272 0.0
MAT 0.757871 -0.102328 -0.890949 0.0
MAT 0.775736 0.0405122 0.72622 1.0
VERTEX = 9
-0.107549 0.668976 -0.0737496
-0.108639 0.660823 -0.0794369
-0.101241 0.656337 -0.0744231
-0.100151 0.664489 -0.0687358
-0.101391 0.665119 -0.0773129
-0.1015 0.664304 -0.0778816
-0.10076 0.663855 -0.0773803
-0.100651 0.66467 -0.0768115
-0.101075 0.664487 -0.0773466
INDEX = 14
4 5 7
6 7 5
1 2 5
6 5 2
0 1 4
5 4 1
7 6 3
2 3 6
4 7 0
3 0 7
8 1 0
8 2 1
8 3 2
8 0 3
FACE-NORMAL = 14
-0.66392 -0.366123 0.652046
-0.66392 -0.366123 0.652046
-0.36314 0.361064 0.858931
-0.36314 0.361064 0.858931
0.105765 -0.578401 0.808867
0.105765 -0.578401 0.808867
-0.994044 0.0885543 0.0635244
-0.994044 0.0885544 0.0635242
-0.525139 -0.85091 0.0134611
-0.525138 -0.85091 0.0134609
-0.0536697 0.57613 -0.815594
0.392407 -0.317597 -0.86322
0.992595 -0.0583543 -0.106538
0.546518 0.835372 -0.0589122
BONE = 18
BONE_NAME = Bone01(mirrored)(mirrored)
PARENT_ID = 1
LOCALTM 
MAT -0.779542 -0.25647 0.839741 0.0
MAT -0.868661 0.388911 -0.687609 0.0
MAT -0.127951 -1.07778 -0.447948 0.0
MAT -0.118678 -0.0328494 0.0515723 1.0
WORLDTM 
MAT -0.66392 -0.366123 0.652046 0.0
MAT -0.739821 0.448648 -0.501378 0.0
MAT -0.108973 -0.815272 -0.568732 0.0
MAT -0.101075 0.664487 -0.0773466 1.0
VERTEX = 9
-0.403438 0.505469 0.210078
-0.406667 0.502268 0.218984
-0.397656 0.504103 0.222911
-0.394427 0.507304 0.214005
-0.39939 0.500207 0.214707
-0.399713 0.499887 0.215598
-0.398812 0.500071 0.21599
-0.398489 0.500391 0.2151
-0.399101 0.500139 0.215349
INDEX = 14
4 5 7
6 7 5
1 2 5
6 5 2
0 1 4
5 4 1
7 6 3
2 3 6
4 7 0
3 0 7
8 1 0
8 2 1
8 3 2
8 0 3
FACE-NORMAL = 14
-0.289206 0.929431 0.229168
-0.289206 0.929431 0.229168
0.0465731 0.85968 -0.508705
0.046573 0.85968 -0.508705
0.476349 0.758204 0.445217
0.476349 0.758204 0.445217
-0.863286 0.485309 -0.138606
-0.863287 0.485309 -0.138606
-0.433511 0.383833 0.815316
-0.433511 0.383833 0.815316
-0.432708 -0.787012 -0.439746
-0.0238557 -0.883547 0.467734
0.841707 -0.527402 0.115654
0.432855 -0.430867 -0.791827
BONE = 19
BONE_NAME = Bone02(mirrored)(mirrored)
PARENT_ID = 18
LOCALTM 
MAT 0.0011524 0.516048 -0.856559 0.0
MAT 0.409424 0.781233 0.471218 0.0
MAT 0.912344 -0.351239 -0.210382 0.0
MAT 0.448888 0.0 0.0 1.0
WORLDTM 
MAT -0.289206 0.929431 0.229168 0.0
MAT -0.901148 -0.183572 -0.392727 0.0
MAT -0.322943 -0.320094 0.890644 0.0
MAT -0.399101 0.500139 0.215349 1.0
VERTEX = 9
-0.617258 1.18016 0.389606
-0.61737 1.17771 0.379912
-0.607511 1.17606 0.380215
-0.607399 1.17851 0.389909
-0.612036 1.18309 0.384163
-0.612047 1.18285 0.383193
-0.611061 1.18268 0.383223
-0.61105 1.18293 0.384193
-0.611549 1.18289 0.383693
INDEX = 14
4 5 7
6 7 5
1 2 5
6 5 2
0 1 4
5 4 1
7 6 3
2 3 6
4 7 0
3 0 7
8 1 0
8 2 1
8 3 2
8 0 3
FACE-NORMAL = 14
-0.167112 -0.955382 0.243555
-0.167112 -0.955382 0.243555
-0.10348 -0.456879 0.883489
-0.10348 -0.456879 0.883489
0.621003 -0.761555 0.185443
0.621003 -0.761555 0.185444
-0.844586 -0.516679 0.140416
-0.844587 -0.516679 0.140416
-0.120104 -0.821355 -0.55763
-0.120104 -0.821355 -0.55763
-0.578953 0.792034 -0.193637
0.110258 0.502192 -0.857699
0.815284 0.55908 -0.150802
0.126073 0.848923 0.51326
BONE = 20
BONE_NAME = Bone03(mirrored)(mirrored)
PARENT_ID = 19
LOCALTM 
MAT -0.783816 0.230323 0.5767 0.0
MAT 0.43128 0.870075 0.238679 0.0
MAT -0.446798 0.435799 -0.781313 0.0
MAT 0.734589 -1.3411e-007 0.0 1.0
WORLDTM 
MAT -0.167111 -0.955382 0.243555 0.0
MAT -0.985875 0.164724 -0.0302889 0.0
MAT -0.0111825 -0.245175 -0.969414 0.0
MAT -0.611549 1.18289 0.383693 1.0
VERTEX = 9
-0.81222 0.0489412 0.707434
-0.805056 0.0457629 0.69869
-0.806921 0.0344613 0.701271
-0.814084 0.0376396 0.710014
-0.805278 0.0425182 0.70836
-0.804562 0.0422003 0.707486
-0.804748 0.0410702 0.707744
-0.805464 0.041388 0.708618
-0.805013 0.0417942 0.708052
INDEX = 14
4 5 7
6 7 5
1 2 5
6 5 2
0 1 4
5 4 1
7 6 3
2 3 6
4 7 0
3 0 7
8 1 0
8 2 1
8 3 2
8 0 3
FACE-NORMAL = 14
-0.776236 -0.0158356 -0.630243
-0.776236 -0.0158356 -0.630243
-0.972768 0.190608 0.131876
-0.972768 0.190608 0.131876
-0.637317 -0.726041 -0.258247
-0.637317 -0.726041 -0.258247
-0.401233 0.704853 -0.584973
-0.401233 0.704853 -0.584973
-0.065781 -0.211795 -0.975098
-0.0657808 -0.211795 -0.975098
0.661177 0.691814 0.290239
0.980297 -0.180209 -0.0808907
0.436587 -0.669418 0.601059
0.117467 0.202604 0.97219
BONE = 21
BONE_NAME = HitTestFuzzy04
PARENT_ID = 20
LOCALTM 
MAT -0.0101575 0.917894 0.732117 0.0
MAT -1.17375 0.0101494 -0.0290093 0.0
MAT -0.0290079 -0.732119 0.917491 0.0
MAT 1.20151 -0.00705796 -0.0325054 1.0
WORLDTM 
MAT -0.911418 -0.0185934 -0.74 0.0
MAT 0.186465 1.13016 -0.258058 0.0
MAT 0.716365 -0.31783 -0.874319 0.0
MAT -0.805013 0.0417942 0.708052 1.0
VERTEX = 9
-0.0073482 0.849553 -0.079166
-0.00734821 0.863912 -0.0760327
0.00734859 0.863912 -0.0760327
0.0073486 0.849553 -0.079166
-0.000734642 0.854448 -0.0705765
-0.000734643 0.855884 -0.0702632
0.000735038 0.855884 -0.0702632
0.000735039 0.854448 -0.0705765
1.98011e-007 0.855166 -0.0704198
INDEX = 14
4 5 7
6 7 5
1 2 5
6 5 2
0 1 4
5 4 1
7 6 3
2 3 6
4 7 0
3 0 7
8 1 0
8 2 1
8 3 2
8 0 3
FACE-NORMAL = 14
-1.50213e-007 0.213195 -0.97701
-1.50213e-007 0.213195 -0.97701
2.43192e-007 -0.583586 -0.812052
2.43192e-007 -0.583585 -0.812052
0.743294 0.14262 -0.653585
0.743294 0.14262 -0.653585
-0.743294 0.14262 -0.653585
-0.743294 0.14262 -0.653585
-4.44167e-007 0.868825 -0.495118
-4.44167e-007 0.868826 -0.495118
-0.707107 -0.150752 0.69085
-2.20731e-007 0.540098 0.841602
0.707107 -0.150751 0.69085
4.33165e-007 -0.841602 0.540098
BONE = 22
BONE_NAME = Bone_Spine_A02
PARENT_ID = 1
LOCALTM 
MAT -2.8114e-007 -0.000632197 -1.72563 0.0
MAT -1.72563 -8.98271e-007 2.81469e-007 0.0
MAT -8.98375e-007 1.72563 -0.000632197 0.0
MAT 2.32365e-007 0.187608 0.0117063 1.0
WORLDTM 
MAT -2.20766e-007 0.313329 -1.43589 0.0
MAT -1.46968 -7.10985e-007 0.0 0.0
MAT -6.79542e-007 1.43589 0.313329 0.0
MAT 1.98011e-007 0.855166 -0.0704198 1.0
VERTEX = 9
0.0011692 1.18384 0.115576
0.00116921 1.1817 0.125345
0.00116922 1.17193 0.123209
0.00116921 1.17407 0.11344
-0.00383079 1.17848 0.119011
-0.00383079 1.17827 0.119988
-0.00383079 1.17729 0.119774
-0.00383079 1.1775 0.118797
-0.00383079 1.17789 0.119393
INDEX = 14
4 5 7
6 7 5
1 2 5
6 5 2
0 1 4
5 4 1
7 6 3
2 3 6
4 7 0
3 0 7
8 1 0
8 2 1
8 3 2
8 0 3
FACE-NORMAL = 14
1.0 1.04901e-006 -4.10793e-007
1.0 1.04901e-006 -4.10793e-007
0.668964 0.158733 -0.726148
0.668964 0.158733 -0.726148
0.668965 -0.726147 -0.158733
0.668966 -0.726147 -0.158733
0.668964 0.726148 0.158732
0.668964 0.726148 0.158732
0.668965 -0.158732 0.726147
0.668965 -0.158732 0.726147
-0.707107 0.690794 0.151005
-0.707106 -0.151005 0.690795
-0.707106 -0.690796 -0.151004
-0.707107 0.151004 -0.690795
BONE = 23
BONE_NAME = Bone_Spine_A03
PARENT_ID = 22
LOCALTM 
MAT 3.23049e-007 -0.68042 3.2316e-007 0.0
MAT -0.000248924 3.2304e-007 0.68042 0.0
MAT -0.68042 -3.2315e-007 -0.000248924 0.0
MAT -0.0793684 0.00260658 0.242072 1.0
WORLDTM 
MAT 1.0 1.04901e-006 -4.10793e-007 0.0
MAT -9.37085e-007 0.976931 0.213552 0.0
MAT 6.2531e-007 -0.213553 0.976932 0.0
MAT -0.00383079 1.17789 0.119393 1.0
VERTEX = 9
0.0214906 1.36796 -0.205795
0.0214906 1.36657 -0.197392
0.0214906 1.35817 -0.198778
0.0214906 1.35955 -0.207181
0.0172322 1.36355 -0.202637
0.0172322 1.36341 -0.201797
0.0172322 1.36257 -0.201936
0.0172322 1.36271 -0.202776
0.0172322 1.36306 -0.202286
INDEX = 14
4 5 7
6 7 5
1 2 5
6 5 2
0 1 4
5 4 1
7 6 3
2 3 6
4 7 0
3 0 7
8 1 0
8 2 1
8 3 2
8 0 3
FACE-NORMAL = 14
1.0 1.50696e-006 -2.72883e-007
1.0 1.50696e-006 -2.72883e-007
0.668964 0.120975 -0.733384
0.668965 0.120975 -0.733384
0.668966 -0.733383 -0.120975
0.668966 -0.733382 -0.120975
0.668964 0.733384 0.120974
0.668964 0.733385 0.120974
0.668965 -0.120973 0.733383
0.668965 -0.120973 0.733383
-0.707108 0.697678 0.115085
-0.707106 -0.115086 0.697679
-0.707106 -0.69768 -0.115085
-0.707107 0.115084 -0.697678
BONE = 24
BONE_NAME = Bone_Head
PARENT_ID = 23
LOCALTM 
MAT 0.85168 4.06113e-007 0.0 0.0
MAT -4.03943e-007 0.85054 -0.0440363 0.0
MAT 0.0 0.0440363 0.850541 0.0
MAT 0.0210634 0.112209 -0.353803 1.0
WORLDTM 
MAT 0.85168 1.28345e-006 -2.32409e-007 0.0
MAT -1.22851e-006 0.840323 0.138614 0.0
MAT 4.38175e-007 -0.138615 0.840324 0.0
MAT 0.0172322 1.36306 -0.202286 1.0
VERTEX = 9
0.00416003 1.40396 -0.308697
0.00416003 1.40167 -0.300495
0.00416005 1.39347 -0.302789
0.00416005 1.39576 -0.310991
-9.83595e-005 1.39924 -0.306039
-9.83594e-005 1.39901 -0.305218
-9.83582e-005 1.39819 -0.305448
-9.83582e-005 1.39842 -0.306268
-9.83588e-005 1.39872 -0.305743
INDEX = 14
4 5 7
6 7 5
1 2 5
6 5 2
0 1 4
5 4 1
7 6 3
2 3 6
4 7 0
3 0 7
8 1 0
8 2 1
8 3 2
8 0 3
FACE-NORMAL = 14
1.0 1.40192e-006 3.62069e-007
1.0 1.40192e-006 3.62069e-007
0.668965 0.200202 -0.715825
0.668965 0.200201 -0.715825
0.668966 -0.715825 -0.2002
0.668966 -0.715824 -0.2002
0.668964 0.715826 0.2002
0.668964 0.715826 0.2002
0.668965 -0.2002 0.715825
0.668965 -0.2002 0.715826
-0.707108 0.680974 0.190453
-0.707107 -0.190455 0.680975
-0.707106 -0.680976 -0.190454
-0.707107 0.190453 -0.680976
BONE = 25
BONE_NAME = Bone_face
PARENT_ID = 24
LOCALTM 
MAT 1.0 0.0 6.43582e-007 0.0
MAT 0.0 0.994041 0.109011 0.0
MAT -6.39776e-007 -0.109012 0.994041 0.0
MAT -0.0203486 0.0215353 -0.126668 1.0
WORLDTM 
MAT 0.85168 1.19398e-006 3.08367e-007 0.0
MAT -1.23292e-006 0.820205 0.229393 0.0
MAT 0.0 -0.229394 0.820206 0.0
MAT -9.83588e-005 1.39872 -0.305743 1.0
VERTEX = 9
-0.00481507 1.23303 -0.436293
-0.00385684 1.24131 -0.434552
0.00460587 1.24038 -0.434762
0.00364764 1.2321 -0.436503
-0.000569081 1.23546 -0.431437
-0.000473258 1.23629 -0.431263
0.000373013 1.2362 -0.431284
0.00027719 1.23537 -0.431458
-9.80338e-005 1.23583 -0.43136
INDEX = 14
4 5 7
6 7 5
1 2 5
6 5 2
0 1 4
5 4 1
7 6 3
2 3 6
4 7 0
3 0 7
8 1 0
8 2 1
8 3 2
8 0 3
FACE-NORMAL = 14
-0.00154222 0.205843 -0.978584
-0.00154222 0.205843 -0.978584
-0.0846604 -0.585083 -0.806542
-0.0846604 -0.585083 -0.806542
0.737542 0.0560972 -0.672967
0.737542 0.0560972 -0.672967
-0.739605 0.219306 -0.636309
-0.739605 0.219306 -0.636309
0.0825969 0.860486 -0.502735
0.082597 0.860486 -0.502734
-0.701526 -0.0679213 0.7094
0.0806477 0.542043 0.836472
0.703707 -0.223184 0.674527
-0.0784666 -0.833148 0.547455
BONE = 26
BONE_NAME = Bone_mask
PARENT_ID = 25
LOCALTM 
MAT -0.00154229 -0.0653387 -0.997864 0.0
MAT -0.993649 0.112373 -0.00582227 0.0
MAT 0.112512 0.991515 -0.0650969 0.0
MAT 0.0 -0.223913 -0.0905296 1.0
WORLDTM 
MAT -0.00131348 0.175312 -0.833442 0.0
MAT -0.84627 0.0935036 0.0210019 0.0
MAT 0.095823 0.828178 0.174053 0.0
MAT -9.80338e-005 1.23583 -0.43136 1.0
VERTEX = 9
-0.0199402 1.09754 -0.4673
-0.0201111 1.10587 -0.465548
-0.011596 1.10604 -0.465507
-0.0114251 1.09771 -0.467259
-0.0161882 1.10049 -0.462326
-0.0162053 1.10132 -0.462151
-0.0153538 1.10134 -0.462147
-0.0153367 1.1005 -0.462322
-0.015771 1.10091 -0.462236
INDEX = 14
4 5 7
6 7 5
1 2 5
6 5 2
0 1 4
5 4 1
7 6 3
2 3 6
4 7 0
3 0 7
8 1 0
8 2 1
8 3 2
8 0 3
FACE-NORMAL = 14
0.000670136 0.205787 -0.978597
0.000670136 0.205787 -0.978597
0.015368 -0.589577 -0.807566
0.015368 -0.589577 -0.807566
0.743593 0.15216 -0.651089
0.743593 0.15216 -0.651089
-0.742695 0.123169 -0.658204
-0.742695 0.123169 -0.658204
-0.0144714 0.864905 -0.501728
-0.0144714 0.864905 -0.501728
-0.707439 -0.159303 0.688588
-0.0146672 0.546322 0.837447
0.70649 -0.131723 0.695357
0.0137195 -0.837348 0.546498
BONE = 27
BONE_NAME = Bone_mask01
PARENT_ID = 26
LOCALTM 
MAT 1.0 -0.00220475 0.000192136 0.0
MAT 0.00221239 0.99119 -0.132431 0.0
MAT 0.000102073 0.132433 0.991188 0.0
MAT 0.00289732 0.0 -0.163521 1.0
WORLDTM 
MAT 0.000570744 0.175265 -0.833455 0.0
MAT -0.851508 -0.0166092 -0.00407723 0.0
MAT -0.0170952 0.833281 0.175216 0.0
MAT -0.015771 1.10091 -0.462236 1.0
VERTEX = 9
-0.0173138 0.957794 -0.498143
-0.0168785 0.965729 -0.49508
-0.00837308 0.965299 -0.495175
-0.0088084 0.957364 -0.498238
-0.0133235 0.95964 -0.492834
-0.01328 0.960433 -0.492528
-0.0124295 0.96039 -0.492537
-0.012473 0.959597 -0.492843
-0.0128765 0.960015 -0.492686
INDEX = 14
4 5 7
6 7 5
1 2 5
6 5 2
0 1 4
5 4 1
7 6 3
2 3 6
4 7 0
3 0 7
8 1 0
8 2 1
8 3 2
8 0 3
FACE-NORMAL = 14
0.00775817 0.35966 -0.933051
0.00775817 0.35966 -0.933051
-0.0328033 -0.451939 -0.891446
-0.0328033 -0.451939 -0.891446
0.747492 0.203072 -0.632469
0.747492 0.203072 -0.63247
-0.737108 0.278127 -0.615888
-0.737108 0.278127 -0.615887
0.0431832 0.93314 -0.356911
0.0431832 0.93314 -0.356911
-0.711649 -0.218617 0.667655
0.0306577 0.404505 0.914022
0.700673 -0.290018 0.651879
-0.0416295 -0.913142 0.405511
BONE = 28
BONE_NAME = Bone_mask02
PARENT_ID = 27
LOCALTM 
MAT 0.987103 -0.010306 0.15978 0.0
MAT -0.00119412 0.997428 0.0717368 0.0
MAT -0.160105 -0.0709975 0.984534 0.0
MAT 0.000944912 0.0 -0.169287 1.0
WORLDTM 
MAT 0.00660753 0.306318 -0.794668 0.0
MAT -0.850544 0.0430012 0.00949794 0.0
MAT 0.0435327 0.793512 0.306236 0.0
MAT -0.0128765 0.960015 -0.492686 1.0
VERTEX = 9
0.00852465 1.5347 -0.219078
0.00918533 1.5331 -0.209229
0.0090604 1.52323 -0.210821
0.00839971 1.52483 -0.22067
0.00377705 1.52955 -0.215026
0.00384311 1.52939 -0.214042
0.00383062 1.5284 -0.214201
0.00376455 1.52856 -0.215186
0.00380383 1.52897 -0.214614
INDEX = 14
4 5 7
6 7 5
1 2 5
6 5 2
0 1 4
5 4 1
7 6 3
2 3 6
4 7 0
3 0 7
8 1 0
8 2 1
8 3 2
8 0 3
FACE-NORMAL = 14
0.997737 -0.00178741 -0.0672152
0.997737 -0.00178741 -0.0672152
0.618343 0.11749 -0.777077
0.618343 0.11749 -0.777077
0.658165 -0.734952 -0.163294
0.658165 -0.734952 -0.163294
0.676737 0.73256 0.0733649
0.676737 0.73256 0.0733649
0.716559 -0.119881 0.687148
0.716559 -0.119881 0.687148
-0.696672 0.699297 0.160097
-0.658789 -0.111643 0.743998
-0.714341 -0.696769 -0.0650403
-0.752224 0.114171 -0.648941
BONE = 29
BONE_NAME = Ref_Head
PARENT_ID = 24
LOCALTM 
MAT 1.17149 -0.0149171 -0.0775264 0.0
MAT 0.0146706 1.17405 -0.00421803 0.0
MAT 0.0775734 0.00324059 1.17158 0.0
MAT -0.0157667 0.18985 -0.0459859 1.0
WORLDTM 
MAT 0.997737 -0.00178741 -0.0672153 0.0
MAT 0.0124932 0.987167 0.159196 0.0
MAT 0.0660682 -0.159675 0.984956 0.0
MAT 0.00380383 1.52897 -0.214614 1.0
VERTEX = 9
0.00209865 1.50032 0.463847
0.00209865 1.51009 0.465982
0.00209865 1.50796 0.475752
0.00209865 1.49819 0.473616
-0.00290135 1.50376 0.469204
-0.00290135 1.50473 0.469418
-0.00290135 1.50452 0.470395
-0.00290135 1.50354 0.470181
-0.00290135 1.50414 0.469799
INDEX = 14
4 5 7
6 7 5
1 2 5
6 5 2
0 1 4
5 4 1
7 6 3
2 3 6
4 7 0
3 0 7
8 1 0
8 2 1
8 3 2
8 0 3
FACE-NORMAL = 14
1.0 3.15776e-007 0.0
1.0 3.15776e-007 0.0
0.668965 -0.726147 -0.158733
0.668965 -0.726147 -0.158733
0.668965 -0.158732 0.726147
0.668965 -0.158732 0.726147
0.668965 0.158733 -0.726147
0.668965 0.158733 -0.726148
0.668965 0.726148 0.158732
0.668964 0.726148 0.158732
-0.707107 0.151004 -0.690795
-0.707107 0.690795 0.151005
-0.707107 -0.151005 0.690795
-0.707107 -0.690795 -0.151005
BONE = 30
BONE_NAME = Bone_BackTorso
PARENT_ID = 23
LOCALTM 
MAT 1.0 -6.47944e-007 4.6939e-007 0.0
MAT 4.6939e-007 3.12924e-007 -1.0 0.0
MAT 6.47936e-007 1.0 3.12924e-007 0.0
MAT 0.000929639 0.393558 0.272651 1.0
WORLDTM 
MAT 1.0 3.15776e-007 0.0 0.0
MAT -1.5592e-007 0.213553 -0.976932 0.0
MAT -2.89149e-007 0.976931 0.213553 0.0
MAT -0.00290135 1.50414 0.469799 1.0
VERTEX = 9
-0.232082 1.83958 0.488914
-0.232082 1.84935 0.49105
-0.232082 1.84721 0.500819
-0.232082 1.83745 0.498684
-0.237082 1.84302 0.494272
-0.237082 1.84399 0.494485
-0.237082 1.84378 0.495462
-0.237082 1.8428 0.495248
-0.237082 1.8434 0.494867
INDEX = 14
4 5 7
6 7 5
1 2 5
6 5 2
0 1 4
5 4 1
7 6 3
2 3 6
4 7 0
3 0 7
8 1 0
8 2 1
8 3 2
8 0 3
FACE-NORMAL = 14
1.0 3.15782e-007 0.0
1.0 3.15782e-007 0.0
0.668965 -0.726147 -0.158733
0.668965 -0.726147 -0.158733
0.668965 -0.158732 0.726147
0.668965 -0.158732 0.726147
0.668965 0.158733 -0.726147
0.668965 0.158733 -0.726148
0.668965 0.726148 0.158732
0.668964 0.726148 0.158732
-0.707107 0.151004 -0.690795
-0.707107 0.690795 0.151005
-0.707107 -0.151005 0.690795
-0.707107 -0.690795 -0.151005
BONE = 31
BONE_NAME = Bone_Shell~DUP~0
PARENT_ID = 30
LOCALTM 
MAT 1.0 0.0 0.0 0.0
MAT 0.0 1.0 0.0 0.0
MAT 0.0 0.0 1.0 0.0
MAT -0.23418 0.0479605 0.336786 1.0
WORLDTM 
MAT 1.0 3.15782e-007 0.0 0.0
MAT -1.55906e-007 0.213553 -0.976932 0.0
MAT -2.89144e-007 0.976931 0.213553 0.0
MAT -0.237082 1.8434 0.494867 1.0
VERTEX = 9
-0.57426 1.66281 0.367996
-0.57426 1.65804 0.374137
-0.585984 1.64133 0.361158
-0.585984 1.6461 0.355017
-0.583022 1.65467 0.366104
-0.583022 1.65419 0.366718
-0.584195 1.65252 0.36542
-0.584195 1.653 0.364806
-0.583608 1.65359 0.365762
INDEX = 14
4 5 7
6 7 5
1 2 5
6 5 2
0 1 4
5 4 1
7 6 3
2 3 6
4 7 0
3 0 7
8 1 0
8 2 1
8 3 2
8 0 3
FACE-NORMAL = 14
0.874713 -0.382754 -0.297282
0.874713 -0.382754 -0.297282
0.585152 0.199892 -0.785901
0.585152 0.199892 -0.785901
0.224921 -0.769531 -0.597689
0.224921 -0.769531 -0.597689
0.945383 0.257433 0.199946
0.945383 0.257433 0.199946
0.585152 -0.71199 0.388159
0.585152 -0.71199 0.388159
-0.275822 0.759131 0.589611
-0.618515 -0.163095 0.76866
-0.961209 -0.217835 -0.169191
-0.618515 0.704391 -0.34824
BONE = 32
BONE_NAME = Vol_Target 02
PARENT_ID = 31
LOCALTM 
MAT 0.697303 0.16636 -0.348695 0.0
MAT 1.17238 -0.911139 1.90977 0.0
MAT -2.66481e-007 -0.701757 -0.334804 0.0
MAT -0.346527 0.0855931 -0.212998 1.0
WORLDTM 
MAT 0.697303 -0.305124 -0.236987 0.0
MAT 1.17238 1.67113 1.29796 0.0
MAT 0.0 -0.476943 0.614071 0.0
MAT -0.583608 1.65359 0.365762 1.0
VERTEX = 9
0.00349622 2.10443 -0.0551485
0.00349622 2.1023 -0.0453792
0.00349623 2.09253 -0.0475147
0.00349622 2.09466 -0.0572841
-0.00150378 2.09908 -0.0517133
-0.00150378 2.09886 -0.0507364
-0.00150378 2.09789 -0.0509499
-0.00150378 2.0981 -0.0519269
-0.00150378 2.09848 -0.0513316
INDEX = 14
4 5 7
6 7 5
1 2 5
6 5 2
0 1 4
5 4 1
7 6 3
2 3 6
4 7 0
3 0 7
8 1 0
8 2 1
8 3 2
8 0 3
FACE-NORMAL = 14
1.0 3.15766e-007 0.0
1.0 3.15766e-007 0.0
0.668965 0.158733 -0.726148
0.668965 0.158733 -0.726147
0.668965 -0.726147 -0.158733
0.668965 -0.726147 -0.158733
0.668965 0.726148 0.158733
0.668964 0.726148 0.158733
0.668965 -0.158732 0.726147
0.668965 -0.158732 0.726147
-0.707107 0.690795 0.151005
-0.707107 -0.151005 0.690795
-0.707107 -0.690795 -0.151005
-0.707107 0.151005 -0.690795
BONE = 33
BONE_NAME = Ref_Weapon
PARENT_ID = 23
LOCALTM 
MAT 1.0 -6.47951e-007 4.69404e-007 0.0
MAT 6.47934e-007 1.0 4.76837e-007 0.0
MAT -4.69382e-007 -4.61936e-007 1.0 0.0
MAT 0.00232805 0.8629 -0.363381 1.0
WORLDTM 
MAT 1.0 3.15766e-007 0.0 0.0
MAT -2.8915e-007 0.976931 0.213553 0.0
MAT 1.55928e-007 -0.213553 0.976931 0.0
MAT -0.00150378 2.09848 -0.0513316 1.0
VERTEX = 9
0.00919152 2.09799 -0.0632317
0.00919152 2.1043 -0.0571252
0.00919152 2.09819 -0.0508116
0.00919152 2.09188 -0.0569181
0.00479976 2.09808 -0.0576426
0.00479976 2.09871 -0.057032
0.00479976 2.0981 -0.0564006
0.00479976 2.09747 -0.0570113
0.00479976 2.09809 -0.0570216
INDEX = 14
4 5 7
6 7 5
1 2 5
6 5 2
0 1 4
5 4 1
7 6 3
2 3 6
4 7 0
3 0 7
8 1 0
8 2 1
8 3 2
8 0 3
FACE-NORMAL = 14
1.0 3.15773e-007 0.0
1.0 3.15773e-007 0.0
0.668965 -0.534276 -0.516755
0.668965 -0.534276 -0.516755
0.668965 -0.516754 0.534276
0.668965 -0.516754 0.534276
0.668965 0.516755 -0.534276
0.668965 0.516755 -0.534276
0.668965 0.534276 0.516755
0.668965 0.534276 0.516755
-0.707107 0.491596 -0.508265
-0.707107 0.508264 0.491597
-0.707107 -0.491597 0.508265
-0.707107 -0.508265 -0.491596
BONE = 34
BONE_NAME = Star2Part02glow
PARENT_ID = 23
LOCALTM 
MAT 0.878352 -5.69125e-007 4.1229e-007 0.0
MAT 6.49906e-007 0.461736 -0.747196 0.0
MAT 2.67409e-007 0.747196 0.461736 0.0
MAT 0.00863159 0.861302 -0.368856 1.0
WORLDTM 
MAT 0.878352 2.7736e-007 0.0 0.0
MAT -2.50008e-007 0.61065 -0.631355 0.0
MAT -1.4405e-007 0.631354 0.61065 0.0
MAT 0.00479976 2.09809 -0.0570216 1.0
VERTEX = 9
-0.00804574 2.22402 -0.245998
-0.00804569 2.23386 -0.244192
0.00195431 2.23386 -0.24419
0.00195426 2.22402 -0.245996
-0.0035465 2.22755 -0.240267
-0.0035465 2.22853 -0.240086
-0.0025465 2.22853 -0.240086
-0.0025465 2.22755 -0.240267
-0.0030465 2.22804 -0.240176
INDEX = 14
4 5 7
6 7 5
1 2 5
6 5 2
0 1 4
5 4 1
7 6 3
2 3 6
4 7 0
3 0 7
8 1 0
8 2 1
8 3 2
8 0 3
FACE-NORMAL = 14
0.000157464 0.180588 -0.983559
0.000157464 0.180588 -0.983559
0.000101599 -0.610267 -0.792196
0.000101599 -0.610267 -0.792196
0.7434 0.120782 -0.657852
