EXPORTER_V17
ANIMATION_EXPORT
BONEOBJECT_COUNT = 44
VERTEX = 9
0.0042584 0.191118 -0.00425841
0.0042584 0.191118 0.00425839
0.0042584 0.182602 0.00425839
0.0042584 0.182602 -0.00425841
0.0 0.187286 -0.000425848
0.0 0.187286 0.000425832
0.0 0.186434 0.000425832
0.0 0.186434 -0.000425848
0.0 0.18686 0.0
INDEX = 14
4 5 7
6 7 5
1 2 5
6 5 2
0 1 4
5 4 1
7 6 3
2 3 6
4 7 0
3 0 7
8 1 0
8 2 1
8 3 2
8 0 3
FACE-NORMAL = 14
1.0 0.0 0.0
1.0 0.0 0.0
0.668965 0.0 -0.743294
0.668965 0.0 -0.743294
0.668965 -0.743294 0.0
0.668965 -0.743294 0.0
0.668965 0.743294 0.0
0.668965 0.743294 0.0
0.668965 0.0 0.743294
0.668965 0.0 0.743294
-0.707107 0.707107 0.0
-0.707107 0.0 0.707107
-0.707107 -0.707107 0.0
-0.707107 0.0 -0.707107
BONE = 0
BONE_NAME = Bone_Main
PARENT_ID = -1
LOCALTM 
MAT 0.85168 0.0 0.0 0.0
MAT 0.0 0.85168 0.0 0.0
MAT 0.0 0.0 0.85168 0.0
MAT 0.0 0.18686 0.0 1.0
WORLDTM 
MAT 0.85168 0.0 0.0 0.0
MAT 0.0 0.85168 0.0 0.0
MAT 0.0 0.0 0.85168 0.0
MAT 0.0 0.18686 0.0 1.0
VERTEX = 9
-0.0580964 0.680035 -0.222071
-0.0580964 0.680035 -0.213554
-0.0580964 0.671519 -0.213554
-0.0580964 0.671519 -0.222071
-0.0623548 0.676203 -0.218239
-0.0623548 0.676203 -0.217387
-0.0623548 0.675351 -0.217387
-0.0623548 0.675351 -0.218239
-0.0623548 0.675777 -0.217813
INDEX = 14
4 5 7
6 7 5
1 2 5
6 5 2
0 1 4
5 4 1
7 6 3
2 3 6
4 7 0
3 0 7
8 1 0
8 2 1
8 3 2
8 0 3
FACE-NORMAL = 14
1.0 0.0 0.0
1.0 0.0 0.0
0.668965 0.0 -0.743294
0.668965 0.0 -0.743294
0.668965 -0.743294 0.0
0.668965 -0.743294 0.0
0.668965 0.743294 0.0
0.668965 0.743294 0.0
0.668965 0.0 0.743294
0.668965 0.0 0.743294
-0.707107 0.707107 0.0
-0.707107 0.0 0.707107
-0.707107 -0.707107 0.0
-0.707107 0.0 -0.707107
BONE = 1
BONE_NAME = Bone_Root
PARENT_ID = 0
LOCALTM 
MAT 1.0 0.0 0.0 0.0
MAT 0.0 1.0 0.0 0.0
MAT 0.0 0.0 1.0 0.0
MAT -0.0732139 0.574062 -0.255745 1.0
WORLDTM 
MAT 0.85168 0.0 0.0 0.0
MAT 0.0 0.85168 0.0 0.0
MAT 0.0 0.0 0.85168 0.0
MAT -0.0623548 0.675777 -0.217813 1.0
VERTEX = 9
-0.14815 0.51638 -0.401669
-0.14815 0.523008 -0.396321
-0.14815 0.517659 -0.389693
-0.14815 0.511031 -0.395041
-0.152408 0.516955 -0.39628
-0.152408 0.517618 -0.395745
-0.152408 0.517083 -0.395082
-0.152408 0.516421 -0.395617
-0.152408 0.517019 -0.395681
INDEX = 14
4 5 7
6 7 5
1 2 5
6 5 2
0 1 4
5 4 1
7 6 3
2 3 6
4 7 0
3 0 7
8 1 0
8 2 1
8 3 2
8 0 3
FACE-NORMAL = 14
1.0 0.0 0.0
1.0 0.0 0.0
0.668965 -0.578455 -0.466772
0.668965 -0.578455 -0.466772
0.668965 -0.466772 0.578455
0.668965 -0.466772 0.578455
0.668965 0.466772 -0.578455
0.668965 0.466772 -0.578455
0.668965 0.578455 0.466772
0.668965 0.578455 0.466772
-0.707107 0.444047 -0.550293
-0.707107 0.550293 0.444047
-0.707107 -0.444047 0.550293
-0.707107 -0.550293 -0.444047
BONE = 2
BONE_NAME = Bone_Claw_R
PARENT_ID = 1
LOCALTM 
MAT 1.0 0.0 0.0 0.0
MAT 0.0 0.627977 -0.778232 0.0
MAT 0.0 0.778232 0.627977 0.0
MAT -0.105736 -0.186405 -0.208844 1.0
WORLDTM 
MAT 0.85168 0.0 0.0 0.0
MAT 0.0 0.534835 -0.662804 0.0
MAT 0.0 0.662805 0.534835 0.0
MAT -0.152408 0.517019 -0.395681 1.0
VERTEX = 9
0.0293749 0.516347 -0.401666
0.0293749 0.523004 -0.396353
0.0293749 0.517692 -0.389696
0.0293749 0.511035 -0.395009
0.0251165 0.516952 -0.396279
0.0251165 0.517618 -0.395748
0.0251165 0.517087 -0.395082
0.0251165 0.516421 -0.395614
0.0251165 0.517019 -0.395681
INDEX = 14
4 5 7
6 7 5
1 2 5
6 5 2
0 1 4
5 4 1
7 6 3
2 3 6
4 7 0
3 0 7
8 1 0
8 2 1
8 3 2
8 0 3
FACE-NORMAL = 14
1.0 0.0 0.0
1.0 0.0 0.0
0.668965 -0.580975 -0.463632
0.668965 -0.580975 -0.463632
0.668965 -0.463632 0.580975
0.668965 -0.463632 0.580975
0.668965 0.463632 -0.580975
0.668965 0.463632 -0.580975
0.668965 0.580975 0.463632
0.668965 0.580975 0.463632
-0.707107 0.44106 -0.55269
-0.707107 0.55269 0.44106
-0.707107 -0.44106 0.55269
-0.707107 -0.55269 -0.44106
BONE = 3
BONE_NAME = Bone_Claw_L
PARENT_ID = 1
LOCALTM 
MAT 1.0 0.0 0.0 0.0
MAT 0.0 0.623753 -0.781621 0.0
MAT 0.0 0.781622 0.623753 0.0
MAT 0.102704 -0.186405 -0.208844 1.0
WORLDTM 
MAT 0.85168 0.0 0.0 0.0
MAT 0.0 0.531238 -0.665691 0.0
MAT 0.0 0.665691 0.531238 0.0
MAT 0.0251165 0.517019 -0.395681 1.0
VERTEX = 9
0.0327593 0.650965 -0.333334
0.0322569 0.643831 -0.328708
0.026058 0.640968 -0.333798
0.0265603 0.648101 -0.338424
0.0268344 0.6483 -0.331031
0.0267841 0.647586 -0.330569
0.0261642 0.6473 -0.331078
0.0262145 0.648013 -0.33154
0.0264993 0.6478 -0.331054
INDEX = 14
4 5 7
6 7 5
1 2 5
6 5 2
0 1 4
5 4 1
7 6 3
2 3 6
4 7 0
3 0 7
8 1 0
8 2 1
8 3 2
8 0 3
FACE-NORMAL = 14
0.683193 -0.430542 -0.589814
0.683193 -0.430542 -0.589814
0.500876 0.334565 -0.798241
0.500876 0.334565 -0.798241
-0.0839762 -0.537946 -0.838786
-0.0839761 -0.537946 -0.838786
0.99804 -0.0380891 0.0496557
0.99804 -0.038089 0.0496558
0.413188 -0.9106 0.00911093
0.413187 -0.9106 0.00911105
0.0315787 0.5422 0.839656
-0.5248 -0.287833 0.801085
-0.997759 0.0666786 -0.00553217
-0.44138 0.896712 0.0330387
BONE = 4
BONE_NAME = Bone01
PARENT_ID = 1
LOCALTM 
MAT 0.683192 -0.430542 -0.589814 0.0
MAT 0.727852 0.336244 0.597638 0.0
MAT -0.0589865 -0.8376 0.543091 0.0
MAT 0.104328 -0.0328496 -0.132962 1.0
WORLDTM 
MAT 0.581861 -0.366684 -0.502333 0.0
MAT 0.619897 0.286373 0.508996 0.0
MAT -0.0502377 -0.713367 0.462539 0.0
MAT 0.0264993 0.6478 -0.331054 1.0
VERTEX = 9
0.327638 0.463529 -0.582417
0.330645 0.462786 -0.590351
0.323054 0.4651 -0.593444
0.320047 0.465843 -0.585511
0.324363 0.460155 -0.587457
0.324663 0.46008 -0.58825
0.323904 0.460312 -0.58856
0.323604 0.460386 -0.587766
0.324134 0.460233 -0.588008
INDEX = 14
4 5 7
6 7 5
1 2 5
6 5 2
0 1 4
5 4 1
7 6 3
2 3 6
4 7 0
3 0 7
8 1 0
8 2 1
8 3 2
8 0 3
FACE-NORMAL = 14
0.284721 0.958438 0.0181555
0.284721 0.958438 0.0181555
-0.0719782 0.70601 0.704534
-0.0719781 0.70601 0.704534
-0.471966 0.843064 -0.257857
-0.471966 0.843064 -0.257857
0.852903 0.439259 0.282148
0.852903 0.439259 0.282148
0.452915 0.576313 -0.680244
0.452915 0.576313 -0.680244
0.428856 -0.869791 0.24402
0.0483411 -0.73941 -0.671518
-0.831513 -0.485645 -0.269696
-0.450998 -0.616027 0.645842
BONE = 5
BONE_NAME = Bone02
PARENT_ID = 4
LOCALTM 
MAT -0.228837 0.540355 -0.809722 0.0
MAT 0.51157 0.77443 0.372228 0.0
MAT 0.828209 -0.32905 -0.453648 0.0
MAT 0.511521 0.0 1.19209e-007 1.0
WORLDTM 
MAT 0.242491 0.816282 0.0154626 0.0
MAT 0.75903 -0.231344 0.309374 0.0
MAT 0.300716 -0.0743048 -0.793352 0.0
MAT 0.324134 0.460233 -0.588008 1.0
VERTEX = 9
0.536115 1.15568 -0.579874
0.535688 1.15315 -0.571756
0.527184 1.15308 -0.572222
0.527611 1.15562 -0.58034
0.531998 1.15858 -0.575165
0.531955 1.15833 -0.574353
0.531105 1.15832 -0.574399
0.531147 1.15857 -0.575211
0.531551 1.15845 -0.574782
INDEX = 14
4 5 7
6 7 5
1 2 5
6 5 2
0 1 4
5 4 1
7 6 3
2 3 6
4 7 0
3 0 7
8 1 0
8 2 1
8 3 2
8 0 3
FACE-NORMAL = 14
0.0230797 -0.954482 -0.297373
0.0230797 -0.954482 -0.297373
0.0526781 -0.416877 -0.907435
0.052678 -0.416877 -0.907435
-0.726723 -0.643793 -0.239591
-0.726723 -0.643793 -0.239591
0.757602 -0.633237 -0.158273
0.757602 -0.633237 -0.158273
-0.021799 -0.860153 0.50957
-0.021799 -0.860153 0.50957
0.68971 0.679942 0.248954
-0.0517454 0.464074 0.884284
-0.72235 0.6699 0.171595
0.0191057 0.885768 -0.463734
BONE = 6
BONE_NAME = Bone03
PARENT_ID = 5
LOCALTM 
MAT -0.91364 0.171816 0.36843 0.0
MAT 0.292087 0.907799 0.300974 0.0
MAT -0.282749 0.382596 -0.879587 0.0
MAT 0.855361 1.3411e-007 0.0 1.0
WORLDTM 
MAT 0.0196565 -0.812913 -0.253266 0.0
MAT 0.850383 0.00604792 0.0465877 0.0
MAT -0.0426686 -0.253957 0.811815 0.0
MAT 0.531551 1.15845 -0.574782 1.0
VERTEX = 9
0.488028 1.06749 -0.567336
0.480595 1.06648 -0.560724
0.480049 1.05672 -0.562833
0.487483 1.05773 -0.569445
0.481104 1.06361 -0.56891
0.480361 1.06351 -0.568248
0.480306 1.06253 -0.568459
0.48105 1.06263 -0.56912
0.480705 1.06307 -0.568684
INDEX = 14
4 5 7
6 7 5
1 2 5
6 5 2
0 1 4
5 4 1
7 6 3
2 3 6
4 7 0
3 0 7
8 1 0
8 2 1
8 3 2
8 0 3
FACE-NORMAL = 14
0.666665 -0.19284 0.719979
0.666665 -0.19284 0.719979
0.99851 -0.0536722 -0.00980384
0.99851 -0.0536723 -0.00980369
0.405442 -0.854445 0.32487
0.405442 -0.854445 0.32487
0.486509 0.596439 0.638412
0.486509 0.596439 0.638412
-0.106558 -0.204334 0.973084
-0.106558 -0.204334 0.973084
-0.432844 0.826482 -0.359963
-0.997038 0.0646951 -0.0415837
-0.509964 -0.553765 -0.658241
0.05423 0.208022 -0.97662
BONE = 7
BONE_NAME = Unit_Protoss_Stalker_Leg1_02
PARENT_ID = 6
LOCALTM 
MAT -0.0172059 0.826209 0.834094 0.0
MAT -1.16595 0.0856153 -0.108857 0.0
MAT -0.137419 -0.829866 0.819187 0.0
MAT 0.103386 -0.0600137 0.0432088 1.0
WORLDTM 
MAT 0.666666 -0.19284 0.719979 0.0
MAT 0.0545319 0.975982 0.210914 0.0
MAT -0.743358 -0.101348 0.661171 0.0
MAT 0.480705 1.06307 -0.568684 1.0
VERTEX = 9
0.626293 0.0776222 -0.957739
0.63438 0.0800257 -0.965905
0.634528 0.0687239 -0.969085
0.626441 0.0663204 -0.960919
0.634254 0.0725744 -0.958938
0.635063 0.0728147 -0.959754
0.635078 0.0716846 -0.960072
0.634269 0.0714442 -0.959256
0.634666 0.0721295 -0.959505
INDEX = 14
4 5 7
6 7 5
1 2 5
6 5 2
0 1 4
5 4 1
7 6 3
2 3 6
4 7 0
3 0 7
8 1 0
8 2 1
8 3 2
8 0 3
FACE-NORMAL = 14
-0.724877 0.177752 -0.66555
-0.724877 0.177752 -0.66555
-0.99687 -0.0332416 0.0717238
-0.99687 -0.0332415 0.0717236
-0.475542 -0.596549 -0.646521
-0.475542 -0.596549 -0.646521
-0.494292 0.834367 -0.243939
-0.494292 0.834367 -0.243939
0.0270349 0.271061 -0.962182
0.0270351 0.271061 -0.962182
0.503647 0.554937 0.662106
0.999594 0.0190542 -0.0211703
0.521484 -0.806315 0.279124
0.0255376 -0.270434 0.9624
BONE = 8
BONE_NAME = HitTestFuzzy02
PARENT_ID = 6
LOCALTM 
MAT 0.0158901 -1.04627 -0.897604 0.0
MAT -1.37802 0.0124832 -0.0389481 0.0
MAT 0.0376854 0.897657 -1.04566 0.0
MAT 1.35457 0.0871205 -0.0563115 1.0
WORLDTM 
MAT -0.851115 0.208708 -0.781456 0.0
MAT -0.0148098 1.13018 0.317969 0.0
MAT 0.80871 0.240347 -0.81661 0.0
MAT 0.634666 0.0721295 -0.959505 1.0
VERTEX = 9
-0.0581037 0.780095 0.0654433
-0.0580977 0.78709 0.0703015
-0.0580891 0.782232 0.0772968
-0.0580951 0.775236 0.0724385
-0.0623556 0.781056 0.0707826
-0.062355 0.781756 0.0712684
-0.0623541 0.78127 0.071968
-0.0623547 0.78057 0.0714821
-0.0623548 0.781163 0.0713753
INDEX = 14
4 5 7
6 7 5
1 2 5
6 5 2
0 1 4
5 4 1
7 6 3
2 3 6
4 7 0
3 0 7
8 1 0
8 2 1
8 3 2
8 0 3
FACE-NORMAL = 14
0.999999 0.0 -0.00123072
0.999999 0.0 -0.00123072
0.668442 -0.610502 -0.424821
0.668442 -0.610502 -0.42482
0.669716 -0.423998 0.609678
0.669716 -0.423998 0.609678
0.668213 0.423997 -0.611324
0.668213 0.423998 -0.611325
0.669486 0.610502 0.423174
0.669486 0.610502 0.423174
-0.707821 0.403355 -0.579909
-0.70661 0.580779 0.404225
-0.706392 -0.403355 0.581649
-0.707603 -0.580779 -0.402485
BONE = 9
BONE_NAME = Bone_Shell
PARENT_ID = 1
LOCALTM 
MAT 0.999999 0.0 -0.00123072 0.0
MAT -0.00101084 0.57043 -0.821345 0.0
MAT 0.000702038 0.821346 0.57043 0.0
MAT 0.0 0.123739 0.33955 1.0
WORLDTM 
MAT 0.851679 0.0 -0.00104818 0.0
MAT -0.000860887 0.485824 -0.699523 0.0
MAT 0.000597953 0.699524 0.485824 0.0
MAT -0.0623548 0.781163 0.0713753 1.0
VERTEX = 9
-0.155059 0.641188 -0.331674
-0.153881 0.648399 -0.338501
-0.143951 0.647537 -0.337697
-0.145129 0.640326 -0.33087
-0.150056 0.647482 -0.330753
-0.149938 0.648203 -0.331436
-0.148945 0.648117 -0.331356
-0.149063 0.647396 -0.330673
-0.149501 0.6478 -0.331054
INDEX = 14
4 5 7
6 7 5
1 2 5
6 5 2
0 1 4
5 4 1
7 6 3
2 3 6
4 7 0
3 0 7
8 1 0
8 2 1
8 3 2
8 0 3
FACE-NORMAL = 14
-0.000865225 -0.68743 -0.72625
-0.000865225 -0.68743 -0.72625
-0.0881777 -0.99587 0.0216214
-0.0881777 -0.99587 0.0216213
0.737535 -0.523924 -0.426081
0.737535 -0.523924 -0.426081
-0.738693 -0.395809 -0.54559
-0.738693 -0.395809 -0.54559
0.08702 0.0761369 -0.993293
0.0870201 0.0761372 -0.993293
-0.701567 0.547026 0.456691
0.0839459 0.995995 0.0307848
0.702791 0.425147 0.570382
-0.0827223 -0.0238217 0.996288
BONE = 10
BONE_NAME = Bone01(mirrored)
PARENT_ID = 1
LOCALTM 
MAT -0.00101585 -0.807146 -0.852726 0.0
MAT -1.16597 0.101189 -0.0943913 0.0
MAT 0.138376 0.846702 -0.801608 0.0
MAT -0.102322 -0.0328495 -0.132962 1.0
WORLDTM 
MAT -0.000865224 -0.68743 -0.72625 0.0
MAT -0.993031 0.0861809 -0.0803912 0.0
MAT 0.117852 0.721119 -0.682714 0.0
MAT -0.149501 0.6478 -0.331054 1.0
VERTEX = 9
-0.154453 0.346887 -0.654659
-0.158012 0.35106 -0.646297
-0.149845 0.356799 -0.645685
-0.146286 0.352626 -0.654046
-0.150108 0.347824 -0.647895
-0.150464 0.348241 -0.647059
-0.149647 0.348815 -0.646998
-0.149291 0.348398 -0.647834
-0.149878 0.34832 -0.647447
INDEX = 14
4 5 7
6 7 5
1 2 5
6 5 2
0 1 4
5 4 1
7 6 3
2 3 6
4 7 0
3 0 7
8 1 0
8 2 1
8 3 2
8 0 3
FACE-NORMAL = 14
-0.454278 0.704655 -0.545062
-0.454278 0.704655 -0.545062
-0.0393237 0.161207 -0.986137
-0.0393237 0.161207 -0.986137
0.303123 0.897936 -0.319104
0.303123 0.897936 -0.319104
-0.910915 0.0448434 -0.41015
-0.910915 0.0448432 -0.41015
-0.568468 0.781572 0.256883
-0.568468 0.781572 0.256883
-0.256243 -0.904047 0.34211
0.0695315 -0.203185 0.976668
0.898689 -0.0924867 0.428724
0.572915 -0.793348 -0.205835
BONE = 11
BONE_NAME = Bone02(mirrored)
PARENT_ID = 10
LOCALTM 
MAT -0.0881571 0.555658 0.826724 0.0
MAT 0.439674 0.766437 -0.468253 0.0
MAT -0.893821 0.32221 -0.311875 0.0
MAT 0.435652 0.0 0.0 1.0
WORLDTM 
MAT -0.454278 0.704655 -0.545062 0.0
MAT -0.816661 -0.573859 -0.0612454 0.0
MAT -0.355946 0.417308 0.836156 0.0
MAT -0.149878 0.34832 -0.647447 1.0
VERTEX = 9
-0.485933 0.854674 -1.04426
-0.48636 0.861891 -1.05117
-0.476393 0.861718 -1.05197
-0.475966 0.854502 -1.04506
-0.481293 0.861305 -1.04414
-0.481336 0.862026 -1.04483
-0.480339 0.862009 -1.04491
-0.480297 0.861287 -1.04421
-0.480816 0.861657 -1.04452
INDEX = 14
4 5 7
6 7 5
1 2 5
6 5 2
0 1 4
5 4 1
7 6 3
2 3 6
4 7 0
3 0 7
8 1 0
8 2 1
8 3 2
8 0 3
FACE-NORMAL = 14
-0.0693288 -0.692065 -0.718498
-0.0693288 -0.692065 -0.718498
-0.014642 -0.99935 0.0329376
-0.014642 -0.99935 0.0329375
0.694447 -0.475771 -0.539801
0.694447 -0.475771 -0.539801
-0.787205 -0.450163 -0.421499
-0.787205 -0.450163 -0.421499
-0.0781151 0.073416 -0.994237
-0.0781151 0.0734162 -0.994237
-0.655736 0.501545 0.564326
0.0188314 0.999633 0.0194714
0.753782 0.477183 0.451784
0.0792143 -0.0209056 0.996638
BONE = 12
BONE_NAME = Bone03(mirrored)
PARENT_ID = 11
LOCALTM 
MAT -0.0645469 0.497771 -0.864904 0.0
MAT 0.421533 0.799189 0.428493 0.0
MAT 0.904513 -0.336927 -0.261412 0.0
MAT 0.728494 -1.49012e-007 3.27826e-007 1.0
WORLDTM 
MAT -0.0693288 -0.692065 -0.718498 0.0
MAT -0.99668 0.0172268 0.0795793 0.0
MAT -0.0426971 0.721629 -0.690961 0.0
MAT -0.480816 0.861657 -1.04452 1.0
VERTEX = 9
-0.510337 0.137988 -1.93564
-0.504705 0.14522 -1.94298
-0.505435 0.137158 -1.95148
-0.511067 0.129926 -1.94415
-0.502993 0.135346 -1.94106
-0.502429 0.13607 -1.9418
-0.502502 0.135263 -1.94265
-0.503066 0.13454 -1.94191
-0.502747 0.135305 -1.94185
INDEX = 14
4 5 7
6 7 5
1 2 5
6 5 2
0 1 4
5 4 1
7 6 3
2 3 6
4 7 0
3 0 7
8 1 0
8 2 1
8 3 2
8 0 3
FACE-NORMAL = 14
-0.875245 0.386328 -0.291029
-0.875245 0.386328 -0.291029
-0.942042 -0.199381 0.269822
-0.942042 -0.199381 0.269821
-0.631721 -0.251881 -0.733133
-0.631721 -0.251881 -0.733133
-0.539295 0.76876 0.343757
-0.539295 0.76876 0.343757
-0.228973 0.716261 -0.659198
-0.228973 0.716261 -0.659198
0.662855 0.212301 0.718019
0.958068 0.162357 -0.236106
0.574928 -0.758651 -0.306442
0.279715 -0.708707 0.647684
BONE = 13
BONE_NAME = HitTestFuzzy01
PARENT_ID = 12
LOCALTM 
MAT 0.00284177 1.00488 0.607324 0.0
MAT -1.17408 0.00881454 -0.0090912 0.0
MAT -0.0123386 -0.607267 1.00484 0.0
MAT 1.14894 -0.0620625 0.0968019 1.0
WORLDTM 
MAT -1.02767 0.453607 -0.341712 0.0
MAT 0.0730006 0.806132 0.850559 0.0
MAT 0.563203 0.7232 -0.733766 0.0
MAT -0.502747 0.135305 -1.94185 1.0
VERTEX = 9
0.0505213 0.645734 -0.17663
0.0483867 0.652862 -0.169948
0.0420752 0.646635 -0.165322
0.0442098 0.639508 -0.172004
0.042992 0.647755 -0.174455
0.0427786 0.648467 -0.173787
0.0421474 0.647845 -0.173324
0.0423609 0.647132 -0.173993
0.0425697 0.6478 -0.17389
INDEX = 14
4 5 7
6 7 5
1 2 5
6 5 2
0 1 4
5 4 1
7 6 3
2 3 6
4 7 0
3 0 7
8 1 0
8 2 1
8 3 2
8 0 3
FACE-NORMAL = 14
0.74571 -0.322975 0.582755
0.74571 -0.322975 0.582755
0.657517 -0.745832 -0.106798
0.657517 -0.745832 -0.106798
0.0297234 -0.67887 0.733656
0.0297236 -0.67887 0.733656
0.967985 0.246753 0.0460288
0.967985 0.246753 0.0460287
0.340191 0.313715 0.886483
0.340191 0.313715 0.886483
-0.081006 0.668657 -0.739145
-0.678235 0.732359 0.060392
-0.973588 -0.211902 -0.0849948
-0.376359 -0.275604 -0.884532
BONE = 14
BONE_NAME = Bone01(mirrored)~DUP~1
PARENT_ID = 1
LOCALTM 
MAT 0.875576 -0.379221 0.684242 0.0
MAT 0.741066 0.731084 -0.543108 0.0
MAT -0.250633 0.836861 0.784522 0.0
MAT 0.123197 -0.0328496 0.0515723 1.0
WORLDTM 
MAT 0.74571 -0.322975 0.582755 0.0
MAT 0.631151 0.62265 -0.462554 0.0
MAT -0.213459 0.712737 0.668162 0.0
MAT 0.0425697 0.6478 -0.17389 1.0
VERTEX = 9
0.384611 0.505717 0.0913501
0.380463 0.509393 0.0830268
0.371484 0.509222 0.087426
0.375632 0.505545 0.0957492
0.377966 0.502645 0.0878981
0.377552 0.503013 0.0870658
0.376654 0.502995 0.0875057
0.377069 0.502628 0.088338
0.37731 0.50282 0.0877019
INDEX = 14
4 5 7
6 7 5
1 2 5
6 5 2
0 1 4
5 4 1
7 6 3
2 3 6
4 7 0
3 0 7
8 1 0
8 2 1
8 3 2
8 0 3
FACE-NORMAL = 14
0.147459 0.929805 0.337221
0.147459 0.929805 0.337221
0.406975 0.348733 0.844249
0.406975 0.348733 0.844249
-0.568742 0.609259 0.552573
-0.568742 0.609259 0.552573
0.766032 0.634755 -0.101394
0.766032 0.634755 -0.101395
-0.209685 0.895281 -0.393071
-0.209685 0.895281 -0.393071
0.530626 -0.645344 -0.549516
-0.397589 -0.397502 -0.826992
-0.739165 -0.669599 0.0726129
0.18905 -0.917441 0.350089
BONE = 15
BONE_NAME = Bone02(mirrored)~DUP~2
PARENT_ID = 14
LOCALTM 
MAT 0.00617585 0.516029 0.856549 0.0
MAT 0.407657 0.780858 -0.473368 0.0
MAT -0.913115 0.352101 -0.20554 0.0
MAT 0.448888 0.0 0.0 1.0
WORLDTM 
MAT 0.147459 0.929805 0.337221 0.0
MAT 0.897877 0.0171511 -0.439912 0.0
MAT -0.414816 0.367653 -0.832322 0.0
MAT 0.37731 0.50282 0.0877019 1.0
VERTEX = 9
0.491834 1.18211 0.330668
0.491827 1.18279 0.340645
0.482226 1.18 0.34083
0.482232 1.17932 0.330853
0.486112 1.18595 0.334913
0.486112 1.18602 0.33591
0.485151 1.18574 0.335929
0.485152 1.18567 0.334931
0.485632 1.18584 0.335421
INDEX = 14
4 5 7
6 7 5
1 2 5
6 5 2
0 1 4
5 4 1
7 6 3
2 3 6
4 7 0
3 0 7
8 1 0
8 2 1
8 3 2
8 0 3
FACE-NORMAL = 14
0.279623 -0.95786 0.0656937
0.279623 -0.95786 0.0656937
0.187512 -0.691501 -0.697614
0.187512 -0.691501 -0.697614
-0.526587 -0.848161 0.0576956
-0.526586 -0.848162 0.0576956
0.900701 -0.433388 0.030198
0.900702 -0.433388 0.030198
0.186603 -0.590048 0.785508
0.186603 -0.590048 0.785508
0.481177 0.8746 -0.0595319
-0.198156 0.725566 0.659006
-0.876623 0.480019 -0.0333731
-0.197291 0.629053 -0.75191
BONE = 16
BONE_NAME = Bone03(mirrored)~DUP~3
PARENT_ID = 15
LOCALTM 
MAT -0.827237 0.205739 -0.522829 0.0
MAT 0.394765 0.874983 -0.280294 0.0
MAT 0.3998 -0.438265 -0.805037 0.0
MAT 0.734588 -1.78814e-007 0.0 1.0
WORLDTM 
MAT 0.279623 -0.95786 0.0656937 0.0
MAT 0.96011 0.27901 -0.0184971 0.0
MAT -0.000611544 0.0682452 0.997669 0.0
MAT 0.485632 1.18584 0.335421 1.0
VERTEX = 9
0.773478 0.0354537 0.470326
0.780368 0.0359603 0.460832
0.783289 0.0246898 0.462351
0.776399 0.0241832 0.471845
0.782416 0.0322364 0.470107
0.783105 0.0322871 0.469158
0.783398 0.03116 0.469309
0.782709 0.0311094 0.470259
0.782907 0.0316982 0.469708
INDEX = 14
4 5 7
6 7 5
1 2 5
6 5 2
0 1 4
5 4 1
7 6 3
2 3 6
4 7 0
3 0 7
8 1 0
8 2 1
8 3 2
8 0 3
FACE-NORMAL = 14
-0.77057 -0.277051 -0.573989
-0.77057 -0.277051 -0.573989
-0.951645 -0.217408 0.217038
-0.951645 -0.217408 0.217038
-0.330563 -0.898816 -0.287852
-0.330563 -0.898815 -0.287852
-0.700406 0.528139 -0.480105
-0.700406 0.528139 -0.480105
-0.0793241 -0.153267 -0.984996
-0.0793239 -0.153267 -0.984996
0.368957 0.874647 0.314425
0.959801 0.226414 -0.165885
0.720794 -0.482836 0.497318
0.12995 0.165395 0.977628
BONE = 17
BONE_NAME = HitTestFuzzy03
PARENT_ID = 16
LOCALTM 
MAT 0.0143252 -0.946969 -0.694024 0.0
MAT -1.17121 0.0368067 -0.0743983 0.0
MAT 0.0817598 0.693197 -0.944152 0.0
MAT 1.19746 -0.0390863 0.0550275 1.0
WORLDTM 
MAT -0.904765 -0.3253 -0.673949 0.0
MAT -0.292114 1.12705 -0.151847 0.0
MAT 0.688985 0.0506609 -0.949402 0.0
MAT 0.782907 0.0316982 0.469708 1.0
VERTEX = 9
-0.16905 0.649869 -0.167634
-0.169988 0.642144 -0.173914
-0.160366 0.639821 -0.172494
-0.159427 0.647546 -0.166214
-0.163864 0.648302 -0.173647
-0.163958 0.64753 -0.174275
-0.162996 0.647297 -0.174133
-0.162902 0.64807 -0.173505
-0.16343 0.6478 -0.17389
INDEX = 14
4 5 7
6 7 5
1 2 5
6 5 2
0 1 4
5 4 1
7 6 3
2 3 6
4 7 0
3 0 7
8 1 0
8 2 1
8 3 2
8 0 3
FACE-NORMAL = 14
-0.255502 -0.590966 0.765166
-0.255502 -0.590966 0.765166
-0.101155 0.178885 0.978656
-0.101155 0.178885 0.978656
0.544307 -0.567983 0.617353
0.544307 -0.567983 0.617353
-0.88615 -0.222687 0.406385
-0.88615 -0.222687 0.406385
-0.240689 -0.969555 0.0450818
-0.240689 -0.969555 0.0450816
-0.499741 0.582119 -0.641403
0.114297 -0.128388 -0.985116
0.861075 0.253633 -0.440705
0.247037 0.96414 -0.0969922
BONE = 18
BONE_NAME = Bone01(mirrored)(mirrored)
PARENT_ID = 1
LOCALTM 
MAT -0.299997 -0.693882 0.898419 0.0
MAT -1.12982 0.272725 -0.166629 0.0
MAT -0.110208 -0.90707 -0.737364 0.0
MAT -0.118678 -0.0328494 0.0515723 1.0
WORLDTM 
MAT -0.255502 -0.590965 0.765166 0.0
MAT -0.962242 0.232274 -0.141915 0.0
MAT -0.0938619 -0.772534 -0.627998 0.0
MAT -0.16343 0.6478 -0.17389 1.0
VERTEX = 9
-0.285312 0.386699 0.167165
-0.284178 0.381628 0.175709
-0.275212 0.385856 0.177028
-0.276347 0.390928 0.168484
-0.278627 0.382565 0.16909
-0.278513 0.382058 0.169945
-0.277617 0.382481 0.170077
-0.27773 0.382988 0.169222
-0.278122 0.382523 0.169584
INDEX = 14
4 5 7
6 7 5
1 2 5
6 5 2
0 1 4
5 4 1
7 6 3
2 3 6
4 7 0
3 0 7
8 1 0
8 2 1
8 3 2
8 0 3
FACE-NORMAL = 14
-0.428139 0.75104 0.502629
-0.428139 0.75104 0.502629
-0.370732 0.879357 -0.298813
-0.370732 0.879357 -0.298813
0.380001 0.816693 0.434295
0.380001 0.816693 0.434295
-0.952821 0.188145 0.238188
-0.952821 0.188145 0.238188
-0.202089 0.125481 0.971295
-0.202088 0.125481 0.971295
-0.331227 -0.830039 -0.448692
0.382957 -0.889652 0.248724
0.936707 -0.232092 -0.262133
0.222524 -0.172478 -0.959549
BONE = 19
BONE_NAME = Bone02(mirrored)(mirrored)
PARENT_ID = 18
LOCALTM 
MAT 0.0501465 0.51509 -0.855668 0.0
MAT 0.378003 0.783224 0.493634 0.0
MAT 0.924445 -0.348199 -0.155429 0.0
MAT 0.448888 0.0 0.0 1.0
WORLDTM 
MAT -0.428139 0.75104 0.502629 0.0
MAT -0.896564 -0.422812 -0.131917 0.0
MAT 0.113443 -0.507118 0.854378 0.0
MAT -0.278122 0.382523 0.169584 1.0
VERTEX = 9
-0.598252 0.934612 0.545383
-0.59866 0.928096 0.537809
-0.588839 0.926441 0.538703
-0.588431 0.932958 0.546277
-0.593099 0.934636 0.539143
-0.593139 0.933985 0.538386
-0.592157 0.933819 0.538475
-0.592116 0.934471 0.539233
-0.592628 0.934228 0.538809
INDEX = 14
4 5 7
6 7 5
1 2 5
6 5 2
0 1 4
5 4 1
7 6 3
2 3 6
4 7 0
3 0 7
8 1 0
8 2 1
8 3 2
8 0 3
FACE-NORMAL = 14
-0.183552 -0.74028 0.646756
-0.183552 -0.74028 0.646756
-0.0924617 -0.0108691 0.995657
-0.0924617 -0.0108692 0.995657
0.607246 -0.618176 0.49911
0.607246 -0.618176 0.49911
-0.852826 -0.372267 0.366204
-0.852826 -0.372267 0.366204
-0.153118 -0.979574 -0.130343
-0.153118 -0.979574 -0.130343
-0.564703 0.640426 -0.520543
0.100939 0.0626856 -0.992916
0.824285 0.406489 -0.394108
0.158643 0.984229 0.0782648
BONE = 20
BONE_NAME = Bone03(mirrored)(mirrored)
PARENT_ID = 19
LOCALTM 
MAT -0.152315 0.392248 0.907161 0.0
MAT 0.499802 0.822425 -0.271691 0.0
MAT -0.852642 0.412018 -0.321315 0.0
MAT 0.734589 -1.19209e-007 0.0 1.0
WORLDTM 
MAT -0.183552 -0.74028 0.646756 0.0
MAT -0.982163 0.165419 -0.0894035 0.0
MAT -0.0408024 -0.651629 -0.757439 0.0
MAT -0.592628 0.934228 0.538809 1.0
VERTEX = 9
-0.811958 0.0711341 1.33748
-0.805089 0.0641592 1.331
-0.807156 0.0552643 1.33838
-0.814025 0.0622393 1.34486
-0.805149 0.0655813 1.3411
-0.804463 0.0648838 1.34045
-0.804669 0.0639943 1.34119
-0.805356 0.0646918 1.34184
-0.804909 0.0647878 1.34115
INDEX = 14
4 5 7
6 7 5
1 2 5
6 5 2
0 1 4
5 4 1
7 6 3
2 3 6
4 7 0
3 0 7
8 1 0
8 2 1
8 3 2
8 0 3
FACE-NORMAL = 14
-0.791661 -0.270589 -0.547772
-0.791661 -0.270589 -0.547772
-0.964465 0.260534 0.0439342
-0.964465 0.260534 0.043934
-0.660419 -0.744102 0.10079
-0.660419 -0.744102 0.10079
-0.398768 0.382072 -0.83367
-0.398768 0.382072 -0.83367
-0.0947215 -0.622564 -0.776815
-0.0947214 -0.622564 -0.776815
0.684246 0.727009 -0.0571499
0.973488 -0.228716 -0.00306192
0.435333 -0.344337 0.831816
0.146089 0.611388 0.777729
BONE = 21
BONE_NAME = HitTestFuzzy04
PARENT_ID = 20
LOCALTM 
MAT -0.0101576 0.917894 0.732117 0.0
MAT -1.17375 0.0101492 -0.0290088 0.0
MAT -0.0290079 -0.732119 0.917491 0.0
MAT 1.20151 -0.00705796 -0.0325058 1.0
WORLDTM 
MAT -0.929529 -0.317713 -0.643166 0.0
MAT 0.20666 0.889485 -0.738064 0.0
MAT 0.686949 -0.697496 -0.64825 0.0
MAT -0.804909 0.0647878 1.34115 1.0
VERTEX = 9
-0.069703 0.809152 -0.238271
-0.069703 0.823849 -0.238277
-0.0550062 0.823849 -0.238277
-0.0550062 0.809152 -0.238271
-0.0630895 0.815768 -0.230925
-0.0630895 0.817238 -0.230926
-0.0616198 0.817238 -0.230926
-0.0616198 0.815768 -0.230925
-0.0623546 0.816503 -0.230926
INDEX = 14
4 5 7
6 7 5
1 2 5
6 5 2
0 1 4
5 4 1
7 6 3
2 3 6
4 7 0
3 0 7
8 1 0
8 2 1
8 3 2
8 0 3
FACE-NORMAL = 14
-1.62942e-007 -0.00036633 -1.0
-1.62942e-007 -0.00036633 -1.0
2.33658e-007 -0.743539 -0.668692
2.33658e-007 -0.743539 -0.668693
0.743294 -0.000244719 -0.668965
0.743294 -0.000244719 -0.668965
-0.743294 -0.000245405 -0.668965
-0.743294 -0.000245405 -0.668965
-4.51664e-007 0.743049 -0.669237
-4.51664e-007 0.743049 -0.669237
-0.707107 0.000258709 0.707107
-2.10761e-007 0.707366 0.706848
0.707107 0.00025936 0.707107
4.41196e-007 -0.706848 0.707366
BONE = 22
BONE_NAME = Bone_Spine_A02
PARENT_ID = 1
LOCALTM 
MAT -2.8114e-007 -0.000632149 -1.72563 0.0
MAT -1.72563 -8.98271e-007 2.81469e-007 0.0
MAT -8.98375e-007 1.72563 -0.000632149 0.0
MAT 2.38419e-007 0.165233 -0.0153962 1.0
WORLDTM 
MAT -2.39473e-007 -0.000538388 -1.46968 0.0
MAT -1.46968 -6.7744e-007 2.39722e-007 0.0
MAT -6.77528e-007 1.46968 -0.000538388 0.0
MAT -0.0623546 0.816503 -0.230926 1.0
VERTEX = 9
-0.0611856 1.17731 -0.170327
-0.0611856 1.17731 -0.160327
-0.0611856 1.16731 -0.160327
-0.0611856 1.16731 -0.170327
-0.0661856 1.17281 -0.165827
-0.0661856 1.17281 -0.164827
-0.0661856 1.17181 -0.164827
-0.0661856 1.17181 -0.165827
-0.0661856 1.17231 -0.165327
INDEX = 14
4 5 7
6 7 5
1 2 5
6 5 2
0 1 4
5 4 1
7 6 3
2 3 6
4 7 0
3 0 7
8 1 0
8 2 1
8 3 2
8 0 3
FACE-NORMAL = 14
1.0 8.51432e-007 -5.53757e-007
1.0 8.51432e-007 -5.53757e-007
0.668964 2.1518e-007 -0.743295
0.668964 2.15181e-007 -0.743294
0.668965 -0.743294 0.0
0.668966 -0.743293 0.0
0.668964 0.743295 -7.24874e-007
0.668964 0.743295 -7.24874e-007
0.668965 9.23976e-007 0.743294
0.668965 9.23976e-007 0.743294
-0.707107 0.707106 0.0
-0.707106 -2.6491e-007 0.707107
-0.707106 -0.707107 7.2874e-007
-0.707107 -9.39198e-007 -0.707106
BONE = 23
BONE_NAME = Bone_Spine_A03
PARENT_ID = 22
LOCALTM 
MAT 2.65706e-007 -0.68042 2.65794e-007 0.0
MAT -0.000248934 2.65696e-007 0.68042 0.0
MAT -0.68042 -2.65786e-007 -0.000248934 0.0
MAT -0.044723 0.00260657 0.242084 1.0
WORLDTM 
MAT 1.0 8.51433e-007 -5.53757e-007 0.0
MAT -8.51432e-007 1.0 -4.76837e-007 0.0
MAT 5.53732e-007 4.76794e-007 1.0 0.0
MAT -0.0661856 1.17231 -0.165327 1.0
VERTEX = 9
-0.0408641 1.31503 -0.562216
-0.0408641 1.31547 -0.55371
-0.0408641 1.30696 -0.55327
-0.0408641 1.30652 -0.561775
-0.0451225 1.3114 -0.55819
-0.0451225 1.31144 -0.557339
-0.0451225 1.31059 -0.557295
-0.0451225 1.31055 -0.558146
-0.0451225 1.311 -0.557743
INDEX = 14
4 5 7
6 7 5
1 2 5
6 5 2
0 1 4
5 4 1
7 6 3
2 3 6
4 7 0
3 0 7
8 1 0
8 2 1
8 3 2
8 0 3
FACE-NORMAL = 14
1.0 1.32827e-006 -5.16825e-007
1.0 1.32827e-006 -5.16825e-007
0.668964 -0.0384317 -0.7423
0.668965 -0.0384317 -0.7423
0.668966 -0.742299 0.0384322
0.668966 -0.742299 0.0384322
0.668964 0.742301 -0.0384329
0.668964 0.742301 -0.0384329
0.668965 0.0384334 0.742299
0.668965 0.0384334 0.7423
-0.707108 0.70616 -0.0365611
-0.707106 0.0365605 0.706161
-0.707106 -0.706162 0.0365618
-0.707107 -0.0365624 -0.706161
BONE = 24
BONE_NAME = Bone_Head
PARENT_ID = 23
LOCALTM 
MAT 0.85168 4.06113e-007 0.0 0.0
MAT -4.03943e-007 0.85054 -0.0440363 0.0
MAT 0.0 0.0440363 0.85054 0.0
MAT 0.0210634 0.138684 -0.392415 1.0
WORLDTM 
MAT 0.85168 1.13126e-006 -4.4017e-007 0.0
MAT -1.1525e-006 0.85054 -0.0440367 0.0
MAT 3.81067e-007 0.0440367 0.85054 0.0
MAT -0.0451225 1.311 -0.557743 1.0
VERTEX = 9
-0.0581947 1.32823 -0.670434
-0.0581947 1.32774 -0.661931
-0.0581947 1.31924 -0.66242
-0.0581947 1.31973 -0.670923
-0.0624531 1.32419 -0.666828
-0.0624531 1.32414 -0.665977
-0.0624531 1.32329 -0.666026
-0.0624531 1.32334 -0.666876
-0.0624531 1.32374 -0.666427
INDEX = 14
4 5 7
6 7 5
1 2 5
6 5 2
0 1 4
5 4 1
7 6 3
2 3 6
4 7 0
3 0 7
8 1 0
8 2 1
8 3 2
8 0 3
FACE-NORMAL = 14
1.0 1.36124e-006 1.25917e-007
1.0 1.36124e-006 1.25917e-007
0.668965 0.0427164 -0.742066
0.668965 0.0427164 -0.742066
0.668966 -0.742065 -0.0427152
0.668966 -0.742065 -0.0427152
0.668964 0.742067 0.0427154
0.668964 0.742067 0.0427154
0.668965 -0.0427146 0.742066
0.668965 -0.0427146 0.742066
-0.707108 0.705937 0.0406356
-0.707107 -0.0406368 0.705938
-0.707106 -0.705939 -0.0406358
-0.707107 0.0406349 -0.705938
BONE = 25
BONE_NAME = Bone_face
PARENT_ID = 24
LOCALTM 
MAT 1.0 0.0 6.43587e-007 0.0
MAT 0.0 0.99404 0.109011 0.0
MAT -6.3977e-007 -0.109011 0.994041 0.0
MAT -0.0203486 0.0215356 -0.126668 1.0
WORLDTM 
MAT 0.85168 1.15934e-006 0.0 0.0
MAT -1.1636e-006 0.850271 0.0489439 0.0
MAT 0.0 -0.0489442 0.850272 0.0
MAT -0.0624531 1.32374 -0.666427 1.0
VERTEX = 9
-0.0662881 1.13297 -0.758432
-0.0670653 1.14145 -0.758799
-0.0585841 1.14222 -0.758799
-0.0578069 1.13375 -0.758432
-0.062838 1.13732 -0.754343
-0.0629157 1.13816 -0.754379
-0.0620676 1.13824 -0.754379
-0.0619899 1.1374 -0.754343
-0.0624528 1.13778 -0.754361
INDEX = 14
4 5 7
6 7 5
1 2 5
6 5 2
0 1 4
5 4 1
7 6 3
2 3 6
4 7 0
3 0 7
8 1 0
8 2 1
8 3 2
8 0 3
FACE-NORMAL = 14
0.00392742 -0.0428161 -0.999075
0.00392742 -0.0428161 -0.999075
0.0704606 -0.768145 -0.636387
0.0704606 -0.768145 -0.636387
0.742814 0.0392526 -0.668346
0.742814 0.0392526 -0.668346
-0.737559 -0.0965376 -0.668346
-0.737559 -0.0965376 -0.668346
-0.065206 0.710859 -0.700305
-0.065206 0.710859 -0.700305
-0.706928 -0.0343141 0.706453
-0.0673079 0.733775 0.67605
0.701374 0.0948652 0.706453
0.0617537 -0.673224 0.736856
BONE = 26
BONE_NAME = Bone_mask
PARENT_ID = 25
LOCALTM 
MAT 0.00392724 -0.10016 -0.994966 0.0
MAT -0.995819 -0.0911913 0.00524935 0.0
MAT -0.0912588 0.990783 -0.100099 0.0
MAT 0.0 -0.223913 -0.0905297 1.0
WORLDTM 
MAT 0.00334491 -0.0364657 -0.850894 0.0
MAT -0.848119 -0.0777954 0.0 0.0
MAT -0.0777245 0.847333 -0.0366191 0.0
MAT -0.0624528 1.13778 -0.754361 1.0
VERTEX = 9
-0.0534679 0.993209 -0.753192
-0.0541892 1.00107 -0.756381
-0.045708 1.00185 -0.756381
-0.0449867 0.993987 -0.753192
-0.0501216 0.998686 -0.750679
-0.0501937 0.999472 -0.750998
-0.0493456 0.99955 -0.750998
-0.0492735 0.998764 -0.750679
-0.0497336 0.999118 -0.750838
INDEX = 14
4 5 7
6 7 5
1 2 5
6 5 2
0 1 4
5 4 1
7 6 3
2 3 6
4 7 0
3 0 7
8 1 0
8 2 1
8 3 2
8 0 3
FACE-NORMAL = 14
0.0342025 -0.372871 -0.927253
0.0342025 -0.372871 -0.927253
0.0858377 -0.935778 -0.341981
0.0858377 -0.935778 -0.341981
0.763067 -0.181543 -0.620299
0.763067 -0.181543 -0.620299
-0.717306 -0.317333 -0.6203
-0.717306 -0.317333 -0.6203
-0.0400769 0.436901 -0.898617
-0.0400769 0.436901 -0.898616
-0.728336 0.19907 0.655666
-0.0840771 0.916586 0.390898
0.679966 0.328249 0.655667
0.0357073 -0.389264 0.920434
BONE = 27
BONE_NAME = Bone_mask01
PARENT_ID = 26
LOCALTM 
MAT 0.942496 2.86847e-007 -0.334224 0.0
MAT 1.20653e-006 1.0 0.0 0.0
MAT 0.334222 6.92904e-007 0.94249 0.0
MAT 0.00289738 0.0 -0.163521 1.0
WORLDTM 
MAT 0.0291297 -0.317568 -0.789725 0.0
MAT -0.84812 -0.0777955 -1.01328e-006 0.0
MAT -0.0721372 0.786415 -0.318901 0.0
MAT -0.0497336 0.999118 -0.750838 1.0
VERTEX = 9
-0.0413688 0.861308 -0.702094
-0.0421455 0.869776 -0.701606
-0.0336643 0.870553 -0.701606
-0.0328876 0.862086 -0.702094
-0.0378795 0.865226 -0.697623
-0.0379571 0.866072 -0.697574
-0.037109 0.86615 -0.697574
-0.0370313 0.865303 -0.697623
-0.0374942 0.865688 -0.697599
INDEX = 14
4 5 7
6 7 5
1 2 5
6 5 2
0 1 4
5 4 1
7 6 3
2 3 6
4 7 0
3 0 7
8 1 0
8 2 1
8 3 2
8 0 3
FACE-NORMAL = 14
-0.00523759 0.0570665 -0.998357
-0.00523759 0.0570665 -0.998357
0.0642816 -0.700792 -0.710463
0.0642816 -0.700792 -0.710463
0.736685 0.106069 -0.667865
0.736685 0.106069 -0.667866
-0.743688 -0.0297181 -0.667866
-0.743689 -0.0297181 -0.667865
-0.0712895 0.777147 -0.625268
-0.0712895 0.777148 -0.625268
-0.700449 -0.104941 0.705945
-0.0607817 0.662639 0.746468
0.707852 0.0242361 0.705944
0.0681892 -0.743347 0.665421
BONE = 28
BONE_NAME = Bone_mask02
PARENT_ID = 27
LOCALTM 
MAT 0.904273 2.38605e-006 0.426964 0.0
MAT 4.58211e-007 1.00001 2.33948e-006 0.0
MAT -0.426959 9.76026e-007 0.904261 0.0
MAT 0.000944972 0.0 -0.169287 1.0
WORLDTM 
MAT -0.00446078 0.0486027 -0.850286 0.0
MAT -0.848125 -0.0777943 -2.11596e-006 0.0
MAT -0.0776688 0.846713 0.0488107 0.0
MAT -0.0374942 0.865688 -0.697599 1.0
VERTEX = 9
-0.0538301 1.47509 -0.6108
-0.0531694 1.47563 -0.600837
-0.0532944 1.46565 -0.600284
-0.053955 1.4651 -0.610247
-0.0585777 1.47092 -0.605742
-0.0585116 1.47097 -0.604745
-0.0585241 1.46997 -0.60469
-0.0585902 1.46992 -0.605686
-0.0585509 1.47045 -0.605216
INDEX = 14
4 5 7
6 7 5
1 2 5
6 5 2
0 1 4
5 4 1
7 6 3
2 3 6
4 7 0
3 0 7
8 1 0
8 2 1
8 3 2
8 0 3
FACE-NORMAL = 14
0.997737 -0.0161003 -0.0652829
0.997737 -0.0161003 -0.0652829
0.618343 -0.0511675 -0.784241
0.618343 -0.0511674 -0.784241
0.658165 -0.75287 -0.00257565
0.658165 -0.75287 -0.00257567
0.676737 0.731328 -0.0847683
0.676737 0.731329 -0.0847683
0.716559 0.0296264 0.696897
0.716559 0.0296264 0.696897
-0.696672 0.717355 0.00706646
-0.658789 0.0498148 0.750677
-0.714341 -0.694585 0.0852575
-0.752224 -0.0270456 -0.658352
BONE = 29
BONE_NAME = Ref_Head
PARENT_ID = 24
LOCALTM 
MAT 1.17149 -0.0149171 -0.0775264 0.0
MAT 0.0146705 1.17405 -0.00421856 0.0
MAT 0.0775734 0.00324015 1.17158 0.0
MAT -0.0157667 0.18985 -0.0459861 1.0
WORLDTM 
MAT 0.997737 -0.0161003 -0.0652829 0.0
MAT 0.0124932 0.998392 -0.0552894 0.0
MAT 0.0660682 0.0543485 0.996334 0.0
MAT -0.0585509 1.47045 -0.605216 1.0
VERTEX = 9
-0.0602561 1.56087 0.102324
-0.0602561 1.57087 0.102324
-0.0602561 1.57087 0.112324
-0.0602561 1.56087 0.112324
-0.0652561 1.56537 0.106824
-0.0652561 1.56637 0.106824
-0.0652561 1.56637 0.107824
-0.0652561 1.56537 0.107824
-0.0652561 1.56587 0.107324
INDEX = 14
4 5 7
6 7 5
1 2 5
6 5 2
0 1 4
5 4 1
7 6 3
2 3 6
4 7 0
3 0 7
8 1 0
8 2 1
8 3 2
8 0 3
FACE-NORMAL = 14
1.0 2.0348e-007 0.0
1.0 2.0348e-007 0.0
0.668965 -0.743294 0.0
0.668965 -0.743294 0.0
0.668965 2.57188e-007 0.743294
0.668965 2.57188e-007 0.743294
0.668965 0.0 -0.743294
0.668965 0.0 -0.743294
0.668965 0.743294 -1.77531e-007
0.668965 0.743294 -1.77531e-007
-0.707107 -2.59055e-007 -0.707107
-0.707107 0.707107 0.0
-0.707107 0.0 0.707107
-0.707107 -0.707107 1.74853e-007
BONE = 30
BONE_NAME = Bone_BackTorso
PARENT_ID = 23
LOCALTM 
MAT 1.0 -6.47953e-007 4.6939e-007 0.0
MAT 4.6939e-007 3.13914e-007 -1.0 0.0
MAT 6.47898e-007 1.0 3.13925e-007 0.0
MAT 0.000929646 0.393558 0.272651 1.0
WORLDTM 
MAT 1.0 2.0348e-007 0.0 0.0
MAT 0.0 -1.6288e-007 -1.0 0.0
MAT -2.03534e-007 1.0 -1.62912e-007 0.0
MAT -0.0652561 1.56587 0.107324 1.0
VERTEX = 9
-0.294436 1.91106 0.0543632
-0.294436 1.92106 0.0543632
-0.294436 1.92106 0.0643632
-0.294436 1.91106 0.0643632
-0.299436 1.91556 0.0588632
-0.299436 1.91656 0.0588632
-0.299436 1.91656 0.0598632
-0.299436 1.91556 0.0598632
-0.299436 1.91606 0.0593632
INDEX = 14
4 5 7
6 7 5
1 2 5
6 5 2
0 1 4
5 4 1
7 6 3
2 3 6
4 7 0
3 0 7
8 1 0
8 2 1
8 3 2
8 0 3
FACE-NORMAL = 14
1.0 2.03468e-007 0.0
1.0 2.03468e-007 0.0
0.668965 -0.743294 0.0
0.668965 -0.743294 0.0
0.668965 2.5719e-007 0.743294
0.668965 2.5719e-007 0.743294
0.668965 0.0 -0.743294
0.668965 0.0 -0.743294
0.668965 0.743294 -1.77563e-007
0.668965 0.743294 -1.77563e-007
-0.707107 -2.59056e-007 -0.707107
-0.707107 0.707107 0.0
-0.707107 0.0 0.707107
-0.707107 -0.707107 1.74889e-007
BONE = 31
BONE_NAME = Bone_Shell~DUP~0
PARENT_ID = 30
LOCALTM 
MAT 1.0 0.0 0.0 0.0
MAT 0.0 1.0 0.0 0.0
MAT 0.0 0.0 1.0 0.0
MAT -0.23418 0.0479605 0.35019 1.0
WORLDTM 
MAT 1.0 2.03468e-007 0.0 0.0
MAT 0.0 -1.62892e-007 -1.0 0.0
MAT -2.03549e-007 0.999999 -1.629e-007 0.0
MAT -0.299436 1.91606 0.0593632 1.0
VERTEX = 9
-0.636615 1.71254 -0.0260148
-0.636615 1.7092 -0.0189972
-0.648339 1.6901 -0.0281086
-0.648339 1.69345 -0.0351262
-0.645377 1.70419 -0.0261252
-0.645377 1.70385 -0.0254234
-0.646549 1.70194 -0.0263346
-0.646549 1.70228 -0.0270363
-0.645963 1.70306 -0.0262299
INDEX = 14
4 5 7
6 7 5
1 2 5
6 5 2
0 1 4
5 4 1
7 6 3
2 3 6
4 7 0
3 0 7
8 1 0
8 2 1
8 3 2
8 0 3
FACE-NORMAL = 14
0.874713 -0.43741 -0.208686
0.874713 -0.43741 -0.208686
0.585152 0.0274491 -0.810459
0.585152 0.027449 -0.810459
0.224921 -0.879418 -0.419565
0.224921 -0.879418 -0.419565
0.945383 0.294194 0.140358
0.945383 0.294194 0.140358
0.585152 -0.612673 0.531252
0.585152 -0.612673 0.531252
-0.275822 0.867533 0.413895
-0.618515 0.00481683 0.785758
-0.961209 -0.248941 -0.118769
-0.618515 0.613774 -0.490632
BONE = 32
BONE_NAME = Vol_Target 02
PARENT_ID = 31
LOCALTM 
MAT 0.697303 0.16636 -0.348695 0.0
MAT 1.17238 -0.911139 1.90977 0.0
MAT -2.66481e-007 -0.701758 -0.334805 0.0
MAT -0.346527 0.0855931 -0.212997 1.0
WORLDTM 
MAT 0.697303 -0.348694 -0.16636 0.0
MAT 1.17238 1.90977 0.911139 0.0
MAT -1.39226e-007 -0.334804 0.701758 0.0
MAT -0.645963 1.70306 -0.0262299 1.0
VERTEX = 9
-0.0588585 2.04021 -0.533709
-0.0588585 2.04021 -0.523709
-0.0588585 2.03021 -0.523709
-0.0588585 2.03021 -0.533709
-0.0638585 2.03571 -0.529209
-0.0638585 2.03571 -0.528209
-0.0638585 2.03471 -0.528209
-0.0638585 2.03471 -0.529209
-0.0638585 2.03521 -0.528709
INDEX = 14
4 5 7
6 7 5
1 2 5
6 5 2
0 1 4
5 4 1
7 6 3
2 3 6
4 7 0
3 0 7
8 1 0
8 2 1
8 3 2
8 0 3
FACE-NORMAL = 14
1.0 2.03485e-007 0.0
1.0 2.03485e-007 0.0
0.668965 1.36124e-007 -0.743294
0.668965 1.36124e-007 -0.743294
0.668965 -0.743294 0.0
0.668965 -0.743294 0.0
0.668965 0.743294 0.0
0.668965 0.743294 0.0
0.668965 1.36124e-007 0.743294
0.668965 1.36124e-007 0.743294
-0.707107 0.707107 0.0
-0.707107 -1.43886e-007 0.707107
-0.707107 -0.707107 0.0
-0.707107 -1.43886e-007 -0.707107
BONE = 33
BONE_NAME = Ref_Weapon
PARENT_ID = 23
LOCALTM 
MAT 1.0 -6.47948e-007 4.69394e-007 0.0
MAT 6.47948e-007 1.0 4.76663e-007 0.0
MAT -4.69389e-007 -4.76793e-007 1.0 0.0
MAT 0.00232805 0.8629 -0.363381 1.0
WORLDTM 
MAT 1.0 2.03485e-007 0.0 0.0
MAT -2.03483e-007 1.0 0.0 0.0
MAT 0.0 0.0 1.0 0.0
MAT -0.0638585 2.03521 -0.528709 1.0
VERTEX = 9
-0.0531632 2.03219 -0.540229
-0.0531632 2.03966 -0.535611
-0.0531632 2.03504 -0.528139
-0.0531632 2.02757 -0.532757
-0.0575549 2.03347 -0.534788
-0.0575549 2.03422 -0.534327
-0.0575549 2.03376 -0.53358
-0.0575549 2.03301 -0.534041
-0.0575549 2.03361 -0.534184
INDEX = 14
4 5 7
6 7 5
1 2 5
6 5 2
0 1 4
5 4 1
7 6 3
2 3 6
4 7 0
3 0 7
8 1 0
8 2 1
8 3 2
8 0 3
FACE-NORMAL = 14
1.0 2.03487e-007 0.0
1.0 2.03487e-007 0.0
0.668965 -0.632305 -0.390738
0.668965 -0.632305 -0.390738
0.668965 -0.390738 0.632305
0.668965 -0.390737 0.632305
0.668965 0.390738 -0.632305
0.668965 0.390738 -0.632306
0.668965 0.632305 0.390738
0.668965 0.632306 0.390738
-0.707107 0.371714 -0.601522
-0.707107 0.601521 0.371715
-0.707107 -0.371715 0.601522
-0.707107 -0.601522 -0.371715
BONE = 34
BONE_NAME = Star2Part02glow
PARENT_ID = 23
LOCALTM 
MAT 0.878352 -5.69125e-007 4.12289e-007 0.0
MAT 6.49906e-007 0.461736 -0.747196 0.0
MAT 2.67402e-007 0.747196 0.461736 0.0
MAT 0.00863159 0.861302 -0.368856 1.0
WORLDTM 
MAT 0.878352 1.78733e-007 0.0 0.0
MAT -1.56977e-007 0.461735 -0.747196 0.0
MAT 0.0 0.747196 0.461735 0.0
MAT -0.0575549 2.03361 -0.534184 1.0
VERTEX = 9
-0.0704004 2.11629 -0.745694
-0.0704004 2.12628 -0.746031
-0.0604004 2.12628 -0.746029
-0.0604004 2.11629 -0.745693
-0.0659012 2.12095 -0.740848
-0.0659012 2.12195 -0.740881
-0.0649012 2.12195 -0.740881
-0.0649012 2.12095 -0.740848
-0.0654012 2.12145 -0.740865
INDEX = 14
4 5 7
6 7 5
1 2 5
6 5 2
0 1 4
5 4 1
7 6 3
2 3 6
4 7 0
3 0 7
8 1 0
8 2 1
8 3 2
8 0 3
FACE-NORMAL = 14
0.000157533 -0.0336201 -0.999435
0.000157533 -0.0336201 -0.999435
0.000101579 -0.765365 -0.643597
0.000101579 -0.765365 -0.643597
0.7434 -0.0224906 -0.668469
0.743399 -0.0224906 -0.668469
