EXPORTER_V20
ANIMATION_EXPORT
BONEOBJECT_COUNT = 278
VERTEX = 9
0.0 0.0 0.0
0.0 0.0 0.0
0.0 0.0 0.0
0.0 0.0 0.0
0.0 0.0 0.0
0.0 0.0 0.0
0.0 0.0 0.0
0.0 0.0 0.0
0.0 0.0 0.0
INDEX = 14
4 5 7
6 7 5
1 2 5
6 5 2
0 1 4
5 4 1
7 6 3
2 3 6
4 7 0
3 0 7
8 1 0
8 2 1
8 3 2
8 0 3
FACE-NORMAL = 14
1.0 0.0 0.0
1.0 0.0 0.0
1.0 0.0 0.0
1.0 0.0 0.0
1.0 0.0 0.0
1.0 0.0 0.0
1.0 0.0 0.0
1.0 0.0 0.0
1.0 0.0 0.0
1.0 0.0 0.0
1.0 0.0 0.0
1.0 0.0 0.0
1.0 0.0 0.0
1.0 0.0 0.0
BONE = 0
BONE_NAME = Scene Root
PARENT_ID = -1
LOCALTM 
MAT 1.0 0.0 0.0 0.0
MAT 0.0 1.0 0.0 0.0
MAT 0.0 0.0 1.0 0.0
MAT 0.0 0.0 0.0 1.0
WORLDTM 
MAT 1.0 0.0 0.0 0.0
MAT 0.0 1.0 0.0 0.0
MAT 0.0 0.0 1.0 0.0
MAT 0.0 0.0 0.0 1.0
VERTEX = 9
-0.000144253 2.49504 0.102508
-0.000144253 2.49504 0.102508
-0.000144253 2.49504 0.102508
-0.000144253 2.49504 0.102508
-0.000144253 2.49504 0.102508
-0.000144253 2.49504 0.102508
-0.000144253 2.49504 0.102508
-0.000144253 2.49504 0.102508
-0.000144253 2.49504 0.102508
INDEX = 14
4 5 7
6 7 5
1 2 5
6 5 2
0 1 4
5 4 1
7 6 3
2 3 6
4 7 0
3 0 7
8 1 0
8 2 1
8 3 2
8 0 3
FACE-NORMAL = 14
1.0 0.0 0.0
1.0 0.0 0.0
1.0 0.0 0.0
1.0 0.0 0.0
1.0 0.0 0.0
1.0 0.0 0.0
1.0 0.0 0.0
1.0 0.0 0.0
1.0 0.0 0.0
1.0 0.0 0.0
1.0 0.0 0.0
1.0 0.0 0.0
1.0 0.0 0.0
1.0 0.0 0.0
BONE = 1
BONE_NAME = Bone_Root
PARENT_ID = 0
LOCALTM 
MAT 1.0 0.0 0.0 0.0
MAT 0.0 0.999909 0.0134919 0.0
MAT 0.0 -0.0134919 0.999909 0.0
MAT -0.000144253 2.49504 0.102508 1.0
WORLDTM 
MAT 1.0 0.0 0.0 0.0
MAT 0.0 0.999909 0.0134919 0.0
MAT 0.0 -0.0134919 0.999909 0.0
MAT -0.000144253 2.49504 0.102508 1.0
VERTEX = 9
-0.000144253 2.27707 0.0884237
-0.000144253 2.27707 0.0884237
-0.000144253 2.27707 0.0884237
-0.000144253 2.27707 0.0884237
-0.000144253 2.27707 0.0884237
-0.000144253 2.27707 0.0884237
-0.000144253 2.27707 0.0884237
-0.000144253 2.27707 0.0884237
-0.000144253 2.27707 0.0884237
INDEX = 14
4 5 7
6 7 5
1 2 5
6 5 2
0 1 4
5 4 1
7 6 3
2 3 6
4 7 0
3 0 7
8 1 0
8 2 1
8 3 2
8 0 3
FACE-NORMAL = 14
1.0 0.0 0.0
1.0 0.0 0.0
1.0 0.0 0.0
1.0 0.0 0.0
1.0 0.0 0.0
1.0 0.0 0.0
1.0 0.0 0.0
1.0 0.0 0.0
1.0 0.0 0.0
1.0 0.0 0.0
1.0 0.0 0.0
1.0 0.0 0.0
1.0 0.0 0.0
1.0 0.0 0.0
BONE = 2
BONE_NAME = Bone_Torso
PARENT_ID = 1
LOCALTM 
MAT 1.0 0.0 0.0 0.0
MAT 0.0 1.0 0.0 0.0
MAT 0.0 0.0 1.0 0.0
MAT 0.0 -0.218136 -0.011142 1.0
WORLDTM 
MAT 1.0 0.0 0.0 0.0
MAT 0.0 0.999909 0.0134918 0.0
MAT 0.0 -0.0134918 0.999909 0.0
MAT -0.000144253 2.27707 0.0884237 1.0
VERTEX = 9
1.86622 2.78423 0.230577
1.86622 2.78423 0.230577
1.86622 2.78423 0.230577
1.86622 2.78423 0.230577
1.86622 2.78423 0.230577
1.86622 2.78423 0.230577
1.86622 2.78423 0.230577
1.86622 2.78423 0.230577
1.86622 2.78423 0.230577
INDEX = 14
4 5 7
6 7 5
1 2 5
6 5 2
0 1 4
5 4 1
7 6 3
2 3 6
4 7 0
3 0 7
8 1 0
8 2 1
8 3 2
8 0 3
FACE-NORMAL = 14
1.0 0.0 0.0
1.0 0.0 0.0
1.0 0.0 0.0
1.0 0.0 0.0
1.0 0.0 0.0
1.0 0.0 0.0
1.0 0.0 0.0
1.0 0.0 0.0
1.0 0.0 0.0
1.0 0.0 0.0
1.0 0.0 0.0
1.0 0.0 0.0
1.0 0.0 0.0
1.0 0.0 0.0
BONE = 3
BONE_NAME = Bone_Arm_Upper_L
PARENT_ID = 2
LOCALTM 
MAT 0.941568 0.153085 0.300025 0.0
MAT 0.200254 -0.970648 -0.133192 0.0
MAT 0.270829 0.185491 -0.944587 0.0
MAT 1.86636 0.509033 0.135298 1.0
WORLDTM 
MAT 0.941568 0.149023 0.302063 0.0
MAT 0.200254 -0.968763 -0.146276 0.0
MAT 0.270829 0.198218 -0.941998 0.0
MAT 1.86622 2.78423 0.230577 1.0
VERTEX = 9
2.05421 2.03757 0.720158
2.05421 2.03757 0.720158
2.05421 2.03757 0.720158
2.05421 2.03757 0.720158
2.05421 2.03757 0.720158
2.05421 2.03757 0.720158
2.05421 2.03757 0.720158
2.05421 2.03757 0.720158
2.05421 2.03757 0.720158
INDEX = 14
4 5 7
6 7 5
1 2 5
6 5 2
0 1 4
5 4 1
7 6 3
2 3 6
4 7 0
3 0 7
8 1 0
8 2 1
8 3 2
8 0 3
FACE-NORMAL = 14
1.0 0.0 0.0
1.0 0.0 0.0
1.0 0.0 0.0
1.0 0.0 0.0
1.0 0.0 0.0
1.0 0.0 0.0
1.0 0.0 0.0
1.0 0.0 0.0
1.0 0.0 0.0
1.0 0.0 0.0
1.0 0.0 0.0
1.0 0.0 0.0
1.0 0.0 0.0
1.0 0.0 0.0
BONE = 4
BONE_NAME = Bone_Arm_Lower_L
PARENT_ID = 3
LOCALTM 
MAT 1.0 0.0 0.0 0.0
MAT 0.0 -0.00240909 0.999997 0.0
MAT 0.0 -0.999997 -0.0024091 0.0
MAT 0.213617 0.68937 -0.558274 1.0
WORLDTM 
MAT 0.941568 0.149023 0.302063 0.0
MAT 0.270346 0.200551 -0.941643 0.0
MAT -0.200906 0.968282 0.148545 0.0
MAT 2.05421 2.03757 0.720158 1.0
VERTEX = 9
2.18135 1.81681 0.300684
2.18135 1.81681 0.300684
2.18135 1.81681 0.300684
2.18135 1.81681 0.300684
2.18135 1.81681 0.300684
2.18135 1.81681 0.300684
2.18135 1.81681 0.300684
2.18135 1.81681 0.300684
2.18135 1.81681 0.300684
INDEX = 14
4 5 7
6 7 5
1 2 5
6 5 2
0 1 4
5 4 1
7 6 3
2 3 6
4 7 0
3 0 7
8 1 0
8 2 1
8 3 2
8 0 3
FACE-NORMAL = 14
1.0 0.0 0.0
1.0 0.0 0.0
1.0 0.0 0.0
1.0 0.0 0.0
1.0 0.0 0.0
1.0 0.0 0.0
1.0 0.0 0.0
1.0 0.0 0.0
1.0 0.0 0.0
1.0 0.0 0.0
1.0 0.0 0.0
1.0 0.0 0.0
1.0 0.0 0.0
1.0 0.0 0.0
BONE = 5
BONE_NAME = Object14
PARENT_ID = 4
LOCALTM 
MAT 1.0 0.0 0.0 0.0
MAT 0.0 0.0 1.0 0.0
MAT 0.0 -1.0 0.0 0.0
MAT -0.0398951 0.385093 -0.30161 1.0
WORLDTM 
MAT 0.941568 0.149023 0.302063 0.0
MAT -0.200906 0.968282 0.148545 0.0
MAT -0.270346 -0.200551 0.941643 0.0
MAT 2.18135 1.81681 0.300684 1.0
VERTEX = 9
2.4924 2.02099 -0.637556
2.4924 2.02099 -0.637556
2.4924 2.02099 -0.637556
2.4924 2.02099 -0.637556
2.4924 2.02099 -0.637556
2.4924 2.02099 -0.637556
2.4924 2.02099 -0.637556
2.4924 2.02099 -0.637556
2.4924 2.02099 -0.637556
INDEX = 14
4 5 7
6 7 5
1 2 5
6 5 2
0 1 4
5 4 1
7 6 3
2 3 6
4 7 0
3 0 7
8 1 0
8 2 1
8 3 2
8 0 3
FACE-NORMAL = 14
1.0 0.0 0.0
1.0 0.0 0.0
1.0 0.0 0.0
1.0 0.0 0.0
1.0 0.0 0.0
1.0 0.0 0.0
1.0 0.0 0.0
1.0 0.0 0.0
1.0 0.0 0.0
1.0 0.0 0.0
1.0 0.0 0.0
1.0 0.0 0.0
1.0 0.0 0.0
1.0 0.0 0.0
BONE = 6
BONE_NAME = Bone_Cannon_L
PARENT_ID = 4
LOCALTM 
MAT 1.0 0.0 0.0 0.0
MAT 0.0 1.0 0.0 0.0
MAT 0.0 0.0 1.0 0.0
MAT -2.38419e-007 1.39362 -0.305774 1.0
WORLDTM 
MAT 0.941568 0.149023 0.302063 0.0
MAT 0.270345 0.200551 -0.941643 0.0
MAT -0.200906 0.968282 0.148545 0.0
MAT 2.4924 2.02099 -0.637556 1.0
VERTEX = 9
2.23811 2.40188 -0.162075
2.23811 2.40188 -0.162075
2.23811 2.40188 -0.162075
2.23811 2.40188 -0.162075
2.23811 2.40188 -0.162075
2.23811 2.40188 -0.162075
2.23811 2.40188 -0.162075
2.23811 2.40188 -0.162075
2.23811 2.40188 -0.162075
INDEX = 14
4 5 7
6 7 5
1 2 5
6 5 2
0 1 4
5 4 1
7 6 3
2 3 6
4 7 0
3 0 7
8 1 0
8 2 1
8 3 2
8 0 3
FACE-NORMAL = 14
1.0 0.0 0.0
1.0 0.0 0.0
1.0 0.0 0.0
1.0 0.0 0.0
1.0 0.0 0.0
1.0 0.0 0.0
1.0 0.0 0.0
1.0 0.0 0.0
1.0 0.0 0.0
1.0 0.0 0.0
1.0 0.0 0.0
1.0 0.0 0.0
1.0 0.0 0.0
1.0 0.0 0.0
BONE = 7
BONE_NAME = Object13
PARENT_ID = 6
LOCALTM 
MAT 1.0 0.0 0.0 0.0
MAT 0.0 0.0 1.0 0.0
MAT 0.0 -1.0 0.0 0.0
MAT -0.0390382 -0.44009 0.490531 1.0
WORLDTM 
MAT 0.941568 0.149023 0.302063 0.0
MAT -0.200906 0.968282 0.148545 0.0
MAT -0.270345 -0.200551 0.941643 0.0
MAT 2.23811 2.40188 -0.162075 1.0
VERTEX = 9
1.95903 1.56733 1.27561
1.95903 1.56733 1.27561
1.95903 1.56733 1.27561
1.95903 1.56733 1.27561
1.95903 1.56733 1.27561
1.95903 1.56733 1.27561
1.95903 1.56733 1.27561
1.95903 1.56733 1.27561
1.95903 1.56733 1.27561
INDEX = 14
4 5 7
6 7 5
1 2 5
6 5 2
0 1 4
5 4 1
7 6 3
2 3 6
4 7 0
3 0 7
8 1 0
8 2 1
8 3 2
8 0 3
FACE-NORMAL = 14
1.0 0.0 0.0
1.0 0.0 0.0
1.0 0.0 0.0
1.0 0.0 0.0
1.0 0.0 0.0
1.0 0.0 0.0
1.0 0.0 0.0
1.0 0.0 0.0
1.0 0.0 0.0
1.0 0.0 0.0
1.0 0.0 0.0
1.0 0.0 0.0
1.0 0.0 0.0
1.0 0.0 0.0
BONE = 8
BONE_NAME = HitTestFuzzy04
PARENT_ID = 4
LOCALTM 
MAT 0.680194 0.0089883 -0.00132912 0.0
MAT -0.0146203 0.418427 -0.0123246 0.0
MAT 0.000723928 0.00516932 0.999923 0.0
MAT 0.00808978 -0.643075 -0.353698 1.0
WORLDTM 
MAT 0.643146 0.10188 0.1968 0.0
MAT 0.10183 0.0698035 -0.400256 0.0
MAT -0.198811 0.969352 0.143885 0.0
MAT 1.95903 1.56733 1.27561 1.0
VERTEX = 9
1.96945 1.67336 1.18333
1.96945 1.67336 1.18333
1.96945 1.67336 1.18333
1.96945 1.67336 1.18333
1.96945 1.67336 1.18333
1.96945 1.67336 1.18333
1.96945 1.67336 1.18333
1.96945 1.67336 1.18333
1.96945 1.67336 1.18333
INDEX = 14
4 5 7
6 7 5
1 2 5
6 5 2
0 1 4
5 4 1
7 6 3
2 3 6
4 7 0
3 0 7
8 1 0
8 2 1
8 3 2
8 0 3
FACE-NORMAL = 14
1.0 0.0 0.0
1.0 0.0 0.0
1.0 0.0 0.0
1.0 0.0 0.0
1.0 0.0 0.0
1.0 0.0 0.0
1.0 0.0 0.0
1.0 0.0 0.0
1.0 0.0 0.0
1.0 0.0 0.0
1.0 0.0 0.0
1.0 0.0 0.0
1.0 0.0 0.0
1.0 0.0 0.0
BONE = 9
BONE_NAME = Vol_Target 02
PARENT_ID = 4
LOCALTM 
MAT 0.536353 0.00784917 -0.00111702 0.0
MAT -0.0115418 0.364982 -0.0414114 0.0
MAT 0.000144325 0.0180165 0.839403 0.0
MAT 0.00582147 -0.532098 -0.266829 1.0
WORLDTM 
MAT 0.50736 0.0804217 0.154455 0.0
MAT 0.0961236 0.0313797 -0.35332 0.0
MAT -0.163634 0.816414 0.107767 0.0
MAT 1.96945 1.67336 1.18333 1.0
VERTEX = 9
1.9718 3.15168 0.298143
1.9718 3.15168 0.298143
1.9718 3.15168 0.298143
1.9718 3.15168 0.298143
1.9718 3.15168 0.298143
1.9718 3.15168 0.298143
1.9718 3.15168 0.298143
1.9718 3.15168 0.298143
1.9718 3.15168 0.298143
INDEX = 14
4 5 7
6 7 5
1 2 5
6 5 2
0 1 4
5 4 1
7 6 3
2 3 6
4 7 0
3 0 7
8 1 0
8 2 1
8 3 2
8 0 3
FACE-NORMAL = 14
1.0 0.0 0.0
1.0 0.0 0.0
1.0 0.0 0.0
1.0 0.0 0.0
1.0 0.0 0.0
1.0 0.0 0.0
1.0 0.0 0.0
1.0 0.0 0.0
1.0 0.0 0.0
1.0 0.0 0.0
1.0 0.0 0.0
1.0 0.0 0.0
1.0 0.0 0.0
1.0 0.0 0.0
BONE = 10
BONE_NAME = Object08
PARENT_ID = 3
LOCALTM 
MAT 1.0 0.0 0.0 0.0
MAT 0.0 -0.999997 -0.0024087 0.0
MAT 0.0 0.0024087 -0.999997 0.0
MAT 0.174578 -0.34471 0.0377821 1.0
WORLDTM 
MAT 0.941568 0.149023 0.302063 0.0
MAT -0.200906 0.968283 0.148545 0.0
MAT -0.270346 -0.200551 0.941643 0.0
MAT 1.9718 3.15168 0.298143 1.0
VERTEX = 9
0.861686 2.67917 0.208698
0.861686 2.67917 0.208698
0.861686 2.67917 0.208698
0.861686 2.67917 0.208698
0.861686 2.67917 0.208698
0.861686 2.67917 0.208698
0.861686 2.67917 0.208698
0.861686 2.67917 0.208698
0.861686 2.67917 0.208698
INDEX = 14
4 5 7
6 7 5
1 2 5
6 5 2
0 1 4
5 4 1
7 6 3
2 3 6
4 7 0
3 0 7
8 1 0
8 2 1
8 3 2
8 0 3
FACE-NORMAL = 14
1.0 0.0 0.0
1.0 0.0 0.0
1.0 0.0 0.0
1.0 0.0 0.0
1.0 0.0 0.0
1.0 0.0 0.0
1.0 0.0 0.0
1.0 0.0 0.0
1.0 0.0 0.0
1.0 0.0 0.0
1.0 0.0 0.0
1.0 0.0 0.0
1.0 0.0 0.0
1.0 0.0 0.0
BONE = 11
BONE_NAME = CannonMount_L
PARENT_ID = 2
LOCALTM 
MAT 1.0 0.0 0.0 0.0
MAT 0.0 0.707107 0.707107 0.0
MAT 0.0 -0.707107 0.707107 0.0
MAT 0.86183 0.403683 0.114839 1.0
WORLDTM 
MAT 1.0 0.0 0.0 0.0
MAT 0.0 0.697502 0.716583 0.0
MAT 0.0 -0.716582 0.697503 0.0
MAT 0.861686 2.67917 0.208698 1.0
VERTEX = 9
0.839062 2.35472 1.04316
0.839062 2.35472 1.04316
0.839062 2.35472 1.04316
0.839062 2.35472 1.04316
0.839062 2.35472 1.04316
0.839062 2.35472 1.04316
0.839062 2.35472 1.04316
0.839062 2.35472 1.04316
0.839062 2.35472 1.04316
INDEX = 14
4 5 7
6 7 5
1 2 5
6 5 2
0 1 4
5 4 1
7 6 3
2 3 6
4 7 0
3 0 7
8 1 0
8 2 1
8 3 2
8 0 3
FACE-NORMAL = 14
1.0 0.0 0.0
1.0 0.0 0.0
1.0 0.0 0.0
1.0 0.0 0.0
1.0 0.0 0.0
1.0 0.0 0.0
1.0 0.0 0.0
1.0 0.0 0.0
1.0 0.0 0.0
1.0 0.0 0.0
1.0 0.0 0.0
1.0 0.0 0.0
1.0 0.0 0.0
1.0 0.0 0.0
BONE = 12
BONE_NAME = CannonPivot_L
PARENT_ID = 11
LOCALTM 
MAT 1.0 0.0 0.0 0.0
MAT 0.0 0.939693 0.34202 0.0
MAT 0.0 -0.34202 0.939693 0.0
MAT -0.0226237 0.371659 0.81453 1.0
WORLDTM 
MAT 1.0 0.0 0.0 0.0
MAT 0.0 0.410352 0.911927 0.0
MAT 0.0 -0.911927 0.410352 0.0
MAT 0.839062 2.35472 1.04316 1.0
VERTEX = 9
0.87 2.36588 1.04649
0.87 2.36588 1.04649
0.87 2.36588 1.04649
0.87 2.36588 1.04649
0.87 2.36588 1.04649
0.87 2.36588 1.04649
0.87 2.36588 1.04649
0.87 2.36588 1.04649
0.87 2.36588 1.04649
INDEX = 14
4 5 7
6 7 5
1 2 5
6 5 2
0 1 4
5 4 1
7 6 3
2 3 6
4 7 0
3 0 7
8 1 0
8 2 1
8 3 2
8 0 3
FACE-NORMAL = 14
1.0 0.0 0.0
1.0 0.0 0.0
1.0 0.0 0.0
1.0 0.0 0.0
1.0 0.0 0.0
1.0 0.0 0.0
1.0 0.0 0.0
1.0 0.0 0.0
1.0 0.0 0.0
1.0 0.0 0.0
1.0 0.0 0.0
1.0 0.0 0.0
1.0 0.0 0.0
1.0 0.0 0.0
BONE = 13
BONE_NAME = CannonBody_L_02
PARENT_ID = 12
LOCALTM 
MAT 1.0 0.0 0.0 0.0
MAT 0.0 1.0 0.0 0.0
MAT 0.0 0.0 1.0 0.0
MAT 0.030938 0.00762081 -0.0088073 1.0
WORLDTM 
MAT 1.0 0.0 0.0 0.0
MAT 0.0 0.410352 0.911927 0.0
MAT 0.0 -0.911927 0.410352 0.0
MAT 0.87 2.36588 1.04649 1.0
VERTEX = 9
0.666708 2.67544 1.85881
0.666708 2.67544 1.85881
0.666708 2.67544 1.85881
0.666708 2.67544 1.85881
0.666708 2.67544 1.85881
0.666708 2.67544 1.85881
0.666708 2.67544 1.85881
0.666708 2.67544 1.85881
0.666708 2.67544 1.85881
INDEX = 14
4 5 7
6 7 5
1 2 5
6 5 2
0 1 4
5 4 1
7 6 3
2 3 6
4 7 0
3 0 7
8 1 0
8 2 1
8 3 2
8 0 3
FACE-NORMAL = 14
1.0 0.0 0.0
1.0 0.0 0.0
1.0 0.0 0.0
1.0 0.0 0.0
1.0 0.0 0.0
1.0 0.0 0.0
1.0 0.0 0.0
1.0 0.0 0.0
1.0 0.0 0.0
1.0 0.0 0.0
1.0 0.0 0.0
1.0 0.0 0.0
1.0 0.0 0.0
1.0 0.0 0.0
BONE = 14
BONE_NAME = CannonFlip_L_02
PARENT_ID = 13
LOCALTM 
MAT 0.173648 0.984808 2.38419e-007 0.0
MAT -0.984808 0.173648 2.98023e-007 0.0
MAT 2.70543e-007 -2.68221e-007 1.0 0.0
MAT -0.203292 0.867802 0.0510366 1.0
WORLDTM 
MAT 0.173648 0.404118 0.898073 0.0
MAT -0.984808 0.0712565 0.158354 0.0
MAT 3.1013e-007 -0.911927 0.410352 0.0
MAT 0.666708 2.67544 1.85881 1.0
VERTEX = 9
0.87 2.68497 1.86564
0.87 2.68497 1.86564
0.87 2.68497 1.86564
0.87 2.68497 1.86564
0.87 2.68497 1.86564
0.87 2.68497 1.86564
0.87 2.68497 1.86564
0.87 2.68497 1.86564
0.87 2.68497 1.86564
INDEX = 14
4 5 7
6 7 5
1 2 5
6 5 2
0 1 4
5 4 1
7 6 3
2 3 6
4 7 0
3 0 7
8 1 0
8 2 1
8 3 2
8 0 3
FACE-NORMAL = 14
1.0 0.0 0.0
1.0 0.0 0.0
1.0 0.0 0.0
1.0 0.0 0.0
1.0 0.0 0.0
1.0 0.0 0.0
1.0 0.0 0.0
1.0 0.0 0.0
1.0 0.0 0.0
1.0 0.0 0.0
1.0 0.0 0.0
1.0 0.0 0.0
1.0 0.0 0.0
1.0 0.0 0.0
BONE = 15
BONE_NAME = CannonChamber_L_02
PARENT_ID = 13
LOCALTM 
MAT 1.0 0.0 0.0 0.0
MAT 0.0 1.0 0.0 0.0
MAT 0.0 0.0 1.0 0.0
MAT 0.0 0.877941 0.0451555 1.0
WORLDTM 
MAT 1.0 0.0 0.0 0.0
MAT 0.0 0.410352 0.911927 0.0
MAT 0.0 -0.911927 0.410352 0.0
MAT 0.87 2.68497 1.86564 1.0
VERTEX = 9
0.87 3.74887 1.22257
0.87 3.74887 1.22257
0.87 3.74887 1.22257
0.87 3.74887 1.22257
0.87 3.74887 1.22257
0.87 3.74887 1.22257
0.87 3.74887 1.22257
0.87 3.74887 1.22257
0.87 3.74887 1.22257
INDEX = 14
4 5 7
6 7 5
1 2 5
6 5 2
0 1 4
5 4 1
7 6 3
2 3 6
4 7 0
3 0 7
8 1 0
8 2 1
8 3 2
8 0 3
FACE-NORMAL = 14
1.0 0.0 0.0
1.0 0.0 0.0
1.0 0.0 0.0
1.0 0.0 0.0
1.0 0.0 0.0
1.0 0.0 0.0
1.0 0.0 0.0
1.0 0.0 0.0
1.0 0.0 0.0
1.0 0.0 0.0
1.0 0.0 0.0
1.0 0.0 0.0
1.0 0.0 0.0
1.0 0.0 0.0
BONE = 16
BONE_NAME = CannonBarrel_L_02
PARENT_ID = 13
LOCALTM 
MAT 1.0 0.0 0.0 0.0
MAT 0.0 1.0 0.0 0.0
MAT 0.0 0.0 1.0 0.0
MAT 0.0 0.728084 -1.18893 1.0
WORLDTM 
MAT 1.0 0.0 0.0 0.0
MAT 0.0 0.410352 0.911927 0.0
MAT 0.0 -0.911927 0.410352 0.0
MAT 0.87 3.74887 1.22257 1.0
VERTEX = 9
0.87 3.74887 1.22257
0.87 3.74887 1.22257
0.87 3.74887 1.22257
0.87 3.74887 1.22257
0.87 3.74887 1.22257
0.87 3.74887 1.22257
0.87 3.74887 1.22257
0.87 3.74887 1.22257
0.87 3.74887 1.22257
INDEX = 14
4 5 7
6 7 5
1 2 5
6 5 2
0 1 4
5 4 1
7 6 3
2 3 6
4 7 0
3 0 7
8 1 0
8 2 1
8 3 2
8 0 3
FACE-NORMAL = 14
1.0 0.0 0.0
1.0 0.0 0.0
1.0 0.0 0.0
1.0 0.0 0.0
1.0 0.0 0.0
1.0 0.0 0.0
1.0 0.0 0.0
1.0 0.0 0.0
1.0 0.0 0.0
1.0 0.0 0.0
1.0 0.0 0.0
1.0 0.0 0.0
1.0 0.0 0.0
1.0 0.0 0.0
BONE = 17
BONE_NAME = CannonTip_L_02
PARENT_ID = 16
LOCALTM 
MAT 1.0 0.0 0.0 0.0
MAT 0.0 1.0 0.0 0.0
MAT 0.0 0.0 1.0 0.0
MAT 0.0 2.38419e-007 -4.76837e-007 1.0
WORLDTM 
MAT 1.0 0.0 0.0 0.0
MAT 0.0 0.410352 0.911927 0.0
MAT 0.0 -0.911927 0.410352 0.0
MAT 0.87 3.74887 1.22257 1.0
VERTEX = 9
0.863748 4.62665 0.814266
0.863748 4.62665 0.814266
0.863748 4.62665 0.814266
0.863748 4.62665 0.814266
0.863748 4.62665 0.814266
0.863748 4.62665 0.814266
0.863748 4.62665 0.814266
0.863748 4.62665 0.814266
0.863748 4.62665 0.814266
INDEX = 14
4 5 7
6 7 5
1 2 5
6 5 2
0 1 4
5 4 1
7 6 3
2 3 6
4 7 0
3 0 7
8 1 0
8 2 1
8 3 2
8 0 3
FACE-NORMAL = 14
1.0 0.0 0.0
1.0 0.0 0.0
1.0 0.0 0.0
1.0 0.0 0.0
1.0 0.0 0.0
1.0 0.0 0.0
1.0 0.0 0.0
1.0 0.0 0.0
1.0 0.0 0.0
1.0 0.0 0.0
1.0 0.0 0.0
1.0 0.0 0.0
1.0 0.0 0.0
1.0 0.0 0.0
BONE = 18
BONE_NAME = Ref_Weapon 03
PARENT_ID = 16
LOCALTM 
MAT 0.998523 0.0394914 -0.0373185 0.0
MAT -0.0362096 0.995735 0.0848602 0.0
MAT 0.0405106 -0.0833835 0.995694 0.0
MAT -0.00625193 -0.0121467 -0.968022 1.0
WORLDTM 
MAT 0.998523 0.0502372 0.0206995 0.0
MAT -0.0362095 0.331216 0.94286 0.0
MAT 0.0405107 -0.942217 0.332546 0.0
MAT 0.863748 4.62665 0.814266 1.0
VERTEX = 9
-0.180503 4.6873 0.808856
-0.180503 4.6873 0.808856
-0.180503 4.6873 0.808856
-0.180503 4.6873 0.808856
-0.180503 4.6873 0.808856
-0.180503 4.6873 0.808856
-0.180503 4.6873 0.808856
-0.180503 4.6873 0.808856
-0.180503 4.6873 0.808856
INDEX = 14
4 5 7
6 7 5
1 2 5
6 5 2
0 1 4
5 4 1
7 6 3
2 3 6
4 7 0
3 0 7
8 1 0
8 2 1
8 3 2
8 0 3
FACE-NORMAL = 14
1.0 0.0 0.0
1.0 0.0 0.0
1.0 0.0 0.0
1.0 0.0 0.0
1.0 0.0 0.0
1.0 0.0 0.0
1.0 0.0 0.0
1.0 0.0 0.0
1.0 0.0 0.0
1.0 0.0 0.0
1.0 0.0 0.0
1.0 0.0 0.0
1.0 0.0 0.0
1.0 0.0 0.0
BONE = 19
BONE_NAME = cannon shot04
PARENT_ID = 16
LOCALTM 
MAT 1.0 0.0 0.0 0.0
MAT 0.0 0.996967 -0.0778214 0.0
MAT 0.0 0.0778215 0.996967 0.0
MAT -1.0505 0.00780773 -1.02555 1.0
WORLDTM 
MAT 1.0 0.0 0.0 0.0
MAT 0.0 0.480075 0.877227 0.0
MAT 0.0 -0.877227 0.480075 0.0
MAT -0.180503 4.6873 0.808856 1.0
VERTEX = 9
0.86744 4.69275 0.801759
0.86744 4.69275 0.801759
0.86744 4.69275 0.801759
0.86744 4.69275 0.801759
0.86744 4.69275 0.801759
0.86744 4.69275 0.801759
0.86744 4.69275 0.801759
0.86744 4.69275 0.801759
0.86744 4.69275 0.801759
INDEX = 14
4 5 7
6 7 5
1 2 5
6 5 2
0 1 4
5 4 1
7 6 3
2 3 6
4 7 0
3 0 7
8 1 0
8 2 1
8 3 2
8 0 3
FACE-NORMAL = 14
1.0 0.0 0.0
1.0 0.0 0.0
1.0 0.0 0.0
1.0 0.0 0.0
1.0 0.0 0.0
1.0 0.0 0.0
1.0 0.0 0.0
1.0 0.0 0.0
1.0 0.0 0.0
1.0 0.0 0.0
1.0 0.0 0.0
1.0 0.0 0.0
1.0 0.0 0.0
1.0 0.0 0.0
BONE = 20
BONE_NAME = Star2Part01boomsmokex04
PARENT_ID = 19
LOCALTM 
MAT 1.35284 -0.000264999 -0.0226953 0.0
MAT -0.0216355 0.487962 -1.1961 0.0
MAT 0.00949956 1.14908 0.507921 0.0
MAT 1.04794 -0.00360847 -0.00818872 1.0
WORLDTM 
MAT 1.35284 0.0197817 -0.011128 0.0
MAT -0.0216355 1.28351 -0.146162 0.0
MAT 0.00949964 0.106084 1.25185 0.0
MAT 0.86744 4.69275 0.801759 1.0
VERTEX = 9
0.861073 4.62288 0.834207
0.861073 4.62288 0.834207
0.861073 4.62288 0.834207
0.861073 4.62288 0.834207
0.861073 4.62288 0.834207
0.861073 4.62288 0.834207
0.861073 4.62288 0.834207
0.861073 4.62288 0.834207
0.861073 4.62288 0.834207
INDEX = 14
4 5 7
6 7 5
1 2 5
6 5 2
0 1 4
5 4 1
7 6 3
2 3 6
4 7 0
3 0 7
8 1 0
8 2 1
8 3 2
8 0 3
FACE-NORMAL = 14
1.0 0.0 0.0
1.0 0.0 0.0
1.0 0.0 0.0
1.0 0.0 0.0
1.0 0.0 0.0
1.0 0.0 0.0
1.0 0.0 0.0
1.0 0.0 0.0
1.0 0.0 0.0
1.0 0.0 0.0
1.0 0.0 0.0
1.0 0.0 0.0
1.0 0.0 0.0
1.0 0.0 0.0
BONE = 21
BONE_NAME = Star2Part01boomfire1x04
PARENT_ID = 19
LOCALTM 
MAT 1.04091 -0.00573719 -0.0164103 0.0
MAT -0.0166467 0.0621178 -0.997778 0.0
MAT 0.00730913 0.958522 0.0645635 0.0
MAT 1.04158 -0.00868654 0.0686808 1.0
WORLDTM 
MAT 1.04091 0.0116413 -0.012911 0.0
MAT -0.0166468 0.905099 -0.424517 0.0
MAT 0.00730918 0.403526 0.871837 0.0
MAT 0.861073 4.62288 0.834207 1.0
VERTEX = 9
0.877569 4.58341 0.852717
0.877569 4.58341 0.852717
0.877569 4.58341 0.852717
0.877569 4.58341 0.852717
0.877569 4.58341 0.852717
0.877569 4.58341 0.852717
0.877569 4.58341 0.852717
0.877569 4.58341 0.852717
0.877569 4.58341 0.852717
INDEX = 14
4 5 7
6 7 5
1 2 5
6 5 2
0 1 4
5 4 1
7 6 3
2 3 6
4 7 0
3 0 7
8 1 0
8 2 1
8 3 2
8 0 3
FACE-NORMAL = 14
1.0 0.0 0.0
1.0 0.0 0.0
1.0 0.0 0.0
1.0 0.0 0.0
1.0 0.0 0.0
1.0 0.0 0.0
1.0 0.0 0.0
1.0 0.0 0.0
1.0 0.0 0.0
1.0 0.0 0.0
1.0 0.0 0.0
1.0 0.0 0.0
1.0 0.0 0.0
1.0 0.0 0.0
BONE = 22
BONE_NAME = Star2Part02boomfire2x04
PARENT_ID = 19
LOCALTM 
MAT 1.04091 -0.00573719 -0.0164103 0.0
MAT -0.0166467 0.0621178 -0.997778 0.0
MAT 0.00730913 0.958522 0.0645635 0.0
MAT 1.05807 -0.0113986 0.11219 1.0
WORLDTM 
MAT 1.04091 0.0116413 -0.012911 0.0
MAT -0.0166468 0.905099 -0.424517 0.0
MAT 0.00730918 0.403526 0.871837 0.0
MAT 0.877569 4.58341 0.852717 1.0
VERTEX = 9
0.903148 2.50064 2.12185
0.903148 2.50064 2.12185
0.903148 2.50064 2.12185
0.903148 2.50064 2.12185
0.903148 2.50064 2.12185
0.903148 2.50064 2.12185
0.903148 2.50064 2.12185
0.903148 2.50064 2.12185
0.903148 2.50064 2.12185
INDEX = 14
4 5 7
6 7 5
1 2 5
6 5 2
0 1 4
5 4 1
7 6 3
2 3 6
4 7 0
3 0 7
8 1 0
8 2 1
8 3 2
8 0 3
FACE-NORMAL = 14
1.0 0.0 0.0
1.0 0.0 0.0
1.0 0.0 0.0
1.0 0.0 0.0
1.0 0.0 0.0
1.0 0.0 0.0
1.0 0.0 0.0
1.0 0.0 0.0
1.0 0.0 0.0
1.0 0.0 0.0
1.0 0.0 0.0
1.0 0.0 0.0
1.0 0.0 0.0
1.0 0.0 0.0
BONE = 23
BONE_NAME = Star2Part10Shells03
PARENT_ID = 13
LOCALTM 
MAT -0.695352 0.285543 0.287846 0.0
MAT 0.405041 0.514937 0.467639 0.0
MAT -0.018252 0.548824 -0.588525 0.0
MAT 0.0331483 1.03594 0.31838 1.0
WORLDTM 
MAT -0.695352 -0.145322 0.378513 0.0
MAT 0.405041 -0.215147 0.661482 0.0
MAT -0.018252 0.761903 0.258985 0.0
MAT 0.903148 2.50064 2.12185 1.0
VERTEX = 9
1.71717 3.06496 1.63771
1.71717 3.06496 1.63771
1.71717 3.06496 1.63771
1.71717 3.06496 1.63771
1.71717 3.06496 1.63771
1.71717 3.06496 1.63771
1.71717 3.06496 1.63771
1.71717 3.06496 1.63771
1.71717 3.06496 1.63771
INDEX = 14
4 5 7
6 7 5
1 2 5
6 5 2
0 1 4
5 4 1
7 6 3
2 3 6
4 7 0
3 0 7
8 1 0
8 2 1
8 3 2
8 0 3
FACE-NORMAL = 14
1.0 0.0 0.0
1.0 0.0 0.0
1.0 0.0 0.0
1.0 0.0 0.0
1.0 0.0 0.0
1.0 0.0 0.0
1.0 0.0 0.0
1.0 0.0 0.0
1.0 0.0 0.0
1.0 0.0 0.0
1.0 0.0 0.0
1.0 0.0 0.0
1.0 0.0 0.0
1.0 0.0 0.0
BONE = 24
BONE_NAME = CannonTop_L
PARENT_ID = 12
LOCALTM 
MAT 1.0 0.0 0.0 0.0
MAT 0.0 1.0 0.0 0.0
MAT 0.0 0.0 1.0 0.0
MAT 0.878105 0.833633 -0.403706 1.0
WORLDTM 
MAT 1.0 0.0 0.0 0.0
MAT 0.0 0.410352 0.911927 0.0
MAT 0.0 -0.911927 0.410352 0.0
MAT 1.71717 3.06496 1.63771 1.0
VERTEX = 9
1.48 3.14373 1.27286
1.48 3.14373 1.27286
1.48 3.14373 1.27286
1.48 3.14373 1.27286
1.48 3.14373 1.27286
1.48 3.14373 1.27286
1.48 3.14373 1.27286
1.48 3.14373 1.27286
1.48 3.14373 1.27286
INDEX = 14
4 5 7
6 7 5
1 2 5
6 5 2
0 1 4
5 4 1
7 6 3
2 3 6
4 7 0
3 0 7
8 1 0
8 2 1
8 3 2
8 0 3
FACE-NORMAL = 14
1.0 0.0 0.0
1.0 0.0 0.0
1.0 0.0 0.0
1.0 0.0 0.0
1.0 0.0 0.0
1.0 0.0 0.0
1.0 0.0 0.0
1.0 0.0 0.0
1.0 0.0 0.0
1.0 0.0 0.0
1.0 0.0 0.0
1.0 0.0 0.0
1.0 0.0 0.0
1.0 0.0 0.0
BONE = 25
BONE_NAME = CannonBody_L_01
PARENT_ID = 12
LOCALTM 
MAT 1.0 0.0 0.0 0.0
MAT 0.0 1.0 0.0 0.0
MAT 0.0 0.0 1.0 0.0
MAT 0.640938 0.533241 -0.625265 1.0
WORLDTM 
MAT 1.0 0.0 0.0 0.0
MAT 0.0 0.410352 0.911927 0.0
MAT 0.0 -0.911927 0.410352 0.0
MAT 1.48 3.14373 1.27286 1.0
VERTEX = 9
1.48 3.39769 1.20188
1.48 3.39769 1.20188
1.48 3.39769 1.20188
1.48 3.39769 1.20188
1.48 3.39769 1.20188
1.48 3.39769 1.20188
1.48 3.39769 1.20188
1.48 3.39769 1.20188
1.48 3.39769 1.20188
INDEX = 14
4 5 7
6 7 5
1 2 5
6 5 2
0 1 4
5 4 1
7 6 3
2 3 6
4 7 0
3 0 7
8 1 0
8 2 1
8 3 2
8 0 3
FACE-NORMAL = 14
1.0 0.0 0.0
1.0 0.0 0.0
1.0 0.0 0.0
1.0 0.0 0.0
1.0 0.0 0.0
1.0 0.0 0.0
1.0 0.0 0.0
1.0 0.0 0.0
1.0 0.0 0.0
1.0 0.0 0.0
1.0 0.0 0.0
1.0 0.0 0.0
1.0 0.0 0.0
1.0 0.0 0.0
BONE = 26
BONE_NAME = CannonBarrel_L_01
PARENT_ID = 25
LOCALTM 
MAT 1.0 0.0 0.0 0.0
MAT 0.0 1.0 0.0 0.0
MAT 0.0 0.0 1.0 0.0
MAT 0.0 0.0394862 -0.26071 1.0
WORLDTM 
MAT 1.0 0.0 0.0 0.0
MAT 0.0 0.410352 0.911927 0.0
MAT 0.0 -0.911927 0.410352 0.0
MAT 1.48 3.39769 1.20188 1.0
VERTEX = 9
1.48 3.39769 1.20188
1.48 3.39769 1.20188
1.48 3.39769 1.20188
1.48 3.39769 1.20188
1.48 3.39769 1.20188
1.48 3.39769 1.20188
1.48 3.39769 1.20188
1.48 3.39769 1.20188
1.48 3.39769 1.20188
INDEX = 14
4 5 7
6 7 5
1 2 5
6 5 2
0 1 4
5 4 1
7 6 3
2 3 6
4 7 0
3 0 7
8 1 0
8 2 1
8 3 2
8 0 3
FACE-NORMAL = 14
1.0 0.0 0.0
1.0 0.0 0.0
1.0 0.0 0.0
1.0 0.0 0.0
1.0 0.0 0.0
1.0 0.0 0.0
1.0 0.0 0.0
1.0 0.0 0.0
1.0 0.0 0.0
1.0 0.0 0.0
1.0 0.0 0.0
1.0 0.0 0.0
1.0 0.0 0.0
1.0 0.0 0.0
BONE = 27
BONE_NAME = CannonTip_L_01
PARENT_ID = 26
LOCALTM 
MAT 1.0 0.0 0.0 0.0
MAT 0.0 1.0 0.0 0.0
MAT 0.0 0.0 1.0 0.0
MAT 0.0 0.0 -2.38419e-007 1.0
WORLDTM 
MAT 1.0 0.0 0.0 0.0
MAT 0.0 0.410352 0.911927 0.0
MAT 0.0 -0.911927 0.410352 0.0
MAT 1.48 3.39769 1.20188 1.0
VERTEX = 9
0.45353 4.22893 0.803715
0.45353 4.22893 0.803715
0.45353 4.22893 0.803715
0.45353 4.22893 0.803715
0.45353 4.22893 0.803715
0.45353 4.22893 0.803715
0.45353 4.22893 0.803715
0.45353 4.22893 0.803715
0.45353 4.22893 0.803715
INDEX = 14
4 5 7
6 7 5
1 2 5
6 5 2
0 1 4
5 4 1
7 6 3
2 3 6
4 7 0
3 0 7
8 1 0
8 2 1
8 3 2
8 0 3
FACE-NORMAL = 14
1.0 0.0 0.0
1.0 0.0 0.0
1.0 0.0 0.0
1.0 0.0 0.0
1.0 0.0 0.0
1.0 0.0 0.0
1.0 0.0 0.0
1.0 0.0 0.0
1.0 0.0 0.0
1.0 0.0 0.0
1.0 0.0 0.0
1.0 0.0 0.0
1.0 0.0 0.0
1.0 0.0 0.0
BONE = 28
BONE_NAME = cannon shot03
PARENT_ID = 26
LOCALTM 
MAT 1.0 0.0 0.0 0.0
MAT 0.0 0.996968 -0.0778214 0.0
MAT 0.0 0.0778214 0.996968 0.0
MAT -1.02647 -0.0219984 -0.921419 1.0
WORLDTM 
MAT 1.0 0.0 0.0 0.0
MAT 0.0 0.480075 0.877228 0.0
MAT 0.0 -0.877227 0.480075 0.0
MAT 0.45353 4.22893 0.803715 1.0
VERTEX = 9
1.49511 4.16451 0.829067
1.49511 4.16451 0.829067
1.49511 4.16451 0.829067
1.49511 4.16451 0.829067
1.49511 4.16451 0.829067
1.49511 4.16451 0.829067
1.49511 4.16451 0.829067
1.49511 4.16451 0.829067
1.49511 4.16451 0.829067
INDEX = 14
4 5 7
6 7 5
1 2 5
6 5 2
0 1 4
5 4 1
7 6 3
2 3 6
4 7 0
3 0 7
8 1 0
8 2 1
8 3 2
8 0 3
FACE-NORMAL = 14
1.0 0.0 0.0
1.0 0.0 0.0
1.0 0.0 0.0
1.0 0.0 0.0
1.0 0.0 0.0
1.0 0.0 0.0
1.0 0.0 0.0
1.0 0.0 0.0
1.0 0.0 0.0
1.0 0.0 0.0
1.0 0.0 0.0
1.0 0.0 0.0
1.0 0.0 0.0
1.0 0.0 0.0
BONE = 29
BONE_NAME = Star2Part01boomfire1x03
PARENT_ID = 28
LOCALTM 
MAT 1.04091 -0.00573719 -0.0164103 0.0
MAT -0.0166467 0.0621178 -0.997779 0.0
MAT 0.00730914 0.958522 0.0645635 0.0
MAT 1.04158 -0.00868678 0.068681 1.0
WORLDTM 
MAT 1.04091 0.0116413 -0.0129111 0.0
MAT -0.0166468 0.9051 -0.424517 0.0
MAT 0.00730918 0.403526 0.871837 0.0
MAT 1.49511 4.16451 0.829067 1.0
VERTEX = 9
1.50147 4.23438 0.796618
1.50147 4.23438 0.796618
1.50147 4.23438 0.796618
1.50147 4.23438 0.796618
1.50147 4.23438 0.796618
1.50147 4.23438 0.796618
1.50147 4.23438 0.796618
1.50147 4.23438 0.796618
1.50147 4.23438 0.796618
INDEX = 14
4 5 7
6 7 5
1 2 5
6 5 2
0 1 4
5 4 1
7 6 3
2 3 6
4 7 0
3 0 7
8 1 0
8 2 1
8 3 2
8 0 3
FACE-NORMAL = 14
1.0 0.0 0.0
1.0 0.0 0.0
1.0 0.0 0.0
1.0 0.0 0.0
1.0 0.0 0.0
1.0 0.0 0.0
1.0 0.0 0.0
1.0 0.0 0.0
1.0 0.0 0.0
1.0 0.0 0.0
1.0 0.0 0.0
1.0 0.0 0.0
1.0 0.0 0.0
1.0 0.0 0.0
BONE = 30
BONE_NAME = Star2Part01boomsmokex03
PARENT_ID = 28
LOCALTM 
MAT 1.35284 -0.000264995 -0.0226953 0.0
MAT -0.0216355 0.487962 -1.1961 0.0
MAT 0.00949957 1.14908 0.507921 0.0
MAT 1.04794 -0.00360894 -0.00818825 1.0
WORLDTM 
MAT 1.35284 0.0197817 -0.011128 0.0
MAT -0.0216355 1.28351 -0.146162 0.0
MAT 0.00949965 0.106084 1.25185 0.0
MAT 1.50147 4.23438 0.796618 1.0
VERTEX = 9
1.5116 4.12504 0.847575
1.5116 4.12504 0.847575
1.5116 4.12504 0.847575
1.5116 4.12504 0.847575
1.5116 4.12504 0.847575
1.5116 4.12504 0.847575
1.5116 4.12504 0.847575
1.5116 4.12504 0.847575
1.5116 4.12504 0.847575
INDEX = 14
4 5 7
6 7 5
1 2 5
6 5 2
0 1 4
5 4 1
7 6 3
2 3 6
4 7 0
3 0 7
8 1 0
8 2 1
8 3 2
8 0 3
FACE-NORMAL = 14
1.0 0.0 0.0
1.0 0.0 0.0
1.0 0.0 0.0
1.0 0.0 0.0
1.0 0.0 0.0
1.0 0.0 0.0
1.0 0.0 0.0
1.0 0.0 0.0
1.0 0.0 0.0
1.0 0.0 0.0
1.0 0.0 0.0
1.0 0.0 0.0
1.0 0.0 0.0
1.0 0.0 0.0
BONE = 31
BONE_NAME = Star2Part02boomfire2x03
PARENT_ID = 28
LOCALTM 
MAT 1.04091 -0.00573719 -0.0164103 0.0
MAT -0.0166467 0.0621178 -0.997779 0.0
MAT 0.00730914 0.958522 0.0645635 0.0
MAT 1.05807 -0.0113988 0.11219 1.0
WORLDTM 
MAT 1.04091 0.0116413 -0.0129111 0.0
MAT -0.0166468 0.9051 -0.424517 0.0
MAT 0.00730918 0.403526 0.871837 0.0
MAT 1.5116 4.12504 0.847575 1.0
VERTEX = 9
1.49774 4.30636 0.761461
1.49774 4.30636 0.761461
1.49774 4.30636 0.761461
1.49774 4.30636 0.761461
1.49774 4.30636 0.761461
1.49774 4.30636 0.761461
1.49774 4.30636 0.761461
1.49774 4.30636 0.761461
1.49774 4.30636 0.761461
INDEX = 14
4 5 7
6 7 5
1 2 5
6 5 2
0 1 4
5 4 1
7 6 3
2 3 6
4 7 0
3 0 7
8 1 0
8 2 1
8 3 2
8 0 3
FACE-NORMAL = 14
1.0 0.0 0.0
1.0 0.0 0.0
1.0 0.0 0.0
1.0 0.0 0.0
1.0 0.0 0.0
1.0 0.0 0.0
1.0 0.0 0.0
1.0 0.0 0.0
1.0 0.0 0.0
1.0 0.0 0.0
1.0 0.0 0.0
1.0 0.0 0.0
1.0 0.0 0.0
1.0 0.0 0.0
BONE = 32
BONE_NAME = Ref_Weapon 04
PARENT_ID = 26
LOCALTM 
MAT 0.999551 0.0274457 -0.0120186 0.0
MAT -0.0277694 0.999232 -0.0276524 0.0
MAT 0.0112505 0.0279737 0.999545 0.0
MAT 0.0177381 -0.0287547 -1.00937 1.0
WORLDTM 
MAT 0.999551 0.0222225 0.0200965 0.0
MAT -0.0277694 0.435254 0.899879 0.0
MAT 0.0112505 -0.900033 0.435676 0.0
MAT 1.49774 4.30636 0.761461 1.0
VERTEX = 9
1.18722 2.15486 1.87502
1.18722 2.15486 1.87502
1.18722 2.15486 1.87502
1.18722 2.15486 1.87502
1.18722 2.15486 1.87502
1.18722 2.15486 1.87502
1.18722 2.15486 1.87502
1.18722 2.15486 1.87502
1.18722 2.15486 1.87502
INDEX = 14
4 5 7
6 7 5
1 2 5
6 5 2
0 1 4
5 4 1
7 6 3
2 3 6
4 7 0
3 0 7
8 1 0
8 2 1
8 3 2
8 0 3
FACE-NORMAL = 14
1.0 0.0 0.0
1.0 0.0 0.0
1.0 0.0 0.0
1.0 0.0 0.0
1.0 0.0 0.0
1.0 0.0 0.0
1.0 0.0 0.0
1.0 0.0 0.0
1.0 0.0 0.0
1.0 0.0 0.0
1.0 0.0 0.0
1.0 0.0 0.0
1.0 0.0 0.0
1.0 0.0 0.0
BONE = 33
BONE_NAME = Vol_Target 06
PARENT_ID = 26
LOCALTM 
MAT 0.933119 -0.697046 0.0107533 0.0
MAT 9.08145e-007 -0.0521696 -0.648822 0.0
MAT 0.497632 1.30704 -0.0201627 0.0
MAT -0.292776 0.103853 1.4096 1.0
WORLDTM 
MAT 0.933119 -0.295841 -0.631242 0.0
MAT 8.79783e-007 0.57027 -0.31382 0.0
MAT 0.497632 0.554735 1.18365 0.0
MAT 1.18722 2.15486 1.87502 1.0
VERTEX = 9
1.74029 3.12064 1.72704
1.74029 3.12064 1.72704
1.74029 3.12064 1.72704
1.74029 3.12064 1.72704
1.74029 3.12064 1.72704
1.74029 3.12064 1.72704
1.74029 3.12064 1.72704
1.74029 3.12064 1.72704
1.74029 3.12064 1.72704
INDEX = 14
4 5 7
6 7 5
1 2 5
6 5 2
0 1 4
5 4 1
7 6 3
2 3 6
4 7 0
3 0 7
8 1 0
8 2 1
8 3 2
8 0 3
FACE-NORMAL = 14
1.0 0.0 0.0
1.0 0.0 0.0
1.0 0.0 0.0
1.0 0.0 0.0
1.0 0.0 0.0
1.0 0.0 0.0
1.0 0.0 0.0
1.0 0.0 0.0
1.0 0.0 0.0
1.0 0.0 0.0
1.0 0.0 0.0
1.0 0.0 0.0
1.0 0.0 0.0
1.0 0.0 0.0
BONE = 34
BONE_NAME = Star2Part10Shells02
PARENT_ID = 25
LOCALTM 
MAT -0.695352 0.285543 0.287847 0.0
MAT 0.405041 0.514936 0.467639 0.0
MAT -0.018252 0.548824 -0.588525 0.0
MAT 0.260292 0.404707 0.207442 1.0
WORLDTM 
MAT -0.695352 -0.145322 0.378513 0.0
MAT 0.40504 -0.215147 0.661481 0.0
MAT -0.018252 0.761903 0.258985 0.0
MAT 1.74029 3.12064 1.72704 1.0
VERTEX = 9
1.69682 3.35999 1.58378
1.69682 3.35999 1.58378
1.69682 3.35999 1.58378
1.69682 3.35999 1.58378
1.69682 3.35999 1.58378
1.69682 3.35999 1.58378
1.69682 3.35999 1.58378
1.69682 3.35999 1.58378
1.69682 3.35999 1.58378
INDEX = 14
4 5 7
6 7 5
1 2 5
6 5 2
0 1 4
5 4 1
7 6 3
2 3 6
4 7 0
3 0 7
8 1 0
8 2 1
8 3 2
8 0 3
FACE-NORMAL = 14
1.0 0.0 0.0
1.0 0.0 0.0
1.0 0.0 0.0
1.0 0.0 0.0
1.0 0.0 0.0
1.0 0.0 0.0
1.0 0.0 0.0
1.0 0.0 0.0
1.0 0.0 0.0
1.0 0.0 0.0
1.0 0.0 0.0
1.0 0.0 0.0
1.0 0.0 0.0
1.0 0.0 0.0
BONE = 35
BONE_NAME = Star2Part01exhaust09
PARENT_ID = 25
LOCALTM 
MAT -0.968867 0.277081 -0.0232911 0.0
MAT 0.270884 0.959606 0.147632 0.0
MAT 0.0627558 0.135644 -0.996835 0.0
MAT 0.216824 0.372279 -0.0696192 1.0
WORLDTM 
MAT -0.968867 0.134941 0.24312 0.0
MAT 0.270884 0.259147 0.935672 0.0
MAT 0.0627558 0.964702 -0.285355 0.0
MAT 1.69682 3.35999 1.58378 1.0
VERTEX = 9
1.75065 3.17135 1.64621
1.75065 3.17135 1.64621
1.75065 3.17135 1.64621
1.75065 3.17135 1.64621
1.75065 3.17135 1.64621
1.75065 3.17135 1.64621
1.75065 3.17135 1.64621
1.75065 3.17135 1.64621
1.75065 3.17135 1.64621
INDEX = 14
4 5 7
6 7 5
1 2 5
6 5 2
0 1 4
5 4 1
7 6 3
2 3 6
4 7 0
3 0 7
8 1 0
8 2 1
8 3 2
8 0 3
FACE-NORMAL = 14
1.0 0.0 0.0
1.0 0.0 0.0
1.0 0.0 0.0
1.0 0.0 0.0
1.0 0.0 0.0
1.0 0.0 0.0
1.0 0.0 0.0
1.0 0.0 0.0
1.0 0.0 0.0
1.0 0.0 0.0
1.0 0.0 0.0
1.0 0.0 0.0
1.0 0.0 0.0
1.0 0.0 0.0
BONE = 36
BONE_NAME = CannonFlip_L_01
PARENT_ID = 12
LOCALTM 
MAT 0.258819 -0.965925 -5.3674e-005 0.0
MAT 0.965926 0.258819 -0.000134557 0.0
MAT 0.000143864 -1.69873e-005 1.0 0.0
MAT 0.911589 0.885045 -0.497236 1.0
WORLDTM 
MAT 0.258819 -0.396321 -0.880876 0.0
MAT 0.965926 0.10633 0.235969 0.0
MAT 0.000143904 -0.911934 0.410337 0.0
MAT 1.75065 3.17135 1.64621 1.0
VERTEX = 9
1.53266 3.12354 1.49248
1.53266 3.12354 1.49248
1.53266 3.12354 1.49248
1.53266 3.12354 1.49248
1.53266 3.12354 1.49248
1.53266 3.12354 1.49248
1.53266 3.12354 1.49248
1.53266 3.12354 1.49248
1.53266 3.12354 1.49248
INDEX = 14
4 5 7
6 7 5
1 2 5
6 5 2
0 1 4
5 4 1
7 6 3
2 3 6
4 7 0
3 0 7
8 1 0
8 2 1
8 3 2
8 0 3
FACE-NORMAL = 14
1.0 0.0 0.0
1.0 0.0 0.0
1.0 0.0 0.0
1.0 0.0 0.0
1.0 0.0 0.0
1.0 0.0 0.0
1.0 0.0 0.0
1.0 0.0 0.0
1.0 0.0 0.0
1.0 0.0 0.0
1.0 0.0 0.0
1.0 0.0 0.0
1.0 0.0 0.0
1.0 0.0 0.0
BONE = 37
BONE_NAME = CannonChamber_L_01
PARENT_ID = 12
LOCALTM 
MAT 1.0 1.19209e-007 0.0 0.0
MAT 0.0 1.0 0.0 0.0
MAT 0.0 0.0 1.0 0.0
MAT 0.693595 0.725236 -0.516726 1.0
WORLDTM 
MAT 1.0 0.0 0.0 0.0
MAT 0.0 0.410352 0.911927 0.0
MAT 0.0 -0.911927 0.410352 0.0
MAT 1.53266 3.12354 1.49248 1.0
VERTEX = 9
1.08678 2.56782 1.41357
1.08678 2.56782 1.41357
1.08678 2.56782 1.41357
1.08678 2.56782 1.41357
1.08678 2.56782 1.41357
1.08678 2.56782 1.41357
1.08678 2.56782 1.41357
1.08678 2.56782 1.41357
1.08678 2.56782 1.41357
INDEX = 14
4 5 7
6 7 5
1 2 5
6 5 2
0 1 4
5 4 1
7 6 3
2 3 6
4 7 0
3 0 7
8 1 0
8 2 1
8 3 2
8 0 3
FACE-NORMAL = 14
1.0 0.0 0.0
1.0 0.0 0.0
1.0 0.0 0.0
1.0 0.0 0.0
1.0 0.0 0.0
1.0 0.0 0.0
1.0 0.0 0.0
1.0 0.0 0.0
1.0 0.0 0.0
1.0 0.0 0.0
1.0 0.0 0.0
1.0 0.0 0.0
1.0 0.0 0.0
1.0 0.0 0.0
BONE = 38
BONE_NAME = Star2Part01sparks
PARENT_ID = 12
LOCALTM 
MAT -0.0725765 1.13151 0.500537 0.0
MAT 0.790153 -0.38945 0.87433 0.0
MAT 1.0629 0.366774 -0.615791 0.0
MAT 0.247717 0.425232 -0.0423284 1.0
WORLDTM 
MAT -0.0725764 0.00786582 1.23725 0.0
MAT 0.790153 -0.957137 0.0036332 0.0
MAT 1.0629 0.712063 0.0817797 0.0
MAT 1.08678 2.56782 1.41357 1.0
VERTEX = 9
1.18005 1.77297 1.99492
1.18005 1.77297 1.99492
1.18005 1.77297 1.99492
1.18005 1.77297 1.99492
1.18005 1.77297 1.99492
1.18005 1.77297 1.99492
1.18005 1.77297 1.99492
1.18005 1.77297 1.99492
1.18005 1.77297 1.99492
INDEX = 14
4 5 7
6 7 5
1 2 5
6 5 2
0 1 4
5 4 1
7 6 3
2 3 6
4 7 0
3 0 7
8 1 0
8 2 1
8 3 2
8 0 3
FACE-NORMAL = 14
1.0 0.0 0.0
1.0 0.0 0.0
1.0 0.0 0.0
1.0 0.0 0.0
1.0 0.0 0.0
1.0 0.0 0.0
1.0 0.0 0.0
1.0 0.0 0.0
1.0 0.0 0.0
1.0 0.0 0.0
1.0 0.0 0.0
1.0 0.0 0.0
1.0 0.0 0.0
1.0 0.0 0.0
BONE = 39
BONE_NAME = HitTestFuzzy02
PARENT_ID = 12
LOCALTM 
MAT 1.0 0.0 0.0 0.0
MAT 0.0 -0.00209722 -0.704333 0.0
MAT 0.0 0.999998 -0.00147718 0.0
MAT 0.340986 0.629213 0.921074 1.0
WORLDTM 
MAT 1.0 0.0 0.0 0.0
MAT 0.0 0.641439 -0.290937 0.0
MAT 0.0 0.411698 0.911319 0.0
MAT 1.18005 1.77297 1.99492 1.0
VERTEX = 9
1.28162 2.96296 1.62807
1.28162 2.96296 1.62807
1.28162 2.96296 1.62807
1.28162 2.96296 1.62807
1.28162 2.96296 1.62807
1.28162 2.96296 1.62807
1.28162 2.96296 1.62807
1.28162 2.96296 1.62807
1.28162 2.96296 1.62807
INDEX = 14
4 5 7
6 7 5
1 2 5
6 5 2
0 1 4
5 4 1
7 6 3
2 3 6
4 7 0
3 0 7
8 1 0
8 2 1
8 3 2
8 0 3
FACE-NORMAL = 14
1.0 0.0 0.0
1.0 0.0 0.0
1.0 0.0 0.0
1.0 0.0 0.0
1.0 0.0 0.0
1.0 0.0 0.0
1.0 0.0 0.0
1.0 0.0 0.0
1.0 0.0 0.0
1.0 0.0 0.0
1.0 0.0 0.0
1.0 0.0 0.0
1.0 0.0 0.0
1.0 0.0 0.0
BONE = 40
BONE_NAME = Vol_Target 03
PARENT_ID = 12
LOCALTM 
MAT 0.526279 -0.0763249 -0.348132 0.0
MAT -0.714534 0.226067 -0.240355 0.0
MAT 0.288692 0.698672 0.0397401 0.0
MAT 0.442559 0.782991 -0.314645 1.0
WORLDTM 
MAT 0.526279 0.286151 -0.21246 0.0
MAT -0.714534 0.311954 0.107527 0.0
MAT 0.288692 0.250461 0.653445 0.0
MAT 1.28162 2.96296 1.62807 1.0
VERTEX = 9
-0.00119234 2.30579 0.0801687
-0.00119234 2.30579 0.0801687
-0.00119234 2.30579 0.0801687
-0.00119234 2.30579 0.0801687
-0.00119234 2.30579 0.0801687
-0.00119234 2.30579 0.0801687
-0.00119234 2.30579 0.0801687
-0.00119234 2.30579 0.0801687
-0.00119234 2.30579 0.0801687
INDEX = 14
4 5 7
6 7 5
1 2 5
6 5 2
0 1 4
5 4 1
7 6 3
2 3 6
4 7 0
3 0 7
8 1 0
8 2 1
8 3 2
8 0 3
FACE-NORMAL = 14
1.0 0.0 0.0
1.0 0.0 0.0
1.0 0.0 0.0
1.0 0.0 0.0
1.0 0.0 0.0
1.0 0.0 0.0
1.0 0.0 0.0
1.0 0.0 0.0
1.0 0.0 0.0
1.0 0.0 0.0
1.0 0.0 0.0
1.0 0.0 0.0
1.0 0.0 0.0
1.0 0.0 0.0
BONE = 41
BONE_NAME = Unit_Terran_Thor_Torso06
PARENT_ID = 2
LOCALTM 
MAT 1.0 0.0 0.0 0.0
MAT 0.0 1.0 0.0 0.0
MAT 0.0 0.0 1.0 0.0
MAT -0.00104809 0.0286057 -0.00864167 1.0
WORLDTM 
MAT 1.0 0.0 0.0 0.0
MAT 0.0 0.999909 0.0134918 0.0
MAT 0.0 -0.0134918 0.999909 0.0
MAT -0.00119234 2.30579 0.0801687 1.0
VERTEX = 9
-0.00447026 3.30957 -0.33682
-0.00447026 3.30957 -0.33682
-0.00447026 3.30957 -0.33682
-0.00447026 3.30957 -0.33682
-0.00447026 3.30957 -0.33682
-0.00447026 3.30957 -0.33682
-0.00447026 3.30957 -0.33682
-0.00447026 3.30957 -0.33682
-0.00447026 3.30957 -0.33682
INDEX = 14
4 5 7
6 7 5
1 2 5
6 5 2
0 1 4
5 4 1
7 6 3
2 3 6
4 7 0
3 0 7
8 1 0
8 2 1
8 3 2
8 0 3
FACE-NORMAL = 14
1.0 0.0 0.0
1.0 0.0 0.0
1.0 0.0 0.0
1.0 0.0 0.0
1.0 0.0 0.0
1.0 0.0 0.0
1.0 0.0 0.0
1.0 0.0 0.0
1.0 0.0 0.0
1.0 0.0 0.0
1.0 0.0 0.0
1.0 0.0 0.0
1.0 0.0 0.0
1.0 0.0 0.0
BONE = 42
BONE_NAME = Unit_Terran_Thor_MissilePod07
PARENT_ID = 41
LOCALTM 
MAT 1.0 0.0 0.0 0.0
MAT 0.0 0.115393 0.99332 0.0
MAT 0.0 -0.99332 0.115393 0.0
MAT -0.00327787 0.998063 -0.430493 1.0
WORLDTM 
MAT 1.0 0.0 0.0 0.0
MAT 0.0 0.101981 0.994787 0.0
MAT 0.0 -0.994787 0.101981 0.0
MAT -0.00447026 3.30957 -0.33682 1.0
VERTEX = 9
-0.00119232 3.91635 0.41593
-0.00119232 3.91635 0.41593
-0.00119232 3.91635 0.41593
-0.00119232 3.91635 0.41593
-0.00119232 3.91635 0.41593
-0.00119232 3.91635 0.41593
-0.00119232 3.91635 0.41593
-0.00119232 3.91635 0.41593
-0.00119232 3.91635 0.41593
INDEX = 14
4 5 7
6 7 5
1 2 5
6 5 2
0 1 4
5 4 1
7 6 3
2 3 6
4 7 0
3 0 7
8 1 0
8 2 1
8 3 2
8 0 3
FACE-NORMAL = 14
1.0 0.0 0.0
1.0 0.0 0.0
1.0 0.0 0.0
1.0 0.0 0.0
1.0 0.0 0.0
1.0 0.0 0.0
1.0 0.0 0.0
1.0 0.0 0.0
1.0 0.0 0.0
1.0 0.0 0.0
1.0 0.0 0.0
1.0 0.0 0.0
1.0 0.0 0.0
1.0 0.0 0.0
BONE = 43
BONE_NAME = Object20
PARENT_ID = 2
LOCALTM 
MAT 1.0 0.0 0.0 0.0
MAT 0.0 1.0 0.0 0.0
MAT 0.0 0.0 1.0 0.0
MAT -0.00104806 1.64355 0.305359 1.0
WORLDTM 
MAT 1.0 0.0 0.0 0.0
MAT 0.0 0.999909 0.0134918 0.0
MAT 0.0 -0.0134918 0.999909 0.0
MAT -0.00119232 3.91635 0.41593 1.0
VERTEX = 9
-0.00119248 2.84609 -0.416188
-0.00119248 2.84609 -0.416188
-0.00119248 2.84609 -0.416188
-0.00119248 2.84609 -0.416188
-0.00119248 2.84609 -0.416188
-0.00119248 2.84609 -0.416188
-0.00119248 2.84609 -0.416188
-0.00119248 2.84609 -0.416188
-0.00119248 2.84609 -0.416188
INDEX = 14
4 5 7
6 7 5
1 2 5
6 5 2
0 1 4
5 4 1
7 6 3
2 3 6
4 7 0
3 0 7
8 1 0
8 2 1
8 3 2
8 0 3
FACE-NORMAL = 14
1.0 0.0 0.0
1.0 0.0 0.0
1.0 0.0 0.0
1.0 0.0 0.0
1.0 0.0 0.0
1.0 0.0 0.0
1.0 0.0 0.0
1.0 0.0 0.0
1.0 0.0 0.0
1.0 0.0 0.0
1.0 0.0 0.0
1.0 0.0 0.0
1.0 0.0 0.0
1.0 0.0 0.0
BONE = 44
BONE_NAME = Object19
PARENT_ID = 2
LOCALTM 
MAT 1.0 0.0 0.0 0.0
MAT 0.0 1.0 0.0 0.0
MAT 0.0 0.0 1.0 0.0
MAT -0.00104819 0.562162 -0.512243 1.0
WORLDTM 
MAT 1.0 0.0 0.0 0.0
MAT 0.0 0.999909 0.0134918 0.0
MAT 0.0 -0.0134918 0.999909 0.0
MAT -0.00119248 2.84609 -0.416188 1.0
VERTEX = 9
-0.00131352 3.53064 -0.294403
-0.00131352 3.53064 -0.294403
-0.00131352 3.53064 -0.294403
-0.00131352 3.53064 -0.294403
-0.00131352 3.53064 -0.294403
-0.00131352 3.53064 -0.294403
-0.00131352 3.53064 -0.294403
-0.00131352 3.53064 -0.294403
-0.00131352 3.53064 -0.294403
INDEX = 14
4 5 7
6 7 5
1 2 5
6 5 2
0 1 4
5 4 1
7 6 3
2 3 6
4 7 0
3 0 7
8 1 0
8 2 1
8 3 2
8 0 3
FACE-NORMAL = 14
1.0 0.0 0.0
1.0 0.0 0.0
1.0 0.0 0.0
1.0 0.0 0.0
1.0 0.0 0.0
1.0 0.0 0.0
1.0 0.0 0.0
1.0 0.0 0.0
1.0 0.0 0.0
1.0 0.0 0.0
1.0 0.0 0.0
1.0 0.0 0.0
1.0 0.0 0.0
1.0 0.0 0.0
BONE = 45
BONE_NAME = Unit_Terran_Thor_BlastShield03
PARENT_ID = 44
LOCALTM 
MAT 0.9199 0.0 0.0 0.0
MAT 0.0 0.782723 -0.483282 0.0
MAT 0.0 0.483282 0.782723 0.0
MAT -0.000121036 0.68613 0.112538 1.0
WORLDTM 
MAT 0.9199 0.0 0.0 0.0
MAT 0.0 0.789172 -0.472677 0.0
MAT 0.0 0.472677 0.789172 0.0
MAT -0.00131352 3.53064 -0.294403 1.0
VERTEX = 9
-0.871471 2.67917 0.208698
-0.871471 2.67917 0.208698
-0.871471 2.67917 0.208698
-0.871471 2.67917 0.208698
-0.871471 2.67917 0.208698
-0.871471 2.67917 0.208698
-0.871471 2.67917 0.208698
-0.871471 2.67917 0.208698
-0.871471 2.67917 0.208698
INDEX = 14
4 5 7
6 7 5
1 2 5
6 5 2
0 1 4
5 4 1
7 6 3
2 3 6
4 7 0
3 0 7
8 1 0
8 2 1
8 3 2
8 0 3
FACE-NORMAL = 14
1.0 0.0 0.0
1.0 0.0 0.0
1.0 0.0 0.0
1.0 0.0 0.0
1.0 0.0 0.0
1.0 0.0 0.0
1.0 0.0 0.0
1.0 0.0 0.0
1.0 0.0 0.0
1.0 0.0 0.0
1.0 0.0 0.0
1.0 0.0 0.0
1.0 0.0 0.0
1.0 0.0 0.0
BONE = 46
BONE_NAME = CannonMount_R
PARENT_ID = 2
LOCALTM 
MAT 1.0 0.0 0.0 0.0
MAT 0.0 -0.707107 -0.707107 0.0
MAT 0.0 0.707107 -0.707107 0.0
MAT -0.871327 0.403682 0.114839 1.0
WORLDTM 
MAT 1.0 0.0 0.0 0.0
MAT 0.0 -0.697503 -0.716583 0.0
MAT 0.0 0.716582 -0.697503 0.0
MAT -0.871471 2.67917 0.208698 1.0
VERTEX = 9
-0.894095 2.35424 1.0449
-0.894095 2.35424 1.0449
-0.894095 2.35424 1.0449
-0.894095 2.35424 1.0449
-0.894095 2.35424 1.0449
-0.894095 2.35424 1.0449
-0.894095 2.35424 1.0449
-0.894095 2.35424 1.0449
-0.894095 2.35424 1.0449
INDEX = 14
4 5 7
6 7 5
1 2 5
6 5 2
0 1 4
5 4 1
7 6 3
2 3 6
4 7 0
3 0 7
8 1 0
8 2 1
8 3 2
8 0 3
FACE-NORMAL = 14
1.0 0.0 0.0
1.0 0.0 0.0
1.0 0.0 0.0
1.0 0.0 0.0
1.0 0.0 0.0
1.0 0.0 0.0
1.0 0.0 0.0
1.0 0.0 0.0
1.0 0.0 0.0
1.0 0.0 0.0
1.0 0.0 0.0
1.0 0.0 0.0
1.0 0.0 0.0
1.0 0.0 0.0
BONE = 47
BONE_NAME = CannonPivot_R
PARENT_ID = 46
LOCALTM 
MAT 1.0 0.0 0.0 0.0
MAT 0.0 0.939693 0.34202 0.0
MAT 0.0 -0.34202 0.939693 0.0
