EXPORTER_V17
ANIMATION_EXPORT
BONEOBJECT_COUNT = 43
VERTEX = 9
0.00758971 -0.00758971 -0.00758971
0.00758971 0.00758971 -0.00758971
0.00758971 0.00758971 0.00758971
0.00758971 -0.00758971 0.00758971
0.0 -0.000758971 -0.000758971
0.0 0.000758971 -0.000758971
0.0 0.000758971 0.000758971
0.0 -0.000758971 0.000758971
0.0 0.0 0.0
INDEX = 14
4 5 7
6 7 5
1 2 5
6 5 2
0 1 4
5 4 1
7 6 3
2 3 6
4 7 0
3 0 7
8 1 0
8 2 1
8 3 2
8 0 3
FACE-NORMAL = 14
1.0 0.0 0.0
1.0 0.0 0.0
0.668965 -0.743294 0.0
0.668965 -0.743294 0.0
0.668965 0.0 0.743294
0.668965 0.0 0.743294
0.668965 0.0 -0.743294
0.668965 0.0 -0.743294
0.668965 0.743294 0.0
0.668965 0.743294 0.0
-0.707107 0.0 -0.707107
-0.707107 0.707107 0.0
-0.707107 0.0 0.707107
-0.707107 -0.707107 0.0
BONE = 0
BONE_NAME = Main
PARENT_ID = -1
LOCALTM 
MAT 1.51794 0.0 0.0 0.0
MAT 0.0 0.0 -1.51794 0.0
MAT 0.0 1.51794 0.0 0.0
MAT 0.0 0.0 0.0 1.0
WORLDTM 
MAT 1.51794 0.0 0.0 0.0
MAT 0.0 0.0 -1.51794 0.0
MAT 0.0 1.51794 0.0 0.0
MAT 0.0 0.0 0.0 1.0
VERTEX = 9
-0.00216717 0.601568 0.0788109
-0.00216717 0.616748 0.0788109
0.00115256 0.616748 0.0936229
0.00115256 0.601568 0.0936229
-0.00807927 0.608399 0.0871362
-0.00807927 0.609917 0.0871362
-0.0077473 0.609917 0.0886174
-0.0077473 0.608399 0.0886174
-0.00791329 0.609158 0.0878768
INDEX = 14
4 5 7
6 7 5
1 2 5
6 5 2
0 1 4
5 4 1
7 6 3
2 3 6
4 7 0
3 0 7
8 1 0
8 2 1
8 3 2
8 0 3
FACE-NORMAL = 14
0.975792 0.0 -0.218699
0.975792 0.0 -0.218699
0.652771 -0.743294 -0.146302
0.652771 -0.743294 -0.146302
0.815329 0.0 0.578999
0.815329 0.0 0.578998
0.490213 0.0 -0.871603
0.490213 0.0 -0.871603
0.652771 0.743294 -0.146302
0.652771 0.743294 -0.146302
-0.844633 0.0 -0.535345
-0.689989 0.707107 0.154644
-0.535345 0.0 0.844633
-0.689989 -0.707107 0.154644
BONE = 1
BONE_NAME = Root
PARENT_ID = 0
LOCALTM 
MAT 0.975793 0.218699 0.0 0.0
MAT -0.218699 0.975793 0.0 0.0
MAT 0.0 0.0 1.0 0.0
MAT -0.00521317 -0.0578921 0.401305 1.0
WORLDTM 
MAT 1.4812 0.0 -0.331973 0.0
MAT -0.331973 -1.59454e-007 -1.4812 0.0
MAT 0.0 1.51794 -1.58767e-007 0.0
MAT -0.00791329 0.609158 0.0878768 1.0
VERTEX = 9
-0.0188188 0.609104 0.0652474
-0.00905744 0.609055 0.0630766
-0.0068865 0.609072 0.0728381
-0.0166479 0.609121 0.0750089
-0.0134271 0.61409 0.0686497
-0.012451 0.614085 0.0684326
-0.0122339 0.614087 0.0694088
-0.01321 0.614091 0.0696258
-0.0128305 0.614088 0.0690292
INDEX = 14
4 5 7
6 7 5
1 2 5
6 5 2
0 1 4
5 4 1
7 6 3
2 3 6
4 7 0
3 0 7
8 1 0
8 2 1
8 3 2
8 0 3
FACE-NORMAL = 14
-0.00443429 -0.999987 0.00269937
-0.00443429 -0.999987 0.00269937
-0.728526 -0.665303 0.163163
-0.728526 -0.665303 0.163163
0.158398 -0.667713 0.727372
0.158398 -0.667713 0.727372
-0.164331 -0.670199 -0.72376
-0.164331 -0.670199 -0.72376
0.722593 -0.672609 -0.159551
0.722593 -0.672609 -0.159551
-0.150373 0.705915 -0.692151
0.693371 0.703622 -0.15541
0.156644 0.70828 0.688333
-0.6871 0.710572 0.151593
BONE = 2
BONE_NAME = Pelvis
PARENT_ID = 1
LOCALTM 
MAT -0.00323944 -0.00109631 -0.658778 0.0
MAT 0.00108339 0.658785 -0.00110165 0.0
MAT 0.658777 -0.00108878 -0.00323763 0.0
MAT -0.000445489 0.0128244 0.00324795 1.0
WORLDTM 
MAT -0.00443429 -0.999987 0.00269937 0.0
MAT -0.217094 -0.00167235 -0.97615 0.0
MAT 0.97614 -0.00491454 -0.217084 0.0
MAT -0.0128305 0.614088 0.0690292 1.0
VERTEX = 9
0.0645905 0.570904 0.0433035
0.0738962 0.574261 0.0447632
0.0747598 0.568373 0.0527999
0.0654541 0.565016 0.0513402
0.0673878 0.573441 0.0504613
0.0683184 0.573777 0.0506073
0.0684048 0.573188 0.051411
0.0674742 0.572852 0.051265
0.0678963 0.573315 0.0509362
INDEX = 14
4 5 7
6 7 5
1 2 5
6 5 2
0 1 4
5 4 1
7 6 3
2 3 6
4 7 0
3 0 7
8 1 0
8 2 1
8 3 2
8 0 3
FACE-NORMAL = 14
0.355772 -0.735268 -0.576894
0.355772 -0.735268 -0.576894
-0.45369 -0.741427 -0.49442
-0.45369 -0.741427 -0.49442
0.302193 -0.929501 0.211442
0.302193 -0.929501 0.211442
0.173805 -0.0542366 -0.983285
0.173805 -0.0542364 -0.983285
0.929689 -0.24231 -0.277424
0.929689 -0.24231 -0.277424
-0.312638 0.936239 -0.160355
0.406446 0.757322 0.511142
-0.1905 0.103587 0.976207
-0.909584 0.282504 0.30471
BONE = 3
BONE_NAME = Bone13
PARENT_ID = 2
LOCALTM 
MAT 0.732124 0.487128 0.476132 0.0
MAT -0.590553 0.802268 0.0872671 0.0
MAT -0.339475 -0.345071 0.875033 0.0
MAT 0.0403661 0.000204407 0.0829288 1.0
WORLDTM 
MAT 0.355773 -0.735269 -0.576895 0.0
MAT -0.0863641 0.588774 -0.803672 0.0
MAT 0.930574 0.335747 0.14597 0.0
MAT 0.0678963 0.573315 0.0509362 1.0
VERTEX = 9
0.179686 0.329334 -0.134536
0.188963 0.33274 -0.133003
0.185474 0.339176 -0.12619
0.176198 0.33577 -0.127724
0.181624 0.33719 -0.13436
0.182552 0.337531 -0.134206
0.182203 0.338174 -0.133525
0.181275 0.337834 -0.133678
0.181913 0.337682 -0.133942
INDEX = 14
4 5 7
6 7 5
1 2 5
6 5 2
0 1 4
5 4 1
7 6 3
2 3 6
4 7 0
3 0 7
8 1 0
8 2 1
8 3 2
8 0 3
FACE-NORMAL = 14
0.133325 -0.685418 0.71584
0.133325 -0.685418 0.71584
-0.600315 -0.711663 0.364907
-0.600315 -0.711663 0.364907
-0.170133 0.0198595 0.985221
-0.170133 0.0198593 0.985221
0.348513 -0.936901 -0.0274784
0.348513 -0.936901 -0.0274786
0.778695 -0.205378 0.592836
0.778695 -0.205378 0.592836
0.152422 0.0295738 -0.987873
0.561661 0.725482 -0.397759
-0.340973 0.939754 -0.0244767
-0.750211 0.243846 -0.614591
BONE = 4
BONE_NAME = Bone20
PARENT_ID = 3
LOCALTM 
MAT 0.138437 -0.990371 -0.00156799 0.0
MAT 0.990332 0.138417 0.00913915 0.0
MAT -0.00883344 -0.00281762 0.999956 0.0
MAT 0.320472 0.0 1.99676e-006 1.0
WORLDTM 
MAT 0.133325 -0.68542 0.715841 0.0
MAT 0.348884 -0.643596 -0.681225 0.0
MAT 0.927633 0.340568 0.153324 0.0
MAT 0.181913 0.337682 -0.133942 1.0
VERTEX = 9
0.201868 0.215464 -0.0158099
0.211144 0.21887 -0.0142772
0.212374 0.21221 -0.00691955
0.203098 0.208804 -0.00845225
0.204833 0.217318 -0.00851084
0.20576 0.217659 -0.00835757
0.205883 0.216993 -0.00762181
0.204955 0.216652 -0.00777508
0.205358 0.217156 -0.00806633
INDEX = 14
4 5 7
6 7 5
1 2 5
6 5 2
0 1 4
5 4 1
7 6 3
2 3 6
4 7 0
3 0 7
8 1 0
8 2 1
8 3 2
8 0 3
FACE-NORMAL = 14
0.352689 -0.663659 -0.659672
0.352689 -0.663659 -0.659672
-0.453561 -0.697145 -0.555222
-0.453561 -0.697145 -0.555222
0.327345 -0.938987 0.105589
0.327345 -0.938987 0.105589
0.144528 0.0510564 -0.988183
0.144528 0.0510566 -0.988183
0.925434 -0.190784 -0.327373
0.925434 -0.190784 -0.327373
-0.336347 0.9402 -0.0538029
0.40654 0.710132 0.574837
-0.162431 -0.00164312 0.986719
-0.905318 0.228423 0.35808
BONE = 5
BONE_NAME = Bone21
PARENT_ID = 4
LOCALTM 
MAT 0.0296879 0.999563 1.62423e-006 0.0
MAT -0.999557 0.0296895 -7.43419e-005 0.0
MAT -7.50273e-005 -1.3411e-007 0.999997 0.0
MAT 0.175843 0.0 0.0 1.0
WORLDTM 
MAT 0.352691 -0.663663 -0.659676 0.0
MAT -0.122977 0.665983 -0.735761 0.0
MAT 0.927621 0.340619 0.15327 0.0
MAT 0.205358 0.217156 -0.00806633 1.0
VERTEX = 9
0.231324 0.226423 -0.005394
0.231916 0.222578 0.00381848
0.234265 0.213663 -5.31271e-005
0.233672 0.217507 -0.00926561
0.227796 0.219484 -0.00317786
0.227855 0.2191 -0.00225661
0.22809 0.218208 -0.00264377
0.228031 0.218592 -0.00356502
0.227943 0.218846 -0.00291082
INDEX = 14
4 5 7
6 7 5
1 2 5
6 5 2
0 1 4
5 4 1
7 6 3
2 3 6
4 7 0
3 0 7
8 1 0
8 2 1
8 3 2
8 0 3
FACE-NORMAL = 14
0.970217 0.239326 0.0374509
0.970217 0.239326 0.0374509
0.604989 0.445837 -0.65971
0.604989 0.445837 -0.65971
0.823622 -0.502618 -0.26272
0.823622 -0.502618 -0.26272
0.47446 0.822817 0.312826
0.47446 0.822817 0.312826
0.693093 -0.125636 0.709816
0.693092 -0.125636 0.709816
-0.852129 0.461225 0.247282
-0.64414 -0.441054 0.624944
-0.519966 -0.799681 -0.300244
-0.727954 0.102596 -0.677907
BONE = 6
BONE_NAME = Unit_Protoss_Zealot_Leg_Lower_04
PARENT_ID = 5
LOCALTM 
MAT 0.158649 0.0125166 0.987262 0.0
MAT -0.92995 0.337818 0.145161 0.0
MAT -0.331694 -0.94112 0.0652366 0.0
MAT 0.00344281 -0.00544493 0.0223167 1.0
WORLDTM 
MAT 0.97022 0.239327 0.037451 0.0
MAT -0.234874 0.891599 0.387161 0.0
MAT 0.0592658 -0.384416 0.921248 0.0
MAT 0.227943 0.218846 -0.00291082 1.0
VERTEX = 9
-0.100233 0.571212 0.0825678
-0.0909654 0.568123 0.0804303
-0.0894024 0.56612 0.0901021
-0.0986698 0.569209 0.0922397
-0.0936509 0.573569 0.086645
-0.0927242 0.57326 0.0864313
-0.0925679 0.57306 0.0873985
-0.0934946 0.573369 0.0876122
-0.0931094 0.573315 0.0870217
INDEX = 14
4 5 7
6 7 5
1 2 5
6 5 2
0 1 4
5 4 1
7 6 3
2 3 6
4 7 0
3 0 7
8 1 0
8 2 1
8 3 2
8 0 3
FACE-NORMAL = 14
-0.341649 -0.929737 -0.137353
-0.341649 -0.929737 -0.137353
-0.917391 -0.392306 0.0669989
-0.917391 -0.392307 0.0669989
-0.112375 -0.770858 0.627017
-0.112375 -0.770858 0.627017
-0.344727 -0.473064 -0.810786
-0.344727 -0.473064 -0.810786
0.460289 -0.851616 -0.250768
0.460289 -0.851616 -0.250768
0.131062 0.799071 -0.586778
0.896886 0.438949 -0.0540247
0.352102 0.515775 0.781025
-0.413722 0.875897 0.248272
BONE = 7
BONE_NAME = Bone13(mirrored)
PARENT_ID = 2
LOCALTM 
MAT 0.930869 0.209802 -0.299111 0.0
MAT -0.202235 0.977712 0.0564053 0.0
MAT 0.304278 0.00798467 0.952549 0.0
MAT 0.0411774 -6.71223e-005 -0.082069 1.0
WORLDTM 
MAT -0.341649 -0.929737 -0.137354 0.0
MAT -0.156299 0.20032 -0.967184 0.0
MAT 0.926739 -0.308968 -0.213756 0.0
MAT -0.0931094 0.573315 0.0870217 1.0
VERTEX = 9
-0.207814 0.271796 0.0489301
-0.198525 0.268745 0.046829
-0.195399 0.278244 0.0468547
-0.204688 0.281295 0.0489558
-0.203221 0.275038 0.0431078
-0.202292 0.274733 0.0428977
-0.20198 0.275683 0.0429002
-0.202908 0.275988 0.0431103
-0.2026 0.27536 0.043004
INDEX = 14
4 5 7
6 7 5
1 2 5
6 5 2
0 1 4
5 4 1
7 6 3
2 3 6
4 7 0
3 0 7
8 1 0
8 2 1
8 3 2
8 0 3
FACE-NORMAL = 14
0.198795 -0.0680623 0.977675
0.198795 -0.0680623 0.977675
-0.557425 0.181245 0.810202
-0.557425 0.181245 0.810202
0.36533 0.660513 0.65594
0.36533 0.660513 0.65594
-0.0993559 -0.751577 0.65212
-0.099356 -0.751577 0.65212
0.823399 -0.272308 0.497857
0.823399 -0.272308 0.497857
-0.3616 -0.623543 -0.693137
0.516229 -0.167608 -0.83989
0.0804618 0.719799 -0.689504
-0.797369 0.263863 -0.542751
BONE = 8
BONE_NAME = Bone20(mirrored)
PARENT_ID = 7
LOCALTM 
MAT -0.138925 -0.990297 -0.00372313 0.0
MAT 0.990292 -0.138939 0.0043492 0.0
MAT -0.00482336 -0.00308213 0.999982 0.0
MAT 0.320473 0.0 -1.96695e-006 1.0
WORLDTM 
MAT 0.198796 -0.0680624 0.977677 0.0
MAT -0.312586 -0.949887 -0.0025706 0.0
MAT 0.928852 -0.305096 -0.210108 0.0
MAT -0.2026 0.27536 0.043004 1.0
VERTEX = 9
-0.174583 0.262103 0.209905
-0.165294 0.259052 0.207806
-0.164259 0.255749 0.217188
-0.173548 0.2588 0.219287
-0.168159 0.26371 0.214558
-0.167231 0.263404 0.214348
-0.167127 0.263074 0.215286
-0.168056 0.263379 0.215496
-0.167643 0.263392 0.214922
INDEX = 14
4 5 7
6 7 5
1 2 5
6 5 2
0 1 4
5 4 1
7 6 3
2 3 6
4 7 0
3 0 7
8 1 0
8 2 1
8 3 2
8 0 3
FACE-NORMAL = 14
-0.355573 -0.893215 -0.2752
-0.355573 -0.893215 -0.2752
-0.928311 -0.370743 -0.0280891
-0.928311 -0.370743 -0.0280891
-0.160927 -0.843013 0.513256
-0.160927 -0.843013 0.513256
-0.314805 -0.352046 -0.881454
-0.314805 -0.352046 -0.881454
0.45258 -0.824316 -0.340109
0.45258 -0.824316 -0.340109
0.178235 0.86513 -0.468809
0.908259 0.415853 0.0461811
0.324621 0.398066 0.858
-0.405403 0.847344 0.343011
BONE = 9
BONE_NAME = Bone21(mirrored)
PARENT_ID = 8
LOCALTM 
MAT -0.278947 0.960312 6.22869e-005 0.0
MAT -0.960307 -0.278948 0.000214323 0.0
MAT 0.000223959 -2.5034e-006 0.999995 0.0
MAT 0.175844 0.0 0.0 1.0
WORLDTM 
MAT -0.355576 -0.893221 -0.275202 0.0
MAT -0.103511 0.330265 -0.938198 0.0
MAT 0.928892 -0.305107 -0.209888 0.0
MAT -0.167643 0.263392 0.214922 1.0
VERTEX = 9
-0.00645668 0.605337 0.0766618
-0.0154253 0.605579 0.0810783
-0.0110083 0.605548 0.0900498
-0.00203964 0.605307 0.0856334
-0.00862008 0.600434 0.0827259
-0.00951695 0.600458 0.0831675
-0.00907524 0.600455 0.0840647
-0.00817838 0.600431 0.083623
-0.00884766 0.600444 0.0833953
INDEX = 14
4 5 7
6 7 5
1 2 5
6 5 2
0 1 4
5 4 1
7 6 3
2 3 6
4 7 0
3 0 7
8 1 0
8 2 1
8 3 2
8 0 3
FACE-NORMAL = 14
0.0230341 0.999704 -0.00789084
0.0230341 0.999704 -0.00789084
0.682044 0.650815 -0.33355
0.682044 0.650815 -0.33355
0.343725 0.666465 0.661572
0.343725 0.666465 0.661572
-0.312907 0.671068 -0.672129
-0.312907 0.671068 -0.672129
-0.651226 0.686718 0.322993
-0.651226 0.686717 0.322993
-0.328619 -0.704708 -0.628805
-0.650467 -0.68982 0.317869
0.296044 -0.709086 0.639964
0.617892 -0.723974 -0.30671
BONE = 10
BONE_NAME = Lower Chest
PARENT_ID = 1
LOCALTM 
MAT 0.0159441 0.0017538 0.658592 0.0
MAT -0.154686 0.640366 0.00203957 0.0
MAT -0.64017 -0.154689 0.0159101 0.0
MAT 4.50294e-005 0.00301552 -0.00574052 1.0
WORLDTM 
MAT 0.0230341 0.999704 -0.00789084 0.0
MAT -0.441704 0.00309585 -0.897156 0.0
MAT -0.896866 0.0241506 0.441644 0.0
MAT -0.00884766 0.600444 0.0833953 1.0
VERTEX = 9
-0.00173015 0.748171 0.0755345
-0.0111976 0.748617 0.0787232
-0.00798056 0.75033 0.0880354
0.00148693 0.749884 0.0848466
-0.00447733 0.744221 0.0820424
-0.00542408 0.744266 0.0823613
-0.00510237 0.744437 0.0832925
-0.00415563 0.744393 0.0829737
-0.00478985 0.744329 0.0826675
INDEX = 14
4 5 7
6 7 5
1 2 5
6 5 2
0 1 4
5 4 1
7 6 3
2 3 6
4 7 0
3 0 7
8 1 0
8 2 1
8 3 2
8 0 3
FACE-NORMAL = 14
-0.0130996 0.984211 -0.176515
-0.0130996 0.984211 -0.176515
0.694949 0.625261 -0.355098
0.694949 0.625261 -0.355098
0.23036 0.785723 0.574085
0.23036 0.785723 0.574085
-0.247887 0.531082 -0.810249
-0.247887 0.531082 -0.810249
-0.712476 0.691544 0.118934
-0.712476 0.691544 0.118934
-0.218219 -0.817064 -0.533655
-0.660189 -0.664414 0.350291
0.236744 -0.57482 0.783284
0.678715 -0.72747 -0.100662
BONE = 11
BONE_NAME = UpperChest
PARENT_ID = 10
LOCALTM 
MAT 0.98501 0.167194 -0.0424388 0.0
MAT -0.171303 0.977015 -0.126875 0.0
MAT 0.0202504 0.132243 0.991011 0.0
MAT 0.143942 -0.000693955 -0.000485811 1.0
WORLDTM 
MAT -0.0130996 0.984211 -0.176515 0.0
MAT -0.321708 -0.171292 -0.931217 0.0
MAT -0.946749 0.0445873 0.318872 0.0
MAT -0.00478985 0.744329 0.0826675 1.0
VERTEX = 9
0.00342368 0.87602 0.0555015
0.0031229 0.88588 0.0538605
0.00535723 0.887547 0.0634642
0.00565801 0.877687 0.0651052
-0.000577503 0.881246 0.0602113
-0.000607581 0.882232 0.0600472
-0.000384148 0.882399 0.0610075
-0.00035407 0.881413 0.0611716
-0.000480826 0.881822 0.0606094
INDEX = 14
4 5 7
6 7 5
1 2 5
6 5 2
0 1 4
5 4 1
7 6 3
2 3 6
4 7 0
3 0 7
8 1 0
8 2 1
8 3 2
8 0 3
FACE-NORMAL = 14
0.974255 -0.00777876 -0.225314
0.974255 -0.00777876 -0.225314
0.674099 -0.738081 -0.0287539
0.6741 -0.738081 -0.0287539
0.817819 0.118666 0.563109
0.817819 0.118666 0.563108
0.485666 -0.129074 -0.864562
0.485666 -0.129074 -0.864563
0.629385 0.727673 -0.2727
0.629385 0.727674 -0.2727
-0.846893 -0.112339 -0.519761
-0.710171 0.702697 0.0432861
-0.530912 0.12334 0.838403
-0.667634 -0.691697 0.275356
BONE = 12
BONE_NAME = Bone01
PARENT_ID = 11
LOCALTM 
MAT 0.0193526 -0.102277 -0.994568 0.0
MAT 0.0084269 0.994736 -0.10213 0.0
MAT 0.999777 -0.00640433 0.0201132 0.0
MAT 0.139159 -0.00439684 -0.00498279 1.0
WORLDTM 
MAT 0.974256 -0.00777876 -0.225314 0.0
MAT -0.223433 -0.16665 -0.960369 0.0
MAT -0.0300785 0.985986 -0.164098 0.0
MAT -0.000480826 0.881822 0.0606094 1.0
VERTEX = 9
0.190153 0.873897 0.0109103
0.199022 0.87828 0.00944746
0.200934 0.877681 0.0192448
0.192065 0.873298 0.0207076
0.192901 0.880084 0.0153452
0.193788 0.880522 0.0151989
0.193979 0.880462 0.0161787
0.193092 0.880024 0.0163249
0.19344 0.880273 0.0157619
INDEX = 14
4 5 7
6 7 5
1 2 5
6 5 2
0 1 4
5 4 1
7 6 3
2 3 6
4 7 0
3 0 7
8 1 0
8 2 1
8 3 2
8 0 3
FACE-NORMAL = 14
0.420688 -0.89682 -0.136881
0.420688 -0.89682 -0.136881
-0.37775 -0.925749 0.0171635
-0.37775 -0.925749 0.0171635
0.423536 -0.644427 0.636656
0.423536 -0.644427 0.636656
0.139314 -0.555454 -0.819794
0.139314 -0.555454 -0.819794
0.940601 -0.274132 -0.200301
0.940601 -0.274132 -0.200301
-0.432663 0.676468 -0.595981
0.329612 0.944093 -0.00664891
-0.162279 0.591827 0.789561
-0.924555 0.324201 0.200229
BONE = 13
BONE_NAME = Bone02
PARENT_ID = 12
LOCALTM 
MAT 0.447674 0.186916 -0.874443 0.0
MAT 0.0340123 0.973643 0.225534 0.0
MAT 0.893547 -0.130707 0.429518 0.0
MAT 0.199045 0.0 -8.34465e-007 1.0
WORLDTM 
MAT 0.420688 -0.89682 -0.136881 0.0
MAT -0.191191 0.0598507 -0.97973 0.0
MAT 0.886829 0.43833 -0.146284 0.0
MAT 0.19344 0.880273 0.0157619 1.0
VERTEX = 9
0.285151 0.675114 -0.0200037
0.294868 0.676651 -0.0217961
0.296352 0.666771 -0.0222245
0.286635 0.665234 -0.020432
0.29111 0.671285 -0.0160887
0.292082 0.671438 -0.0162679
0.29223 0.67045 -0.0163107
0.291258 0.670297 -0.0161315
0.29167 0.670868 -0.0161997
INDEX = 14
4 5 7
6 7 5
1 2 5
6 5 2
0 1 4
5 4 1
7 6 3
2 3 6
4 7 0
3 0 7
8 1 0
8 2 1
8 3 2
8 0 3
FACE-NORMAL = 14
-0.183687 0.0150295 -0.98287
-0.183687 0.0150295 -0.98287
-0.845155 -0.104187 -0.52427
-0.845155 -0.104187 -0.52427
-0.0125972 -0.724324 -0.689345
-0.0125973 -0.724323 -0.689345
-0.233163 0.744431 -0.625666
-0.233163 0.744431 -0.625665
0.599398 0.124296 -0.790742
0.599398 0.124296 -0.790742
0.0249726 0.687997 0.725284
0.816997 0.098052 0.568245
0.2348 -0.709251 0.664704
-0.557228 -0.119307 0.821744
BONE = 14
BONE_NAME = Bone03
PARENT_ID = 13
LOCALTM 
MAT 0.0437833 0.998964 -0.0125326 0.0
MAT -0.954346 0.0455323 0.295227 0.0
MAT 0.29549 -0.00097079 0.955339 0.0
MAT 0.233498 0.0 0.0 1.0
WORLDTM 
MAT -0.183688 0.0150295 -0.982874 0.0
MAT -0.148372 0.988009 0.0428359 0.0
MAT 0.971717 0.153695 -0.179247 0.0
MAT 0.29167 0.670868 -0.0161997 1.0
VERTEX = 9
0.244362 0.675252 -0.224451
0.251349 0.679321 -0.230335
0.256006 0.67049 -0.230912
0.249019 0.666421 -0.225028
0.252318 0.674278 -0.223326
0.253016 0.674685 -0.223914
0.253482 0.673802 -0.223972
0.252783 0.673395 -0.223384
0.2529 0.67404 -0.223649
INDEX = 14
4 5 7
6 7 5
1 2 5
6 5 2
0 1 4
5 4 1
7 6 3
2 3 6
4 7 0
3 0 7
8 1 0
8 2 1
8 3 2
8 0 3
FACE-NORMAL = 14
-0.54316 -0.233689 -0.806453
-0.54316 -0.233689 -0.806453
-0.882675 -0.458762 -0.102087
-0.882675 -0.458762 -0.102087
-0.0172386 -0.812724 -0.582394
-0.0172387 -0.812724 -0.582394
-0.709468 0.500059 -0.496584
-0.709468 0.500059 -0.496584
0.155971 0.146106 -0.976896
0.155972 0.146106 -0.976896
0.0548067 0.789681 0.611065
0.878109 0.452952 0.154141
0.713335 -0.459189 0.529432
-0.109971 -0.122469 0.986361
BONE = 15
BONE_NAME = Bone04
PARENT_ID = 14
LOCALTM 
MAT 0.888905 -0.184845 -0.419168 0.0
MAT 0.0420726 0.944052 -0.327108 0.0
MAT 0.456153 0.273127 0.846936 0.0
MAT 0.211064 0.0 0.0 1.0
WORLDTM 
MAT -0.543168 -0.233693 -0.806465 0.0
MAT -0.465655 0.883089 0.0577203 0.0
MAT 0.698668 0.406878 -0.588452 0.0
MAT 0.2529 0.67404 -0.223649 1.0
VERTEX = 9
0.229613 0.682422 -0.343799
0.233009 0.667261 -0.345402
0.24104 0.667644 -0.332011
0.237645 0.682805 -0.330408
0.241235 0.67764 -0.342433
0.241575 0.676123 -0.342594
0.242378 0.676162 -0.341255
0.242038 0.677678 -0.341094
0.241806 0.676901 -0.341844
INDEX = 14
4 5 7
6 7 5
1 2 5
6 5 2
0 1 4
5 4 1
7 6 3
2 3 6
4 7 0
3 0 7
8 1 0
8 2 1
8 3 2
8 0 3
FACE-NORMAL = 14
-0.829684 -0.239133 0.504421
-0.829684 -0.239133 0.504421
-0.716617 0.561507 0.413727
-0.716617 0.561507 0.413727
-0.172834 -0.141753 0.974697
-0.172834 -0.141753 0.974697
-0.937213 -0.17819 -0.299799
-0.937213 -0.17819 -0.2998
-0.393435 -0.881482 0.261149
-0.393435 -0.881482 0.261149
0.223088 0.151761 -0.962912
0.740394 -0.517261 -0.429252
0.950251 0.186424 0.249536
0.432949 0.855477 -0.284104
BONE = 16
BONE_NAME = Star2Part_Fire_Blades01
PARENT_ID = 15
LOCALTM 
MAT 0.155765 0.319079 -1.52104 0.0
MAT 1.52506 0.262863 0.211307 0.0
MAT 0.299142 -1.50619 -0.285262 0.0
MAT 0.100675 0.000868857 0.062969 1.0
WORLDTM 
MAT -1.29589 -0.373505 0.78786 0.0
MAT -0.803137 -0.0382889 -1.33908 0.0
MAT 0.339578 -1.51608 -0.160323 0.0
MAT 0.241806 0.676901 -0.341844 1.0
VERTEX = 9
0.237741 0.730335 -0.238807
0.235021 0.737917 -0.240562
0.238124 0.740679 -0.233439
0.240844 0.733096 -0.231684
0.234344 0.734145 -0.234509
0.234072 0.734903 -0.234685
0.234382 0.73518 -0.233973
0.234654 0.734421 -0.233797
0.234363 0.734662 -0.234241
INDEX = 14
4 5 7
6 7 5
1 2 5
6 5 2
0 1 4
5 4 1
7 6 3
2 3 6
4 7 0
3 0 7
8 1 0
8 2 1
8 3 2
8 0 3
FACE-NORMAL = 14
0.865804 0.204843 -0.456532
0.865804 0.204843 -0.456532
0.824396 -0.546551 -0.147147
0.824397 -0.546551 -0.147147
0.858866 0.385996 0.336685
0.858866 0.385996 0.336685
0.299516 -0.111934 -0.947503
0.299516 -0.111934 -0.947503
0.333976 0.820652 -0.46367
0.333976 0.820652 -0.46367
-0.878273 -0.381688 -0.288012
-0.845481 0.505458 0.172264
-0.346156 0.0919994 0.933655
-0.37894 -0.795184 0.473379
BONE = 17
BONE_NAME = Ref_Weapon Left
PARENT_ID = 15
LOCALTM 
MAT -0.123636 -0.204991 0.789 0.0
MAT 0.807437 -0.140535 0.0900191 0.0
MAT 0.112107 0.786148 0.221782 0.0
MAT 0.00444293 0.0615547 0.0179483 1.0
WORLDTM 
MAT 0.71386 0.168894 -0.376413 0.0
MAT -0.31024 -0.27617 -0.712254 0.0
MAT -0.272015 0.758277 -0.175542 0.0
MAT 0.234363 0.734662 -0.234241 1.0
VERTEX = 9
0.234812 0.684132 -0.349888
0.231648 0.679279 -0.35804
0.227773 0.687783 -0.361598
0.230936 0.692636 -0.353446
0.227315 0.684758 -0.352873
0.226998 0.684273 -0.353688
0.226611 0.685123 -0.354044
0.226927 0.685608 -0.353228
0.226963 0.684941 -0.353458
INDEX = 14
4 5 7
6 7 5
1 2 5
6 5 2
0 1 4
5 4 1
7 6 3
2 3 6
4 7 0
3 0 7
8 1 0
8 2 1
8 3 2
8 0 3
FACE-NORMAL = 14
0.865897 0.203398 -0.457003
0.865897 0.203398 -0.457003
0.81435 0.496714 0.300183
0.81435 0.496714 0.300183
0.291178 0.768177 -0.570192
0.291178 0.768177 -0.570193
0.867325 -0.49603 -0.0412507
0.867325 -0.496031 -0.0412506
0.344146 -0.224603 -0.911656
0.344145 -0.224603 -0.911656
-0.338231 -0.745161 0.574748
-0.835929 -0.486913 -0.253254
-0.886326 0.457499 0.0715569
-0.388621 0.199285 0.899588
BONE = 18
BONE_NAME = Star2Ribbon03
PARENT_ID = 15
LOCALTM 
MAT -0.149286 -0.24997 0.956693 0.0
MAT -0.298716 -0.910914 -0.284614 0.0
MAT 0.942583 -0.328251 0.0612746 0.0
MAT 0.116224 0.0142101 0.0627039 1.0
WORLDTM 
MAT 0.865897 0.203398 -0.457003 0.0
MAT 0.387574 -0.850413 0.355808 0.0
MAT -0.316319 -0.485218 -0.815164 0.0
MAT 0.226963 0.684941 -0.353458 1.0
VERTEX = 9
-0.0220868 0.954144 -0.0084469
-0.0221197 0.951446 -0.018076
-0.0321152 0.951744 -0.0181252
-0.0320823 0.954442 -0.00849605
-0.0267493 0.948252 -0.0114533
-0.0267526 0.947982 -0.0124162
-0.0277522 0.948012 -0.0124211
-0.0277489 0.948281 -0.0114582
-0.0272508 0.948132 -0.0119372
INDEX = 14
4 5 7
6 7 5
1 2 5
6 5 2
0 1 4
5 4 1
7 6 3
2 3 6
4 7 0
3 0 7
8 1 0
8 2 1
8 3 2
8 0 3
FACE-NORMAL = 14
0.0299503 0.962459 -0.26977
0.0299503 0.962459 -0.26977
0.022481 0.844388 0.53526
0.022481 0.844388 0.53526
-0.722921 0.665947 -0.184119
-0.722921 0.665947 -0.184119
0.762992 0.621755 -0.176814
0.762992 0.621755 -0.176814
0.0175903 0.443314 -0.896194
0.0175903 0.443314 -0.896194
0.685608 -0.701581 0.194231
-0.0235044 -0.871335 -0.490125
-0.727964 -0.659541 0.187281
-0.0188517 -0.489787 0.871638
BONE = 19
BONE_NAME = BoneHead
PARENT_ID = 11
LOCALTM 
MAT 0.994489 0.0767175 -0.0714638 0.0
MAT -0.0432189 -0.321045 -0.946077 0.0
MAT -0.0955245 0.943951 -0.31596 0.0
MAT 0.217578 0.0604135 0.000185095 1.0
WORLDTM 
MAT 0.0299503 0.96246 -0.26977 0.0
MAT 0.999546 -0.029727 0.00491425 0.0
MAT -0.00328992 -0.269795 -0.962913 0.0
MAT -0.0272508 0.948132 -0.0119372 1.0
VERTEX = 9
-0.0271461 1.05786 0.0969733
-0.026874 1.06784 0.0975778
-0.026807 1.06844 0.0875963
-0.0270791 1.05846 0.0869917
-0.0219955 1.06248 0.0927788
-0.0219683 1.06348 0.0928393
-0.0219616 1.06354 0.0918411
-0.0219888 1.06254 0.0917807
-0.0219786 1.06301 0.09231
INDEX = 14
4 5 7
6 7 5
1 2 5
6 5 2
0 1 4
5 4 1
7 6 3
2 3 6
4 7 0
3 0 7
8 1 0
8 2 1
8 3 2
8 0 3
FACE-NORMAL = 14
-0.999607 0.0275639 -0.00504443
-0.999607 0.0275639 -0.00504443
-0.688927 -0.723219 -0.0483112
-0.688927 -0.723219 -0.0483112
-0.663722 0.0632562 -0.7453
-0.663722 0.0632562 -0.745299
-0.673682 -0.0263777 0.738551
-0.673682 -0.0263777 0.738551
-0.648477 0.760099 0.0415621
-0.648477 0.760099 0.0415622
0.702092 -0.0621257 0.709371
0.726069 0.68606 0.0463158
0.711566 0.0231445 -0.702238
0.687589 -0.725042 -0.039182
BONE = 20
BONE_NAME = Star2Ribbon01
PARENT_ID = 19
LOCALTM 
MAT -0.00204867 -0.999998 0.000709158 0.0
MAT -0.327506 1.06113e-006 -0.944849 0.0
MAT 0.944847 -0.00216649 -0.327505 0.0
MAT 0.0826004 0.00236711 -0.131392 1.0
WORLDTM 
MAT -0.999608 0.0275639 -0.00504443 0.0
MAT -0.00669935 -0.0602951 0.998158 0.0
MAT 0.0272104 0.997801 0.0604562 0.0
MAT -0.0219786 1.06301 0.09231 1.0
VERTEX = 9
-0.0248606 1.05376 -0.0244887
-0.0252594 1.05417 -0.0162634
-0.0253703 1.04594 -0.0158604
-0.0249715 1.04553 -0.0240856
-0.0292073 1.05029 -0.0208078
-0.0292472 1.05033 -0.0199853
-0.0292583 1.0495 -0.019945
-0.0292184 1.04946 -0.0207675
-0.0292328 1.0499 -0.0203764
INDEX = 14
4 5 7
6 7 5
1 2 5
6 5 2
0 1 4
5 4 1
7 6 3
2 3 6
4 7 0
3 0 7
8 1 0
8 2 1
8 3 2
8 0 3
FACE-NORMAL = 14
0.998739 -0.0110581 0.0489695
0.998739 -0.0110581 0.0489695
0.704072 -0.0441738 -0.708753
0.704072 -0.0441738 -0.708753
0.65812 -0.749736 0.0690912
0.658121 -0.749736 0.0690912
0.678122 0.734941 -0.00357351
0.678122 0.734941 -0.00357351
0.63217 0.0293788 0.774272
0.63217 0.0293788 0.774272
-0.696701 0.714017 -0.0691902
-0.740416 0.0428051 0.670785
-0.715729 -0.698378 -6.3125e-005
-0.672015 -0.0271666 -0.740039
BONE = 21
BONE_NAME = Ref_Head
PARENT_ID = 19
LOCALTM 
MAT 0.00499572 0.823561 -0.0391272 0.0
MAT 0.803735 -0.0135882 -0.18339 0.0
MAT -0.183825 -0.037032 -0.802898 0.0
MAT 0.100161 -0.00504776 -0.0193228 1.0
WORLDTM 
MAT 0.823466 -0.0091175 0.0403756 0.0
MAT 0.0110934 0.823444 -0.0403019 0.0
MAT -0.0398794 0.0407944 0.822529 0.0
MAT -0.0292328 1.0499 -0.0203764 1.0
VERTEX = 9
-0.0156836 0.88734 0.0596856
-0.016916 0.87762 0.0616854
-0.0135493 0.879106 0.0709836
-0.0123169 0.888826 0.0689838
-0.0100555 0.882725 0.063225
-0.0101788 0.881753 0.063425
-0.0098421 0.881902 0.0643549
-0.00971886 0.882874 0.0641549
-0.00994881 0.882314 0.0637899
INDEX = 14
4 5 7
6 7 5
1 2 5
6 5 2
0 1 4
5 4 1
7 6 3
2 3 6
4 7 0
3 0 7
8 1 0
8 2 1
8 3 2
8 0 3
FACE-NORMAL = 14
-0.933525 0.18192 0.308929
-0.933525 0.18192 0.308929
-0.53289 0.844193 0.0580191
-0.53289 0.844193 0.0580192
-0.374254 0.232161 0.897795
-0.374254 0.232161 0.897794
-0.874736 0.0112352 -0.48447
-0.874736 0.0112352 -0.48447
-0.716101 -0.600797 0.355306
-0.716101 -0.600798 0.355306
0.422044 -0.233722 -0.87593
0.572956 -0.815957 -0.077039
0.898159 -0.0235519 0.439039
0.747247 0.558684 -0.359852
BONE = 22
BONE_NAME = Bone01(mirrored)
PARENT_ID = 11
LOCALTM 
MAT 0.136746 -0.018519 0.990433 0.0
MAT 0.0222713 0.99963 0.0156156 0.0
MAT -0.990355 0.0199232 0.137107 0.0
MAT 0.139205 -0.00439687 0.0050171 1.0
WORLDTM 
MAT -0.933525 0.18192 0.308929 0.0
MAT -0.336665 -0.148613 -0.929824 0.0
MAT -0.123242 -0.972018 0.199979 0.0
MAT -0.00994881 0.882314 0.0637899 1.0
VERTEX = 9
-0.201279 0.915763 0.127429
-0.195969 0.910999 0.120422
-0.187736 0.911944 0.126018
-0.193046 0.916708 0.133026
-0.194183 0.918415 0.124582
-0.193652 0.917938 0.123881
-0.192828 0.918033 0.124441
-0.193359 0.918509 0.125142
-0.193505 0.918224 0.124511
INDEX = 14
4 5 7
6 7 5
1 2 5
6 5 2
0 1 4
5 4 1
7 6 3
2 3 6
4 7 0
3 0 7
8 1 0
8 2 1
8 3 2
8 0 3
FACE-NORMAL = 14
-0.200391 -0.874116 0.442454
-0.200391 -0.874116 0.442454
-0.528746 -0.230624 0.816848
-0.528746 -0.230624 0.816848
0.477925 -0.514496 0.711956
0.477925 -0.514496 0.711956
-0.746034 -0.655009 -0.119984
-0.746034 -0.655009 -0.119984
0.260637 -0.938882 -0.224877
0.260637 -0.938882 -0.224877
-0.440488 0.551257 -0.70858
0.517174 0.281205 -0.808366
0.723883 0.684929 0.0828565
-0.233778 0.954981 0.182643
BONE = 23
BONE_NAME = Bone02(mirrored)
PARENT_ID = 22
LOCALTM 
MAT 0.164738 -0.214034 0.962835 0.0
MAT 0.578523 0.811593 0.081431 0.0
MAT -0.798857 0.543605 0.257522 0.0
MAT 0.196646 0.0 -0.00014025 1.0
WORLDTM 
MAT -0.200391 -0.874115 0.442453 0.0
MAT -0.823336 -0.0945204 -0.559631 0.0
MAT 0.531003 -0.476431 -0.700748 0.0
MAT -0.193505 0.918224 0.124511 1.0
VERTEX = 9
-0.245555 0.720976 0.228391
-0.239913 0.718668 0.220464
-0.24278 0.709116 0.221205
-0.248422 0.711425 0.229132
-0.240435 0.714712 0.228183
-0.239871 0.714481 0.22739
-0.240158 0.713526 0.227464
-0.240722 0.713757 0.228257
-0.240296 0.714119 0.227824
INDEX = 14
4 5 7
6 7 5
1 2 5
6 5 2
0 1 4
5 4 1
7 6 3
2 3 6
4 7 0
3 0 7
8 1 0
8 2 1
8 3 2
8 0 3
FACE-NORMAL = 14
-0.774269 0.185413 -0.605086
-0.774269 0.185413 -0.605086
-0.937328 0.295641 0.184425
-0.937328 0.295641 0.184425
-0.731044 -0.585925 -0.349668
-0.731044 -0.585924 -0.349668
-0.304874 0.833996 -0.459895
-0.304874 0.833996 -0.459895
-0.0985878 -0.0475723 -0.993991
-0.0985876 -0.0475723 -0.993991
0.750202 0.544288 0.37543
0.946443 -0.294358 -0.132661
0.34478 -0.806503 0.480291
0.148537 0.0321456 0.988384
BONE = 24
BONE_NAME = Bone03(mirrored)
PARENT_ID = 23
LOCALTM 
MAT -0.274638 0.958579 -0.0754623 0.0
MAT -0.925173 -0.284818 -0.250883 0.0
MAT -0.261982 0.000908956 0.96507 0.0
MAT 0.233499 0.0 0.0 1.0
WORLDTM 
MAT -0.774269 0.185412 -0.605085 0.0
MAT 0.286679 0.955157 -0.074147 0.0
MAT 0.564205 -0.230873 -0.792695 0.0
MAT -0.240296 0.714119 0.227824 1.0
VERTEX = 9
-0.407891 0.759586 0.0959315
-0.400363 0.754176 0.0921806
-0.40459 0.745836 0.0957281
-0.412117 0.751246 0.0994791
-0.403882 0.753941 0.100122
-0.403129 0.7534 0.099747
-0.403551 0.752566 0.100102
-0.404304 0.753107 0.100477
-0.403716 0.753253 0.100112
INDEX = 14
4 5 7
6 7 5
1 2 5
6 5 2
0 1 4
5 4 1
7 6 3
2 3 6
4 7 0
3 0 7
8 1 0
8 2 1
8 3 2
8 0 3
FACE-NORMAL = 14
-0.504753 -0.10851 -0.856417
-0.504753 -0.10851 -0.856417
-0.897173 0.329519 -0.294104
-0.897173 0.329519 -0.294105
-0.651791 -0.692492 -0.30923
-0.651791 -0.692492 -0.30923
-0.0235325 0.547315 -0.836596
-0.0235324 0.547315 -0.836596
0.221857 -0.474703 -0.851725
0.221858 -0.474703 -0.851725
0.65575 0.666451 0.354733
0.889185 -0.305803 0.340343
0.0580782 -0.512996 0.856424
-0.175365 0.459265 0.870817
BONE = 25
BONE_NAME = Bone04(mirrored)
PARENT_ID = 24
LOCALTM 
MAT 0.888898 -0.184841 0.41915 0.0
MAT 0.0420713 0.944056 0.327107 0.0
MAT -0.456171 -0.273115 0.846943 0.0
MAT 0.211064 1.78814e-007 1.78814e-007 1.0
WORLDTM 
MAT -0.50475 -0.108509 -0.856412 0.0
MAT 0.422622 0.834002 -0.354752 0.0
MAT 0.752752 -0.540983 -0.375094 0.0
MAT -0.403716 0.753253 0.100112 1.0
VERTEX = 9
-0.506706 0.78575 0.0333091
-0.511533 0.770908 0.0339293
-0.503102 0.768708 0.0468917
-0.498274 0.783549 0.0462716
-0.498969 0.77591 0.0350754
-0.499452 0.774426 0.0351374
-0.498609 0.774206 0.0364337
-0.498126 0.77569 0.0363716
-0.498789 0.775058 0.0357545
INDEX = 14
4 5 7
6 7 5
1 2 5
6 5 2
0 1 4
5 4 1
7 6 3
2 3 6
4 7 0
3 0 7
8 1 0
8 2 1
8 3 2
8 0 3
FACE-NORMAL = 14
-0.782983 0.277948 0.556491
-0.782983 0.277948 0.556491
-0.294042 0.892218 0.342762
-0.294042 0.892218 0.342762
-0.122538 0.0812115 0.989136
-0.122538 0.0812116 0.989136
-0.925036 0.290663 -0.244587
-0.925036 0.290663 -0.244587
-0.753534 -0.520343 0.401784
-0.753534 -0.520343 0.401784
0.171938 -0.0969117 -0.980329
0.335092 -0.868434 -0.365424
0.935366 -0.296166 0.19333
0.772213 0.475356 -0.421573
BONE = 26
BONE_NAME = Star2Part_Fire_Blades02
PARENT_ID = 25
LOCALTM 
MAT -0.174231 -0.463094 -1.48146 0.0
MAT 1.51185 0.287042 -0.26752 0.0
MAT 0.35162 -1.46377 0.416247 0.0
MAT 0.100739 0.000837505 -0.0592209 1.0
WORLDTM 
MAT -1.22294 0.434127 0.869183 0.0
MAT -0.843171 0.220068 -1.29625 0.0
MAT -0.482772 -1.48413 0.0620124 0.0
MAT -0.498789 0.775058 0.0357545 1.0
VERTEX = 9
-0.426163 0.824976 0.0859043
-0.424893 0.83261 0.0830584
-0.419825 0.834124 0.0893829
-0.421095 0.826491 0.0922289
-0.420122 0.827731 0.0852402
-0.419995 0.828494 0.0849556
-0.419488 0.828646 0.085588
-0.419615 0.827883 0.0858726
-0.419805 0.828189 0.0854141
INDEX = 14
4 5 7
6 7 5
1 2 5
6 5 2
0 1 4
5 4 1
7 6 3
2 3 6
4 7 0
3 0 7
8 1 0
8 2 1
8 3 2
8 0 3
FACE-NORMAL = 14
-0.773579 0.330286 0.54082
-0.773579 0.330286 0.54082
-0.631966 -0.467196 0.618343
-0.631966 -0.467196 0.618343
-0.060588 0.357489 0.93195
-0.0605882 0.357489 0.93195
-0.974402 0.0844119 -0.208365
-0.974402 0.0844119 -0.208365
-0.403025 0.909119 0.105227
-0.403025 0.90912 0.105227
0.112339 -0.36344 -0.92482
0.655898 0.421096 -0.62648
0.981663 -0.103657 0.159979
0.438105 -0.888214 -0.138347
BONE = 27
BONE_NAME = Ref_Weapon Right
PARENT_ID = 25
LOCALTM 
MAT -0.0895037 -0.20061 -0.794696 0.0
MAT 0.813911 -0.116146 -0.0623422 0.0
MAT 0.0968039 0.791243 -0.210624 0.0
MAT 0.0125764 0.0609105 -0.0471372 1.0
WORLDTM 
MAT -0.637814 0.27232 0.445905 0.0
MAT -0.506835 -0.151457 -0.632456 0.0
MAT 0.126987 0.763338 -0.284595 0.0
MAT -0.419805 0.828189 0.0854141 1.0
VERTEX = 9
-0.503504 0.789361 0.00962782
-0.509821 0.786021 0.00263233
-0.509316 0.794849 -0.00203792
-0.502999 0.798189 0.00495758
-0.509987 0.793482 0.00708226
-0.510619 0.793148 0.00638271
-0.510569 0.794031 0.00591568
-0.509937 0.794365 0.00661523
-0.510278 0.793756 0.00649897
INDEX = 14
4 5 7
6 7 5
1 2 5
6 5 2
0 1 4
5 4 1
7 6 3
2 3 6
4 7 0
3 0 7
8 1 0
8 2 1
8 3 2
8 0 3
FACE-NORMAL = 14
0.773586 -0.33029 -0.540808
0.773586 -0.33029 -0.540808
0.987031 0.0273114 0.158192
0.987031 0.0273113 0.158192
0.555004 0.435229 -0.708904
0.555005 0.435229 -0.708904
0.479998 -0.877147 -0.014652
0.479998 -0.877147 -0.0146519
0.0479545 -0.469226 -0.881775
0.0479543 -0.469226 -0.881775
-0.582684 -0.390685 0.712632
-0.993677 -0.0026272 -0.11225
-0.511331 0.857798 0.0521799
-0.100322 0.469737 0.877088
BONE = 28
BONE_NAME = Star2Ribbon04
PARENT_ID = 25
LOCALTM 
MAT 0.108542 0.243305 0.963849 0.0
MAT -0.2787 -0.92327 0.264439 0.0
MAT 0.954209 -0.297357 -0.032414 0.0
MAT 0.129564 0.0219544 -0.0670109 1.0
WORLDTM 
MAT 0.773579 -0.330287 -0.540804 0.0
MAT -0.0504634 -0.882825 0.467024 0.0
MAT -0.631706 -0.334002 -0.699549 0.0
MAT -0.510278 0.793756 0.00649897 1.0
VERTEX = 9
-0.00827517 0.855716 0.0588646
-0.00597993 0.85742 0.0665981
-0.00568704 0.849356 0.0682886
-0.00798228 0.847651 0.060555
-0.0110674 0.852952 0.0642582
-0.0108378 0.853122 0.0650315
-0.0108086 0.852316 0.0652005
-0.0110381 0.852145 0.0644272
-0.010938 0.852634 0.0647293
INDEX = 14
4 5 7
6 7 5
1 2 5
6 5 2
0 1 4
5 4 1
7 6 3
2 3 6
4 7 0
3 0 7
8 1 0
8 2 1
8 3 2
8 0 3
FACE-NORMAL = 14
0.959814 -0.0237567 -0.279628
0.959814 -0.0237567 -0.279628
0.435165 -0.169548 -0.884242
0.435165 -0.169548 -0.884242
0.668486 -0.742917 -0.0346651
0.668486 -0.742917 -0.0346652
0.615679 0.711132 -0.339457
0.615678 0.711132 -0.339457
0.848999 0.137763 0.51012
0.848999 0.137763 0.51012
-0.703809 0.708428 0.0527501
-0.481848 0.162973 0.860966
-0.653573 -0.674831 0.342703
-0.875534 -0.129376 -0.465512
BONE = 29
BONE_NAME = Ref_HardPoint
PARENT_ID = 11
LOCALTM 
MAT 0.0110512 -0.0365389 -0.82362 0.0
MAT 0.823947 0.0287014 0.00978252 0.0
MAT 0.0282373 -0.823194 0.0368991 0.0
MAT 0.109841 0.000130504 0.00492977 1.0
WORLDTM 
MAT 0.791372 -0.0195875 -0.230554 0.0
MAT -0.0292884 0.806458 -0.169047 0.0
MAT 0.229524 0.170443 0.773354 0.0
MAT -0.010938 0.852634 0.0647293 1.0
VERTEX = 9
-0.00870472 0.733548 0.0940424
-0.00798562 0.734863 0.100231
-0.00752832 0.722853 0.10273
-0.00824742 0.721538 0.0965414
-0.0129095 0.728672 0.0985154
-0.0128376 0.728804 0.0991342
-0.0127919 0.727603 0.0993841
-0.0128638 0.727471 0.0987653
-0.0128507 0.728137 0.0989497
INDEX = 14
4 5 7
6 7 5
1 2 5
6 5 2
0 1 4
5 4 1
7 6 3
2 3 6
4 7 0
3 0 7
8 1 0
8 2 1
8 3 2
8 0 3
FACE-NORMAL = 14
0.992904 0.013216 -0.118179
0.992904 0.013216 -0.118179
0.580277 -0.144666 -0.801468
0.580277 -0.144666 -0.801467
0.691907 -0.718363 0.0722511
0.691907 -0.718363 0.0722511
0.636529 0.736045 -0.230367
0.636529 0.736045 -0.230367
0.748159 0.162348 0.643352
0.748159 0.162348 0.643352
-0.72843 0.682455 -0.060377
-0.622235 0.136689 0.770805
-0.675749 -0.701145 0.227508
-0.781944 -0.155379 -0.603674
BONE = 30
BONE_NAME = Vol_Target
PARENT_ID = 11
LOCALTM 
MAT 0.0198929 -0.201818 -0.931786 0.0
MAT 1.22677 0.0416932 0.01716 0.0
MAT 0.019248 -0.621961 0.135123 0.0
MAT -0.0187047 -0.00979552 0.0121016 1.0
WORLDTM 
MAT 0.946833 0.0126028 -0.112696 0.0
MAT -0.0457294 1.20102 -0.249896 0.0
MAT 0.0719101 0.131506 0.61887 0.0
MAT -0.0128507 0.728137 0.0989497 1.0
VERTEX = 9
0.0022681 -0.261485 -0.0202253
0.0044551 -0.262176 -0.0104919
0.0044551 -0.272151 -0.0112001
0.0022681 -0.271459 -0.0209335
-0.00162672 -0.266362 -0.0150732
-0.00140802 -0.266431 -0.0140998
-0.00140802 -0.267428 -0.0141707
-0.00162672 -0.267359 -0.015144
-0.00151737 -0.266895 -0.0146219
INDEX = 14
4 5 7
6 7 5
1 2 5
6 5 2
0 1 4
5 4 1
7 6 3
2 3 6
4 7 0
3 0 7
8 1 0
8 2 1
8 3 2
8 0 3
FACE-NORMAL = 14
0.975792 0.015488 -0.218151
0.975792 0.015488 -0.218151
0.490212 0.0617255 -0.869415
0.490212 0.0617255 -0.869415
0.652771 -0.731067 -0.198574
0.652771 -0.731067 -0.198574
0.652771 0.751789 -0.0932966
0.652771 0.751789 -0.0932966
0.815329 -0.0410037 0.577544
0.815329 -0.0410037 0.577544
-0.689989 0.69438 0.204332
-0.535345 -0.0598155 0.842513
-0.689989 -0.716283 0.10418
-0.844634 0.0379122 -0.534001
BONE = 31
BONE_NAME = HitTestFuzzy
PARENT_ID = 1
LOCALTM 
MAT 0.658708 -0.000352443 0.0102033 0.0
MAT -0.0102032 -0.0455249 0.657133 0.0
MAT 0.00035353 -0.657211 -0.0455248 0.0
MAT 0.0188792 0.0649687 -0.577132 1.0
WORLDTM 
MAT 0.975793 0.015488 -0.218151 0.0
MAT 0.0 0.99749 0.0708184 0.0
MAT 0.2187 -0.0691039 0.973342 0.0
MAT -0.00151737 -0.266895 -0.0146219 1.0
VERTEX = 9
-0.0101587 0.699464 0.0351114
-0.0134785 0.699431 0.0202995
-0.0134856 0.71461 0.0202675
-0.0101659 0.714643 0.0350794
-0.0190618 0.70628 0.0300915
-0.0193938 0.706276 0.0286103
-0.0193945 0.707794 0.0286071
-0.0190625 0.707798 0.0300883
-0.0192282 0.707037 0.0293493
INDEX = 14
4 5 7
6 7 5
1 2 5
6 5 2
0 1 4
5 4 1
7 6 3
2 3 6
4 7 0
3 0 7
8 1 0
8 2 1
8 3 2
8 0 3
FACE-NORMAL = 14
0.975792 0.0 -0.2187
0.975792 0.0 -0.2187
0.815329 0.00160346 0.578996
0.815329 0.00160346 0.578996
0.65242 0.743292 -0.147867
0.65242 0.743292 -0.147867
0.653121 -0.743292 -0.144738
0.653121 -0.743292 -0.144738
0.490212 -0.00160347 -0.871602
0.490212 -0.00160347 -0.871602
-0.689656 -0.707105 0.156133
-0.844633 -0.00152539 -0.535343
-0.690323 0.707105 0.153156
-0.535345 0.0015254 0.844632
BONE = 32
BONE_NAME = Star2Force01
PARENT_ID = 1
LOCALTM 
MAT 1.0 9.53674e-007 0.0 0.0
MAT 0.0 -0.00215713 -0.999998 0.0
MAT -9.53654e-007 0.999997 -0.00215713 0.0
MAT 0.00115877 0.0392539 0.0644814 1.0
WORLDTM 
MAT 1.4812 0.0 -0.331974 0.0
MAT 0.000716135 -1.51794 0.0031953 0.0
MAT -0.331974 -0.00327456 -1.48119 0.0
MAT -0.0192282 0.707037 0.0293493 1.0
VERTEX = 9
0.00595132 -0.227414 0.0742486
0.00813832 -0.227414 0.0840065
0.00813832 -0.237414 0.0840065
0.00595132 -0.237414 0.0742486
0.00205651 -0.231914 0.0797332
0.00227521 -0.231914 0.080709
0.00227521 -0.232914 0.080709
0.00205651 -0.232914 0.0797332
0.00216586 -0.232414 0.0802211
INDEX = 14
4 5 7
6 7 5
1 2 5
6 5 2
0 1 4
5 4 1
7 6 3
2 3 6
4 7 0
3 0 7
8 1 0
8 2 1
8 3 2
8 0 3
FACE-NORMAL = 14
0.975792 0.0 -0.2187
0.975792 0.0 -0.2187
0.490212 0.0 -0.871603
0.490212 0.0 -0.871603
0.65277 -0.743294 -0.146303
0.652771 -0.743294 -0.146303
0.652771 0.743294 -0.146303
0.65277 0.743294 -0.146303
0.815329 0.0 0.578998
0.815329 0.0 0.578998
-0.689989 0.707107 0.154645
-0.535345 0.0 0.844634
-0.689989 -0.707107 0.154644
-0.844634 0.0 -0.535345
BONE = 33
BONE_NAME = HitTestTight
PARENT_ID = 1
LOCALTM 
MAT 0.658787 6.25849e-007 0.0 0.0
MAT 0.0 0.0 0.658787 0.0
MAT 6.4075e-007 -0.658786 0.0 0.0
MAT 0.00758228 0.00346929 -0.554416 1.0
WORLDTM 
MAT 0.975792 0.0 -0.2187 0.0
MAT 0.0 1.0 0.0 0.0
MAT 0.2187 0.0 0.975792 0.0
MAT 0.00216586 -0.232414 0.0802211 1.0
VERTEX = 9
0.280427 0.0766415 -0.14724
0.280427 0.0866415 -0.14724
0.27869 0.0866415 -0.137392
0.27869 0.0766415 -0.137392
0.274721 0.0811415 -0.143676
0.274721 0.0821415 -0.143676
0.274548 0.0821415 -0.142692
0.274548 0.0811415 -0.142692
0.274635 0.0816415 -0.143184
INDEX = 14
4 5 7
6 7 5
1 2 5
6 5 2
0 1 4
5 4 1
7 6 3
2 3 6
4 7 0
3 0 7
8 1 0
8 2 1
8 3 2
8 0 3
FACE-NORMAL = 14
0.984808 0.0 0.173648
0.984808 0.0 0.173648
0.658802 -0.743294 0.116165
0.658802 -0.743294 0.116165
0.52973 0.0 0.848166
0.52973 0.0 0.848166
0.787874 0.0 -0.615837
0.787873 0.0 -0.615837
0.658802 0.743294 0.116165
0.658802 0.743294 0.116164
-0.573576 0.0 -0.819152
-0.696364 0.707107 -0.122788
-0.819152 0.0 0.573576
-0.696364 -0.707107 -0.122788
BONE = 34
BONE_NAME = Foot_Left
PARENT_ID = 0
LOCALTM 
MAT 0.648778 -0.114397 0.0 0.0
MAT 0.114397 0.648778 0.0 0.0
MAT 0.0 0.0 0.658787 0.0
MAT 0.180926 0.0943277 0.0537843 1.0
WORLDTM 
MAT 0.984808 0.0 0.173648 0.0
MAT 0.173648 0.0 -0.984808 0.0
MAT 0.0 1.0 0.0 0.0
MAT 0.274635 0.0816415 -0.143184 1.0
VERTEX = 9
0.281862 0.081189 -0.171041
0.291746 0.0817078 -0.169613
0.291679 0.0724673 -0.165791
0.281795 0.0719485 -0.167219
0.28552 0.0791578 -0.164114
0.286509 0.0792097 -0.163971
