EXPORTER_V17
ANIMATION_EXPORT
BONEOBJECT_COUNT = 43
VERTEX = 9
0.00758971 -0.00758971 -0.00758971
0.00758971 0.00758971 -0.00758971
0.00758971 0.00758971 0.00758971
0.00758971 -0.00758971 0.00758971
0.0 -0.000758971 -0.000758971
0.0 0.000758971 -0.000758971
0.0 0.000758971 0.000758971
0.0 -0.000758971 0.000758971
0.0 0.0 0.0
INDEX = 14
4 5 7
6 7 5
1 2 5
6 5 2
0 1 4
5 4 1
7 6 3
2 3 6
4 7 0
3 0 7
8 1 0
8 2 1
8 3 2
8 0 3
FACE-NORMAL = 14
1.0 0.0 0.0
1.0 0.0 0.0
0.668965 -0.743294 0.0
0.668965 -0.743294 0.0
0.668965 0.0 0.743294
0.668965 0.0 0.743294
0.668965 0.0 -0.743294
0.668965 0.0 -0.743294
0.668965 0.743294 0.0
0.668965 0.743294 0.0
-0.707107 0.0 -0.707107
-0.707107 0.707107 0.0
-0.707107 0.0 0.707107
-0.707107 -0.707107 0.0
BONE = 0
BONE_NAME = Main
PARENT_ID = -1
LOCALTM 
MAT 1.51794 0.0 0.0 0.0
MAT 0.0 0.0 -1.51794 0.0
MAT 0.0 1.51794 0.0 0.0
MAT 0.0 0.0 0.0 1.0
WORLDTM 
MAT 1.51794 0.0 0.0 0.0
MAT 0.0 0.0 -1.51794 0.0
MAT 0.0 1.51794 0.0 0.0
MAT 0.0 0.0 0.0 1.0
VERTEX = 9
0.00854357 0.728383 -0.00496292
0.00817166 0.743193 -0.00826677
0.00654373 0.74644 0.00647171
0.00691564 0.731629 0.00977556
9.9992e-005 0.736151 -0.000571764
6.28011e-005 0.737632 -0.000902149
-9.9992e-005 0.737957 0.0005717
-6.28011e-005 0.736475 0.000902085
0.0 0.737054 0.0
INDEX = 14
4 5 7
6 7 5
1 2 5
6 5 2
0 1 4
5 4 1
7 6 3
2 3 6
4 7 0
3 0 7
8 1 0
8 2 1
8 3 2
8 0 3
FACE-NORMAL = 14
0.993931 0.0471316 0.0994011
0.993931 0.0471316 0.0994011
0.683116 -0.693717 0.228276
0.683116 -0.693716 0.228276
0.585189 0.190518 0.788198
0.585189 0.190518 0.788198
0.74462 -0.127459 -0.655207
0.74462 -0.127459 -0.655207
0.646693 0.756775 -0.0952845
0.646693 0.756775 -0.0952845
-0.626981 -0.184575 -0.756853
-0.72014 0.65661 -0.224191
-0.778649 0.117921 0.616279
-0.68549 -0.723264 0.0836168
BONE = 1
BONE_NAME = Root
PARENT_ID = 0
LOCALTM 
MAT 0.993931 -0.0994011 0.0471316 0.0
MAT 0.107246 0.970952 -0.213897 0.0
MAT -0.0245009 0.217653 0.975719 0.0
MAT 0.0 0.0 0.485561 1.0
WORLDTM 
MAT 1.50873 0.071543 0.150885 0.0
MAT 0.162793 -0.324683 -1.47385 0.0
MAT -0.0371909 1.48108 -0.330385 0.0
MAT 0.0 0.737054 0.0 1.0
VERTEX = 9
-0.00461203 0.731749 -0.0222925
0.00500575 0.731639 -0.0250286
0.00769858 0.733832 -0.0156511
-0.0019192 0.733942 -0.012915
0.000679277 0.737564 -0.0203736
0.00164106 0.737553 -0.0206472
0.00191034 0.737773 -0.0197095
0.00094856 0.737784 -0.0194359
0.00129481 0.737668 -0.0200415
INDEX = 14
4 5 7
6 7 5
1 2 5
6 5 2
0 1 4
5 4 1
7 6 3
2 3 6
4 7 0
3 0 7
8 1 0
8 2 1
8 3 2
8 0 3
FACE-NORMAL = 14
0.0496931 -0.975581 0.213943
0.0496931 -0.975581 0.213943
-0.681641 -0.644445 0.346492
-0.681641 -0.644445 0.346492
0.233399 -0.489579 0.840141
0.233399 -0.489579 0.840141
-0.166913 -0.81568 -0.5539
-0.166913 -0.81568 -0.553901
0.748127 -0.660815 -0.0602508
0.748127 -0.660814 -0.0602508
-0.22555 0.534728 -0.814367
0.644942 0.682054 -0.344751
0.155273 0.844953 0.511806
-0.715218 0.697627 0.0421895
BONE = 2
BONE_NAME = Pelvis
PARENT_ID = 1
LOCALTM 
MAT 0.0162569 0.00413366 -0.658573 0.0
MAT -0.244542 0.611714 -0.00219697 0.0
MAT 0.611502 0.244517 0.0166297 0.0
MAT -0.000445489 0.0128244 0.00324792 1.0
WORLDTM 
MAT 0.0496931 -0.975581 0.213943 0.0
MAT -0.269283 -0.219362 -0.937746 0.0
MAT 0.961778 -0.0110117 -0.273608 0.0
MAT 0.00129481 0.737668 -0.0200415 1.0
VERTEX = 9
0.07861 0.698142 -0.0417052
0.0885693 0.697714 -0.040912
0.0877312 0.690077 -0.0345109
0.0777719 0.690505 -0.0353041
0.0825487 0.697733 -0.0346469
0.0835446 0.69769 -0.0345675
0.0834608 0.696927 -0.0339274
0.0824649 0.696969 -0.0340067
0.0830048 0.69733 -0.0342871
INDEX = 14
4 5 7
6 7 5
1 2 5
6 5 2
0 1 4
5 4 1
7 6 3
2 3 6
4 7 0
3 0 7
8 1 0
8 2 1
8 3 2
8 0 3
FACE-NORMAL = 14
0.0331693 -0.64415 -0.764179
0.0331693 -0.64415 -0.764179
-0.718079 -0.399092 -0.570165
-0.718079 -0.399092 -0.570165
-0.0401049 -0.998568 -0.0354197
-0.0401049 -0.998567 -0.0354199
0.084483 0.136739 -0.986998
0.084483 0.136739 -0.986998
0.762458 -0.462736 -0.452253
0.762458 -0.462736 -0.452253
0.035807 0.9955 0.087731
0.680774 0.42521 0.596442
-0.0827154 -0.0845338 0.992981
-0.727683 0.485756 0.484271
BONE = 3
BONE_NAME = Bone13
PARENT_ID = 2
LOCALTM 
MAT 0.466579 0.848976 0.24808 0.0
MAT -0.877834 0.410165 0.247334 0.0
MAT 0.108227 -0.333174 0.936633 0.0
MAT 0.0403661 0.000204399 0.0829288 1.0
WORLDTM 
MAT 0.0331693 -0.644151 -0.76418 0.0
MAT 0.083808 0.7637 -0.640109 0.0
MAT 0.99593 -0.0428124 0.0793173 0.0
MAT 0.0830048 0.69733 -0.0342871 1.0
VERTEX = 9
0.088327 0.484995 -0.275726
0.0982781 0.48509 -0.274743
0.0979987 0.49491 -0.272871
0.0880477 0.494814 -0.273854
0.0931531 0.490401 -0.279328
0.0941482 0.490411 -0.27923
0.0941202 0.491393 -0.279043
0.0931251 0.491383 -0.279141
0.0936366 0.490897 -0.279186
INDEX = 14
4 5 7
6 7 5
1 2 5
6 5 2
0 1 4
5 4 1
7 6 3
2 3 6
4 7 0
3 0 7
8 1 0
8 2 1
8 3 2
8 0 3
FACE-NORMAL = 14
-0.0947555 -0.188961 0.977402
-0.0947555 -0.188961 0.977402
-0.803047 -0.133522 0.580765
-0.803047 -0.133522 0.580765
-0.084151 0.603461 0.79294
-0.084151 0.60346 0.79294
-0.0426251 -0.856277 0.514755
-0.0426251 -0.856277 0.514755
0.67627 -0.119295 0.72693
0.67627 -0.119295 0.72693
0.0867544 -0.560719 -0.823448
0.770651 0.140383 -0.621603
0.0472501 0.82795 -0.558807
-0.636645 0.126849 -0.760652
BONE = 4
BONE_NAME = Bone20
PARENT_ID = 3
LOCALTM 
MAT -0.628335 -0.777896 -0.00875599 0.0
MAT 0.776443 -0.627782 0.0550167 0.0
MAT -0.0482934 0.0277694 0.998446 0.0
MAT 0.320472 0.0 2.03401e-006 1.0
WORLDTM 
MAT -0.0947557 -0.188961 0.977405 0.0
MAT 0.0279337 -0.981939 -0.18713 0.0
MAT 0.995107 0.00956982 0.0983233 0.0
MAT 0.0936366 0.490897 -0.279186 1.0
VERTEX = 9
0.0727554 0.45693 -0.114842
0.0826985 0.45701 -0.113781
0.081928 0.450674 -0.106083
0.0719849 0.450593 -0.107145
0.0765157 0.457982 -0.107753
0.07751 0.45799 -0.107647
0.077433 0.457357 -0.106877
0.0764387 0.457349 -0.106984
0.0769744 0.457669 -0.107315
INDEX = 14
4 5 7
6 7 5
1 2 5
6 5 2
0 1 4
5 4 1
7 6 3
2 3 6
4 7 0
3 0 7
8 1 0
8 2 1
8 3 2
8 0 3
FACE-NORMAL = 14
0.0734695 -0.773558 -0.629452
0.0734695 -0.773558 -0.629452
-0.689921 -0.52347 -0.499988
-0.689921 -0.52347 -0.499988
-0.00812126 -0.988489 0.151073
-0.00812124 -0.988489 0.151073
0.106418 -0.0464777 -0.993235
0.106418 -0.0464776 -0.993235
0.788218 -0.511496 -0.342174
0.788218 -0.511496 -0.342174
0.00253079 0.995063 -0.0992088
0.651137 0.552684 0.520155
-0.106432 0.0989137 0.989388
-0.755039 0.541293 0.370024
BONE = 5
BONE_NAME = Bone21
PARENT_ID = 4
LOCALTM 
MAT -0.476019 0.879431 0.00381731 0.0
MAT -0.879399 -0.476032 0.00705257 0.0
MAT 0.00801943 -6.60308e-007 0.999965 0.0
MAT 0.175843 0.0 -1.2666e-007 1.0
WORLDTM 
MAT 0.0734699 -0.773562 -0.629455 0.0
MAT 0.0770487 0.633674 -0.769755 0.0
MAT 0.994312 0.00805477 0.106158 0.0
MAT 0.0769744 0.457669 -0.107315 1.0
VERTEX = 9
0.104639 0.457571 -0.105943
0.104319 0.454178 -0.0965411
0.103299 0.444832 -0.0999484
0.103619 0.448225 -0.10935
0.0990646 0.452373 -0.103222
0.0990326 0.452033 -0.102282
0.0989306 0.451099 -0.102622
0.0989626 0.451438 -0.103562
0.0989976 0.451736 -0.102922
INDEX = 14
4 5 7
6 7 5
1 2 5
6 5 2
0 1 4
5 4 1
7 6 3
2 3 6
4 7 0
3 0 7
8 1 0
8 2 1
8 3 2
8 0 3
FACE-NORMAL = 14
0.994265 -0.106841 -0.00469277
0.994265 -0.106841 -0.00469277
0.688926 0.180693 -0.701948
0.688926 0.180693 -0.701948
0.589282 -0.766162 -0.256404
0.589282 -0.766162 -0.256404
0.740974 0.623213 0.250124
0.740974 0.623213 0.250124
0.641331 -0.323638 0.695667
0.641331 -0.323638 0.695667
-0.630898 0.736416 0.244253
-0.725691 -0.164341 0.668106
-0.775205 -0.585317 -0.237615
-0.680413 0.315437 -0.661467
BONE = 6
BONE_NAME = Unit_Protoss_Zealot_Leg_Lower_04
PARENT_ID = 5
LOCALTM 
MAT 0.15865 0.0125177 0.987262 0.0
MAT -0.929949 0.337819 0.145163 0.0
MAT -0.331694 -0.94112 0.065238 0.0
MAT 0.00344279 -0.00544497 0.0223168 1.0
WORLDTM 
MAT 0.994268 -0.106842 -0.00469278 0.0
MAT 0.102042 0.93461 0.340733 0.0
MAT -0.0320146 -0.339252 0.940144 0.0
MAT 0.0989976 0.451736 -0.102922 1.0
VERTEX = 9
-0.0812949 0.691981 0.0103562
-0.0713705 0.69104 0.00956798
-0.0701912 0.696571 0.0178153
-0.0801155 0.697512 0.0186036
-0.0761282 0.698185 0.0109128
-0.0751358 0.698091 0.010834
-0.0750178 0.698644 0.0116587
-0.0760103 0.698738 0.0117375
-0.075573 0.698415 0.0112858
INDEX = 14
4 5 7
6 7 5
1 2 5
6 5 2
0 1 4
5 4 1
7 6 3
2 3 6
4 7 0
3 0 7
8 1 0
8 2 1
8 3 2
8 0 3
FACE-NORMAL = 14
-0.0339991 -0.827795 0.56
-0.0339991 -0.827795 0.56
-0.760418 -0.483833 0.433208
-0.760418 -0.483833 0.433208
0.0649169 -0.14266 0.987641
0.0649169 -0.14266 0.987641
-0.110405 -0.964871 -0.2384
-0.110405 -0.964871 -0.2384
0.71493 -0.623698 0.316032
0.71493 -0.623698 0.316032
-0.0593523 0.194249 -0.979155
0.725801 0.518812 -0.451715
0.107434 0.97643 0.187196
-0.677719 0.651867 -0.340244
BONE = 7
BONE_NAME = Bone13(mirrored)
PARENT_ID = 2
LOCALTM 
MAT 0.9257 -0.334395 -0.176805 0.0
MAT 0.357274 0.926476 0.118316 0.0
MAT 0.12424 -0.172693 0.977108 0.0
MAT 0.0411775 -6.71148e-005 -0.082069 1.0
WORLDTM 
MAT -0.0339991 -0.827795 0.56 0.0
MAT -0.117936 -0.553086 -0.824735 0.0
MAT 0.992438 -0.0940841 -0.0788222 0.0
MAT -0.075573 0.698415 0.0112858 1.0
VERTEX = 9
-0.0918007 0.427296 0.194295
-0.0819006 0.426248 0.193351
-0.0805991 0.435611 0.196613
-0.0904993 0.436659 0.197556
-0.0870308 0.432713 0.190635
-0.0860408 0.432609 0.19054
-0.0859107 0.433545 0.190866
-0.0869007 0.43365 0.190961
-0.0864708 0.433129 0.190751
INDEX = 14
4 5 7
6 7 5
1 2 5
6 5 2
0 1 4
5 4 1
7 6 3
2 3 6
4 7 0
3 0 7
8 1 0
8 2 1
8 3 2
8 0 3
FACE-NORMAL = 14
0.0541613 -0.33514 0.94061
0.0541613 -0.33514 0.94061
-0.699639 -0.146332 0.699351
-0.699639 -0.146332 0.699351
0.132971 0.471768 0.871638
0.132971 0.471768 0.871638
-0.0605067 -0.920163 0.386831
-0.0605067 -0.920163 0.386831
0.772104 -0.302062 0.559119
0.772104 -0.302062 0.559119
-0.130327 -0.425102 -0.895714
0.661748 0.162906 -0.731814
0.0537311 0.899063 -0.43451
-0.738344 0.311054 -0.59841
BONE = 8
BONE_NAME = Bone20(mirrored)
PARENT_ID = 7
LOCALTM 
MAT 0.802328 -0.596781 0.0111421 0.0
MAT 0.596883 0.802182 -0.0153652 0.0
MAT 0.000231832 0.0189796 0.999818 0.0
MAT 0.320473 1.19209e-007 -1.92225e-006 1.0
WORLDTM 
MAT 0.0541614 -0.335141 0.940612 0.0
MAT -0.130149 -0.936327 -0.326122 0.0
MAT 0.990011 -0.104756 -0.0943312 0.0
MAT -0.0864708 0.433129 0.190751 1.0
VERTEX = 9
-0.0827981 0.367996 0.354632
-0.0728979 0.366948 0.35369
-0.0715716 0.371618 0.362433
-0.0814718 0.372666 0.363375
-0.0775081 0.374016 0.355761
-0.0765181 0.373911 0.355667
-0.0763854 0.374378 0.356541
-0.0773754 0.374483 0.356635
-0.0769468 0.374197 0.356151
INDEX = 14
4 5 7
6 7 5
1 2 5
6 5 2
0 1 4
5 4 1
7 6 3
2 3 6
4 7 0
3 0 7
8 1 0
8 2 1
8 3 2
8 0 3
FACE-NORMAL = 14
-0.04762 -0.878012 0.476264
-0.04762 -0.878012 0.476264
-0.767732 -0.509465 0.388629
-0.767732 -0.509465 0.388629
0.0667247 -0.240224 0.968422
0.0667247 -0.240224 0.968422
-0.130437 -0.934496 -0.331216
-0.130437 -0.934496 -0.331216
0.704022 -0.665254 0.248578
0.704022 -0.665254 0.248578
-0.0601089 0.290613 -0.954951
0.733723 0.546746 -0.403386
0.127454 0.951084 0.281414
-0.666379 0.694951 -0.270153
BONE = 9
BONE_NAME = Bone21(mirrored)
PARENT_ID = 8
LOCALTM 
MAT 0.73966 0.672987 -9.38252e-005 0.0
MAT -0.672987 0.739655 8.85502e-005 0.0
MAT 0.00012758 -3.99351e-006 0.999996 0.0
MAT 0.175844 0.0 0.0 1.0
WORLDTM 
MAT -0.0476203 -0.878017 0.476266 0.0
MAT -0.132627 -0.467024 -0.874245 0.0
MAT 0.990014 -0.104795 -0.0942095 0.0
MAT -0.0769468 0.374197 0.356151 1.0
VERTEX = 9
0.0061594 0.731597 -0.00800075
-0.00377563 0.731089 -0.0090194
-0.0048819 0.733295 0.000671463
0.00505313 0.733802 0.00169011
0.0013244 0.727491 -0.00297468
0.0003309 0.72744 -0.00307655
0.000220273 0.72766 -0.00210746
0.00121378 0.727711 -0.0020056
0.000772338 0.727576 -0.00254107
INDEX = 14
4 5 7
6 7 5
1 2 5
6 5 2
0 1 4
5 4 1
7 6 3
2 3 6
4 7 0
3 0 7
8 1 0
8 2 1
8 3 2
8 0 3
FACE-NORMAL = 14
-0.0267177 0.974058 -0.224714
-0.0267177 0.974058 -0.224714
0.720592 0.689334 -0.0746102
0.720592 0.689334 -0.0746102
-0.100102 0.815531 0.56999
-0.100101 0.815531 0.56999
0.0643551 0.48769 -0.870641
0.0643552 0.48769 -0.870642
-0.756338 0.613888 -0.226041
-0.756338 0.613888 -0.226041
0.0971173 -0.844703 -0.52635
-0.68362 -0.72465 0.0868675
-0.0593328 -0.532823 0.844144
0.721405 -0.652877 0.230926
BONE = 10
BONE_NAME = Lower Chest
PARENT_ID = 1
LOCALTM 
MAT -0.00196545 0.00459388 0.658768 0.0
MAT 0.00213002 0.658767 -0.00458756 0.0
MAT -0.65878 0.00211627 -0.00198023 0.0
MAT 4.50294e-005 0.00301552 -0.00574055 1.0
WORLDTM 
MAT -0.0267177 0.974059 -0.224714 0.0
MAT 0.110627 -0.220533 -0.969086 0.0
MAT -0.993503 -0.0507511 -0.101865 0.0
MAT 0.000772338 0.727576 -0.00254107 1.0
VERTEX = 9
0.00322718 0.872127 -0.03895
-0.00649681 0.871355 -0.0411518
-0.00881618 0.873526 -0.0316699
0.000907819 0.874298 -0.0294681
-0.00206539 0.867891 -0.0345288
-0.00303779 0.867814 -0.034749
-0.00326973 0.868031 -0.0338008
-0.00229733 0.868108 -0.0335806
-0.00266756 0.867961 -0.0341648
INDEX = 14
4 5 7
6 7 5
1 2 5
6 5 2
0 1 4
5 4 1
7 6 3
2 3 6
4 7 0
3 0 7
8 1 0
8 2 1
8 3 2
8 0 3
FACE-NORMAL = 14
-0.025387 0.973088 -0.229029
-0.025387 0.973088 -0.229029
0.705796 0.708338 0.0104481
0.705796 0.708338 0.010448
-0.18938 0.812344 0.551572
-0.18938 0.812345 0.551572
0.155414 0.489579 -0.857997
0.155414 0.489579 -0.857997
-0.739762 0.593585 -0.316873
-0.739762 0.593585 -0.316873
0.181955 -0.841603 -0.508524
-0.669639 -0.742661 0.00625542
-0.146052 -0.534552 0.83242
0.705542 -0.633494 0.317641
BONE = 11
BONE_NAME = UpperChest
PARENT_ID = 10
LOCALTM 
MAT 0.99999 0.00454278 -0.000833258 0.0
MAT -0.00461073 0.992418 -0.122823 0.0
MAT 0.000268504 0.122826 0.992428 0.0
MAT 0.143942 -0.000693962 -0.000485819 1.0
WORLDTM 
MAT -0.025387 0.973089 -0.229029 0.0
MAT 0.231937 -0.217118 -0.948191 0.0
MAT -0.972399 -0.0771924 -0.220183 0.0
MAT -0.00266756 0.867961 -0.0341648 1.0
VERTEX = 9
0.00440422 0.999639 -0.0625808
0.00360313 1.0093 -0.0650431
0.000223289 1.01136 -0.0558599
0.00102438 1.0017 -0.0533977
-0.00216588 1.00413 -0.0611062
-0.00224599 1.00509 -0.0613524
-0.00258398 1.0053 -0.0604341
-0.00250387 1.00433 -0.0601879
-0.00237493 1.00471 -0.0607701
INDEX = 14
4 5 7
6 7 5
1 2 5
6 5 2
0 1 4
5 4 1
7 6 3
2 3 6
4 7 0
3 0 7
8 1 0
8 2 1
8 3 2
8 0 3
FACE-NORMAL = 14
0.937736 0.156786 0.30995
0.937736 0.156786 0.30995
0.686857 -0.61306 0.390365
0.686857 -0.61306 0.390365
0.376091 0.258052 0.889924
0.376091 0.258052 0.889924
0.878534 -0.0482836 -0.475233
0.878534 -0.0482837 -0.475233
0.567768 0.822829 0.0243261
0.567768 0.822829 0.024326
-0.424089 -0.256575 -0.868515
-0.719725 0.572127 -0.393277
-0.90207 0.0348465 0.43018
-0.606434 -0.793856 -0.0450585
BONE = 12
BONE_NAME = Bone01
PARENT_ID = 11
LOCALTM 
MAT 0.0577723 -0.110437 -0.992203 0.0
MAT 0.0012199 0.99387 -0.110551 0.0
MAT 0.998328 0.00517681 0.0575537 0.0
MAT 0.139159 -0.0043969 -0.0049828 1.0
WORLDTM 
MAT 0.937737 0.156786 0.30995 0.0
MAT 0.337984 -0.206067 -0.918317 0.0
MAT -0.0801091 0.965896 -0.246227 0.0
MAT -0.00237493 1.00471 -0.0607701 1.0
VERTEX = 9
0.183056 1.02792 -0.00214892
0.19125 1.03108 0.00263409
0.185517 1.03557 0.00948786
0.177323 1.03241 0.00470485
0.184154 1.03554 0.000342219
0.184973 1.03585 0.00082052
0.1844 1.0363 0.0015059
0.183581 1.03599 0.0010276
0.184277 1.03592 0.000924058
INDEX = 14
4 5 7
6 7 5
1 2 5
6 5 2
0 1 4
5 4 1
7 6 3
2 3 6
4 7 0
3 0 7
8 1 0
8 2 1
8 3 2
8 0 3
FACE-NORMAL = 14
0.00186547 -0.835767 0.549082
0.00186547 -0.835767 0.549082
-0.607768 -0.794027 0.0117979
-0.607768 -0.794027 0.011798
-0.424877 -0.225362 0.876751
-0.424877 -0.225362 0.876751
0.427373 -0.892835 -0.142119
0.427373 -0.892835 -0.142119
0.610265 -0.32417 0.722835
0.610265 -0.32417 0.722835
0.404059 0.273488 -0.872892
0.578047 0.814467 -0.0500495
-0.406698 0.908465 0.0963738
-0.580686 0.367485 -0.72647
BONE = 13
BONE_NAME = Bone02
PARENT_ID = 12
LOCALTM 
MAT 0.0408999 -0.331376 -0.942612 0.0
MAT 0.25477 0.915679 -0.310852 0.0
MAT 0.966135 -0.227434 0.121877 0.0
MAT 0.199045 0.0 -8.9407e-007 1.0
WORLDTM 
MAT 0.00186547 -0.835766 0.549082 0.0
MAT 0.573294 -0.448997 -0.685377 0.0
MAT 0.819347 0.316064 0.478301 0.0
MAT 0.184277 1.03592 0.000924058 1.0
VERTEX = 9
0.183949 0.845027 0.12163
0.191786 0.845591 0.127815
0.191687 0.835645 0.128848
0.18385 0.835081 0.122663
0.184326 0.84124 0.128773
0.18511 0.841297 0.129391
0.1851 0.840302 0.129495
0.184316 0.840246 0.128876
0.184713 0.840771 0.129134
INDEX = 14
4 5 7
6 7 5
1 2 5
6 5 2
0 1 4
5 4 1
7 6 3
2 3 6
4 7 0
3 0 7
8 1 0
8 2 1
8 3 2
8 0 3
FACE-NORMAL = 14
0.621062 -0.0871067 -0.778906
0.621062 -0.0871067 -0.778906
-0.167046 -0.100205 -0.980844
-0.167046 -0.100205 -0.980844
0.408082 -0.797551 -0.444276
0.408082 -0.797551 -0.444277
0.422856 0.68101 -0.597845
0.422856 0.68101 -0.597845
0.997987 -0.0163377 -0.0612745
0.997987 -0.0163377 -0.0612743
-0.43213 0.764882 0.477724
0.114998 0.101486 0.988168
-0.446185 -0.641696 0.623815
-0.993316 0.0217017 0.113368
BONE = 14
BONE_NAME = Bone03
PARENT_ID = 13
LOCALTM 
MAT -0.353723 0.929003 0.108785 0.0
MAT -0.88796 -0.370075 0.273091 0.0
MAT 0.293961 -1.69128e-006 0.955814 0.0
MAT 0.233498 0.0 0.0 1.0
WORLDTM 
MAT 0.621065 -0.087107 -0.778909 0.0
MAT 0.00993805 0.994604 -0.103302 0.0
MAT 0.783691 0.0564158 0.618576 0.0
MAT 0.184713 0.840771 0.129134 1.0
VERTEX = 9
0.311864 0.823194 -0.0429394
0.321189 0.826168 -0.0408898
0.322907 0.817524 -0.0361639
0.313582 0.81455 -0.0382136
0.315245 0.82267 -0.0356048
0.316177 0.822967 -0.0353998
0.316349 0.822103 -0.0349272
0.315417 0.821805 -0.0351322
0.315797 0.822386 -0.035266
INDEX = 14
4 5 7
6 7 5
1 2 5
6 5 2
0 1 4
5 4 1
7 6 3
2 3 6
4 7 0
3 0 7
8 1 0
8 2 1
8 3 2
8 0 3
FACE-NORMAL = 14
0.317692 -0.405475 -0.857124
0.317692 -0.405475 -0.857124
-0.480593 -0.492282 -0.725734
-0.480593 -0.492282 -0.725734
0.340204 -0.913742 -0.222119
0.340204 -0.913742 -0.222119
0.0848459 0.371242 -0.924651
0.0848458 0.371242 -0.924651
0.905653 -0.0502119 -0.421036
0.905653 -0.0502118 -0.421036
-0.346105 0.897928 0.271913
0.434731 0.496986 0.751009
-0.103179 -0.324497 0.940242
-0.884026 0.0764389 0.461146
BONE = 15
BONE_NAME = Bone04
PARENT_ID = 14
LOCALTM 
MAT 0.900251 -0.311587 -0.304102 0.0
MAT 0.18612 0.906828 -0.378184 0.0
MAT 0.393582 0.283859 0.874356 0.0
MAT 0.211064 0.0 -1.19209e-007 1.0
WORLDTM 
MAT 0.317696 -0.40548 -0.857135 0.0
MAT -0.171774 0.864387 -0.472583 0.0
MAT 0.932486 0.297371 0.204968 0.0
MAT 0.315797 0.822386 -0.035266 1.0
VERTEX = 9
0.401974 0.805741 -0.120968
0.402852 0.79066 -0.116998
0.396488 0.793944 -0.103117
0.39561 0.809024 -0.107087
0.406624 0.80163 -0.109955
0.406712 0.800122 -0.109558
0.406075 0.800451 -0.10817
0.405987 0.801959 -0.108567
0.40635 0.801041 -0.109062
INDEX = 14
4 5 7
6 7 5
1 2 5
6 5 2
0 1 4
5 4 1
7 6 3
2 3 6
4 7 0
3 0 7
8 1 0
8 2 1
8 3 2
8 0 3
FACE-NORMAL = 14
-0.911492 -0.153442 -0.381626
-0.911492 -0.153442 -0.381626
-0.651506 0.615014 -0.444183
-0.651506 0.615014 -0.444183
-0.912619 0.0535978 0.405283
-0.912619 0.0535978 0.405283
-0.306901 -0.258888 -0.915854
-0.306901 -0.258888 -0.915854
-0.568004 -0.820343 -0.0663971
-0.568004 -0.820343 -0.066397
0.932641 -0.0401383 -0.358566
0.684238 -0.574222 0.449542
0.356411 0.257134 0.89825
0.604804 0.791255 0.0901502
BONE = 16
BONE_NAME = Star2Part_Fire_Blades01
PARENT_ID = 15
LOCALTM 
MAT 0.155764 0.31908 -1.52104 0.0
MAT 1.52506 0.262867 0.211312 0.0
MAT 0.299138 -1.5062 -0.285257 0.0
MAT 0.100675 0.000868917 0.0629691 1.0
WORLDTM 
MAT -1.42367 -0.239663 -0.596066 0.0
MAT 0.636398 -0.328326 -1.3881 0.0
MAT 0.0877635 -1.50806 0.396937 0.0
MAT 0.40635 0.801041 -0.109062 1.0
VERTEX = 9
0.328316 0.874056 -0.0635875
0.32939 0.881056 -0.0678091
0.325744 0.885278 -0.0617369
0.32467 0.878277 -0.0575154
0.3235 0.878568 -0.0645776
0.323608 0.879268 -0.0649998
0.323243 0.87969 -0.0643926
0.323136 0.87899 -0.0639704
0.323372 0.879129 -0.0644851
INDEX = 14
4 5 7
6 7 5
1 2 5
6 5 2
0 1 4
5 4 1
7 6 3
2 3 6
4 7 0
3 0 7
8 1 0
8 2 1
8 3 2
8 0 3
FACE-NORMAL = 14
0.887394 0.130461 0.442167
0.887394 0.130461 0.442167
0.496816 -0.543801 0.676354
0.496816 -0.543801 0.676354
0.264947 0.4678 0.843188
0.264947 0.4678 0.843188
0.92233 -0.293258 -0.25161
0.92233 -0.293258 -0.25161
0.69046 0.718385 -0.0847863
0.69046 0.718385 -0.0847864
-0.314795 -0.45425 -0.833403
-0.535375 0.508101 -0.67469
-0.940175 0.269756 0.208094
-0.719595 -0.692635 0.0493917
BONE = 17
BONE_NAME = Ref_Weapon Left
PARENT_ID = 15
LOCALTM 
MAT -0.123639 -0.204991 0.788997 0.0
MAT 0.807437 -0.140538 0.0900187 0.0
MAT 0.112106 0.786152 0.221779 0.0
MAT 0.00444287 0.0615547 0.0179483 1.0
WORLDTM 
MAT 0.731661 0.107566 0.364569 0.0
MAT 0.364601 -0.42211 -0.607216 0.0
MAT 0.107381 0.700034 -0.422155 0.0
MAT 0.323372 0.879129 -0.0644851 1.0
VERTEX = 9
0.410105 0.806318 -0.120196
0.414234 0.799841 -0.126599
0.416273 0.80735 -0.13288
0.412143 0.813827 -0.126478
0.408442 0.806137 -0.128115
0.408855 0.80549 -0.128755
0.409059 0.80624 -0.129383
0.408646 0.806888 -0.128743
0.408751 0.806189 -0.128749
INDEX = 14
4 5 7
6 7 5
1 2 5
6 5 2
0 1 4
5 4 1
7 6 3
2 3 6
4 7 0
3 0 7
8 1 0
8 2 1
8 3 2
8 0 3
FACE-NORMAL = 14
0.887607 0.128959 0.44218
0.887607 0.128959 0.44218
0.286802 0.567694 0.771666
0.286803 0.567693 0.771666
0.745289 0.644406 -0.171126
0.745289 0.644406 -0.171126
0.442269 -0.471859 0.762724
0.442269 -0.471859 0.762724
0.900774 -0.395188 -0.180092
0.900774 -0.395188 -0.180092
-0.771769 -0.622152 0.131528
-0.335601 -0.549174 -0.765363
-0.4835 0.439768 -0.756857
-0.919685 0.366829 0.140056
BONE = 18
BONE_NAME = Star2Ribbon03
PARENT_ID = 15
LOCALTM 
MAT -0.149289 -0.249965 0.956689 0.0
MAT -0.29872 -0.910913 -0.284614 0.0
MAT 0.942588 -0.32825 0.0612749 0.0
MAT 0.116224 0.0142102 0.062704 1.0
WORLDTM 
MAT 0.887608 0.128959 0.442181 0.0
MAT -0.203829 -0.750892 0.628189 0.0
MAT 0.412979 -0.647714 -0.640241 0.0
MAT 0.408751 0.806189 -0.128749 1.0
VERTEX = 9
0.0107062 1.07226 -0.137222
0.0101719 1.07109 -0.14714
0.000193532 1.07077 -0.146565
0.000727742 1.07194 -0.136647
0.00616653 1.06663 -0.140854
0.00611311 1.06651 -0.141845
0.00511527 1.06648 -0.141788
0.00516869 1.06659 -0.140796
0.0056409 1.06655 -0.141321
INDEX = 14
4 5 7
6 7 5
1 2 5
6 5 2
0 1 4
5 4 1
7 6 3
2 3 6
4 7 0
3 0 7
8 1 0
8 2 1
8 3 2
8 0 3
FACE-NORMAL = 14
-0.0382114 0.992683 -0.114541
-0.0382114 0.992683 -0.114541
0.0141454 0.750657 0.660541
0.0141454 0.750657 0.660541
-0.767251 0.64045 -0.0338975
-0.767251 0.64045 -0.0338976
0.716127 0.68769 -0.11935
0.716127 0.68769 -0.11935
-0.0652696 0.577483 -0.813789
-0.0652696 0.577483 -0.813789
0.732599 -0.679463 0.0403465
-0.0107548 -0.784304 -0.620283
-0.67856 -0.724403 0.121639
0.0647939 -0.619562 0.782269
BONE = 19
BONE_NAME = BoneHead
PARENT_ID = 11
LOCALTM 
MAT 0.993172 -0.115786 -0.0142505 0.0
MAT 0.0187548 0.27904 -0.960097 0.0
MAT 0.115141 0.953273 0.279306 0.0
MAT 0.217578 0.0604134 0.000185091 1.0
WORLDTM 
MAT -0.0382114 0.992684 -0.114541 0.0
MAT 0.997841 0.0317775 -0.0574822 0.0
MAT -0.0534209 -0.116491 -0.991754 0.0
MAT 0.0056409 1.06655 -0.141321 1.0
VERTEX = 9
0.00729204 1.15775 -0.0166272
0.00709401 1.16747 -0.014311
0.00646133 1.16977 -0.0240224
0.00665936 1.16005 -0.0263385
0.0119072 1.16333 -0.0202399
0.0118874 1.1643 -0.0200083
0.0118242 1.16453 -0.0209794
0.011844 1.16356 -0.0212111
0.0118657 1.16393 -0.0206097
INDEX = 14
4 5 7
6 7 5
1 2 5
6 5 2
0 1 4
5 4 1
7 6 3
2 3 6
4 7 0
3 0 7
8 1 0
8 2 1
8 3 2
8 0 3
FACE-NORMAL = 14
-0.9978 -0.0338867 0.0569806
-0.9978 -0.0338867 0.0569806
-0.652773 -0.745601 -0.134038
-0.652773 -0.745601 -0.134038
-0.71452 0.148271 -0.683723
-0.71452 0.14827 -0.683723
-0.620466 -0.193608 0.759959
-0.620466 -0.193608 0.759959
-0.682213 0.700264 0.210274
-0.682213 0.700264 0.210274
0.750288 -0.138656 0.646407
0.691548 0.711698 0.123483
0.660814 0.186579 -0.726989
0.719555 -0.663776 -0.204066
BONE = 20
BONE_NAME = Star2Ribbon01
PARENT_ID = 19
LOCALTM 
MAT -0.00203783 -0.999998 0.000741034 0.0
MAT -0.341946 9.60659e-007 -0.939719 0.0
MAT 0.939718 -0.00216687 -0.341944 0.0
MAT 0.0826004 0.00236711 -0.131392 1.0
WORLDTM 
MAT -0.997801 -0.0338867 0.0569806 0.0
MAT 0.0632679 -0.229975 0.971137 0.0
MAT -0.0198032 0.972607 0.231613 0.0
MAT 0.0118657 1.16393 -0.0206097 1.0
VERTEX = 9
0.00169019 1.17279 -0.13703
0.00181983 1.17189 -0.128835
0.00216457 1.16371 -0.129741
0.00203493 1.16461 -0.137936
-0.00221475 1.16853 -0.133704
-0.00220179 1.16844 -0.132885
-0.00216731 1.16762 -0.132975
-0.00218028 1.16771 -0.133795
-0.00219103 1.16807 -0.13334
INDEX = 14
4 5 7
6 7 5
1 2 5
6 5 2
0 1 4
5 4 1
7 6 3
2 3 6
4 7 0
3 0 7
8 1 0
8 2 1
8 3 2
8 0 3
FACE-NORMAL = 14
0.999002 0.043284 -0.011046
0.999002 0.043284 -0.011046
0.656609 0.110205 -0.746136
0.656609 0.110205 -0.746136
0.699375 -0.709184 -0.0890636
0.699376 -0.709184 -0.0890636
0.637219 0.767095 0.0742848
0.637218 0.767095 0.0742848
0.679985 -0.0522939 0.731359
0.679985 -0.0522939 0.731359
-0.735966 0.671597 0.0855086
-0.695282 -0.1079 0.710592
-0.676835 -0.732809 -0.0698872
-0.71752 0.0466874 -0.694972
BONE = 21
BONE_NAME = Ref_Head
PARENT_ID = 19
LOCALTM 
MAT 0.00499572 0.823561 -0.0391275 0.0
MAT 0.803736 -0.0135884 -0.183389 0.0
MAT -0.183825 -0.0370317 -0.802898 0.0
MAT 0.100162 -0.00504775 -0.0193228 1.0
WORLDTM 
MAT 0.823682 0.0356879 -0.00910749 0.0
MAT -0.0344741 0.818787 0.0905978 0.0
MAT 0.012964 -0.0901264 0.819461 0.0
MAT -0.00219103 1.16807 -0.13334 1.0
VERTEX = 9
-0.0156194 1.0077 -0.0699678
-0.0159818 0.997945 -0.0678216
-0.0183012 1.00012 -0.0583396
-0.0179387 1.00988 -0.0604859
-0.0119659 1.00437 -0.0635639
-0.0120022 1.00339 -0.0633493
-0.0122341 1.00361 -0.0624011
-0.0121978 1.00458 -0.0626157
-0.0121 1.00399 -0.0629825
INDEX = 14
4 5 7
6 7 5
1 2 5
6 5 2
0 1 4
5 4 1
7 6 3
2 3 6
4 7 0
3 0 7
8 1 0
8 2 1
8 3 2
8 0 3
FACE-NORMAL = 14
-0.972055 -0.0154088 -0.234245
-0.972055 -0.0154088 -0.234245
-0.623328 0.715164 -0.316231
-0.623328 0.715164 -0.316231
-0.822667 0.151075 0.548083
-0.822668 0.151075 0.548083
-0.477874 -0.171691 -0.861486
-0.477874 -0.171691 -0.861486
-0.677214 -0.735781 0.0028275
-0.677214 -0.735781 0.00282754
0.851351 -0.14263 -0.504835
0.661716 -0.679257 0.317399
0.523343 0.164421 0.836108
0.712978 0.701049 0.0138738
BONE = 22
BONE_NAME = Bone01(mirrored)
PARENT_ID = 11
LOCALTM 
MAT 0.0633328 -5.59492e-007 0.997992 0.0
MAT -1.78814e-007 1.0 2.06754e-007 0.0
MAT -0.997991 1.93715e-007 0.0633314 0.0
MAT 0.139206 -0.00439693 0.0050171 1.0
WORLDTM 
MAT -0.972055 -0.0154088 -0.234245 0.0
MAT 0.231936 -0.217119 -0.948192 0.0
MAT -0.0362474 -0.976023 0.214625 0.0
MAT -0.0121 1.00399 -0.0629825 1.0
VERTEX = 9
-0.209057 0.996159 -0.113183
-0.201265 0.992742 -0.107928
-0.203346 0.99924 -0.100617
-0.211138 1.00266 -0.105872
-0.203531 1.00094 -0.109704
-0.202752 1.0006 -0.109179
-0.20296 1.00125 -0.108448
-0.203739 1.00159 -0.108973
-0.203245 1.00109 -0.109076
INDEX = 14
4 5 7
6 7 5
1 2 5
6 5 2
0 1 4
5 4 1
7 6 3
2 3 6
4 7 0
3 0 7
8 1 0
8 2 1
8 3 2
8 0 3
FACE-NORMAL = 14
-0.591193 -0.679026 0.435218
-0.591193 -0.679026 0.435218
-0.974678 -0.2003 -0.0994135
-0.974678 -0.2003 -0.0994133
-0.550165 0.0287255 0.834562
-0.550165 0.0287253 0.834561
-0.240809 -0.937214 -0.252271
-0.240809 -0.937214 -0.252271
0.183704 -0.708189 0.681705
0.183704 -0.708189 0.681705
0.565184 0.0206874 -0.824705
0.969029 0.238563 0.0637989
0.270889 0.9396 0.209214
-0.132956 0.721725 -0.679291
BONE = 23
BONE_NAME = Bone02(mirrored)
PARENT_ID = 22
LOCALTM 
MAT 0.483188 -0.402359 0.777583 0.0
MAT -0.0210154 0.882558 0.469738 0.0
MAT -0.875263 -0.243312 0.417982 0.0
MAT 0.196646 0.0 -0.000140369 1.0
WORLDTM 
MAT -0.591193 -0.679025 0.435218 0.0
MAT 0.208099 -0.649771 -0.731094 0.0
MAT 0.77922 -0.341646 0.525442 0.0
MAT -0.203245 1.00109 -0.109076 1.0
VERTEX = 9
-0.343123 0.846156 -0.0151071
-0.333933 0.844897 -0.0113724
-0.336307 0.835565 -0.00867513
-0.345498 0.836824 -0.0124098
-0.341629 0.843073 -0.00777488
-0.34071 0.842947 -0.00740142
-0.340947 0.842014 -0.00713169
-0.341866 0.84214 -0.00750516
-0.341288 0.842543 -0.00745329
INDEX = 14
4 5 7
6 7 5
1 2 5
6 5 2
0 1 4
5 4 1
7 6 3
2 3 6
4 7 0
3 0 7
8 1 0
8 2 1
8 3 2
8 0 3
FACE-NORMAL = 14
0.314572 -0.336564 -0.887564
0.314572 -0.336564 -0.887564
-0.472697 -0.131596 -0.871344
-0.472697 -0.131596 -0.871344
0.0339732 -0.918799 -0.393262
0.0339733 -0.918799 -0.393262
0.386902 0.468503 -0.794237
0.386902 0.468503 -0.794237
0.893575 -0.318703 -0.316153
0.893575 -0.318703 -0.316153
-0.0545628 0.897865 0.436876
0.42744 0.148988 0.891682
-0.39031 -0.421895 0.818329
-0.872315 0.326986 0.363521
BONE = 24
BONE_NAME = Bone03(mirrored)
PARENT_ID = 23
LOCALTM 
MAT -0.343721 0.933039 -0.106257 0.0
MAT -0.891423 -0.359774 -0.275564 0.0
MAT -0.295339 -1.05798e-006 0.955391 0.0
MAT 0.233498 0.0 0.0 1.0
WORLDTM 
MAT 0.314572 -0.336564 -0.887564 0.0
MAT 0.237409 0.933214 -0.269727 0.0
MAT 0.919062 -0.125862 0.373467 0.0
MAT -0.341288 0.842543 -0.00745329 1.0
VERTEX = 9
-0.272313 0.772744 -0.20296
-0.266245 0.771234 -0.195156
-0.272128 0.763779 -0.192025
-0.278195 0.765289 -0.199829
-0.274902 0.771955 -0.195333
-0.274296 0.771804 -0.194552
-0.274884 0.771059 -0.194239
-0.275491 0.77121 -0.19502
-0.274893 0.771507 -0.194786
INDEX = 14
4 5 7
6 7 5
1 2 5
6 5 2
0 1 4
5 4 1
7 6 3
2 3 6
4 7 0
3 0 7
8 1 0
8 2 1
8 3 2
8 0 3
FACE-NORMAL = 14
0.534569 -0.649072 -0.541241
0.534569 -0.649072 -0.541241
-0.0934018 -0.321967 -0.942132
-0.0934016 -0.321967 -0.942132
-0.0796495 -0.988396 -0.12934
-0.0796494 -0.988396 -0.12934
0.794866 0.119986 -0.594803
0.794866 0.119986 -0.594803
0.808624 -0.546447 0.217998
0.808624 -0.546447 0.217998
0.0379721 0.986172 0.161315
0.0510551 0.352188 0.934536
-0.793968 -0.0682481 0.604117
-0.807056 0.56574 -0.169113
BONE = 25
BONE_NAME = Bone04(mirrored)
PARENT_ID = 24
LOCALTM 
MAT 0.866998 -0.332819 0.370866 0.0
MAT 0.212024 0.919909 0.329882 0.0
MAT -0.450957 -0.20736 0.868122 0.0
MAT 0.211064 1.78814e-007 2.08616e-007 1.0
WORLDTM 
MAT 0.534567 -0.64907 -0.54124 0.0
MAT 0.588273 0.745594 -0.313109 0.0
MAT 0.60677 -0.150999 0.780398 0.0
MAT -0.274893 0.771507 -0.194786 1.0
VERTEX = 9
-0.256628 0.718923 -0.308921
-0.260834 0.705098 -0.302992
-0.268981 0.712367 -0.291823
-0.264775 0.726191 -0.297751
-0.255865 0.716015 -0.296643
-0.256285 0.714633 -0.29605
-0.2571 0.715359 -0.294933
-0.256679 0.716742 -0.295526
-0.256482 0.715687 -0.295788
INDEX = 14
4 5 7
6 7 5
1 2 5
6 5 2
0 1 4
5 4 1
7 6 3
2 3 6
4 7 0
3 0 7
8 1 0
8 2 1
8 3 2
8 0 3
FACE-NORMAL = 14
-0.809573 -0.00543856 -0.586994
-0.809573 -0.00543856 -0.586994
-0.341432 0.654261 -0.674808
-0.341433 0.654261 -0.674808
-0.929287 0.342271 0.138842
-0.929287 0.342271 0.138842
-0.153865 -0.349547 -0.924198
-0.153865 -0.349547 -0.924198
-0.741719 -0.661538 -0.110549
-0.741719 -0.661538 -0.110549
0.94129 -0.325223 -0.0905756
0.382055 -0.622024 0.683462
0.20362 0.332914 0.92071
0.762854 0.629715 0.146673
BONE = 26
BONE_NAME = Star2Part_Fire_Blades02
PARENT_ID = 25
LOCALTM 
MAT -0.174233 -0.463098 -1.48146 0.0
MAT 1.51184 0.287043 -0.267518 0.0
MAT 0.351623 -1.46377 0.416246 0.0
MAT 0.100739 0.000837445 -0.0592208 1.0
WORLDTM 
MAT -1.26447 -0.0084945 -0.916827 0.0
MAT 0.814721 -0.72688 -1.11692 0.0
MAT -0.420566 -1.38246 0.592846 0.0
MAT -0.256482 0.715687 -0.295788 1.0
VERTEX = 9
-0.264482 0.810197 -0.259936
-0.260588 0.815786 -0.264582
-0.263877 0.821841 -0.260053
-0.267772 0.816251 -0.255408
-0.26097 0.815294 -0.257445
-0.26058 0.815853 -0.257909
-0.260909 0.816458 -0.257456
-0.261299 0.815899 -0.256992
-0.26094 0.815876 -0.25745
INDEX = 14
4 5 7
6 7 5
1 2 5
6 5 2
0 1 4
5 4 1
7 6 3
2 3 6
4 7 0
3 0 7
8 1 0
8 2 1
8 3 2
8 0 3
FACE-NORMAL = 14
-0.786004 0.0345905 -0.617253
-0.786004 0.0345905 -0.617253
-0.876854 -0.480721 0.00583967
-0.876854 -0.480721 0.00583955
-0.822348 0.568966 -0.00471918
-0.822348 0.568966 -0.0047193
-0.229272 -0.522683 -0.821119
-0.229272 -0.522683 -0.821119
-0.174753 0.527017 -0.831694
-0.174753 0.527017 -0.831694
0.83789 -0.543712 0.0481359
0.889742 0.454871 0.0380903
0.273689 0.49479 0.824789
0.221824 -0.503805 0.83485
BONE = 27
BONE_NAME = Ref_Weapon Right
PARENT_ID = 25
LOCALTM 
MAT -0.0895053 -0.200611 -0.794698 0.0
MAT 0.81391 -0.116144 -0.0623412 0.0
MAT 0.0968029 0.791242 -0.210625 0.0
MAT 0.0125764 0.0609106 -0.0471373 1.0
WORLDTM 
MAT -0.648059 0.0285198 -0.508924 0.0
MAT 0.328939 -0.605467 -0.452806 0.0
MAT 0.389413 0.558917 -0.46451 0.0
MAT -0.26094 0.815876 -0.25745 1.0
VERTEX = 9
-0.233683 0.715169 -0.315519
-0.230528 0.706808 -0.320006
-0.225212 0.712282 -0.326469
-0.228367 0.720644 -0.321982
-0.233801 0.714043 -0.323533
-0.233486 0.713207 -0.323982
-0.232954 0.713754 -0.324628
-0.233269 0.71459 -0.324179
-0.233377 0.713899 -0.32408
INDEX = 14
4 5 7
6 7 5
1 2 5
6 5 2
0 1 4
5 4 1
7 6 3
2 3 6
4 7 0
3 0 7
8 1 0
8 2 1
8 3 2
8 0 3
FACE-NORMAL = 14
0.785996 -0.0345838 0.617263
0.785996 -0.0345838 0.617263
0.291291 0.598371 0.746392
0.291291 0.598371 0.746392
0.920971 0.383748 -0.0674508
0.920971 0.383748 -0.0674507
0.130628 -0.430027 0.893316
0.130628 -0.430027 0.893316
0.760325 -0.644665 0.0794498
0.760325 -0.644665 0.0794497
-0.931711 -0.36262 0.0205203
-0.332687 -0.566794 -0.7537
-0.179847 0.411537 -0.893472
-0.778888 0.615725 -0.11923
BONE = 28
BONE_NAME = Star2Ribbon04
PARENT_ID = 25
LOCALTM 
MAT 0.108543 0.243308 0.963851 0.0
MAT -0.278698 -0.92327 0.264438 0.0
MAT 0.954208 -0.297356 -0.0324137 0.0
MAT 0.129564 0.0219544 -0.0670109 1.0
WORLDTM 
MAT 0.78599 -0.0345835 0.617258 0.0
MAT -0.531665 -0.54742 0.646294 0.0
MAT 0.315495 -0.83616 -0.448646 0.0
MAT -0.233377 0.713899 -0.32408 1.0
VERTEX = 9
-0.00524011 0.977806 -0.0643837
-0.00751538 0.979839 -0.0567241
-0.00727765 0.971891 -0.0545434
-0.00500238 0.969858 -0.0622029
-0.0101177 0.974733 -0.0610228
-0.0103452 0.974936 -0.0602569
-0.0103214 0.974142 -0.0600388
-0.0100939 0.973938 -0.0608048
-0.0102195 0.974437 -0.0605308
INDEX = 14
4 5 7
6 7 5
1 2 5
6 5 2
0 1 4
5 4 1
7 6 3
2 3 6
4 7 0
3 0 7
8 1 0
8 2 1
8 3 2
8 0 3
FACE-NORMAL = 14
0.960738 0.099774 0.258897
0.960738 0.099774 0.258897
0.847816 -0.116584 -0.517317
0.847816 -0.116584 -0.517317
0.664131 -0.649758 0.369789
0.664132 -0.649758 0.369789
0.621269 0.783248 -0.0234038
0.621268 0.783248 -0.0234039
0.437584 0.250075 0.863703
0.437584 0.250075 0.863703
-0.699732 0.611069 -0.370093
-0.874474 0.103853 0.473825
-0.658956 -0.752171 0.00395769
-0.484215 -0.244955 -0.83996
BONE = 29
BONE_NAME = Ref_HardPoint
PARENT_ID = 11
LOCALTM 
MAT 0.0110511 -0.0365386 -0.82362 0.0
MAT 0.823947 0.0287015 0.00978243 0.0
MAT 0.0282371 -0.823194 0.0368993 0.0
MAT 0.109841 0.000130475 0.00492978 1.0
WORLDTM 
MAT 0.792133 0.0822641 0.213461 0.0
MAT -0.023773 0.794787 -0.218077 0.0
MAT -0.227526 0.203359 0.765954 0.0
MAT -0.0102195 0.974437 -0.0605308 1.0
VERTEX = 9
-0.0107486 0.856828 -0.0256968
-0.0135099 0.858261 -0.020141
-0.0131283 0.846427 -0.0168982
-0.010367 0.844994 -0.022454
-0.0161132 0.851472 -0.0236973
-0.0163894 0.851615 -0.0231417
-0.0163512 0.850432 -0.0228174
-0.0160751 0.850289 -0.023373
-0.0162322 0.850952 -0.0232574
INDEX = 14
4 5 7
6 7 5
1 2 5
6 5 2
0 1 4
5 4 1
7 6 3
2 3 6
4 7 0
3 0 7
8 1 0
8 2 1
8 3 2
8 0 3
FACE-NORMAL = 14
0.90054 0.141677 0.411042
0.90054 0.141677 0.411042
0.924767 -0.0725436 -0.373556
0.924767 -0.0725436 -0.373556
0.625535 -0.621743 0.471319
0.625535 -0.621743 0.471319
0.579324 0.811296 0.0786263
0.579324 0.811296 0.0786263
0.280093 0.262097 0.9235
0.280093 0.262097 0.923501
-0.658759 0.581456 -0.477437
-0.943422 0.0589938 0.326305
-0.614797 -0.781816 -0.103863
-0.330134 -0.259355 -0.907605
BONE = 30
BONE_NAME = Vol_Target
PARENT_ID = 11
LOCALTM 
MAT 0.0198929 -0.201818 -0.931786 0.0
MAT 1.22677 0.0416938 0.0171599 0.0
MAT 0.0192483 -0.62196 0.135123 0.0
MAT -0.0187047 -0.00979555 0.0121016 1.0
WORLDTM 
MAT 0.858754 0.135103 0.391969 0.0
MAT -0.0381599 1.18338 -0.324278 0.0
MAT -0.276137 0.143339 0.555578 0.0
MAT -0.0162322 0.850952 -0.0232574 1.0
VERTEX = 9
0.0657786 -0.132953 0.0925765
0.0647309 -0.131493 0.102414
0.0652034 -0.141366 0.103929
0.066251 -0.142826 0.094092
0.0605529 -0.13705 0.0972026
0.0604481 -0.136904 0.0981863
0.0604953 -0.137892 0.0983378
0.0606001 -0.138038 0.0973541
0.0605241 -0.137471 0.0977702
INDEX = 14
4 5 7
6 7 5
1 2 5
6 5 2
0 1 4
5 4 1
7 6 3
2 3 6
4 7 0
3 0 7
8 1 0
8 2 1
8 3 2
8 0 3
FACE-NORMAL = 14
0.993374 0.0623523 0.0965376
0.993374 0.0623523 0.0965376
0.742402 -0.066798 -0.666616
0.742402 -0.066798 -0.666616
0.699649 -0.692158 0.177226
0.699649 -0.692158 0.177226
0.629416 0.77558 -0.0480655
0.629416 0.775581 -0.0480656
0.586663 0.150221 0.795777
0.586663 0.150221 0.795777
-0.735829 0.654051 -0.175424
-0.7765 0.0591369 0.627336
-0.669015 -0.74223 0.0388993
-0.628343 -0.147316 -0.76386
BONE = 31
BONE_NAME = HitTestFuzzy
PARENT_ID = 1
LOCALTM 
MAT 0.658708 -0.000352459 0.0102033 0.0
MAT -0.0102032 -0.0455248 0.657133 0.0
MAT 0.000353513 -0.657211 -0.0455248 0.0
MAT 0.0188792 0.0649687 -0.577132 1.0
WORLDTM 
MAT 0.993375 0.0623523 0.0965376 0.0
MAT -0.0472445 0.98732 -0.15155 0.0
MAT -0.104763 0.145985 0.983724 0.0
MAT 0.0605241 -0.137471 0.0977702 1.0
VERTEX = 9
0.0126539 0.814489 -0.0691953
0.0142826 0.81121 -0.0839266
0.0139142 0.826014 -0.0872623
0.0122855 0.829293 -0.0725309
0.00567739 0.819318 -0.0780799
0.00584026 0.81899 -0.079553
0.00580342 0.82047 -0.0798866
0.00564055 0.820798 -0.0784134
0.00574041 0.819894 -0.0789832
INDEX = 14
4 5 7
6 7 5
1 2 5
6 5 2
0 1 4
5 4 1
7 6 3
2 3 6
4 7 0
3 0 7
8 1 0
8 2 1
8 3 2
8 0 3
FACE-NORMAL = 14
0.993931 0.0471314 0.0994002
0.993931 0.0471314 0.0994002
0.585151 0.192081 0.787847
0.585151 0.192081 0.787847
0.646865 0.756431 -0.0968415
0.646865 0.75643 -0.0968415
0.682944 -0.693372 0.229832
0.682944 -0.693372 0.229832
0.744658 -0.129023 -0.654857
0.744658 -0.129023 -0.654857
-0.685654 -0.722936 0.0850981
-0.626944 -0.186063 -0.756519
-0.719976 0.656282 -0.225671
-0.778686 0.119409 0.615946
BONE = 32
BONE_NAME = Star2Force01
PARENT_ID = 1
LOCALTM 
MAT 1.0 9.45292e-007 0.0 0.0
MAT 0.0 -0.00215714 -0.999998 0.0
MAT -9.58331e-007 0.999997 -0.00215712 0.0
MAT 0.00115877 0.0392539 0.0644814 1.0
WORLDTM 
MAT 1.50873 0.0715427 0.150884 0.0
MAT 0.0368397 -1.48038 0.333564 0.0
MAT 0.162871 -0.327877 -1.47313 0.0
MAT 0.00574041 0.819894 -0.0789832 1.0
VERTEX = 9
0.038007 -0.0806227 0.173756
0.0369346 -0.0784838 0.183465
0.0371796 -0.088241 0.185642
0.038252 -0.0903799 0.175932
0.032665 -0.0842866 0.178607
0.0325578 -0.0840727 0.179578
0.0325823 -0.0850484 0.179796
0.0326895 -0.0852623 0.178825
0.0326236 -0.0846675 0.179202
INDEX = 14
4 5 7
6 7 5
1 2 5
6 5 2
0 1 4
5 4 1
7 6 3
2 3 6
4 7 0
3 0 7
8 1 0
8 2 1
8 3 2
8 0 3
FACE-NORMAL = 14
0.993931 0.0471314 0.0994002
0.993931 0.0471314 0.0994002
0.744619 -0.127459 -0.655207
0.744619 -0.127459 -0.655207
0.683116 -0.693717 0.228275
0.683116 -0.693717 0.228275
0.646693 0.756775 -0.095285
0.646693 0.756775 -0.095285
0.58519 0.190517 0.788198
0.58519 0.190517 0.788198
-0.72014 0.65661 -0.22419
-0.778649 0.117921 0.61628
-0.68549 -0.723264 0.0836174
-0.626982 -0.184575 -0.756853
BONE = 33
BONE_NAME = HitTestTight
PARENT_ID = 1
LOCALTM 
MAT 0.658787 6.25383e-007 0.0 0.0
MAT 0.0 0.0 0.658787 0.0
MAT 6.34696e-007 -0.658786 0.0 0.0
MAT 0.00758228 0.00346927 -0.554416 1.0
WORLDTM 
MAT 0.993931 0.0471314 0.0994002 0.0
MAT -0.0245009 0.975719 -0.217653 0.0
MAT -0.107245 0.213897 0.970952 0.0
MAT 0.0326236 -0.0846675 0.179202 1.0
VERTEX = 9
0.094648 0.296278 -0.242057
0.094648 0.306136 -0.240377
0.094648 0.304456 -0.23052
0.094648 0.294598 -0.2322
0.089648 0.299958 -0.236865
0.089648 0.300944 -0.236697
0.089648 0.300776 -0.235712
0.089648 0.29979 -0.23588
0.089648 0.300367 -0.236288
INDEX = 14
4 5 7
6 7 5
1 2 5
6 5 2
0 1 4
5 4 1
7 6 3
2 3 6
4 7 0
3 0 7
8 1 0
8 2 1
8 3 2
8 0 3
FACE-NORMAL = 14
1.0 0.0 0.0
1.0 0.0 0.0
0.668965 -0.73273 -0.124871
0.668965 -0.73273 -0.12487
0.668965 -0.124871 0.73273
0.668965 -0.12487 0.73273
0.668965 0.12487 -0.73273
0.668965 0.124871 -0.73273
0.668965 0.73273 0.12487
0.668965 0.73273 0.124871
-0.707107 0.118791 -0.697057
-0.707107 0.697057 0.118791
-0.707107 -0.118791 0.697057
-0.707107 -0.697057 -0.118791
BONE = 34
BONE_NAME = Foot_Left
PARENT_ID = 0
LOCALTM 
MAT 0.658787 0.0 0.0 0.0
MAT 0.0 0.649424 0.110674 0.0
MAT 0.0 -0.110674 0.649424 0.0
MAT 0.0590589 0.155664 0.197878 1.0
WORLDTM 
MAT 1.0 0.0 0.0 0.0
MAT 0.0 0.167996 -0.985788 0.0
MAT 0.0 0.985788 0.167996 0.0
MAT 0.089648 0.300367 -0.236288 1.0
VERTEX = 9
