EXPORTER_V17
ANIMATION_EXPORT
BONEOBJECT_COUNT = 43
VERTEX = 9
0.00758971 -0.00758971 -0.00758971
0.00758971 0.00758971 -0.00758971
0.00758971 0.00758971 0.00758971
0.00758971 -0.00758971 0.00758971
0.0 -0.000758971 -0.000758971
0.0 0.000758971 -0.000758971
0.0 0.000758971 0.000758971
0.0 -0.000758971 0.000758971
0.0 0.0 0.0
INDEX = 14
4 5 7
6 7 5
1 2 5
6 5 2
0 1 4
5 4 1
7 6 3
2 3 6
4 7 0
3 0 7
8 1 0
8 2 1
8 3 2
8 0 3
FACE-NORMAL = 14
1.0 0.0 0.0
1.0 0.0 0.0
0.668965 -0.743294 0.0
0.668965 -0.743294 0.0
0.668965 0.0 0.743294
0.668965 0.0 0.743294
0.668965 0.0 -0.743294
0.668965 0.0 -0.743294
0.668965 0.743294 0.0
0.668965 0.743294 0.0
-0.707107 0.0 -0.707107
-0.707107 0.707107 0.0
-0.707107 0.0 0.707107
-0.707107 -0.707107 0.0
BONE = 0
BONE_NAME = Main
PARENT_ID = -1
LOCALTM 
MAT 1.51794 0.0 0.0 0.0
MAT 0.0 0.0 -1.51794 0.0
MAT 0.0 1.51794 0.0 0.0
MAT 0.0 0.0 0.0 1.0
WORLDTM 
MAT 1.51794 0.0 0.0 0.0
MAT 0.0 0.0 -1.51794 0.0
MAT 0.0 1.51794 0.0 0.0
MAT 0.0 0.0 0.0 1.0
VERTEX = 9
0.0198639 0.733514 0.00225534
0.0193583 0.747801 -0.00284901
0.0187423 0.752884 0.0114406
0.019248 0.738598 0.0165449
0.01178 0.741889 0.00618352
0.0117294 0.743318 0.00567309
0.0116678 0.743826 0.00710204
0.0117184 0.742397 0.00761248
0.0117239 0.742858 0.00664278
INDEX = 14
4 5 7
6 7 5
1 2 5
6 5 2
0 1 4
5 4 1
7 6 3
2 3 6
4 7 0
3 0 7
8 1 0
8 2 1
8 3 2
8 0 3
FACE-NORMAL = 14
0.998621 0.0450048 0.0270331
0.998621 0.0450048 0.0270331
0.692804 -0.669465 0.26803
0.692804 -0.669464 0.26803
0.637882 0.279039 0.717805
0.637882 0.279039 0.717805
0.698203 -0.218825 -0.681637
0.698203 -0.218825 -0.681637
0.643281 0.729678 -0.231862
0.643281 0.729678 -0.231862
-0.67744 -0.268636 -0.68477
-0.729688 0.633689 -0.256893
-0.734824 0.20499 0.64654
-0.682576 -0.697336 0.218662
BONE = 1
BONE_NAME = Root
PARENT_ID = 0
LOCALTM 
MAT 0.998621 -0.0270331 0.0450049 0.0
MAT 0.0405766 0.941378 -0.334904 0.0
MAT -0.0333131 0.336268 0.941177 0.0
MAT 0.00772353 -0.0043762 0.489385 1.0
WORLDTM 
MAT 1.51585 0.0683148 0.0410347 0.0
MAT 0.061593 -0.508365 -1.42896 0.0
MAT -0.0505674 1.42865 -0.510436 0.0
MAT 0.0117239 0.742858 0.00664278 1.0
VERTEX = 9
0.00636938 0.734804 -0.0145664
0.0158616 0.734389 -0.017685
0.0189334 0.737751 -0.00878204
0.00944123 0.738165 -0.00566342
0.0116836 0.740834 -0.0136226
0.0126328 0.740793 -0.0139345
0.01294 0.741129 -0.0130442
0.0119907 0.74117 -0.0127323
0.0123118 0.740982 -0.0133334
INDEX = 14
4 5 7
6 7 5
1 2 5
6 5 2
0 1 4
5 4 1
7 6 3
2 3 6
4 7 0
3 0 7
8 1 0
8 2 1
8 3 2
8 0 3
FACE-NORMAL = 14
0.0679298 -0.940888 0.331836
0.0679298 -0.940888 0.331836
-0.660109 -0.598606 0.453792
-0.660109 -0.598606 0.453792
0.273771 -0.379547 0.883738
0.273771 -0.379547 0.883738
-0.182886 -0.879295 -0.439765
-0.182886 -0.879295 -0.439765
0.750994 -0.660236 -0.00981884
0.750994 -0.660236 -0.00981891
-0.265246 0.4276 -0.864178
0.623168 0.635994 -0.455163
0.169179 0.903017 0.394891
-0.719235 0.694623 -0.0141235
BONE = 2
BONE_NAME = Pelvis
PARENT_ID = 1
LOCALTM 
MAT 0.0227032 0.00361031 -0.658385 0.0
MAT -0.227912 0.618091 -0.00446978 0.0
MAT 0.617689 0.227927 0.0225497 0.0
MAT -2.46167e-005 0.0128182 0.00324932 1.0
WORLDTM 
MAT 0.0679298 -0.940888 0.331836 0.0
MAT -0.307185 -0.336171 -0.890296 0.0
MAT 0.949222 -0.0414573 -0.311862 0.0
MAT 0.0123118 0.740982 -0.0133334 1.0
VERTEX = 9
0.089044 0.699593 -0.0332786
0.0990322 0.699718 -0.0328101
0.098799 0.692489 -0.0259049
0.0888108 0.692364 -0.0263734
0.0932211 0.69985 -0.0263515
0.09422 0.699863 -0.0263046
0.0941966 0.69914 -0.0256141
0.0931978 0.699127 -0.025661
0.0937089 0.699495 -0.0259828
INDEX = 14
4 5 7
6 7 5
1 2 5
6 5 2
0 1 4
5 4 1
7 6 3
2 3 6
4 7 0
3 0 7
8 1 0
8 2 1
8 3 2
8 0 3
FACE-NORMAL = 14
0.0425206 -0.690801 -0.721794
0.0425206 -0.690801 -0.721794
-0.713975 -0.471436 -0.517676
-0.713974 -0.471436 -0.517676
0.0111134 -0.999476 0.0304057
0.0111134 -0.999476 0.0304055
0.0457762 0.0752328 -0.996115
0.0457762 0.0752329 -0.996115
0.770865 -0.452807 -0.448033
0.770865 -0.452807 -0.448033
-0.013579 0.999663 0.0221131
0.676208 0.497331 0.543512
-0.0465542 -0.0227232 0.998657
-0.736342 0.479609 0.477259
BONE = 3
BONE_NAME = Bone13
PARENT_ID = 2
LOCALTM 
MAT 0.413338 0.861776 0.294101 0.0
MAT -0.907759 0.364575 0.20751 0.0
MAT 0.0716049 -0.352744 0.932976 0.0
MAT 0.0403661 0.000204399 0.0829288 1.0
WORLDTM 
MAT 0.0425207 -0.690802 -0.721794 0.0
MAT 0.023317 0.722937 -0.690521 0.0
MAT 0.998824 0.0125315 0.046848 0.0
MAT 0.0937089 0.699495 -0.0259828 1.0
VERTEX = 9
0.102488 0.470991 -0.256418
0.112467 0.471288 -0.255841
0.11189 0.479418 -0.250047
0.101911 0.479121 -0.250625
0.106867 0.477691 -0.257616
0.107865 0.47772 -0.257559
0.107808 0.478533 -0.256979
0.10681 0.478504 -0.257037
0.107338 0.478112 -0.257298
INDEX = 14
4 5 7
6 7 5
1 2 5
6 5 2
0 1 4
5 4 1
7 6 3
2 3 6
4 7 0
3 0 7
8 1 0
8 2 1
8 3 2
8 0 3
FACE-NORMAL = 14
-0.0297656 -0.581496 0.813005
-0.0297656 -0.581496 0.813005
-0.76164 -0.411026 0.500961
-0.76164 -0.411026 0.500961
-0.0627711 0.215306 0.974527
-0.0627711 0.215305 0.974527
0.0229467 -0.993305 0.113216
0.0229467 -0.993305 0.113216
0.721815 -0.366974 0.586782
0.721815 -0.366974 0.586782
0.0618198 -0.163705 -0.98457
0.726664 0.432134 -0.53406
-0.0197248 0.986064 -0.165192
-0.684569 0.390226 -0.615702
BONE = 4
BONE_NAME = Bone20
PARENT_ID = 3
LOCALTM 
MAT -0.186389 -0.982477 0.0010694 0.0
MAT 0.982279 -0.186331 0.0202622 0.0
MAT -0.0197078 0.0048271 0.999793 0.0
MAT 0.320472 0.0 1.99676e-006 1.0
WORLDTM 
MAT -0.0297657 -0.581497 0.813006 0.0
MAT 0.0576608 -0.813012 -0.579389 0.0
MAT 0.997891 0.0296329 0.0577301 0.0
MAT 0.107338 0.478112 -0.257298 1.0
VERTEX = 9
0.0975115 0.376175 -0.121672
0.10749 0.376468 -0.12109
0.107326 0.368953 -0.114494
0.0973472 0.36866 -0.115076
0.101613 0.376221 -0.114695
0.102611 0.37625 -0.114637
0.102594 0.375498 -0.113977
0.101596 0.375469 -0.114035
0.102103 0.37586 -0.114336
INDEX = 14
4 5 7
6 7 5
1 2 5
6 5 2
0 1 4
5 4 1
7 6 3
2 3 6
4 7 0
3 0 7
8 1 0
8 2 1
8 3 2
8 0 3
FACE-NORMAL = 14
0.0630635 -0.659131 -0.74938
0.0630635 -0.659131 -0.74938
-0.699526 -0.4627 -0.544584
-0.699526 -0.4627 -0.544584
0.0299734 -0.99949 -0.011051
0.0299734 -0.99949 -0.0110511
0.0544011 0.117621 -0.991567
0.0544011 0.117621 -0.991567
0.783902 -0.419171 -0.458033
0.783902 -0.419171 -0.458033
-0.0329734 0.997437 0.063502
0.661011 0.486781 0.57106
-0.0562119 -0.0652867 0.996282
-0.750197 0.445371 0.488723
BONE = 5
BONE_NAME = Bone21
PARENT_ID = 4
LOCALTM 
MAT -0.227846 0.9737 0.00013773 0.0
MAT -0.973697 -0.227847 0.000588343 0.0
MAT 0.000604548 -2.66358e-007 0.999997 0.0
MAT 0.175843 0.0 -1.19209e-007 1.0
WORLDTM 
MAT 0.0630638 -0.659134 -0.749383 0.0
MAT 0.016432 0.751462 -0.659575 0.0
MAT 0.99787 0.0292814 0.0582216 0.0
MAT 0.102103 0.37586 -0.114336 1.0
VERTEX = 9
0.129792 0.37661 -0.114327
0.130079 0.371743 -0.105596
0.129162 0.363032 -0.110421
0.128875 0.367899 -0.119152
0.124532 0.370831 -0.112221
0.12456 0.370344 -0.111348
0.124469 0.369473 -0.11183
0.12444 0.36996 -0.112703
0.1245 0.370152 -0.112025
INDEX = 14
4 5 7
6 7 5
1 2 5
6 5 2
0 1 4
5 4 1
7 6 3
2 3 6
4 7 0
3 0 7
8 1 0
8 2 1
8 3 2
8 0 3
FACE-NORMAL = 14
0.995368 -0.0662573 -0.0696663
0.995368 -0.0662573 -0.0696663
0.644522 0.317422 -0.695583
0.644522 0.317422 -0.695583
0.597663 -0.691783 -0.405259
0.597663 -0.691783 -0.405259
0.734068 0.603133 0.312049
0.734068 0.603133 0.312049
0.68721 -0.406068 0.602371
0.68721 -0.406068 0.602372
-0.638949 0.662789 0.390455
-0.683526 -0.297283 0.666644
-0.768713 -0.569085 -0.29193
-0.724136 0.390983 -0.568119
BONE = 6
BONE_NAME = Unit_Protoss_Zealot_Leg_Lower_04
PARENT_ID = 5
LOCALTM 
MAT 0.158651 0.0125174 0.987262 0.0
MAT -0.929948 0.33782 0.145163 0.0
MAT -0.331694 -0.94112 0.0652385 0.0
MAT 0.00344282 -0.00544494 0.0223168 1.0
WORLDTM 
MAT 0.99537 -0.0662574 -0.0696665 0.0
MAT 0.0917591 0.87107 0.482521 0.0
MAT 0.0287172 -0.486675 0.873104 0.0
MAT 0.1245 0.370152 -0.112025 1.0
VERTEX = 9
-0.0689467 0.699843 0.0242533
-0.059106 0.698183 0.0236171
-0.0577689 0.702737 0.0324192
-0.0676096 0.704396 0.0330554
-0.063331 0.705519 0.0255765
-0.062347 0.705353 0.0255128
-0.0622133 0.705808 0.026393
-0.0631973 0.705974 0.0264567
-0.0627721 0.705663 0.0259847
INDEX = 14
4 5 7
6 7 5
1 2 5
6 5 2
0 1 4
5 4 1
7 6 3
2 3 6
4 7 0
3 0 7
8 1 0
8 2 1
8 3 2
8 0 3
FACE-NORMAL = 14
-0.117132 -0.874699 0.470301
-0.117132 -0.874699 0.470301
-0.809813 -0.461766 0.361906
-0.809813 -0.461766 0.361906
0.021033 -0.246677 0.968869
0.021033 -0.246678 0.968869
-0.177747 -0.923607 -0.33964
-0.177747 -0.923607 -0.33964
0.653099 -0.708519 0.267323
0.653099 -0.708519 0.267323
-0.0117266 0.296518 -0.954955
0.778669 0.501135 -0.377541
0.177376 0.940492 0.289849
-0.613021 0.735876 -0.287564
BONE = 7
BONE_NAME = Bone13(mirrored)
PARENT_ID = 2
LOCALTM 
MAT 0.9711 -0.0886774 -0.22159 0.0
MAT 0.127273 0.977801 0.166457 0.0
MAT 0.20191 -0.189848 0.960827 0.0
MAT 0.0411774 -6.71297e-005 -0.082069 1.0
WORLDTM 
MAT -0.117132 -0.874699 0.470301 0.0
MAT -0.133716 -0.455359 -0.880211 0.0
MAT 0.984073 -0.165986 -0.0636237 0.0
MAT -0.0627721 0.705663 0.0259847 1.0
VERTEX = 9
-0.106012 0.420134 0.180618
-0.0961949 0.4184 0.179834
-0.0943156 0.427877 0.182417
-0.104133 0.42961 0.183201
-0.100896 0.424959 0.176613
-0.0999147 0.424786 0.176535
-0.0997267 0.425734 0.176793
-0.100708 0.425907 0.176872
-0.100312 0.425346 0.176703
INDEX = 14
4 5 7
6 7 5
1 2 5
6 5 2
0 1 4
5 4 1
7 6 3
2 3 6
4 7 0
3 0 7
8 1 0
8 2 1
8 3 2
8 0 3
FACE-NORMAL = 14
0.0295302 -0.268277 0.962889
0.0295302 -0.268277 0.962889
-0.709965 -0.050629 0.702415
-0.709965 -0.050629 0.702415
0.159446 0.524891 0.836102
0.159446 0.524891 0.836102
-0.119937 -0.883828 0.452175
-0.119937 -0.883828 0.452175
0.749474 -0.308307 0.585863
0.749474 -0.308307 0.585863
-0.153771 -0.480366 -0.863483
0.673312 0.0671342 -0.736304
0.11201 0.859769 -0.498248
-0.715074 0.312267 -0.625426
BONE = 8
BONE_NAME = Bone20(mirrored)
PARENT_ID = 7
LOCALTM 
MAT 0.684051 -0.729331 0.0123276 0.0
MAT 0.729434 0.68396 -0.0112188 0.0
MAT -0.000249311 0.0166673 0.999859 0.0
MAT 0.320473 0.0 -1.96695e-006 1.0
WORLDTM 
MAT 0.0295302 -0.268277 0.962891 0.0
MAT -0.187936 -0.94762 -0.258262 0.0
MAT 0.981735 -0.173335 -0.0784028 0.0
MAT -0.100312 0.425346 0.176703 1.0
VERTEX = 9
-0.101373 0.372713 0.343553
-0.0915551 0.370979 0.342771
-0.0902108 0.374392 0.352073
-0.100028 0.376126 0.352856
-0.0956769 0.378088 0.345595
-0.0946951 0.377914 0.345517
-0.0945607 0.378256 0.346447
-0.0955424 0.378429 0.346526
-0.0951188 0.378172 0.346021
INDEX = 14
4 5 7
6 7 5
1 2 5
6 5 2
0 1 4
5 4 1
7 6 3
2 3 6
4 7 0
3 0 7
8 1 0
8 2 1
8 3 2
8 0 3
FACE-NORMAL = 14
-0.134578 -0.923819 0.358396
-0.134578 -0.923819 0.358396
-0.81975 -0.489134 0.297922
-0.81975 -0.489134 0.297922
0.00989397 -0.364302 0.931228
0.00989394 -0.364302 0.931228
-0.18995 -0.871704 -0.451721
-0.18995 -0.871703 -0.451721
0.639696 -0.746871 0.181586
0.639696 -0.74687 0.181586
0.000103794 0.411889 -0.911234
0.789357 0.530644 -0.30876
0.190218 0.894588 0.404387
-0.599036 0.775833 -0.198088
BONE = 9
BONE_NAME = Bone21(mirrored)
PARENT_ID = 8
LOCALTM 
MAT 0.588965 0.808164 -8.92431e-005 0.0
MAT -0.808163 0.58896 0.000122812 0.0
MAT 0.000150744 -2.01166e-006 0.999995 0.0
MAT 0.175843 0.0 0.0 1.0
WORLDTM 
MAT -0.134578 -0.923823 0.358398 0.0
MAT -0.134431 -0.34132 -0.930288 0.0
MAT 0.981735 -0.173372 -0.0782568 0.0
MAT -0.0951188 0.378172 0.346021 1.0
VERTEX = 9
0.0173002 0.736358 -0.000998148
0.00731639 0.735869 -0.00128861
0.00687603 0.739282 0.00810061
0.0168598 0.739771 0.00839107
0.0127894 0.73298 0.00481081
0.011791 0.732931 0.00478176
0.0117469 0.733273 0.00572069
0.0127453 0.733321 0.00574973
0.0122682 0.733126 0.00526575
INDEX = 14
4 5 7
6 7 5
1 2 5
6 5 2
0 1 4
5 4 1
7 6 3
2 3 6
4 7 0
3 0 7
8 1 0
8 2 1
8 3 2
8 0 3
FACE-NORMAL = 14
-0.0360085 0.93868 -0.342903
-0.0360085 0.93868 -0.342903
0.718002 0.664298 -0.207801
0.718002 0.664298 -0.207801
-0.0568203 0.881632 0.468505
-0.0568203 0.881632 0.468504
0.00864341 0.374256 -0.927285
0.00864341 0.374256 -0.927285
-0.766179 0.59159 -0.25098
-0.766179 0.59159 -0.25098
0.0566001 -0.905084 -0.421448
-0.6805 -0.698331 0.221931
-0.00567642 -0.42241 0.906387
0.731424 -0.629163 0.263008
BONE = 10
BONE_NAME = Lower Chest
PARENT_ID = 1
LOCALTM 
MAT -0.00196544 0.00459382 0.658768 0.0
MAT 0.00213001 0.658767 -0.0045875 0.0
MAT -0.65878 0.00211627 -0.00198022 0.0
MAT 4.50294e-005 0.00301552 -0.00574052 1.0
WORLDTM 
MAT -0.0360085 0.93868 -0.342904 0.0
MAT 0.0440362 -0.341303 -0.938922 0.0
MAT -0.998381 -0.0489093 -0.0290461 0.0
MAT 0.0122682 0.733126 0.00526575 1.0
VERTEX = 9
0.0131462 0.871875 -0.0491003
0.0032733 0.871115 -0.0504959
0.00170117 0.874506 -0.0412208
0.0115741 0.875266 -0.0398252
0.00811175 0.868371 -0.0438207
0.00712445 0.868295 -0.0439602
0.00696724 0.868634 -0.0430327
0.00795453 0.86871 -0.0428931
0.00753949 0.868502 -0.0434267
INDEX = 14
4 5 7
6 7 5
1 2 5
6 5 2
0 1 4
5 4 1
7 6 3
2 3 6
4 7 0
3 0 7
8 1 0
8 2 1
8 3 2
8 0 3
FACE-NORMAL = 14
-0.0231588 0.937664 -0.34677
-0.0231588 0.937664 -0.34677
0.718357 0.683752 -0.128244
0.718357 0.683752 -0.128244
-0.132347 0.879339 0.457436
-0.132347 0.879339 0.457436
0.101362 0.37519 -0.921389
0.101362 0.37519 -0.921389
-0.749342 0.570777 -0.33571
-0.749342 0.570776 -0.33571
0.127541 -0.902831 -0.410645
-0.681746 -0.716766 0.146521
-0.0947899 -0.423227 0.901052
0.714498 -0.609291 0.343886
BONE = 11
BONE_NAME = UpperChest
PARENT_ID = 10
LOCALTM 
MAT 0.99991 0.0045428 -0.0126669 0.0
MAT -0.00595078 0.993528 -0.11343 0.0
MAT 0.0120693 0.113495 0.993465 0.0
MAT 0.143942 -0.000693977 -0.000485811 1.0
WORLDTM 
MAT -0.0231588 0.937665 -0.34677 0.0
MAT 0.157212 -0.339132 -0.92751 0.0
MAT -0.987293 -0.0759967 -0.139558 0.0
MAT 0.00753949 0.868502 -0.0434267 1.0
VERTEX = 9
0.0151687 0.995522 -0.0885422
0.0142003 1.0048 -0.0921526
0.0115013 1.00804 -0.0830876
0.0124697 0.998769 -0.0794772
0.00872833 1.00023 -0.0871821
0.00863149 1.00116 -0.0875431
0.00836159 1.00148 -0.0866366
0.00845843 1.00056 -0.0862756
0.00854496 1.00086 -0.0869094
INDEX = 14
4 5 7
6 7 5
1 2 5
6 5 2
0 1 4
5 4 1
7 6 3
2 3 6
4 7 0
3 0 7
8 1 0
8 2 1
8 3 2
8 0 3
FACE-NORMAL = 14
0.958007 0.185224 0.218893
0.958007 0.185224 0.218893
0.712849 -0.565503 0.414793
0.712849 -0.565503 0.414793
0.440259 0.365246 0.820224
0.440259 0.365246 0.820224
0.841487 -0.117429 -0.527361
0.841487 -0.117429 -0.527361
0.568898 0.81332 -0.12193
0.568898 0.81332 -0.12193
-0.486567 -0.360561 -0.795769
-0.745885 0.524874 -0.410077
-0.868261 0.098615 0.486209
-0.608942 -0.78682 0.100516
BONE = 12
BONE_NAME = Bone01
PARENT_ID = 11
LOCALTM 
MAT 0.0755857 -0.11523 -0.990459 0.0
MAT 0.00364769 0.993326 -0.115285 0.0
MAT 0.997132 0.00510097 0.0755022 0.0
MAT 0.139159 -0.00439689 -0.00498279 1.0
WORLDTM 
MAT 0.958007 0.185224 0.218893 0.0
MAT 0.269898 -0.324687 -0.906496 0.0
MAT -0.0968333 0.927508 -0.361044 0.0
MAT 0.00854496 1.00086 -0.0869094 1.0
VERTEX = 9
0.201121 1.02928 -0.0429582
0.206923 1.03666 -0.039504
0.198935 1.04098 -0.0353205
0.193133 1.0336 -0.0387747
0.199341 1.03714 -0.0437214
0.199921 1.03788 -0.043376
0.199122 1.03831 -0.0429577
0.198542 1.03757 -0.0433031
0.199232 1.03772 -0.0433395
INDEX = 14
4 5 7
6 7 5
1 2 5
6 5 2
0 1 4
5 4 1
7 6 3
2 3 6
4 7 0
3 0 7
8 1 0
8 2 1
8 3 2
8 0 3
FACE-NORMAL = 14
0.159211 -0.51864 0.840038
0.159211 -0.51864 0.840038
-0.324757 -0.8952 0.305205
-0.324757 -0.8952 0.305205
-0.487203 -0.0255504 0.872915
-0.487203 -0.0255506 0.872915
0.700217 -0.668354 0.250997
0.700217 -0.668354 0.250997
0.537771 0.201296 0.818708
0.537771 0.201296 0.818707
0.452226 0.0609799 -0.889817
0.297689 0.88829 -0.349745
-0.677385 0.672488 -0.298177
-0.522848 -0.154823 -0.838248
BONE = 13
BONE_NAME = Bone02
PARENT_ID = 12
LOCALTM 
MAT 0.240339 -0.550124 -0.79975 0.0
MAT 0.593549 0.735214 -0.327359 0.0
MAT 0.768071 -0.396013 0.503226 0.0
MAT 0.199045 0.0 -6.55651e-007 1.0
WORLDTM 
MAT 0.159211 -0.51864 0.840039 0.0
MAT 0.798757 -0.432402 -0.418354 0.0
MAT 0.580206 0.737591 0.345423 0.0
MAT 0.199232 1.03772 -0.0433395 1.0
VERTEX = 9
0.239037 0.90969 0.148333
0.245032 0.915992 0.153266
0.238805 0.915793 0.161088
0.23281 0.909491 0.156155
0.236419 0.916317 0.15217
0.237018 0.916948 0.152663
0.236396 0.916928 0.153446
0.235796 0.916298 0.152952
0.236407 0.916623 0.152808
INDEX = 14
4 5 7
6 7 5
1 2 5
6 5 2
0 1 4
5 4 1
7 6 3
2 3 6
4 7 0
3 0 7
8 1 0
8 2 1
8 3 2
8 0 3
FACE-NORMAL = 14
0.502761 -0.776169 0.380518
0.502761 -0.776169 0.380518
-0.109307 -0.987662 -0.112138
-0.109307 -0.987662 -0.112138
-0.126532 -0.534012 0.835955
-0.126532 -0.534012 0.835955
0.799189 -0.504447 -0.326847
0.799189 -0.504447 -0.326848
0.781968 -0.0507942 0.621246
0.781968 -0.0507941 0.621246
0.0848215 0.562897 -0.822163
0.0684351 0.994461 0.0797717
-0.795831 0.534771 0.284028
-0.779448 0.103205 -0.617907
BONE = 14
BONE_NAME = Bone03
PARENT_ID = 13
LOCALTM 
MAT 0.802249 0.578009 -0.14935 0.0
MAT -0.568246 0.816035 0.105786 0.0
MAT 0.183016 -3.33786e-006 0.983105 0.0
MAT 0.233498 1.19209e-007 0.0 1.0
WORLDTM 
MAT 0.502762 -0.77617 0.380519 0.0
MAT 0.62272 0.019887 -0.782199 0.0
MAT 0.599539 0.630211 0.493329 0.0
MAT 0.236407 0.916623 0.152808 1.0
VERTEX = 9
0.340567 0.745238 0.229382
0.349555 0.74775 0.232973
0.34524 0.751398 0.241223
0.336251 0.748886 0.237633
0.342288 0.752493 0.232529
0.343187 0.752744 0.232888
0.342756 0.753109 0.233714
0.341857 0.752858 0.233354
0.342522 0.752801 0.233121
INDEX = 14
4 5 7
6 7 5
1 2 5
6 5 2
0 1 4
5 4 1
7 6 3
2 3 6
4 7 0
3 0 7
8 1 0
8 2 1
8 3 2
8 0 3
FACE-NORMAL = 14
0.07626 -0.896584 0.436258
0.07626 -0.896584 0.436258
-0.617104 -0.786487 0.0249385
-0.617104 -0.786487 0.0249386
-0.269743 -0.32866 0.905109
-0.269743 -0.32866 0.905108
0.371771 -0.870904 -0.321422
0.371771 -0.870904 -0.321422
0.719144 -0.413077 0.558748
0.719144 -0.413077 0.558748
0.251218 0.376058 -0.891891
0.581668 0.811594 -0.0545723
-0.359064 0.891902 0.274925
-0.689525 0.456365 -0.562394
BONE = 15
BONE_NAME = Bone04
PARENT_ID = 14
LOCALTM 
MAT 0.900253 -0.311586 -0.304102 0.0
MAT 0.186119 0.906828 -0.378184 0.0
MAT 0.393581 0.28386 0.874353 0.0
MAT 0.211064 0.0 -1.78814e-007 1.0
WORLDTM 
MAT 0.0762609 -0.896595 0.436264 0.0
MAT 0.431537 -0.364762 -0.825068 0.0
MAT 0.898851 0.251186 0.359074 0.0
MAT 0.342522 0.752801 0.233121 1.0
VERTEX = 9
0.407603 0.666747 0.291496
0.398767 0.668843 0.304204
0.39457 0.682944 0.298961
0.403406 0.680849 0.286253
0.407826 0.677226 0.298563
0.406942 0.677436 0.299833
0.406523 0.678846 0.299309
0.407406 0.678637 0.298038
0.407174 0.678036 0.298936
INDEX = 14
4 5 7
6 7 5
1 2 5
6 5 2
0 1 4
5 4 1
7 6 3
2 3 6
4 7 0
3 0 7
8 1 0
8 2 1
8 3 2
8 0 3
FACE-NORMAL = 14
-0.779569 -0.408547 -0.474723
-0.779569 -0.408547 -0.474723
-0.101015 -0.373015 -0.92231
-0.101015 -0.373015 -0.92231
-0.721231 0.397778 -0.567097
-0.721231 0.397778 -0.567097
-0.321784 -0.944364 -0.0680558
-0.321784 -0.944364 -0.0680557
-0.942013 -0.173587 0.287192
-0.942013 -0.173587 0.287192
0.741242 -0.349523 0.573056
0.15122 0.383743 0.910974
0.361241 0.927276 0.0983099
0.951276 0.194025 -0.239642
BONE = 16
BONE_NAME = Star2Part_Fire_Blades01
PARENT_ID = 15
LOCALTM 
MAT 0.155767 0.319079 -1.52104 0.0
MAT 1.52507 0.262866 0.211308 0.0
MAT 0.299139 -1.5062 -0.285262 0.0
MAT 0.100675 0.000868917 0.0629691 1.0
WORLDTM 
MAT -1.21762 -0.638112 -0.741473 0.0
MAT 0.419674 -1.41017 0.524323 0.0
MAT -0.883575 0.209543 1.27079 0.0
MAT 0.407174 0.678036 0.298936 1.0
VERTEX = 9
0.386287 0.7312 0.197813
0.391758 0.727884 0.192612
0.39094 0.734385 0.187607
0.385468 0.7377 0.192808
0.385324 0.730714 0.191228
0.385871 0.730382 0.190708
0.38579 0.731032 0.190207
0.385242 0.731364 0.190728
0.385557 0.730873 0.190718
INDEX = 14
4 5 7
6 7 5
1 2 5
6 5 2
0 1 4
5 4 1
7 6 3
2 3 6
4 7 0
3 0 7
8 1 0
8 2 1
8 3 2
8 0 3
FACE-NORMAL = 14
0.741419 0.465505 0.483324
0.741419 0.465505 0.483324
0.00271969 0.610299 0.792167
0.00271986 0.610299 0.792167
0.422199 0.897435 -0.127899
0.422199 0.897435 -0.127899
0.569768 -0.27463 0.774559
0.569768 -0.27463 0.774559
0.989274 0.0124987 -0.145538
0.989274 0.0124986 -0.145539
-0.45407 -0.886659 0.0874966
-0.0550121 -0.613501 -0.787775
-0.594456 0.228343 -0.771026
-0.993539 -0.0448072 0.104276
BONE = 17
BONE_NAME = Ref_Weapon Left
PARENT_ID = 15
LOCALTM 
MAT -0.123637 -0.204991 0.788999 0.0
MAT 0.807437 -0.140537 0.0900195 0.0
MAT 0.112106 0.786149 0.221781 0.0
MAT 0.00444293 0.0615547 0.0179483 1.0
WORLDTM 
MAT 0.611303 0.383811 0.398503 0.0
MAT 0.0818429 -0.65007 0.500532 0.0
MAT 0.54715 -0.331563 -0.520082 0.0
MAT 0.385557 0.730873 0.190718 1.0
VERTEX = 9
0.414297 0.667681 0.296115
0.414151 0.660582 0.303156
0.420868 0.655295 0.297965
0.421014 0.662395 0.290925
0.413551 0.659781 0.294524
0.413536 0.659071 0.295229
0.414208 0.658543 0.294709
0.414222 0.659253 0.294005
0.413879 0.659162 0.294617
INDEX = 14
4 5 7
6 7 5
1 2 5
6 5 2
0 1 4
5 4 1
7 6 3
2 3 6
4 7 0
3 0 7
8 1 0
8 2 1
8 3 2
8 0 3
FACE-NORMAL = 14
0.740668 0.465337 0.484637
0.740668 0.465337 0.484637
0.506386 0.839005 -0.199107
0.506386 0.839005 -0.199106
0.994759 -0.0816136 -0.0615984
0.994759 -0.0816135 -0.0615983
-0.00378545 0.704192 0.709999
-0.00378562 0.704192 0.709999
0.484574 -0.216449 0.847548
0.484574 -0.216449 0.847548
-0.998703 0.0447355 0.0243301
-0.534104 -0.831061 0.155145
-0.0487712 -0.702813 -0.709701
-0.513357 0.173006 -0.840555
BONE = 18
BONE_NAME = Star2Ribbon03
PARENT_ID = 15
LOCALTM 
MAT -0.149287 -0.249969 0.956692 0.0
MAT -0.298719 -0.910914 -0.284614 0.0
MAT 0.942584 -0.32825 0.0612754 0.0
MAT 0.116224 0.0142101 0.062704 1.0
WORLDTM 
MAT 0.740667 0.465337 0.484636 0.0
MAT -0.671699 0.528606 0.519048 0.0
MAT -0.0146925 -0.709991 0.704046 0.0
MAT 0.413879 0.659162 0.294617 1.0
VERTEX = 9
0.017028 1.05798 -0.171435
0.0166079 1.05567 -0.181155
0.00661677 1.05578 -0.18075
0.0070368 1.05809 -0.17103
0.0123362 1.05212 -0.17447
0.0122942 1.05189 -0.175442
0.0112951 1.0519 -0.175402
0.0113371 1.05214 -0.17443
0.0118156 1.05201 -0.174936
INDEX = 14
4 5 7
6 7 5
1 2 5
6 5 2
0 1 4
5 4 1
7 6 3
2 3 6
4 7 0
3 0 7
8 1 0
8 2 1
8 3 2
8 0 3
FACE-NORMAL = 14
0.00134823 0.972883 -0.231293
0.00134823 0.972883 -0.231293
0.0321222 0.822551 0.567783
0.0321222 0.822551 0.567783
-0.741735 0.65902 -0.124585
-0.741735 0.65902 -0.124585
0.743539 0.642629 -0.184869
0.74354 0.642629 -0.184869
-0.0303184 0.479098 -0.877238
-0.0303184 0.479098 -0.877238
0.705529 -0.695729 0.134874
-0.0306537 -0.851298 -0.523786
-0.707436 -0.680136 0.192224
0.028747 -0.524566 0.850884
BONE = 19
BONE_NAME = BoneHead
PARENT_ID = 11
LOCALTM 
MAT 0.992412 -0.115197 -0.0429879 0.0
MAT -0.0194148 0.198425 -0.979924 0.0
MAT 0.121413 0.973322 0.194683 0.0
MAT 0.217578 0.0604135 0.000185095 1.0
WORLDTM 
MAT 0.00134823 0.972884 -0.231293 0.0
MAT 0.999117 -0.0110258 -0.0405524 0.0
MAT -0.0420026 -0.231035 -0.972038 0.0
MAT 0.0118156 1.05201 -0.174936 1.0
VERTEX = 9
0.0149428 1.15721 -0.0618305
0.0150774 1.16714 -0.0606795
0.0146873 1.16829 -0.0706048
0.0145527 1.15836 -0.0717558
0.0198236 1.16215 -0.0659804
0.019837 1.16314 -0.0658654
0.019798 1.16326 -0.0668579
0.0197846 1.16227 -0.066973
0.0198108 1.16271 -0.0664192
INDEX = 14
4 5 7
6 7 5
1 2 5
6 5 2
0 1 4
5 4 1
7 6 3
2 3 6
4 7 0
3 0 7
8 1 0
8 2 1
8 3 2
8 0 3
FACE-NORMAL = 14
-0.999148 0.00887187 0.0403033
-0.999148 0.00887187 0.0403033
-0.678402 -0.732351 -0.0585923
-0.678402 -0.732351 -0.0585923
-0.697391 0.0918199 -0.710784
-0.697391 0.0918199 -0.710784
-0.639399 -0.07995 0.764707
-0.639398 -0.07995 0.764708
-0.658388 0.744222 0.112515
-0.658388 0.744222 0.112515
0.734089 -0.087977 0.67333
0.716024 0.696069 0.0528898
0.67892 0.0754303 -0.730328
0.696984 -0.708617 -0.109887
BONE = 20
BONE_NAME = Star2Ribbon01
PARENT_ID = 19
LOCALTM 
MAT -0.0020379 -0.999997 0.000741094 0.0
MAT -0.341928 6.8557e-007 -0.939726 0.0
MAT 0.939724 -0.00216654 -0.341926 0.0
MAT 0.0826002 0.00236711 -0.131392 1.0
WORLDTM 
MAT -0.999148 0.00887187 0.0403033 0.0
MAT 0.0390106 -0.115546 0.992535 0.0
MAT 0.0134641 0.993263 0.115101 0.0
MAT 0.0198108 1.16271 -0.0664192 1.0
VERTEX = 9
0.0118351 1.15809 -0.183256
0.0117998 1.15816 -0.175011
0.0118477 1.14992 -0.17494
0.011883 1.14985 -0.183185
0.00771835 1.15439 -0.179531
0.00771482 1.1544 -0.178707
0.00771961 1.15357 -0.1787
0.00772314 1.15356 -0.179524
0.00771898 1.15398 -0.179115
INDEX = 14
4 5 7
6 7 5
1 2 5
6 5 2
0 1 4
5 4 1
7 6 3
2 3 6
4 7 0
3 0 7
8 1 0
8 2 1
8 3 2
8 0 3
FACE-NORMAL = 14
0.999974 0.00584535 0.00422146
0.999974 0.00584535 0.00422146
0.672123 -0.0024578 -0.740435
0.672123 -0.0024578 -0.740435
0.673265 -0.739344 0.00921078
0.673265 -0.739344 0.00921078
0.66463 0.747165 -0.00356276
0.664629 0.747165 -0.00356276
0.665772 0.0102785 0.746085
0.665772 0.0102785 0.746085
-0.711196 0.702935 -0.00906085
-0.710109 0.00192481 0.704089
-0.702981 -0.711202 0.00309081
-0.704067 -0.0101914 -0.71006
BONE = 21
BONE_NAME = Ref_Head
PARENT_ID = 19
LOCALTM 
MAT 0.00499553 0.82356 -0.0391275 0.0
MAT 0.803736 -0.0135883 -0.183391 0.0
MAT -0.183827 -0.037032 -0.802897 0.0
MAT 0.100161 -0.00504776 -0.0193229 1.0
WORLDTM 
MAT 0.824483 0.00481951 0.00348061 0.0
MAT -0.0047898 0.824461 -0.00708458 0.0
MAT -0.00352335 0.0070639 0.824467 0.0
MAT 0.00771898 1.15398 -0.179115 1.0
VERTEX = 9
-0.00520135 1.00321 -0.0954341
-0.00589704 0.993813 -0.0920767
-0.00732899 0.997238 -0.0827911
-0.0066333 1.00663 -0.0861486
-0.00122256 1.00044 -0.0889531
-0.00129213 0.999499 -0.0886173
-0.00143532 0.999842 -0.0876888
-0.00136575 1.00078 -0.0880245
-0.00132894 1.00014 -0.0883209
INDEX = 14
4 5 7
6 7 5
1 2 5
6 5 2
0 1 4
5 4 1
7 6 3
2 3 6
4 7 0
3 0 7
8 1 0
8 2 1
8 3 2
8 0 3
FACE-NORMAL = 14
-0.987246 0.0165219 -0.15834
-0.987246 0.0165219 -0.15834
-0.608723 0.709289 -0.35548
-0.608723 0.709289 -0.35548
-0.766869 0.265613 0.584262
-0.766869 0.265613 0.584261
-0.553997 -0.243508 -0.79611
-0.553997 -0.243508 -0.79611
-0.712143 -0.687184 0.143632
-0.712143 -0.687184 0.143632
0.799343 -0.25385 -0.54462
0.648896 -0.675925 0.349369
0.596835 0.230485 0.768548
0.747281 0.65256 -0.125443
BONE = 22
BONE_NAME = Bone01(mirrored)
PARENT_ID = 11
LOCALTM 
MAT 0.0932633 -0.013948 0.995544 0.0
MAT -0.00245109 0.999896 0.0142381 0.0
MAT -0.995638 -0.00376812 0.0932184 0.0
MAT 0.139205 -0.00439692 0.0050171 1.0
WORLDTM 
MAT -0.987246 0.0165219 -0.15834 0.0
MAT 0.143195 -0.342477 -0.928551 0.0
MAT -0.0695684 -0.939381 0.335743 0.0
MAT -0.00132894 1.00014 -0.0883209 1.0
VERTEX = 9
-0.196427 1.00337 -0.128109
-0.190658 0.997128 -0.122837
-0.198022 0.995949 -0.116175
-0.203791 1.00219 -0.121447
-0.195377 1.00389 -0.120102
-0.1948 1.00327 -0.119574
-0.195537 1.00315 -0.118908
-0.196114 1.00377 -0.119435
-0.195457 1.00352 -0.119505
INDEX = 14
4 5 7
6 7 5
1 2 5
6 5 2
0 1 4
5 4 1
7 6 3
2 3 6
4 7 0
3 0 7
8 1 0
8 2 1
8 3 2
8 0 3
FACE-NORMAL = 14
-0.353502 -0.77257 -0.52742
-0.353502 -0.77257 -0.52742
-0.665274 -0.0530884 -0.74471
-0.665274 -0.0530885 -0.74471
-0.783821 -0.604444 0.142379
-0.783821 -0.604444 0.142379
0.310859 -0.4292 -0.84803
0.310859 -0.4292 -0.84803
0.192313 -0.980556 0.0390591
0.192313 -0.980556 0.0390593
0.770657 0.629645 -0.0981533
0.657881 0.105133 0.745748
-0.270728 0.462933 0.844037
-0.157954 0.987446 0.000136644
BONE = 23
BONE_NAME = Bone02(mirrored)
PARENT_ID = 22
LOCALTM 
MAT 0.419742 0.703702 0.573252 0.0
MAT -0.619542 0.683701 -0.385648 0.0
MAT -0.663312 -0.193282 0.722948 0.0
MAT 0.196646 0.0 -0.000140131 1.0
WORLDTM 
MAT -0.353502 -0.772569 -0.52742 0.0
MAT 0.736372 0.117883 -0.666231 0.0
MAT 0.576881 -0.623888 0.527226 0.0
MAT -0.195457 1.00352 -0.119505 1.0
VERTEX = 9
-0.278203 0.831333 -0.245416
-0.271655 0.827616 -0.238836
-0.270351 0.819596 -0.244665
-0.276899 0.823313 -0.251245
-0.278392 0.823714 -0.242694
-0.277737 0.823342 -0.242036
-0.277607 0.82254 -0.242619
-0.278262 0.822912 -0.243277
-0.277999 0.823127 -0.242657
INDEX = 14
4 5 7
6 7 5
1 2 5
6 5 2
0 1 4
5 4 1
7 6 3
2 3 6
4 7 0
3 0 7
8 1 0
8 2 1
8 3 2
8 0 3
FACE-NORMAL = 14
0.744433 0.467514 -0.476708
0.744433 0.467514 -0.476708
0.0112624 0.589094 -0.807986
0.0112626 0.589094 -0.807986
0.594918 -0.28337 -0.75218
0.594918 -0.28337 -0.752179
0.40108 0.908874 0.11438
0.40108 0.908874 0.114381
0.984739 0.0364053 0.170187
0.984739 0.0364052 0.170187
-0.618594 0.236516 0.749268
-0.0633533 -0.593472 0.802357
-0.434193 -0.897684 -0.0751034
-0.989436 -0.0676911 -0.128193
BONE = 24
BONE_NAME = Bone03(mirrored)
PARENT_ID = 23
LOCALTM 
MAT -0.372922 0.920884 -0.11356 0.0
MAT -0.880954 -0.389834 -0.268253 0.0
MAT -0.291297 -1.87382e-006 0.956631 0.0
MAT 0.233499 0.0 -1.19209e-007 1.0
WORLDTM 
MAT 0.744432 0.467513 -0.476707 0.0
MAT -0.130394 0.802003 0.582923 0.0
MAT 0.654835 -0.371783 0.657997 0.0
MAT -0.277999 0.823127 -0.242657 1.0
VERTEX = 9
-0.116248 0.928876 -0.345154
-0.11365 0.921877 -0.338501
-0.116189 0.914734 -0.345023
-0.118787 0.921733 -0.351676
-0.12088 0.922509 -0.343279
-0.12062 0.921809 -0.342614
-0.120874 0.921095 -0.343266
-0.121134 0.921795 -0.343931
-0.120877 0.921802 -0.343272
INDEX = 14
4 5 7
6 7 5
1 2 5
6 5 2
0 1 4
5 4 1
7 6 3
2 3 6
4 7 0
3 0 7
8 1 0
8 2 1
8 3 2
8 0 3
FACE-NORMAL = 14
0.931678 0.000531345 -0.363285
0.931678 0.000531345 -0.363285
0.430141 0.520573 -0.737551
0.430141 0.520573 -0.737551
0.434534 -0.530536 -0.727813
0.434534 -0.530536 -0.727813
0.811987 0.53125 0.241767
0.811987 0.53125 0.241767
0.816381 -0.51987 0.251509
0.816381 -0.51987 0.251509
-0.479258 0.504669 0.718068
-0.475079 -0.495267 0.727331
-0.838335 -0.505423 -0.204308
-0.842516 0.494523 -0.213576
BONE = 25
BONE_NAME = Bone04(mirrored)
PARENT_ID = 24
LOCALTM 
MAT 0.866998 -0.332818 0.370865 0.0
MAT 0.212024 0.91991 0.329883 0.0
MAT -0.450956 -0.207359 0.868122 0.0
MAT 0.211064 1.19209e-007 1.19209e-007 1.0
WORLDTM 
MAT 0.931673 0.000531342 -0.363283 0.0
MAT 0.253905 0.71425 0.652225 0.0
MAT 0.259809 -0.699884 0.665322 0.0
MAT -0.120877 0.921802 -0.343272 1.0
VERTEX = 9
-0.0387796 0.97608 -0.423518
-0.0381388 0.962714 -0.431573
-0.0522581 0.958783 -0.426173
-0.0528989 0.972149 -0.418118
-0.0415209 0.964766 -0.418591
-0.0414568 0.96343 -0.419396
-0.0428688 0.963037 -0.418856
-0.0429328 0.964373 -0.418051
-0.0421948 0.963902 -0.418724
INDEX = 14
4 5 7
6 7 5
1 2 5
6 5 2
0 1 4
5 4 1
7 6 3
2 3 6
4 7 0
3 0 7
8 1 0
8 2 1
8 3 2
8 0 3
FACE-NORMAL = 14
-0.425638 0.452008 -0.783914
-0.425638 0.452008 -0.783914
-0.315231 0.93847 -0.141078
-0.315231 0.93847 -0.141078
-0.956649 0.11533 -0.267436
-0.956649 0.11533 -0.267436
0.387172 0.489424 -0.781385
0.387172 0.489424 -0.781385
-0.254242 -0.333713 -0.907743
-0.254242 -0.333713 -0.907742
0.940172 -0.141677 0.309847
0.329981 -0.924743 0.189641
-0.338225 -0.497558 0.798774
0.271962 0.285505 0.91898
BONE = 26
BONE_NAME = Star2Part_Fire_Blades02
PARENT_ID = 25
LOCALTM 
MAT -0.17423 -0.463095 -1.48146 0.0
MAT 1.51185 0.287041 -0.26752 0.0
MAT 0.351618 -1.46377 0.416246 0.0
MAT 0.100738 0.000837564 -0.0592208 1.0
WORLDTM 
MAT -0.664803 0.70599 -1.22439 0.0
MAT 1.41192 0.393055 -0.539999 0.0
MAT 0.0640779 -1.33664 -0.805509 0.0
MAT -0.0421948 0.963902 -0.418724 1.0
VERTEX = 9
-0.105264 0.996612 -0.346379
-0.1029 1.00374 -0.342971
-0.110026 1.00413 -0.338842
-0.11239 0.997001 -0.34225
-0.105703 0.997929 -0.339852
-0.105466 0.998642 -0.339511
-0.106179 0.998681 -0.339098
-0.106415 0.997968 -0.339439
-0.105941 0.998305 -0.339475
INDEX = 14
4 5 7
6 7 5
1 2 5
6 5 2
0 1 4
5 4 1
7 6 3
2 3 6
4 7 0
3 0 7
8 1 0
8 2 1
8 3 2
8 0 3
FACE-NORMAL = 14
-0.413334 0.500745 -0.760532
-0.413334 0.500745 -0.760532
-0.489585 -0.307435 -0.81596
-0.489585 -0.307435 -0.81596
-0.918926 0.370045 -0.136533
-0.918926 0.370045 -0.136533
0.365906 0.299917 -0.881001
0.365907 0.299917 -0.881001
-0.0634198 0.977419 -0.201568
-0.0634197 0.977419 -0.201568
0.903415 -0.387438 0.183664
0.494976 0.25706 0.830011
-0.318865 -0.320723 0.891887
0.0895598 -0.965242 0.245533
BONE = 27
BONE_NAME = Ref_Weapon Right
PARENT_ID = 25
LOCALTM 
MAT -0.0895033 -0.200609 -0.794697 0.0
MAT 0.81391 -0.116147 -0.0623418 0.0
MAT 0.0968037 0.791242 -0.210624 0.0
MAT 0.0125763 0.0609106 -0.0471373 1.0
WORLDTM 
MAT -0.340793 0.412863 -0.627056 0.0
MAT 0.712611 -0.0388934 -0.412911 0.0
MAT 0.236368 0.712609 0.340768 0.0
MAT -0.105941 0.998305 -0.339475 1.0
VERTEX = 9
-0.016087 0.978671 -0.415617
-0.00803615 0.976779 -0.421238
-0.00378237 0.985225 -0.417988
-0.0118333 0.987117 -0.412367
-0.0126165 0.984124 -0.420487
-0.0118114 0.983935 -0.421049
-0.0113861 0.98478 -0.420724
-0.0121912 0.984969 -0.420162
-0.0120013 0.984452 -0.420605
INDEX = 14
4 5 7
6 7 5
1 2 5
6 5 2
0 1 4
5 4 1
7 6 3
2 3 6
4 7 0
3 0 7
8 1 0
8 2 1
8 3 2
8 0 3
FACE-NORMAL = 14
0.413322 -0.500749 0.760536
0.413322 -0.500749 0.760536
-0.321919 -0.194351 0.926605
-0.321919 -0.194352 0.926605
0.592667 0.29284 0.750327
0.592667 0.29284 0.750327
-0.0396777 -0.962821 0.267212
-0.0396778 -0.962821 0.267211
0.874938 -0.475622 0.0909224
0.874938 -0.475622 0.0909222
-0.593039 -0.243175 -0.767574
0.27702 0.220297 -0.935269
0.00851947 0.951354 -0.307981
-0.861569 0.487875 -0.140275
BONE = 28
BONE_NAME = Star2Ribbon04
PARENT_ID = 25
LOCALTM 
MAT 0.108542 0.243305 0.96385 0.0
MAT -0.278701 -0.92327 0.264439 0.0
MAT 0.954209 -0.297357 -0.0324132 0.0
MAT 0.129564 0.0219544 -0.0670109 1.0
WORLDTM 
MAT 0.413318 -0.500745 0.760529 0.0
MAT -0.425378 -0.844669 -0.324995 0.0
MAT 0.805089 -0.189195 -0.562157 0.0
MAT -0.0120013 0.984452 -0.420605 1.0
VERTEX = 9
0.00489622 0.973801 -0.0869117
0.00323122 0.976829 -0.0794259
0.00347349 0.969208 -0.0762889
0.00513849 0.96618 -0.0837747
0.000220218 0.971307 -0.0828564
5.37172e-005 0.97161 -0.0821079
7.79444e-005 0.970848 -0.0817942
0.000244445 0.970545 -0.0825427
0.000149081 0.971078 -0.0823253
INDEX = 14
4 5 7
6 7 5
1 2 5
6 5 2
0 1 4
5 4 1
7 6 3
2 3 6
4 7 0
3 0 7
8 1 0
8 2 1
8 3 2
8 0 3
FACE-NORMAL = 14
0.978957 0.103511 0.175864
0.978957 0.103511 0.175864
0.804988 -0.203769 -0.5572
0.804988 -0.203769 -0.5572
0.676729 -0.617798 0.400454
0.676729 -0.617798 0.400454
0.633047 0.756289 -0.16516
0.633047 0.75629 -0.16516
0.504787 0.34226 0.792495
0.504787 0.34226 0.792495
-0.713005 0.580401 -0.393393
-0.83502 0.186529 0.517637
-0.67145 -0.726789 0.144684
-0.549434 -0.332917 -0.766347
BONE = 29
BONE_NAME = Ref_HardPoint
PARENT_ID = 11
LOCALTM 
MAT 0.0110506 -0.0365388 -0.823621 0.0
MAT 0.823947 0.0287012 0.00978207 0.0
MAT 0.0282367 -0.823194 0.0368993 0.0
MAT 0.109841 0.000130475 0.00492977 1.0
WORLDTM 
MAT 0.807155 0.0853457 0.145001 0.0
MAT -0.0242272 0.762109 -0.313706 0.0
MAT -0.1665 0.302844 0.74858 0.0
MAT 0.000149081 0.971078 -0.0823253 1.0
VERTEX = 9
-0.00011216 0.858736 -0.0330813
-0.00242847 0.860923 -0.0275679
-0.0020405 0.849575 -0.0229031
0.000275819 0.847388 -0.0284166
-0.0054187 0.853824 -0.0300528
-0.00565033 0.854043 -0.0295014
-0.00561153 0.852908 -0.0290349
-0.0053799 0.852689 -0.0295863
-0.00551511 0.853366 -0.0295439
INDEX = 14
4 5 7
6 7 5
1 2 5
6 5 2
0 1 4
5 4 1
7 6 3
2 3 6
4 7 0
3 0 7
8 1 0
8 2 1
8 3 2
8 0 3
FACE-NORMAL = 14
0.930954 0.165592 0.325428
0.930954 0.165592 0.325428
0.89316 -0.144521 -0.425885
0.89316 -0.144521 -0.425885
0.646267 -0.576364 0.500143
0.646267 -0.576364 0.500143
0.599284 0.797914 -0.0647426
0.599284 0.797914 -0.0647428
0.352391 0.366072 0.861285
0.352391 0.366072 0.861285
-0.680632 0.536595 -0.498805
-0.915505 0.125776 0.38214
-0.635936 -0.770777 0.0385795
-0.401063 -0.359958 -0.842365
BONE = 30
BONE_NAME = Vol_Target
PARENT_ID = 11
LOCALTM 
MAT 0.0198929 -0.201818 -0.931786 0.0
MAT 1.22677 0.0416932 0.01716 0.0
MAT 0.019248 -0.621961 0.135123 0.0
MAT -0.0187047 -0.00979555 0.0121016 1.0
WORLDTM 
MAT 0.887757 0.157908 0.310328 0.0
MAT -0.0387978 1.13485 -0.466472 0.0
MAT -0.231631 0.218706 0.551343 0.0
MAT -0.00551511 0.853366 -0.0295439 1.0
VERTEX = 9
0.078448 -0.109642 0.203114
0.0780716 -0.106951 0.212738
0.0785866 -0.116563 0.215446
0.078963 -0.119254 0.205822
0.0735206 -0.113055 0.208552
0.0734829 -0.112786 0.209514
0.0735344 -0.113747 0.209785
0.0735721 -0.114017 0.208823
0.0735275 -0.113401 0.209169
INDEX = 14
4 5 7
6 7 5
1 2 5
6 5 2
0 1 4
5 4 1
7 6 3
2 3 6
4 7 0
3 0 7
8 1 0
8 2 1
8 3 2
8 0 3
FACE-NORMAL = 14
0.997963 0.0597555 0.0223254
0.997963 0.0597555 0.0223254
0.695581 -0.160037 -0.700396
0.695581 -0.160037 -0.700396
0.705882 -0.674525 0.216211
0.705882 -0.674524 0.216211
0.629323 0.754473 -0.186341
0.629323 0.754473 -0.186341
0.639624 0.239986 0.730266
0.639623 0.239986 0.730266
-0.742083 0.63746 -0.207263
-0.732283 0.148021 0.664719
-0.669251 -0.721967 0.175691
-0.67905 -0.232528 -0.696292
BONE = 31
BONE_NAME = HitTestFuzzy
PARENT_ID = 1
LOCALTM 
MAT 0.658708 -0.000352453 0.0102033 0.0
MAT -0.0102032 -0.0455249 0.657133 0.0
MAT 0.000353518 -0.657211 -0.0455248 0.0
MAT 0.0188792 0.0649687 -0.577132 1.0
WORLDTM 
MAT 0.997964 0.0597556 0.0223254 0.0
MAT -0.0515001 0.96126 -0.27079 0.0
MAT -0.0376417 0.269088 0.96238 0.0
MAT 0.0735275 -0.113401 0.209169 1.0
VERTEX = 9
0.0201604 0.810864 -0.0724035
0.0207774 0.805749 -0.086682
0.0202731 0.820025 -0.0918172
0.0196561 0.825139 -0.0775386
0.0126319 0.814645 -0.0813448
0.0126936 0.814133 -0.0827726
0.0126431 0.815561 -0.0832862
0.0125814 0.816072 -0.0818583
0.0126375 0.815103 -0.0823155
INDEX = 14
4 5 7
6 7 5
1 2 5
6 5 2
0 1 4
5 4 1
7 6 3
2 3 6
4 7 0
3 0 7
8 1 0
8 2 1
8 3 2
8 0 3
FACE-NORMAL = 14
0.998621 0.0450045 0.0270322
0.998621 0.0450045 0.0270322
0.637829 0.280547 0.717264
0.637829 0.280547 0.717264
0.643346 0.729139 -0.233371
0.643346 0.729139 -0.233371
0.692739 -0.668926 0.269538
0.692738 -0.668926 0.269539
0.698255 -0.220334 -0.681096
0.698255 -0.220334 -0.681097
-0.682638 -0.696823 0.220098
-0.67739 -0.270071 -0.684255
-0.729626 0.633177 -0.258327
-0.734874 0.206425 0.646026
BONE = 32
BONE_NAME = Star2Force01
PARENT_ID = 1
LOCALTM 
MAT 1.0 9.51812e-007 0.0 0.0
MAT 0.0 -0.00215712 -0.999998 0.0
MAT -9.574e-007 0.999997 -0.00215712 0.0
MAT 0.00115877 0.0392539 0.0644814 1.0
WORLDTM 
MAT 1.51585 0.0683143 0.0410333 0.0
MAT 0.0504344 -1.42755 0.513517 0.0
MAT 0.0617005 -0.511445 -1.42785 0.0
MAT 0.0126375 0.815103 -0.0823155 1.0
VERTEX = 9
0.0564959 -0.0471995 0.278737
0.0560902 -0.0438505 0.288151
0.0564233 -0.0532623 0.291514
0.0568291 -0.0566113 0.2821
0.0514701 -0.0501528 0.284351
0.0514296 -0.0498179 0.285293
0.0514629 -0.0507591 0.285629
0.0515035 -0.051094 0.284688
0.0514665 -0.0504559 0.28499
INDEX = 14
4 5 7
6 7 5
1 2 5
6 5 2
0 1 4
5 4 1
7 6 3
2 3 6
4 7 0
3 0 7
8 1 0
8 2 1
8 3 2
8 0 3
FACE-NORMAL = 14
0.998621 0.0450045 0.0270322
0.998621 0.0450045 0.0270322
0.698202 -0.218826 -0.681637
0.698202 -0.218825 -0.681637
0.692804 -0.669465 0.26803
0.692804 -0.669465 0.26803
0.643281 0.729678 -0.231862
0.643281 0.729678 -0.231862
0.637883 0.279038 0.717804
0.637883 0.279038 0.717805
-0.729688 0.63369 -0.256892
-0.734823 0.20499 0.64654
-0.682576 -0.697336 0.218663
-0.67744 -0.268636 -0.68477
BONE = 33
BONE_NAME = HitTestTight
PARENT_ID = 1
LOCALTM 
MAT 0.658787 6.27711e-007 0.0 0.0
MAT 0.0 0.0 0.658787 0.0
MAT 6.29574e-007 -0.658786 0.0 0.0
MAT 0.00758228 0.00346927 -0.554416 1.0
WORLDTM 
MAT 0.998621 0.0450045 0.0270322 0.0
MAT -0.0333131 0.941177 -0.336268 0.0
MAT -0.0405757 0.334904 0.941378 0.0
MAT 0.0514665 -0.0504559 0.28499 1.0
VERTEX = 9
0.117681 0.237128 -0.272947
0.117681 0.247057 -0.271757
0.117681 0.245868 -0.261828
0.117681 0.235939 -0.263018
0.112681 0.241061 -0.267944
0.112681 0.242054 -0.267825
0.112681 0.241935 -0.266832
0.112681 0.240942 -0.266951
0.112681 0.241498 -0.267388
INDEX = 14
4 5 7
6 7 5
1 2 5
6 5 2
0 1 4
5 4 1
7 6 3
2 3 6
4 7 0
3 0 7
8 1 0
8 2 1
8 3 2
8 0 3
FACE-NORMAL = 14
1.0 0.0 0.0
1.0 0.0 0.0
0.668965 -0.738018 -0.0884063
0.668965 -0.738018 -0.0884063
0.668965 -0.0884063 0.738018
0.668965 -0.0884063 0.738018
0.668965 0.0884063 -0.738018
0.668965 0.0884063 -0.738018
0.668965 0.738018 0.0884063
0.668965 0.738018 0.0884063
-0.707107 0.0841022 -0.702087
-0.707107 0.702087 0.0841022
-0.707107 -0.0841022 0.702087
-0.707107 -0.702087 -0.0841022
BONE = 34
BONE_NAME = Foot_Left
PARENT_ID = 0
LOCALTM 
MAT 0.658787 0.0 0.0 0.0
MAT 0.0 0.65411 0.0783551 0.0
MAT 0.0 -0.0783551 0.65411 0.0
MAT 0.074233 0.176151 0.159096 1.0
WORLDTM 
MAT 1.0 0.0 0.0 0.0
MAT 0.0 0.118938 -0.992902 0.0
MAT 0.0 0.992902 0.118938 0.0
MAT 0.112681 0.241498 -0.267388 1.0
VERTEX = 9
0.115002 0.24629 -0.294555
0.124984 0.246878 -0.294532
0.125573 0.23692 -0.295231
0.11559 0.236332 -0.295254
