EXPORTER_V17
ANIMATION_EXPORT
BONEOBJECT_COUNT = 43
VERTEX = 9
0.00758971 -0.00758971 -0.00758971
0.00758971 0.00758971 -0.00758971
0.00758971 0.00758971 0.00758971
0.00758971 -0.00758971 0.00758971
0.0 -0.000758971 -0.000758971
0.0 0.000758971 -0.000758971
0.0 0.000758971 0.000758971
0.0 -0.000758971 0.000758971
0.0 0.0 0.0
INDEX = 14
4 5 7
6 7 5
1 2 5
6 5 2
0 1 4
5 4 1
7 6 3
2 3 6
4 7 0
3 0 7
8 1 0
8 2 1
8 3 2
8 0 3
FACE-NORMAL = 14
1.0 0.0 0.0
1.0 0.0 0.0
0.668965 -0.743294 0.0
0.668965 -0.743294 0.0
0.668965 0.0 0.743294
0.668965 0.0 0.743294
0.668965 0.0 -0.743294
0.668965 0.0 -0.743294
0.668965 0.743294 0.0
0.668965 0.743294 0.0
-0.707107 0.0 -0.707107
-0.707107 0.707107 0.0
-0.707107 0.0 0.707107
-0.707107 -0.707107 0.0
BONE = 0
BONE_NAME = Main
PARENT_ID = -1
LOCALTM 
MAT 1.51794 0.0 0.0 0.0
MAT 0.0 0.0 -1.51794 0.0
MAT 0.0 1.51794 0.0 0.0
MAT 0.0 0.0 0.0 1.0
WORLDTM 
MAT 1.51794 0.0 0.0 0.0
MAT 0.0 0.0 -1.51794 0.0
MAT 0.0 1.51794 0.0 0.0
MAT 0.0 0.0 0.0 1.0
VERTEX = 9
0.0341159 0.622691 0.0526972
0.0341159 0.63787 0.0526972
0.0374357 0.63787 0.0675091
0.0374357 0.622691 0.0675091
0.0282038 0.629522 0.0610224
0.0282038 0.63104 0.0610224
0.0285358 0.63104 0.0625036
0.0285358 0.629522 0.0625036
0.0283698 0.630281 0.061763
INDEX = 14
4 5 7
6 7 5
1 2 5
6 5 2
0 1 4
5 4 1
7 6 3
2 3 6
4 7 0
3 0 7
8 1 0
8 2 1
8 3 2
8 0 3
FACE-NORMAL = 14
0.975792 0.0 -0.218699
0.975792 0.0 -0.218699
0.652771 -0.743294 -0.146302
0.652771 -0.743294 -0.146302
0.815329 0.0 0.578999
0.815329 0.0 0.578998
0.490213 0.0 -0.871603
0.490213 0.0 -0.871603
0.652771 0.743294 -0.146302
0.652771 0.743294 -0.146302
-0.844633 0.0 -0.535345
-0.689989 0.707107 0.154644
-0.535345 0.0 0.844633
-0.689989 -0.707107 0.154644
BONE = 1
BONE_NAME = Root
PARENT_ID = 0
LOCALTM 
MAT 0.975793 0.218699 0.0 0.0
MAT -0.218699 0.975793 0.0 0.0
MAT 0.0 0.0 1.0 0.0
MAT 0.0186897 -0.0406887 0.41522 1.0
WORLDTM 
MAT 1.4812 0.0 -0.331973 0.0
MAT -0.331973 -1.59454e-007 -1.4812 0.0
MAT 0.0 1.51794 -1.58767e-007 0.0
MAT 0.0283698 0.630281 0.061763 1.0
VERTEX = 9
0.0174643 0.630227 0.0391336
0.0272257 0.630178 0.0369628
0.0293966 0.630195 0.0467243
0.0196352 0.630244 0.0488951
0.022856 0.635212 0.0425359
0.0238321 0.635207 0.0423188
0.0240492 0.635209 0.043295
0.0230731 0.635214 0.0435121
0.0234526 0.635211 0.0429154
INDEX = 14
4 5 7
6 7 5
1 2 5
6 5 2
0 1 4
5 4 1
7 6 3
2 3 6
4 7 0
3 0 7
8 1 0
8 2 1
8 3 2
8 0 3
FACE-NORMAL = 14
-0.00443429 -0.999987 0.00269937
-0.00443429 -0.999987 0.00269937
-0.728526 -0.665303 0.163163
-0.728526 -0.665303 0.163163
0.158398 -0.667713 0.727372
0.158398 -0.667713 0.727372
-0.164331 -0.670199 -0.72376
-0.164331 -0.670199 -0.72376
0.722593 -0.672609 -0.159551
0.722593 -0.672609 -0.159551
-0.150373 0.705915 -0.692151
0.693371 0.703622 -0.15541
0.156644 0.70828 0.688333
-0.6871 0.710572 0.151593
BONE = 2
BONE_NAME = Pelvis
PARENT_ID = 1
LOCALTM 
MAT -0.00323944 -0.00109631 -0.658778 0.0
MAT 0.00108339 0.658785 -0.00110165 0.0
MAT 0.658777 -0.00108878 -0.00323763 0.0
MAT -0.000445489 0.0128244 0.00324795 1.0
WORLDTM 
MAT -0.00443429 -0.999987 0.00269937 0.0
MAT -0.217094 -0.00167235 -0.97615 0.0
MAT 0.97614 -0.00491454 -0.217084 0.0
MAT 0.0234526 0.635211 0.0429154 1.0
VERTEX = 9
0.1008 0.59212 0.0171928
0.110471 0.594018 0.0188861
0.11007 0.58858 0.0272685
0.100399 0.586682 0.0255752
0.103716 0.594614 0.0243186
0.104683 0.594804 0.0244879
0.104643 0.59426 0.0253262
0.103676 0.59407 0.0251568
0.104179 0.594437 0.0248224
INDEX = 14
4 5 7
6 7 5
1 2 5
6 5 2
0 1 4
5 4 1
7 6 3
2 3 6
4 7 0
3 0 7
8 1 0
8 2 1
8 3 2
8 0 3
FACE-NORMAL = 14
0.251145 -0.817463 -0.518344
0.251145 -0.817463 -0.518344
-0.550847 -0.687896 -0.472618
-0.550847 -0.687896 -0.472618
0.138227 -0.951078 0.276305
0.138227 -0.951078 0.276305
0.197788 -0.14263 -0.969813
0.197788 -0.14263 -0.969813
0.886862 -0.405812 -0.22089
0.886862 -0.405812 -0.220889
-0.149256 0.962578 -0.226201
0.50627 0.712209 0.486261
-0.205917 0.193489 0.95925
-0.861444 0.443859 0.246788
BONE = 3
BONE_NAME = Bone13
PARENT_ID = 2
LOCALTM 
MAT 0.81494 0.452826 0.361695 0.0
MAT -0.546261 0.80864 0.218406 0.0
MAT -0.193581 -0.375567 0.906353 0.0
MAT 0.0403661 0.000204399 0.0829288 1.0
WORLDTM 
MAT 0.251146 -0.817464 -0.518344 0.0
MAT 0.0400656 0.543828 -0.838241 0.0
MAT 0.96712 0.189753 0.169333 0.0
MAT 0.104179 0.594437 0.0248224 1.0
VERTEX = 9
0.180958 0.324675 -0.140526
0.190596 0.326678 -0.138767
0.187962 0.334855 -0.133649
0.178324 0.332852 -0.135408
0.184316 0.331954 -0.141636
0.18528 0.332154 -0.14146
0.185017 0.332972 -0.140948
0.184053 0.332772 -0.141124
0.184667 0.332463 -0.141292
INDEX = 14
4 5 7
6 7 5
1 2 5
6 5 2
0 1 4
5 4 1
7 6 3
2 3 6
4 7 0
3 0 7
8 1 0
8 2 1
8 3 2
8 0 3
FACE-NORMAL = 14
-0.0413116 -0.539602 0.840906
-0.0413116 -0.539602 0.840906
-0.744035 -0.509863 0.431802
-0.744034 -0.509863 0.431802
-0.223382 0.246851 0.942955
-0.223382 0.246851 0.942956
0.168109 -0.968799 0.182119
0.168109 -0.968799 0.182118
0.688762 -0.212086 0.693272
0.688762 -0.212086 0.693272
0.215427 -0.196678 -0.956509
0.710732 0.523196 -0.47024
-0.157004 0.959789 -0.232713
-0.652309 0.239916 -0.718981
BONE = 4
BONE_NAME = Bone20
PARENT_ID = 3
LOCALTM 
MAT -0.00514981 -0.999988 4.84437e-005 0.0
MAT 0.999905 -0.00514975 0.0128563 0.0
MAT -0.0128557 0.000115097 0.999916 0.0
MAT 0.320472 0.0 1.99676e-006 1.0
WORLDTM 
MAT -0.0413117 -0.539603 0.840908 0.0
MAT 0.263349 -0.817747 -0.511801 0.0
MAT 0.963814 0.200308 0.175886 0.0
MAT 0.184667 0.332463 -0.141292 1.0
VERTEX = 9
0.173999 0.235811 -0.00118892
0.183637 0.237814 0.000569924
0.183466 0.231694 0.00847649
0.173828 0.229691 0.00671765
0.176929 0.237783 0.00609279
0.177893 0.237984 0.00626867
0.177875 0.237372 0.00705933
0.176912 0.237171 0.00688345
0.177402 0.237578 0.00657606
INDEX = 14
4 5 7
6 7 5
1 2 5
6 5 2
0 1 4
5 4 1
7 6 3
2 3 6
4 7 0
3 0 7
8 1 0
8 2 1
8 3 2
8 0 3
FACE-NORMAL = 14
0.266021 -0.765053 -0.586453
0.266021 -0.765053 -0.586453
-0.53844 -0.660682 -0.523051
-0.538439 -0.660682 -0.523051
0.165257 -0.966706 0.195373
0.165257 -0.966706 0.195373
0.190661 -0.0568804 -0.980007
0.190661 -0.0568803 -0.980007
0.894357 -0.362905 -0.261582
0.894358 -0.362904 -0.261582
-0.176022 0.973739 -0.144393
0.493415 0.682614 0.539054
-0.200189 0.108209 0.973764
-0.869626 0.399334 0.290315
BONE = 5
BONE_NAME = Bone21
PARENT_ID = 4
LOCALTM 
MAT -0.0913194 0.995824 0.0 0.0
MAT -0.995821 -0.0913202 -1.45286e-006 0.0
MAT -1.38581e-006 -5.81145e-007 0.999997 0.0
MAT 0.175843 0.0 0.0 1.0
WORLDTM 
MAT 0.266022 -0.765056 -0.586455 0.0
MAT 0.0170885 0.612024 -0.790657 0.0
MAT 0.963812 0.200309 0.175885 0.0
MAT 0.177402 0.237578 0.00657606 1.0
VERTEX = 9
0.204403 0.242784 0.00990933
0.203988 0.239692 0.0194103
0.205005 0.230219 0.0163723
0.20542 0.233311 0.00687127
0.199704 0.23671 0.0124641
0.199662 0.2364 0.0134142
0.199764 0.235453 0.0131104
0.199806 0.235762 0.0121603
0.199734 0.236081 0.0127873
INDEX = 14
4 5 7
6 7 5
1 2 5
6 5 2
0 1 4
5 4 1
7 6 3
2 3 6
4 7 0
3 0 7
8 1 0
8 2 1
8 3 2
8 0 3
FACE-NORMAL = 14
0.993951 0.0840418 0.0707052
0.993951 0.0840418 0.0707052
0.695723 0.286018 -0.65891
0.695723 0.286018 -0.65891
0.740515 -0.647896 -0.178517
0.740515 -0.647896 -0.178517
0.589321 0.760335 0.273115
0.589321 0.760335 0.273115
0.634113 -0.173575 0.753507
0.634113 -0.173575 0.753507
-0.774746 0.61041 0.164827
-0.732135 -0.278036 0.621832
-0.630913 -0.72926 -0.264818
-0.673523 0.159182 -0.721822
BONE = 6
BONE_NAME = Unit_Protoss_Zealot_Leg_Lower_04
PARENT_ID = 5
LOCALTM 
MAT 0.158651 0.0125179 0.987262 0.0
MAT -0.929949 0.337819 0.145163 0.0
MAT -0.331693 -0.941121 0.0652378 0.0
MAT 0.00344278 -0.00544494 0.0223168 1.0
WORLDTM 
MAT 0.993953 0.084042 0.0707054 0.0
MAT -0.101704 0.947294 0.303806 0.0
MAT -0.041443 -0.309157 0.950101 0.0
MAT 0.199734 0.236081 0.0127873 1.0
VERTEX = 9
-0.0642235 0.592607 0.0567931
-0.0551881 0.589175 0.0542279
-0.0532514 0.587106 0.0638178
-0.0622868 0.590538 0.0663831
-0.0573748 0.594712 0.0605567
-0.0564713 0.594369 0.0603002
-0.0562776 0.594162 0.0612592
-0.0571812 0.594505 0.0615157
-0.0568262 0.594437 0.060908
INDEX = 14
4 5 7
6 7 5
1 2 5
6 5 2
0 1 4
5 4 1
7 6 3
2 3 6
4 7 0
3 0 7
8 1 0
8 2 1
8 3 2
8 0 3
FACE-NORMAL = 14
-0.382244 -0.916172 -0.120496
-0.382244 -0.916172 -0.120496
-0.927303 -0.357762 0.110067
-0.927303 -0.357762 0.110067
-0.111758 -0.766695 0.632209
-0.111758 -0.766695 0.632209
-0.399657 -0.459078 -0.793424
-0.399657 -0.459078 -0.793424
0.415888 -0.868011 -0.271282
0.415888 -0.868011 -0.271283
0.133346 0.794152 -0.59291
0.909186 0.405128 -0.0961881
0.407228 0.501511 0.763317
-0.368612 0.890535 0.266595
BONE = 7
BONE_NAME = Bone13(mirrored)
PARENT_ID = 2
LOCALTM 
MAT 0.917529 0.202137 -0.342463 0.0
MAT -0.208655 0.977822 0.0181221 0.0
MAT 0.338531 0.0548292 0.939356 0.0
MAT 0.0411775 -6.71297e-005 -0.082069 1.0
WORLDTM 
MAT -0.382244 -0.916172 -0.120496 0.0
MAT -0.193664 0.206928 -0.958998 0.0
MAT 0.903539 -0.343234 -0.256527 0.0
MAT -0.0568262 0.594437 0.060908 1.0
VERTEX = 9
-0.184858 0.29681 0.0276073
-0.175812 0.293407 0.0250394
-0.171963 0.302516 0.0265274
-0.181009 0.305919 0.0290953
-0.179971 0.300545 0.0223466
-0.179067 0.300204 0.0220898
-0.178682 0.301115 0.0222386
-0.179586 0.301456 0.0224954
-0.179327 0.30083 0.0222926
INDEX = 14
4 5 7
6 7 5
1 2 5
6 5 2
0 1 4
5 4 1
7 6 3
2 3 6
4 7 0
3 0 7
8 1 0
8 2 1
8 3 2
8 0 3
FACE-NORMAL = 14
0.183276 -0.233434 0.954944
0.183276 -0.233434 0.954944
-0.549764 0.0967703 0.829696
-0.549764 0.0967703 0.829696
0.408694 0.520898 0.749423
0.408694 0.520898 0.749423
-0.163484 -0.833217 0.528225
-0.163484 -0.833218 0.528225
0.794975 -0.409089 0.447952
0.794975 -0.409089 0.447952
-0.401756 -0.479032 -0.780462
0.510039 -0.0755528 -0.856827
0.142565 0.809159 -0.570033
-0.769231 0.405678 -0.493668
BONE = 8
BONE_NAME = Bone20(mirrored)
PARENT_ID = 7
LOCALTM 
MAT 0.0287429 -0.999588 0.00075122 0.0
MAT 0.999582 0.0287468 0.00305167 0.0
MAT -0.00307116 0.00066407 0.999993 0.0
MAT 0.320473 0.0 -1.93715e-006 1.0
WORLDTM 
MAT 0.183277 -0.233434 0.954946 0.0
MAT -0.384894 -0.910888 -0.148797 0.0
MAT 0.904578 -0.340281 -0.256792 0.0
MAT -0.179327 0.30083 0.0222926 1.0
VERTEX = 9
-0.154317 0.258825 0.185525
-0.145271 0.255422 0.182958
-0.143925 0.251986 0.192252
-0.152971 0.255389 0.194819
-0.147618 0.260124 0.189877
-0.146714 0.259784 0.189621
-0.146579 0.25944 0.19055
-0.147484 0.25978 0.190807
-0.147099 0.259782 0.190214
INDEX = 14
4 5 7
6 7 5
1 2 5
6 5 2
0 1 4
5 4 1
7 6 3
2 3 6
4 7 0
3 0 7
8 1 0
8 2 1
8 3 2
8 0 3
FACE-NORMAL = 14
-0.404497 -0.875293 -0.265036
-0.404497 -0.875293 -0.265036
-0.942968 -0.332606 0.0135486
-0.942968 -0.332607 0.0135486
-0.170583 -0.840941 0.513536
-0.170583 -0.840941 0.513536
-0.370606 -0.330139 -0.868136
-0.370606 -0.330139 -0.868136
0.401781 -0.838474 -0.368148
0.401781 -0.838474 -0.368148
0.190881 0.861892 -0.469794
0.925662 0.378306 0.00585183
0.381165 0.375959 0.844611
-0.353618 0.859546 0.368966
BONE = 9
BONE_NAME = Bone21(mirrored)
PARENT_ID = 8
LOCALTM 
MAT -0.122904 0.992424 3.93391e-006 0.0
MAT -0.992419 -0.122907 3.24473e-005 0.0
MAT 3.31849e-005 -2.6226e-006 0.999995 0.0
MAT 0.175843 0.0 0.0 1.0
WORLDTM 
MAT -0.4045 -0.875298 -0.265037 0.0
MAT -0.134552 0.343608 -0.929427 0.0
MAT 0.90458 -0.340284 -0.256758 0.0
MAT -0.147099 0.259782 0.190214 1.0
VERTEX = 9
0.0311028 0.626638 0.0512952
0.0214561 0.626854 0.0539208
0.0240729 0.626487 0.0635654
0.0337196 0.626271 0.0609397
0.0277869 0.621574 0.056668
0.0268223 0.621596 0.0569305
0.027084 0.621559 0.057895
0.0280486 0.621538 0.0576324
0.0274355 0.621567 0.0572815
INDEX = 14
4 5 7
6 7 5
1 2 5
6 5 2
0 1 4
5 4 1
7 6 3
2 3 6
4 7 0
3 0 7
8 1 0
8 2 1
8 3 2
8 0 3
FACE-NORMAL = 14
0.0304789 0.999092 0.0297592
0.0304789 0.999092 0.0297592
0.737425 0.652296 -0.175255
0.737425 0.652296 -0.175255
0.214897 0.641071 0.736782
0.214897 0.641071 0.736782
-0.174119 0.695644 -0.696966
-0.174119 0.695644 -0.696966
-0.696646 0.684419 0.215071
-0.696646 0.684419 0.215071
-0.20659 -0.680507 -0.703016
-0.703678 -0.691186 0.164619
0.163486 -0.732423 0.66093
0.660574 -0.721744 -0.206704
BONE = 10
BONE_NAME = Lower Chest
PARENT_ID = 1
LOCALTM 
MAT 0.0153054 -0.0235218 0.658189 0.0
MAT -0.0292653 0.657692 0.0241845 0.0
MAT -0.657958 -0.0298007 0.0142351 0.0
MAT 4.50294e-005 0.00301552 -0.00574052 1.0
WORLDTM 
MAT 0.030479 0.999093 0.0297593 0.0
MAT -0.261684 0.0367106 -0.964456 0.0
MAT -0.964673 0.0216081 0.262565 0.0
MAT 0.0274355 0.621567 0.0572815 1.0
VERTEX = 9
0.0364604 0.770439 0.0563517
0.0266691 0.770578 0.0583793
0.0286911 0.770238 0.0681668
0.0384824 0.770099 0.0661392
0.0328614 0.765352 0.0615161
0.0318822 0.765366 0.0617188
0.0320844 0.765332 0.0626976
0.0330636 0.765318 0.0624948
0.0324729 0.765342 0.0621068
INDEX = 14
4 5 7
6 7 5
1 2 5
6 5 2
0 1 4
5 4 1
7 6 3
2 3 6
4 7 0
3 0 7
8 1 0
8 2 1
8 3 2
8 0 3
FACE-NORMAL = 14
0.0205685 0.999324 0.0304864
0.0205685 0.999324 0.0304864
0.74154 0.658131 -0.130319
0.74154 0.658131 -0.130319
0.164054 0.643225 0.747896
0.164054 0.643225 0.747896
-0.136535 0.6938 -0.707107
-0.136535 0.693799 -0.707107
-0.714021 0.678894 0.171108
-0.714021 0.678894 0.171108
-0.157522 -0.682572 -0.71364
-0.706892 -0.696752 0.121819
0.128434 -0.730685 0.670526
0.677804 -0.716505 -0.164933
BONE = 11
BONE_NAME = UpperChest
PARENT_ID = 10
LOCALTM 
MAT 0.99995 0.00190064 0.00975628 0.0
MAT -0.00130019 0.998126 -0.0611934 0.0
MAT -0.00985453 0.0611776 0.998078 0.0
MAT 0.143942 -0.000693962 -0.000485816 1.0
WORLDTM 
MAT 0.0205685 0.999324 0.0304864 0.0
MAT -0.202201 0.0340205 -0.978754 0.0
MAT -0.979128 0.0139668 0.202764 0.0
MAT 0.0324729 0.765342 0.0621068 1.0
VERTEX = 9
0.045799 0.899563 0.0640249
0.0454303 0.909549 0.0643953
0.0463572 0.909214 0.0743466
0.0467259 0.899228 0.0739762
0.0410751 0.903705 0.0691263
0.0410383 0.904704 0.0691634
0.0411309 0.90467 0.0701585
0.0411678 0.903672 0.0701215
0.041103 0.904188 0.0696424
INDEX = 14
4 5 7
6 7 5
1 2 5
6 5 2
0 1 4
5 4 1
7 6 3
2 3 6
4 7 0
3 0 7
8 1 0
8 2 1
8 3 2
8 0 3
FACE-NORMAL = 14
0.995012 0.0401181 -0.0913307
0.995012 0.0401181 -0.0913307
0.693029 -0.715441 -0.0886271
0.69303 -0.715441 -0.0886271
0.734526 0.00194734 0.678578
0.734526 0.00194735 0.678578
0.596731 0.0517279 -0.800773
0.596731 0.0517279 -0.800773
0.638227 0.769116 -0.0335669
0.638227 0.769116 -0.0335669
-0.769123 -0.00468931 -0.639084
-0.729647 0.677773 0.0907704
-0.638037 -0.0520463 0.768245
-0.677512 -0.734509 0.0383908
BONE = 12
BONE_NAME = Bone01
PARENT_ID = 11
LOCALTM 
MAT 0.0577722 -0.110437 -0.992203 0.0
MAT 0.00121941 0.99387 -0.110552 0.0
MAT 0.998329 0.00517722 0.0575537 0.0
MAT 0.139159 -0.00439687 -0.00498279 1.0
WORLDTM 
MAT 0.995012 0.0401181 -0.0913307 0.0
MAT -0.0926924 0.0334865 -0.995133 0.0
MAT -0.0368652 0.998633 0.037038 0.0
MAT 0.041103 0.904188 0.0696424 1.0
VERTEX = 9
0.237544 0.903881 0.0495501
0.246442 0.907559 0.0522543
0.242066 0.912745 0.0596
0.233168 0.909067 0.0568958
0.238929 0.911729 0.050961
0.239819 0.912097 0.0512314
0.239382 0.912616 0.051966
0.238492 0.912248 0.0516955
0.239156 0.912173 0.0514635
INDEX = 14
4 5 7
6 7 5
1 2 5
6 5 2
0 1 4
5 4 1
7 6 3
2 3 6
4 7 0
3 0 7
8 1 0
8 2 1
8 3 2
8 0 3
FACE-NORMAL = 14
0.129883 -0.771915 0.622316
0.129883 -0.771915 0.622316
-0.574458 -0.78971 0.215306
-0.574458 -0.78971 0.215306
-0.238363 -0.130925 0.962311
-0.238363 -0.130925 0.962311
0.412138 -0.901843 -0.129696
0.412138 -0.901843 -0.129696
0.748232 -0.243058 0.617309
0.748232 -0.243058 0.617309
0.217574 0.179134 -0.959465
0.537306 0.805845 -0.248828
-0.401257 0.91252 0.0793775
-0.720989 0.285808 -0.63126
BONE = 13
BONE_NAME = Bone02
PARENT_ID = 12
LOCALTM 
MAT 0.0414301 -0.657173 -0.752599 0.0
MAT 0.481683 0.673072 -0.561213 0.0
MAT 0.875364 -0.339261 0.344435 0.0
MAT 0.199045 0.0 -4.76837e-007 1.0
WORLDTM 
MAT 0.129883 -0.771915 0.622316 0.0
MAT 0.437581 -0.518583 -0.734575 0.0
MAT 0.889747 0.367721 0.27042 0.0
MAT 0.239156 0.912173 0.0514635 1.0
VERTEX = 9
0.268194 0.732013 0.18821
0.277051 0.73309 0.192726
0.27487 0.725468 0.19882
0.266013 0.724391 0.194304
0.269149 0.732259 0.196243
0.270035 0.732367 0.196694
0.269817 0.731605 0.197304
0.268931 0.731497 0.196852
0.269483 0.731932 0.196773
INDEX = 14
4 5 7
6 7 5
1 2 5
6 5 2
0 1 4
5 4 1
7 6 3
2 3 6
4 7 0
3 0 7
8 1 0
8 2 1
8 3 2
8 0 3
FACE-NORMAL = 14
0.40984 -0.638275 -0.651641
0.40984 -0.638275 -0.651641
-0.384164 -0.507 -0.771601
-0.384164 -0.507 -0.771601
0.112058 -0.993555 0.0170708
0.112059 -0.993555 0.0170706
0.436279 0.139586 -0.888919
0.436279 0.139586 -0.888919
0.932505 -0.346966 -0.100246
0.932505 -0.346966 -0.100246
-0.135583 0.990317 0.0298384
0.336481 0.52745 0.780114
-0.444018 -0.0876576 0.89172
-0.916086 0.375207 0.141444
BONE = 14
BONE_NAME = Bone03
PARENT_ID = 13
LOCALTM 
MAT 0.140401 0.989014 -0.0462687 0.0
MAT -0.939328 0.14783 0.309541 0.0
MAT 0.31298 -2.38419e-006 0.949755 0.0
MAT 0.233498 0.0 0.0 1.0
WORLDTM 
MAT 0.409842 -0.638277 -0.651643 0.0
MAT 0.218098 0.762245 -0.609445 0.0
MAT 0.885692 0.107653 0.451607 0.0
MAT 0.269483 0.731932 0.196773 1.0
VERTEX = 9
0.350433 0.596694 0.0526089
0.3604 0.596776 0.0517967
0.361066 0.590201 0.0593015
0.351099 0.590119 0.0601137
0.355454 0.597539 0.0589
0.356451 0.597547 0.0588188
0.356517 0.59689 0.0595693
0.355521 0.596882 0.0596505
0.355986 0.597214 0.0592347
INDEX = 14
4 5 7
6 7 5
1 2 5
6 5 2
0 1 4
5 4 1
7 6 3
2 3 6
4 7 0
3 0 7
8 1 0
8 2 1
8 3 2
8 0 3
FACE-NORMAL = 14
-0.0472563 -0.75338 -0.655886
-0.0472563 -0.75338 -0.655886
-0.772422 -0.510083 -0.37839
-0.772422 -0.510083 -0.37839
0.0178724 -0.992725 0.119066
0.0178724 -0.992725 0.119066
-0.0810976 -0.015248 -0.99659
-0.0810976 -0.0152479 -0.99659
0.709204 -0.497885 -0.499139
0.709204 -0.497885 -0.499139
-0.0136608 0.997667 -0.0668909
0.738158 0.538521 0.406346
0.0804908 0.0677773 0.994448
-0.671335 0.526918 0.521217
BONE = 15
BONE_NAME = Bone04
PARENT_ID = 14
LOCALTM 
MAT 0.888902 -0.184844 -0.419166 0.0
MAT 0.0420724 0.944052 -0.327106 0.0
MAT 0.456156 0.273124 0.84694 0.0
MAT 0.211064 0.0 0.0 1.0
WORLDTM 
MAT -0.0472568 -0.753387 -0.655892 0.0
MAT -0.0665758 0.657531 -0.750487 0.0
MAT 0.996647 0.00820859 -0.0812213 0.0
MAT 0.355986 0.597214 0.0592347 1.0
VERTEX = 9
0.407802 0.524074 -0.0245147
0.40582 0.511893 -0.0149411
0.40461 0.521637 -0.00279392
0.406591 0.533818 -0.0123675
0.414088 0.522577 -0.0136499
0.41389 0.521359 -0.0126925
0.413769 0.522334 -0.0114778
0.413967 0.523552 -0.0124352
0.413928 0.522456 -0.0125639
INDEX = 14
4 5 7
6 7 5
1 2 5
6 5 2
0 1 4
5 4 1
7 6 3
2 3 6
4 7 0
3 0 7
8 1 0
8 2 1
8 3 2
8 0 3
FACE-NORMAL = 14
-0.98888 0.0511958 -0.139629
-0.98888 0.0511958 -0.139629
-0.567207 0.61391 -0.548992
-0.567207 0.613909 -0.548992
-0.719131 0.497948 0.484663
-0.719131 0.497948 0.484663
-0.603921 -0.429439 -0.671462
-0.603921 -0.42944 -0.671462
-0.755849 -0.54544 0.362199
-0.755849 -0.54544 0.362199
0.754046 -0.477325 -0.451194
0.609515 -0.587641 0.532137
0.644443 0.404912 0.648645
0.788976 0.515265 -0.334692
BONE = 16
BONE_NAME = Star2Part_Fire_Blades01
PARENT_ID = 15
LOCALTM 
MAT 0.155767 0.319075 -1.52103 0.0
MAT 1.52507 0.262867 0.21131 0.0
MAT 0.299136 -1.5062 -0.285264 0.0
MAT 0.100675 0.000868976 0.0629691 1.0
WORLDTM 
MAT -1.54454 0.0799631 -0.218088 0.0
MAT 0.121031 -0.974387 -1.21472 0.0
MAT -0.198167 -1.21808 0.957354 0.0
MAT 0.413928 0.522456 -0.0125639 1.0
VERTEX = 9
0.373083 0.628642 0.0107716
0.374717 0.632984 0.0039562
0.374108 0.639984 0.00827051
0.372474 0.635641 0.0150859
0.369515 0.633922 0.00879186
0.369678 0.634356 0.00811032
0.369617 0.635056 0.00854175
0.369454 0.634622 0.00922329
0.369566 0.634489 0.0086668
INDEX = 14
4 5 7
6 7 5
1 2 5
6 5 2
0 1 4
5 4 1
7 6 3
2 3 6
4 7 0
3 0 7
8 1 0
8 2 1
8 3 2
8 0 3
FACE-NORMAL = 14
0.977365 -0.042648 0.207216
0.977365 -0.042648 0.207216
0.506501 -0.420028 0.753016
0.506501 -0.420028 0.753016
0.598903 0.602499 0.527551
0.598903 0.602499 0.527551
0.708743 -0.659565 -0.250314
0.708743 -0.659565 -0.250314
0.801153 0.362989 -0.475808
0.801153 0.362989 -0.475808
-0.638855 -0.570151 -0.516519
-0.55095 0.402595 -0.731007
-0.743348 0.63047 0.223475
-0.831261 -0.342301 0.43799
BONE = 17
BONE_NAME = Ref_Weapon Left
PARENT_ID = 15
LOCALTM 
MAT -0.123637 -0.204989 0.788996 0.0
MAT 0.807437 -0.140539 0.09002 0.0
MAT 0.112105 0.786152 0.221782 0.0
MAT 0.00444287 0.0615546 0.0179483 1.0
WORLDTM 
MAT 0.80584 -0.0351634 0.17085 0.0
MAT 0.0609178 -0.699983 -0.431431 0.0
MAT 0.163402 0.434281 -0.68154 0.0
MAT 0.369566 0.634489 0.0086668 1.0
VERTEX = 9
0.415691 0.522037 -0.0253167
0.416074 0.512782 -0.0290854
0.418163 0.516545 -0.0381121
0.41778 0.525799 -0.0343435
0.411918 0.519785 -0.0321137
0.411956 0.51886 -0.0324906
0.412165 0.519236 -0.0333932
0.412126 0.520162 -0.0330164
0.412041 0.519511 -0.0327535
INDEX = 14
4 5 7
6 7 5
1 2 5
6 5 2
0 1 4
5 4 1
7 6 3
2 3 6
4 7 0
3 0 7
8 1 0
8 2 1
8 3 2
8 0 3
FACE-NORMAL = 14
0.977177 -0.0440384 0.20781
0.977177 -0.0440384 0.20781
0.625151 0.65842 0.41913
0.625151 0.65842 0.41913
0.808978 0.250196 -0.531937
0.808978 0.250196 -0.531937
0.49842 -0.30911 0.809956
0.49842 -0.30911 0.809956
0.682245 -0.717377 -0.141109
0.682245 -0.717377 -0.141109
-0.838691 -0.234901 0.491345
-0.66381 -0.623251 -0.413418
-0.543251 0.297174 -0.785217
-0.718129 0.685566 0.119545
BONE = 18
BONE_NAME = Star2Ribbon03
PARENT_ID = 15
LOCALTM 
MAT -0.149286 -0.249968 0.956687 0.0
MAT -0.298721 -0.910914 -0.284613 0.0
MAT 0.942588 -0.328251 0.0612779 0.0
MAT 0.116224 0.0142102 0.062704 1.0
WORLDTM 
MAT 0.977176 -0.0440383 0.20781 0.0
MAT -0.208898 -0.376238 0.902675 0.0
MAT 0.0383824 -0.925466 -0.376865 0.0
MAT 0.412041 0.519511 -0.0327535 1.0
VERTEX = 9
0.0296636 0.990444 0.0138127
0.0298142 0.988706 0.00396605
0.0198227 0.989058 0.00375116
0.0196721 0.990796 0.0135978
0.0250433 0.9849 0.0101507
0.0250583 0.984726 0.009166
0.0240592 0.984761 0.00914451
0.0240441 0.984935 0.0101292
0.0245512 0.98483 0.00964759
INDEX = 14
4 5 7
6 7 5
1 2 5
6 5 2
0 1 4
5 4 1
7 6 3
2 3 6
4 7 0
3 0 7
8 1 0
8 2 1
8 3 2
8 0 3
FACE-NORMAL = 14
0.0383864 0.984151 -0.173131
0.0383864 0.984151 -0.173131
0.0144885 0.787553 0.616077
0.0144885 0.787553 0.616077
-0.716983 0.684519 -0.131791
-0.716983 0.684519 -0.131791
0.768341 0.632205 -0.0998455
0.768341 0.632205 -0.0998455
0.0368697 0.529171 -0.847714
0.0368697 0.529171 -0.847714
0.679362 -0.720783 0.137617
-0.0164975 -0.818801 -0.573841
-0.733649 -0.671016 0.107227
-0.037789 -0.572998 0.818685
BONE = 19
BONE_NAME = BoneHead
PARENT_ID = 11
LOCALTM 
MAT 0.978996 0.195172 -0.0589442 0.0
MAT -0.0139614 -0.224259 -0.97443 0.0
MAT -0.2034 0.954785 -0.216823 0.0
MAT 0.217578 0.0604135 0.000185097 1.0
WORLDTM 
MAT 0.0383864 0.984151 -0.173131 0.0
MAT 0.99915 -0.0351911 0.0214892 0.0
MAT 0.0150554 -0.173809 -0.984665 0.0
MAT 0.0245512 0.98483 0.00964759 1.0
VERTEX = 9
0.0228327 1.08325 0.128718
0.0231203 1.0931 0.130457
0.023393 1.09483 0.120612
0.0231054 1.08498 0.118873
0.0280809 1.0883 0.12518
0.0281096 1.08928 0.125354
0.0281369 1.08945 0.124369
0.0281081 1.08847 0.124195
0.0281089 1.08888 0.124775
INDEX = 14
4 5 7
6 7 5
1 2 5
6 5 2
0 1 4
5 4 1
7 6 3
2 3 6
4 7 0
3 0 7
8 1 0
8 2 1
8 3 2
8 0 3
FACE-NORMAL = 14
-0.999214 0.033057 -0.0218662
-0.999214 0.033057 -0.0218662
-0.689816 -0.709541 -0.143893
-0.689816 -0.709541 -0.143893
-0.648168 0.150811 -0.746414
-0.648168 0.150811 -0.746414
-0.688711 -0.106583 0.71716
-0.68871 -0.106583 0.71716
-0.647062 0.75377 0.114638
-0.647062 0.75377 0.114638
0.687267 -0.145806 0.711621
0.726887 0.672659 0.138434
0.725836 0.0990567 -0.680699
0.686215 -0.71941 -0.107511
BONE = 20
BONE_NAME = Star2Ribbon01
PARENT_ID = 19
LOCALTM 
MAT -0.00203744 -0.999996 0.000741228 0.0
MAT -0.341898 4.49829e-007 -0.939738 0.0
MAT 0.939735 -0.00216691 -0.341896 0.0
MAT 0.0826004 0.00236711 -0.131392 1.0
WORLDTM 
MAT -0.999214 0.0330569 -0.0218662 0.0
MAT -0.0272719 -0.173144 0.98452 0.0
MAT 0.0287606 0.984342 0.173909 0.0
MAT 0.0281089 1.08888 0.124775 1.0
VERTEX = 9
0.0275273 1.09117 0.00759897
0.0269659 1.09077 0.0158151
0.0268207 1.08254 0.0154038
0.0273822 1.08294 0.00718762
0.023097 1.08737 0.0108343
0.0230409 1.08733 0.0116559
0.0230264 1.08651 0.0116148
0.0230825 1.08655 0.0107932
0.0230617 1.08694 0.0112246
INDEX = 14
4 5 7
6 7 5
1 2 5
6 5 2
0 1 4
5 4 1
7 6 3
2 3 6
4 7 0
3 0 7
8 1 0
8 2 1
8 3 2
8 0 3
FACE-NORMAL = 14
0.997524 -0.0209397 0.0671431
0.997524 -0.0209397 0.0671431
0.717922 0.0221048 -0.695772
0.717923 0.0221048 -0.695772
0.654223 -0.756261 0.00783358
0.654223 -0.756261 0.00783359
0.680393 0.728245 0.0819991
0.680393 0.728245 0.0819991
0.616694 -0.0501207 0.785606
0.616694 -0.0501207 0.785606
-0.692908 0.720923 -0.0121999
-0.753506 -0.0195479 0.657151
-0.717804 -0.69131 -0.0827547
-0.657206 0.0491613 -0.752106
BONE = 21
BONE_NAME = Ref_Head
PARENT_ID = 19
LOCALTM 
MAT 0.00499559 0.82356 -0.039127 0.0
MAT 0.803736 -0.0135882 -0.18339 0.0
MAT -0.183826 -0.0370321 -0.802897 0.0
MAT 0.100162 -0.00504776 -0.0193229 1.0
WORLDTM 
MAT 0.822462 -0.0172649 0.0553597 0.0
MAT 0.0145149 0.82335 0.0411344 0.0
MAT -0.056145 -0.0400583 0.821615 0.0
MAT 0.0230617 1.08694 0.0112246 1.0
VERTEX = 9
0.0258352 0.909912 0.067887
0.0250098 0.899948 0.0677112
0.0270318 0.899608 0.0774988
0.0278572 0.909572 0.0776746
0.031253 0.904889 0.0711909
0.0311704 0.903893 0.0711733
0.0313726 0.903858 0.072152
0.0314552 0.904855 0.0721696
0.0313128 0.904374 0.0716715
INDEX = 14
4 5 7
6 7 5
1 2 5
6 5 2
0 1 4
5 4 1
7 6 3
2 3 6
4 7 0
3 0 7
8 1 0
8 2 1
8 3 2
8 0 3
FACE-NORMAL = 14
-0.97586 0.0772282 0.204288
-0.97586 0.0772282 0.204288
-0.591466 0.792305 0.149731
-0.591467 0.792305 0.149731
-0.502521 0.0263762 0.864163
-0.502521 0.0263762 0.864163
-0.803111 0.0769498 -0.59084
-0.803111 0.0769498 -0.59084
-0.714165 -0.68898 0.123592
-0.714165 -0.68898 0.123592
0.547059 -0.0305529 -0.836536
0.631675 -0.759193 -0.156887
0.833015 -0.0786643 0.54763
0.7484 0.649976 -0.13202
BONE = 22
BONE_NAME = Bone01(mirrored)
PARENT_ID = 11
LOCALTM 
MAT 0.0633322 -2.07219e-007 0.997992 0.0
MAT -5.51343e-007 1.0 0.0 0.0
MAT -0.997992 -3.91155e-007 0.0633315 0.0
MAT 0.139205 -0.0043969 0.00501711 1.0
WORLDTM 
MAT -0.975859 0.0772282 0.204288 0.0
MAT -0.202201 0.03402 -0.978755 0.0
MAT -0.0825367 -0.996432 -0.0175834 0.0
MAT 0.0313128 0.904374 0.0716715 1.0
VERTEX = 9
-0.168928 0.917428 0.111601
-0.162086 0.915023 0.104716
-0.155648 0.912579 0.111967
-0.16249 0.914984 0.118853
-0.161238 0.919943 0.111828
-0.160554 0.919702 0.111139
-0.15991 0.919458 0.111865
-0.160594 0.919698 0.112553
-0.160574 0.9197 0.111846
INDEX = 14
4 5 7
6 7 5
1 2 5
6 5 2
0 1 4
5 4 1
7 6 3
2 3 6
4 7 0
3 0 7
8 1 0
8 2 1
8 3 2
8 0 3
FACE-NORMAL = 14
-0.342693 -0.939366 -0.0123607
-0.342693 -0.939366 -0.0123607
-0.737787 -0.449616 0.503503
-0.737787 -0.449616 0.503503
0.249282 -0.810069 0.530704
0.249282 -0.810069 0.530704
-0.707781 -0.446737 -0.547241
-0.707781 -0.446737 -0.547241
0.279288 -0.80719 -0.520041
0.279288 -0.807189 -0.520042
-0.212914 0.837054 -0.503992
0.7261 0.49415 -0.478116
0.697554 0.49141 0.521473
-0.241459 0.834315 0.495597
BONE = 23
BONE_NAME = Bone02(mirrored)
PARENT_ID = 22
LOCALTM 
MAT 0.25935 0.0494334 0.964517 0.0
MAT 0.499002 0.848199 -0.177648 0.0
MAT -0.826882 0.527366 0.195311 0.0
MAT 0.196646 0.0 -0.000140369 1.0
WORLDTM 
MAT -0.342693 -0.939365 -0.0123606 0.0
MAT -0.6438 0.244407 -0.725115 0.0
MAT 0.684166 -0.240532 -0.688518 0.0
MAT -0.160574 0.9197 0.111846 1.0
VERTEX = 9
-0.248861 0.702217 0.107176
-0.241425 0.701979 0.100493
-0.238158 0.693388 0.104435
-0.245594 0.693627 0.111117
-0.241128 0.700801 0.109097
-0.240384 0.700777 0.108429
-0.240057 0.699918 0.108823
-0.240801 0.699942 0.109491
-0.240593 0.70036 0.10896
INDEX = 14
4 5 7
6 7 5
1 2 5
6 5 2
0 1 4
5 4 1
7 6 3
2 3 6
4 7 0
3 0 7
8 1 0
8 2 1
8 3 2
8 0 3
FACE-NORMAL = 14
-0.583414 -0.511398 -0.630951
-0.583414 -0.511398 -0.630951
-0.942977 -0.324388 0.074604
-0.942977 -0.324389 0.0746038
-0.147458 -0.980607 -0.129097
-0.147458 -0.980607 -0.129097
-0.633109 0.29639 -0.71507
-0.633109 0.29639 -0.71507
0.162413 -0.359826 -0.918775
0.162413 -0.359826 -0.918775
0.181532 0.969027 0.167427
0.938322 0.344757 -0.026357
0.64354 -0.245799 0.724872
-0.113252 0.37847 0.918659
BONE = 24
BONE_NAME = Bone03(mirrored)
PARENT_ID = 23
LOCALTM 
MAT 0.688121 0.70812 0.158277 0.0
MAT -0.690104 0.706093 -0.158736 0.0
MAT -0.224165 -7.09202e-007 0.974549 0.0
MAT 0.233499 0.0 0.0 1.0
WORLDTM 
MAT -0.583414 -0.511398 -0.630951 0.0
MAT -0.326691 0.859015 -0.394176 0.0
MAT 0.743574 -0.0238371 -0.668224 0.0
MAT -0.240593 0.70036 0.10896 1.0
VERTEX = 9
-0.369837 0.593321 -0.0302852
-0.359986 0.593106 -0.0319899
-0.359089 0.58529 -0.0258174
-0.36894 0.585505 -0.0241127
-0.364268 0.592824 -0.0244343
-0.363282 0.592802 -0.0246048
-0.363193 0.592021 -0.0239875
-0.364178 0.592042 -0.0238171
-0.36373 0.592422 -0.0242109
INDEX = 14
4 5 7
6 7 5
1 2 5
6 5 2
0 1 4
5 4 1
7 6 3
2 3 6
4 7 0
3 0 7
8 1 0
8 2 1
8 3 2
8 0 3
FACE-NORMAL = 14
-0.146541 -0.623357 -0.768083
-0.146541 -0.623357 -0.768083
-0.830265 -0.401009 -0.387108
-0.830265 -0.401009 -0.387108
-0.0313335 -0.997993 -0.0550272
-0.0313336 -0.997993 -0.0550273
-0.164728 0.163983 -0.972612
-0.164728 0.163983 -0.972612
0.634213 -0.433 -0.640535
0.634213 -0.433 -0.640535
0.0401701 0.993484 0.10666
0.800205 0.425563 0.422573
0.16707 -0.111922 0.979572
-0.592974 0.455997 0.663662
BONE = 25
BONE_NAME = Bone04(mirrored)
PARENT_ID = 24
LOCALTM 
MAT 0.888898 -0.184841 0.419151 0.0
MAT 0.0420721 0.944056 0.327105 0.0
MAT -0.45617 -0.273117 0.846943 0.0
MAT 0.211064 1.78814e-007 0.0 1.0
WORLDTM 
MAT -0.14654 -0.623353 -0.768078 0.0
MAT -0.0897329 0.781646 -0.617249 0.0
MAT 0.985126 -0.0215157 -0.170471 0.0
MAT -0.36373 0.592422 -0.0242109 1.0
VERTEX = 9
-0.448873 0.533748 -0.0979227
-0.443974 0.520025 -0.0922978
-0.438866 0.527148 -0.07937
-0.443764 0.540871 -0.0849949
-0.437408 0.531885 -0.092935
-0.436918 0.530513 -0.0923726
-0.436407 0.531225 -0.0910798
-0.436897 0.532598 -0.0916423
-0.436907 0.531555 -0.0920074
INDEX = 14
4 5 7
6 7 5
1 2 5
6 5 2
0 1 4
5 4 1
7 6 3
2 3 6
4 7 0
3 0 7
8 1 0
8 2 1
8 3 2
8 0 3
FACE-NORMAL = 14
-0.891438 -0.141812 0.43038
-0.891438 -0.141812 0.43038
-0.829467 0.55819 0.0202259
-0.829467 0.55819 0.020226
-0.353241 0.244101 0.903126
-0.353241 0.2441 0.903126
-0.83944 -0.433834 -0.327305
-0.83944 -0.433834 -0.327305
-0.363215 -0.747925 0.555592
-0.363215 -0.747925 0.555592
0.399077 -0.222189 -0.889589
0.852118 -0.520987 -0.0496736
0.861606 0.42274 0.280938
0.408566 0.72154 -0.558976
BONE = 26
BONE_NAME = Star2Part_Fire_Blades02
PARENT_ID = 25
LOCALTM 
MAT -0.174227 -0.463095 -1.48146 0.0
MAT 1.51184 0.287042 -0.267519 0.0
MAT 0.351614 -1.46378 0.416244 0.0
MAT 0.100738 0.000837505 -0.0592208 1.0
WORLDTM 
MAT -1.39234 -0.221496 0.67221 0.0
MAT -0.510842 -0.712291 -1.29279 0.0
MAT 0.489876 -1.37229 0.56249 0.0
MAT -0.436907 0.531555 -0.0920074 1.0
VERTEX = 9
-0.420622 0.626991 -0.0618717
-0.423548 0.632617 -0.0671401
-0.421846 0.638585 -0.0617119
-0.418919 0.632959 -0.0564434
-0.417414 0.632628 -0.06344
-0.417706 0.63319 -0.0639668
-0.417536 0.633787 -0.063424
-0.417243 0.633224 -0.0628972
-0.417475 0.633207 -0.063432
INDEX = 14
4 5 7
6 7 5
1 2 5
6 5 2
0 1 4
5 4 1
7 6 3
2 3 6
4 7 0
3 0 7
8 1 0
8 2 1
8 3 2
8 0 3
FACE-NORMAL = 14
-0.91178 -0.101776 0.397869
-0.91178 -0.101776 0.397869
-0.346094 -0.575318 0.741099
-0.346094 -0.575318 0.741099
-0.45646 0.46993 0.755519
-0.45646 0.46993 0.755519
-0.763435 -0.606095 -0.223195
-0.763435 -0.606095 -0.223195
-0.87381 0.439161 -0.208792
-0.87381 0.439162 -0.208792
0.49871 -0.439855 -0.746871
0.393716 0.554505 -0.733152
0.790739 0.583784 0.184195
0.895742 -0.410584 0.170493
BONE = 27
BONE_NAME = Ref_Weapon Right
PARENT_ID = 25
LOCALTM 
MAT -0.089502 -0.200608 -0.794698 0.0
MAT 0.813909 -0.116149 -0.0623408 0.0
MAT 0.0968035 0.791243 -0.210625 0.0
MAT 0.0125763 0.0609106 -0.0471373 1.0
WORLDTM 
MAT -0.751761 -0.0839143 0.328042 0.0
MAT -0.170261 -0.596799 -0.542825 0.0
MAT -0.292678 0.562661 -0.526841 0.0
MAT -0.417475 0.633207 -0.063432 1.0
VERTEX = 9
-0.443495 0.532134 -0.12143
-0.444946 0.523869 -0.126868
-0.448788 0.529405 -0.134257
-0.447337 0.53767 -0.128818
-0.450436 0.530397 -0.125213
-0.450581 0.52957 -0.125756
-0.450965 0.530124 -0.126495
-0.45082 0.530951 -0.125951
-0.450701 0.530261 -0.125854
INDEX = 14
4 5 7
6 7 5
1 2 5
6 5 2
0 1 4
5 4 1
7 6 3
2 3 6
4 7 0
3 0 7
8 1 0
8 2 1
8 3 2
8 0 3
FACE-NORMAL = 14
0.911784 0.101779 -0.397858
0.911784 0.101779 -0.397858
0.717776 0.682445 0.138082
0.717776 0.682445 0.138082
0.324386 0.479583 -0.815337
0.324387 0.479583 -0.815337
0.89552 -0.343415 0.283038
0.89552 -0.343415 0.283038
0.502123 -0.546291 -0.670401
0.502123 -0.546292 -0.670401
-0.373066 -0.463431 0.803774
-0.747303 -0.656417 -0.103227
-0.916395 0.319499 -0.241125
-0.542151 0.512498 0.665896
BONE = 28
BONE_NAME = Star2Ribbon04
PARENT_ID = 25
LOCALTM 
MAT 0.108542 0.243303 0.963851 0.0
MAT -0.278704 -0.923268 0.264437 0.0
MAT 0.95421 -0.297356 -0.032412 0.0
MAT 0.129564 0.0219544 -0.0670109 1.0
WORLDTM 
MAT 0.911777 0.101779 -0.397855 0.0
MAT 0.384193 -0.553627 0.738873 0.0
MAT -0.145077 -0.82654 -0.543839 0.0
MAT -0.450701 0.530261 -0.125854 1.0
VERTEX = 9
0.0333024 0.879292 0.0615977
0.0346115 0.8793 0.0697381
0.0345958 0.871055 0.069748
0.0332868 0.871047 0.0616076
0.0298142 0.875594 0.0659198
0.0299451 0.875595 0.0667339
0.0299436 0.87477 0.0667349
0.0298127 0.874769 0.0659208
0.0298789 0.875182 0.0663274
INDEX = 14
4 5 7
6 7 5
1 2 5
6 5 2
0 1 4
5 4 1
7 6 3
2 3 6
4 7 0
3 0 7
8 1 0
8 2 1
8 3 2
8 0 3
FACE-NORMAL = 14
0.987315 -0.00206558 -0.158763
0.987315 -0.00206558 -0.158763
0.542469 -0.00203812 -0.840073
0.542469 -0.00203812 -0.840073
0.659067 -0.744674 -0.105315
0.659067 -0.744674 -0.105315
0.66189 0.74191 -0.107099
0.66189 0.74191 -0.107099
0.778488 -0.000725473 0.627659
0.778488 -0.000725472 0.627659
-0.696794 0.708566 0.111414
-0.585873 0.00208495 0.8104
-0.69948 -0.705644 0.113111
-0.810401 0.000836211 -0.585875
BONE = 29
BONE_NAME = Ref_HardPoint
PARENT_ID = 11
LOCALTM 
MAT 0.0110508 -0.0365389 -0.82362 0.0
MAT 0.823947 0.0287014 0.00978195 0.0
MAT 0.0282372 -0.823194 0.036899 0.0
MAT 0.109841 0.000130475 0.00492977 1.0
WORLDTM 
MAT 0.814045 -0.00170308 -0.130901 0.0
MAT 0.00156607 0.824503 -0.000989072 0.0
MAT 0.130903 0.000728033 0.814047 0.0
MAT 0.0298789 0.875182 0.0663274 1.0
VERTEX = 9
0.0270183 0.752624 0.0704405
0.0269569 0.752623 0.0768078
0.0269569 0.740347 0.0768071
0.0270183 0.740348 0.0704398
0.0222229 0.747099 0.0732594
0.0222168 0.747099 0.0738962
0.0222168 0.745872 0.0738961
0.0222229 0.745872 0.0732594
0.0222198 0.746486 0.0735778
INDEX = 14
4 5 7
6 7 5
1 2 5
6 5 2
0 1 4
5 4 1
7 6 3
2 3 6
4 7 0
3 0 7
8 1 0
8 2 1
8 3 2
8 0 3
FACE-NORMAL = 14
0.999953 -6.68224e-007 0.00965156
0.999953 -6.68224e-007 0.00965156
0.676107 4.29734e-005 -0.736803
0.676107 4.29734e-005 -0.736803
0.668933 -0.743295 0.00641312
0.668934 -0.743294 0.00641312
0.668934 0.743293 0.00649998
0.668934 0.743294 0.00649998
0.66176 -4.38674e-005 0.749716
0.66176 -4.38674e-005 0.749716
-0.707074 0.707107 -0.00678337
-0.713898 -4.0834e-005 0.700249
-0.707074 -0.707106 -0.00686599
-0.700249 4.1779e-005 -0.713898
BONE = 30
BONE_NAME = Vol_Target
PARENT_ID = 11
LOCALTM 
MAT 0.0198929 -0.201818 -0.931786 0.0
MAT 1.22677 0.0416932 0.01716 0.0
MAT 0.019248 -0.621961 0.135123 0.0
MAT -0.0187048 -0.00979552 0.0121016 1.0
WORLDTM 
MAT 0.953555 -6.37218e-007 0.00920371 0.0
MAT 4.22445e-007 1.2276 7.17253e-005 0.0
MAT -0.0061454 -3.71972e-005 0.636732 0.0
MAT 0.0222198 0.746486 0.0735778 1.0
VERTEX = 9
0.0385512 -0.240362 -0.0463391
0.0407382 -0.241053 -0.0366057
0.0407382 -0.251028 -0.0373139
0.0385512 -0.250337 -0.0470473
0.0346564 -0.245239 -0.041187
0.0348751 -0.245308 -0.0402136
0.0348751 -0.246306 -0.0402845
0.0346564 -0.246237 -0.0412578
0.0347658 -0.245772 -0.0407357
INDEX = 14
4 5 7
6 7 5
1 2 5
6 5 2
0 1 4
5 4 1
7 6 3
2 3 6
4 7 0
3 0 7
8 1 0
8 2 1
8 3 2
8 0 3
FACE-NORMAL = 14
0.975792 0.015488 -0.218151
0.975792 0.015488 -0.218151
0.490212 0.0617255 -0.869415
0.490212 0.0617255 -0.869415
0.65277 -0.731067 -0.198574
0.652771 -0.731067 -0.198574
0.652771 0.751789 -0.0932965
0.65277 0.751789 -0.0932965
0.815329 -0.0410036 0.577544
0.815329 -0.0410036 0.577544
-0.689989 0.69438 0.204332
-0.535345 -0.0598155 0.842513
-0.689989 -0.716283 0.10418
-0.844634 0.0379122 -0.534001
BONE = 31
BONE_NAME = HitTestFuzzy
PARENT_ID = 1
LOCALTM 
MAT 0.658707 -0.000352443 0.0102033 0.0
MAT -0.0102032 -0.0455248 0.657133 0.0
MAT 0.00035353 -0.657211 -0.0455248 0.0
MAT 0.0188792 0.0649687 -0.577132 1.0
WORLDTM 
MAT 0.975793 0.015488 -0.218151 0.0
MAT 0.0 0.99749 0.0708184 0.0
MAT 0.2187 -0.0691039 0.973342 0.0
MAT 0.0347658 -0.245772 -0.0407357 1.0
VERTEX = 9
0.0261244 0.720586 0.00899761
0.0228046 0.720554 -0.00581432
0.0227975 0.735733 -0.00584627
0.0261172 0.735766 0.00896565
0.0172213 0.727402 0.00397774
0.0168893 0.727399 0.00249654
0.0168886 0.728917 0.00249335
0.0172206 0.72892 0.00397454
0.0170549 0.72816 0.00323554
INDEX = 14
4 5 7
6 7 5
1 2 5
6 5 2
0 1 4
5 4 1
7 6 3
2 3 6
4 7 0
3 0 7
8 1 0
8 2 1
8 3 2
8 0 3
FACE-NORMAL = 14
0.975792 0.0 -0.2187
0.975792 0.0 -0.2187
0.815329 0.00160346 0.578996
0.815329 0.00160346 0.578996
0.65242 0.743292 -0.147867
0.65242 0.743292 -0.147867
0.653121 -0.743292 -0.144738
0.653121 -0.743292 -0.144738
0.490212 -0.00160347 -0.871602
0.490212 -0.00160347 -0.871602
-0.689656 -0.707105 0.156133
-0.844633 -0.00152539 -0.535343
-0.690323 0.707105 0.153156
-0.535345 0.0015254 0.844632
BONE = 32
BONE_NAME = Star2Force01
PARENT_ID = 1
LOCALTM 
MAT 1.0 9.53674e-007 0.0 0.0
MAT 0.0 -0.00215713 -0.999998 0.0
MAT -9.53654e-007 0.999997 -0.00215713 0.0
MAT 0.00115877 0.0392539 0.0644814 1.0
WORLDTM 
MAT 1.4812 0.0 -0.331974 0.0
MAT 0.000716135 -1.51794 0.0031953 0.0
MAT -0.331974 -0.00327456 -1.48119 0.0
MAT 0.0170549 0.72816 0.00323554 1.0
VERTEX = 9
0.0422344 -0.206291 0.0481348
0.0444214 -0.206291 0.0578927
0.0444214 -0.216291 0.0578927
0.0422344 -0.216291 0.0481348
0.0383396 -0.210791 0.0536194
0.0385583 -0.210791 0.0545952
0.0385583 -0.211791 0.0545952
0.0383396 -0.211791 0.0536194
0.038449 -0.211291 0.0541073
INDEX = 14
4 5 7
6 7 5
1 2 5
6 5 2
0 1 4
5 4 1
7 6 3
2 3 6
4 7 0
3 0 7
8 1 0
8 2 1
8 3 2
8 0 3
FACE-NORMAL = 14
0.975792 0.0 -0.2187
0.975792 0.0 -0.2187
0.490212 0.0 -0.871603
0.490212 0.0 -0.871603
0.65277 -0.743294 -0.146303
0.652771 -0.743294 -0.146303
0.652771 0.743294 -0.146303
0.65277 0.743294 -0.146303
0.815329 0.0 0.578998
0.815329 0.0 0.578998
-0.689989 0.707107 0.154645
-0.535345 0.0 0.844634
-0.689989 -0.707107 0.154644
-0.844634 0.0 -0.535345
BONE = 33
BONE_NAME = HitTestTight
PARENT_ID = 1
LOCALTM 
MAT 0.658787 6.25849e-007 0.0 0.0
MAT 0.0 0.0 0.658787 0.0
MAT 6.4075e-007 -0.658786 0.0 0.0
MAT 0.00758228 0.00346929 -0.554416 1.0
WORLDTM 
MAT 0.975792 0.0 -0.2187 0.0
MAT 0.0 1.0 0.0 0.0
MAT 0.2187 0.0 0.975792 0.0
MAT 0.038449 -0.211291 0.0541073 1.0
VERTEX = 9
0.235015 0.0766415 -0.11785
0.235015 0.0866415 -0.11785
0.233278 0.0866415 -0.108002
0.233278 0.0766415 -0.108002
0.229309 0.0811415 -0.114287
0.229309 0.0821415 -0.114287
0.229136 0.0821415 -0.113302
0.229136 0.0811415 -0.113302
0.229222 0.0816415 -0.113795
INDEX = 14
4 5 7
6 7 5
1 2 5
6 5 2
0 1 4
5 4 1
7 6 3
2 3 6
4 7 0
3 0 7
8 1 0
8 2 1
8 3 2
8 0 3
FACE-NORMAL = 14
0.984808 0.0 0.173648
0.984808 0.0 0.173648
0.658802 -0.743294 0.116165
0.658802 -0.743294 0.116165
0.52973 0.0 0.848166
0.52973 0.0 0.848166
0.787874 0.0 -0.615837
0.787873 0.0 -0.615837
0.658802 0.743294 0.116165
0.658802 0.743294 0.116164
-0.573576 0.0 -0.819152
-0.696364 0.707107 -0.122788
-0.819152 0.0 0.573576
-0.696364 -0.707107 -0.122788
BONE = 34
BONE_NAME = Foot_Left
PARENT_ID = 0
LOCALTM 
MAT 0.648778 -0.114397 0.0 0.0
MAT 0.114397 0.648778 0.0 0.0
MAT 0.0 0.0 0.658787 0.0
MAT 0.151009 0.0749664 0.0537843 1.0
WORLDTM 
MAT 0.984808 0.0 0.173648 0.0
MAT 0.173648 0.0 -0.984808 0.0
MAT 0.0 1.0 0.0 0.0
MAT 0.229222 0.0816415 -0.113795 1.0
VERTEX = 9
0.23645 0.081189 -0.141652
0.246334 0.0817078 -0.140224
0.246266 0.0724673 -0.136402
0.236383 0.0719485 -0.13783
0.240108 0.0791578 -0.134724
0.241097 0.0792097 -0.134582
0.24109 0.0782857 -0.134199
0.240102 0.0782338 -0.134342
0.240599 0.0787218 -0.134462
INDEX = 14
4 5 7
6 7 5
1 2 5
6 5 2
0 1 4
5 4 1
7 6 3
2 3 6
4 7 0
3 0 7
8 1 0
8 2 1
8 3 2
8 0 3
