EXPORTER_V17
ANIMATION_EXPORT
BONEOBJECT_COUNT = 43
VERTEX = 9
0.00758971 -0.00758971 -0.00758971
0.00758971 0.00758971 -0.00758971
0.00758971 0.00758971 0.00758971
0.00758971 -0.00758971 0.00758971
0.0 -0.000758971 -0.000758971
0.0 0.000758971 -0.000758971
0.0 0.000758971 0.000758971
0.0 -0.000758971 0.000758971
0.0 0.0 0.0
INDEX = 14
4 5 7
6 7 5
1 2 5
6 5 2
0 1 4
5 4 1
7 6 3
2 3 6
4 7 0
3 0 7
8 1 0
8 2 1
8 3 2
8 0 3
FACE-NORMAL = 14
1.0 0.0 0.0
1.0 0.0 0.0
0.668965 -0.743294 0.0
0.668965 -0.743294 0.0
0.668965 0.0 0.743294
0.668965 0.0 0.743294
0.668965 0.0 -0.743294
0.668965 0.0 -0.743294
0.668965 0.743294 0.0
0.668965 0.743294 0.0
-0.707107 0.0 -0.707107
-0.707107 0.707107 0.0
-0.707107 0.0 0.707107
-0.707107 -0.707107 0.0
BONE = 0
BONE_NAME = Main
PARENT_ID = -1
LOCALTM 
MAT 1.51794 0.0 0.0 0.0
MAT 0.0 0.0 -1.51794 0.0
MAT 0.0 1.51794 0.0 0.0
MAT 0.0 0.0 0.0 1.0
WORLDTM 
MAT 1.51794 0.0 0.0 0.0
MAT 0.0 0.0 -1.51794 0.0
MAT 0.0 1.51794 0.0 0.0
MAT 0.0 0.0 0.0 1.0
VERTEX = 9
0.0319152 0.622195 0.0547901
0.0319152 0.637374 0.0547901
0.0351345 0.637374 0.0696243
0.0351346 0.622195 0.0696243
0.0259469 0.629026 0.0630752
0.0259469 0.630544 0.0630752
0.0262688 0.630544 0.0645586
0.0262688 0.629026 0.0645586
0.0261078 0.629785 0.0638169
INDEX = 14
4 5 7
6 7 5
1 2 5
6 5 2
0 1 4
5 4 1
7 6 3
2 3 6
4 7 0
3 0 7
8 1 0
8 2 1
8 3 2
8 0 3
FACE-NORMAL = 14
0.977251 0.0 -0.212084
0.977251 0.0 -0.212084
0.653747 -0.743294 -0.141877
0.653747 -0.743294 -0.141877
0.811388 0.0 0.584508
0.811388 0.0 0.584508
0.496106 0.0 -0.868262
0.496106 0.0 -0.868262
0.653747 0.743294 -0.141877
0.653747 0.743294 -0.141877
-0.840987 0.0 -0.541055
-0.691021 0.707107 0.149966
-0.541055 0.0 0.840987
-0.691021 -0.707107 0.149966
BONE = 1
BONE_NAME = Root
PARENT_ID = 0
LOCALTM 
MAT 0.977252 0.212085 0.0 0.0
MAT -0.212085 0.977252 0.0 0.0
MAT 0.0 0.0 1.0 0.0
MAT 0.0171995 -0.0420417 0.414894 1.0
WORLDTM 
MAT 1.48341 0.0 -0.321932 0.0
MAT -0.321932 -1.58131e-007 -1.48341 0.0
MAT 0.0 1.51794 -1.57518e-007 0.0
MAT 0.0261078 0.629785 0.0638169 1.0
VERTEX = 9
0.0153558 0.629731 0.0411141
0.0251317 0.629682 0.0390094
0.0272365 0.629699 0.0487854
0.0174606 0.629748 0.0508901
0.0207244 0.634717 0.0445528
0.021702 0.634712 0.0443424
0.0219124 0.634713 0.04532
0.0209348 0.634718 0.0455304
0.0213184 0.634715 0.0449364
INDEX = 14
4 5 7
6 7 5
1 2 5
6 5 2
0 1 4
5 4 1
7 6 3
2 3 6
4 7 0
3 0 7
8 1 0
8 2 1
8 3 2
8 0 3
FACE-NORMAL = 14
-0.00445247 -0.999987 0.00266927
-0.00445247 -0.999987 0.00266927
-0.729614 -0.665303 0.158224
-0.729614 -0.665303 0.158224
0.153468 -0.667713 0.728428
0.153468 -0.667713 0.728428
-0.159425 -0.670199 -0.724857
-0.159425 -0.670199 -0.724857
0.723657 -0.672609 -0.154653
0.723657 -0.672609 -0.154653
-0.145681 0.705915 -0.693153
0.694408 0.703622 -0.15071
0.151978 0.70828 0.689378
-0.688111 0.710572 0.146935
BONE = 2
BONE_NAME = Pelvis
PARENT_ID = 1
LOCALTM 
MAT -0.00323944 -0.00109631 -0.658778 0.0
MAT 0.0010834 0.658785 -0.00110165 0.0
MAT 0.658777 -0.0010888 -0.00323763 0.0
MAT -0.000445488 0.0128244 0.00324798 1.0
WORLDTM 
MAT -0.00445247 -0.999987 0.00266927 0.0
MAT -0.210477 -0.00167235 -0.977598 0.0
MAT 0.977588 -0.00491454 -0.210466 0.0
MAT 0.0213184 0.634715 0.0449364 1.0
VERTEX = 9
0.0988381 0.591625 0.0197383
0.108498 0.593522 0.0214971
0.10804 0.588084 0.0298766
0.0983807 0.586186 0.0281178
0.101706 0.594119 0.0268837
0.102672 0.594308 0.0270596
0.102626 0.593764 0.0278975
0.10166 0.593575 0.0277216
0.102166 0.593942 0.0273906
INDEX = 14
4 5 7
6 7 5
1 2 5
6 5 2
0 1 4
5 4 1
7 6 3
2 3 6
4 7 0
3 0 7
8 1 0
8 2 1
8 3 2
8 0 3
FACE-NORMAL = 14
0.254652 -0.817462 -0.516631
0.254652 -0.817462 -0.516631
-0.547632 -0.687896 -0.476339
-0.547632 -0.687896 -0.476339
0.136353 -0.951078 0.277235
0.136353 -0.951078 0.277235
0.204353 -0.14263 -0.968451
0.204353 -0.14263 -0.968451
0.888338 -0.405811 -0.214877
0.888338 -0.405811 -0.214877
-0.147722 0.962578 -0.227207
0.502964 0.712209 0.489679
-0.21241 0.193489 0.957833
-0.863096 0.443858 0.240947
BONE = 3
BONE_NAME = Bone13
PARENT_ID = 2
LOCALTM 
MAT 0.814939 0.452826 0.361696 0.0
MAT -0.546261 0.808641 0.218405 0.0
MAT -0.193582 -0.375567 0.906353 0.0
MAT 0.0403661 0.000204399 0.0829288 1.0
WORLDTM 
MAT 0.254652 -0.817463 -0.516632 0.0
MAT 0.045742 0.543828 -0.837951 0.0
MAT 0.96595 0.189753 0.17588 0.0
MAT 0.102166 0.593942 0.0273906 1.0
VERTEX = 9
0.180063 0.324179 -0.137434
0.189689 0.326182 -0.13561
0.187021 0.33436 -0.13051
0.177395 0.332357 -0.132334
0.183429 0.331459 -0.138521
0.184391 0.331659 -0.138339
0.184125 0.332477 -0.137829
0.183162 0.332276 -0.138011
0.183777 0.331968 -0.138175
INDEX = 14
4 5 7
6 7 5
1 2 5
6 5 2
0 1 4
5 4 1
7 6 3
2 3 6
4 7 0
3 0 7
8 1 0
8 2 1
8 3 2
8 0 3
FACE-NORMAL = 14
-0.0470059 -0.539602 0.840607
-0.0470059 -0.539602 0.840607
-0.746942 -0.509862 0.426752
-0.746942 -0.509862 0.426752
-0.229762 0.246851 0.941421
-0.229762 0.246851 0.941421
0.166872 -0.9688 0.183252
0.166872 -0.9688 0.183252
0.684051 -0.212087 0.697921
0.684051 -0.212087 0.697921
0.2219 -0.196677 -0.955028
0.713901 0.523195 -0.465416
-0.155424 0.959789 -0.23377
-0.647424 0.239917 -0.723382
BONE = 4
BONE_NAME = Bone20
PARENT_ID = 3
LOCALTM 
MAT -0.00514904 -0.999988 4.825e-005 0.0
MAT 0.999905 -0.00514942 0.0128541 0.0
MAT -0.0128542 0.000114664 0.999916 0.0
MAT 0.320472 0.0 2.01166e-006 1.0
WORLDTM 
MAT -0.0470061 -0.539603 0.840609 0.0
MAT 0.266808 -0.817746 -0.510007 0.0
MAT 0.962601 0.200307 0.18241 0.0
MAT 0.183777 0.331968 -0.138175 1.0
VERTEX = 9
0.17216 0.235315 0.00185261
0.181786 0.237318 0.00367669
0.181562 0.231198 0.0115819
0.171936 0.229195 0.00975784
0.175041 0.237288 0.009154
0.176003 0.237488 0.00933641
0.175981 0.236876 0.0101269
0.175018 0.236676 0.00994453
0.175511 0.237082 0.00964047
INDEX = 14
4 5 7
6 7 5
1 2 5
6 5 2
0 1 4
5 4 1
7 6 3
2 3 6
4 7 0
3 0 7
8 1 0
8 2 1
8 3 2
8 0 3
FACE-NORMAL = 14
0.269986 -0.765053 -0.584639
0.269986 -0.765053 -0.584639
-0.534886 -0.660681 -0.526686
-0.534885 -0.660681 -0.526686
0.163929 -0.966706 0.196487
0.163929 -0.966706 0.196487
0.197293 -0.0568801 -0.978693
0.197292 -0.0568799 -0.978693
0.896108 -0.362906 -0.255519
0.896108 -0.362905 -0.255519
-0.175039 0.973739 -0.145581
0.489754 0.682613 0.542385
-0.206778 0.108208 0.972386
-0.871572 0.399335 0.284419
BONE = 5
BONE_NAME = Bone21
PARENT_ID = 4
LOCALTM 
MAT -0.0913193 0.995824 -1.3411e-007 0.0
MAT -0.995822 -0.0913203 -2.11596e-006 0.0
MAT -1.15484e-006 1.19209e-007 0.999997 0.0
MAT 0.175843 0.0 0.0 1.0
WORLDTM 
MAT 0.269987 -0.765055 -0.584641 0.0
MAT 0.0224426 0.612025 -0.790523 0.0
MAT 0.962598 0.200307 0.182409 0.0
MAT 0.175511 0.237082 0.00964047 1.0
VERTEX = 9
0.202488 0.242288 0.0131565
0.202009 0.239197 0.0226545
0.203047 0.229724 0.0196234
0.203526 0.232815 0.0101254
0.197772 0.236214 0.0156794
0.197724 0.235905 0.0166292
0.197828 0.234958 0.0163261
0.197876 0.235267 0.0153763
0.1978 0.235586 0.0160028
INDEX = 14
4 5 7
6 7 5
1 2 5
6 5 2
0 1 4
5 4 1
7 6 3
2 3 6
4 7 0
3 0 7
8 1 0
8 2 1
8 3 2
8 0 3
FACE-NORMAL = 14
0.993449 0.0840377 0.0774368
0.993449 0.0840377 0.0774368
0.700171 0.286014 -0.654184
0.700171 0.286014 -0.654184
0.741706 -0.647897 -0.173497
0.741706 -0.647897 -0.173497
0.587459 0.760333 0.277101
0.587459 0.760333 0.277101
0.628994 -0.173577 0.757785
0.628994 -0.173577 0.757785
-0.775843 0.610412 0.159574
-0.736331 -0.278032 0.616859
-0.629106 -0.729259 -0.269086
-0.668619 0.159184 -0.726367
BONE = 6
BONE_NAME = Unit_Protoss_Zealot_Leg_Lower_04
PARENT_ID = 5
LOCALTM 
MAT 0.158652 0.0125153 0.987263 0.0
MAT -0.929947 0.337819 0.145162 0.0
MAT -0.331695 -0.941121 0.0652376 0.0
MAT 0.00344281 -0.00544493 0.0223167 1.0
WORLDTM 
MAT 0.993452 0.084038 0.077437 0.0
MAT -0.103759 0.947292 0.303109 0.0
MAT -0.0478769 -0.309157 0.949801 0.0
MAT 0.1978 0.235586 0.0160028 1.0
VERTEX = 9
-0.0664497 0.592111 0.0582199
-0.0573971 0.588679 0.0557159
-0.0555255 0.58661 0.0653187
-0.0645781 0.590042 0.0678227
-0.0596267 0.594217 0.0620298
-0.0587215 0.593873 0.0617794
-0.0585343 0.593666 0.0627397
-0.0594396 0.59401 0.0629901
-0.0590805 0.593942 0.0623847
INDEX = 14
4 5 7
6 7 5
1 2 5
6 5 2
0 1 4
5 4 1
7 6 3
2 3 6
4 7 0
3 0 7
8 1 0
8 2 1
8 3 2
8 0 3
FACE-NORMAL = 14
-0.381418 -0.916172 -0.123082
-0.381418 -0.916172 -0.123082
-0.928028 -0.357762 0.103783
-0.928028 -0.357762 0.103783
-0.116038 -0.766695 0.631438
-0.116038 -0.766695 0.631438
-0.394273 -0.459079 -0.796113
-0.394273 -0.459078 -0.796113
0.417717 -0.868011 -0.268458
0.417717 -0.868011 -0.268458
0.137359 0.794151 -0.591993
0.909817 0.405128 -0.0900273
0.402048 0.501511 0.766057
-0.37041 0.890535 0.264091
BONE = 7
BONE_NAME = Bone13(mirrored)
PARENT_ID = 2
LOCALTM 
MAT 0.91753 0.202136 -0.342464 0.0
MAT -0.208655 0.977822 0.0181229 0.0
MAT 0.338531 0.0548284 0.939356 0.0
MAT 0.0411775 -6.71223e-005 -0.082069 1.0
WORLDTM 
MAT -0.381419 -0.916172 -0.123082 0.0
MAT -0.187163 0.206928 -0.960288 0.0
MAT 0.905256 -0.343234 -0.250399 0.0
MAT -0.0590805 0.593942 0.0623847 1.0
VERTEX = 9
-0.186883 0.296314 0.0282178
-0.17782 0.292911 0.0257113
-0.173982 0.30202 0.0272253
-0.183045 0.305423 0.0297318
-0.181962 0.300049 0.0229903
-0.181055 0.299708 0.0227397
-0.180671 0.300619 0.0228911
-0.181578 0.30096 0.0231417
-0.181317 0.300334 0.0229407
INDEX = 14
4 5 7
6 7 5
1 2 5
6 5 2
0 1 4
5 4 1
7 6 3
2 3 6
4 7 0
3 0 7
8 1 0
8 2 1
8 3 2
8 0 3
FACE-NORMAL = 14
0.176802 -0.233434 0.956164
0.176802 -0.233434 0.956164
-0.555372 0.0967698 0.825952
-0.555372 0.0967698 0.825952
0.403608 0.520898 0.752174
0.403608 0.520898 0.752174
-0.167059 -0.833217 0.527106
-0.16706 -0.833217 0.527106
0.791922 -0.409089 0.453327
0.791922 -0.409089 0.453327
-0.39646 -0.479032 -0.783165
0.515832 -0.0755523 -0.853352
0.146424 0.809158 -0.569054
-0.765869 0.405679 -0.498868
BONE = 8
BONE_NAME = Bone20(mirrored)
PARENT_ID = 7
LOCALTM 
MAT 0.0287439 -0.999588 0.000751369 0.0
MAT 0.999583 0.0287469 0.00305098 0.0
MAT -0.00307137 0.000664622 0.999993 0.0
MAT 0.320473 0.0 -1.90735e-006 1.0
WORLDTM 
MAT 0.176803 -0.233435 0.956166 0.0
MAT -0.383878 -0.910889 -0.1514 0.0
MAT 0.906297 -0.340281 -0.250658 0.0
MAT -0.181317 0.300334 0.0229407 1.0
VERTEX = 9
-0.157413 0.258329 0.186339
-0.14835 0.254926 0.183833
-0.147068 0.25149 0.193136
-0.156131 0.254893 0.195642
-0.150744 0.259628 0.190736
-0.149838 0.259288 0.190486
-0.14971 0.258944 0.191416
-0.150616 0.259284 0.191667
-0.150227 0.259286 0.191076
INDEX = 14
4 5 7
6 7 5
1 2 5
6 5 2
0 1 4
5 4 1
7 6 3
2 3 6
4 7 0
3 0 7
8 1 0
8 2 1
8 3 2
8 0 3
FACE-NORMAL = 14
-0.402694 -0.875293 -0.267768
-0.402694 -0.875293 -0.267768
-0.943039 -0.332606 0.00716161
-0.943039 -0.332606 0.00716155
-0.174059 -0.840941 0.512368
-0.174059 -0.840941 0.512368
-0.364718 -0.330138 -0.870626
-0.364718 -0.330138 -0.870626
0.404264 -0.838475 -0.365417
0.404264 -0.838475 -0.365417
0.19406 0.861892 -0.46849
0.925602 0.378305 0.0121211
0.375436 0.375958 0.847174
-0.356108 0.859546 0.366561
BONE = 9
BONE_NAME = Bone21(mirrored)
PARENT_ID = 8
LOCALTM 
MAT -0.122904 0.992424 2.71201e-006 0.0
MAT -0.992418 -0.122908 3.16277e-005 0.0
MAT 3.32296e-005 -1.81794e-006 0.999995 0.0
MAT 0.175843 0.0 0.0 1.0
WORLDTM 
MAT -0.402697 -0.875299 -0.26777 0.0
MAT -0.128252 0.34361 -0.930316 0.0
MAT 0.906298 -0.340285 -0.250624 0.0
MAT -0.150227 0.259286 0.191076 1.0
VERTEX = 9
0.0289116 0.626142 0.0533678
0.0192474 0.626358 0.055928
0.0217988 0.625991 0.0655901
0.0314631 0.625775 0.0630298
0.0255595 0.621079 0.058718
0.024593 0.6211 0.058974
0.0248482 0.621063 0.0599402
0.0258146 0.621042 0.0596842
0.0252038 0.621071 0.0593291
INDEX = 14
4 5 7
6 7 5
1 2 5
6 5 2
0 1 4
5 4 1
7 6 3
2 3 6
4 7 0
3 0 7
8 1 0
8 2 1
8 3 2
8 0 3
FACE-NORMAL = 14
0.0302767 0.999092 0.029965
0.0302767 0.999092 0.029965
0.738595 0.652296 -0.170256
0.738595 0.652296 -0.170256
0.209901 0.641071 0.738221
0.209901 0.641071 0.738221
-0.169393 0.695644 -0.698129
-0.169393 0.695644 -0.69813
-0.698087 0.684419 0.210347
-0.698087 0.684419 0.210347
-0.201823 -0.680507 -0.704399
-0.704777 -0.691186 0.159848
0.159006 -0.732423 0.662022
0.66196 -0.721744 -0.202225
BONE = 10
BONE_NAME = Lower Chest
PARENT_ID = 1
LOCALTM 
MAT 0.0153054 -0.0235217 0.658189 0.0
MAT -0.0292653 0.657692 0.0241845 0.0
MAT -0.657958 -0.0298006 0.0142351 0.0
MAT 4.50294e-005 0.00301552 -0.00574052 1.0
WORLDTM 
MAT 0.0302767 0.999093 0.029965 0.0
MAT -0.255145 0.0367106 -0.966207 0.0
MAT -0.966429 0.0216081 0.256024 0.0
MAT 0.0252038 0.621071 0.0593291 1.0
VERTEX = 9
0.0342348 0.769943 0.0584604
0.0244301 0.770083 0.0604217
0.0263857 0.769742 0.0702227
0.0361905 0.769603 0.0682615
0.0306009 0.764856 0.0636003
0.0296205 0.76487 0.0637965
0.029816 0.764836 0.0647766
0.0307965 0.764822 0.0645804
0.0302085 0.764846 0.0641885
INDEX = 14
4 5 7
6 7 5
1 2 5
6 5 2
0 1 4
5 4 1
7 6 3
2 3 6
4 7 0
3 0 7
8 1 0
8 2 1
8 3 2
8 0 3
FACE-NORMAL = 14
0.0203616 0.999324 0.030625
0.0203616 0.999324 0.030625
0.742405 0.658131 -0.125293
0.742405 0.658131 -0.125293
0.158985 0.643225 0.74899
0.158985 0.643225 0.74899
-0.131742 0.6938 -0.708016
-0.131742 0.693799 -0.708016
-0.715163 0.678894 0.166267
-0.715163 0.678894 0.166267
-0.152684 -0.682572 -0.714691
-0.707701 -0.696752 0.117028
0.123889 -0.730685 0.67138
0.678906 -0.716505 -0.160338
BONE = 11
BONE_NAME = UpperChest
PARENT_ID = 10
LOCALTM 
MAT 0.999951 0.00190063 0.00975617 0.0
MAT -0.00130017 0.998125 -0.0611932 0.0
MAT -0.00985469 0.0611775 0.998078 0.0
MAT 0.143942 -0.000693958 -0.000485812 1.0
WORLDTM 
MAT 0.0203616 0.999324 0.030625 0.0
MAT -0.195567 0.0340205 -0.980101 0.0
MAT -0.980479 0.0139667 0.196127 0.0
MAT 0.0302085 0.764846 0.0641885 1.0
VERTEX = 9
0.0435212 0.899067 0.0661967
0.0431501 0.909053 0.0665646
0.0440096 0.908718 0.076522
0.0443807 0.898732 0.0761541
0.038763 0.903209 0.071266
0.0387258 0.904208 0.0713028
0.0388118 0.904174 0.0722986
0.0388489 0.903176 0.0722618
0.0387874 0.903692 0.0717823
INDEX = 14
4 5 7
6 7 5
1 2 5
6 5 2
0 1 4
5 4 1
7 6 3
2 3 6
4 7 0
3 0 7
8 1 0
8 2 1
8 3 2
8 0 3
FACE-NORMAL = 14
0.995608 0.0401181 -0.0845885
0.995608 0.0401181 -0.0845885
0.693614 -0.715441 -0.0839305
0.693614 -0.715441 -0.0839305
0.729912 0.00194726 0.683538
0.729912 0.00194727 0.683538
0.602141 0.0517279 -0.796712
0.602141 0.0517279 -0.796712
0.638439 0.769116 -0.0292429
0.638439 0.769116 -0.0292429
-0.764776 -0.00468923 -0.644279
-0.730245 0.677773 0.0858257
-0.643226 -0.0520463 0.763906
-0.677757 -0.734509 0.0338005
BONE = 12
BONE_NAME = Bone01
PARENT_ID = 11
LOCALTM 
MAT 0.0577721 -0.110437 -0.992203 0.0
MAT 0.00121943 0.993871 -0.110552 0.0
MAT 0.998328 0.00517732 0.0575539 0.0
MAT 0.139159 -0.00439686 -0.00498279 1.0
WORLDTM 
MAT 0.995608 0.0401181 -0.0845886 0.0
MAT -0.08595 0.0334866 -0.995739 0.0
MAT -0.0371153 0.998633 0.0367873 0.0
MAT 0.0387874 0.903692 0.0717823 1.0
VERTEX = 9
0.23536 0.903385 0.0530211
0.244239 0.907063 0.0557855
0.239813 0.912248 0.0631014
0.230934 0.908571 0.060337
0.236736 0.911233 0.0544413
0.237624 0.911601 0.0547177
0.237181 0.91212 0.0554493
0.236293 0.911752 0.0551729
0.236958 0.911676 0.0549453
INDEX = 14
4 5 7
6 7 5
1 2 5
6 5 2
0 1 4
5 4 1
7 6 3
2 3 6
4 7 0
3 0 7
8 1 0
8 2 1
8 3 2
8 0 3
FACE-NORMAL = 14
0.125666 -0.771914 0.623183
0.125666 -0.771914 0.623183
-0.575903 -0.789709 0.211411
-0.575903 -0.789709 0.211411
-0.244875 -0.130925 0.960674
-0.244875 -0.130925 0.960674
0.413008 -0.901843 -0.126901
0.413008 -0.901843 -0.126901
0.744034 -0.243057 0.622363
0.744034 -0.243057 0.622363
0.224067 0.179133 -0.957969
0.538979 0.805845 -0.245184
-0.401787 0.912519 0.0766569
-0.716697 0.285807 -0.636129
BONE = 13
BONE_NAME = Bone02
PARENT_ID = 12
LOCALTM 
MAT 0.0414308 -0.657174 -0.752599 0.0
MAT 0.481683 0.673072 -0.561213 0.0
MAT 0.875364 -0.33926 0.344435 0.0
MAT 0.199045 0.0 -8.34465e-007 1.0
WORLDTM 
MAT 0.125666 -0.771914 0.623183 0.0
MAT 0.442547 -0.518583 -0.731594 0.0
MAT 0.887896 0.367721 0.276439 0.0
MAT 0.236958 0.911676 0.0549453 1.0
VERTEX = 9
0.26507 0.731517 0.191885
0.273897 0.732594 0.196461
0.271674 0.724972 0.202541
0.262848 0.723895 0.197965
0.265971 0.731763 0.199925
0.266854 0.731871 0.200382
0.266631 0.731109 0.20099
0.265749 0.731001 0.200533
0.266301 0.731436 0.200457
INDEX = 14
4 5 7
6 7 5
1 2 5
6 5 2
0 1 4
5 4 1
7 6 3
2 3 6
4 7 0
3 0 7
8 1 0
8 2 1
8 3 2
8 0 3
FACE-NORMAL = 14
0.414247 -0.638274 -0.64885
0.414247 -0.638274 -0.64885
-0.378928 -0.507002 -0.774185
-0.378928 -0.507002 -0.774185
0.111943 -0.993555 0.0178294
0.111943 -0.993555 0.0178293
0.442289 0.139587 -0.885943
0.442289 0.139588 -0.885943
0.933163 -0.346963 -0.0939293
0.933163 -0.346963 -0.0939292
-0.135785 0.990316 0.0289193
0.331189 0.527451 0.782374
-0.450048 -0.0876589 0.888692
-0.917024 0.375204 0.135237
BONE = 14
BONE_NAME = Bone03
PARENT_ID = 13
LOCALTM 
MAT 0.1404 0.989013 -0.0462671 0.0
MAT -0.939328 0.147827 0.309541 0.0
MAT 0.312977 -2.28733e-006 0.949757 0.0
MAT 0.233498 0.0 0.0 1.0
WORLDTM 
MAT 0.414248 -0.638276 -0.648851 0.0
MAT 0.222219 0.762245 -0.607954 0.0
MAT 0.882615 0.107656 0.457594 0.0
MAT 0.266301 0.731436 0.200457 1.0
VERTEX = 9
0.348226 0.596198 0.0568451
0.358198 0.596281 0.0561003
0.358813 0.589705 0.0636095
0.348841 0.589623 0.0643542
0.353205 0.597044 0.06317
0.354202 0.597052 0.0630956
0.354263 0.596394 0.0638465
0.353266 0.596386 0.063921
0.353734 0.596719 0.0635083
INDEX = 14
4 5 7
6 7 5
1 2 5
6 5 2
0 1 4
5 4 1
7 6 3
2 3 6
4 7 0
3 0 7
8 1 0
8 2 1
8 3 2
8 0 3
FACE-NORMAL = 14
-0.0428109 -0.753382 -0.656188
-0.0428109 -0.753382 -0.656188
-0.769841 -0.510087 -0.383611
-0.76984 -0.510087 -0.383611
0.0170677 -0.992725 0.119185
0.0170677 -0.992725 0.119184
-0.0743454 -0.0152484 -0.997116
-0.0743454 -0.0152483 -0.997116
0.712569 -0.497885 -0.494324
0.712569 -0.497885 -0.494324
-0.0132095 0.997667 -0.0669824
0.735388 0.538525 0.411334
0.0737531 0.0677779 0.994971
-0.674851 0.526918 0.516657
BONE = 15
BONE_NAME = Bone04
PARENT_ID = 14
LOCALTM 
MAT 0.8889 -0.184846 -0.419163 0.0
MAT 0.0420713 0.944052 -0.327103 0.0
MAT 0.456159 0.273125 0.846941 0.0
MAT 0.211064 0.0 0.0 1.0
WORLDTM 
MAT -0.0428112 -0.753387 -0.656193 0.0
MAT -0.0614921 0.657531 -0.750918 0.0
MAT 0.997179 0.00821091 -0.0744712 0.0
MAT 0.353734 0.596719 0.0635083 1.0
VERTEX = 9
0.406116 0.523578 -0.0198878
0.40407 0.511397 -0.0103279
0.402777 0.521141 0.00181074
0.404824 0.533322 -0.00774915
0.412329 0.522082 -0.00898079
0.412124 0.520864 -0.0080248
0.411995 0.521838 -0.00681094
0.4122 0.523056 -0.00776693
0.412162 0.52196 -0.00789586
INDEX = 14
4 5 7
6 7 5
1 2 5
6 5 2
0 1 4
5 4 1
7 6 3
2 3 6
4 7 0
3 0 7
8 1 0
8 2 1
8 3 2
8 0 3
FACE-NORMAL = 14
-0.987912 0.0511927 -0.146316
-0.987912 0.0511927 -0.146316
-0.563479 0.613912 -0.552815
-0.563479 0.613911 -0.552815
-0.7224 0.497943 0.479783
-0.7224 0.497943 0.479782
-0.599359 -0.429444 -0.675535
-0.599358 -0.429444 -0.675535
-0.758282 -0.545443 0.357072
-0.758282 -0.545443 0.357072
0.757086 -0.477321 -0.446078
0.6059 -0.587643 0.536247
0.640034 0.404917 0.652992
0.791222 0.515268 -0.329342
BONE = 16
BONE_NAME = Star2Part_Fire_Blades01
PARENT_ID = 15
LOCALTM 
MAT 0.155764 0.319069 -1.52103 0.0
MAT 1.52506 0.262868 0.211316 0.0
MAT 0.299142 -1.50621 -0.285262 0.0
MAT 0.100675 0.000868976 0.0629691 1.0
WORLDTM 
MAT -1.54303 0.0799584 -0.228533 0.0
MAT 0.129266 -0.974382 -1.21386 0.0
MAT -0.204644 -1.21809 0.955989 0.0
MAT 0.412162 0.52196 -0.00789586 1.0
VERTEX = 9
0.371159 0.628146 0.0151623
0.372839 0.632489 0.00835809
0.3722 0.639489 0.0126682
0.37052 0.635146 0.0194723
0.367604 0.633426 0.0131584
0.367772 0.63386 0.012478
0.367708 0.63456 0.012909
0.36754 0.634126 0.0135894
0.367656 0.633993 0.0130337
INDEX = 14
4 5 7
6 7 5
1 2 5
6 5 2
0 1 4
5 4 1
7 6 3
2 3 6
4 7 0
3 0 7
8 1 0
8 2 1
8 3 2
8 0 3
FACE-NORMAL = 14
0.97594 -0.0426414 0.213827
0.97594 -0.0426414 0.213827
0.501391 -0.420028 0.756428
0.501391 -0.420028 0.756428
0.595315 0.602503 0.531592
0.595315 0.602503 0.531592
0.710425 -0.659561 -0.245511
0.710425 -0.659561 -0.245511
0.804355 0.362994 -0.47037
0.804355 0.362994 -0.47037
-0.635341 -0.570154 -0.520831
-0.545989 0.402594 -0.734721
-0.744847 0.630466 0.218438
-0.834206 -0.342307 0.43235
BONE = 17
BONE_NAME = Ref_Weapon Left
PARENT_ID = 15
LOCALTM 
MAT -0.123639 -0.204986 0.788994 0.0
MAT 0.807436 -0.140536 0.0900184 0.0
MAT 0.112105 0.786156 0.221783 0.0
MAT 0.00444287 0.0615547 0.0179483 1.0
WORLDTM 
MAT 0.804667 -0.035158 0.176301 0.0
MAT 0.0638391 -0.69998 -0.431007 0.0
MAT 0.168015 0.434285 -0.680418 0.0
MAT 0.367656 0.633993 0.0130337 1.0
VERTEX = 9
0.414011 0.521541 -0.0206365
0.41442 0.512287 -0.0244024
0.41657 0.516049 -0.0334148
0.416161 0.525304 -0.0296488
0.410284 0.51929 -0.0274588
0.410325 0.518365 -0.0278354
0.41054 0.518741 -0.0287366
0.410499 0.519666 -0.02836
0.410412 0.519015 -0.0280977
INDEX = 14
4 5 7
6 7 5
1 2 5
6 5 2
0 1 4
5 4 1
7 6 3
2 3 6
4 7 0
3 0 7
8 1 0
8 2 1
8 3 2
8 0 3
FACE-NORMAL = 14
0.975749 -0.0440344 0.214415
0.975749 -0.0440344 0.214415
0.622297 0.658424 0.423348
0.622297 0.658424 0.423348
0.812561 0.2502 -0.526445
0.812561 0.2502 -0.526445
0.492925 -0.309112 0.813311
0.492925 -0.309112 0.813311
0.683189 -0.717373 -0.136489
0.683188 -0.717373 -0.13649
-0.841998 -0.234906 0.485654
-0.660994 -0.623255 -0.417899
-0.537922 0.297177 -0.788876
-0.718925 0.685562 0.114683
BONE = 18
BONE_NAME = Star2Ribbon03
PARENT_ID = 15
LOCALTM 
MAT -0.149284 -0.249963 0.956686 0.0
MAT -0.298718 -0.910913 -0.284614 0.0
MAT 0.942593 -0.328252 0.0612802 0.0
MAT 0.116224 0.0142102 0.062704 1.0
WORLDTM 
MAT 0.975749 -0.0440344 0.214415 0.0
MAT -0.215009 -0.37624 0.901233 0.0
MAT 0.0409388 -0.925469 -0.376596 0.0
MAT 0.410412 0.519015 -0.0280977 1.0
VERTEX = 9
0.0277264 0.989948 0.0158764
0.0279437 0.98821 0.00603101
0.0179538 0.988562 0.00574844
0.0177366 0.9903 0.0155938
0.023131 0.984404 0.0121832
0.0231527 0.98423 0.0111986
0.0221537 0.984265 0.0111704
0.022132 0.984439 0.0121549
0.0226423 0.984334 0.0116768
INDEX = 14
4 5 7
6 7 5
1 2 5
6 5 2
0 1 4
5 4 1
7 6 3
2 3 6
4 7 0
3 0 7
8 1 0
8 2 1
8 3 2
8 0 3
FACE-NORMAL = 14
0.0395576 0.984151 -0.172866
0.0395576 0.984151 -0.172866
0.0103146 0.787553 0.616161
0.0103146 0.787553 0.616161
-0.716074 0.684519 -0.136644
-0.716074 0.684519 -0.136644
0.768999 0.632205 -0.0946383
0.768999 0.632205 -0.0946383
0.0426107 0.529171 -0.847444
0.0426107 0.529171 -0.847444
0.678415 -0.720783 0.142215
-0.0126095 -0.818801 -0.57394
-0.734358 -0.671016 0.102254
-0.0433333 -0.572999 0.81841
BONE = 19
BONE_NAME = BoneHead
PARENT_ID = 11
LOCALTM 
MAT 0.978997 0.195171 -0.0589434 0.0
MAT -0.013961 -0.224259 -0.97443 0.0
MAT -0.2034 0.954784 -0.216824 0.0
MAT 0.217578 0.0604134 0.000185105 1.0
WORLDTM 
MAT 0.0395576 0.984151 -0.172866 0.0
MAT 0.998982 -0.0351905 0.0282568 0.0
MAT 0.021725 -0.173809 -0.98454 0.0
MAT 0.0226423 0.984334 0.0116768 1.0
VERTEX = 9
0.0201169 1.08282 0.130822
0.0203979 1.09269 0.132411
0.0207327 1.09427 0.122542
0.0204517 1.0844 0.120953
0.0253892 1.08781 0.127239
0.0254173 1.08879 0.127398
0.0254508 1.08895 0.126411
0.0254227 1.08797 0.126252
0.02542 1.08838 0.126825
INDEX = 14
4 5 7
6 7 5
1 2 5
6 5 2
0 1 4
5 4 1
7 6 3
2 3 6
4 7 0
3 0 7
8 1 0
8 2 1
8 3 2
8 0 3
FACE-NORMAL = 14
-0.999044 0.0330511 -0.0286004
-0.999044 0.0330511 -0.0286004
-0.689213 -0.711442 -0.137245
-0.689213 -0.711442 -0.137245
-0.643442 0.139512 -0.752674
-0.643442 0.139512 -0.752674
-0.693209 -0.095292 0.714409
-0.693209 -0.095292 0.71441
-0.647438 0.755663 0.0989797
-0.647438 0.755663 0.0989797
0.682759 -0.135057 0.718053
0.726301 0.674468 0.132585
0.730103 0.0883157 -0.677606
0.686561 -0.721211 -0.0921385
BONE = 20
BONE_NAME = Star2Ribbon01
PARENT_ID = 19
LOCALTM 
MAT -0.00204859 -0.999997 0.000708756 0.0
MAT -0.327368 9.11765e-007 -0.944896 0.0
MAT 0.944894 -0.00216605 -0.327367 0.0
MAT 0.0826003 0.00236711 -0.131392 1.0
WORLDTM 
MAT -0.999045 0.0330511 -0.0286004 0.0
MAT -0.0334768 -0.157948 0.986879 0.0
MAT 0.0281019 0.986895 0.158904 0.0
MAT 0.02542 1.08838 0.126825 1.0
VERTEX = 9
0.0256322 1.09068 0.00964836
0.0250151 1.09027 0.0178605
0.0248727 1.08204 0.0174482
0.0254898 1.08244 0.00923603
0.0211801 1.08688 0.0128536
0.0211184 1.08684 0.0136749
0.0211041 1.08601 0.0136336
0.0211658 1.08605 0.0128124
0.0211421 1.08644 0.0132436
INDEX = 14
4 5 7
6 7 5
1 2 5
6 5 2
0 1 4
5 4 1
7 6 3
2 3 6
4 7 0
3 0 7
8 1 0
8 2 1
8 3 2
8 0 3
FACE-NORMAL = 14
0.997046 -0.0209394 0.0738986
0.997046 -0.0209394 0.0738986
0.722619 0.0221063 -0.690893
0.722619 0.0221063 -0.690893
0.654155 -0.756261 0.0122638
0.654155 -0.756261 0.0122639
0.679822 0.728245 0.0866073
0.679822 0.728245 0.0866073
0.611359 -0.0501218 0.789765
0.611358 -0.0501218 0.789765
-0.692809 0.720923 -0.0168922
-0.75794 -0.0195494 0.652032
-0.717226 -0.69131 -0.0876162
-0.652096 0.0491623 -0.756541
BONE = 21
BONE_NAME = Ref_Head
PARENT_ID = 19
LOCALTM 
MAT 0.00499543 0.823561 -0.039127 0.0
MAT 0.803735 -0.0135882 -0.183391 0.0
MAT -0.183827 -0.0370314 -0.802897 0.0
MAT 0.100162 -0.00504775 -0.0193228 1.0
WORLDTM 
MAT 0.82207 -0.0172646 0.0609298 0.0
MAT 0.0142353 0.82335 0.041233 0.0
MAT -0.0617083 -0.0400598 0.821215 0.0
MAT 0.0211421 1.08644 0.0132436 1.0
VERTEX = 9
0.0235318 0.909416 0.0699236
0.0227076 0.899452 0.0697421
0.0246633 0.899112 0.0795432
0.0254874 0.909076 0.0797246
0.0289271 0.904393 0.073264
0.0288447 0.903397 0.0732459
0.0290402 0.903363 0.074226
0.0291226 0.904359 0.0742441
0.0289836 0.903878 0.073745
INDEX = 14
4 5 7
6 7 5
1 2 5
6 5 2
0 1 4
5 4 1
7 6 3
2 3 6
4 7 0
3 0 7
8 1 0
8 2 1
8 3 2
8 0 3
FACE-NORMAL = 14
-0.977221 0.0772286 0.197673
-0.977221 0.0772286 0.197673
-0.592467 0.792306 0.145721
-0.592467 0.792305 0.145721
-0.508363 0.0263765 0.860739
-0.508363 0.0263765 0.860739
-0.79909 0.0769499 -0.596266
-0.79909 0.0769499 -0.596267
-0.714986 -0.68898 0.118752
-0.714986 -0.68898 0.118751
0.552713 -0.0305532 -0.832811
0.632723 -0.759193 -0.152604
0.829286 -0.0786645 0.55326
0.749277 0.649976 -0.126948
BONE = 22
BONE_NAME = Bone01(mirrored)
PARENT_ID = 11
LOCALTM 
MAT 0.0633328 -4.33298e-007 0.997993 0.0
MAT -6.78003e-007 1.0 -1.85421e-007 0.0
MAT -0.997991 -2.98023e-007 0.0633313 0.0
MAT 0.139205 -0.00439689 0.0050171 1.0
WORLDTM 
MAT -0.977221 0.0772286 0.197673 0.0
MAT -0.195567 0.0340199 -0.980102 0.0
MAT -0.0824156 -0.996432 -0.0181422 0.0
MAT 0.0289836 0.903878 0.073745 1.0
VERTEX = 9
-0.171523 0.916932 0.112318
-0.164635 0.914527 0.105479
-0.158246 0.912083 0.112774
-0.165134 0.914488 0.119612
-0.163835 0.919447 0.112596
-0.163146 0.919206 0.111912
-0.162507 0.918962 0.112642
-0.163196 0.919202 0.113326
-0.163171 0.919204 0.112619
INDEX = 14
4 5 7
6 7 5
1 2 5
6 5 2
0 1 4
5 4 1
7 6 3
2 3 6
4 7 0
3 0 7
8 1 0
8 2 1
8 3 2
8 0 3
FACE-NORMAL = 14
-0.342602 -0.939366 -0.0146825
-0.342602 -0.939366 -0.0146825
-0.741181 -0.449617 0.498494
-0.74118 -0.449617 0.498494
0.245681 -0.81007 0.532379
0.245681 -0.81007 0.532379
-0.704058 -0.446736 -0.552023
-0.704058 -0.446736 -0.552023
0.282804 -0.807189 -0.518139
0.282804 -0.807189 -0.518139
-0.209495 0.837055 -0.505422
0.729322 0.49415 -0.473187
0.694006 0.49141 0.526186
-0.24481 0.834314 0.493951
BONE = 23
BONE_NAME = Bone02(mirrored)
PARENT_ID = 22
LOCALTM 
MAT 0.25935 0.0494342 0.964517 0.0
MAT 0.499002 0.848199 -0.177649 0.0
MAT -0.826882 0.527366 0.19531 0.0
MAT 0.196646 0.0 -0.000140309 1.0
WORLDTM 
MAT -0.342601 -0.939364 -0.0146825 0.0
MAT -0.638874 0.244408 -0.729459 0.0
MAT 0.688815 -0.240531 -0.683869 0.0
MAT -0.163171 0.919204 0.112619 1.0
VERTEX = 9
-0.251424 0.701721 0.10735
-0.243943 0.701483 0.100719
-0.240703 0.692893 0.104682
-0.248184 0.693131 0.111314
-0.243704 0.700306 0.109324
-0.242956 0.700282 0.108661
-0.242632 0.699423 0.109057
-0.24338 0.699446 0.109721
-0.243168 0.699864 0.109191
INDEX = 14
4 5 7
6 7 5
1 2 5
6 5 2
0 1 4
5 4 1
7 6 3
2 3 6
4 7 0
3 0 7
8 1 0
8 2 1
8 3 2
8 0 3
FACE-NORMAL = 14
-0.579127 -0.511397 -0.63489
-0.579127 -0.511397 -0.63489
-0.943461 -0.324388 0.0682143
-0.943461 -0.324388 0.0682142
-0.14658 -0.980607 -0.130094
-0.14658 -0.980607 -0.130094
-0.628251 0.296391 -0.719342
-0.628251 0.296391 -0.719342
0.168632 -0.359825 -0.917654
0.168633 -0.359825 -0.917654
0.180394 0.969027 0.168654
0.938479 0.344756 -0.0199999
0.638615 -0.2458 0.729214
-0.119472 0.378468 0.917872
BONE = 24
BONE_NAME = Bone03(mirrored)
PARENT_ID = 23
LOCALTM 
MAT 0.688121 0.70812 0.158277 0.0
MAT -0.690104 0.706092 -0.158736 0.0
MAT -0.224165 -8.29808e-007 0.974549 0.0
MAT 0.233499 0.0 0.0 1.0
WORLDTM 
MAT -0.579127 -0.511397 -0.634889 0.0
MAT -0.324013 0.859015 -0.396379 0.0
MAT 0.748084 -0.0238367 -0.663172 0.0
MAT -0.243168 0.699864 0.109191 1.0
VERTEX = 9
-0.371466 0.592826 -0.0309269
-0.361604 0.592611 -0.0325649
-0.360748 0.584794 -0.0263865
-0.370611 0.585009 -0.0247485
-0.365937 0.592328 -0.0250384
-0.36495 0.592307 -0.0252022
-0.364865 0.591525 -0.0245844
-0.365851 0.591547 -0.0244206
-0.365401 0.591927 -0.0248114
INDEX = 14
4 5 7
6 7 5
1 2 5
6 5 2
0 1 4
5 4 1
7 6 3
2 3 6
4 7 0
3 0 7
8 1 0
8 2 1
8 3 2
8 0 3
FACE-NORMAL = 14
-0.141334 -0.623357 -0.769058
-0.141334 -0.623357 -0.769058
-0.827624 -0.401007 -0.392723
-0.827624 -0.401007 -0.392724
-0.030959 -0.997993 -0.0552387
-0.030959 -0.997993 -0.0552389
-0.158136 0.163983 -0.973706
-0.158136 0.163984 -0.973705
0.638537 -0.433001 -0.636224
0.638537 -0.433001 -0.636224
0.0394456 0.993484 0.10693
0.797325 0.425561 0.427984
0.160431 -0.111922 0.980681
-0.597456 0.455999 0.65963
BONE = 25
BONE_NAME = Bone04(mirrored)
PARENT_ID = 24
LOCALTM 
MAT 0.888899 -0.184842 0.419151 0.0
MAT 0.0420727 0.944055 0.327104 0.0
MAT -0.456168 -0.273119 0.846943 0.0
MAT 0.211064 1.19209e-007 1.78814e-007 1.0
WORLDTM 
MAT -0.141334 -0.623354 -0.769054 0.0
MAT -0.0855505 0.781645 -0.617841 0.0
MAT 0.986258 -0.021519 -0.163794 0.0
MAT -0.365401 0.591927 -0.0248114 1.0
VERTEX = 9
-0.450042 0.533253 -0.0990985
-0.445182 0.51953 -0.0934405
-0.440161 0.526653 -0.0804783
-0.445021 0.540376 -0.0861363
-0.438611 0.53139 -0.0940332
-0.438125 0.530018 -0.0934674
-0.437623 0.53073 -0.0921712
-0.438109 0.532102 -0.092737
-0.438117 0.53106 -0.0931022
INDEX = 14
4 5 7
6 7 5
1 2 5
6 5 2
0 1 4
5 4 1
7 6 3
2 3 6
4 7 0
3 0 7
8 1 0
8 2 1
8 3 2
8 0 3
FACE-NORMAL = 14
-0.894335 -0.141811 0.42433
-0.894335 -0.141811 0.42433
-0.829585 0.558189 0.0146026
-0.829585 0.558189 0.0146027
-0.359352 0.244101 0.900712
-0.359352 0.2441 0.900712
-0.837204 -0.433832 -0.332986
-0.837204 -0.433832 -0.332986
-0.366971 -0.747923 0.553121
-0.366971 -0.747923 0.553121
0.405096 -0.222189 -0.886865
0.852436 -0.520986 -0.0438963
0.859683 0.422738 0.28677
0.412344 0.721538 -0.556197
BONE = 26
BONE_NAME = Star2Part_Fire_Blades02
PARENT_ID = 25
LOCALTM 
MAT -0.174223 -0.463096 -1.48146 0.0
MAT 1.51184 0.287044 -0.267517 0.0
MAT 0.351605 -1.46378 0.416242 0.0
MAT 0.100738 0.000837445 -0.0592209 1.0
WORLDTM 
MAT -1.39686 -0.221494 0.662761 0.0
MAT -0.502071 -0.712288 -1.29622 0.0
MAT 0.486055 -1.37229 0.565802 0.0
MAT -0.438117 0.53106 -0.0931022 1.0
VERTEX = 9
-0.422036 0.626495 -0.0628566
-0.424927 0.632122 -0.0681447
-0.423261 0.63809 -0.0627051
-0.42037 0.632463 -0.057417
-0.418817 0.632132 -0.0644031
-0.419107 0.632695 -0.0649319
-0.41894 0.633292 -0.064388
-0.418651 0.632729 -0.0638592
-0.418879 0.632712 -0.0643955
INDEX = 14
4 5 7
6 7 5
1 2 5
6 5 2
0 1 4
5 4 1
7 6 3
2 3 6
4 7 0
3 0 7
8 1 0
8 2 1
8 3 2
8 0 3
FACE-NORMAL = 14
-0.914456 -0.101772 0.39168
-0.914456 -0.101772 0.39168
-0.351108 -0.575318 0.738737
-0.351108 -0.575318 0.738737
-0.461571 0.469934 0.752406
-0.461571 0.469934 0.752406
-0.761906 -0.606095 -0.228362
-0.761905 -0.606095 -0.228362
-0.872374 0.439164 -0.214706
-0.872374 0.439164 -0.214706
0.503761 -0.439859 -0.743471
0.398676 0.554505 -0.730467
0.789474 0.583783 0.189548
0.894565 -0.410586 0.176557
BONE = 27
BONE_NAME = Ref_Weapon Right
PARENT_ID = 25
LOCALTM 
MAT -0.0894997 -0.200606 -0.7947 0.0
MAT 0.813906 -0.116153 -0.0623391 0.0
MAT 0.0968023 0.791244 -0.210624 0.0
MAT 0.0125763 0.0609105 -0.0471373 1.0
WORLDTM 
MAT -0.753968 -0.0839113 0.32294 0.0
MAT -0.166578 -0.5968 -0.543963 0.0
MAT -0.289103 0.562662 -0.52881 0.0
MAT -0.418879 0.632712 -0.0643955 1.0
VERTEX = 9
-0.444506 0.531639 -0.122568
-0.44592 0.523373 -0.128017
-0.449711 0.52891 -0.135431
-0.448297 0.537175 -0.129983
-0.45142 0.529902 -0.126398
-0.451562 0.529075 -0.126943
-0.451941 0.529629 -0.127685
-0.4518 0.530455 -0.12714
-0.451681 0.529765 -0.127041
INDEX = 14
4 5 7
6 7 5
1 2 5
6 5 2
0 1 4
5 4 1
7 6 3
2 3 6
4 7 0
3 0 7
8 1 0
8 2 1
8 3 2
8 0 3
FACE-NORMAL = 14
0.914459 0.101775 -0.391671
0.914459 0.101775 -0.391671
0.716825 0.682443 0.142945
0.716825 0.682443 0.142945
0.329903 0.479578 -0.813123
0.329903 0.479578 -0.813123
0.893582 -0.343414 0.2891
0.893582 -0.343414 0.2891
0.506654 -0.546291 -0.666984
0.506654 -0.546291 -0.666984
-0.378503 -0.463426 0.801232
-0.746588 -0.656414 -0.108291
-0.91474 0.319498 -0.247329
-0.54665 0.512498 0.662208
BONE = 28
BONE_NAME = Star2Ribbon04
PARENT_ID = 25
LOCALTM 
MAT 0.108541 0.243301 0.963854 0.0
MAT -0.278708 -0.923263 0.264436 0.0
MAT 0.954212 -0.297354 -0.0324093 0.0
MAT 0.129564 0.0219544 -0.067011 1.0
WORLDTM 
MAT 0.914453 0.101774 -0.391669 0.0
MAT 0.379179 -0.553621 0.741458 0.0
MAT -0.141387 -0.826539 -0.544815 0.0
MAT -0.451681 0.529765 -0.127041 1.0
VERTEX = 9
0.0310415 0.878797 0.0636849
0.0322953 0.878804 0.0718341
0.0322796 0.870559 0.0718438
0.0310257 0.870552 0.0636947
0.027524 0.875098 0.0679833
0.0276494 0.875099 0.0687983
0.0276479 0.874274 0.0687992
0.0275225 0.874274 0.0679843
0.027586 0.874686 0.0683913
INDEX = 14
4 5 7
6 7 5
1 2 5
6 5 2
0 1 4
5 4 1
7 6 3
2 3 6
4 7 0
3 0 7
8 1 0
8 2 1
8 3 2
8 0 3
FACE-NORMAL = 14
0.988367 -0.00206533 -0.152072
0.988367 -0.00206533 -0.152072
0.548147 -0.00203809 -0.836379
0.548147 -0.00203809 -0.836379
0.659765 -0.744674 -0.100849
0.659766 -0.744674 -0.100849
0.6626 0.741911 -0.102613
0.6626 0.741911 -0.102613
0.774219 -0.000725182 0.632918
0.774218 -0.000725181 0.632918
-0.697533 0.708565 0.106692
-0.591349 0.0020849 0.806413
-0.70023 -0.705645 0.10837
-0.806414 0.000835917 -0.591351
BONE = 29
BONE_NAME = Ref_HardPoint
PARENT_ID = 11
LOCALTM 
MAT 0.0110509 -0.0365386 -0.823621 0.0
MAT 0.823947 0.0287013 0.00978263 0.0
MAT 0.0282374 -0.823194 0.0368993 0.0
MAT 0.109841 0.000130501 0.00492977 1.0
WORLDTM 
MAT 0.814913 -0.00170287 -0.125384 0.0
MAT 0.00157219 0.824503 -0.000978202 0.0
MAT 0.125385 0.000728175 0.814915 0.0
MAT 0.027586 0.874686 0.0683913 1.0
VERTEX = 9
0.0246976 0.752128 0.072485
0.024593 0.752127 0.0788517
0.024593 0.739852 0.078851
0.0246976 0.739852 0.0724842
0.0198832 0.746603 0.0752714
0.0198727 0.746603 0.075908
0.0198727 0.745376 0.075908
0.0198832 0.745376 0.0752713
0.019878 0.74599 0.0755897
INDEX = 14
4 5 7
6 7 5
1 2 5
6 5 2
0 1 4
5 4 1
7 6 3
2 3 6
4 7 0
3 0 7
8 1 0
8 2 1
8 3 2
8 0 3
FACE-NORMAL = 14
0.999865 -5.01052e-007 0.0164247
0.999865 -5.01052e-007 0.0164247
0.681082 4.31406e-005 -0.732207
0.681083 4.31406e-005 -0.732207
0.668875 -0.743295 0.0109441
0.668875 -0.743295 0.0109441
0.668875 0.743293 0.0110309
0.668874 0.743294 0.0110309
0.656667 -4.3811e-005 0.754181
0.656666 -4.3811e-005 0.754181
-0.707012 0.707107 -0.0115727
-0.718625 -4.10049e-005 0.695398
-0.707011 -0.707106 -0.0116553
-0.695398 4.17135e-005 -0.718625
BONE = 30
BONE_NAME = Vol_Target
PARENT_ID = 11
LOCALTM 
MAT 0.0198929 -0.201818 -0.931786 0.0
MAT 1.22677 0.0416932 0.0171601 0.0
MAT 0.019248 -0.62196 0.135123 0.0
MAT -0.0187048 -0.00979553 0.0121016 1.0
WORLDTM 
MAT 0.953471 -4.77802e-007 0.0156625 0.0
MAT 0.0 1.2276 7.16979e-005 0.0
MAT -0.0104581 -3.72446e-005 0.636675 0.0
MAT 0.019878 0.74599 0.0755897 1.0
VERTEX = 9
0.0370213 -0.240858 -0.0442138
0.0391423 -0.241549 -0.0344658
0.0391471 -0.251524 -0.035174
0.0370261 -0.250833 -0.044922
0.0330916 -0.245735 -0.0390882
0.0333037 -0.245804 -0.0381134
0.0333042 -0.246802 -0.0381842
0.0330921 -0.246732 -0.039159
0.0331979 -0.246268 -0.0386362
INDEX = 14
4 5 7
6 7 5
1 2 5
6 5 2
0 1 4
5 4 1
7 6 3
2 3 6
4 7 0
3 0 7
8 1 0
8 2 1
8 3 2
8 0 3
FACE-NORMAL = 14
0.977247 0.015488 -0.211536
0.977247 0.015488 -0.211536
0.49609 0.0617255 -0.866074
0.49609 0.0617254 -0.866074
0.654101 -0.731067 -0.194148
0.654101 -0.731067 -0.194148
0.653388 0.751789 -0.0888726
0.653388 0.751789 -0.0888726
0.811398 -0.0410036 0.583054
0.811398 -0.0410036 0.583054
-0.691357 0.69438 0.199654
-0.54104 -0.0598155 0.838867
-0.690679 -0.716283 0.0995037
-0.840997 0.0379122 -0.53971
BONE = 31
BONE_NAME = HitTestFuzzy
PARENT_ID = 1
LOCALTM 
MAT 0.658708 -0.000352473 0.0102033 0.0
MAT -0.0102033 -0.0455248 0.657133 0.0
MAT 0.000353486 -0.657211 -0.0455248 0.0
MAT 0.0188792 0.0649687 -0.577132 1.0
WORLDTM 
MAT 0.977248 0.015488 -0.211536 0.0
MAT -0.000479724 0.99749 0.0708167 0.0
MAT 0.212102 -0.0691039 0.974801 0.0
MAT 0.0331979 -0.246268 -0.0386362 1.0
VERTEX = 9
0.0242199 0.720091 0.0110375
0.0210005 0.720058 -0.00379661
0.0209936 0.735237 -0.00382861
0.0242129 0.73527 0.0110055
0.015351 0.726906 0.00595739
0.015029 0.726903 0.00447398
0.0150283 0.728421 0.00447078
0.0153503 0.728424 0.00595419
0.0151897 0.727664 0.00521409
INDEX = 14
4 5 7
6 7 5
1 2 5
6 5 2
0 1 4
5 4 1
7 6 3
2 3 6
4 7 0
3 0 7
8 1 0
8 2 1
8 3 2
8 0 3
FACE-NORMAL = 14
0.977251 0.0 -0.212085
0.977251 0.0 -0.212085
0.811388 0.00160346 0.584506
0.811388 0.00160346 0.584506
0.653407 0.743292 -0.143445
0.653407 0.743292 -0.143445
0.654087 -0.743292 -0.140311
0.654087 -0.743292 -0.140311
0.496105 -0.00160347 -0.868261
0.496105 -0.00160347 -0.868261
-0.690697 -0.707105 0.151458
-0.840988 -0.00152539 -0.541052
-0.691344 0.707105 0.148476
-0.541054 0.0015254 0.840986
BONE = 32
BONE_NAME = Star2Force01
PARENT_ID = 1
LOCALTM 
MAT 1.0 9.23872e-007 0.0 0.0
MAT 0.0 -0.00215713 -0.999998 0.0
MAT -9.23852e-007 0.999997 -0.00215713 0.0
MAT 0.00115877 0.0392539 0.0644814 1.0
WORLDTM 
MAT 1.48341 0.0 -0.321933 0.0
MAT 0.000694474 -1.51794 0.00320008 0.0
MAT -0.321933 -0.00327456 -1.48341 0.0
MAT 0.0151897 0.727664 0.00521409 1.0
VERTEX = 9
0.0400644 -0.206787 0.0502829
0.0421853 -0.206787 0.0600554
0.0421853 -0.216787 0.0600554
0.0400644 -0.216787 0.0502829
0.0361326 -0.211287 0.055741
0.0363447 -0.211287 0.0567182
0.0363447 -0.212287 0.0567182
0.0361326 -0.212287 0.055741
0.0362386 -0.211787 0.0562296
INDEX = 14
4 5 7
6 7 5
1 2 5
6 5 2
0 1 4
5 4 1
7 6 3
2 3 6
4 7 0
3 0 7
8 1 0
8 2 1
8 3 2
8 0 3
FACE-NORMAL = 14
0.977251 0.0 -0.212085
0.977251 0.0 -0.212085
0.496105 0.0 -0.868263
0.496105 0.0 -0.868263
0.653747 -0.743294 -0.141878
0.653747 -0.743294 -0.141878
0.653747 0.743294 -0.141878
0.653747 0.743294 -0.141878
0.811388 0.0 0.584507
0.811388 0.0 0.584507
-0.691021 0.707107 0.149967
-0.541054 0.0 0.840988
-0.691021 -0.707107 0.149967
-0.840988 0.0 -0.541054
BONE = 33
BONE_NAME = HitTestTight
PARENT_ID = 1
LOCALTM 
MAT 0.658787 6.10948e-007 0.0 0.0
MAT 0.0 0.0 0.658787 0.0
MAT 6.10948e-007 -0.658786 0.0 0.0
MAT 0.00758228 0.00346929 -0.554416 1.0
WORLDTM 
MAT 0.977251 0.0 -0.212085 0.0
MAT 0.0 1.0 0.0 0.0
MAT 0.212085 0.0 0.977251 0.0
MAT 0.0362386 -0.211787 0.0562296 1.0
VERTEX = 9
0.235015 0.0766415 -0.11785
0.235015 0.0866415 -0.11785
0.233278 0.0866415 -0.108002
0.233278 0.0766415 -0.108002
0.229309 0.0811415 -0.114287
0.229309 0.0821415 -0.114287
0.229136 0.0821415 -0.113302
0.229136 0.0811415 -0.113302
0.229222 0.0816415 -0.113795
INDEX = 14
4 5 7
6 7 5
1 2 5
6 5 2
0 1 4
5 4 1
7 6 3
2 3 6
4 7 0
3 0 7
8 1 0
8 2 1
8 3 2
8 0 3
FACE-NORMAL = 14
0.984808 0.0 0.173648
0.984808 0.0 0.173648
0.658802 -0.743294 0.116165
0.658802 -0.743294 0.116165
0.52973 1.36778e-007 0.848166
0.52973 1.36778e-007 0.848166
0.787874 0.0 -0.615837
0.787873 0.0 -0.615837
0.658802 0.743294 0.116164
0.658802 0.743294 0.116164
-0.573576 -1.31915e-007 -0.819152
-0.696364 0.707107 -0.122788
-0.819152 0.0 0.573576
-0.696364 -0.707107 -0.122788
BONE = 34
BONE_NAME = Foot_Left
PARENT_ID = 0
LOCALTM 
MAT 0.648778 -0.114397 0.0 0.0
MAT 0.114397 0.648778 0.0 0.0
MAT 0.0 0.0 0.658787 0.0
MAT 0.151009 0.0749664 0.0537843 1.0
WORLDTM 
MAT 0.984808 0.0 0.173648 0.0
MAT 0.173648 -1.61154e-007 -0.984808 0.0
MAT 0.0 1.0 -1.63116e-007 0.0
MAT 0.229222 0.0816415 -0.113795 1.0
VERTEX = 9
0.23645 0.081189 -0.141652
0.246334 0.0817078 -0.140224
0.246266 0.0724673 -0.136402
0.236383 0.0719485 -0.13783
0.240108 0.0791578 -0.134724
0.241097 0.0792097 -0.134582
0.24109 0.0782857 -0.134199
