EXPORTER_V17
ANIMATION_EXPORT
BONEOBJECT_COUNT = 43
VERTEX = 9
0.00758971 -0.00758971 -0.00758971
0.00758971 0.00758971 -0.00758971
0.00758971 0.00758971 0.00758971
0.00758971 -0.00758971 0.00758971
0.0 -0.000758971 -0.000758971
0.0 0.000758971 -0.000758971
0.0 0.000758971 0.000758971
0.0 -0.000758971 0.000758971
0.0 0.0 0.0
INDEX = 14
4 5 7
6 7 5
1 2 5
6 5 2
0 1 4
5 4 1
7 6 3
2 3 6
4 7 0
3 0 7
8 1 0
8 2 1
8 3 2
8 0 3
FACE-NORMAL = 14
1.0 0.0 0.0
1.0 0.0 0.0
0.668965 -0.743294 0.0
0.668965 -0.743294 0.0
0.668965 0.0 0.743294
0.668965 0.0 0.743294
0.668965 0.0 -0.743294
0.668965 0.0 -0.743294
0.668965 0.743294 0.0
0.668965 0.743294 0.0
-0.707107 0.0 -0.707107
-0.707107 0.707107 0.0
-0.707107 0.0 0.707107
-0.707107 -0.707107 0.0
BONE = 0
BONE_NAME = Main
PARENT_ID = -1
LOCALTM 
MAT 1.51794 0.0 0.0 0.0
MAT 0.0 0.0 -1.51794 0.0
MAT 0.0 1.51794 0.0 0.0
MAT 0.0 0.0 0.0 1.0
WORLDTM 
MAT 1.51794 0.0 0.0 0.0
MAT 0.0 0.0 -1.51794 0.0
MAT 0.0 1.51794 0.0 0.0
MAT 0.0 0.0 0.0 1.0
VERTEX = 9
-0.00216717 0.601568 0.0788109
-0.00216717 0.616748 0.0788109
0.00115256 0.616748 0.0936229
0.00115256 0.601568 0.0936229
-0.00807927 0.608399 0.0871362
-0.00807927 0.609917 0.0871362
-0.0077473 0.609917 0.0886174
-0.0077473 0.608399 0.0886174
-0.00791329 0.609158 0.0878768
INDEX = 14
4 5 7
6 7 5
1 2 5
6 5 2
0 1 4
5 4 1
7 6 3
2 3 6
4 7 0
3 0 7
8 1 0
8 2 1
8 3 2
8 0 3
FACE-NORMAL = 14
0.975792 0.0 -0.218699
0.975792 0.0 -0.218699
0.652771 -0.743294 -0.146302
0.652771 -0.743294 -0.146302
0.815329 0.0 0.578999
0.815329 0.0 0.578998
0.490213 0.0 -0.871603
0.490213 0.0 -0.871603
0.652771 0.743294 -0.146302
0.652771 0.743294 -0.146302
-0.844633 0.0 -0.535345
-0.689989 0.707107 0.154644
-0.535345 0.0 0.844633
-0.689989 -0.707107 0.154644
BONE = 1
BONE_NAME = Root
PARENT_ID = 0
LOCALTM 
MAT 0.975793 0.218699 0.0 0.0
MAT -0.218699 0.975793 0.0 0.0
MAT 0.0 0.0 1.0 0.0
MAT -0.00521317 -0.0578921 0.401305 1.0
WORLDTM 
MAT 1.4812 0.0 -0.331973 0.0
MAT -0.331973 -1.59454e-007 -1.4812 0.0
MAT 0.0 1.51794 -1.58767e-007 0.0
MAT -0.00791329 0.609158 0.0878768 1.0
VERTEX = 9
-0.0188188 0.609104 0.0652474
-0.00905744 0.609055 0.0630766
-0.0068865 0.609072 0.0728381
-0.0166479 0.609121 0.0750089
-0.0134271 0.61409 0.0686497
-0.012451 0.614085 0.0684326
-0.0122339 0.614087 0.0694088
-0.01321 0.614091 0.0696258
-0.0128305 0.614088 0.0690292
INDEX = 14
4 5 7
6 7 5
1 2 5
6 5 2
0 1 4
5 4 1
7 6 3
2 3 6
4 7 0
3 0 7
8 1 0
8 2 1
8 3 2
8 0 3
FACE-NORMAL = 14
-0.00443429 -0.999987 0.00269937
-0.00443429 -0.999987 0.00269937
-0.728526 -0.665303 0.163163
-0.728526 -0.665303 0.163163
0.158398 -0.667713 0.727372
0.158398 -0.667713 0.727372
-0.164331 -0.670199 -0.72376
-0.164331 -0.670199 -0.72376
0.722593 -0.672609 -0.159551
0.722593 -0.672609 -0.159551
-0.150373 0.705915 -0.692151
0.693371 0.703622 -0.15541
0.156644 0.70828 0.688333
-0.6871 0.710572 0.151593
BONE = 2
BONE_NAME = Pelvis
PARENT_ID = 1
LOCALTM 
MAT -0.00323944 -0.00109631 -0.658778 0.0
MAT 0.00108339 0.658785 -0.00110165 0.0
MAT 0.658777 -0.00108878 -0.00323763 0.0
MAT -0.000445489 0.0128244 0.00324795 1.0
WORLDTM 
MAT -0.00443429 -0.999987 0.00269937 0.0
MAT -0.217094 -0.00167235 -0.97615 0.0
MAT 0.97614 -0.00491454 -0.217084 0.0
MAT -0.0128305 0.614088 0.0690292 1.0
VERTEX = 9
0.0645905 0.570904 0.0433035
0.0738962 0.574261 0.0447632
0.0747598 0.568373 0.0527999
0.0654541 0.565016 0.0513402
0.0673878 0.573441 0.0504613
0.0683184 0.573777 0.0506073
0.0684048 0.573188 0.051411
0.0674742 0.572852 0.051265
0.0678963 0.573315 0.0509362
INDEX = 14
4 5 7
6 7 5
1 2 5
6 5 2
0 1 4
5 4 1
7 6 3
2 3 6
4 7 0
3 0 7
8 1 0
8 2 1
8 3 2
8 0 3
FACE-NORMAL = 14
0.355773 -0.735268 -0.576894
0.355773 -0.735268 -0.576894
-0.45369 -0.741427 -0.49442
-0.45369 -0.741427 -0.49442
0.302193 -0.929501 0.211442
0.302193 -0.929501 0.211442
0.173805 -0.0542364 -0.983285
0.173805 -0.0542363 -0.983285
0.929689 -0.24231 -0.277424
0.929689 -0.24231 -0.277423
-0.312638 0.936239 -0.160355
0.406445 0.757322 0.511141
-0.190501 0.103587 0.976207
-0.909584 0.282504 0.30471
BONE = 3
BONE_NAME = Bone13
PARENT_ID = 2
LOCALTM 
MAT 0.732124 0.487128 0.476132 0.0
MAT -0.590553 0.802267 0.0872667 0.0
MAT -0.339475 -0.345071 0.875033 0.0
MAT 0.0403661 0.000204407 0.0829288 1.0
WORLDTM 
MAT 0.355773 -0.735269 -0.576894 0.0
MAT -0.0863643 0.588775 -0.803671 0.0
MAT 0.930573 0.335747 0.145969 0.0
MAT 0.0678963 0.573315 0.0509362 1.0
VERTEX = 9
0.179686 0.329334 -0.134536
0.188963 0.33274 -0.133002
0.185474 0.339176 -0.12619
0.176198 0.33577 -0.127723
0.181624 0.33719 -0.134359
0.182552 0.33753 -0.134206
0.182203 0.338174 -0.133525
0.181275 0.337833 -0.133678
0.181914 0.337682 -0.133942
INDEX = 14
4 5 7
6 7 5
1 2 5
6 5 2
0 1 4
5 4 1
7 6 3
2 3 6
4 7 0
3 0 7
8 1 0
8 2 1
8 3 2
8 0 3
FACE-NORMAL = 14
0.133325 -0.685419 0.715839
0.133325 -0.685419 0.715839
-0.600315 -0.711664 0.364906
-0.600315 -0.711664 0.364906
-0.170134 0.0198599 0.985221
-0.170134 0.0198598 0.985221
0.348513 -0.936901 -0.0274778
0.348513 -0.936901 -0.0274779
0.778694 -0.205378 0.592836
0.778695 -0.205378 0.592836
0.152423 0.0295734 -0.987873
0.561661 0.725483 -0.397758
-0.340973 0.939754 -0.0244773
-0.750211 0.243845 -0.614591
BONE = 4
BONE_NAME = Bone20
PARENT_ID = 3
LOCALTM 
MAT 0.138436 -0.990371 -0.00156832 0.0
MAT 0.990333 0.138416 0.00913946 0.0
MAT -0.00883408 -0.00281776 0.999956 0.0
MAT 0.320472 0.0 1.96695e-006 1.0
WORLDTM 
MAT 0.133325 -0.68542 0.715841 0.0
MAT 0.348884 -0.643597 -0.681224 0.0
MAT 0.927632 0.340569 0.153324 0.0
MAT 0.181914 0.337682 -0.133942 1.0
VERTEX = 9
0.201868 0.215464 -0.0158098
0.211145 0.21887 -0.0142771
0.212374 0.21221 -0.00691945
0.203098 0.208804 -0.00845217
0.204833 0.217318 -0.00851075
0.20576 0.217659 -0.00835748
0.205883 0.216993 -0.00762172
0.204956 0.216652 -0.00777499
0.205358 0.217155 -0.00806624
INDEX = 14
4 5 7
6 7 5
1 2 5
6 5 2
0 1 4
5 4 1
7 6 3
2 3 6
4 7 0
3 0 7
8 1 0
8 2 1
8 3 2
8 0 3
FACE-NORMAL = 14
0.35269 -0.663659 -0.659671
0.35269 -0.663659 -0.659671
-0.45356 -0.697145 -0.555223
-0.45356 -0.697145 -0.555223
0.327346 -0.938987 0.105588
0.327346 -0.938987 0.105588
0.144529 0.0510578 -0.988182
0.144529 0.0510579 -0.988182
0.925435 -0.190784 -0.327371
0.925435 -0.190784 -0.327371
-0.336348 0.9402 -0.053802
0.406539 0.710132 0.574837
-0.162431 -0.00164431 0.986718
-0.905319 0.228424 0.358078
BONE = 5
BONE_NAME = Bone21
PARENT_ID = 4
LOCALTM 
MAT 0.0296875 0.999563 2.17557e-006 0.0
MAT -0.999559 0.0296869 -7.4178e-005 0.0
MAT -7.33435e-005 -7.45058e-007 0.999997 0.0
MAT 0.175843 0.0 0.0 1.0
WORLDTM 
MAT 0.352692 -0.663663 -0.659675 0.0
MAT -0.122978 0.665986 -0.735759 0.0
MAT 0.92762 0.340618 0.153271 0.0
MAT 0.205358 0.217155 -0.00806624 1.0
VERTEX = 9
0.231324 0.226422 -0.00539386
0.231916 0.222578 0.00381861
0.234265 0.213662 -5.29801e-005
0.233672 0.217506 -0.00926545
0.227796 0.219484 -0.00317772
0.227855 0.219099 -0.00225648
0.22809 0.218208 -0.00264364
0.228031 0.218592 -0.00356488
0.227943 0.218846 -0.00291068
INDEX = 14
4 5 7
6 7 5
1 2 5
6 5 2
0 1 4
5 4 1
7 6 3
2 3 6
4 7 0
3 0 7
8 1 0
8 2 1
8 3 2
8 0 3
FACE-NORMAL = 14
0.970217 0.239324 0.0374523
0.970217 0.239324 0.0374523
0.604989 0.445837 -0.65971
0.604989 0.445837 -0.65971
0.823622 -0.50262 -0.262718
0.823622 -0.502619 -0.262718
0.474461 0.822816 0.312826
0.474461 0.822817 0.312826
0.693093 -0.125637 0.709815
0.693093 -0.125637 0.709815
-0.852129 0.461227 0.247279
-0.64414 -0.441054 0.624944
-0.519966 -0.79968 -0.300244
-0.727954 0.102597 -0.677906
BONE = 6
BONE_NAME = Unit_Protoss_Zealot_Leg_Lower_04
PARENT_ID = 5
LOCALTM 
MAT 0.158651 0.0125163 0.987263 0.0
MAT -0.929949 0.337819 0.145163 0.0
MAT -0.331695 -0.941118 0.0652388 0.0
MAT 0.00344279 -0.00544493 0.0223167 1.0
WORLDTM 
MAT 0.97022 0.239325 0.0374524 0.0
MAT -0.234874 0.891601 0.387159 0.0
MAT 0.0592674 -0.384416 0.921247 0.0
MAT 0.227943 0.218846 -0.00291068 1.0
VERTEX = 9
-0.0997363 0.572571 0.0814962
-0.0904282 0.569324 0.0798185
-0.090125 0.565436 0.0890267
-0.099433 0.568683 0.0907044
-0.0935899 0.573672 0.0866452
-0.0926591 0.573347 0.0864774
-0.0926288 0.572958 0.0873983
-0.0935596 0.573283 0.087566
-0.0931094 0.573315 0.0870217
INDEX = 14
4 5 7
6 7 5
1 2 5
6 5 2
0 1 4
5 4 1
7 6 3
2 3 6
4 7 0
3 0 7
8 1 0
8 2 1
8 3 2
8 0 3
FACE-NORMAL = 14
-0.364249 -0.862193 -0.35206
-0.364249 -0.862193 -0.35206
-0.935534 -0.335406 -0.110814
-0.935534 -0.335406 -0.110814
-0.22113 -0.865777 0.448924
-0.22113 -0.865777 0.448923
-0.26621 -0.287777 -0.919955
-0.26621 -0.287777 -0.919955
0.448194 -0.818147 -0.360217
0.448195 -0.818147 -0.360217
0.23612 0.884592 -0.402173
0.915743 0.380043 0.130313
0.279005 0.334733 0.900061
-0.400618 0.839282 0.367574
BONE = 7
BONE_NAME = Bone13(mirrored)
PARENT_ID = 2
LOCALTM 
MAT 0.862846 0.424181 -0.274894 0.0
MAT -0.391156 0.90479 0.168383 0.0
MAT 0.320146 -0.0377623 0.946615 0.0
MAT 0.0411774 -6.71223e-005 -0.082069 1.0
WORLDTM 
MAT -0.364249 -0.862193 -0.35206 0.0
MAT -0.0303244 0.38881 -0.92082 0.0
MAT 0.930807 -0.324731 -0.167769 0.0
MAT -0.0931094 0.573315 0.0870217 1.0
VERTEX = 9
-0.215883 0.292748 -0.0212876
-0.206556 0.289531 -0.0229199
-0.203032 0.298623 -0.0207055
-0.212358 0.301841 -0.0190732
-0.210486 0.296712 -0.0258327
-0.209553 0.296391 -0.025996
-0.2092 0.2973 -0.0257745
-0.210133 0.297622 -0.0256113
-0.209843 0.297006 -0.0258036
INDEX = 14
4 5 7
6 7 5
1 2 5
6 5 2
0 1 4
5 4 1
7 6 3
2 3 6
4 7 0
3 0 7
8 1 0
8 2 1
8 3 2
8 0 3
FACE-NORMAL = 14
0.0771675 -0.264048 0.961418
0.0771675 -0.264048 0.961418
-0.641605 0.0625273 0.764482
-0.641605 0.0625272 0.764482
0.313597 0.499205 0.807744
0.313597 0.499205 0.807744
-0.210353 -0.852483 0.478565
-0.210353 -0.852483 0.478565
0.744851 -0.415805 0.521827
0.744851 -0.415805 0.521827
-0.303786 -0.45623 -0.836402
0.604912 -0.0408122 -0.795246
0.194655 0.829651 -0.523248
-0.714044 0.414233 -0.564404
BONE = 8
BONE_NAME = Bone20(mirrored)
PARENT_ID = 7
LOCALTM 
MAT -0.138925 -0.990297 -0.00372323 0.0
MAT 0.990292 -0.13894 0.00434849 0.0
MAT -0.00482348 -0.00308187 0.999982 0.0
MAT 0.320473 0.0 -1.93715e-006 1.0
WORLDTM 
MAT 0.0771677 -0.264049 0.96142 0.0
MAT -0.352452 -0.909257 -0.221433 0.0
MAT 0.932641 -0.321764 -0.16323 0.0
MAT -0.209843 0.297006 -0.0258036 1.0
VERTEX = 9
-0.202614 0.250722 0.137359
-0.193288 0.247504 0.135729
-0.193532 0.242432 0.144344
-0.202858 0.245651 0.145974
-0.196728 0.250989 0.142907
-0.195795 0.250667 0.142743
-0.195819 0.25016 0.143605
-0.196752 0.250482 0.143768
-0.196273 0.250575 0.143256
INDEX = 14
4 5 7
6 7 5
1 2 5
6 5 2
0 1 4
5 4 1
7 6 3
2 3 6
4 7 0
3 0 7
8 1 0
8 2 1
8 3 2
8 0 3
FACE-NORMAL = 14
-0.35993 -0.799529 -0.480837
-0.35993 -0.799529 -0.480837
-0.934021 -0.295647 -0.200495
-0.934021 -0.295647 -0.200495
-0.258925 -0.911805 0.3187
-0.258925 -0.911805 0.3187
-0.222637 -0.157907 -0.962028
-0.222637 -0.157907 -0.962028
0.452461 -0.774067 -0.442831
0.452461 -0.774067 -0.442831
0.27177 0.923949 -0.269184
0.913999 0.337788 0.224734
0.237248 0.206754 0.949192
-0.404982 0.792916 0.455272
BONE = 9
BONE_NAME = Bone21(mirrored)
PARENT_ID = 8
LOCALTM 
MAT -0.278947 0.960311 6.11544e-005 0.0
MAT -0.960306 -0.278949 0.000213519 0.0
MAT 0.000223838 -1.2815e-006 0.999995 0.0
MAT 0.175844 0.0 0.0 1.0
WORLDTM 
MAT -0.359932 -0.799534 -0.48084 0.0
MAT 0.0244108 0.507135 -0.861523 0.0
MAT 0.932654 -0.321821 -0.163013 0.0
MAT -0.196273 0.250575 0.143256 1.0
VERTEX = 9
-0.00645668 0.605337 0.0766618
-0.0154253 0.605579 0.0810783
-0.0110083 0.605548 0.0900498
-0.00203964 0.605307 0.0856334
-0.00862008 0.600434 0.0827259
-0.00951695 0.600458 0.0831675
-0.00907524 0.600455 0.0840647
-0.00817838 0.600431 0.083623
-0.00884766 0.600444 0.0833953
INDEX = 14
4 5 7
6 7 5
1 2 5
6 5 2
0 1 4
5 4 1
7 6 3
2 3 6
4 7 0
3 0 7
8 1 0
8 2 1
8 3 2
8 0 3
FACE-NORMAL = 14
0.0230341 0.999704 -0.00789085
0.0230341 0.999704 -0.00789085
0.682044 0.650815 -0.33355
0.682044 0.650815 -0.33355
0.343725 0.666465 0.661572
0.343725 0.666465 0.661572
-0.312907 0.671068 -0.672129
-0.312907 0.671068 -0.672129
-0.651226 0.686718 0.322993
-0.651226 0.686717 0.322993
-0.328619 -0.704708 -0.628805
-0.650467 -0.68982 0.317869
0.296044 -0.709086 0.639964
0.617892 -0.723974 -0.30671
BONE = 10
BONE_NAME = Lower Chest
PARENT_ID = 1
LOCALTM 
MAT 0.0159441 0.00175381 0.658592 0.0
MAT -0.154686 0.640366 0.00203957 0.0
MAT -0.64017 -0.154689 0.0159101 0.0
MAT 4.50294e-005 0.00301552 -0.00574052 1.0
WORLDTM 
MAT 0.0230341 0.999704 -0.00789086 0.0
MAT -0.441704 0.00309585 -0.897156 0.0
MAT -0.896866 0.0241506 0.441644 0.0
MAT -0.00884766 0.600444 0.0833953 1.0
VERTEX = 9
-0.00173014 0.748171 0.0755345
-0.0111976 0.748617 0.0787232
-0.00798055 0.75033 0.0880353
0.00148694 0.749884 0.0848466
-0.00447732 0.744221 0.0820424
-0.00542407 0.744266 0.0823613
-0.00510237 0.744437 0.0832925
-0.00415562 0.744393 0.0829737
-0.00478985 0.744329 0.0826675
INDEX = 14
4 5 7
6 7 5
1 2 5
6 5 2
0 1 4
5 4 1
7 6 3
2 3 6
4 7 0
3 0 7
8 1 0
8 2 1
8 3 2
8 0 3
FACE-NORMAL = 14
-0.0130994 0.984211 -0.176515
-0.0130994 0.984211 -0.176515
0.694949 0.625261 -0.355098
0.694949 0.625261 -0.355098
0.23036 0.785723 0.574085
0.23036 0.785723 0.574085
-0.247886 0.531082 -0.810249
-0.247886 0.531082 -0.810249
-0.712476 0.691544 0.118934
-0.712476 0.691544 0.118934
-0.218219 -0.817064 -0.533654
-0.660189 -0.664414 0.350291
0.236744 -0.57482 0.783284
0.678715 -0.72747 -0.100662
BONE = 11
BONE_NAME = UpperChest
PARENT_ID = 10
LOCALTM 
MAT 0.98501 0.167194 -0.042439 0.0
MAT -0.171303 0.977015 -0.126874 0.0
MAT 0.0202504 0.132242 0.99101 0.0
MAT 0.143942 -0.000693955 -0.000485823 1.0
WORLDTM 
MAT -0.0130994 0.984211 -0.176515 0.0
MAT -0.321708 -0.171292 -0.931217 0.0
MAT -0.946749 0.0445873 0.318872 0.0
MAT -0.00478985 0.744329 0.0826675 1.0
VERTEX = 9
0.00342372 0.87602 0.0555015
0.00312293 0.88588 0.0538605
0.00535727 0.887547 0.0634642
0.00565805 0.877687 0.0651052
-0.000577468 0.881246 0.0602113
-0.000607546 0.882232 0.0600472
-0.000384113 0.882399 0.0610075
-0.000354034 0.881413 0.0611716
-0.00048079 0.881822 0.0606094
INDEX = 14
4 5 7
6 7 5
1 2 5
6 5 2
0 1 4
5 4 1
7 6 3
2 3 6
4 7 0
3 0 7
8 1 0
8 2 1
8 3 2
8 0 3
FACE-NORMAL = 14
0.974255 -0.00777912 -0.225314
0.974255 -0.00777912 -0.225314
0.674099 -0.738081 -0.0287538
0.6741 -0.738081 -0.0287538
0.817819 0.118666 0.563108
0.817819 0.118666 0.563108
0.485666 -0.129074 -0.864562
0.485666 -0.129074 -0.864563
0.629385 0.727674 -0.2727
0.629385 0.727674 -0.2727
-0.846893 -0.112339 -0.519761
-0.710171 0.702697 0.043286
-0.530912 0.12334 0.838403
-0.667634 -0.691697 0.275356
BONE = 12
BONE_NAME = Bone01
PARENT_ID = 11
LOCALTM 
MAT 0.0193523 -0.102277 -0.994569 0.0
MAT 0.00842686 0.994737 -0.10213 0.0
MAT 0.999776 -0.00640424 0.0201137 0.0
MAT 0.139159 -0.00439686 -0.00498279 1.0
WORLDTM 
MAT 0.974256 -0.00777913 -0.225314 0.0
MAT -0.223434 -0.16665 -0.96037 0.0
MAT -0.0300788 0.985985 -0.164098 0.0
MAT -0.00048079 0.881822 0.0606094 1.0
VERTEX = 9
0.190154 0.873897 0.0109103
0.199022 0.87828 0.00944745
0.200934 0.877681 0.0192448
0.192065 0.873298 0.0207076
0.192901 0.880084 0.0153452
0.193788 0.880522 0.0151989
0.193979 0.880462 0.0161787
0.193092 0.880024 0.0163249
0.19344 0.880273 0.0157619
INDEX = 14
4 5 7
6 7 5
1 2 5
6 5 2
0 1 4
5 4 1
7 6 3
2 3 6
4 7 0
3 0 7
8 1 0
8 2 1
8 3 2
8 0 3
FACE-NORMAL = 14
0.420689 -0.896819 -0.136881
0.420689 -0.896819 -0.136881
-0.37775 -0.925749 0.0171631
-0.37775 -0.925749 0.017163
0.423537 -0.644426 0.636656
0.423537 -0.644427 0.636656
0.139315 -0.555454 -0.819794
0.139315 -0.555454 -0.819794
0.940602 -0.274132 -0.200301
0.940602 -0.274132 -0.200301
-0.432664 0.676467 -0.595982
0.329612 0.944093 -0.00664851
-0.16228 0.591827 0.789561
-0.924555 0.324201 0.200228
BONE = 13
BONE_NAME = Bone02
PARENT_ID = 12
LOCALTM 
MAT 0.447674 0.186916 -0.874442 0.0
MAT 0.0340128 0.973644 0.225534 0.0
MAT 0.893546 -0.130708 0.429518 0.0
MAT 0.199045 0.0 -8.9407e-007 1.0
WORLDTM 
MAT 0.420688 -0.896819 -0.136881 0.0
MAT -0.191191 0.0598502 -0.979731 0.0
MAT 0.886828 0.43833 -0.146283 0.0
MAT 0.19344 0.880273 0.0157619 1.0
VERTEX = 9
0.285172 0.674334 -0.0207563
0.294902 0.675788 -0.0225517
0.296575 0.665995 -0.0214146
0.286846 0.664541 -0.0196192
0.2911 0.671285 -0.0161667
0.292073 0.67143 -0.0163463
0.29224 0.670451 -0.0162326
0.291267 0.670305 -0.016053
0.29167 0.670868 -0.0161997
INDEX = 14
4 5 7
6 7 5
1 2 5
6 5 2
0 1 4
5 4 1
7 6 3
2 3 6
4 7 0
3 0 7
8 1 0
8 2 1
8 3 2
8 0 3
FACE-NORMAL = 14
-0.159306 -0.140678 -0.977155
-0.159306 -0.140678 -0.977155
-0.829752 -0.202182 -0.520224
-0.829752 -0.202182 -0.520225
0.0178107 -0.822032 -0.569162
0.0178107 -0.822032 -0.569162
-0.23095 0.633814 -0.738202
-0.23095 0.633814 -0.738202
0.616616 0.0139654 -0.78714
0.616616 0.0139654 -0.78714
-0.00567896 0.791959 0.610548
0.80062 0.202286 0.563992
0.230971 -0.593009 0.771357
-0.575331 -0.00333804 0.817914
BONE = 14
BONE_NAME = Bone03
PARENT_ID = 13
LOCALTM 
MAT 0.1929 0.979383 -0.0599976 0.0
MAT -0.933109 0.202011 0.297502 0.0
MAT 0.303486 -0.00140729 0.95283 0.0
MAT 0.233498 0.0 0.0 1.0
WORLDTM 
MAT -0.159307 -0.140679 -0.97716 0.0
MAT -0.167338 0.979324 -0.113711 0.0
MAT 0.972939 0.145398 -0.179546 0.0
MAT 0.29167 0.670868 -0.0161997 1.0
VERTEX = 9
0.249511 0.642063 -0.223609
0.256567 0.645328 -0.229897
0.261397 0.636617 -0.229
0.25434 0.633353 -0.222712
0.257452 0.641448 -0.222173
0.258158 0.641774 -0.222802
0.25864 0.640903 -0.222712
0.257935 0.640577 -0.222084
0.258046 0.641176 -0.222443
INDEX = 14
4 5 7
6 7 5
1 2 5
6 5 2
0 1 4
5 4 1
7 6 3
2 3 6
4 7 0
3 0 7
8 1 0
8 2 1
8 3 2
8 0 3
FACE-NORMAL = 14
-0.518493 -0.367015 -0.772312
-0.518493 -0.367015 -0.772312
-0.87136 -0.488169 -0.0492146
-0.87136 -0.488169 -0.0492147
0.0121042 -0.892969 -0.449955
0.0121041 -0.892969 -0.449955
-0.705809 0.401926 -0.583344
-0.705809 0.401926 -0.583344
0.177658 -0.00286862 -0.984088
0.177658 -0.00286855 -0.984088
0.0251482 0.875447 0.48266
0.865601 0.490354 0.101429
0.708109 -0.356406 0.609554
-0.132346 0.0286809 0.990789
BONE = 15
BONE_NAME = Bone04
PARENT_ID = 14
LOCALTM 
MAT 0.888903 -0.184846 -0.419166 0.0
MAT 0.0420724 0.944052 -0.327104 0.0
MAT 0.456156 0.273125 0.846938 0.0
MAT 0.211064 0.0 0.0 1.0
WORLDTM 
MAT -0.518499 -0.367019 -0.772322 0.0
MAT -0.48293 0.871054 -0.0897303 0.0
MAT 0.705646 0.326449 -0.628859 0.0
MAT 0.258046 0.641176 -0.222443 1.0
VERTEX = 9
0.237622 0.630426 -0.342924
0.241332 0.615277 -0.342089
0.249017 0.617894 -0.328746
0.245308 0.633043 -0.329581
0.249291 0.626166 -0.340582
0.249662 0.624651 -0.340498
0.25043 0.624912 -0.339164
0.250059 0.626427 -0.339248
0.24986 0.625539 -0.339873
INDEX = 14
4 5 7
6 7 5
1 2 5
6 5 2
0 1 4
5 4 1
7 6 3
2 3 6
4 7 0
3 0 7
8 1 0
8 2 1
8 3 2
8 0 3
FACE-NORMAL = 14
-0.837544 -0.176567 0.517054
-0.837544 -0.176567 0.517054
-0.736823 0.602799 0.306145
-0.736823 0.602799 0.306145
-0.194537 0.00645602 0.980874
-0.194537 0.00645597 0.980874
-0.926031 -0.242688 -0.289082
-0.926031 -0.242688 -0.289082
-0.383744 -0.839061 0.385638
-0.383744 -0.839061 0.385638
0.24429 0.00634358 -0.969682
0.760173 -0.560967 -0.327801
0.94017 0.243358 0.238447
0.424286 0.810697 -0.403425
BONE = 16
BONE_NAME = Star2Part_Fire_Blades01
PARENT_ID = 15
LOCALTM 
MAT 0.155762 0.319071 -1.52104 0.0
MAT 1.52506 0.262866 0.211314 0.0
MAT 0.299145 -1.5062 -0.285264 0.0
MAT 0.100675 0.000868976 0.0629691 1.0
WORLDTM 
MAT -1.30817 -0.275782 0.807591 0.0
MAT -0.768575 -0.261773 -1.33431 0.0
MAT 0.370988 -1.5149 0.0835067 0.0
MAT 0.24986 0.625539 -0.339873 1.0
VERTEX = 9
0.24225 0.694116 -0.246451
0.239438 0.701277 -0.249417
0.24231 0.705171 -0.242741
0.245123 0.69801 -0.239775
0.238678 0.698469 -0.24287
0.238397 0.699185 -0.243167
0.238684 0.699574 -0.242499
0.238965 0.698858 -0.242202
0.238681 0.699022 -0.242684
INDEX = 14
4 5 7
6 7 5
1 2 5
6 5 2
0 1 4
5 4 1
7 6 3
2 3 6
4 7 0
3 0 7
8 1 0
8 2 1
8 3 2
8 0 3
FACE-NORMAL = 14
0.873076 0.150868 -0.463656
0.873076 0.150868 -0.463656
0.837618 -0.544578 -0.0427865
0.837618 -0.544578 -0.0427866
0.84302 0.451939 0.291665
0.84302 0.451939 0.291665
0.32509 -0.250093 -0.912014
0.32509 -0.250093 -0.912014
0.330485 0.746457 -0.577565
0.330485 0.746458 -0.577565
-0.863713 -0.440604 -0.24468
-0.858573 0.507397 0.0734882
-0.370999 0.227249 0.900398
-0.376132 -0.720784 0.582232
BONE = 17
BONE_NAME = Ref_Weapon Left
PARENT_ID = 15
LOCALTM 
MAT -0.123639 -0.204986 0.788998 0.0
MAT 0.807436 -0.140534 0.0900175 0.0
MAT 0.112106 0.786153 0.221783 0.0
MAT 0.0044429 0.0615547 0.0179483 1.0
WORLDTM 
MAT 0.719854 0.124391 -0.382286 0.0
MAT -0.287266 -0.389371 -0.667599 0.0
MAT -0.281283 0.716038 -0.296594 0.0
MAT 0.238681 0.699022 -0.242684 1.0
VERTEX = 9
0.242939 0.631289 -0.34909
0.240069 0.62517 -0.35646
0.23613 0.632938 -0.361374
0.238999 0.639056 -0.354004
0.235509 0.631284 -0.352298
0.235222 0.630672 -0.353035
0.234828 0.631449 -0.353527
0.235115 0.632061 -0.35279
0.235168 0.631366 -0.352913
INDEX = 14
4 5 7
6 7 5
1 2 5
6 5 2
0 1 4
5 4 1
7 6 3
2 3 6
4 7 0
3 0 7
8 1 0
8 2 1
8 3 2
8 0 3
FACE-NORMAL = 14
0.873204 0.149368 -0.463901
0.873204 0.149368 -0.463901
0.797424 0.554707 0.237517
0.797424 0.554707 0.237517
0.291323 0.677263 -0.675607
0.291323 0.677263 -0.675607
0.87696 -0.477413 0.0549372
0.87696 -0.477413 0.0549373
0.370851 -0.354886 -0.858211
0.370851 -0.354886 -0.858211
-0.338885 -0.654853 0.675518
-0.820345 -0.538263 -0.193152
-0.896009 0.443608 -0.0194601
-0.414542 0.327046 0.849232
BONE = 18
BONE_NAME = Star2Ribbon03
PARENT_ID = 15
LOCALTM 
MAT -0.149283 -0.249964 0.95669 0.0
MAT -0.298716 -0.910912 -0.284615 0.0
MAT 0.942589 -0.328252 0.0612796 0.0
MAT 0.116224 0.0142101 0.062704 1.0
WORLDTM 
MAT 0.873203 0.149368 -0.4639 0.0
MAT 0.393953 -0.776732 0.491423 0.0
MAT -0.286967 -0.611869 -0.737064 0.0
MAT 0.235168 0.631366 -0.352913 1.0
VERTEX = 9
-0.0220868 0.954144 -0.00844694
-0.0221197 0.951446 -0.0180761
-0.0321151 0.951744 -0.0181252
-0.0320822 0.954442 -0.00849608
-0.0267493 0.948252 -0.0114533
-0.0267526 0.947982 -0.0124162
-0.0277521 0.948012 -0.0124211
-0.0277488 0.948281 -0.0114582
-0.0272507 0.948132 -0.0119372
INDEX = 14
4 5 7
6 7 5
1 2 5
6 5 2
0 1 4
5 4 1
7 6 3
2 3 6
4 7 0
3 0 7
8 1 0
8 2 1
8 3 2
8 0 3
FACE-NORMAL = 14
0.0299503 0.962459 -0.26977
0.0299503 0.962459 -0.26977
0.0224813 0.844388 0.53526
0.0224813 0.844388 0.53526
-0.722921 0.665947 -0.184119
-0.722921 0.665947 -0.184119
0.762992 0.621755 -0.176814
0.762992 0.621755 -0.176814
0.0175901 0.443314 -0.896194
0.0175901 0.443314 -0.896194
0.685608 -0.701581 0.194231
-0.0235046 -0.871335 -0.490125
-0.727964 -0.659541 0.187281
-0.0188515 -0.489787 0.871638
BONE = 19
BONE_NAME = BoneHead
PARENT_ID = 11
LOCALTM 
MAT 0.994489 0.0767172 -0.0714636 0.0
MAT -0.0432192 -0.321046 -0.946078 0.0
MAT -0.0955248 0.94395 -0.31596 0.0
MAT 0.217578 0.0604135 0.000185087 1.0
WORLDTM 
MAT 0.0299503 0.96246 -0.26977 0.0
MAT 0.999547 -0.0297273 0.00491425 0.0
MAT -0.00329024 -0.269796 -0.962912 0.0
MAT -0.0272507 0.948132 -0.0119372 1.0
VERTEX = 9
-0.0271478 1.05779 0.0968914
-0.0268767 1.06775 0.0976487
-0.0268052 1.06851 0.0876776
-0.0270763 1.05854 0.0869203
-0.0219956 1.06247 0.0927706
-0.0219685 1.06347 0.0928463
-0.0219613 1.06355 0.0918492
-0.0219884 1.06255 0.0917735
-0.0219785 1.06301 0.0923099
INDEX = 14
4 5 7
6 7 5
1 2 5
6 5 2
0 1 4
5 4 1
7 6 3
2 3 6
4 7 0
3 0 7
8 1 0
8 2 1
8 3 2
8 0 3
FACE-NORMAL = 14
-0.999607 0.0275657 -0.00507808
-0.999607 0.0275657 -0.00507808
-0.688848 -0.722445 -0.0596857
-0.688848 -0.722445 -0.0596857
-0.663388 0.074605 -0.744547
-0.663388 0.074605 -0.744547
-0.674016 -0.037724 0.737753
-0.674016 -0.037724 0.737753
-0.648556 0.759327 0.0528917
-0.648556 0.759327 0.0528917
0.701774 -0.072922 0.708658
0.725994 0.685323 0.057139
0.711884 0.0339383 -0.701477
0.687664 -0.724308 -0.0499576
BONE = 20
BONE_NAME = Star2Ribbon01
PARENT_ID = 19
LOCALTM 
MAT -0.00203799 -0.999998 0.000741122 0.0
MAT -0.341931 3.08733e-007 -0.939724 0.0
MAT 0.939723 -0.00216685 -0.34193 0.0
MAT 0.0826003 0.00236711 -0.131392 1.0
WORLDTM 
MAT -0.999609 0.0275658 -0.00507809 0.0
MAT -0.00714871 -0.0755615 0.997114 0.0
MAT 0.0271041 0.996761 0.0757288 0.0
MAT -0.0219785 1.06301 0.0923099 1.0
VERTEX = 9
-0.0248605 1.05376 -0.0244887
-0.0252593 1.05417 -0.0162634
-0.0253703 1.04594 -0.0158604
-0.0249715 1.04553 -0.0240857
-0.0292072 1.05029 -0.0208078
-0.0292471 1.05033 -0.0199853
-0.0292582 1.0495 -0.019945
-0.0292183 1.04946 -0.0207675
-0.0292327 1.0499 -0.0203764
INDEX = 14
4 5 7
6 7 5
1 2 5
6 5 2
0 1 4
5 4 1
7 6 3
2 3 6
4 7 0
3 0 7
8 1 0
8 2 1
8 3 2
8 0 3
FACE-NORMAL = 14
0.998739 -0.0110584 0.0489695
0.998739 -0.0110584 0.0489695
0.704072 -0.0441744 -0.708753
0.704072 -0.0441744 -0.708753
0.65812 -0.749736 0.0690922
0.658121 -0.749736 0.0690922
0.678122 0.734941 -0.00357443
0.678122 0.734941 -0.00357444
0.632171 0.0293791 0.774272
0.63217 0.0293791 0.774272
-0.696701 0.714017 -0.0691911
-0.740415 0.0428057 0.670785
-0.715729 -0.698378 -6.22496e-005
-0.672015 -0.0271668 -0.740039
BONE = 21
BONE_NAME = Ref_Head
PARENT_ID = 19
LOCALTM 
MAT 0.00499568 0.823561 -0.0391273 0.0
MAT 0.803735 -0.0135885 -0.183389 0.0
MAT -0.183825 -0.0370319 -0.802898 0.0
MAT 0.100162 -0.00504775 -0.0193228 1.0
WORLDTM 
MAT 0.823466 -0.00911768 0.0403756 0.0
MAT 0.0110931 0.823444 -0.040303 0.0
MAT -0.039879 0.0407948 0.822528 0.0
MAT -0.0292327 1.0499 -0.0203764 1.0
VERTEX = 9
-0.0156835 0.88734 0.0596856
-0.0169159 0.87762 0.0616853
-0.0135493 0.879106 0.0709836
-0.0123169 0.888826 0.0689838
-0.0100555 0.882725 0.063225
-0.0101787 0.881753 0.063425
-0.00984207 0.881902 0.0643548
-0.00971883 0.882874 0.0641549
-0.00994878 0.882314 0.0637899
INDEX = 14
4 5 7
6 7 5
1 2 5
6 5 2
0 1 4
5 4 1
7 6 3
2 3 6
4 7 0
3 0 7
8 1 0
8 2 1
8 3 2
8 0 3
FACE-NORMAL = 14
-0.933524 0.18192 0.308929
-0.933524 0.18192 0.308929
-0.532889 0.844194 0.0580192
-0.532889 0.844193 0.0580193
-0.374254 0.232161 0.897795
-0.374254 0.232161 0.897795
-0.874736 0.0112356 -0.48447
-0.874736 0.0112355 -0.48447
-0.716101 -0.600797 0.355306
-0.716101 -0.600798 0.355306
0.422043 -0.233722 -0.87593
0.572956 -0.815958 -0.0770391
0.898159 -0.0235523 0.439039
0.747247 0.558684 -0.359852
BONE = 22
BONE_NAME = Bone01(mirrored)
PARENT_ID = 11
LOCALTM 
MAT 0.136747 -0.0185193 0.990433 0.0
MAT 0.0222714 0.999631 0.0156159 0.0
MAT -0.990355 0.0199232 0.137107 0.0
MAT 0.139205 -0.00439687 0.00501711 1.0
WORLDTM 
MAT -0.933525 0.18192 0.308929 0.0
MAT -0.336665 -0.148613 -0.929825 0.0
MAT -0.123242 -0.972018 0.199979 0.0
MAT -0.00994878 0.882314 0.0637899 1.0
VERTEX = 9
-0.201279 0.915763 0.127429
-0.195969 0.910999 0.120422
-0.187735 0.911944 0.126018
-0.193045 0.916708 0.133026
-0.194182 0.918415 0.124582
-0.193651 0.917939 0.123881
-0.192828 0.918033 0.124441
-0.193359 0.91851 0.125142
-0.193505 0.918224 0.124511
INDEX = 14
4 5 7
6 7 5
1 2 5
6 5 2
0 1 4
5 4 1
7 6 3
2 3 6
4 7 0
3 0 7
8 1 0
8 2 1
8 3 2
8 0 3
FACE-NORMAL = 14
-0.200392 -0.874115 0.442454
-0.200392 -0.874115 0.442454
-0.528745 -0.230624 0.816849
-0.528745 -0.230624 0.816848
0.477925 -0.514497 0.711956
0.477925 -0.514497 0.711956
-0.746035 -0.655008 -0.119984
-0.746035 -0.655008 -0.119984
0.260636 -0.938882 -0.224877
0.260636 -0.938882 -0.224877
-0.440487 0.551257 -0.70858
0.517173 0.281205 -0.808366
0.723884 0.684928 0.0828561
-0.233777 0.954982 0.182643
BONE = 23
BONE_NAME = Bone02(mirrored)
PARENT_ID = 22
LOCALTM 
MAT 0.164738 -0.214034 0.962834 0.0
MAT 0.578524 0.811593 0.0814306 0.0
MAT -0.798856 0.543606 0.257521 0.0
MAT 0.196646 0.0 -0.000140429 1.0
WORLDTM 
MAT -0.200391 -0.874114 0.442453 0.0
MAT -0.823337 -0.0945196 -0.559632 0.0
MAT 0.531001 -0.47643 -0.700749 0.0
MAT -0.193505 0.918224 0.124511 1.0
VERTEX = 9
-0.248022 0.718029 0.227638
-0.242408 0.715954 0.219628
-0.240659 0.706789 0.223227
-0.246274 0.708864 0.231237
-0.240664 0.714682 0.228044
-0.240103 0.714474 0.227243
-0.239928 0.713558 0.227603
-0.24049 0.713765 0.228404
-0.240296 0.71412 0.227824
INDEX = 14
4 5 7
6 7 5
1 2 5
6 5 2
0 1 4
5 4 1
7 6 3
2 3 6
4 7 0
3 0 7
8 1 0
8 2 1
8 3 2
8 0 3
FACE-NORMAL = 14
-0.808842 -0.34212 -0.478256
-0.808842 -0.34212 -0.478256
-0.958396 -0.0746481 0.275507
-0.958396 -0.0746482 0.275506
-0.411129 -0.910068 -0.0524259
-0.411129 -0.910068 -0.052426
-0.671044 0.452335 -0.587447
-0.671044 0.452335 -0.587447
-0.123774 -0.383085 -0.915383
-0.123774 -0.383085 -0.915383
0.448307 0.889953 0.0836914
0.96893 0.0952054 -0.228276
0.695567 -0.406121 0.592665
0.174942 0.388626 0.904635
BONE = 24
BONE_NAME = Bone03(mirrored)
PARENT_ID = 23
LOCALTM 
MAT 0.249532 0.965928 0.0686384 0.0
MAT -0.925301 0.258738 -0.277276 0.0
MAT -0.285589 0.00567301 0.958334 0.0
MAT 0.233499 0.0 -1.19209e-007 1.0
WORLDTM 
MAT -0.808842 -0.34212 -0.478256 0.0
MAT -0.17484 0.916466 -0.3599 0.0
MAT 0.561435 -0.207478 -0.801086 0.0
MAT -0.240296 0.71412 0.227824 1.0
VERTEX = 9
-0.417808 0.644373 0.12211
-0.408886 0.641673 0.118489
-0.408732 0.633844 0.124709
-0.417654 0.636543 0.128329
-0.411467 0.642437 0.126751
-0.410575 0.642167 0.126389
-0.41056 0.641384 0.127011
-0.411452 0.641654 0.127373
-0.411013 0.641911 0.126881
INDEX = 14
4 5 7
6 7 5
1 2 5
6 5 2
0 1 4
5 4 1
7 6 3
2 3 6
4 7 0
3 0 7
8 1 0
8 2 1
8 3 2
8 0 3
FACE-NORMAL = 14
-0.451338 -0.560479 -0.694376
-0.451338 -0.560479 -0.694376
-0.965108 -0.174279 -0.195429
-0.965108 -0.17428 -0.195429
-0.290453 -0.956887 -0.00224194
-0.290453 -0.956887 -0.00224212
-0.313405 0.207004 -0.926783
-0.313405 0.207004 -0.926783
0.36126 -0.575604 -0.733602
0.36126 -0.575604 -0.733601
0.308227 0.949932 0.0512327
0.950036 0.205426 0.235014
0.330061 -0.157294 0.930762
-0.311757 0.587213 0.746986
BONE = 25
BONE_NAME = Bone04(mirrored)
PARENT_ID = 24
LOCALTM 
MAT 0.888898 -0.184841 0.41915 0.0
MAT 0.0420722 0.944056 0.327107 0.0
MAT -0.456169 -0.273116 0.846943 0.0
MAT 0.211064 2.38419e-007 1.78814e-007 1.0
WORLDTM 
MAT -0.451335 -0.560475 -0.694372 0.0
MAT -0.0154398 0.782933 -0.621927 0.0
MAT 0.892224 -0.269959 -0.362014 0.0
MAT -0.411013 0.641911 0.126881 1.0
VERTEX = 9
-0.521315 0.607293 0.0743405
-0.518962 0.592738 0.0794958
-0.509708 0.598242 0.0908103
-0.512061 0.612797 0.0856551
-0.509912 0.602545 0.0770255
-0.509677 0.601089 0.077541
-0.508751 0.60164 0.0786724
-0.508986 0.603095 0.0781569
-0.509331 0.602092 0.0778489
INDEX = 14
4 5 7
6 7 5
1 2 5
6 5 2
0 1 4
5 4 1
7 6 3
2 3 6
4 7 0
3 0 7
8 1 0
8 2 1
8 3 2
8 0 3
FACE-NORMAL = 14
-0.791349 0.0864408 0.605223
-0.791349 0.0864408 0.605223
-0.641356 0.750473 0.159538
-0.641357 0.750473 0.159538
-0.0889714 0.319751 0.943315
-0.0889716 0.319751 0.943315
-0.969796 -0.204098 -0.133567
-0.969796 -0.204098 -0.133567
-0.417413 -0.634821 0.650207
-0.417413 -0.634821 0.650207
0.140597 -0.310296 -0.940186
0.666089 -0.720048 -0.194567
0.978538 0.188049 0.0842689
0.453048 0.597802 -0.661347
BONE = 26
BONE_NAME = Star2Part_Fire_Blades02
PARENT_ID = 25
LOCALTM 
MAT -0.174227 -0.463094 -1.48146 0.0
MAT 1.51184 0.287042 -0.267519 0.0
MAT 0.351611 -1.46378 0.416244 0.0
MAT 0.100738 0.000837475 -0.0592208 1.0
WORLDTM 
MAT -1.23601 0.135012 0.945298 0.0
MAT -0.925466 -0.550396 -1.13145 0.0
MAT 0.235289 -1.45548 0.515529 0.0
MAT -0.509331 0.602092 0.0778489 1.0
VERTEX = 9
-0.463902 0.690052 0.0997673
-0.46634 0.696273 0.0949367
-0.462128 0.701576 0.0996402
-0.45969 0.695355 0.104471
-0.459776 0.6947 0.0973371
-0.46002 0.695322 0.096854
-0.459598 0.695852 0.0973244
-0.459355 0.69523 0.0978074
-0.459687 0.695276 0.0973307
INDEX = 14
4 5 7
6 7 5
1 2 5
6 5 2
0 1 4
5 4 1
7 6 3
2 3 6
4 7 0
3 0 7
8 1 0
8 2 1
8 3 2
8 0 3
FACE-NORMAL = 14
-0.807225 0.130549 0.575625
-0.807225 0.130549 0.575625
-0.320186 -0.473482 0.820546
-0.320186 -0.473482 0.820546
-0.160319 0.565385 0.809097
-0.160319 0.565385 0.809097
-0.919688 -0.390715 -0.0389462
-0.919688 -0.390715 -0.0389464
-0.759831 0.648163 -0.0504125
-0.759831 0.648163 -0.0504126
0.209593 -0.547091 -0.810409
0.361676 0.441199 -0.8213
0.931992 0.362462 -0.00365237
0.779919 -0.625839 0.00725485
BONE = 27
BONE_NAME = Ref_Weapon Right
PARENT_ID = 25
LOCALTM 
MAT -0.0895016 -0.200607 -0.794698 0.0
MAT 0.813908 -0.11615 -0.0623408 0.0
MAT 0.0968032 0.791244 -0.210624 0.0
MAT 0.0125764 0.0609106 -0.0471373 1.0
WORLDTM 
MAT -0.665556 0.107637 0.474602 0.0
MAT -0.421174 -0.530283 -0.47035 0.0
MAT -0.243831 0.622095 -0.483065 0.0
MAT -0.459687 0.695276 0.0973307 1.0
VERTEX = 9
-0.521427 0.604524 0.0503319
-0.525977 0.596935 0.0456728
-0.529737 0.603316 0.0389528
-0.525187 0.610904 0.0436119
-0.529202 0.604633 0.0480893
-0.529657 0.603874 0.0476234
-0.530033 0.604512 0.0469514
-0.529578 0.605271 0.0474173
-0.529618 0.604572 0.0475204
INDEX = 14
4 5 7
6 7 5
1 2 5
6 5 2
0 1 4
5 4 1
7 6 3
2 3 6
4 7 0
3 0 7
8 1 0
8 2 1
8 3 2
8 0 3
FACE-NORMAL = 14
0.807232 -0.130547 -0.575616
0.807232 -0.130547 -0.575616
0.878194 0.476731 -0.0387548
0.878194 0.476731 -0.0387549
0.260548 0.386906 -0.884544
0.260548 0.386906 -0.884544
0.819476 -0.561576 0.114418
0.819476 -0.561576 0.114419
0.201814 -0.651413 -0.731391
0.201814 -0.651413 -0.731391
-0.304942 -0.358838 0.882182
-0.892518 -0.444291 0.0775695
-0.83666 0.543466 -0.0681455
-0.249069 0.62893 0.736486
BONE = 28
BONE_NAME = Star2Ribbon04
PARENT_ID = 25
LOCALTM 
MAT 0.108542 0.243302 0.963852 0.0
MAT -0.278705 -0.923266 0.264437 0.0
MAT 0.95421 -0.297356 -0.0324117 0.0
MAT 0.129564 0.0219544 -0.067011 1.0
WORLDTM 
MAT 0.807226 -0.130546 -0.575612 0.0
MAT 0.375982 -0.638036 0.672 0.0
MAT -0.454996 -0.758871 -0.465909 0.0
MAT -0.529618 0.604572 0.0475204 1.0
VERTEX = 9
-0.00827514 0.855716 0.0588646
-0.0059799 0.85742 0.0665981
-0.00568702 0.849356 0.0682886
-0.00798226 0.847651 0.060555
-0.0110673 0.852952 0.0642582
-0.0108378 0.853122 0.0650315
-0.0108085 0.852316 0.0652006
-0.0110381 0.852145 0.0644272
-0.0109379 0.852634 0.0647294
INDEX = 14
4 5 7
6 7 5
1 2 5
6 5 2
0 1 4
5 4 1
7 6 3
2 3 6
4 7 0
3 0 7
8 1 0
8 2 1
8 3 2
8 0 3
FACE-NORMAL = 14
0.959814 -0.0237575 -0.279628
0.959814 -0.0237575 -0.279628
0.435165 -0.169548 -0.884242
0.435165 -0.169548 -0.884242
0.668485 -0.742917 -0.0346651
0.668485 -0.742917 -0.0346651
0.615679 0.711131 -0.339458
0.615679 0.711131 -0.339458
0.848999 0.137762 0.51012
0.848999 0.137762 0.51012
-0.703809 0.708428 0.0527501
-0.481848 0.162974 0.860966
-0.653574 -0.67483 0.342704
-0.875534 -0.129375 -0.465512
BONE = 29
BONE_NAME = Ref_HardPoint
PARENT_ID = 11
LOCALTM 
MAT 0.0110505 -0.0365385 -0.82362 0.0
MAT 0.823947 0.0287015 0.0097822 0.0
MAT 0.0282372 -0.823194 0.0368994 0.0
MAT 0.109841 0.000130489 0.00492978 1.0
WORLDTM 
MAT 0.791371 -0.0195882 -0.230555 0.0
MAT -0.029288 0.806458 -0.169047 0.0
MAT 0.229524 0.170443 0.773354 0.0
MAT -0.0109379 0.852634 0.0647294 1.0
VERTEX = 9
-0.00870472 0.733548 0.0940424
-0.00798561 0.734863 0.100231
-0.00752832 0.722853 0.10273
-0.00824742 0.721538 0.0965414
-0.0129095 0.728672 0.0985154
-0.0128376 0.728804 0.0991342
-0.0127919 0.727603 0.0993841
-0.0128638 0.727471 0.0987653
-0.0128507 0.728137 0.0989498
INDEX = 14
4 5 7
6 7 5
1 2 5
6 5 2
0 1 4
5 4 1
7 6 3
2 3 6
4 7 0
3 0 7
8 1 0
8 2 1
8 3 2
8 0 3
FACE-NORMAL = 14
0.992904 0.013216 -0.118179
0.992904 0.013216 -0.118179
0.580277 -0.144667 -0.801468
0.580277 -0.144667 -0.801467
0.691907 -0.718363 0.0722515
0.691907 -0.718363 0.0722514
0.636529 0.736044 -0.230367
0.636529 0.736044 -0.230367
0.748159 0.162349 0.643351
0.748159 0.162349 0.643351
-0.72843 0.682455 -0.0603774
-0.622235 0.136689 0.770805
-0.675749 -0.701145 0.227508
-0.781944 -0.155379 -0.603673
BONE = 30
BONE_NAME = Vol_Target
PARENT_ID = 11
LOCALTM 
MAT 0.0198929 -0.201818 -0.931786 0.0
MAT 1.22677 0.0416938 0.0171599 0.0
MAT 0.0192483 -0.621961 0.135123 0.0
MAT -0.0187048 -0.0097955 0.0121016 1.0
WORLDTM 
MAT 0.946833 0.0126027 -0.112696 0.0
MAT -0.0457293 1.20102 -0.249897 0.0
MAT 0.0719103 0.131506 0.618869 0.0
MAT -0.0128507 0.728137 0.0989498 1.0
VERTEX = 9
0.0022681 -0.261485 -0.0202253
0.0044551 -0.262176 -0.0104919
0.0044551 -0.272151 -0.0112001
0.0022681 -0.271459 -0.0209335
-0.00162672 -0.266362 -0.0150732
-0.00140802 -0.266431 -0.0140998
-0.00140802 -0.267428 -0.0141707
-0.00162672 -0.267359 -0.015144
-0.00151737 -0.266895 -0.0146219
INDEX = 14
4 5 7
6 7 5
1 2 5
6 5 2
0 1 4
5 4 1
7 6 3
2 3 6
4 7 0
3 0 7
8 1 0
8 2 1
8 3 2
8 0 3
FACE-NORMAL = 14
0.975792 0.015488 -0.218151
0.975792 0.015488 -0.218151
0.490212 0.0617255 -0.869415
0.490212 0.0617255 -0.869415
0.652771 -0.731067 -0.198574
0.652771 -0.731067 -0.198574
0.652771 0.751789 -0.0932966
0.652771 0.751789 -0.0932965
0.815329 -0.0410036 0.577544
0.815329 -0.0410036 0.577544
-0.689989 0.69438 0.204332
-0.535345 -0.0598155 0.842513
-0.689989 -0.716283 0.10418
-0.844634 0.0379122 -0.534001
BONE = 31
BONE_NAME = HitTestFuzzy
PARENT_ID = 1
LOCALTM 
MAT 0.658708 -0.000352458 0.0102033 0.0
MAT -0.0102032 -0.0455248 0.657133 0.0
MAT 0.000353501 -0.657212 -0.0455248 0.0
MAT 0.0188792 0.0649687 -0.577132 1.0
WORLDTM 
MAT 0.975793 0.015488 -0.218151 0.0
MAT 0.0 0.997489 0.0708183 0.0
MAT 0.2187 -0.0691039 0.973342 0.0
MAT -0.00151737 -0.266895 -0.0146219 1.0
VERTEX = 9
-0.0101587 0.699464 0.0351114
-0.0134785 0.699431 0.0202995
-0.0134856 0.71461 0.0202675
-0.0101659 0.714643 0.0350794
-0.0190618 0.70628 0.0300915
-0.0193938 0.706276 0.0286103
-0.0193945 0.707794 0.0286071
-0.0190625 0.707798 0.0300883
-0.0192282 0.707037 0.0293493
INDEX = 14
4 5 7
6 7 5
1 2 5
6 5 2
0 1 4
5 4 1
7 6 3
2 3 6
4 7 0
3 0 7
8 1 0
8 2 1
8 3 2
8 0 3
FACE-NORMAL = 14
0.975792 0.0 -0.2187
0.975792 0.0 -0.2187
0.815329 0.00160346 0.578996
0.815329 0.00160346 0.578996
0.65242 0.743292 -0.147867
0.65242 0.743292 -0.147867
0.653121 -0.743292 -0.144738
0.653121 -0.743292 -0.144738
0.490212 -0.00160347 -0.871602
0.490212 -0.00160347 -0.871602
-0.689656 -0.707105 0.156133
-0.844633 -0.00152539 -0.535343
-0.690323 0.707105 0.153156
-0.535345 0.0015254 0.844632
BONE = 32
BONE_NAME = Star2Force01
PARENT_ID = 1
LOCALTM 
MAT 1.0 9.53674e-007 0.0 0.0
MAT 0.0 -0.00215713 -0.999998 0.0
MAT -9.53654e-007 0.999997 -0.00215713 0.0
MAT 0.00115877 0.0392539 0.0644814 1.0
WORLDTM 
MAT 1.4812 0.0 -0.331974 0.0
MAT 0.000716135 -1.51794 0.0031953 0.0
MAT -0.331974 -0.00327456 -1.48119 0.0
MAT -0.0192282 0.707037 0.0293493 1.0
VERTEX = 9
0.00595132 -0.227414 0.0742486
0.00813832 -0.227414 0.0840065
0.00813832 -0.237414 0.0840065
0.00595132 -0.237414 0.0742486
0.00205651 -0.231914 0.0797332
0.00227521 -0.231914 0.080709
0.00227521 -0.232914 0.080709
0.00205651 -0.232914 0.0797332
0.00216586 -0.232414 0.0802211
INDEX = 14
4 5 7
6 7 5
1 2 5
6 5 2
0 1 4
5 4 1
7 6 3
2 3 6
4 7 0
3 0 7
8 1 0
8 2 1
8 3 2
8 0 3
FACE-NORMAL = 14
0.975792 0.0 -0.2187
0.975792 0.0 -0.2187
0.490212 0.0 -0.871603
0.490212 0.0 -0.871603
0.65277 -0.743294 -0.146303
0.652771 -0.743294 -0.146303
0.652771 0.743294 -0.146303
0.65277 0.743294 -0.146303
0.815329 0.0 0.578998
0.815329 0.0 0.578998
-0.689989 0.707107 0.154645
-0.535345 0.0 0.844634
-0.689989 -0.707107 0.154644
-0.844634 0.0 -0.535345
BONE = 33
BONE_NAME = HitTestTight
PARENT_ID = 1
LOCALTM 
MAT 0.658787 6.25849e-007 0.0 0.0
MAT 0.0 0.0 0.658787 0.0
MAT 6.4075e-007 -0.658786 0.0 0.0
MAT 0.00758228 0.00346929 -0.554416 1.0
WORLDTM 
MAT 0.975792 0.0 -0.2187 0.0
MAT 0.0 1.0 0.0 0.0
MAT 0.2187 0.0 0.975792 0.0
MAT 0.00216586 -0.232414 0.0802211 1.0
VERTEX = 9
0.280427 0.0766415 -0.14724
0.280427 0.0866415 -0.14724
0.27869 0.0866415 -0.137392
0.27869 0.0766415 -0.137392
0.274721 0.0811415 -0.143676
0.274721 0.0821415 -0.143676
0.274548 0.0821415 -0.142692
0.274548 0.0811415 -0.142692
0.274635 0.0816415 -0.143184
INDEX = 14
4 5 7
6 7 5
1 2 5
6 5 2
0 1 4
5 4 1
7 6 3
2 3 6
4 7 0
3 0 7
8 1 0
8 2 1
8 3 2
8 0 3
FACE-NORMAL = 14
0.984808 0.0 0.173648
0.984808 0.0 0.173648
0.658802 -0.743294 0.116165
0.658802 -0.743294 0.116165
0.52973 0.0 0.848166
0.52973 0.0 0.848166
0.787874 0.0 -0.615837
0.787873 0.0 -0.615837
0.658802 0.743294 0.116165
0.658802 0.743294 0.116164
-0.573576 0.0 -0.819152
-0.696364 0.707107 -0.122788
-0.819152 0.0 0.573576
-0.696364 -0.707107 -0.122788
BONE = 34
BONE_NAME = Foot_Left
PARENT_ID = 0
LOCALTM 
MAT 0.648778 -0.114397 0.0 0.0
MAT 0.114397 0.648778 0.0 0.0
MAT 0.0 0.0 0.658787 0.0
MAT 0.180926 0.0943277 0.0537843 1.0
WORLDTM 
MAT 0.984808 0.0 0.173648 0.0
MAT 0.173648 0.0 -0.984808 0.0
MAT 0.0 1.0 0.0 0.0
MAT 0.274635 0.0816415 -0.143184 1.0
VERTEX = 9
0.281862 0.081189 -0.171041
0.291746 0.0817078 -0.169613
0.291679 0.0724673 -0.165791
0.281795 0.0719485 -0.167219
