EXPORTER_V17
ANIMATION_EXPORT
BONEOBJECT_COUNT = 43
VERTEX = 9
0.00758971 -0.00758971 -0.00758971
0.00758971 0.00758971 -0.00758971
0.00758971 0.00758971 0.00758971
0.00758971 -0.00758971 0.00758971
0.0 -0.000758971 -0.000758971
0.0 0.000758971 -0.000758971
0.0 0.000758971 0.000758971
0.0 -0.000758971 0.000758971
0.0 0.0 0.0
INDEX = 14
4 5 7
6 7 5
1 2 5
6 5 2
0 1 4
5 4 1
7 6 3
2 3 6
4 7 0
3 0 7
8 1 0
8 2 1
8 3 2
8 0 3
FACE-NORMAL = 14
1.0 0.0 0.0
1.0 0.0 0.0
0.668965 -0.743294 0.0
0.668965 -0.743294 0.0
0.668965 0.0 0.743294
0.668965 0.0 0.743294
0.668965 0.0 -0.743294
0.668965 0.0 -0.743294
0.668965 0.743294 0.0
0.668965 0.743294 0.0
-0.707107 0.0 -0.707107
-0.707107 0.707107 0.0
-0.707107 0.0 0.707107
-0.707107 -0.707107 0.0
BONE = 0
BONE_NAME = Main
PARENT_ID = -1
LOCALTM 
MAT 1.51794 0.0 0.0 0.0
MAT 0.0 0.0 -1.51794 0.0
MAT 0.0 1.51794 0.0 0.0
MAT 0.0 0.0 0.0 1.0
WORLDTM 
MAT 1.51794 0.0 0.0 0.0
MAT 0.0 0.0 -1.51794 0.0
MAT 0.0 1.51794 0.0 0.0
MAT 0.0 0.0 0.0 1.0
VERTEX = 9
0.0378232 0.622691 0.0543774
0.0378232 0.63787 0.0543774
0.0411429 0.63787 0.0691894
0.0411429 0.622691 0.0691894
0.031911 0.629522 0.0627026
0.031911 0.63104 0.0627026
0.032243 0.63104 0.0641838
0.032243 0.629522 0.0641838
0.032077 0.630281 0.0634432
INDEX = 14
4 5 7
6 7 5
1 2 5
6 5 2
0 1 4
5 4 1
7 6 3
2 3 6
4 7 0
3 0 7
8 1 0
8 2 1
8 3 2
8 0 3
FACE-NORMAL = 14
0.975792 0.0 -0.218699
0.975792 0.0 -0.218699
0.652771 -0.743294 -0.146302
0.652771 -0.743294 -0.146302
0.815329 0.0 0.578999
0.815329 0.0 0.578998
0.490213 0.0 -0.871603
0.490213 0.0 -0.871603
0.652771 0.743294 -0.146302
0.652771 0.743294 -0.146302
-0.844633 0.0 -0.535345
-0.689989 0.707107 0.154644
-0.535345 0.0 0.844633
-0.689989 -0.707107 0.154644
BONE = 1
BONE_NAME = Root
PARENT_ID = 0
LOCALTM 
MAT 0.975793 0.218699 0.0 0.0
MAT -0.218699 0.975793 0.0 0.0
MAT 0.0 0.0 1.0 0.0
MAT 0.0211319 -0.0417956 0.41522 1.0
WORLDTM 
MAT 1.4812 0.0 -0.331973 0.0
MAT -0.331973 -1.59454e-007 -1.4812 0.0
MAT 0.0 1.51794 -1.58767e-007 0.0
MAT 0.032077 0.630281 0.0634432 1.0
VERTEX = 9
0.0211715 0.630227 0.0408138
0.0309329 0.630178 0.038643
0.0331038 0.630195 0.0484045
0.0233424 0.630244 0.0505753
0.0265632 0.635212 0.0442161
0.0275393 0.635207 0.0439991
0.0277564 0.635209 0.0449752
0.0267803 0.635214 0.0451923
0.0271598 0.635211 0.0445957
INDEX = 14
4 5 7
6 7 5
1 2 5
6 5 2
0 1 4
5 4 1
7 6 3
2 3 6
4 7 0
3 0 7
8 1 0
8 2 1
8 3 2
8 0 3
FACE-NORMAL = 14
-0.00443434 -0.999987 0.00269915
-0.00443434 -0.999987 0.00269915
-0.728526 -0.665303 0.163163
-0.728526 -0.665303 0.163163
0.158398 -0.667713 0.727372
0.158398 -0.667713 0.727372
-0.164331 -0.670199 -0.72376
-0.164331 -0.670199 -0.72376
0.722593 -0.672609 -0.159551
0.722593 -0.672609 -0.159551
-0.150373 0.705915 -0.69215
0.693371 0.703622 -0.15541
0.156644 0.70828 0.688333
-0.6871 0.710572 0.151593
BONE = 2
BONE_NAME = Pelvis
PARENT_ID = 1
LOCALTM 
MAT -0.00323944 -0.00109616 -0.658778 0.0
MAT 0.00108339 0.658785 -0.0011015 0.0
MAT 0.658777 -0.00108878 -0.00323763 0.0
MAT -0.00044549 0.0128244 0.00324795 1.0
WORLDTM 
MAT -0.00443434 -0.999987 0.00269915 0.0
MAT -0.217094 -0.00167212 -0.97615 0.0
MAT 0.97614 -0.00491454 -0.217084 0.0
MAT 0.0271598 0.635211 0.0445957 1.0
VERTEX = 9
0.104507 0.59212 0.018873
0.114178 0.594018 0.0205663
0.113778 0.58858 0.0289488
0.104106 0.586682 0.0272554
0.107423 0.594614 0.0259988
0.10839 0.594804 0.0261682
0.10835 0.59426 0.0270064
0.107383 0.59407 0.0268371
0.107887 0.594437 0.0265026
INDEX = 14
4 5 7
6 7 5
1 2 5
6 5 2
0 1 4
5 4 1
7 6 3
2 3 6
4 7 0
3 0 7
8 1 0
8 2 1
8 3 2
8 0 3
FACE-NORMAL = 14
0.251146 -0.817463 -0.518344
0.251146 -0.817463 -0.518344
-0.550846 -0.687896 -0.472618
-0.550846 -0.687896 -0.472618
0.138228 -0.951078 0.276305
0.138228 -0.951078 0.276305
0.197788 -0.14263 -0.969813
0.197788 -0.14263 -0.969813
0.886862 -0.405812 -0.22089
0.886862 -0.405811 -0.22089
-0.149257 0.962578 -0.2262
0.50627 0.712209 0.486261
-0.205917 0.193489 0.95925
-0.861444 0.443858 0.246788
BONE = 3
BONE_NAME = Bone13
PARENT_ID = 2
LOCALTM 
MAT 0.81494 0.452826 0.361696 0.0
MAT -0.546261 0.80864 0.218405 0.0
MAT -0.193582 -0.375567 0.906353 0.0
MAT 0.0403661 0.000204407 0.0829288 1.0
WORLDTM 
MAT 0.251146 -0.817463 -0.518344 0.0
MAT 0.040065 0.543829 -0.838241 0.0
MAT 0.967119 0.189753 0.169333 0.0
MAT 0.107887 0.594437 0.0265026 1.0
VERTEX = 9
0.184665 0.324675 -0.138846
0.194303 0.326678 -0.137087
0.19167 0.334855 -0.131969
0.182032 0.332852 -0.133728
0.188024 0.331954 -0.139956
0.188988 0.332154 -0.13978
0.188724 0.332972 -0.139268
0.18776 0.332772 -0.139444
0.188374 0.332463 -0.139612
INDEX = 14
4 5 7
6 7 5
1 2 5
6 5 2
0 1 4
5 4 1
7 6 3
2 3 6
4 7 0
3 0 7
8 1 0
8 2 1
8 3 2
8 0 3
FACE-NORMAL = 14
-0.0413113 -0.539601 0.840906
-0.0413113 -0.539601 0.840906
-0.744034 -0.509863 0.431802
-0.744034 -0.509863 0.431802
-0.223381 0.246851 0.942956
-0.223381 0.246851 0.942956
0.168109 -0.968799 0.182118
0.168109 -0.968799 0.182118
0.688763 -0.212086 0.693271
0.688763 -0.212086 0.693271
0.215427 -0.196678 -0.956509
0.710732 0.523195 -0.470241
-0.157004 0.959789 -0.232713
-0.652309 0.239916 -0.71898
BONE = 4
BONE_NAME = Bone20
PARENT_ID = 3
LOCALTM 
MAT -0.00515035 -0.999987 4.82276e-005 0.0
MAT 0.999905 -0.00514999 0.0128552 0.0
MAT -0.0128549 0.000115208 0.999916 0.0
MAT 0.320472 0.0 2.05636e-006 1.0
WORLDTM 
MAT -0.0413114 -0.539602 0.840908 0.0
MAT 0.263348 -0.817747 -0.511802 0.0
MAT 0.963814 0.200308 0.175885 0.0
MAT 0.188374 0.332463 -0.139612 1.0
VERTEX = 9
0.177706 0.235811 0.000491126
0.187344 0.237814 0.00224997
0.187173 0.231694 0.0101565
0.177535 0.229691 0.00839769
0.180636 0.237784 0.00777284
0.1816 0.237984 0.00794872
0.181583 0.237372 0.00873938
0.180619 0.237171 0.00856349
0.181109 0.237578 0.00825611
INDEX = 14
4 5 7
6 7 5
1 2 5
6 5 2
0 1 4
5 4 1
7 6 3
2 3 6
4 7 0
3 0 7
8 1 0
8 2 1
8 3 2
8 0 3
FACE-NORMAL = 14
0.26602 -0.765053 -0.586453
0.26602 -0.765053 -0.586453
-0.53844 -0.660682 -0.523051
-0.53844 -0.660682 -0.523051
0.165256 -0.966706 0.195372
0.165256 -0.966706 0.195372
0.19066 -0.0568801 -0.980007
0.19066 -0.0568799 -0.980007
0.894357 -0.362905 -0.261583
0.894357 -0.362905 -0.261583
-0.176021 0.973739 -0.144392
0.493416 0.682614 0.539054
-0.200188 0.108208 0.973764
-0.869626 0.399334 0.290316
BONE = 5
BONE_NAME = Bone21
PARENT_ID = 4
LOCALTM 
MAT -0.0913198 0.995824 -2.98023e-007 0.0
MAT -0.995821 -0.0913206 -1.22935e-006 0.0
MAT -6.4075e-007 -4.47035e-007 0.999997 0.0
MAT 0.175843 0.0 0.0 1.0
WORLDTM 
MAT 0.266021 -0.765056 -0.586456 0.0
MAT 0.0170884 0.612025 -0.790656 0.0
MAT 0.963812 0.200308 0.175884 0.0
MAT 0.181109 0.237578 0.00825611 1.0
VERTEX = 9
0.20811 0.242784 0.0115894
0.207695 0.239692 0.0210904
0.208712 0.230219 0.0180523
0.209127 0.233311 0.00855129
0.203411 0.23671 0.0141442
0.20337 0.236401 0.0150943
0.203472 0.235453 0.0147904
0.203513 0.235762 0.0138403
0.203441 0.236082 0.0144673
INDEX = 14
4 5 7
6 7 5
1 2 5
6 5 2
0 1 4
5 4 1
7 6 3
2 3 6
4 7 0
3 0 7
8 1 0
8 2 1
8 3 2
8 0 3
FACE-NORMAL = 14
0.993951 0.0840411 0.0707051
0.993951 0.0840411 0.0707051
0.695723 0.286017 -0.658911
0.695723 0.286017 -0.658911
0.740515 -0.647896 -0.178518
0.740515 -0.647896 -0.178518
0.589321 0.760334 0.273116
0.589321 0.760334 0.273116
0.634113 -0.173575 0.753507
0.634113 -0.173575 0.753507
-0.774746 0.610411 0.164827
-0.732135 -0.278035 0.621832
-0.630913 -0.72926 -0.264819
-0.673524 0.159182 -0.721822
BONE = 6
BONE_NAME = Unit_Protoss_Zealot_Leg_Lower_04
PARENT_ID = 5
LOCALTM 
MAT 0.158651 0.0125175 0.987262 0.0
MAT -0.929949 0.337819 0.145163 0.0
MAT -0.331694 -0.94112 0.0652383 0.0
MAT 0.00344278 -0.00544496 0.0223167 1.0
WORLDTM 
MAT 0.993953 0.0840413 0.0707052 0.0
MAT -0.101704 0.947295 0.303807 0.0
MAT -0.0414424 -0.309156 0.950101 0.0
MAT 0.203441 0.236082 0.0144673 1.0
VERTEX = 9
-0.0605163 0.592607 0.0584733
-0.0514809 0.589175 0.0559081
-0.0495442 0.587106 0.0654981
-0.0585796 0.590538 0.0680633
-0.0536676 0.594712 0.0622369
-0.0527641 0.594369 0.0619804
-0.0525704 0.594162 0.0629394
-0.053474 0.594505 0.0631959
-0.053119 0.594437 0.0625882
INDEX = 14
4 5 7
6 7 5
1 2 5
6 5 2
0 1 4
5 4 1
7 6 3
2 3 6
4 7 0
3 0 7
8 1 0
8 2 1
8 3 2
8 0 3
FACE-NORMAL = 14
-0.382244 -0.916172 -0.120496
-0.382244 -0.916172 -0.120496
-0.927303 -0.357762 0.110068
-0.927303 -0.357763 0.110068
-0.111758 -0.766695 0.632209
-0.111758 -0.766696 0.632209
-0.399657 -0.459078 -0.793424
-0.399657 -0.459078 -0.793424
0.415888 -0.868011 -0.271283
0.415888 -0.868011 -0.271283
0.133346 0.794152 -0.59291
0.909186 0.405128 -0.0961886
0.407228 0.50151 0.763317
-0.368612 0.890535 0.266596
BONE = 7
BONE_NAME = Bone13(mirrored)
PARENT_ID = 2
LOCALTM 
MAT 0.917529 0.202137 -0.342463 0.0
MAT -0.208656 0.977822 0.0181221 0.0
MAT 0.33853 0.0548294 0.939356 0.0
MAT 0.0411775 -6.71186e-005 -0.082069 1.0
WORLDTM 
MAT -0.382244 -0.916172 -0.120496 0.0
MAT -0.193664 0.206929 -0.958998 0.0
MAT 0.903539 -0.343234 -0.256527 0.0
MAT -0.053119 0.594437 0.0625882 1.0
VERTEX = 9
-0.18115 0.29681 0.0292877
-0.172105 0.293407 0.0267197
-0.168256 0.302516 0.0282077
-0.177301 0.305919 0.0307756
-0.176264 0.300545 0.0240269
-0.17536 0.300204 0.0237701
-0.174975 0.301115 0.0239189
-0.175879 0.301456 0.0241757
-0.175619 0.30083 0.0239729
INDEX = 14
4 5 7
6 7 5
1 2 5
6 5 2
0 1 4
5 4 1
7 6 3
2 3 6
4 7 0
3 0 7
8 1 0
8 2 1
8 3 2
8 0 3
FACE-NORMAL = 14
0.183276 -0.233435 0.954944
0.183276 -0.233435 0.954944
-0.549764 0.0967694 0.829696
-0.549764 0.0967693 0.829696
0.408695 0.520897 0.749423
0.408695 0.520897 0.749423
-0.163484 -0.833217 0.528225
-0.163484 -0.833217 0.528225
0.794975 -0.409089 0.447951
0.794975 -0.409089 0.447951
-0.401757 -0.479031 -0.780462
0.510039 -0.0755518 -0.856827
0.142566 0.809159 -0.570033
-0.769231 0.405679 -0.493667
BONE = 8
BONE_NAME = Bone20(mirrored)
PARENT_ID = 7
LOCALTM 
MAT 0.0287433 -0.999588 0.000751607 0.0
MAT 0.999583 0.0287464 0.0030508 0.0
MAT -0.00307113 0.000664651 0.999993 0.0
MAT 0.320472 0.0 -1.99676e-006 1.0
WORLDTM 
MAT 0.183277 -0.233436 0.954946 0.0
MAT -0.384895 -0.910888 -0.148796 0.0
MAT 0.904578 -0.34028 -0.256792 0.0
MAT -0.175619 0.30083 0.0239729 1.0
VERTEX = 9
-0.15061 0.258825 0.187205
-0.141564 0.255422 0.184638
-0.140218 0.251986 0.193932
-0.149264 0.255389 0.1965
-0.143911 0.260124 0.191558
-0.143006 0.259784 0.191301
-0.142872 0.25944 0.19223
-0.143776 0.25978 0.192487
-0.143391 0.259782 0.191894
INDEX = 14
4 5 7
6 7 5
1 2 5
6 5 2
0 1 4
5 4 1
7 6 3
2 3 6
4 7 0
3 0 7
8 1 0
8 2 1
8 3 2
8 0 3
FACE-NORMAL = 14
-0.4045 -0.875292 -0.265035
-0.4045 -0.875292 -0.265035
-0.942969 -0.332605 0.0135496
-0.942969 -0.332605 0.0135496
-0.170585 -0.840941 0.513535
-0.170585 -0.840941 0.513535
-0.370608 -0.330137 -0.868136
-0.370608 -0.330137 -0.868136
0.401779 -0.838475 -0.368149
0.401779 -0.838475 -0.368149
0.190882 0.861893 -0.469793
0.925663 0.378304 0.00585083
0.381167 0.375957 0.844611
-0.353616 0.859546 0.368966
BONE = 9
BONE_NAME = Bone21(mirrored)
PARENT_ID = 8
LOCALTM 
MAT -0.122905 0.992423 2.6226e-006 0.0
MAT -0.992418 -0.122908 3.20524e-005 0.0
MAT 3.35872e-005 -1.2815e-006 0.999995 0.0
MAT 0.175843 0.0 0.0 1.0
WORLDTM 
MAT -0.404502 -0.875297 -0.265037 0.0
MAT -0.134552 0.343611 -0.929426 0.0
MAT 0.90458 -0.340285 -0.256759 0.0
MAT -0.143391 0.259782 0.191894 1.0
VERTEX = 9
0.03481 0.626638 0.0529754
0.0251633 0.626854 0.0556011
0.0277801 0.626487 0.0652456
0.0374268 0.626271 0.06262
0.0314942 0.621574 0.0583482
0.0305295 0.621596 0.0586108
0.0307912 0.621559 0.0595752
0.0317558 0.621538 0.0593127
0.0311427 0.621567 0.0589617
INDEX = 14
4 5 7
6 7 5
1 2 5
6 5 2
0 1 4
5 4 1
7 6 3
2 3 6
4 7 0
3 0 7
8 1 0
8 2 1
8 3 2
8 0 3
FACE-NORMAL = 14
0.0304789 0.999092 0.0297592
0.0304789 0.999092 0.0297592
0.737425 0.652296 -0.175255
0.737425 0.652296 -0.175255
0.214897 0.641071 0.736782
0.214897 0.641071 0.736782
-0.174119 0.695644 -0.696966
-0.174119 0.695644 -0.696966
-0.696646 0.684419 0.215071
-0.696646 0.684419 0.215071
-0.20659 -0.680507 -0.703016
-0.703678 -0.691186 0.164619
0.163486 -0.732423 0.66093
0.660574 -0.721744 -0.206704
BONE = 10
BONE_NAME = Lower Chest
PARENT_ID = 1
LOCALTM 
MAT 0.0153055 -0.0235218 0.658189 0.0
MAT -0.0292654 0.657692 0.0241845 0.0
MAT -0.657958 -0.0298007 0.0142351 0.0
MAT 4.50276e-005 0.00301552 -0.00574052 1.0
WORLDTM 
MAT 0.030479 0.999093 0.0297592 0.0
MAT -0.261684 0.0367106 -0.964456 0.0
MAT -0.964673 0.0216081 0.262565 0.0
MAT 0.0311427 0.621567 0.0589617 1.0
VERTEX = 9
0.0401676 0.770439 0.0580319
0.0303763 0.770578 0.0600595
0.0323983 0.770238 0.0698471
0.0421896 0.770099 0.0678194
0.0365686 0.765352 0.0631963
0.0355894 0.765366 0.0633991
0.0357916 0.765332 0.0643778
0.0367708 0.765318 0.0641751
0.0361801 0.765342 0.0637871
INDEX = 14
4 5 7
6 7 5
1 2 5
6 5 2
0 1 4
5 4 1
7 6 3
2 3 6
4 7 0
3 0 7
8 1 0
8 2 1
8 3 2
8 0 3
FACE-NORMAL = 14
0.0205687 0.999324 0.0304863
0.0205687 0.999324 0.0304863
0.74154 0.658131 -0.130319
0.74154 0.658131 -0.130319
0.164055 0.643225 0.747896
0.164055 0.643225 0.747895
-0.136535 0.6938 -0.707107
-0.136535 0.693799 -0.707107
-0.71402 0.678894 0.171108
-0.714021 0.678894 0.171108
-0.157522 -0.682572 -0.71364
-0.706892 -0.696752 0.121819
0.128434 -0.730685 0.670526
0.677804 -0.716505 -0.164933
BONE = 11
BONE_NAME = UpperChest
PARENT_ID = 10
LOCALTM 
MAT 0.999951 0.00190062 0.00975609 0.0
MAT -0.00130018 0.998125 -0.0611933 0.0
MAT -0.00985461 0.0611775 0.998078 0.0
MAT 0.143942 -0.000693969 -0.000485806 1.0
WORLDTM 
MAT 0.0205687 0.999324 0.0304863 0.0
MAT -0.202201 0.0340205 -0.978754 0.0
MAT -0.979128 0.0139667 0.202764 0.0
MAT 0.0361801 0.765342 0.0637871 1.0
VERTEX = 9
0.0495062 0.899563 0.0657051
0.0491375 0.909549 0.0660755
0.0500645 0.909214 0.0760268
0.0504331 0.899228 0.0756565
0.0447823 0.903705 0.0708066
0.0447455 0.904704 0.0708436
0.0448382 0.90467 0.0718387
0.044875 0.903672 0.0718017
0.0448103 0.904188 0.0713226
INDEX = 14
4 5 7
6 7 5
1 2 5
6 5 2
0 1 4
5 4 1
7 6 3
2 3 6
4 7 0
3 0 7
8 1 0
8 2 1
8 3 2
8 0 3
FACE-NORMAL = 14
0.995012 0.0401182 -0.0913308
0.995012 0.0401182 -0.0913308
0.693029 -0.715441 -0.0886272
0.69303 -0.715441 -0.0886272
0.734526 0.00194742 0.678578
0.734526 0.00194743 0.678578
0.596731 0.051728 -0.800773
0.59673 0.051728 -0.800773
0.638227 0.769116 -0.033567
0.638227 0.769116 -0.033567
-0.769123 -0.0046894 -0.639083
-0.729647 0.677773 0.0907704
-0.638036 -0.0520464 0.768245
-0.677512 -0.734509 0.0383908
BONE = 12
BONE_NAME = Bone01
PARENT_ID = 11
LOCALTM 
MAT 0.0577723 -0.110437 -0.992203 0.0
MAT 0.00121934 0.99387 -0.110552 0.0
MAT 0.998328 0.0051772 0.0575537 0.0
MAT 0.139159 -0.00439689 -0.00498279 1.0
WORLDTM 
MAT 0.995012 0.0401182 -0.0913309 0.0
MAT -0.0926927 0.0334865 -0.995133 0.0
MAT -0.036865 0.998634 0.037038 0.0
MAT 0.0448103 0.904188 0.0713226 1.0
VERTEX = 9
0.241251 0.903882 0.0512303
0.250149 0.907559 0.0539345
0.245773 0.912745 0.0612802
0.236875 0.909067 0.058576
0.242637 0.91173 0.0526412
0.243526 0.912097 0.0529116
0.243089 0.912616 0.0536462
0.242199 0.912248 0.0533757
0.242863 0.912173 0.0531437
INDEX = 14
4 5 7
6 7 5
1 2 5
6 5 2
0 1 4
5 4 1
7 6 3
2 3 6
4 7 0
3 0 7
8 1 0
8 2 1
8 3 2
8 0 3
FACE-NORMAL = 14
0.129883 -0.771915 0.622316
0.129883 -0.771915 0.622316
-0.574458 -0.789709 0.215307
-0.574458 -0.789709 0.215307
-0.238363 -0.130925 0.962311
-0.238363 -0.130925 0.962311
0.412138 -0.901843 -0.129696
0.412138 -0.901843 -0.129696
0.748233 -0.243059 0.617309
0.748233 -0.243059 0.617309
0.217574 0.179134 -0.959465
0.537307 0.805845 -0.248829
-0.401257 0.91252 0.0793775
-0.720989 0.285808 -0.631259
BONE = 13
BONE_NAME = Bone02
PARENT_ID = 12
LOCALTM 
MAT 0.0414302 -0.657174 -0.7526 0.0
MAT 0.481683 0.673072 -0.561213 0.0
MAT 0.875365 -0.339261 0.344435 0.0
MAT 0.199045 0.0 -5.36442e-007 1.0
WORLDTM 
MAT 0.129883 -0.771916 0.622317 0.0
MAT 0.43758 -0.518583 -0.734575 0.0
MAT 0.889749 0.367721 0.270419 0.0
MAT 0.242863 0.912173 0.0531437 1.0
VERTEX = 9
0.271901 0.732013 0.18989
0.280758 0.73309 0.194406
0.278577 0.725467 0.2005
0.26972 0.724391 0.195984
0.272856 0.732259 0.197923
0.273742 0.732367 0.198374
0.273524 0.731605 0.198984
0.272638 0.731497 0.198532
0.27319 0.731932 0.198453
INDEX = 14
4 5 7
6 7 5
1 2 5
6 5 2
0 1 4
5 4 1
7 6 3
2 3 6
4 7 0
3 0 7
8 1 0
8 2 1
8 3 2
8 0 3
FACE-NORMAL = 14
0.409839 -0.638276 -0.651641
0.409839 -0.638276 -0.651641
-0.384165 -0.507001 -0.771601
-0.384165 -0.507001 -0.771601
0.112056 -0.993555 0.0170697
0.112057 -0.993555 0.0170696
0.436279 0.139586 -0.888919
0.436279 0.139586 -0.888919
0.932504 -0.346967 -0.100247
0.932504 -0.346967 -0.100247
-0.135581 0.990317 0.0298393
0.336482 0.52745 0.780113
-0.444019 -0.0876576 0.891719
-0.916085 0.375208 0.141444
BONE = 14
BONE_NAME = Bone03
PARENT_ID = 13
LOCALTM 
MAT 0.140401 0.989014 -0.0462701 0.0
MAT -0.939328 0.147829 0.309543 0.0
MAT 0.31298 -3.05474e-006 0.949755 0.0
MAT 0.233498 1.19209e-007 0.0 1.0
WORLDTM 
MAT 0.40984 -0.638278 -0.651643 0.0
MAT 0.2181 0.762246 -0.609444 0.0
MAT 0.885693 0.107653 0.451607 0.0
MAT 0.27319 0.731932 0.198453 1.0
VERTEX = 9
0.35414 0.596694 0.0542891
0.364107 0.596776 0.0534769
0.364772 0.590201 0.0609818
0.354806 0.590119 0.061794
0.359161 0.597539 0.0605803
0.360158 0.597547 0.0604991
0.360224 0.59689 0.0612496
0.359228 0.596881 0.0613308
0.359693 0.597214 0.0609149
INDEX = 14
4 5 7
6 7 5
1 2 5
6 5 2
0 1 4
5 4 1
7 6 3
2 3 6
4 7 0
3 0 7
8 1 0
8 2 1
8 3 2
8 0 3
FACE-NORMAL = 14
-0.0472604 -0.75338 -0.655885
-0.0472604 -0.75338 -0.655885
-0.772422 -0.510085 -0.378388
-0.772422 -0.510085 -0.378388
0.0178698 -0.992725 0.119066
0.0178698 -0.992725 0.119066
-0.0811005 -0.015248 -0.996589
-0.0811005 -0.0152479 -0.996589
0.709203 -0.497885 -0.49914
0.709203 -0.497885 -0.49914
-0.013658 0.997667 -0.0668912
0.738159 0.538523 0.406344
0.0804939 0.0677773 0.994448
-0.671334 0.526918 0.521218
BONE = 15
BONE_NAME = Bone04
PARENT_ID = 14
LOCALTM 
MAT 0.888903 -0.184846 -0.419168 0.0
MAT 0.0420723 0.944052 -0.327107 0.0
MAT 0.456153 0.273126 0.846938 0.0
MAT 0.211064 0.0 0.0 1.0
WORLDTM 
MAT -0.047261 -0.75339 -0.655893 0.0
MAT -0.066576 0.657532 -0.750487 0.0
MAT 0.996646 0.00821195 -0.0812216 0.0
MAT 0.359693 0.597214 0.0609149 1.0
VERTEX = 9
0.411508 0.524074 -0.0228345
0.409526 0.511893 -0.013261
0.408316 0.521637 -0.00111381
0.410298 0.533818 -0.0106873
0.417794 0.522577 -0.0119697
0.417596 0.521359 -0.0110124
0.417475 0.522334 -0.00979766
0.417673 0.523552 -0.010755
0.417635 0.522455 -0.0108837
INDEX = 14
4 5 7
6 7 5
1 2 5
6 5 2
0 1 4
5 4 1
7 6 3
2 3 6
4 7 0
3 0 7
8 1 0
8 2 1
8 3 2
8 0 3
FACE-NORMAL = 14
-0.988879 0.0511982 -0.139631
-0.988879 0.0511982 -0.139631
-0.567208 0.61391 -0.548989
-0.567209 0.61391 -0.548989
-0.71913 0.497952 0.484662
-0.71913 0.497952 0.484661
-0.603923 -0.429438 -0.671461
-0.603923 -0.429438 -0.671461
-0.755847 -0.545443 0.362198
-0.755847 -0.545443 0.362198
0.754044 -0.477329 -0.451192
0.609516 -0.587642 0.532135
0.644444 0.404911 0.648644
0.788975 0.515268 -0.33469
BONE = 16
BONE_NAME = Star2Part_Fire_Blades01
PARENT_ID = 15
LOCALTM 
MAT 0.155764 0.319085 -1.52104 0.0
MAT 1.52506 0.262866 0.21131 0.0
MAT 0.299137 -1.5062 -0.285252 0.0
MAT 0.100675 0.000868976 0.0629691 1.0
WORLDTM 
MAT -1.54454 0.0799672 -0.218092 0.0
MAT 0.121025 -0.97439 -1.21472 0.0
MAT -0.198156 -1.21808 0.95735 0.0
MAT 0.417635 0.522455 -0.0108837 1.0
VERTEX = 9
0.37679 0.628642 0.0124519
0.378423 0.632984 0.00563653
0.377814 0.639984 0.00995085
0.37618 0.635641 0.0167662
0.373221 0.633922 0.0104722
0.373385 0.634356 0.00979062
0.373324 0.635056 0.0102221
0.373161 0.634622 0.0109036
0.373273 0.634489 0.0103471
INDEX = 14
4 5 7
6 7 5
1 2 5
6 5 2
0 1 4
5 4 1
7 6 3
2 3 6
4 7 0
3 0 7
8 1 0
8 2 1
8 3 2
8 0 3
FACE-NORMAL = 14
0.977364 -0.0426475 0.207222
0.977364 -0.0426475 0.207222
0.506502 -0.420026 0.753016
0.506503 -0.420026 0.753016
0.598904 0.602497 0.527553
0.598904 0.602497 0.527553
0.708741 -0.659568 -0.250312
0.708741 -0.659568 -0.250312
0.801151 0.362992 -0.475808
0.801151 0.362992 -0.475808
-0.638855 -0.570148 -0.516522
-0.550951 0.402592 -0.731008
-0.743347 0.630472 0.223473
-0.83126 -0.342304 0.43799
BONE = 17
BONE_NAME = Ref_Weapon Left
PARENT_ID = 15
LOCALTM 
MAT -0.123638 -0.204994 0.788998 0.0
MAT 0.807436 -0.140538 0.0900187 0.0
MAT 0.112107 0.786151 0.221776 0.0
MAT 0.00444287 0.0615547 0.0179483 1.0
WORLDTM 
MAT 0.805842 -0.0351631 0.170856 0.0
MAT 0.0609129 -0.699984 -0.431432 0.0
MAT 0.163395 0.43428 -0.681539 0.0
MAT 0.373273 0.634489 0.0103471 1.0
VERTEX = 9
0.419397 0.522037 -0.0236365
0.419781 0.512782 -0.0274052
0.42187 0.516544 -0.0364319
0.421486 0.525799 -0.0326633
0.415624 0.519785 -0.0304335
0.415662 0.51886 -0.0308104
0.415871 0.519236 -0.031713
0.415833 0.520161 -0.0313362
0.415747 0.519511 -0.0310733
INDEX = 14
4 5 7
6 7 5
1 2 5
6 5 2
0 1 4
5 4 1
7 6 3
2 3 6
4 7 0
3 0 7
8 1 0
8 2 1
8 3 2
8 0 3
FACE-NORMAL = 14
0.977178 -0.0440287 0.207811
0.977178 -0.0440287 0.207811
0.625153 0.65842 0.419126
0.625153 0.65842 0.419126
0.808977 0.250204 -0.531935
0.808977 0.250204 -0.531935
0.498422 -0.309105 0.809957
0.498422 -0.309105 0.809957
0.682244 -0.717378 -0.141111
0.682244 -0.717378 -0.141111
-0.838689 -0.234909 0.491343
-0.663812 -0.623251 -0.413415
-0.543252 0.297169 -0.785218
-0.718128 0.685566 0.119546
BONE = 18
BONE_NAME = Star2Ribbon03
PARENT_ID = 15
LOCALTM 
MAT -0.149292 -0.249965 0.956691 0.0
MAT -0.29872 -0.910912 -0.284614 0.0
MAT 0.942586 -0.328249 0.0612708 0.0
MAT 0.116224 0.0142101 0.062704 1.0
WORLDTM 
MAT 0.97718 -0.0440287 0.207811 0.0
MAT -0.208896 -0.376239 0.902673 0.0
MAT 0.0383712 -0.925466 -0.376866 0.0
MAT 0.415747 0.519511 -0.0310733 1.0
VERTEX = 9
0.0333709 0.990444 0.0154929
0.0335214 0.988706 0.00564629
0.0235299 0.989058 0.0054314
0.0233794 0.990796 0.0152781
0.0287505 0.9849 0.0118309
0.0287656 0.984726 0.0108462
0.0277664 0.984761 0.0108247
0.0277514 0.984935 0.0118094
0.0282585 0.98483 0.0113278
INDEX = 14
4 5 7
6 7 5
1 2 5
6 5 2
0 1 4
5 4 1
7 6 3
2 3 6
4 7 0
3 0 7
8 1 0
8 2 1
8 3 2
8 0 3
FACE-NORMAL = 14
0.0383865 0.984151 -0.17313
0.0383865 0.984151 -0.17313
0.0144888 0.787553 0.616077
0.0144888 0.787553 0.616077
-0.716983 0.684519 -0.131791
-0.716983 0.684519 -0.131791
0.768341 0.632205 -0.0998454
0.768341 0.632205 -0.0998454
0.0368697 0.529171 -0.847714
0.0368697 0.529171 -0.847714
0.679362 -0.720783 0.137617
-0.0164977 -0.818801 -0.573841
-0.733649 -0.671016 0.107227
-0.037789 -0.572998 0.818685
BONE = 19
BONE_NAME = BoneHead
PARENT_ID = 11
LOCALTM 
MAT 0.978997 0.195171 -0.0589442 0.0
MAT -0.0139615 -0.224259 -0.97443 0.0
MAT -0.2034 0.954785 -0.216823 0.0
MAT 0.217578 0.0604135 0.000185098 1.0
WORLDTM 
MAT 0.0383866 0.984151 -0.173131 0.0
MAT 0.99915 -0.035191 0.0214891 0.0
MAT 0.0150552 -0.173809 -0.984665 0.0
MAT 0.0282585 0.98483 0.0113278 1.0
VERTEX = 9
0.0265399 1.08325 0.130399
0.0268275 1.0931 0.132138
0.0271003 1.09483 0.122292
0.0268127 1.08498 0.120553
0.0317882 1.0883 0.12686
0.0318169 1.08928 0.127034
0.0318442 1.08945 0.126049
0.0318154 1.08847 0.125876
0.0318162 1.08888 0.126455
INDEX = 14
4 5 7
6 7 5
1 2 5
6 5 2
0 1 4
5 4 1
7 6 3
2 3 6
4 7 0
3 0 7
8 1 0
8 2 1
8 3 2
8 0 3
FACE-NORMAL = 14
-0.999214 0.0330566 -0.0218659
-0.999214 0.0330566 -0.0218659
-0.689816 -0.709541 -0.143892
-0.689816 -0.709541 -0.143892
-0.648168 0.150809 -0.746414
-0.648168 0.150809 -0.746414
-0.68871 -0.106582 0.71716
-0.68871 -0.106582 0.71716
-0.647062 0.75377 0.114637
-0.647062 0.75377 0.114637
0.687267 -0.145805 0.711621
0.726888 0.67266 0.138433
0.725835 0.0990556 -0.680699
0.686215 -0.71941 -0.10751
BONE = 20
BONE_NAME = Star2Ribbon01
PARENT_ID = 19
LOCALTM 
MAT -0.00203782 -0.999999 0.000741001 0.0
MAT -0.341895 8.32137e-007 -0.939737 0.0
MAT 0.939736 -0.00216695 -0.341894 0.0
MAT 0.0826004 0.00236711 -0.131392 1.0
WORLDTM 
MAT -0.999216 0.0330567 -0.0218659 0.0
MAT -0.0272713 -0.173142 0.984518 0.0
MAT 0.0287608 0.984343 0.173908 0.0
MAT 0.0318162 1.08888 0.126455 1.0
VERTEX = 9
0.0312346 1.09117 0.0092792
0.0306731 1.09077 0.0174954
0.030528 1.08254 0.017084
0.0310894 1.08294 0.00886787
0.0268043 1.08737 0.0125146
0.0267481 1.08733 0.0133362
0.0267336 1.08651 0.0132951
0.0267898 1.08655 0.0124734
0.0267689 1.08694 0.0129048
INDEX = 14
4 5 7
6 7 5
1 2 5
6 5 2
0 1 4
5 4 1
7 6 3
2 3 6
4 7 0
3 0 7
8 1 0
8 2 1
8 3 2
8 0 3
FACE-NORMAL = 14
0.997524 -0.0209395 0.0671431
0.997524 -0.0209395 0.0671431
0.717922 0.0221033 -0.695773
0.717922 0.0221033 -0.695772
0.654223 -0.756261 0.0078351
0.654223 -0.756261 0.00783511
0.680393 0.728245 0.0819976
0.680393 0.728245 0.0819976
0.616694 -0.0501188 0.785606
0.616694 -0.0501188 0.785606
-0.692908 0.720923 -0.0122014
-0.753505 -0.0195465 0.657151
-0.717804 -0.69131 -0.0827533
-0.657206 0.0491595 -0.752106
BONE = 21
BONE_NAME = Ref_Head
PARENT_ID = 19
LOCALTM 
MAT 0.00499576 0.823561 -0.0391272 0.0
MAT 0.803735 -0.0135881 -0.183388 0.0
MAT -0.183824 -0.0370314 -0.802898 0.0
MAT 0.100162 -0.00504776 -0.0193228 1.0
WORLDTM 
MAT 0.822464 -0.0172647 0.0553599 0.0
MAT 0.0145151 0.82335 0.0411327 0.0
MAT -0.0561441 -0.0400565 0.821615 0.0
MAT 0.0267689 1.08694 0.0129048 1.0
VERTEX = 9
0.0295424 0.909912 0.0695673
0.0287171 0.899948 0.0693915
0.0307391 0.899607 0.079179
0.0315644 0.909572 0.0793548
0.0349602 0.904889 0.0728711
0.0348777 0.903892 0.0728535
0.0350799 0.903858 0.0738323
0.0351624 0.904855 0.0738499
0.03502 0.904374 0.0733517
INDEX = 14
4 5 7
6 7 5
1 2 5
6 5 2
0 1 4
5 4 1
7 6 3
2 3 6
4 7 0
3 0 7
8 1 0
8 2 1
8 3 2
8 0 3
FACE-NORMAL = 14
-0.97586 0.0772282 0.204288
-0.97586 0.0772282 0.204288
-0.591466 0.792306 0.149731
-0.591466 0.792305 0.149731
-0.502521 0.0263761 0.864163
-0.502521 0.0263761 0.864163
-0.803111 0.0769498 -0.59084
-0.803111 0.0769498 -0.59084
-0.714165 -0.68898 0.123592
-0.714165 -0.68898 0.123592
0.547059 -0.0305529 -0.836536
0.631674 -0.759193 -0.156887
0.833015 -0.0786644 0.547629
0.7484 0.649976 -0.13202
BONE = 22
BONE_NAME = Bone01(mirrored)
PARENT_ID = 11
LOCALTM 
MAT 0.0633323 -1.31084e-007 0.997993 0.0
MAT -5.55068e-007 1.0 0.0 0.0
MAT -0.997992 -3.91155e-007 0.0633315 0.0
MAT 0.139205 -0.00439692 0.0050171 1.0
WORLDTM 
MAT -0.97586 0.0772282 0.204288 0.0
MAT -0.202202 0.03402 -0.978755 0.0
MAT -0.0825369 -0.996433 -0.0175834 0.0
MAT 0.03502 0.904374 0.0733517 1.0
VERTEX = 9
-0.16522 0.917428 0.113282
-0.158379 0.915023 0.106397
-0.151941 0.912579 0.113648
-0.158782 0.914984 0.120533
-0.157531 0.919942 0.113508
-0.156847 0.919702 0.11282
-0.156203 0.919458 0.113545
-0.156887 0.919698 0.114233
-0.156867 0.9197 0.113527
INDEX = 14
4 5 7
6 7 5
1 2 5
6 5 2
0 1 4
5 4 1
7 6 3
2 3 6
4 7 0
3 0 7
8 1 0
8 2 1
8 3 2
8 0 3
FACE-NORMAL = 14
-0.342693 -0.939366 -0.0123606
-0.342693 -0.939366 -0.0123606
-0.737787 -0.449616 0.503504
-0.737787 -0.449616 0.503504
0.249282 -0.810069 0.530704
0.249282 -0.810069 0.530704
-0.707781 -0.446737 -0.547241
-0.707781 -0.446736 -0.547241
0.279288 -0.80719 -0.520041
0.279288 -0.80719 -0.520041
-0.212914 0.837054 -0.503992
0.7261 0.49415 -0.478116
0.697555 0.49141 0.521473
-0.241459 0.834315 0.495597
BONE = 23
BONE_NAME = Bone02(mirrored)
PARENT_ID = 22
LOCALTM 
MAT 0.25935 0.0494335 0.964517 0.0
MAT 0.499001 0.848199 -0.177649 0.0
MAT -0.826882 0.527366 0.195312 0.0
MAT 0.196646 0.0 -0.000140369 1.0
WORLDTM 
MAT -0.342693 -0.939365 -0.0123606 0.0
MAT -0.6438 0.244408 -0.725115 0.0
MAT 0.684166 -0.240533 -0.688519 0.0
MAT -0.156867 0.9197 0.113527 1.0
VERTEX = 9
-0.245154 0.702217 0.108856
-0.237718 0.701978 0.102174
-0.234451 0.693388 0.106115
-0.241887 0.693627 0.112798
-0.237421 0.700801 0.110777
-0.236677 0.700777 0.110109
-0.23635 0.699918 0.110503
-0.237094 0.699942 0.111172
-0.236885 0.70036 0.11064
INDEX = 14
4 5 7
6 7 5
1 2 5
6 5 2
0 1 4
5 4 1
7 6 3
2 3 6
4 7 0
3 0 7
8 1 0
8 2 1
8 3 2
8 0 3
FACE-NORMAL = 14
-0.583414 -0.511399 -0.630951
-0.583414 -0.511399 -0.630951
-0.942977 -0.324388 0.0746041
-0.942977 -0.324388 0.0746039
-0.147457 -0.980607 -0.129097
-0.147457 -0.980607 -0.129097
-0.633109 0.29639 -0.715071
-0.633109 0.29639 -0.715071
0.162413 -0.359827 -0.918774
0.162413 -0.359827 -0.918774
0.181532 0.969028 0.167427
0.938322 0.344757 -0.026357
0.643539 -0.245799 0.724873
-0.113252 0.378471 0.918659
BONE = 24
BONE_NAME = Bone03(mirrored)
PARENT_ID = 23
LOCALTM 
MAT 0.688121 0.708119 0.158278 0.0
MAT -0.690104 0.706093 -0.158736 0.0
MAT -0.224165 -8.99658e-007 0.97455 0.0
MAT 0.233499 0.0 0.0 1.0
WORLDTM 
MAT -0.583413 -0.511398 -0.630951 0.0
MAT -0.32669 0.859015 -0.394176 0.0
MAT 0.743574 -0.0238383 -0.668224 0.0
MAT -0.236885 0.70036 0.11064 1.0
VERTEX = 9
-0.36613 0.593321 -0.0286049
-0.356278 0.593106 -0.0303096
-0.355381 0.585289 -0.0241372
-0.365232 0.585505 -0.0224324
-0.36056 0.592824 -0.022754
-0.359575 0.592802 -0.0229245
-0.359485 0.59202 -0.0223073
-0.36047 0.592042 -0.0221368
-0.360023 0.592422 -0.0225306
INDEX = 14
4 5 7
6 7 5
1 2 5
6 5 2
0 1 4
5 4 1
7 6 3
2 3 6
4 7 0
3 0 7
8 1 0
8 2 1
8 3 2
8 0 3
FACE-NORMAL = 14
-0.146542 -0.623358 -0.768082
-0.146542 -0.623358 -0.768082
-0.830265 -0.40101 -0.387105
-0.830265 -0.401011 -0.387105
-0.0313357 -0.997993 -0.0550276
-0.0313357 -0.997993 -0.0550277
-0.164727 0.163984 -0.972612
-0.164727 0.163984 -0.972612
0.634212 -0.432999 -0.640536
0.634212 -0.432999 -0.640536
0.0401721 0.993484 0.10666
0.800206 0.425565 0.42257
0.167069 -0.111922 0.979572
-0.592974 0.455997 0.663663
BONE = 25
BONE_NAME = Bone04(mirrored)
PARENT_ID = 24
LOCALTM 
MAT 0.888899 -0.184841 0.419149 0.0
MAT 0.0420691 0.944056 0.327105 0.0
MAT -0.456169 -0.273114 0.846944 0.0
MAT 0.211064 1.78814e-007 1.78814e-007 1.0
WORLDTM 
MAT -0.146541 -0.623355 -0.768078 0.0
MAT -0.0897304 0.781647 -0.617247 0.0
MAT 0.985124 -0.0215145 -0.170473 0.0
MAT -0.360023 0.592422 -0.0225306 1.0
VERTEX = 9
-0.445165 0.533747 -0.0962422
-0.440267 0.520024 -0.0906175
-0.435158 0.527147 -0.0776897
-0.440057 0.54087 -0.0833143
-0.4337 0.531885 -0.0912547
-0.43321 0.530513 -0.0906922
-0.4327 0.531225 -0.0893994
-0.43319 0.532597 -0.0899619
-0.4332 0.531555 -0.0903271
INDEX = 14
4 5 7
6 7 5
1 2 5
6 5 2
0 1 4
5 4 1
7 6 3
2 3 6
4 7 0
3 0 7
8 1 0
8 2 1
8 3 2
8 0 3
FACE-NORMAL = 14
-0.891435 -0.141812 0.430388
-0.891435 -0.141812 0.430388
-0.829463 0.558195 0.0202414
-0.829463 0.558195 0.0202416
-0.353237 0.244101 0.903127
-0.353237 0.244101 0.903127
-0.839441 -0.433836 -0.3273
-0.839441 -0.433836 -0.327301
-0.363214 -0.74793 0.555587
-0.363214 -0.74793 0.555587
0.399073 -0.222189 -0.889591
0.852114 -0.520992 -0.049689
0.861606 0.422742 0.280933
0.408565 0.721544 -0.558971
BONE = 26
BONE_NAME = Star2Part_Fire_Blades02
PARENT_ID = 25
LOCALTM 
MAT -0.174237 -0.463099 -1.48146 0.0
MAT 1.51185 0.287043 -0.267519 0.0
MAT 0.351632 -1.46377 0.416246 0.0
MAT 0.100739 0.000837505 -0.0592208 1.0
WORLDTM 
MAT -1.39233 -0.221496 0.672223 0.0
MAT -0.510843 -0.712295 -1.29279 0.0
MAT 0.489869 -1.3723 0.562467 0.0
MAT -0.4332 0.531555 -0.0903271 1.0
VERTEX = 9
-0.416914 0.62699 -0.0601913
-0.419841 0.632617 -0.0654596
-0.418138 0.638585 -0.0600313
-0.415211 0.632958 -0.0547629
-0.413706 0.632627 -0.0617595
-0.413999 0.63319 -0.0622864
-0.413829 0.633787 -0.0617435
-0.413536 0.633224 -0.0612167
-0.413767 0.633207 -0.0617515
INDEX = 14
4 5 7
6 7 5
1 2 5
6 5 2
0 1 4
5 4 1
7 6 3
2 3 6
4 7 0
3 0 7
8 1 0
8 2 1
8 3 2
8 0 3
FACE-NORMAL = 14
-0.911776 -0.101777 0.397878
-0.911776 -0.101777 0.397878
-0.34609 -0.575317 0.741102
-0.34609 -0.575317 0.741102
-0.456453 0.469923 0.755528
-0.456453 0.469923 0.755528
-0.763438 -0.606091 -0.223194
-0.763438 -0.606091 -0.223194
-0.87381 0.439164 -0.208785
-0.87381 0.439164 -0.208785
0.498703 -0.439848 -0.746879
0.393712 0.554504 -0.733155
0.790742 0.583781 0.184194
0.895742 -0.410586 0.170486
BONE = 27
BONE_NAME = Ref_Weapon Right
PARENT_ID = 25
LOCALTM 
MAT -0.0895074 -0.200611 -0.794697 0.0
MAT 0.813912 -0.11614 -0.0623428 0.0
MAT 0.0968033 0.79124 -0.210626 0.0
MAT 0.0125764 0.0609105 -0.0471373 1.0
WORLDTM 
MAT -0.751758 -0.0839147 0.32805 0.0
MAT -0.170265 -0.596795 -0.542833 0.0
MAT -0.292677 0.562659 -0.526837 0.0
MAT -0.413767 0.633207 -0.0617515 1.0
VERTEX = 9
-0.439788 0.532134 -0.119749
-0.441239 0.523868 -0.125188
-0.445081 0.529405 -0.132576
-0.44363 0.53767 -0.127138
-0.446729 0.530397 -0.123532
-0.446874 0.52957 -0.124076
-0.447258 0.530124 -0.124815
-0.447113 0.53095 -0.124271
-0.446993 0.53026 -0.124173
INDEX = 14
4 5 7
6 7 5
1 2 5
6 5 2
0 1 4
5 4 1
7 6 3
2 3 6
4 7 0
3 0 7
8 1 0
8 2 1
8 3 2
8 0 3
FACE-NORMAL = 14
0.91178 0.101785 -0.397866
0.91178 0.101785 -0.397866
0.717774 0.682448 0.138075
0.717774 0.682448 0.138075
0.324384 0.479593 -0.815332
0.324384 0.479593 -0.815332
0.89552 -0.343421 0.283029
0.89552 -0.343421 0.283029
0.502119 -0.546289 -0.670407
0.502119 -0.546289 -0.670407
-0.373063 -0.463441 0.80377
-0.747301 -0.65642 -0.10322
-0.916395 0.319505 -0.241116
-0.542147 0.512496 0.665902
BONE = 28
BONE_NAME = Star2Ribbon04
PARENT_ID = 25
LOCALTM 
MAT 0.108544 0.24331 0.96385 0.0
MAT -0.278693 -0.923273 0.264439 0.0
MAT 0.954207 -0.297356 -0.0324144 0.0
MAT 0.129564 0.0219544 -0.0670109 1.0
WORLDTM 
MAT 0.911773 0.101784 -0.397863 0.0
MAT 0.38419 -0.553638 0.738865 0.0
MAT -0.145081 -0.826539 -0.543837 0.0
MAT -0.446993 0.53026 -0.124173 1.0
VERTEX = 9
0.0370097 0.879292 0.0632779
0.0383187 0.8793 0.0714184
0.038303 0.871055 0.0714283
0.036994 0.871047 0.0632878
0.0335215 0.875594 0.0676001
0.0336524 0.875595 0.0684141
0.0336508 0.87477 0.0684151
0.0335199 0.87477 0.0676011
0.0335861 0.875182 0.0680076
INDEX = 14
4 5 7
6 7 5
1 2 5
6 5 2
0 1 4
5 4 1
7 6 3
2 3 6
4 7 0
3 0 7
8 1 0
8 2 1
8 3 2
8 0 3
FACE-NORMAL = 14
0.987314 -0.0020656 -0.158764
0.987314 -0.0020656 -0.158764
0.542469 -0.00203786 -0.840073
0.542469 -0.00203786 -0.840073
0.659067 -0.744674 -0.105315
0.659067 -0.744674 -0.105315
0.66189 0.74191 -0.107099
0.66189 0.74191 -0.107099
0.778488 -0.000725767 0.627659
0.778488 -0.000725766 0.627659
-0.696794 0.708566 0.111414
-0.585873 0.00208471 0.8104
-0.69948 -0.705644 0.113111
-0.810401 0.000836493 -0.585875
BONE = 29
BONE_NAME = Ref_HardPoint
PARENT_ID = 11
LOCALTM 
MAT 0.0110507 -0.0365387 -0.82362 0.0
MAT 0.823947 0.0287017 0.00978205 0.0
MAT 0.028237 -0.823194 0.0368992 0.0
MAT 0.109841 0.000130486 0.00492977 1.0
WORLDTM 
MAT 0.814045 -0.0017031 -0.130901 0.0
MAT 0.0015661 0.824503 -0.000989333 0.0
MAT 0.130903 0.000727728 0.814047 0.0
MAT 0.0335861 0.875182 0.0680076 1.0
VERTEX = 9
0.0307255 0.752624 0.0721207
0.0306641 0.752623 0.0784881
0.0306641 0.740347 0.0784873
0.0307255 0.740348 0.07212
0.0259301 0.747099 0.0749397
0.025924 0.747099 0.0755764
0.025924 0.745872 0.0755764
0.0259301 0.745872 0.0749396
0.025927 0.746486 0.075258
INDEX = 14
4 5 7
6 7 5
1 2 5
6 5 2
0 1 4
5 4 1
7 6 3
2 3 6
4 7 0
3 0 7
8 1 0
8 2 1
8 3 2
8 0 3
FACE-NORMAL = 14
0.999953 -5.69038e-007 0.00965151
0.999953 -5.69038e-007 0.00965151
0.676107 4.30868e-005 -0.736803
0.676107 4.30868e-005 -0.736803
0.668933 -0.743295 0.00641312
0.668934 -0.743295 0.00641312
0.668934 0.743293 0.00649993
0.668934 0.743294 0.00649993
0.66176 -4.38481e-005 0.749716
0.66176 -4.38482e-005 0.749716
-0.707074 0.707107 -0.00678336
-0.713898 -4.09489e-005 0.700249
-0.707074 -0.707106 -0.00686594
-0.700249 4.17536e-005 -0.713898
BONE = 30
BONE_NAME = Vol_Target
PARENT_ID = 11
LOCALTM 
MAT 0.0198929 -0.201818 -0.931786 0.0
MAT 1.22677 0.0416932 0.0171601 0.0
MAT 0.019248 -0.621961 0.135123 0.0
MAT -0.0187048 -0.00979555 0.0121016 1.0
WORLDTM 
MAT 0.953554 -5.42634e-007 0.00920367 0.0
MAT 6.72253e-007 1.2276 7.16887e-005 0.0
MAT -0.00614532 -3.72375e-005 0.636731 0.0
MAT 0.025927 0.746486 0.075258 1.0
VERTEX = 9
0.0422584 -0.240362 -0.0446589
0.0444454 -0.241053 -0.0349254
0.0444454 -0.251028 -0.0356336
0.0422584 -0.250337 -0.045367
0.0383636 -0.245239 -0.0395067
0.0385823 -0.245308 -0.0385334
0.0385823 -0.246306 -0.0386042
0.0383636 -0.246237 -0.0395776
0.038473 -0.245772 -0.0390555
INDEX = 14
4 5 7
6 7 5
1 2 5
6 5 2
0 1 4
5 4 1
7 6 3
2 3 6
4 7 0
3 0 7
8 1 0
8 2 1
8 3 2
8 0 3
FACE-NORMAL = 14
0.975792 0.015488 -0.218151
0.975792 0.015488 -0.218151
0.490212 0.0617255 -0.869415
0.490212 0.0617254 -0.869415
0.65277 -0.731067 -0.198574
0.652771 -0.731067 -0.198574
0.652771 0.751789 -0.0932966
0.652771 0.751789 -0.0932965
0.815329 -0.0410036 0.577544
0.815329 -0.0410037 0.577544
-0.689989 0.69438 0.204332
-0.535345 -0.0598155 0.842513
-0.689989 -0.716283 0.10418
-0.844634 0.0379122 -0.534001
BONE = 31
BONE_NAME = HitTestFuzzy
PARENT_ID = 1
LOCALTM 
MAT 0.658707 -0.000352443 0.0102033 0.0
MAT -0.0102032 -0.0455249 0.657133 0.0
MAT 0.000353501 -0.657211 -0.0455248 0.0
MAT 0.0188792 0.0649687 -0.577132 1.0
WORLDTM 
MAT 0.975793 0.015488 -0.218151 0.0
MAT 0.0 0.99749 0.0708184 0.0
MAT 0.2187 -0.0691039 0.973342 0.0
MAT 0.038473 -0.245772 -0.0390555 1.0
VERTEX = 9
0.0298316 0.720586 0.0106778
0.0265118 0.720554 -0.00413408
0.0265047 0.735733 -0.00416604
0.0298244 0.735766 0.0106459
0.0209285 0.727402 0.00565797
0.0205965 0.727399 0.00417677
0.0205958 0.728917 0.00417358
0.0209278 0.72892 0.00565477
0.0207621 0.72816 0.00491577
INDEX = 14
4 5 7
6 7 5
1 2 5
6 5 2
0 1 4
5 4 1
7 6 3
2 3 6
4 7 0
3 0 7
8 1 0
8 2 1
8 3 2
8 0 3
FACE-NORMAL = 14
0.975792 0.0 -0.2187
0.975792 0.0 -0.2187
0.815329 0.00160346 0.578996
0.815329 0.00160346 0.578996
0.65242 0.743292 -0.147867
0.65242 0.743292 -0.147867
0.653121 -0.743292 -0.144738
0.653121 -0.743292 -0.144738
0.490212 -0.00160347 -0.871602
0.490212 -0.00160347 -0.871602
-0.689656 -0.707105 0.156133
-0.844633 -0.00152539 -0.535343
-0.690323 0.707105 0.153156
-0.535345 0.0015254 0.844632
BONE = 32
BONE_NAME = Star2Force01
PARENT_ID = 1
LOCALTM 
MAT 1.0 9.53674e-007 0.0 0.0
MAT 0.0 -0.00215713 -0.999998 0.0
MAT -9.53654e-007 0.999997 -0.00215713 0.0
MAT 0.00115877 0.0392539 0.0644814 1.0
WORLDTM 
MAT 1.4812 0.0 -0.331974 0.0
MAT 0.000716135 -1.51794 0.0031953 0.0
MAT -0.331974 -0.00327456 -1.48119 0.0
MAT 0.0207621 0.72816 0.00491577 1.0
VERTEX = 9
0.0459416 -0.206291 0.0498151
0.0481286 -0.206291 0.059573
0.0481286 -0.216291 0.059573
0.0459416 -0.216291 0.0498151
0.0420468 -0.210791 0.0552996
0.0422655 -0.210791 0.0562754
0.0422655 -0.211791 0.0562754
0.0420468 -0.211791 0.0552996
0.0421562 -0.211291 0.0557875
INDEX = 14
4 5 7
6 7 5
1 2 5
6 5 2
0 1 4
5 4 1
7 6 3
2 3 6
4 7 0
3 0 7
8 1 0
8 2 1
8 3 2
8 0 3
FACE-NORMAL = 14
0.975792 0.0 -0.2187
0.975792 0.0 -0.2187
0.490212 0.0 -0.871603
0.490212 0.0 -0.871603
0.65277 -0.743294 -0.146303
0.652771 -0.743294 -0.146303
0.652771 0.743294 -0.146303
0.65277 0.743294 -0.146303
0.815329 0.0 0.578998
0.815329 0.0 0.578998
-0.689989 0.707107 0.154645
-0.535345 0.0 0.844634
-0.689989 -0.707107 0.154644
-0.844634 0.0 -0.535345
BONE = 33
BONE_NAME = HitTestTight
PARENT_ID = 1
LOCALTM 
MAT 0.658787 6.25849e-007 0.0 0.0
MAT 0.0 0.0 0.658787 0.0
MAT 6.4075e-007 -0.658786 0.0 0.0
MAT 0.00758228 0.00346929 -0.554416 1.0
WORLDTM 
MAT 0.975792 0.0 -0.2187 0.0
MAT 0.0 1.0 0.0 0.0
MAT 0.2187 0.0 0.975792 0.0
MAT 0.0421562 -0.211291 0.0557875 1.0
VERTEX = 9
0.235015 0.0766415 -0.11785
0.235015 0.0866415 -0.11785
0.233278 0.0866415 -0.108002
0.233278 0.0766415 -0.108002
0.229309 0.0811415 -0.114287
0.229309 0.0821415 -0.114287
0.229136 0.0821415 -0.113302
0.229136 0.0811415 -0.113302
0.229222 0.0816415 -0.113795
INDEX = 14
4 5 7
6 7 5
1 2 5
6 5 2
0 1 4
5 4 1
7 6 3
2 3 6
4 7 0
3 0 7
8 1 0
8 2 1
8 3 2
8 0 3
FACE-NORMAL = 14
0.984808 0.0 0.173648
0.984808 0.0 0.173648
0.658802 -0.743294 0.116165
0.658802 -0.743294 0.116165
0.52973 0.0 0.848166
0.52973 0.0 0.848166
0.787874 0.0 -0.615837
0.787873 0.0 -0.615837
0.658802 0.743294 0.116165
0.658802 0.743294 0.116164
-0.573576 0.0 -0.819152
-0.696364 0.707107 -0.122788
-0.819152 0.0 0.573576
-0.696364 -0.707107 -0.122788
BONE = 34
BONE_NAME = Foot_Left
PARENT_ID = 0
LOCALTM 
MAT 0.648778 -0.114397 0.0 0.0
MAT 0.114397 0.648778 0.0 0.0
MAT 0.0 0.0 0.658787 0.0
MAT 0.151009 0.0749664 0.0537843 1.0
WORLDTM 
MAT 0.984808 0.0 0.173648 0.0
MAT 0.173648 0.0 -0.984808 0.0
MAT 0.0 1.0 0.0 0.0
MAT 0.229222 0.0816415 -0.113795 1.0
VERTEX = 9
0.23645 0.081189 -0.141652
0.246334 0.0817078 -0.140224
0.246266 0.0724673 -0.136402
0.236383 0.0719485 -0.13783
0.240108 0.0791578 -0.134724
0.241097 0.0792097 -0.134582
0.24109 0.0782857 -0.134199
0.240102 0.0782338 -0.134342
0.240599 0.0787218 -0.134462
INDEX = 14
4 5 7
6 7 5
1 2 5
6 5 2
0 1 4
5 4 1
7 6 3
2 3 6
4 7 0
3 0 7
8 1 0
8 2 1
8 3 2
8 0 3
