EXPORTER_V17
ANIMATION_EXPORT
BONEOBJECT_COUNT = 43
VERTEX = 9
0.00758971 -0.00758971 -0.00758971
0.00758971 0.00758971 -0.00758971
0.00758971 0.00758971 0.00758971
0.00758971 -0.00758971 0.00758971
0.0 -0.000758971 -0.000758971
0.0 0.000758971 -0.000758971
0.0 0.000758971 0.000758971
0.0 -0.000758971 0.000758971
0.0 0.0 0.0
INDEX = 14
4 5 7
6 7 5
1 2 5
6 5 2
0 1 4
5 4 1
7 6 3
2 3 6
4 7 0
3 0 7
8 1 0
8 2 1
8 3 2
8 0 3
FACE-NORMAL = 14
1.0 0.0 0.0
1.0 0.0 0.0
0.668965 -0.743294 0.0
0.668965 -0.743294 0.0
0.668965 0.0 0.743294
0.668965 0.0 0.743294
0.668965 0.0 -0.743294
0.668965 0.0 -0.743294
0.668965 0.743294 0.0
0.668965 0.743294 0.0
-0.707107 0.0 -0.707107
-0.707107 0.707107 0.0
-0.707107 0.0 0.707107
-0.707107 -0.707107 0.0
BONE = 0
BONE_NAME = Main
PARENT_ID = -1
LOCALTM 
MAT 1.51794 0.0 0.0 0.0
MAT 0.0 0.0 -1.51794 0.0
MAT 0.0 1.51794 0.0 0.0
MAT 0.0 0.0 0.0 1.0
WORLDTM 
MAT 1.51794 0.0 0.0 0.0
MAT 0.0 0.0 -1.51794 0.0
MAT 0.0 1.51794 0.0 0.0
MAT 0.0 0.0 0.0 1.0
VERTEX = 9
0.0341159 0.622691 0.0526972
0.0341159 0.63787 0.0526972
0.0374357 0.63787 0.0675091
0.0374357 0.622691 0.0675091
0.0282038 0.629522 0.0610224
0.0282038 0.63104 0.0610224
0.0285358 0.63104 0.0625036
0.0285358 0.629522 0.0625036
0.0283698 0.630281 0.061763
INDEX = 14
4 5 7
6 7 5
1 2 5
6 5 2
0 1 4
5 4 1
7 6 3
2 3 6
4 7 0
3 0 7
8 1 0
8 2 1
8 3 2
8 0 3
FACE-NORMAL = 14
0.975792 0.0 -0.218699
0.975792 0.0 -0.218699
0.652771 -0.743294 -0.146302
0.652771 -0.743294 -0.146302
0.815329 0.0 0.578999
0.815329 0.0 0.578998
0.490213 0.0 -0.871603
0.490213 0.0 -0.871603
0.652771 0.743294 -0.146302
0.652771 0.743294 -0.146302
-0.844633 0.0 -0.535345
-0.689989 0.707107 0.154644
-0.535345 0.0 0.844633
-0.689989 -0.707107 0.154644
BONE = 1
BONE_NAME = Root
PARENT_ID = 0
LOCALTM 
MAT 0.975793 0.218699 0.0 0.0
MAT -0.218699 0.975793 0.0 0.0
MAT 0.0 0.0 1.0 0.0
MAT 0.0186897 -0.0406887 0.41522 1.0
WORLDTM 
MAT 1.4812 0.0 -0.331973 0.0
MAT -0.331973 -1.59454e-007 -1.4812 0.0
MAT 0.0 1.51794 -1.58767e-007 0.0
MAT 0.0283698 0.630281 0.061763 1.0
VERTEX = 9
0.0174643 0.630227 0.0391336
0.0272257 0.630178 0.0369628
0.0293966 0.630195 0.0467243
0.0196352 0.630244 0.0488951
0.022856 0.635212 0.0425359
0.0238321 0.635207 0.0423188
0.0240492 0.635209 0.043295
0.0230731 0.635214 0.0435121
0.0234526 0.635211 0.0429154
INDEX = 14
4 5 7
6 7 5
1 2 5
6 5 2
0 1 4
5 4 1
7 6 3
2 3 6
4 7 0
3 0 7
8 1 0
8 2 1
8 3 2
8 0 3
FACE-NORMAL = 14
-0.00443429 -0.999987 0.00269937
-0.00443429 -0.999987 0.00269937
-0.728526 -0.665303 0.163163
-0.728526 -0.665303 0.163163
0.158398 -0.667713 0.727372
0.158398 -0.667713 0.727372
-0.164331 -0.670199 -0.72376
-0.164331 -0.670199 -0.72376
0.722593 -0.672609 -0.159551
0.722593 -0.672609 -0.159551
-0.150373 0.705915 -0.692151
0.693371 0.703622 -0.15541
0.156644 0.70828 0.688333
-0.6871 0.710572 0.151593
BONE = 2
BONE_NAME = Pelvis
PARENT_ID = 1
LOCALTM 
MAT -0.00323944 -0.00109631 -0.658778 0.0
MAT 0.00108339 0.658785 -0.00110165 0.0
MAT 0.658777 -0.00108878 -0.00323763 0.0
MAT -0.000445489 0.0128244 0.00324795 1.0
WORLDTM 
MAT -0.00443429 -0.999987 0.00269937 0.0
MAT -0.217094 -0.00167235 -0.97615 0.0
MAT 0.97614 -0.00491454 -0.217084 0.0
MAT 0.0234526 0.635211 0.0429154 1.0
VERTEX = 9
0.1008 0.59212 0.0171928
0.110471 0.594018 0.0188861
0.11007 0.58858 0.0272685
0.100399 0.586682 0.0255752
0.103716 0.594614 0.0243186
0.104683 0.594804 0.0244879
0.104643 0.59426 0.0253262
0.103676 0.59407 0.0251568
0.104179 0.594437 0.0248224
INDEX = 14
4 5 7
6 7 5
1 2 5
6 5 2
0 1 4
5 4 1
7 6 3
2 3 6
4 7 0
3 0 7
8 1 0
8 2 1
8 3 2
8 0 3
FACE-NORMAL = 14
0.251146 -0.817463 -0.518344
0.251146 -0.817463 -0.518344
-0.550846 -0.687896 -0.472618
-0.550846 -0.687896 -0.472618
0.138228 -0.951078 0.276305
0.138228 -0.951078 0.276305
0.197788 -0.14263 -0.969813
0.197788 -0.14263 -0.969813
0.886862 -0.405811 -0.22089
0.886862 -0.405811 -0.22089
-0.149257 0.962578 -0.226201
0.506269 0.712209 0.486261
-0.205917 0.193489 0.95925
-0.861444 0.443858 0.246788
BONE = 3
BONE_NAME = Bone13
PARENT_ID = 2
LOCALTM 
MAT 0.814939 0.452826 0.361696 0.0
MAT -0.546262 0.80864 0.218405 0.0
MAT -0.193582 -0.375567 0.906353 0.0
MAT 0.0403661 0.000204399 0.0829288 1.0
WORLDTM 
MAT 0.251146 -0.817463 -0.518344 0.0
MAT 0.0400649 0.543829 -0.838241 0.0
MAT 0.96712 0.189753 0.169333 0.0
MAT 0.104179 0.594437 0.0248224 1.0
VERTEX = 9
0.180958 0.324675 -0.140526
0.190596 0.326678 -0.138767
0.187963 0.334855 -0.133649
0.178325 0.332852 -0.135408
0.184317 0.331954 -0.141636
0.18528 0.332155 -0.14146
0.185017 0.332972 -0.140948
0.184053 0.332772 -0.141124
0.184667 0.332463 -0.141292
INDEX = 14
4 5 7
6 7 5
1 2 5
6 5 2
0 1 4
5 4 1
7 6 3
2 3 6
4 7 0
3 0 7
8 1 0
8 2 1
8 3 2
8 0 3
FACE-NORMAL = 14
-0.041311 -0.539602 0.840906
-0.041311 -0.539602 0.840906
-0.744034 -0.509862 0.431802
-0.744034 -0.509862 0.431803
-0.22338 0.246851 0.942956
-0.22338 0.246851 0.942956
0.168109 -0.968799 0.182118
0.168109 -0.968799 0.182118
0.688763 -0.212087 0.693271
0.688763 -0.212087 0.693271
0.215426 -0.196678 -0.956509
0.710732 0.523195 -0.470241
-0.157003 0.959789 -0.232713
-0.65231 0.239917 -0.71898
BONE = 4
BONE_NAME = Bone20
PARENT_ID = 3
LOCALTM 
MAT -0.00514993 -0.999987 4.8317e-005 0.0
MAT 0.999905 -0.00514978 0.0128542 0.0
MAT -0.012854 0.000115059 0.999916 0.0
MAT 0.320472 0.0 2.02656e-006 1.0
WORLDTM 
MAT -0.0413111 -0.539603 0.840908 0.0
MAT 0.263348 -0.817747 -0.511802 0.0
MAT 0.963815 0.200308 0.175885 0.0
MAT 0.184667 0.332463 -0.141292 1.0
VERTEX = 9
0.173999 0.235811 -0.00118913
0.183637 0.237814 0.000569704
0.183466 0.231694 0.00847627
0.173828 0.229691 0.00671743
0.176929 0.237783 0.00609258
0.177893 0.237984 0.00626847
0.177876 0.237372 0.00705912
0.176912 0.237171 0.00688324
0.177402 0.237578 0.00657585
INDEX = 14
4 5 7
6 7 5
1 2 5
6 5 2
0 1 4
5 4 1
7 6 3
2 3 6
4 7 0
3 0 7
8 1 0
8 2 1
8 3 2
8 0 3
FACE-NORMAL = 14
0.266019 -0.765053 -0.586454
0.266019 -0.765053 -0.586454
-0.538441 -0.660681 -0.52305
-0.538441 -0.660681 -0.52305
0.165256 -0.966706 0.195372
0.165256 -0.966706 0.195372
0.19066 -0.05688 -0.980007
0.19066 -0.0568799 -0.980007
0.894357 -0.362905 -0.261584
0.894357 -0.362905 -0.261584
-0.176021 0.973739 -0.144392
0.493416 0.682613 0.539054
-0.200188 0.108208 0.973764
-0.869625 0.399334 0.290317
BONE = 5
BONE_NAME = Bone21
PARENT_ID = 4
LOCALTM 
MAT -0.0913203 0.995825 -1.78814e-007 0.0
MAT -0.995821 -0.0913202 -9.76026e-007 0.0
MAT -1.39326e-006 -1.93715e-007 0.999997 0.0
MAT 0.175843 0.0 0.0 1.0
WORLDTM 
MAT 0.266021 -0.765056 -0.586457 0.0
MAT 0.0170885 0.612024 -0.790656 0.0
MAT 0.963812 0.200308 0.175883 0.0
MAT 0.177402 0.237578 0.00657585 1.0
VERTEX = 9
0.204403 0.242784 0.00990909
0.203988 0.239692 0.0194101
0.205005 0.230219 0.016372
0.20542 0.233311 0.00687101
0.199704 0.23671 0.0124639
0.199663 0.236401 0.013414
0.199765 0.235453 0.0131102
0.199806 0.235762 0.0121601
0.199734 0.236081 0.012787
INDEX = 14
4 5 7
6 7 5
1 2 5
6 5 2
0 1 4
5 4 1
7 6 3
2 3 6
4 7 0
3 0 7
8 1 0
8 2 1
8 3 2
8 0 3
FACE-NORMAL = 14
0.993951 0.0840414 0.0707052
0.993951 0.0840414 0.0707052
0.695724 0.286018 -0.65891
0.695724 0.286018 -0.65891
0.740515 -0.647896 -0.178519
0.740515 -0.647896 -0.178519
0.589321 0.760334 0.273116
0.589321 0.760334 0.273116
0.634112 -0.173576 0.753507
0.634112 -0.173576 0.753507
-0.774746 0.61041 0.164828
-0.732135 -0.278036 0.621831
-0.630913 -0.72926 -0.264819
-0.673523 0.159183 -0.721822
BONE = 6
BONE_NAME = Unit_Protoss_Zealot_Leg_Lower_04
PARENT_ID = 5
LOCALTM 
MAT 0.158649 0.0125168 0.987263 0.0
MAT -0.929949 0.337819 0.145163 0.0
MAT -0.331692 -0.94112 0.0652366 0.0
MAT 0.00344278 -0.00544493 0.0223167 1.0
WORLDTM 
MAT 0.993954 0.0840417 0.0707054 0.0
MAT -0.101703 0.947294 0.303808 0.0
MAT -0.0414435 -0.309158 0.9501 0.0
MAT 0.199734 0.236081 0.012787 1.0
VERTEX = 9
-0.0642235 0.592607 0.0567931
-0.0551881 0.589175 0.0542279
-0.0532514 0.587106 0.0638178
-0.0622868 0.590538 0.0663831
-0.0573748 0.594712 0.0605567
-0.0564713 0.594369 0.0603002
-0.0562776 0.594162 0.0612592
-0.0571812 0.594505 0.0615157
-0.0568262 0.594437 0.060908
INDEX = 14
4 5 7
6 7 5
1 2 5
6 5 2
0 1 4
5 4 1
7 6 3
2 3 6
4 7 0
3 0 7
8 1 0
8 2 1
8 3 2
8 0 3
FACE-NORMAL = 14
-0.382243 -0.916172 -0.120495
-0.382243 -0.916172 -0.120495
-0.927303 -0.357762 0.110068
-0.927303 -0.357763 0.110068
-0.111758 -0.766695 0.63221
-0.111758 -0.766695 0.632209
-0.399657 -0.459078 -0.793424
-0.399657 -0.459078 -0.793424
0.415888 -0.868011 -0.271282
0.415888 -0.868011 -0.271282
0.133346 0.794152 -0.59291
0.909186 0.405128 -0.0961888
0.407228 0.501511 0.763316
-0.368612 0.890535 0.266595
BONE = 7
BONE_NAME = Bone13(mirrored)
PARENT_ID = 2
LOCALTM 
MAT 0.917529 0.202136 -0.342463 0.0
MAT -0.208655 0.977822 0.0181221 0.0
MAT 0.338531 0.0548294 0.939356 0.0
MAT 0.0411775 -6.71297e-005 -0.082069 1.0
WORLDTM 
MAT -0.382244 -0.916172 -0.120495 0.0
MAT -0.193664 0.206928 -0.958998 0.0
MAT 0.903539 -0.343234 -0.256527 0.0
MAT -0.0568262 0.594437 0.060908 1.0
VERTEX = 9
-0.184858 0.29681 0.0276076
-0.175812 0.293407 0.0250397
-0.171963 0.302516 0.0265276
-0.181009 0.305919 0.0290955
-0.179971 0.300545 0.0223469
-0.179067 0.300204 0.0220901
-0.178682 0.301115 0.0222389
-0.179586 0.301455 0.0224957
-0.179327 0.30083 0.0222929
INDEX = 14
4 5 7
6 7 5
1 2 5
6 5 2
0 1 4
5 4 1
7 6 3
2 3 6
4 7 0
3 0 7
8 1 0
8 2 1
8 3 2
8 0 3
FACE-NORMAL = 14
0.183276 -0.233434 0.954944
0.183276 -0.233434 0.954944
-0.549764 0.0967697 0.829696
-0.549764 0.0967697 0.829696
0.408695 0.520898 0.749422
0.408695 0.520898 0.749422
-0.163484 -0.833217 0.528226
-0.163484 -0.833217 0.528225
0.794975 -0.409089 0.447952
0.794975 -0.409089 0.447952
-0.401757 -0.479032 -0.780461
0.510039 -0.0755522 -0.856827
0.142565 0.809158 -0.570034
-0.769231 0.405679 -0.493668
BONE = 8
BONE_NAME = Bone20(mirrored)
PARENT_ID = 7
LOCALTM 
MAT 0.0287434 -0.999588 0.00075157 0.0
MAT 0.999583 0.0287463 0.00305077 0.0
MAT -0.00307134 0.000664607 0.999993 0.0
MAT 0.320473 0.0 -1.93715e-006 1.0
WORLDTM 
MAT 0.183277 -0.233435 0.954946 0.0
MAT -0.384895 -0.910889 -0.148795 0.0
MAT 0.904578 -0.34028 -0.256792 0.0
MAT -0.179327 0.30083 0.0222929 1.0
VERTEX = 9
-0.154317 0.258825 0.185525
-0.145271 0.255422 0.182958
-0.143925 0.251986 0.192252
-0.152971 0.255389 0.19482
-0.147618 0.260124 0.189878
-0.146713 0.259784 0.189621
-0.146579 0.25944 0.19055
-0.147483 0.25978 0.190807
-0.147098 0.259782 0.190214
INDEX = 14
4 5 7
6 7 5
1 2 5
6 5 2
0 1 4
5 4 1
7 6 3
2 3 6
4 7 0
3 0 7
8 1 0
8 2 1
8 3 2
8 0 3
FACE-NORMAL = 14
-0.404499 -0.875292 -0.265035
-0.404499 -0.875292 -0.265035
-0.942969 -0.332605 0.0135495
-0.942969 -0.332606 0.0135494
-0.170584 -0.840941 0.513535
-0.170585 -0.840941 0.513535
-0.370607 -0.330138 -0.868136
-0.370607 -0.330137 -0.868136
0.401779 -0.838475 -0.368148
0.40178 -0.838475 -0.368148
0.190882 0.861892 -0.469793
0.925663 0.378305 0.00585095
0.381166 0.375957 0.844611
-0.353616 0.859546 0.368966
BONE = 9
BONE_NAME = Bone21(mirrored)
PARENT_ID = 8
LOCALTM 
MAT -0.122905 0.992424 2.95043e-006 0.0
MAT -0.992418 -0.122909 3.22387e-005 0.0
MAT 3.34829e-005 -1.72853e-006 0.999995 0.0
MAT 0.175843 0.0 0.0 1.0
WORLDTM 
MAT -0.404502 -0.875298 -0.265037 0.0
MAT -0.134551 0.34361 -0.929426 0.0
MAT 0.90458 -0.340285 -0.256759 0.0
MAT -0.147098 0.259782 0.190214 1.0
VERTEX = 9
0.0311028 0.626638 0.0512952
0.0214561 0.626854 0.0539208
0.0240729 0.626487 0.0635654
0.0337196 0.626271 0.0609397
0.0277869 0.621574 0.056668
0.0268223 0.621596 0.0569305
0.027084 0.621559 0.057895
0.0280486 0.621538 0.0576324
0.0274355 0.621567 0.0572815
INDEX = 14
4 5 7
6 7 5
1 2 5
6 5 2
0 1 4
5 4 1
7 6 3
2 3 6
4 7 0
3 0 7
8 1 0
8 2 1
8 3 2
8 0 3
FACE-NORMAL = 14
0.030479 0.999092 0.0297592
0.030479 0.999092 0.0297592
0.737425 0.652296 -0.175255
0.737425 0.652296 -0.175255
0.214897 0.641071 0.736782
0.214897 0.641071 0.736782
-0.174119 0.695644 -0.696966
-0.174119 0.695644 -0.696966
-0.696646 0.684419 0.215071
-0.696646 0.684419 0.215071
-0.20659 -0.680507 -0.703016
-0.703678 -0.691186 0.164619
0.163486 -0.732423 0.66093
0.660574 -0.721744 -0.206704
BONE = 10
BONE_NAME = Lower Chest
PARENT_ID = 1
LOCALTM 
MAT 0.0153055 -0.0235218 0.658189 0.0
MAT -0.0292653 0.657692 0.0241845 0.0
MAT -0.657958 -0.0298006 0.0142351 0.0
MAT 4.50294e-005 0.00301552 -0.00574052 1.0
WORLDTM 
MAT 0.030479 0.999093 0.0297593 0.0
MAT -0.261684 0.0367106 -0.964456 0.0
MAT -0.964673 0.0216081 0.262565 0.0
MAT 0.0274355 0.621567 0.0572815 1.0
VERTEX = 9
0.0364604 0.770439 0.0563517
0.0266691 0.770579 0.0583793
0.0286911 0.770238 0.0681668
0.0384824 0.770099 0.0661392
0.0328614 0.765352 0.0615161
0.0318822 0.765366 0.0617188
0.0320844 0.765332 0.0626976
0.0330636 0.765318 0.0624948
0.0324729 0.765342 0.0621068
INDEX = 14
4 5 7
6 7 5
1 2 5
6 5 2
0 1 4
5 4 1
7 6 3
2 3 6
4 7 0
3 0 7
8 1 0
8 2 1
8 3 2
8 0 3
FACE-NORMAL = 14
0.0205684 0.999324 0.0304864
0.0205684 0.999324 0.0304864
0.74154 0.658131 -0.130319
0.741539 0.658131 -0.130319
0.164055 0.643225 0.747896
0.164055 0.643225 0.747895
-0.136535 0.6938 -0.707107
-0.136535 0.693799 -0.707107
-0.714021 0.678894 0.171108
-0.714021 0.678894 0.171108
-0.157522 -0.682572 -0.71364
-0.706892 -0.696752 0.121819
0.128434 -0.730685 0.670526
0.677804 -0.716504 -0.164933
BONE = 11
BONE_NAME = UpperChest
PARENT_ID = 10
LOCALTM 
MAT 0.999951 0.00190063 0.00975634 0.0
MAT -0.00130014 0.998125 -0.0611932 0.0
MAT -0.00985461 0.0611775 0.998078 0.0
MAT 0.143942 -0.000693969 -0.00048581 1.0
WORLDTM 
MAT 0.0205684 0.999324 0.0304864 0.0
MAT -0.202201 0.0340206 -0.978754 0.0
MAT -0.979128 0.0139667 0.202764 0.0
MAT 0.0324729 0.765342 0.0621068 1.0
VERTEX = 9
0.045799 0.899563 0.0640249
0.0454303 0.909549 0.0643953
0.0463572 0.909214 0.0743466
0.0467259 0.899228 0.0739762
0.0410751 0.903705 0.0691263
0.0410382 0.904704 0.0691634
0.0411309 0.90467 0.0701585
0.0411678 0.903672 0.0701215
0.041103 0.904188 0.0696424
INDEX = 14
4 5 7
6 7 5
1 2 5
6 5 2
0 1 4
5 4 1
7 6 3
2 3 6
4 7 0
3 0 7
8 1 0
8 2 1
8 3 2
8 0 3
FACE-NORMAL = 14
0.995012 0.0401178 -0.0913309
0.995012 0.0401178 -0.0913309
0.693029 -0.715441 -0.0886273
0.693029 -0.715441 -0.0886273
0.734526 0.00194726 0.678578
0.734526 0.00194726 0.678578
0.596731 0.0517276 -0.800773
0.59673 0.0517276 -0.800773
0.638227 0.769116 -0.033567
0.638227 0.769116 -0.033567
-0.769123 -0.00468921 -0.639083
-0.729647 0.677773 0.0907705
-0.638037 -0.052046 0.768245
-0.677513 -0.734508 0.0383909
BONE = 12
BONE_NAME = Bone01
PARENT_ID = 11
LOCALTM 
MAT 0.0577719 -0.110437 -0.992203 0.0
MAT 0.0012192 0.99387 -0.110552 0.0
MAT 0.998328 0.00517708 0.0575531 0.0
MAT 0.139159 -0.00439687 -0.00498279 1.0
WORLDTM 
MAT 0.995013 0.0401179 -0.091331 0.0
MAT -0.0926926 0.0334863 -0.995133 0.0
MAT -0.0368647 0.998633 0.037038 0.0
MAT 0.041103 0.904188 0.0696424 1.0
VERTEX = 9
0.237544 0.903882 0.04955
0.246442 0.907559 0.0522542
0.242066 0.912745 0.0596
0.233168 0.909067 0.0568958
0.23893 0.91173 0.0509609
0.239819 0.912097 0.0512313
0.239382 0.912616 0.0519659
0.238492 0.912248 0.0516955
0.239156 0.912173 0.0514634
INDEX = 14
4 5 7
6 7 5
1 2 5
6 5 2
0 1 4
5 4 1
7 6 3
2 3 6
4 7 0
3 0 7
8 1 0
8 2 1
8 3 2
8 0 3
FACE-NORMAL = 14
0.129883 -0.771915 0.622316
0.129883 -0.771915 0.622316
-0.574458 -0.789709 0.215307
-0.574458 -0.789709 0.215307
-0.238363 -0.130925 0.962311
-0.238363 -0.130925 0.962311
0.412137 -0.901844 -0.129696
0.412137 -0.901844 -0.129696
0.748233 -0.243058 0.617309
0.748233 -0.243058 0.617309
0.217574 0.179133 -0.959465
0.537307 0.805845 -0.248829
-0.401256 0.91252 0.0793773
-0.720989 0.285808 -0.63126
BONE = 13
BONE_NAME = Bone02
PARENT_ID = 12
LOCALTM 
MAT 0.0414298 -0.657174 -0.752599 0.0
MAT 0.481682 0.673072 -0.561213 0.0
MAT 0.875364 -0.339261 0.344435 0.0
MAT 0.199045 0.0 -4.76837e-007 1.0
WORLDTM 
MAT 0.129883 -0.771915 0.622316 0.0
MAT 0.43758 -0.518584 -0.734575 0.0
MAT 0.889748 0.367722 0.270419 0.0
MAT 0.239156 0.912173 0.0514634 1.0
VERTEX = 9
0.268194 0.732013 0.18821
0.277051 0.73309 0.192726
0.27487 0.725468 0.19882
0.266013 0.724391 0.194304
0.269149 0.732259 0.196243
0.270035 0.732367 0.196694
0.269817 0.731605 0.197304
0.268931 0.731497 0.196852
0.269483 0.731932 0.196773
INDEX = 14
4 5 7
6 7 5
1 2 5
6 5 2
0 1 4
5 4 1
7 6 3
2 3 6
4 7 0
3 0 7
8 1 0
8 2 1
8 3 2
8 0 3
FACE-NORMAL = 14
0.409839 -0.638276 -0.651641
0.409839 -0.638276 -0.651641
-0.384165 -0.507 -0.771601
-0.384165 -0.507001 -0.771601
0.112056 -0.993555 0.0170704
0.112057 -0.993555 0.0170703
0.436279 0.139585 -0.888919
0.436279 0.139586 -0.888919
0.932504 -0.346967 -0.100247
0.932504 -0.346967 -0.100247
-0.135581 0.990317 0.0298387
0.336482 0.52745 0.780113
-0.444019 -0.0876569 0.89172
-0.916085 0.375208 0.141444
BONE = 14
BONE_NAME = Bone03
PARENT_ID = 13
LOCALTM 
MAT 0.140401 0.989014 -0.0462692 0.0
MAT -0.939328 0.14783 0.309542 0.0
MAT 0.312981 -2.11969e-006 0.949755 0.0
MAT 0.233498 0.0 0.0 1.0
WORLDTM 
MAT 0.40984 -0.638278 -0.651643 0.0
MAT 0.2181 0.762245 -0.609445 0.0
MAT 0.885692 0.107652 0.451606 0.0
MAT 0.269483 0.731932 0.196773 1.0
VERTEX = 9
0.350433 0.596694 0.0526089
0.3604 0.596776 0.0517967
0.361065 0.590201 0.0593016
0.351099 0.590119 0.0601138
0.355454 0.597539 0.0589001
0.35645 0.597547 0.0588189
0.356517 0.59689 0.0595693
0.35552 0.596881 0.0596506
0.355985 0.597214 0.0592347
INDEX = 14
4 5 7
6 7 5
1 2 5
6 5 2
0 1 4
5 4 1
7 6 3
2 3 6
4 7 0
3 0 7
8 1 0
8 2 1
8 3 2
8 0 3
FACE-NORMAL = 14
-0.0472571 -0.753381 -0.655884
-0.0472571 -0.753381 -0.655884
-0.772423 -0.510083 -0.378388
-0.772423 -0.510083 -0.378388
0.01787 -0.992726 0.119066
0.01787 -0.992726 0.119066
-0.0810964 -0.0152477 -0.99659
-0.0810965 -0.0152475 -0.99659
0.709203 -0.497887 -0.49914
0.709203 -0.497887 -0.499139
-0.0136584 0.997667 -0.066891
0.738159 0.538522 0.406344
0.0804898 0.0677771 0.994448
-0.671334 0.526919 0.521217
BONE = 15
BONE_NAME = Bone04
PARENT_ID = 14
LOCALTM 
MAT 0.888903 -0.184846 -0.419165 0.0
MAT 0.0420718 0.944052 -0.327104 0.0
MAT 0.456157 0.273124 0.846939 0.0
MAT 0.211064 0.0 0.0 1.0
WORLDTM 
MAT -0.0472576 -0.753389 -0.655892 0.0
MAT -0.0665733 0.657532 -0.750485 0.0
MAT 0.996647 0.00820711 -0.0812234 0.0
MAT 0.355985 0.597214 0.0592347 1.0
VERTEX = 9
0.407801 0.524073 -0.0245146
0.40582 0.511893 -0.0149411
0.404609 0.521636 -0.00279395
0.406591 0.533817 -0.0123674
0.414087 0.522577 -0.0136499
0.413889 0.521359 -0.0126926
0.413768 0.522333 -0.0114779
0.413966 0.523551 -0.0124352
0.413928 0.522455 -0.0125639
INDEX = 14
4 5 7
6 7 5
1 2 5
6 5 2
0 1 4
5 4 1
7 6 3
2 3 6
4 7 0
3 0 7
8 1 0
8 2 1
8 3 2
8 0 3
FACE-NORMAL = 14
-0.988881 0.0511974 -0.139621
-0.988881 0.0511974 -0.139621
-0.567207 0.613915 -0.548985
-0.567207 0.613915 -0.548985
-0.719131 0.497946 0.484665
-0.719131 0.497946 0.484665
-0.603922 -0.429441 -0.67146
-0.603922 -0.429441 -0.67146
-0.755849 -0.545439 0.3622
-0.755849 -0.545439 0.3622
0.754045 -0.477324 -0.451196
0.609516 -0.587646 0.53213
0.644444 0.404914 0.648642
0.788976 0.515264 -0.334693
BONE = 16
BONE_NAME = Star2Part_Fire_Blades01
PARENT_ID = 15
LOCALTM 
MAT 0.155762 0.319069 -1.52104 0.0
MAT 1.52506 0.262868 0.211316 0.0
MAT 0.299142 -1.5062 -0.285264 0.0
MAT 0.100675 0.000869036 0.0629691 1.0
WORLDTM 
MAT -1.54454 0.0799658 -0.218075 0.0
MAT 0.121037 -0.974385 -1.21472 0.0
MAT -0.198171 -1.21809 0.95735 0.0
MAT 0.413928 0.522455 -0.0125639 1.0
VERTEX = 9
0.373082 0.628641 0.0107717
0.374716 0.632984 0.00395629
0.374107 0.639984 0.00827061
0.372473 0.635641 0.015086
0.369514 0.633921 0.00879195
0.369678 0.634356 0.00811041
0.369617 0.635056 0.00854185
0.369454 0.634621 0.00922338
0.369566 0.634489 0.0086669
INDEX = 14
4 5 7
6 7 5
1 2 5
6 5 2
0 1 4
5 4 1
7 6 3
2 3 6
4 7 0
3 0 7
8 1 0
8 2 1
8 3 2
8 0 3
FACE-NORMAL = 14
0.977366 -0.0426437 0.207214
0.977366 -0.0426437 0.207214
0.506501 -0.420028 0.753016
0.506501 -0.420028 0.753016
0.598905 0.602499 0.527549
0.598905 0.602499 0.527549
0.708743 -0.659563 -0.250318
0.708743 -0.659564 -0.250318
0.801152 0.362991 -0.475807
0.801152 0.362992 -0.475807
-0.638857 -0.570151 -0.516517
-0.55095 0.402594 -0.731007
-0.743348 0.630468 0.223479
-0.83126 -0.342304 0.43799
BONE = 17
BONE_NAME = Ref_Weapon Left
PARENT_ID = 15
LOCALTM 
MAT -0.12364 -0.204986 0.788998 0.0
MAT 0.807435 -0.140535 0.0900173 0.0
MAT 0.112104 0.786153 0.221783 0.0
MAT 0.00444293 0.0615547 0.0179483 1.0
WORLDTM 
MAT 0.805842 -0.0351599 0.170848 0.0
MAT 0.0609139 -0.69998 -0.431432 0.0
MAT 0.163405 0.434283 -0.681539 0.0
MAT 0.369566 0.634489 0.0086669 1.0
VERTEX = 9
0.41569 0.522036 -0.0253168
0.416074 0.512782 -0.0290854
0.418163 0.516544 -0.0381121
0.417779 0.525799 -0.0343434
0.411917 0.519785 -0.0321137
0.411955 0.51886 -0.0324905
0.412164 0.519236 -0.0333932
0.412126 0.520161 -0.0330163
0.412041 0.51951 -0.0327534
INDEX = 14
4 5 7
6 7 5
1 2 5
6 5 2
0 1 4
5 4 1
7 6 3
2 3 6
4 7 0
3 0 7
8 1 0
8 2 1
8 3 2
8 0 3
FACE-NORMAL = 14
0.977179 -0.0440388 0.207802
0.977179 -0.0440388 0.207802
0.625152 0.658421 0.419125
0.625153 0.658421 0.419125
0.808978 0.250196 -0.531937
0.808978 0.250196 -0.531937
0.498421 -0.309114 0.809954
0.498421 -0.309114 0.809954
0.682246 -0.717375 -0.141115
0.682246 -0.717376 -0.141115
-0.83869 -0.234901 0.491346
-0.663812 -0.623252 -0.413413
-0.543252 0.297179 -0.785215
-0.718129 0.685564 0.11955
BONE = 18
BONE_NAME = Star2Ribbon03
PARENT_ID = 15
LOCALTM 
MAT -0.149283 -0.249963 0.956691 0.0
MAT -0.298717 -0.910911 -0.284615 0.0
MAT 0.942589 -0.328251 0.0612811 0.0
MAT 0.116224 0.0142102 0.062704 1.0
WORLDTM 
MAT 0.977179 -0.0440388 0.207802 0.0
MAT -0.208902 -0.376239 0.902669 0.0
MAT 0.0383838 -0.925469 -0.376866 0.0
MAT 0.412041 0.51951 -0.0327534 1.0
VERTEX = 9
0.0296636 0.990444 0.0138127
0.0298142 0.988706 0.00396607
0.0198227 0.989058 0.00375118
0.0196721 0.990796 0.0135978
0.0250433 0.9849 0.0101507
0.0250583 0.984726 0.00916601
0.0240592 0.984761 0.00914452
0.0240441 0.984935 0.0101292
0.0245512 0.98483 0.0096476
INDEX = 14
4 5 7
6 7 5
1 2 5
6 5 2
0 1 4
5 4 1
7 6 3
2 3 6
4 7 0
3 0 7
8 1 0
8 2 1
8 3 2
8 0 3
FACE-NORMAL = 14
0.0383862 0.984151 -0.17313
0.0383862 0.984151 -0.17313
0.0144884 0.787553 0.616077
0.0144884 0.787553 0.616077
-0.716983 0.684519 -0.131791
-0.716983 0.684519 -0.131791
0.768341 0.632205 -0.0998453
0.768341 0.632205 -0.0998453
0.0368696 0.529171 -0.847714
0.0368696 0.529171 -0.847714
0.679362 -0.720783 0.137617
-0.0164973 -0.818801 -0.573841
-0.733649 -0.671016 0.107226
-0.0377889 -0.572998 0.818685
BONE = 19
BONE_NAME = BoneHead
PARENT_ID = 11
LOCALTM 
MAT 0.978997 0.195171 -0.058944 0.0
MAT -0.0139617 -0.224259 -0.97443 0.0
MAT -0.2034 0.954785 -0.216823 0.0
MAT 0.217578 0.0604135 0.000185096 1.0
WORLDTM 
MAT 0.0383862 0.984152 -0.17313 0.0
MAT 0.99915 -0.0351912 0.0214892 0.0
MAT 0.0150554 -0.173809 -0.984664 0.0
MAT 0.0245512 0.98483 0.0096476 1.0
VERTEX = 9
0.0228326 1.08325 0.128718
0.0231202 1.0931 0.130457
0.0233929 1.09483 0.120612
0.0231053 1.08498 0.118873
0.0280808 1.0883 0.12518
0.0281096 1.08928 0.125354
0.0281369 1.08945 0.124369
0.0281081 1.08847 0.124195
0.0281089 1.08888 0.124775
INDEX = 14
4 5 7
6 7 5
1 2 5
6 5 2
0 1 4
5 4 1
7 6 3
2 3 6
4 7 0
3 0 7
8 1 0
8 2 1
8 3 2
8 0 3
FACE-NORMAL = 14
-0.999214 0.0330567 -0.0218665
-0.999214 0.0330567 -0.0218665
-0.689816 -0.70954 -0.143897
-0.689816 -0.70954 -0.143897
-0.648168 0.150814 -0.746414
-0.648168 0.150814 -0.746414
-0.688711 -0.106587 0.717159
-0.688711 -0.106587 0.717159
-0.647062 0.753769 0.114641
-0.647062 0.753769 0.114641
0.687267 -0.145809 0.711621
0.726887 0.672659 0.138437
0.725836 0.0990601 -0.680698
0.686215 -0.719409 -0.107513
BONE = 20
BONE_NAME = Star2Ribbon01
PARENT_ID = 19
LOCALTM 
MAT -0.00203786 -0.999998 0.000741563 0.0
MAT -0.341901 3.54834e-007 -0.939735 0.0
MAT 0.939734 -0.00216675 -0.3419 0.0
MAT 0.0826004 0.00236711 -0.131392 1.0
WORLDTM 
MAT -0.999215 0.0330567 -0.0218666 0.0
MAT -0.0272721 -0.173149 0.984517 0.0
MAT 0.0287604 0.984342 0.173913 0.0
MAT 0.0281089 1.08888 0.124775 1.0
VERTEX = 9
0.0275273 1.09117 0.00759898
0.0269658 1.09077 0.0158151
0.0268207 1.08254 0.0154038
0.0273821 1.08294 0.00718765
0.023097 1.08737 0.0108343
0.0230408 1.08733 0.011656
0.0230263 1.08651 0.0116148
0.0230825 1.08655 0.0107932
0.0230617 1.08694 0.0112246
INDEX = 14
4 5 7
6 7 5
1 2 5
6 5 2
0 1 4
5 4 1
7 6 3
2 3 6
4 7 0
3 0 7
8 1 0
8 2 1
8 3 2
8 0 3
FACE-NORMAL = 14
0.997524 -0.0209396 0.0671435
0.997524 -0.0209396 0.0671435
0.717923 0.0221037 -0.695772
0.717923 0.0221037 -0.695772
0.654223 -0.756261 0.00783535
0.654223 -0.756261 0.00783536
0.680393 0.728245 0.081998
0.680393 0.728246 0.081998
0.616693 -0.0501195 0.785606
0.616693 -0.0501195 0.785606
-0.692908 0.720923 -0.0122016
-0.753506 -0.0195469 0.65715
-0.717804 -0.69131 -0.0827537
-0.657205 0.0491601 -0.752107
BONE = 21
BONE_NAME = Ref_Head
PARENT_ID = 19
LOCALTM 
MAT 0.00499576 0.82356 -0.0391274 0.0
MAT 0.803735 -0.0135884 -0.183388 0.0
MAT -0.183824 -0.0370325 -0.802898 0.0
MAT 0.100162 -0.00504776 -0.0193228 1.0
WORLDTM 
MAT 0.822463 -0.0172648 0.0553602 0.0
MAT 0.0145145 0.82335 0.0411327 0.0
MAT -0.0561454 -0.040057 0.821615 0.0
MAT 0.0230617 1.08694 0.0112246 1.0
VERTEX = 9
0.0258352 0.909912 0.067887
0.0250098 0.899948 0.0677112
0.0270318 0.899608 0.0774987
0.0278572 0.909572 0.0776746
0.031253 0.904889 0.0711909
0.0311704 0.903892 0.0711733
0.0313726 0.903858 0.072152
0.0314552 0.904855 0.0721696
0.0313128 0.904374 0.0716714
INDEX = 14
4 5 7
6 7 5
1 2 5
6 5 2
0 1 4
5 4 1
7 6 3
2 3 6
4 7 0
3 0 7
8 1 0
8 2 1
8 3 2
8 0 3
FACE-NORMAL = 14
-0.97586 0.0772286 0.204288
-0.97586 0.0772286 0.204288
-0.591466 0.792306 0.149731
-0.591466 0.792306 0.149731
-0.502521 0.0263763 0.864163
-0.502521 0.0263764 0.864163
-0.803111 0.0769501 -0.59084
-0.803111 0.0769501 -0.59084
-0.714165 -0.68898 0.123592
-0.714165 -0.68898 0.123592
0.547059 -0.0305531 -0.836536
0.631674 -0.759193 -0.156887
0.833015 -0.0786647 0.547629
0.7484 0.649976 -0.13202
BONE = 22
BONE_NAME = Bone01(mirrored)
PARENT_ID = 11
LOCALTM 
MAT 0.0633328 -3.83472e-007 0.997993 0.0
MAT -4.95464e-007 1.0 0.0 0.0
MAT -0.997992 -4.65661e-007 0.0633318 0.0
MAT 0.139205 -0.00439688 0.00501711 1.0
WORLDTM 
MAT -0.97586 0.0772287 0.204288 0.0
MAT -0.202201 0.0340201 -0.978754 0.0
MAT -0.0825369 -0.996433 -0.0175833 0.0
MAT 0.0313128 0.904374 0.0716714 1.0
VERTEX = 9
-0.168928 0.917428 0.111602
-0.162086 0.915023 0.104716
-0.155648 0.912579 0.111968
-0.16249 0.914984 0.118853
-0.161238 0.919943 0.111828
-0.160554 0.919702 0.11114
-0.15991 0.919458 0.111865
-0.160595 0.919698 0.112553
-0.160574 0.9197 0.111846
INDEX = 14
4 5 7
6 7 5
1 2 5
6 5 2
0 1 4
5 4 1
7 6 3
2 3 6
4 7 0
3 0 7
8 1 0
8 2 1
8 3 2
8 0 3
FACE-NORMAL = 14
-0.342693 -0.939366 -0.0123605
-0.342693 -0.939366 -0.0123605
-0.737787 -0.449616 0.503503
-0.737787 -0.449616 0.503503
0.249282 -0.810069 0.530703
0.249282 -0.810069 0.530703
-0.707781 -0.446736 -0.547241
-0.707781 -0.446736 -0.547241
0.279288 -0.80719 -0.520041
0.279289 -0.80719 -0.520041
-0.212914 0.837054 -0.503992
0.7261 0.49415 -0.478116
0.697555 0.49141 0.521472
-0.241459 0.834315 0.495597
BONE = 23
BONE_NAME = Bone02(mirrored)
PARENT_ID = 22
LOCALTM 
MAT 0.25935 0.0494334 0.964517 0.0
MAT 0.499002 0.848199 -0.177648 0.0
MAT -0.826882 0.527366 0.195311 0.0
MAT 0.196646 0.0 -0.000140309 1.0
WORLDTM 
MAT -0.342693 -0.939365 -0.0123605 0.0
MAT -0.6438 0.244408 -0.725114 0.0
MAT 0.684167 -0.240532 -0.688518 0.0
MAT -0.160574 0.9197 0.111846 1.0
VERTEX = 9
-0.248861 0.702217 0.107176
-0.241425 0.701979 0.100493
-0.238159 0.693388 0.104435
-0.245594 0.693627 0.111117
-0.241128 0.700801 0.109097
-0.240384 0.700777 0.108429
-0.240058 0.699918 0.108823
-0.240801 0.699942 0.109491
-0.240593 0.70036 0.10896
INDEX = 14
4 5 7
6 7 5
1 2 5
6 5 2
0 1 4
5 4 1
7 6 3
2 3 6
4 7 0
3 0 7
8 1 0
8 2 1
8 3 2
8 0 3
FACE-NORMAL = 14
-0.583414 -0.511399 -0.630951
-0.583414 -0.511399 -0.630951
-0.942977 -0.324389 0.0746044
-0.942977 -0.324389 0.0746043
-0.147457 -0.980607 -0.129097
-0.147457 -0.980607 -0.129097
-0.63311 0.29639 -0.71507
-0.63311 0.29639 -0.71507
0.162413 -0.359827 -0.918774
0.162413 -0.359827 -0.918774
0.181532 0.969028 0.167427
0.938322 0.344757 -0.0263575
0.64354 -0.245799 0.724872
-0.113252 0.37847 0.918659
BONE = 24
BONE_NAME = Bone03(mirrored)
PARENT_ID = 23
LOCALTM 
MAT 0.688121 0.708119 0.158277 0.0
MAT -0.690104 0.706093 -0.158736 0.0
MAT -0.224165 -2.45403e-007 0.974549 0.0
MAT 0.233499 0.0 0.0 1.0
WORLDTM 
MAT -0.583414 -0.511398 -0.63095 0.0
MAT -0.326691 0.859016 -0.394175 0.0
MAT 0.743574 -0.0238376 -0.668224 0.0
MAT -0.240593 0.70036 0.10896 1.0
VERTEX = 9
-0.369837 0.593321 -0.0302849
-0.359986 0.593106 -0.0319896
-0.359089 0.58529 -0.0258171
-0.36894 0.585505 -0.0241124
-0.364268 0.592824 -0.024434
-0.363283 0.592802 -0.0246045
-0.363193 0.592021 -0.0239872
-0.364178 0.592042 -0.0238168
-0.36373 0.592422 -0.0242106
INDEX = 14
4 5 7
6 7 5
1 2 5
6 5 2
0 1 4
5 4 1
7 6 3
2 3 6
4 7 0
3 0 7
8 1 0
8 2 1
8 3 2
8 0 3
FACE-NORMAL = 14
-0.14654 -0.623359 -0.768082
-0.14654 -0.623359 -0.768082
-0.830265 -0.401009 -0.387107
-0.830265 -0.401009 -0.387107
-0.0313331 -0.997993 -0.0550267
-0.0313331 -0.997993 -0.0550268
-0.164728 0.163982 -0.972612
-0.164728 0.163982 -0.972612
0.634213 -0.433001 -0.640534
0.634213 -0.433001 -0.640534
0.0401696 0.993484 0.106659
0.800205 0.425564 0.422572
0.16707 -0.111921 0.979572
-0.592974 0.455999 0.663662
BONE = 25
BONE_NAME = Bone04(mirrored)
PARENT_ID = 24
LOCALTM 
MAT 0.888899 -0.184842 0.419151 0.0
MAT 0.0420719 0.944055 0.327105 0.0
MAT -0.456169 -0.273117 0.846943 0.0
MAT 0.211064 2.38419e-007 1.49012e-007 1.0
WORLDTM 
MAT -0.14654 -0.623355 -0.768077 0.0
MAT -0.0897328 0.781646 -0.617248 0.0
MAT 0.985125 -0.0215169 -0.170471 0.0
MAT -0.36373 0.592422 -0.0242106 1.0
VERTEX = 9
-0.448873 0.533748 -0.0979224
-0.443974 0.520025 -0.0922975
-0.438866 0.527148 -0.0793697
-0.443764 0.540871 -0.0849946
-0.437408 0.531885 -0.0929347
-0.436918 0.530513 -0.0923722
-0.436407 0.531225 -0.0910795
-0.436897 0.532597 -0.091642
-0.436908 0.531555 -0.0920071
INDEX = 14
4 5 7
6 7 5
1 2 5
6 5 2
0 1 4
5 4 1
7 6 3
2 3 6
4 7 0
3 0 7
8 1 0
8 2 1
8 3 2
8 0 3
FACE-NORMAL = 14
-0.891439 -0.141812 0.43038
-0.891439 -0.141812 0.43038
-0.829467 0.55819 0.0202249
-0.829467 0.55819 0.020225
-0.353241 0.244102 0.903125
-0.353242 0.244102 0.903125
-0.83944 -0.433834 -0.327305
-0.83944 -0.433835 -0.327305
-0.363215 -0.747924 0.555593
-0.363215 -0.747925 0.555593
0.399078 -0.22219 -0.889589
0.852118 -0.520987 -0.0496727
0.861606 0.422741 0.280938
0.408566 0.721539 -0.558976
BONE = 26
BONE_NAME = Star2Part_Fire_Blades02
PARENT_ID = 25
LOCALTM 
MAT -0.174226 -0.463096 -1.48146 0.0
MAT 1.51184 0.287043 -0.267517 0.0
MAT 0.35161 -1.46378 0.416242 0.0
MAT 0.100739 0.000837505 -0.0592208 1.0
WORLDTM 
MAT -1.39234 -0.221496 0.672211 0.0
MAT -0.51084 -0.712292 -1.29278 0.0
MAT 0.489875 -1.37229 0.562493 0.0
MAT -0.436908 0.531555 -0.0920071 1.0
VERTEX = 9
-0.420622 0.62699 -0.0618713
-0.423549 0.632617 -0.0671397
-0.421846 0.638585 -0.0617115
-0.418919 0.632959 -0.0564431
-0.417414 0.632628 -0.0634396
-0.417707 0.63319 -0.0639664
-0.417536 0.633787 -0.0634236
-0.417244 0.633224 -0.0628968
-0.417475 0.633207 -0.0634316
INDEX = 14
4 5 7
6 7 5
1 2 5
6 5 2
0 1 4
5 4 1
7 6 3
2 3 6
4 7 0
3 0 7
8 1 0
8 2 1
8 3 2
8 0 3
FACE-NORMAL = 14
-0.91178 -0.101774 0.397868
-0.91178 -0.101774 0.397868
-0.346095 -0.575318 0.741099
-0.346095 -0.575318 0.741099
-0.456462 0.469933 0.755517
-0.456462 0.469933 0.755517
-0.763435 -0.606096 -0.223194
-0.763435 -0.606096 -0.223194
-0.873809 0.439163 -0.208791
-0.873809 0.439163 -0.208791
0.498712 -0.439858 -0.746868
0.393717 0.554505 -0.733151
0.790739 0.583784 0.184194
0.895741 -0.410586 0.170493
BONE = 27
BONE_NAME = Ref_Weapon Right
PARENT_ID = 25
LOCALTM 
MAT -0.0895012 -0.200607 -0.7947 0.0
MAT 0.813908 -0.11615 -0.0623399 0.0
MAT 0.0968028 0.791243 -0.210624 0.0
MAT 0.0125763 0.0609106 -0.0471373 1.0
WORLDTM 
MAT -0.751762 -0.0839129 0.328042 0.0
MAT -0.17026 -0.596801 -0.542823 0.0
MAT -0.292677 0.562661 -0.52684 0.0
MAT -0.417475 0.633207 -0.0634316 1.0
VERTEX = 9
-0.443495 0.532134 -0.121429
-0.444946 0.523868 -0.126868
-0.448788 0.529405 -0.134256
-0.447337 0.53767 -0.128818
-0.450436 0.530397 -0.125212
-0.450581 0.52957 -0.125756
-0.450965 0.530124 -0.126495
-0.45082 0.53095 -0.125951
-0.450701 0.53026 -0.125854
INDEX = 14
4 5 7
6 7 5
1 2 5
6 5 2
0 1 4
5 4 1
7 6 3
2 3 6
4 7 0
3 0 7
8 1 0
8 2 1
8 3 2
8 0 3
FACE-NORMAL = 14
0.911784 0.101778 -0.397858
0.911784 0.101778 -0.397858
0.717776 0.682445 0.138083
0.717776 0.682445 0.138082
0.324387 0.479581 -0.815338
0.324387 0.479581 -0.815338
0.89552 -0.343415 0.283039
0.89552 -0.343415 0.283039
0.502124 -0.546292 -0.670401
0.502124 -0.546292 -0.670401
-0.373067 -0.463429 0.803775
-0.747303 -0.656417 -0.103228
-0.916394 0.319499 -0.241126
-0.542152 0.512499 0.665895
BONE = 28
BONE_NAME = Star2Ribbon04
PARENT_ID = 25
LOCALTM 
MAT 0.108541 0.243302 0.963854 0.0
MAT -0.278706 -0.923266 0.264437 0.0
MAT 0.95421 -0.297355 -0.0324104 0.0
MAT 0.129564 0.0219545 -0.067011 1.0
WORLDTM 
MAT 0.911779 0.101777 -0.397856 0.0
MAT 0.384192 -0.553624 0.738873 0.0
MAT -0.145075 -0.826541 -0.54384 0.0
MAT -0.450701 0.53026 -0.125854 1.0
VERTEX = 9
0.0333024 0.879292 0.0615976
0.0346115 0.8793 0.0697381
0.0345958 0.871055 0.069748
0.0332868 0.871047 0.0616075
0.0298142 0.875594 0.0659198
0.0299451 0.875595 0.0667339
0.0299436 0.87477 0.0667349
0.0298127 0.87477 0.0659208
0.0298789 0.875182 0.0663273
INDEX = 14
4 5 7
6 7 5
1 2 5
6 5 2
0 1 4
5 4 1
7 6 3
2 3 6
4 7 0
3 0 7
8 1 0
8 2 1
8 3 2
8 0 3
FACE-NORMAL = 14
0.987315 -0.00206576 -0.158763
0.987315 -0.00206576 -0.158763
0.542469 -0.00203784 -0.840073
0.542469 -0.00203784 -0.840073
0.659067 -0.744674 -0.105316
0.659067 -0.744674 -0.105316
0.66189 0.74191 -0.107098
0.66189 0.74191 -0.107098
0.778488 -0.000726008 0.627659
0.778488 -0.000726008 0.627659
-0.696794 0.708566 0.111415
-0.585873 0.0020847 0.8104
-0.69948 -0.705644 0.113111
-0.810401 0.000836734 -0.585875
BONE = 29
BONE_NAME = Ref_HardPoint
PARENT_ID = 11
LOCALTM 
MAT 0.0110506 -0.0365389 -0.823621 0.0
MAT 0.823947 0.0287011 0.00978213 0.0
MAT 0.0282368 -0.823194 0.0368992 0.0
MAT 0.109841 0.000130497 0.00492977 1.0
WORLDTM 
MAT 0.814046 -0.00170323 -0.130901 0.0
MAT 0.00156593 0.824503 -0.000988692 0.0
MAT 0.130903 0.000727579 0.814047 0.0
MAT 0.0298789 0.875182 0.0663273 1.0
VERTEX = 9
0.0270183 0.752624 0.0704405
0.0269569 0.752623 0.0768078
0.0269569 0.740348 0.0768071
0.0270183 0.740348 0.0704398
0.0222229 0.747099 0.0732594
0.0222168 0.747099 0.0738962
0.0222168 0.745872 0.0738961
0.0222229 0.745872 0.0732594
0.0222198 0.746486 0.0735778
INDEX = 14
4 5 7
6 7 5
1 2 5
6 5 2
0 1 4
5 4 1
7 6 3
2 3 6
4 7 0
3 0 7
8 1 0
8 2 1
8 3 2
8 0 3
FACE-NORMAL = 14
0.999953 -1.04774e-006 0.00965146
0.999953 -1.04774e-006 0.00965146
0.676107 4.26919e-005 -0.736803
0.676107 4.26919e-005 -0.736803
0.668933 -0.743295 0.00641311
0.668933 -0.743295 0.00641311
0.668934 0.743293 0.00649987
0.668934 0.743293 0.00649987
0.66176 -4.40936e-005 0.749716
0.66176 -4.40936e-005 0.749716
-0.707073 0.707108 -0.00678335
-0.713898 -4.05393e-005 0.700249
-0.707074 -0.707106 -0.00686588
-0.700249 4.2021e-005 -0.713898
BONE = 30
BONE_NAME = Vol_Target
PARENT_ID = 11
LOCALTM 
MAT 0.0198924 -0.201818 -0.931786 0.0
MAT 1.22677 0.0416932 0.0171595 0.0
MAT 0.0192481 -0.621961 0.135123 0.0
MAT -0.0187047 -0.00979552 0.0121016 1.0
WORLDTM 
MAT 0.953555 -9.99122e-007 0.00920363 0.0
MAT 9.51787e-007 1.2276 7.16476e-005 0.0
MAT -0.00614537 -3.71734e-005 0.636731 0.0
MAT 0.0222198 0.746486 0.0735778 1.0
VERTEX = 9
0.0385512 -0.240362 -0.0463391
0.0407382 -0.241053 -0.0366057
0.0407382 -0.251028 -0.0373139
0.0385512 -0.250337 -0.0470473
0.0346564 -0.245239 -0.041187
0.0348751 -0.245308 -0.0402136
0.0348751 -0.246306 -0.0402845
0.0346564 -0.246237 -0.0412578
0.0347658 -0.245772 -0.0407357
INDEX = 14
4 5 7
6 7 5
1 2 5
6 5 2
0 1 4
5 4 1
7 6 3
2 3 6
4 7 0
3 0 7
8 1 0
8 2 1
8 3 2
8 0 3
FACE-NORMAL = 14
0.975792 0.015488 -0.218151
0.975792 0.015488 -0.218151
0.490212 0.0617255 -0.869415
0.490212 0.0617255 -0.869415
0.652771 -0.731067 -0.198574
0.652771 -0.731067 -0.198574
0.652771 0.751789 -0.0932966
0.652771 0.751789 -0.0932965
0.815329 -0.0410036 0.577544
0.815329 -0.0410036 0.577544
-0.689989 0.69438 0.204332
-0.535345 -0.0598155 0.842513
-0.689989 -0.716283 0.10418
-0.844634 0.0379122 -0.534001
BONE = 31
BONE_NAME = HitTestFuzzy
PARENT_ID = 1
LOCALTM 
MAT 0.658707 -0.000352443 0.0102033 0.0
MAT -0.0102032 -0.0455249 0.657133 0.0
MAT 0.00035353 -0.657211 -0.0455248 0.0
MAT 0.0188792 0.0649687 -0.577132 1.0
WORLDTM 
MAT 0.975792 0.015488 -0.218151 0.0
MAT 0.0 0.99749 0.0708184 0.0
MAT 0.2187 -0.0691039 0.973342 0.0
MAT 0.0347658 -0.245772 -0.0407357 1.0
VERTEX = 9
0.0261244 0.720586 0.00899761
0.0228046 0.720554 -0.00581432
0.0227975 0.735733 -0.00584627
0.0261172 0.735766 0.00896565
0.0172213 0.727402 0.00397774
0.0168893 0.727399 0.00249654
0.0168886 0.728917 0.00249335
0.0172206 0.72892 0.00397454
0.0170549 0.72816 0.00323554
INDEX = 14
4 5 7
6 7 5
1 2 5
6 5 2
0 1 4
5 4 1
7 6 3
2 3 6
4 7 0
3 0 7
8 1 0
8 2 1
8 3 2
8 0 3
FACE-NORMAL = 14
0.975792 0.0 -0.2187
0.975792 0.0 -0.2187
0.815329 0.00160346 0.578996
0.815329 0.00160346 0.578996
0.65242 0.743292 -0.147867
0.65242 0.743292 -0.147867
0.653121 -0.743292 -0.144738
0.653121 -0.743292 -0.144738
0.490212 -0.00160347 -0.871602
0.490212 -0.00160347 -0.871602
-0.689656 -0.707105 0.156133
-0.844633 -0.00152539 -0.535343
-0.690323 0.707105 0.153156
-0.535345 0.0015254 0.844632
BONE = 32
BONE_NAME = Star2Force01
PARENT_ID = 1
LOCALTM 
MAT 1.0 9.53674e-007 0.0 0.0
MAT 0.0 -0.00215713 -0.999998 0.0
MAT -9.53654e-007 0.999997 -0.00215713 0.0
MAT 0.00115877 0.0392539 0.0644814 1.0
WORLDTM 
MAT 1.4812 0.0 -0.331974 0.0
MAT 0.000716135 -1.51794 0.0031953 0.0
MAT -0.331974 -0.00327456 -1.48119 0.0
MAT 0.0170549 0.72816 0.00323554 1.0
VERTEX = 9
0.0422344 -0.206291 0.0481348
0.0444214 -0.206291 0.0578927
0.0444214 -0.216291 0.0578927
0.0422344 -0.216291 0.0481348
0.0383396 -0.210791 0.0536194
0.0385583 -0.210791 0.0545952
0.0385583 -0.211791 0.0545952
0.0383396 -0.211791 0.0536194
0.038449 -0.211291 0.0541073
INDEX = 14
4 5 7
6 7 5
1 2 5
6 5 2
0 1 4
5 4 1
7 6 3
2 3 6
4 7 0
3 0 7
8 1 0
8 2 1
8 3 2
8 0 3
FACE-NORMAL = 14
0.975792 0.0 -0.2187
0.975792 0.0 -0.2187
0.490212 0.0 -0.871603
0.490212 0.0 -0.871603
0.65277 -0.743294 -0.146303
0.652771 -0.743294 -0.146303
0.652771 0.743294 -0.146303
0.65277 0.743294 -0.146303
0.815329 0.0 0.578998
0.815329 0.0 0.578998
-0.689989 0.707107 0.154645
-0.535345 0.0 0.844634
-0.689989 -0.707107 0.154644
-0.844634 0.0 -0.535345
BONE = 33
BONE_NAME = HitTestTight
PARENT_ID = 1
LOCALTM 
MAT 0.658787 6.25849e-007 0.0 0.0
MAT 0.0 0.0 0.658787 0.0
MAT 6.4075e-007 -0.658786 0.0 0.0
MAT 0.00758228 0.00346929 -0.554416 1.0
WORLDTM 
MAT 0.975792 0.0 -0.2187 0.0
MAT 0.0 1.0 0.0 0.0
MAT 0.2187 0.0 0.975792 0.0
MAT 0.038449 -0.211291 0.0541073 1.0
VERTEX = 9
0.235015 0.0766415 -0.11785
0.235015 0.0866415 -0.11785
0.233278 0.0866415 -0.108002
0.233278 0.0766415 -0.108002
0.229309 0.0811415 -0.114287
0.229309 0.0821415 -0.114287
0.229136 0.0821415 -0.113302
0.229136 0.0811415 -0.113302
0.229222 0.0816415 -0.113795
INDEX = 14
4 5 7
6 7 5
1 2 5
6 5 2
0 1 4
5 4 1
7 6 3
2 3 6
4 7 0
3 0 7
8 1 0
8 2 1
8 3 2
8 0 3
FACE-NORMAL = 14
0.984808 0.0 0.173648
0.984808 0.0 0.173648
0.658802 -0.743294 0.116165
0.658802 -0.743294 0.116165
0.52973 0.0 0.848166
0.52973 0.0 0.848166
0.787874 0.0 -0.615837
0.787873 0.0 -0.615837
0.658802 0.743294 0.116165
0.658802 0.743294 0.116164
-0.573576 0.0 -0.819152
-0.696364 0.707107 -0.122788
-0.819152 0.0 0.573576
-0.696364 -0.707107 -0.122788
BONE = 34
BONE_NAME = Foot_Left
PARENT_ID = 0
LOCALTM 
MAT 0.648778 -0.114397 0.0 0.0
MAT 0.114397 0.648778 0.0 0.0
MAT 0.0 0.0 0.658787 0.0
MAT 0.151009 0.0749664 0.0537843 1.0
WORLDTM 
MAT 0.984808 0.0 0.173648 0.0
MAT 0.173648 0.0 -0.984808 0.0
MAT 0.0 1.0 0.0 0.0
MAT 0.229222 0.0816415 -0.113795 1.0
VERTEX = 9
0.23645 0.081189 -0.141652
0.246334 0.0817078 -0.140224
0.246266 0.0724673 -0.136402
0.236383 0.0719485 -0.13783
0.240108 0.0791578 -0.134724
0.241097 0.0792097 -0.134582
0.24109 0.0782857 -0.134199
0.240102 0.0782338 -0.134342
0.240599 0.0787218 -0.134462
INDEX = 14
4 5 7
6 7 5
1 2 5
6 5 2
0 1 4
5 4 1
7 6 3
2 3 6
