EXPORTER_V17
ANIMATION_EXPORT
BONEOBJECT_COUNT = 43
VERTEX = 9
0.00758971 -0.00758971 -0.00758971
0.00758971 0.00758971 -0.00758971
0.00758971 0.00758971 0.00758971
0.00758971 -0.00758971 0.00758971
0.0 -0.000758971 -0.000758971
0.0 0.000758971 -0.000758971
0.0 0.000758971 0.000758971
0.0 -0.000758971 0.000758971
0.0 0.0 0.0
INDEX = 14
4 5 7
6 7 5
1 2 5
6 5 2
0 1 4
5 4 1
7 6 3
2 3 6
4 7 0
3 0 7
8 1 0
8 2 1
8 3 2
8 0 3
FACE-NORMAL = 14
1.0 0.0 0.0
1.0 0.0 0.0
0.668965 -0.743294 0.0
0.668965 -0.743294 0.0
0.668965 0.0 0.743294
0.668965 0.0 0.743294
0.668965 0.0 -0.743294
0.668965 0.0 -0.743294
0.668965 0.743294 0.0
0.668965 0.743294 0.0
-0.707107 0.0 -0.707107
-0.707107 0.707107 0.0
-0.707107 0.0 0.707107
-0.707107 -0.707107 0.0
BONE = 0
BONE_NAME = Main
PARENT_ID = -1
LOCALTM 
MAT 1.51794 0.0 0.0 0.0
MAT 0.0 0.0 -1.51794 0.0
MAT 0.0 1.51794 0.0 0.0
MAT 0.0 0.0 0.0 1.0
WORLDTM 
MAT 1.51794 0.0 0.0 0.0
MAT 0.0 0.0 -1.51794 0.0
MAT 0.0 1.51794 0.0 0.0
MAT 0.0 0.0 0.0 1.0
VERTEX = 9
-0.00216717 0.601568 0.0788109
-0.00216717 0.616748 0.0788109
0.00115256 0.616748 0.0936229
0.00115256 0.601568 0.0936229
-0.00807927 0.608399 0.0871362
-0.00807927 0.609917 0.0871362
-0.0077473 0.609917 0.0886174
-0.0077473 0.608399 0.0886174
-0.00791329 0.609158 0.0878768
INDEX = 14
4 5 7
6 7 5
1 2 5
6 5 2
0 1 4
5 4 1
7 6 3
2 3 6
4 7 0
3 0 7
8 1 0
8 2 1
8 3 2
8 0 3
FACE-NORMAL = 14
0.975792 0.0 -0.218699
0.975792 0.0 -0.218699
0.652771 -0.743294 -0.146302
0.652771 -0.743294 -0.146302
0.815329 0.0 0.578999
0.815329 0.0 0.578998
0.490213 0.0 -0.871603
0.490213 0.0 -0.871603
0.652771 0.743294 -0.146302
0.652771 0.743294 -0.146302
-0.844633 0.0 -0.535345
-0.689989 0.707107 0.154644
-0.535345 0.0 0.844633
-0.689989 -0.707107 0.154644
BONE = 1
BONE_NAME = Root
PARENT_ID = 0
LOCALTM 
MAT 0.975793 0.218699 0.0 0.0
MAT -0.218699 0.975793 0.0 0.0
MAT 0.0 0.0 1.0 0.0
MAT -0.00521317 -0.0578921 0.401305 1.0
WORLDTM 
MAT 1.4812 0.0 -0.331973 0.0
MAT -0.331973 -1.59454e-007 -1.4812 0.0
MAT 0.0 1.51794 -1.58767e-007 0.0
MAT -0.00791329 0.609158 0.0878768 1.0
VERTEX = 9
-0.0188188 0.609104 0.0652474
-0.00905744 0.609055 0.0630766
-0.0068865 0.609072 0.0728381
-0.0166479 0.609121 0.0750089
-0.0134271 0.61409 0.0686497
-0.012451 0.614085 0.0684326
-0.0122339 0.614087 0.0694088
-0.01321 0.614091 0.0696258
-0.0128305 0.614088 0.0690292
INDEX = 14
4 5 7
6 7 5
1 2 5
6 5 2
0 1 4
5 4 1
7 6 3
2 3 6
4 7 0
3 0 7
8 1 0
8 2 1
8 3 2
8 0 3
FACE-NORMAL = 14
-0.0044343 -0.999987 0.00269932
-0.0044343 -0.999987 0.00269932
-0.728526 -0.665303 0.163163
-0.728526 -0.665303 0.163163
0.158398 -0.667713 0.727372
0.158398 -0.667713 0.727372
-0.164331 -0.670199 -0.72376
-0.164331 -0.670199 -0.72376
0.722593 -0.672609 -0.159551
0.722593 -0.672609 -0.159551
-0.150373 0.705915 -0.69215
0.693371 0.703622 -0.15541
0.156644 0.70828 0.688333
-0.6871 0.710572 0.151593
BONE = 2
BONE_NAME = Pelvis
PARENT_ID = 1
LOCALTM 
MAT -0.00323944 -0.00109628 -0.658778 0.0
MAT 0.00108339 0.658785 -0.00110162 0.0
MAT 0.658778 -0.00108877 -0.00323763 0.0
MAT -0.000445489 0.0128244 0.00324795 1.0
WORLDTM 
MAT -0.0044343 -0.999987 0.00269932 0.0
MAT -0.217094 -0.0016723 -0.97615 0.0
MAT 0.976141 -0.00491454 -0.217084 0.0
MAT -0.0128305 0.614088 0.0690292 1.0
VERTEX = 9
0.0645905 0.570903 0.0433035
0.0738962 0.574261 0.0447632
0.0747599 0.568373 0.0527999
0.0654541 0.565016 0.0513402
0.0673878 0.573441 0.0504613
0.0683184 0.573777 0.0506073
0.0684048 0.573188 0.051411
0.0674742 0.572852 0.051265
0.0678963 0.573315 0.0509362
INDEX = 14
4 5 7
6 7 5
1 2 5
6 5 2
0 1 4
5 4 1
7 6 3
2 3 6
4 7 0
3 0 7
8 1 0
8 2 1
8 3 2
8 0 3
FACE-NORMAL = 14
0.355773 -0.735268 -0.576894
0.355773 -0.735268 -0.576894
-0.45369 -0.741427 -0.49442
-0.45369 -0.741427 -0.49442
0.302193 -0.929501 0.211442
0.302193 -0.929501 0.211442
0.173806 -0.0542366 -0.983285
0.173806 -0.0542364 -0.983285
0.929689 -0.24231 -0.277423
0.929689 -0.24231 -0.277423
-0.312638 0.936239 -0.160356
0.406445 0.757322 0.511142
-0.190501 0.103587 0.976206
-0.909584 0.282504 0.304709
BONE = 3
BONE_NAME = Bone13
PARENT_ID = 2
LOCALTM 
MAT 0.732124 0.487128 0.476133 0.0
MAT -0.590552 0.802267 0.0872676 0.0
MAT -0.339475 -0.345072 0.875034 0.0
MAT 0.0403662 0.000204399 0.0829288 1.0
WORLDTM 
MAT 0.355773 -0.735269 -0.576894 0.0
MAT -0.0863634 0.588774 -0.803671 0.0
MAT 0.930574 0.335747 0.14597 0.0
MAT 0.0678963 0.573315 0.0509362 1.0
VERTEX = 9
0.179687 0.329334 -0.134536
0.188963 0.33274 -0.133002
0.185474 0.339176 -0.12619
0.176198 0.33577 -0.127723
0.181624 0.33719 -0.134359
0.182552 0.33753 -0.134206
0.182203 0.338174 -0.133525
0.181275 0.337833 -0.133678
0.181914 0.337682 -0.133942
INDEX = 14
4 5 7
6 7 5
1 2 5
6 5 2
0 1 4
5 4 1
7 6 3
2 3 6
4 7 0
3 0 7
8 1 0
8 2 1
8 3 2
8 0 3
FACE-NORMAL = 14
0.133325 -0.685419 0.715839
0.133325 -0.685419 0.715839
-0.600315 -0.711664 0.364906
-0.600315 -0.711664 0.364906
-0.170133 0.0198592 0.985221
-0.170133 0.019859 0.985221
0.348512 -0.936901 -0.0274787
0.348512 -0.936901 -0.0274788
0.778694 -0.205378 0.592836
0.778694 -0.205378 0.592836
0.152423 0.0295741 -0.987873
0.561661 0.725483 -0.397758
-0.340973 0.939755 -0.0244765
-0.750211 0.243846 -0.614591
BONE = 4
BONE_NAME = Bone20
PARENT_ID = 3
LOCALTM 
MAT 0.138437 -0.99037 -0.00156809 0.0
MAT 0.990332 0.138417 0.00913854 0.0
MAT -0.00883409 -0.00281791 0.999958 0.0
MAT 0.320472 0.0 1.99676e-006 1.0
WORLDTM 
MAT 0.133325 -0.685419 0.715839 0.0
MAT 0.348883 -0.643595 -0.681225 0.0
MAT 0.927635 0.340569 0.153325 0.0
MAT 0.181914 0.337682 -0.133942 1.0
VERTEX = 9
0.201868 0.215464 -0.0158099
0.211145 0.21887 -0.0142772
0.212374 0.21221 -0.0069196
0.203098 0.208804 -0.00845231
0.204833 0.217318 -0.00851093
0.20576 0.217659 -0.00835766
0.205883 0.216993 -0.0076219
0.204956 0.216652 -0.00777517
0.205358 0.217156 -0.00806642
INDEX = 14
4 5 7
6 7 5
1 2 5
6 5 2
0 1 4
5 4 1
7 6 3
2 3 6
4 7 0
3 0 7
8 1 0
8 2 1
8 3 2
8 0 3
FACE-NORMAL = 14
0.35269 -0.663661 -0.65967
0.35269 -0.663661 -0.65967
-0.45356 -0.697146 -0.555221
-0.45356 -0.697146 -0.555221
0.327345 -0.938987 0.105591
0.327345 -0.938987 0.105591
0.14453 0.0510548 -0.988182
0.14453 0.0510549 -0.988182
0.925435 -0.190786 -0.32737
0.925435 -0.190786 -0.32737
-0.336347 0.9402 -0.0538048
0.40654 0.710133 0.574836
-0.162432 -0.00164136 0.986718
-0.905319 0.228425 0.358078
BONE = 5
BONE_NAME = Bone21
PARENT_ID = 4
LOCALTM 
MAT 0.029691 0.999558 1.98185e-006 0.0
MAT -0.999559 0.0296909 -7.4327e-005 0.0
MAT -7.35968e-005 3.12924e-007 1.0 0.0
MAT 0.175843 0.0 -1.49012e-007 1.0
WORLDTM 
MAT 0.35269 -0.663661 -0.659669 0.0
MAT -0.122976 0.665983 -0.735761 0.0
MAT 0.927626 0.34062 0.153272 0.0
MAT 0.205358 0.217156 -0.00806642 1.0
VERTEX = 9
0.231324 0.226423 -0.00539406
0.231916 0.222578 0.00381849
0.234265 0.213663 -5.30533e-005
0.233672 0.217507 -0.0092656
0.227796 0.219484 -0.00317786
0.227855 0.2191 -0.00225661
0.22809 0.218208 -0.00264376
0.228031 0.218592 -0.00356502
0.227943 0.218846 -0.00291081
INDEX = 14
4 5 7
6 7 5
1 2 5
6 5 2
0 1 4
5 4 1
7 6 3
2 3 6
4 7 0
3 0 7
8 1 0
8 2 1
8 3 2
8 0 3
FACE-NORMAL = 14
0.970217 0.239325 0.0374513
0.970217 0.239325 0.0374513
0.60499 0.445838 -0.659709
0.60499 0.445838 -0.659709
0.823623 -0.502619 -0.262716
0.823623 -0.502619 -0.262716
0.474459 0.822818 0.312823
0.474459 0.822819 0.312823
0.693092 -0.125637 0.709816
0.693092 -0.125638 0.709816
-0.852129 0.461226 0.247277
-0.64414 -0.441055 0.624943
-0.519965 -0.799682 -0.300241
-0.727953 0.102598 -0.677907
BONE = 6
BONE_NAME = Unit_Protoss_Zealot_Leg_Lower_04
PARENT_ID = 5
LOCALTM 
MAT 0.15865 0.0125181 0.987255 0.0
MAT -0.929949 0.337819 0.145158 0.0
MAT -0.331696 -0.941128 0.065236 0.0
MAT 0.00344278 -0.00544493 0.0223168 1.0
WORLDTM 
MAT 0.970218 0.239325 0.0374514 0.0
MAT -0.234875 0.891596 0.387154 0.0
MAT 0.0592653 -0.384421 0.921254 0.0
MAT 0.227943 0.218846 -0.00291081 1.0
VERTEX = 9
-0.100233 0.571212 0.0825678
-0.0909654 0.568123 0.0804303
-0.0894025 0.56612 0.0901021
-0.0986698 0.569209 0.0922397
-0.0936509 0.573569 0.086645
-0.0927242 0.57326 0.0864313
-0.0925679 0.57306 0.0873985
-0.0934946 0.573369 0.0876122
-0.0931094 0.573315 0.0870217
INDEX = 14
4 5 7
6 7 5
1 2 5
6 5 2
0 1 4
5 4 1
7 6 3
2 3 6
4 7 0
3 0 7
8 1 0
8 2 1
8 3 2
8 0 3
FACE-NORMAL = 14
-0.341649 -0.929736 -0.137354
-0.341649 -0.929736 -0.137354
-0.917391 -0.392306 0.0669991
-0.917391 -0.392306 0.0669991
-0.112375 -0.770858 0.627017
-0.112375 -0.770858 0.627016
-0.344728 -0.473064 -0.810786
-0.344727 -0.473064 -0.810786
0.460289 -0.851616 -0.250769
0.460289 -0.851616 -0.250769
0.131062 0.799071 -0.586778
0.896886 0.438949 -0.0540249
0.352103 0.515775 0.781025
-0.413721 0.875897 0.248272
BONE = 7
BONE_NAME = Bone13(mirrored)
PARENT_ID = 2
LOCALTM 
MAT 0.930869 0.209802 -0.299111 0.0
MAT -0.202236 0.977711 0.0564053 0.0
MAT 0.304278 0.007985 0.95255 0.0
MAT 0.0411775 -6.71148e-005 -0.082069 1.0
WORLDTM 
MAT -0.34165 -0.929737 -0.137354 0.0
MAT -0.156299 0.200321 -0.967183 0.0
MAT 0.92674 -0.308969 -0.213756 0.0
MAT -0.0931094 0.573315 0.0870217 1.0
VERTEX = 9
-0.207814 0.271796 0.0489301
-0.198525 0.268745 0.046829
-0.195399 0.278244 0.0468547
-0.204688 0.281295 0.0489558
-0.203221 0.275038 0.0431078
-0.202292 0.274733 0.0428977
-0.20198 0.275683 0.0429002
-0.202909 0.275988 0.0431103
-0.202601 0.27536 0.043004
INDEX = 14
4 5 7
6 7 5
1 2 5
6 5 2
0 1 4
5 4 1
7 6 3
2 3 6
4 7 0
3 0 7
8 1 0
8 2 1
8 3 2
8 0 3
FACE-NORMAL = 14
0.198796 -0.0680638 0.977675
0.198796 -0.0680638 0.977675
-0.557425 0.181244 0.810203
-0.557425 0.181244 0.810203
0.365331 0.660512 0.65594
0.365331 0.660512 0.65594
-0.0993564 -0.751577 0.65212
-0.0993565 -0.751577 0.65212
0.823399 -0.272309 0.497857
0.823399 -0.272309 0.497857
-0.361602 -0.623542 -0.693137
0.51623 -0.167608 -0.83989
0.0804623 0.719799 -0.689503
-0.797369 0.263864 -0.542751
BONE = 8
BONE_NAME = Bone20(mirrored)
PARENT_ID = 7
LOCALTM 
MAT -0.138924 -0.990297 -0.00372271 0.0
MAT 0.990291 -0.138939 0.00434837 0.0
MAT -0.00482374 -0.00308248 0.999984 0.0
MAT 0.320473 0.0 -1.96695e-006 1.0
WORLDTM 
MAT 0.198796 -0.0680638 0.977675 0.0
MAT -0.312586 -0.949885 -0.00256965 0.0
MAT 0.928854 -0.305097 -0.210109 0.0
MAT -0.202601 0.27536 0.043004 1.0
VERTEX = 9
-0.174583 0.262102 0.209904
-0.165294 0.259051 0.207805
-0.164259 0.255749 0.217187
-0.173548 0.2588 0.219286
-0.16816 0.263709 0.214558
-0.167231 0.263404 0.214348
-0.167127 0.263074 0.215286
-0.168056 0.263379 0.215496
-0.167643 0.263392 0.214922
INDEX = 14
4 5 7
6 7 5
1 2 5
6 5 2
0 1 4
5 4 1
7 6 3
2 3 6
4 7 0
3 0 7
8 1 0
8 2 1
8 3 2
8 0 3
FACE-NORMAL = 14
-0.355574 -0.893214 -0.2752
-0.355574 -0.893214 -0.2752
-0.928311 -0.370741 -0.0280892
-0.928311 -0.370741 -0.0280893
-0.160928 -0.843012 0.513257
-0.160928 -0.843012 0.513257
-0.314805 -0.352046 -0.881454
-0.314805 -0.352046 -0.881454
0.452578 -0.824317 -0.340109
0.452579 -0.824317 -0.340109
0.178236 0.86513 -0.468809
0.908259 0.415851 0.0461812
0.324622 0.398066 0.858
-0.405402 0.847345 0.34301
BONE = 9
BONE_NAME = Bone21(mirrored)
PARENT_ID = 8
LOCALTM 
MAT -0.278947 0.960307 6.22869e-005 0.0
MAT -0.960307 -0.278947 0.000215136 0.0
MAT 0.000224238 0.0 1.0 0.0
MAT 0.175844 0.0 0.0 1.0
WORLDTM 
MAT -0.355574 -0.893215 -0.2752 0.0
MAT -0.10351 0.330264 -0.938197 0.0
MAT 0.928899 -0.305112 -0.20989 0.0
MAT -0.167643 0.263392 0.214922 1.0
VERTEX = 9
-0.00645668 0.605337 0.0766618
-0.0154253 0.605579 0.0810783
-0.0110083 0.605548 0.0900498
-0.00203964 0.605307 0.0856334
-0.00862008 0.600434 0.0827259
-0.00951694 0.600458 0.0831675
-0.00907524 0.600455 0.0840647
-0.00817837 0.600431 0.083623
-0.00884766 0.600444 0.0833953
INDEX = 14
4 5 7
6 7 5
1 2 5
6 5 2
0 1 4
5 4 1
7 6 3
2 3 6
4 7 0
3 0 7
8 1 0
8 2 1
8 3 2
8 0 3
FACE-NORMAL = 14
0.0230341 0.999704 -0.00789087
0.0230341 0.999704 -0.00789087
0.682044 0.650815 -0.33355
0.682044 0.650815 -0.33355
0.343725 0.666465 0.661572
0.343725 0.666465 0.661572
-0.312907 0.671068 -0.672129
-0.312907 0.671068 -0.672129
-0.651226 0.686718 0.322993
-0.651226 0.686717 0.322993
-0.328619 -0.704708 -0.628805
-0.650467 -0.68982 0.317869
0.296044 -0.709086 0.639965
0.617892 -0.723974 -0.30671
BONE = 10
BONE_NAME = Lower Chest
PARENT_ID = 1
LOCALTM 
MAT 0.0159441 0.00175382 0.658592 0.0
MAT -0.154686 0.640366 0.00203958 0.0
MAT -0.64017 -0.154689 0.0159101 0.0
MAT 4.50313e-005 0.00301552 -0.00574052 1.0
WORLDTM 
MAT 0.0230341 0.999704 -0.00789087 0.0
MAT -0.441704 0.00309587 -0.897156 0.0
MAT -0.896866 0.0241506 0.441644 0.0
MAT -0.00884766 0.600444 0.0833953 1.0
VERTEX = 9
-0.00173014 0.748171 0.0755345
-0.0111976 0.748617 0.0787232
-0.00798055 0.75033 0.0880354
0.00148694 0.749884 0.0848466
-0.00447732 0.744221 0.0820424
-0.00542407 0.744266 0.0823613
-0.00510236 0.744437 0.0832925
-0.00415562 0.744393 0.0829737
-0.00478984 0.744329 0.0826675
INDEX = 14
4 5 7
6 7 5
1 2 5
6 5 2
0 1 4
5 4 1
7 6 3
2 3 6
4 7 0
3 0 7
8 1 0
8 2 1
8 3 2
8 0 3
FACE-NORMAL = 14
-0.0130994 0.984211 -0.176514
-0.0130994 0.984211 -0.176514
0.69495 0.625261 -0.355098
0.694949 0.625261 -0.355098
0.23036 0.785722 0.574086
0.23036 0.785722 0.574086
-0.247886 0.531083 -0.810249
-0.247887 0.531082 -0.810249
-0.712475 0.691544 0.118934
-0.712476 0.691544 0.118934
-0.218219 -0.817064 -0.533655
-0.66019 -0.664414 0.350291
0.236744 -0.574821 0.783284
0.678715 -0.72747 -0.100662
BONE = 11
BONE_NAME = UpperChest
PARENT_ID = 10
LOCALTM 
MAT 0.98501 0.167194 -0.0424388 0.0
MAT -0.171303 0.977015 -0.126874 0.0
MAT 0.0202506 0.132242 0.99101 0.0
MAT 0.143942 -0.000693962 -0.000485823 1.0
WORLDTM 
MAT -0.0130994 0.984211 -0.176514 0.0
MAT -0.321708 -0.171292 -0.931217 0.0
MAT -0.946749 0.0445876 0.318872 0.0
MAT -0.00478984 0.744329 0.0826675 1.0
VERTEX = 9
0.00342372 0.87602 0.0555016
0.00312295 0.88588 0.0538606
0.00535727 0.887547 0.0634643
0.00565805 0.877687 0.0651052
-0.00057746 0.881246 0.0602113
-0.000607538 0.882232 0.0600473
-0.000384105 0.882399 0.0610076
-0.000354028 0.881413 0.0611717
-0.000480783 0.881822 0.0606095
INDEX = 14
4 5 7
6 7 5
1 2 5
6 5 2
0 1 4
5 4 1
7 6 3
2 3 6
4 7 0
3 0 7
8 1 0
8 2 1
8 3 2
8 0 3
FACE-NORMAL = 14
0.974255 -0.00777919 -0.225314
0.974255 -0.00777919 -0.225314
0.674099 -0.738081 -0.0287544
0.674099 -0.738081 -0.0287544
0.817819 0.118665 0.563109
0.817819 0.118665 0.563109
0.485666 -0.129073 -0.864562
0.485666 -0.129073 -0.864563
0.629386 0.727673 -0.272699
0.629386 0.727673 -0.272699
-0.846893 -0.112338 -0.519762
-0.71017 0.702698 0.0432866
-0.530912 0.12334 0.838403
-0.667634 -0.691696 0.275355
BONE = 12
BONE_NAME = Bone01
PARENT_ID = 11
LOCALTM 
MAT 0.0193525 -0.102277 -0.994568 0.0
MAT 0.0084272 0.994735 -0.10213 0.0
MAT 0.999777 -0.00640491 0.0201125 0.0
MAT 0.139159 -0.00439687 -0.00498278 1.0
WORLDTM 
MAT 0.974256 -0.00777919 -0.225314 0.0
MAT -0.223433 -0.166649 -0.960368 0.0
MAT -0.0300775 0.985986 -0.164097 0.0
MAT -0.000480783 0.881822 0.0606095 1.0
VERTEX = 9
0.190153 0.873897 0.0109103
0.199022 0.87828 0.00944751
0.200934 0.877681 0.0192448
0.192065 0.873298 0.0207076
0.192901 0.880084 0.0153452
0.193788 0.880522 0.015199
0.193979 0.880462 0.0161787
0.193092 0.880024 0.016325
0.19344 0.880273 0.015762
INDEX = 14
4 5 7
6 7 5
1 2 5
6 5 2
0 1 4
5 4 1
7 6 3
2 3 6
4 7 0
3 0 7
8 1 0
8 2 1
8 3 2
8 0 3
FACE-NORMAL = 14
0.420687 -0.89682 -0.136882
0.420687 -0.89682 -0.136882
-0.377751 -0.925748 0.0171624
-0.377751 -0.925748 0.0171623
0.423535 -0.644428 0.636656
0.423535 -0.644428 0.636656
0.139315 -0.555453 -0.819794
0.139315 -0.555453 -0.819794
0.940601 -0.274134 -0.200301
0.940601 -0.274133 -0.200301
-0.432662 0.676469 -0.595981
0.329613 0.944093 -0.00664778
-0.16228 0.591826 0.789562
-0.924555 0.324202 0.200228
BONE = 13
BONE_NAME = Bone02
PARENT_ID = 12
LOCALTM 
MAT 0.447675 0.186916 -0.874443 0.0
MAT 0.0340132 0.973642 0.225534 0.0
MAT 0.89355 -0.130708 0.429517 0.0
MAT 0.199045 0.0 -7.15256e-007 1.0
WORLDTM 
MAT 0.420688 -0.89682 -0.136882 0.0
MAT -0.191189 0.0598518 -0.979728 0.0
MAT 0.886832 0.438329 -0.146283 0.0
MAT 0.19344 0.880273 0.015762 1.0
VERTEX = 9
0.285181 0.673032 -0.0215118
0.294889 0.674621 -0.0233091
0.296979 0.665339 -0.020231
0.287271 0.66375 -0.0184337
0.29108 0.671252 -0.0162638
0.292051 0.671411 -0.0164436
0.29226 0.670483 -0.0161358
0.291289 0.670324 -0.015956
0.29167 0.670867 -0.0161998
INDEX = 14
4 5 7
6 7 5
1 2 5
6 5 2
0 1 4
5 4 1
7 6 3
2 3 6
4 7 0
3 0 7
8 1 0
8 2 1
8 3 2
8 0 3
FACE-NORMAL = 14
-0.117904 -0.336374 -0.934319
-0.117904 -0.336374 -0.934319
-0.800454 -0.343174 -0.491431
-0.800454 -0.343174 -0.491431
0.0764558 -0.91496 -0.396236
0.0764557 -0.91496 -0.396236
-0.234203 0.464915 -0.853817
-0.234203 0.464916 -0.853816
0.642707 -0.10687 -0.758622
0.642707 -0.10687 -0.758622
-0.0643964 0.8942 0.443012
0.769821 0.350252 0.533572
0.231138 -0.418496 0.878315
-0.60308 0.125452 0.787754
BONE = 14
BONE_NAME = Bone03
PARENT_ID = 13
LOCALTM 
MAT 0.379957 0.917786 -0.115328 0.0
MAT -0.878223 0.397074 0.266566 0.0
MAT 0.290444 -1.25729e-007 0.956892 0.0
MAT 0.233498 0.0 0.0 1.0
WORLDTM 
MAT -0.117904 -0.336374 -0.934319 0.0
MAT -0.208975 0.928217 -0.307806 0.0
MAT 0.970788 0.158957 -0.179734 0.0
MAT 0.29167 0.670867 -0.0161998 1.0
VERTEX = 9
0.258263 0.600062 -0.214935
0.265377 0.602409 -0.22156
0.270575 0.594308 -0.218849
0.263461 0.591961 -0.212224
0.266169 0.600159 -0.213205
0.26688 0.600393 -0.213868
0.2674 0.599583 -0.213597
0.266689 0.599349 -0.212934
0.266784 0.599871 -0.213401
INDEX = 14
4 5 7
6 7 5
1 2 5
6 5 2
0 1 4
5 4 1
7 6 3
2 3 6
4 7 0
3 0 7
8 1 0
8 2 1
8 3 2
8 0 3
FACE-NORMAL = 14
-0.473089 -0.537206 -0.698281
-0.473089 -0.537206 -0.698281
-0.845216 -0.533825 0.0253075
-0.845216 -0.533825 0.0253073
0.0698757 -0.961543 -0.265616
0.0698756 -0.961543 -0.265616
-0.702835 0.242799 -0.668634
-0.702835 0.242799 -0.668634
0.212257 -0.184919 -0.959558
0.212257 -0.184919 -0.959558
-0.0330214 0.952717 0.302061
0.837519 0.545822 0.0253006
0.70207 -0.192992 0.685458
-0.168471 0.213902 0.962218
BONE = 15
BONE_NAME = Bone04
PARENT_ID = 14
LOCALTM 
MAT 0.888898 -0.184845 -0.419157 0.0
MAT 0.042072 0.944053 -0.3271 0.0
MAT 0.456168 0.273124 0.846943 0.0
MAT 0.211064 0.0 0.0 1.0
WORLDTM 
MAT -0.473089 -0.537206 -0.698281 0.0
MAT -0.519789 0.810139 -0.271103 0.0
MAT 0.711342 0.234703 -0.662501 0.0
MAT 0.266784 0.599871 -0.213401 1.0
VERTEX = 9
0.251158 0.564816 -0.329914
0.255543 0.550337 -0.32603
0.262621 0.555904 -0.313268
0.258236 0.570383 -0.317152
0.262924 0.561716 -0.326485
0.263362 0.560269 -0.326097
0.26407 0.560825 -0.324821
0.263632 0.562273 -0.325209
0.263497 0.561271 -0.325653
INDEX = 14
4 5 7
6 7 5
1 2 5
6 5 2
0 1 4
5 4 1
7 6 3
2 3 6
4 7 0
3 0 7
8 1 0
8 2 1
8 3 2
8 0 3
FACE-NORMAL = 14
-0.846074 -0.116655 0.520144
-0.846074 -0.116655 0.520144
-0.774644 0.611003 0.163098
-0.774644 0.611003 0.163098
-0.229157 0.186895 0.955279
-0.229157 0.186895 0.955279
-0.90283 -0.342971 -0.259362
-0.90283 -0.342971 -0.259362
-0.357344 -0.767079 0.532818
-0.357343 -0.767079 0.532818
0.277827 -0.169548 -0.94555
0.796757 -0.573008 -0.191937
0.918702 0.334523 0.209955
0.399773 0.737983 -0.543657
BONE = 16
BONE_NAME = Star2Part_Fire_Blades01
PARENT_ID = 15
LOCALTM 
MAT 0.155768 0.319036 -1.52103 0.0
MAT 1.52506 0.26287 0.211317 0.0
MAT 0.299153 -1.50621 -0.285294 0.0
MAT 0.100675 0.000868976 0.0629691 1.0
WORLDTM 
MAT -1.32149 -0.182205 0.81242 0.0
MAT -0.707808 -0.556715 -1.27618 0.0
MAT 0.438444 -1.44791 0.388453 0.0
MAT 0.263497 0.561271 -0.325653 1.0
VERTEX = 9
0.249381 0.646216 -0.247721
0.246342 0.652504 -0.252104
0.248791 0.657768 -0.246251
0.25183 0.651481 -0.241867
0.245484 0.650987 -0.245155
0.24518 0.651616 -0.245594
0.245425 0.652142 -0.245008
0.245729 0.651514 -0.24457
0.245455 0.651565 -0.245082
INDEX = 14
4 5 7
6 7 5
1 2 5
6 5 2
0 1 4
5 4 1
7 6 3
2 3 6
4 7 0
3 0 7
8 1 0
8 2 1
8 3 2
8 0 3
FACE-NORMAL = 14
0.880863 0.103752 -0.461862
0.880863 0.103752 -0.461862
0.863228 -0.497398 0.0862059
0.863229 -0.497398 0.0862058
0.810051 0.544034 0.218733
0.810052 0.544034 0.218732
0.368481 -0.405221 -0.836671
0.368481 -0.405221 -0.836671
0.315304 0.636211 -0.704144
0.315304 0.636211 -0.704144
-0.8329 -0.524884 -0.175425
-0.883489 0.465846 -0.0493504
-0.412828 0.378156 0.828596
-0.36224 -0.612573 0.702521
BONE = 17
BONE_NAME = Ref_Weapon Left
PARENT_ID = 15
LOCALTM 
MAT -0.123637 -0.204969 0.788992 0.0
MAT 0.807437 -0.140533 0.0900194 0.0
MAT 0.112102 0.786158 0.2218 0.0
MAT 0.0044429 0.0615547 0.0179483 1.0
WORLDTM 
MAT 0.726275 0.085544 -0.380807 0.0
MAT -0.244908 -0.526484 -0.585357 0.0
MAT -0.303895 0.628732 -0.438351 0.0
MAT 0.245455 0.651565 -0.245082 1.0
VERTEX = 9
0.256643 0.564743 -0.335992
0.254326 0.557164 -0.34209
0.250203 0.563607 -0.348531
0.25252 0.571186 -0.342432
0.24934 0.56372 -0.339325
0.249108 0.562962 -0.339935
0.248696 0.563607 -0.340579
0.248927 0.564365 -0.339969
0.249018 0.563664 -0.339952
INDEX = 14
4 5 7
6 7 5
1 2 5
6 5 2
0 1 4
5 4 1
7 6 3
2 3 6
4 7 0
3 0 7
8 1 0
8 2 1
8 3 2
8 0 3
FACE-NORMAL = 14
0.881072 0.102214 -0.461805
0.881072 0.102214 -0.461805
0.76163 0.631732 0.144343
0.76163 0.631732 0.144342
0.282915 0.547279 -0.787683
0.282915 0.547279 -0.787683
0.895897 -0.410523 0.16982
0.895897 -0.410523 0.16982
0.417183 -0.494977 -0.762205
0.417183 -0.494977 -0.762205
-0.331443 -0.527862 0.781989
-0.786851 -0.608204 -0.104661
-0.914582 0.383309 -0.128898
-0.459174 0.463651 0.757751
BONE = 18
BONE_NAME = Star2Ribbon03
PARENT_ID = 15
LOCALTM 
MAT -0.149265 -0.249967 0.956679 0.0
MAT -0.298714 -0.910914 -0.284615 0.0
MAT 0.942598 -0.328257 0.0612999 0.0
MAT 0.116224 0.0142101 0.062704 1.0
WORLDTM 
MAT 0.881072 0.102214 -0.461805 0.0
MAT 0.412342 -0.644296 0.644095 0.0
MAT -0.231703 -0.757916 -0.609818 0.0
MAT 0.249018 0.563664 -0.339952 1.0
VERTEX = 9
-0.0220868 0.954144 -0.00844676
-0.0221197 0.951446 -0.0180759
-0.0321151 0.951744 -0.018125
-0.0320822 0.954442 -0.0084959
-0.0267493 0.948252 -0.0114531
-0.0267526 0.947982 -0.012416
-0.0277521 0.948012 -0.012421
-0.0277488 0.948281 -0.011458
-0.0272507 0.948132 -0.011937
INDEX = 14
4 5 7
6 7 5
1 2 5
6 5 2
0 1 4
5 4 1
7 6 3
2 3 6
4 7 0
3 0 7
8 1 0
8 2 1
8 3 2
8 0 3
FACE-NORMAL = 14
0.0299508 0.962459 -0.26977
0.0299508 0.962459 -0.26977
0.0224814 0.844388 0.535261
0.0224814 0.844388 0.535261
-0.722921 0.665947 -0.184119
-0.722921 0.665947 -0.184119
0.762993 0.621755 -0.176814
0.762993 0.621755 -0.176814
0.0175906 0.443315 -0.896193
0.0175906 0.443315 -0.896193
0.685607 -0.701582 0.194231
-0.0235048 -0.871335 -0.490126
-0.727964 -0.659541 0.187281
-0.018852 -0.489788 0.871638
BONE = 19
BONE_NAME = BoneHead
PARENT_ID = 11
LOCALTM 
MAT 0.994489 0.0767173 -0.0714641 0.0
MAT -0.043219 -0.321046 -0.946077 0.0
MAT -0.0955237 0.943951 -0.315961 0.0
MAT 0.217578 0.0604135 0.000185102 1.0
WORLDTM 
MAT 0.0299508 0.96246 -0.26977 0.0
MAT 0.999546 -0.0297274 0.00491419 0.0
MAT -0.00328997 -0.269794 -0.962913 0.0
MAT -0.0272507 0.948132 -0.011937 1.0
VERTEX = 9
-0.0271477 1.05779 0.0968918
-0.0268767 1.06775 0.097649
-0.0268052 1.06851 0.0876778
-0.0270763 1.05854 0.0869206
-0.0219956 1.06247 0.0927709
-0.0219685 1.06347 0.0928466
-0.0219613 1.06355 0.0918495
-0.0219884 1.06255 0.0917738
-0.0219784 1.06301 0.0923102
INDEX = 14
4 5 7
6 7 5
1 2 5
6 5 2
0 1 4
5 4 1
7 6 3
2 3 6
4 7 0
3 0 7
8 1 0
8 2 1
8 3 2
8 0 3
FACE-NORMAL = 14
-0.999607 0.0275669 -0.00507746
-0.999607 0.0275669 -0.00507746
-0.688848 -0.722445 -0.0596783
-0.688848 -0.722445 -0.0596783
-0.663389 0.0745988 -0.744547
-0.663389 0.0745988 -0.744547
-0.674015 -0.0377163 0.737754
-0.674015 -0.0377163 0.737754
-0.648556 0.759328 0.052885
-0.648556 0.759328 0.052885
0.701774 -0.0729162 0.708658
0.725994 0.685323 0.0571319
0.711884 0.0339308 -0.701477
0.687664 -0.724309 -0.0499513
BONE = 20
BONE_NAME = Star2Ribbon01
PARENT_ID = 19
LOCALTM 
MAT -0.00203725 -0.999998 0.000740319 0.0
MAT -0.341921 9.02219e-007 -0.939729 0.0
MAT 0.939726 -0.00216741 -0.341921 0.0
MAT 0.0826004 0.00236711 -0.131392 1.0
WORLDTM 
MAT -0.999607 0.0275669 -0.00507746 0.0
MAT -0.00714824 -0.0755522 0.997117 0.0
MAT 0.027104 0.996761 0.0757192 0.0
MAT -0.0219784 1.06301 0.0923102 1.0
VERTEX = 9
-0.0248605 1.05376 -0.0244885
-0.0252593 1.05417 -0.0162632
-0.0253702 1.04594 -0.0158602
-0.0249714 1.04553 -0.0240855
-0.0292072 1.05029 -0.0208076
-0.0292471 1.05033 -0.0199851
-0.0292582 1.0495 -0.0199448
-0.0292183 1.04946 -0.0207673
-0.0292327 1.0499 -0.0203762
INDEX = 14
4 5 7
6 7 5
1 2 5
6 5 2
0 1 4
5 4 1
7 6 3
2 3 6
4 7 0
3 0 7
8 1 0
8 2 1
8 3 2
8 0 3
FACE-NORMAL = 14
0.998739 -0.0110587 0.0489699
0.998739 -0.0110587 0.0489699
0.704072 -0.0441734 -0.708754
0.704072 -0.0441734 -0.708754
0.65812 -0.749736 0.0690909
0.65812 -0.749736 0.0690909
0.678122 0.73494 -0.00357269
0.678122 0.73494 -0.0035727
0.632171 0.0293777 0.774272
0.632171 0.0293777 0.774272
-0.696701 0.714017 -0.0691899
-0.740415 0.0428048 0.670785
-0.715729 -0.698378 -6.39297e-005
-0.672015 -0.0271654 -0.740039
BONE = 21
BONE_NAME = Ref_Head
PARENT_ID = 19
LOCALTM 
MAT 0.00499556 0.82356 -0.0391275 0.0
MAT 0.803735 -0.0135883 -0.18339 0.0
MAT -0.183825 -0.0370309 -0.802898 0.0
MAT 0.100162 -0.00504775 -0.0193228 1.0
WORLDTM 
MAT 0.823465 -0.00911793 0.0403759 0.0
MAT 0.0110938 0.823444 -0.0403013 0.0
MAT -0.0398783 0.0407935 0.822529 0.0
MAT -0.0292327 1.0499 -0.0203762 1.0
VERTEX = 9
-0.0156835 0.88734 0.0596857
-0.0169159 0.87762 0.0616855
-0.0135493 0.879106 0.0709837
-0.0123169 0.888826 0.0689839
-0.0100555 0.882725 0.0632251
-0.0101787 0.881753 0.0634251
-0.00984206 0.881902 0.0643549
-0.00971882 0.882874 0.064155
-0.00994877 0.882314 0.06379
INDEX = 14
4 5 7
6 7 5
1 2 5
6 5 2
0 1 4
5 4 1
7 6 3
2 3 6
4 7 0
3 0 7
8 1 0
8 2 1
8 3 2
8 0 3
FACE-NORMAL = 14
-0.933525 0.18192 0.308929
-0.933525 0.18192 0.308929
-0.532889 0.844194 0.0580195
-0.532889 0.844194 0.0580196
-0.374254 0.23216 0.897795
-0.374254 0.23216 0.897795
-0.874736 0.0112358 -0.48447
-0.874736 0.0112358 -0.48447
-0.716101 -0.600797 0.355306
-0.716101 -0.600798 0.355306
0.422044 -0.233721 -0.87593
0.572956 -0.815958 -0.0770394
0.898159 -0.0235525 0.439039
0.747247 0.558684 -0.359852
BONE = 22
BONE_NAME = Bone01(mirrored)
PARENT_ID = 11
LOCALTM 
MAT 0.136746 -0.0185188 0.990433 0.0
MAT 0.0222718 0.99963 0.0156158 0.0
MAT -0.990355 0.0199234 0.137108 0.0
MAT 0.139205 -0.00439689 0.00501711 1.0
WORLDTM 
MAT -0.933525 0.18192 0.308929 0.0
MAT -0.336665 -0.148612 -0.929824 0.0
MAT -0.123243 -0.972019 0.199979 0.0
MAT -0.00994877 0.882314 0.06379 1.0
VERTEX = 9
-0.201279 0.915763 0.127429
-0.195969 0.910998 0.120422
-0.187736 0.911944 0.126018
-0.193046 0.916708 0.133026
-0.194182 0.918415 0.124582
-0.193651 0.917938 0.123881
-0.192828 0.918033 0.124441
-0.193359 0.918509 0.125142
-0.193505 0.918224 0.124512
INDEX = 14
4 5 7
6 7 5
1 2 5
6 5 2
0 1 4
5 4 1
7 6 3
2 3 6
4 7 0
3 0 7
8 1 0
8 2 1
8 3 2
8 0 3
FACE-NORMAL = 14
-0.200392 -0.874116 0.442453
-0.200392 -0.874116 0.442453
-0.528746 -0.230624 0.816848
-0.528746 -0.230624 0.816848
0.477925 -0.514497 0.711956
0.477925 -0.514497 0.711956
-0.746034 -0.655009 -0.119985
-0.746035 -0.655009 -0.119985
0.260636 -0.938882 -0.224877
0.260637 -0.938882 -0.224877
-0.440487 0.551258 -0.70858
0.517174 0.281205 -0.808365
0.723884 0.684929 0.0828573
-0.233778 0.954982 0.182643
BONE = 23
BONE_NAME = Bone02(mirrored)
PARENT_ID = 22
LOCALTM 
MAT 0.164738 -0.214034 0.962835 0.0
MAT 0.578522 0.811592 0.0814307 0.0
MAT -0.798858 0.543606 0.257523 0.0
MAT 0.196646 0.0 -0.00014025 1.0
WORLDTM 
MAT -0.200392 -0.874116 0.442453 0.0
MAT -0.823335 -0.0945196 -0.559631 0.0
MAT 0.531003 -0.476432 -0.700749 0.0
MAT -0.193505 0.918224 0.124512 1.0
VERTEX = 9
-0.248412 0.717132 0.227573
-0.242779 0.715044 0.219578
-0.239941 0.706446 0.223824
-0.245574 0.708534 0.231818
-0.24072 0.714653 0.228011
-0.240157 0.714444 0.227212
-0.239873 0.713585 0.227636
-0.240436 0.713794 0.228436
-0.240297 0.714119 0.227824
INDEX = 14
4 5 7
6 7 5
1 2 5
6 5 2
0 1 4
5 4 1
7 6 3
2 3 6
4 7 0
3 0 7
8 1 0
8 2 1
8 3 2
8 0 3
FACE-NORMAL = 14
-0.775981 -0.466018 -0.425065
-0.775981 -0.466018 -0.425065
-0.937818 -0.156514 0.309841
-0.937818 -0.156514 0.30984
-0.308184 -0.950814 0.0312346
-0.308184 -0.950814 0.0312345
-0.730024 0.327314 -0.599942
-0.730024 0.327315 -0.599942
-0.10039 -0.466985 -0.878548
-0.10039 -0.466985 -0.878548
0.34805 0.937476 0.000342697
0.94703 0.181846 -0.264699
0.749353 -0.278427 0.60079
0.150373 0.477203 0.865832
BONE = 24
BONE_NAME = Bone03(mirrored)
PARENT_ID = 23
LOCALTM 
MAT 0.374783 0.920819 0.107842 0.0
MAT -0.882535 0.389976 -0.262778 0.0
MAT -0.284027 0.00331059 0.958811 0.0
MAT 0.233499 0.0 -1.19209e-007 1.0
WORLDTM 
MAT -0.775981 -0.466018 -0.425065 0.0
MAT -0.283764 0.859773 -0.424581 0.0
MAT 0.563322 -0.208848 -0.799407 0.0
MAT -0.240297 0.714119 0.227824 1.0
VERTEX = 9
-0.411208 0.61707 0.13337
-0.402122 0.615079 0.129699
-0.40096 0.607842 0.136501
-0.410046 0.609833 0.140172
-0.40459 0.616221 0.137951
-0.403682 0.616022 0.137584
-0.403566 0.615298 0.138264
-0.404474 0.615497 0.138631
-0.404078 0.61576 0.138108
INDEX = 14
4 5 7
6 7 5
1 2 5
6 5 2
0 1 4
5 4 1
7 6 3
2 3 6
4 7 0
3 0 7
8 1 0
8 2 1
8 3 2
8 0 3
FACE-NORMAL = 14
-0.401195 -0.660708 -0.634435
-0.401195 -0.660708 -0.634435
-0.94373 -0.293983 -0.151486
-0.94373 -0.293983 -0.151486
-0.18196 -0.97995 0.0811711
-0.18196 -0.97995 0.0811709
-0.354811 0.0959688 -0.93
-0.354811 0.095969 -0.93
0.406958 -0.589998 -0.697343
0.406959 -0.589998 -0.697343
0.20147 0.97896 -0.032358
0.926153 0.326389 0.188972
0.365906 -0.0445776 0.929584
-0.358777 0.607993 0.708254
BONE = 25
BONE_NAME = Bone04(mirrored)
PARENT_ID = 24
LOCALTM 
MAT 0.888898 -0.184845 0.419157 0.0
MAT 0.0420729 0.944053 0.3271 0.0
MAT -0.456169 -0.273123 0.846944 0.0
MAT 0.211064 1.19209e-007 1.49012e-007 1.0
WORLDTM 
MAT -0.401196 -0.660708 -0.634435 0.0
MAT -0.116274 0.72375 -0.680196 0.0
MAT 0.908584 -0.199124 -0.367188 0.0
MAT -0.404078 0.61576 0.138108 1.0
VERTEX = 9
-0.510961 0.565158 0.091839
-0.506888 0.551412 0.0980368
-0.498058 0.55879 0.108599
-0.502132 0.572536 0.102401
-0.499044 0.561918 0.0945332
-0.498636 0.560543 0.095153
-0.497753 0.561281 0.0962092
-0.498161 0.562656 0.0955894
-0.498398 0.561599 0.0953712
INDEX = 14
4 5 7
6 7 5
1 2 5
6 5 2
0 1 4
5 4 1
7 6 3
2 3 6
4 7 0
3 0 7
8 1 0
8 2 1
8 3 2
8 0 3
FACE-NORMAL = 14
-0.782566 0.0479733 0.620716
-0.782566 0.0479733 0.620716
-0.717353 0.686246 0.120291
-0.717354 0.686246 0.120291
-0.103315 0.383229 0.917857
-0.103316 0.383229 0.917857
-0.943703 -0.319044 -0.0873826
-0.943703 -0.319044 -0.0873828
-0.329665 -0.622062 0.710183
-0.329665 -0.622062 0.710183
0.153621 -0.367963 -0.917062
0.737765 -0.656229 -0.158326
0.953095 0.300119 0.0392373
0.368951 0.588384 -0.719499
BONE = 26
BONE_NAME = Star2Part_Fire_Blades02
PARENT_ID = 25
LOCALTM 
MAT -0.174212 -0.463101 -1.48147 0.0
MAT 1.51182 0.287047 -0.267511 0.0
MAT 0.351578 -1.4638 0.416233 0.0
MAT 0.100739 0.000837505 -0.0592208 1.0
WORLDTM 
MAT -1.2223 0.0749302 0.969504 0.0
MAT -0.882969 -0.737856 -1.05617 0.0
MAT 0.407332 -1.3746 0.619781 0.0
MAT -0.498398 0.561599 0.0953712 1.0
VERTEX = 9
-0.462586 0.655481 0.10897
-0.465808 0.660988 0.103747
-0.462111 0.667082 0.107892
-0.458889 0.661575 0.113115
-0.459058 0.66034 0.10606
-0.45938 0.660891 0.105538
-0.45901 0.661501 0.105952
-0.458688 0.66095 0.106474
-0.459034 0.660921 0.106006
INDEX = 14
4 5 7
6 7 5
1 2 5
6 5 2
0 1 4
5 4 1
7 6 3
2 3 6
4 7 0
3 0 7
8 1 0
8 2 1
8 3 2
8 0 3
FACE-NORMAL = 14
-0.803911 0.0875577 0.58827
-0.803911 0.0875577 0.58827
-0.247316 -0.43784 0.864367
-0.247316 -0.43784 0.864367
-0.204538 0.607959 0.76717
-0.204538 0.607959 0.76717
-0.871038 -0.490813 0.019893
-0.871038 -0.490813 0.0198928
-0.82826 0.554986 -0.0773039
-0.82826 0.554986 -0.077304
0.251425 -0.584552 -0.771418
0.29212 0.410333 -0.863882
0.885476 0.460726 -0.0605213
0.844781 -0.534158 0.0319435
BONE = 27
BONE_NAME = Ref_Weapon Right
PARENT_ID = 25
LOCALTM 
MAT -0.0894942 -0.200598 -0.794707 0.0
MAT 0.813896 -0.116165 -0.0623335 0.0
MAT 0.0968007 0.791249 -0.210626 0.0
MAT 0.0125764 0.0609106 -0.0471373 1.0
WORLDTM 
MAT -0.662829 0.0721918 0.485031 0.0
MAT -0.36966 -0.60941 -0.414461 0.0
MAT -0.322209 0.55065 -0.522278 0.0
MAT -0.459034 0.660921 0.106006 1.0
VERTEX = 9
-0.511291 0.560464 0.0681337
-0.515068 0.552071 0.0642214
-0.519662 0.557438 0.0571441
-0.515885 0.565831 0.0610564
-0.519078 0.55954 0.0661297
-0.519455 0.558701 0.0657385
-0.519915 0.559237 0.0650308
-0.519537 0.560077 0.065422
-0.519496 0.559389 0.0655802
INDEX = 14
4 5 7
6 7 5
1 2 5
6 5 2
0 1 4
5 4 1
7 6 3
2 3 6
4 7 0
3 0 7
8 1 0
8 2 1
8 3 2
8 0 3
FACE-NORMAL = 14
0.803912 -0.0875591 -0.588268
0.803912 -0.0875591 -0.588268
0.818526 0.56521 -0.102728
0.818526 0.56521 -0.102728
0.196298 0.340354 -0.919579
0.196298 0.340354 -0.919579
0.879279 -0.457502 0.132517
0.879279 -0.457502 0.132518
0.257051 -0.682358 -0.684334
0.257051 -0.682358 -0.684334
-0.243586 -0.317592 0.916406
-0.835521 -0.531502 0.139324
-0.893316 0.441419 -0.0844691
-0.301382 0.655329 0.692613
BONE = 28
BONE_NAME = Star2Ribbon04
PARENT_ID = 25
LOCALTM 
MAT 0.108543 0.243293 0.963861 0.0
MAT -0.278723 -0.92325 0.264431 0.0
MAT 0.954219 -0.297351 -0.0324009 0.0
MAT 0.129564 0.0219544 -0.0670109 1.0
WORLDTM 
MAT 0.803912 -0.0875591 -0.588269 0.0
MAT 0.459429 -0.536703 0.707726 0.0
MAT -0.377693 -0.839216 -0.391235 0.0
MAT -0.519496 0.559389 0.0655802 1.0
VERTEX = 9
-0.00827513 0.855716 0.0588647
-0.00597989 0.85742 0.0665982
-0.00568701 0.849356 0.0682887
-0.00798225 0.847651 0.0605551
-0.0110673 0.852952 0.0642582
-0.0108378 0.853122 0.0650316
-0.0108085 0.852316 0.0652006
-0.011038 0.852145 0.0644273
-0.0109379 0.852634 0.0647294
INDEX = 14
4 5 7
6 7 5
1 2 5
6 5 2
0 1 4
5 4 1
7 6 3
2 3 6
4 7 0
3 0 7
8 1 0
8 2 1
8 3 2
8 0 3
FACE-NORMAL = 14
0.959815 -0.0237572 -0.279628
0.959815 -0.0237572 -0.279628
0.435166 -0.169548 -0.884242
0.435166 -0.169548 -0.884242
0.668485 -0.742917 -0.034665
0.668485 -0.742917 -0.034665
0.615679 0.711132 -0.339457
0.615679 0.711132 -0.339457
0.848999 0.137762 0.51012
0.848999 0.137762 0.51012
-0.703809 0.708428 0.0527499
-0.481849 0.162973 0.860966
-0.653574 -0.67483 0.342703
-0.875534 -0.129375 -0.465513
BONE = 29
BONE_NAME = Ref_HardPoint
PARENT_ID = 11
LOCALTM 
MAT 0.0110509 -0.0365393 -0.82362 0.0
MAT 0.823947 0.0287014 0.00978189 0.0
MAT 0.0282372 -0.823195 0.0368994 0.0
MAT 0.109841 0.000130475 0.00492978 1.0
WORLDTM 
MAT 0.791372 -0.019588 -0.230554 0.0
MAT -0.0292877 0.806458 -0.169046 0.0
MAT 0.229524 0.170443 0.773355 0.0
MAT -0.0109379 0.852634 0.0647294 1.0
VERTEX = 9
-0.00870471 0.733548 0.0940425
-0.00798561 0.734863 0.100231
-0.00752833 0.722853 0.10273
-0.00824743 0.721538 0.0965414
-0.0129095 0.728672 0.0985154
-0.0128376 0.728804 0.0991343
-0.0127919 0.727603 0.0993842
-0.0128638 0.727471 0.0987653
-0.0128507 0.728137 0.0989498
INDEX = 14
4 5 7
6 7 5
1 2 5
6 5 2
0 1 4
5 4 1
7 6 3
2 3 6
4 7 0
3 0 7
8 1 0
8 2 1
8 3 2
8 0 3
FACE-NORMAL = 14
0.992904 0.0132152 -0.118179
0.992904 0.0132152 -0.118179
0.580277 -0.144667 -0.801467
0.580277 -0.144667 -0.801467
0.691906 -0.718363 0.072251
0.691906 -0.718363 0.072251
0.63653 0.736044 -0.230366
0.63653 0.736044 -0.230366
0.748159 0.162348 0.643352
0.748159 0.162348 0.643352
-0.72843 0.682455 -0.0603769
-0.622235 0.136689 0.770804
-0.675749 -0.701144 0.227508
-0.781944 -0.155378 -0.603674
BONE = 30
BONE_NAME = Vol_Target
PARENT_ID = 11
LOCALTM 
MAT 0.0198924 -0.201818 -0.931786 0.0
MAT 1.22677 0.0416932 0.0171594 0.0
MAT 0.0192481 -0.621961 0.135123 0.0
MAT -0.0187047 -0.00979555 0.0121016 1.0
WORLDTM 
MAT 0.946833 0.012602 -0.112696 0.0
MAT -0.0457286 1.20102 -0.249896 0.0
MAT 0.07191 0.131506 0.61887 0.0
MAT -0.0128507 0.728137 0.0989498 1.0
VERTEX = 9
0.0022681 -0.261485 -0.0202253
0.0044551 -0.262176 -0.0104919
0.0044551 -0.272151 -0.0112001
0.0022681 -0.271459 -0.0209335
-0.00162671 -0.266362 -0.0150732
-0.00140801 -0.266431 -0.0140998
-0.00140801 -0.267428 -0.0141707
-0.00162671 -0.267359 -0.015144
-0.00151736 -0.266895 -0.0146219
INDEX = 14
4 5 7
6 7 5
1 2 5
6 5 2
0 1 4
5 4 1
7 6 3
2 3 6
4 7 0
3 0 7
8 1 0
8 2 1
8 3 2
8 0 3
FACE-NORMAL = 14
0.975792 0.015488 -0.218151
0.975792 0.015488 -0.218151
0.490212 0.0617255 -0.869415
0.490212 0.0617255 -0.869415
0.65277 -0.731067 -0.198574
0.652771 -0.731067 -0.198574
0.652771 0.751789 -0.0932966
0.652771 0.751789 -0.0932965
0.815329 -0.0410036 0.577544
0.815329 -0.0410036 0.577544
-0.689989 0.69438 0.204332
-0.535345 -0.0598155 0.842513
-0.689989 -0.716283 0.10418
-0.844634 0.0379122 -0.534001
BONE = 31
BONE_NAME = HitTestFuzzy
PARENT_ID = 1
LOCALTM 
MAT 0.658707 -0.000352443 0.0102033 0.0
MAT -0.0102032 -0.0455248 0.657133 0.0
MAT 0.000353516 -0.657212 -0.0455248 0.0
MAT 0.0188792 0.0649687 -0.577132 1.0
WORLDTM 
MAT 0.975792 0.015488 -0.218151 0.0
MAT 0.0 0.997489 0.0708183 0.0
MAT 0.2187 -0.0691039 0.973342 0.0
MAT -0.00151736 -0.266895 -0.0146219 1.0
VERTEX = 9
-0.0101587 0.699464 0.0351114
-0.0134785 0.699431 0.0202995
-0.0134856 0.71461 0.0202675
-0.0101659 0.714643 0.0350794
-0.0190618 0.70628 0.0300915
-0.0193938 0.706276 0.0286103
-0.0193945 0.707794 0.0286071
-0.0190625 0.707798 0.0300883
-0.0192282 0.707037 0.0293493
INDEX = 14
4 5 7
6 7 5
1 2 5
6 5 2
0 1 4
5 4 1
7 6 3
2 3 6
4 7 0
3 0 7
8 1 0
8 2 1
8 3 2
8 0 3
FACE-NORMAL = 14
0.975792 0.0 -0.2187
0.975792 0.0 -0.2187
0.815329 0.00160337 0.578996
0.815329 0.00160337 0.578996
0.65242 0.743292 -0.147867
0.65242 0.743292 -0.147867
0.653121 -0.743292 -0.144738
0.653121 -0.743292 -0.144738
0.490212 -0.00160337 -0.871602
0.490212 -0.00160337 -0.871602
-0.689656 -0.707105 0.156133
-0.844633 -0.00152531 -0.535343
-0.690323 0.707105 0.153156
-0.535345 0.00152531 0.844632
BONE = 32
BONE_NAME = Star2Force01
PARENT_ID = 1
LOCALTM 
MAT 1.0 9.68575e-007 0.0 0.0
MAT 0.0 -0.00215701 -0.999998 0.0
MAT -9.53654e-007 0.999997 -0.00215701 0.0
MAT 0.00115877 0.0392539 0.0644814 1.0
WORLDTM 
MAT 1.4812 0.0 -0.331975 0.0
MAT 0.000716109 -1.51794 0.00319512 0.0
MAT -0.331974 -0.00327438 -1.48119 0.0
MAT -0.0192282 0.707037 0.0293493 1.0
VERTEX = 9
0.00595132 -0.227414 0.0742486
0.00813833 -0.227414 0.0840065
0.00813833 -0.237414 0.0840065
0.00595132 -0.237414 0.0742486
0.00205651 -0.231914 0.0797332
0.00227521 -0.231914 0.080709
0.00227521 -0.232914 0.080709
0.00205651 -0.232914 0.0797332
0.00216586 -0.232414 0.0802211
INDEX = 14
4 5 7
6 7 5
1 2 5
6 5 2
0 1 4
5 4 1
7 6 3
2 3 6
4 7 0
3 0 7
8 1 0
8 2 1
8 3 2
8 0 3
FACE-NORMAL = 14
0.975792 0.0 -0.2187
0.975792 0.0 -0.2187
0.490212 0.0 -0.871603
0.490212 0.0 -0.871603
0.65277 -0.743294 -0.146303
0.652771 -0.743294 -0.146303
0.652771 0.743294 -0.146303
0.652771 0.743294 -0.146303
0.815329 0.0 0.578998
0.815329 0.0 0.578998
-0.689989 0.707107 0.154645
-0.535345 0.0 0.844634
-0.689989 -0.707107 0.154644
-0.844634 0.0 -0.535345
BONE = 33
BONE_NAME = HitTestTight
PARENT_ID = 1
LOCALTM 
MAT 0.658787 6.4075e-007 0.0 0.0
MAT 0.0 0.0 0.658787 0.0
MAT 6.4075e-007 -0.658786 0.0 0.0
MAT 0.00758228 0.00346929 -0.554416 1.0
WORLDTM 
MAT 0.975792 0.0 -0.2187 0.0
MAT 0.0 1.0 0.0 0.0
MAT 0.2187 0.0 0.975792 0.0
MAT 0.00216586 -0.232414 0.0802211 1.0
VERTEX = 9
0.280427 0.0766415 -0.14724
0.280427 0.0866415 -0.14724
0.27869 0.0866415 -0.137392
0.27869 0.0766415 -0.137392
0.274721 0.0811415 -0.143676
0.274721 0.0821415 -0.143676
0.274548 0.0821415 -0.142692
0.274548 0.0811415 -0.142692
0.274635 0.0816415 -0.143184
INDEX = 14
4 5 7
6 7 5
1 2 5
6 5 2
0 1 4
5 4 1
7 6 3
2 3 6
4 7 0
3 0 7
8 1 0
8 2 1
8 3 2
8 0 3
FACE-NORMAL = 14
0.984808 0.0 0.173648
0.984808 0.0 0.173648
0.658802 -0.743294 0.116165
0.658802 -0.743294 0.116165
0.52973 0.0 0.848166
0.52973 0.0 0.848166
0.787874 0.0 -0.615837
0.787873 0.0 -0.615837
0.658802 0.743294 0.116165
0.658802 0.743294 0.116164
-0.573576 0.0 -0.819152
-0.696364 0.707107 -0.122788
-0.819152 0.0 0.573576
-0.696364 -0.707107 -0.122788
BONE = 34
BONE_NAME = Foot_Left
PARENT_ID = 0
LOCALTM 
MAT 0.648778 -0.114397 0.0 0.0
MAT 0.114397 0.648778 0.0 0.0
MAT 0.0 0.0 0.658787 0.0
MAT 0.180926 0.0943277 0.0537843 1.0
WORLDTM 
MAT 0.984808 0.0 0.173648 0.0
MAT 0.173648 0.0 -0.984808 0.0
MAT 0.0 1.0 0.0 0.0
MAT 0.274635 0.0816415 -0.143184 1.0
VERTEX = 9
0.281862 0.081189 -0.171041
0.291746 0.0817078 -0.169613
0.291679 0.0724673 -0.165791
0.281795 0.0719485 -0.167219
0.28552 0.0791578 -0.164114
0.286509 0.0792097 -0.163971
0.286502 0.0782857 -0.163589
0.285514 0.0782338 -0.163732
