EXPORTER_V17
ANIMATION_EXPORT
BONEOBJECT_COUNT = 44
VERTEX = 9
0.005 0.005 -0.005
0.005 0.005 0.005
0.005 -0.005 0.005
0.005 -0.005 -0.005
0.0 0.0005 -0.0005
0.0 0.0005 0.0005
0.0 -0.0005 0.0005
0.0 -0.0005 -0.0005
0.0 0.0 0.0
INDEX = 14
4 5 7
6 7 5
1 2 5
6 5 2
0 1 4
5 4 1
7 6 3
2 3 6
4 7 0
3 0 7
8 1 0
8 2 1
8 3 2
8 0 3
FACE-NORMAL = 14
1.0 0.0 0.0
1.0 0.0 0.0
0.668965 0.0 -0.743294
0.668965 0.0 -0.743294
0.668965 -0.743294 0.0
0.668965 -0.743294 0.0
0.668965 0.743294 0.0
0.668965 0.743294 0.0
0.668965 0.0 0.743294
0.668965 0.0 0.743294
-0.707107 0.707107 0.0
-0.707107 0.0 0.707107
-0.707107 -0.707107 0.0
-0.707107 0.0 -0.707107
BONE = 0
BONE_NAME = Dummy01
PARENT_ID = -1
LOCALTM 
MAT 1.0 0.0 0.0 0.0
MAT 0.0 1.0 0.0 0.0
MAT 0.0 0.0 1.0 0.0
MAT 0.0 0.0 0.0 1.0
WORLDTM 
MAT 1.0 0.0 0.0 0.0
MAT 0.0 1.0 0.0 0.0
MAT 0.0 0.0 1.0 0.0
MAT 0.0 0.0 0.0 1.0
VERTEX = 9
0.00632234 0.331797 0.0316144
0.00603235 0.324277 0.0299482
-0.00165862 0.324467 0.0304279
-0.00136863 0.331988 0.032094
0.00294432 0.327659 0.0348358
0.00291532 0.326907 0.0346692
0.00214622 0.326926 0.0347172
0.00217522 0.327678 0.0348838
0.00254527 0.327292 0.0347765
INDEX = 14
4 5 7
6 7 5
1 2 5
6 5 2
0 1 4
5 4 1
7 6 3
2 3 6
4 7 0
3 0 7
8 1 0
8 2 1
8 3 2
8 0 3
FACE-NORMAL = 14
-0.0553716 0.218002 -0.974376
-0.0553716 0.218002 -0.974376
-0.00907859 0.87102 -0.491163
-0.00907861 0.87102 -0.491164
-0.778669 0.164186 -0.605573
-0.778668 0.164186 -0.605573
0.704585 0.127485 -0.698074
0.704585 0.127485 -0.698074
-0.0650047 -0.579349 -0.812483
-0.0650047 -0.579349 -0.812483
0.744674 -0.171608 0.644989
0.012552 -0.844029 0.53615
-0.666367 -0.136693 0.732987
0.0657553 0.535728 0.841826
BONE = 1
BONE_NAME = Bone_Pelvis
PARENT_ID = 0
LOCALTM 
MAT -0.0426819 0.168042 -0.751075 0.0
MAT 0.769097 -0.0190303 -0.0479638 0.0
MAT -0.0289988 -0.752046 -0.166611 0.0
MAT 0.00254527 0.327292 0.0347765 1.0
WORLDTM 
MAT -0.0426819 0.168042 -0.751075 0.0
MAT 0.769097 -0.0190303 -0.0479638 0.0
MAT -0.0289988 -0.752046 -0.166611 0.0
MAT 0.00254527 0.327292 0.0347765 1.0
VERTEX = 9
-0.00386711 0.369449 -0.146712
-0.00392939 0.361994 -0.144753
-0.0116204 0.362185 -0.144273
-0.0115581 0.36964 -0.146232
-0.00709995 0.367156 -0.141895
-0.00710618 0.36641 -0.141699
-0.00787528 0.366429 -0.141651
-0.00786905 0.367175 -0.141847
-0.00748762 0.366792 -0.141773
INDEX = 14
4 5 7
6 7 5
1 2 5
6 5 2
0 1 4
5 4 1
7 6 3
2 3 6
4 7 0
3 0 7
8 1 0
8 2 1
8 3 2
8 0 3
FACE-NORMAL = 14
-0.0664533 -0.253101 -0.965155
-0.0664533 -0.253101 -0.965155
-0.0384499 0.549543 -0.83458
-0.0384499 0.549543 -0.83458
-0.786082 -0.150965 -0.599404
-0.786082 -0.150965 -0.599404
0.697172 -0.187666 -0.691905
0.697172 -0.187666 -0.691905
-0.05046 -0.888174 -0.456729
-0.05046 -0.888174 -0.456729
0.75251 0.161512 0.638469
0.0412769 -0.504891 0.862195
-0.658531 0.196426 0.726466
0.0527023 0.86283 0.50274
BONE = 2
BONE_NAME = Bone_Chest
PARENT_ID = 1
LOCALTM 
MAT 0.888927 0.0 0.458048 0.0
MAT 0.0 1.0 0.0 0.0
MAT -0.458048 0.0 0.888928 0.0
MAT 0.235062 0.0 0.0 1.0
WORLDTM 
MAT -0.0512239 -0.195097 -0.743967 0.0
MAT 0.769098 -0.0190303 -0.0479638 0.0
MAT -0.00622747 -0.745485 0.195924 0.0
MAT -0.00748762 0.366792 -0.141773 1.0
VERTEX = 9
-0.011072 0.342276 -0.251459
-0.0109647 0.335857 -0.247192
-0.0186556 0.336048 -0.246713
-0.0187629 0.342466 -0.25098
-0.0143239 0.340831 -0.247285
-0.0143132 0.340189 -0.246858
-0.0150823 0.340208 -0.24681
-0.015093 0.34085 -0.247237
-0.0147031 0.34052 -0.247048
INDEX = 14
4 5 7
6 7 5
1 2 5
6 5 2
0 1 4
5 4 1
7 6 3
2 3 6
4 7 0
3 0 7
8 1 0
8 2 1
8 3 2
8 0 3
FACE-NORMAL = 14
-0.0654794 -0.553204 -0.830469
-0.0654794 -0.553204 -0.830469
-0.05415 0.248853 -0.967026
-0.05415 0.248853 -0.967026
-0.78543 -0.351723 -0.509304
-0.78543 -0.351723 -0.509304
0.697823 -0.388424 -0.601805
0.697823 -0.388424 -0.601805
-0.0334568 -0.989 -0.144082
-0.0334568 -0.989 -0.144082
0.751822 0.373717 0.543231
0.0561438 -0.19762 0.97867
-0.65922 0.408631 0.631229
0.036458 0.979968 0.195791
BONE = 3
BONE_NAME = Bone_Head
PARENT_ID = 2
LOCALTM 
MAT 0.60238 0.0 0.206629 0.0
MAT -1.44821e-007 1.0 3.03611e-007 0.0
MAT -0.324463 2.21655e-007 0.945899 0.0
MAT 0.141064 0.0 -0.00167459 1.0
WORLDTM 
MAT -0.0321431 -0.271561 -0.407667 0.0
MAT 0.769098 -0.0190305 -0.0479636 0.0
MAT 0.0107299 -0.641852 0.426713 0.0
MAT -0.0147031 0.34052 -0.247048 1.0
VERTEX = 9
-0.00853224 0.372824 -0.279535
-0.0124484 0.37911 -0.267833
-0.0104611 0.365604 -0.268126
-0.00654495 0.359317 -0.279828
-0.0125236 0.3695 -0.274659
-0.0129152 0.370129 -0.273489
-0.0127165 0.368778 -0.273518
-0.0123249 0.368149 -0.274689
-0.0126201 0.369139 -0.274089
INDEX = 14
4 5 7
6 7 5
1 2 5
6 5 2
0 1 4
5 4 1
7 6 3
2 3 6
4 7 0
3 0 7
8 1 0
8 2 1
8 3 2
8 0 3
FACE-NORMAL = 14
0.996307 0.0238561 0.0824777
0.996307 0.0238561 0.0824777
0.800265 -0.293445 -0.52294
0.800265 -0.293445 -0.52294
0.73233 -0.67994 0.037083
0.73233 -0.67994 0.037083
0.594824 0.800277 0.0757723
0.594824 0.800277 0.0757723
0.510197 0.395122 0.763922
0.510197 0.395122 0.763922
-0.76305 0.645052 -0.0407789
-0.82523 0.27749 0.491929
-0.641161 -0.763399 -0.0783261
-0.564521 -0.378035 -0.733761
BONE = 4
BONE_NAME = Ref_Head
PARENT_ID = 3
LOCALTM 
MAT -0.187667 0.803926 0.0322607 0.0
MAT -1.5452 -0.302859 -1.44161 0.0
MAT -2.63588 -0.621504 0.15417 0.0
MAT 0.0132175 0.0039625 -0.0502982 1.0
WORLDTM 
MAT 0.624676 0.0149575 0.0517128 0.0
MAT -0.198729 1.35068 0.0292983 0.0
MAT -0.391618 0.628677 1.17016 0.0
MAT -0.0126201 0.369139 -0.274089 1.0
VERTEX = 9
-0.108707 0.315334 -0.0436922
-0.10888 0.312143 -0.0366773
-0.116578 0.311885 -0.0369843
-0.116405 0.315076 -0.0439992
-0.11243 0.317288 -0.0390835
-0.112447 0.316969 -0.038382
-0.113217 0.316943 -0.0384127
-0.1132 0.317262 -0.0391142
-0.112823 0.317116 -0.0387481
INDEX = 14
4 5 7
6 7 5
1 2 5
6 5 2
0 1 4
5 4 1
7 6 3
2 3 6
4 7 0
3 0 7
8 1 0
8 2 1
8 3 2
8 0 3
FACE-NORMAL = 14
0.0469298 -0.909708 -0.412587
0.0469298 -0.909708 -0.412587
0.0480662 -0.300915 -0.952439
0.0480662 -0.300915 -0.952439
-0.710894 -0.633429 -0.305611
-0.710894 -0.633429 -0.305611
0.773682 -0.583697 -0.246402
0.773682 -0.583697 -0.246402
0.0147225 -0.916211 0.400426
0.0147225 -0.916211 0.400426
0.672965 0.666916 0.319906
-0.0490445 0.350591 0.935244
-0.739334 0.619606 0.26358
-0.0173242 0.935931 -0.351757
BONE = 5
BONE_NAME = Bone_Leg Right Front
PARENT_ID = 2
LOCALTM 
MAT 0.625339 0.094956 0.774553 0.0
MAT -0.113272 0.993102 -0.0302986 0.0
MAT -0.772088 -0.0687876 0.631782 0.0
MAT -0.103605 -0.143072 0.097403 1.0
WORLDTM 
MAT 0.0361746 -0.701226 -0.318033 0.0
MAT 0.769783 0.0257871 0.0307012 0.0
MAT -0.0172894 -0.319043 0.701488 0.0
MAT -0.112823 0.317116 -0.0387481 1.0
VERTEX = 9
-0.101758 0.181791 -0.105424
-0.101834 0.176413 -0.0999015
-0.109532 0.176187 -0.100229
-0.109456 0.181564 -0.105751
-0.105451 0.182028 -0.100402
-0.105459 0.18149 -0.09985
-0.106229 0.181468 -0.0998828
-0.106221 0.182005 -0.100435
-0.10584 0.181748 -0.100143
INDEX = 14
4 5 7
6 7 5
1 2 5
6 5 2
0 1 4
5 4 1
7 6 3
2 3 6
4 7 0
3 0 7
8 1 0
8 2 1
8 3 2
8 0 3
FACE-NORMAL = 14
0.050692 -0.71591 -0.69635
0.050692 -0.71591 -0.69635
0.0412508 0.039582 -0.998365
0.0412508 0.0395818 -0.998365
-0.708391 -0.500803 -0.497372
-0.708391 -0.500803 -0.497372
0.776213 -0.457034 -0.434295
0.776213 -0.457034 -0.434295
0.0265716 -0.997419 0.0666976
0.0265716 -0.997419 0.0666977
0.670318 0.527043 0.522397
-0.042827 0.0129675 0.998998
-0.742008 0.485406 0.462391
-0.0288624 0.999482 -0.0142111
BONE = 6
BONE_NAME = Bone_Leg Right Front 01
PARENT_ID = 5
LOCALTM 
MAT 0.940952 -0.00106134 -0.338534 0.0
MAT 0.0025769 0.99999 0.00402786 0.0
MAT 0.338526 -0.0046626 0.940946 0.0
MAT 0.193044 0.0 0.0 1.0
WORLDTM 
MAT 0.0390746 -0.551841 -0.536763 0.0
MAT 0.769799 0.0226948 0.0327069 0.0
MAT -0.00761149 -0.537706 0.552257 0.0
MAT -0.10584 0.181748 -0.100143 1.0
VERTEX = 9
-0.0937233 0.0682857 -0.217285
-0.0936633 0.0614391 -0.213744
-0.101366 0.0612594 -0.213961
-0.101426 0.0681061 -0.217502
-0.0973003 0.0668922 -0.212367
-0.0972944 0.0662076 -0.212013
-0.0980647 0.0661896 -0.212035
-0.0980707 0.0668743 -0.212389
-0.0976825 0.0665409 -0.212201
INDEX = 14
4 5 7
6 7 5
1 2 5
6 5 2
0 1 4
5 4 1
7 6 3
2 3 6
4 7 0
3 0 7
8 1 0
8 2 1
8 3 2
8 0 3
FACE-NORMAL = 14
0.03571 -0.458823 -0.88781
0.03571 -0.458823 -0.88781
0.0181109 0.353272 -0.935346
0.0181109 0.353271 -0.935346
-0.718908 -0.324258 -0.614839
-0.718908 -0.324258 -0.614839
0.766687 -0.289615 -0.572988
0.766687 -0.289615 -0.572987
0.0296665 -0.967147 -0.25248
0.0296665 -0.967147 -0.25248
0.681383 0.340915 0.647683
-0.0197543 -0.303629 0.952586
-0.731885 0.307959 0.607869
-0.0307473 0.952505 0.302966
BONE = 7
BONE_NAME = Bone_Foot Right Front
PARENT_ID = 6
LOCALTM 
MAT 0.94851 -0.0155165 -0.316357 0.0
MAT 0.0143704 0.999883 -0.00595392 0.0
MAT 0.316411 0.00110227 0.948622 0.0
MAT 0.208768 0.0 6.85453e-007 1.0
WORLDTM 
MAT 0.027526 -0.353671 -0.684343 0.0
MAT 0.770316 0.0179634 0.0217015 0.0
MAT 0.00599174 -0.684663 0.354081 0.0
MAT -0.0976825 0.0665409 -0.212201 1.0
VERTEX = 9
0.113335 0.308466 -0.0555876
0.113326 0.307022 -0.048016
0.105624 0.307306 -0.0479702
0.105632 0.308751 -0.0555418
0.110009 0.311727 -0.0514377
0.110008 0.311583 -0.0506805
0.109238 0.311611 -0.0506759
0.109238 0.311756 -0.0514331
0.109623 0.311669 -0.0510568
INDEX = 14
4 5 7
6 7 5
1 2 5
6 5 2
0 1 4
5 4 1
7 6 3
2 3 6
4 7 0
3 0 7
8 1 0
8 2 1
8 3 2
8 0 3
FACE-NORMAL = 14
-0.0373754 -0.981579 -0.187365
-0.0373754 -0.981579 -0.187365
-0.0241983 -0.517307 -0.855458
-0.0241983 -0.517307 -0.855458
-0.767777 -0.629203 -0.120923
-0.767777 -0.629203 -0.120923
0.717772 -0.684081 -0.129758
0.717772 -0.684081 -0.129758
-0.0258073 -0.795977 0.604777
-0.0258073 -0.795977 0.604777
0.733041 0.667978 0.128284
0.025663 0.56153 0.827058
-0.680184 0.720185 0.13669
0.0271937 0.826633 -0.562085
BONE = 8
BONE_NAME = Bone_Leg Left Front
PARENT_ID = 2
LOCALTM 
MAT 0.431758 -0.00139964 0.901988 0.0
MAT -0.051327 0.99834 0.026118 0.0
MAT -0.900528 -0.0575727 0.43097 0.0
MAT -0.105582 0.146031 0.097846 1.0
WORLDTM 
MAT -0.0288099 -0.756627 -0.144426 0.0
MAT 0.770288 -0.0284556 -0.00458145 0.0
MAT -0.000834316 -0.144496 0.757161 0.0
MAT 0.109623 0.311669 -0.0510568 1.0
VERTEX = 9
0.108053 0.168998 -0.083267
0.107738 0.161382 -0.0821204
0.100036 0.161702 -0.0821097
0.100351 0.169318 -0.0832563
0.104474 0.166287 -0.078935
0.104443 0.165526 -0.0788203
0.103673 0.165558 -0.0788192
0.103704 0.166319 -0.0789339
0.104074 0.165923 -0.0788771
INDEX = 14
4 5 7
6 7 5
1 2 5
6 5 2
0 1 4
5 4 1
7 6 3
2 3 6
4 7 0
3 0 7
8 1 0
8 2 1
8 3 2
8 0 3
FACE-NORMAL = 14
-0.00754754 -0.148556 -0.988875
-0.00754754 -0.148556 -0.988875
0.0253356 0.635018 -0.772082
0.0253356 0.635018 -0.772082
-0.747701 -0.0684975 -0.660494
-0.7477 -0.0684975 -0.660494
0.737603 -0.130261 -0.662552
0.737603 -0.130261 -0.662552
-0.0354337 -0.833777 -0.550964
-0.0354337 -0.833777 -0.550964
0.711832 0.0756672 0.698261
-0.0235684 -0.593598 0.804417
-0.701159 0.134423 0.700219
0.0342423 0.803689 0.594064
BONE = 9
BONE_NAME = Bone_Leg Left Front 01
PARENT_ID = 8
LOCALTM 
MAT 0.331382 0.00381946 -0.943488 0.0
MAT 0.00369783 0.999979 0.00534694 0.0
MAT 0.943489 -0.0052601 0.331362 0.0
MAT 0.192627 0.0 0.0 1.0
WORLDTM 
MAT -0.00581784 -0.114511 -0.76225 0.0
MAT 0.770161 -0.0320255 -0.00106692 0.0
MAT -0.0315101 -0.7616 0.114654 0.0
MAT 0.104074 0.165923 -0.0788771 1.0
VERTEX = 9
0.107209 0.146241 -0.240793
0.106928 0.138646 -0.242079
0.0992615 0.139047 -0.242774
0.0995421 0.146642 -0.241488
0.103256 0.142377 -0.2379
0.103228 0.141618 -0.238029
0.102462 0.141658 -0.238098
0.10249 0.142417 -0.23797
0.102859 0.142018 -0.237999
INDEX = 14
4 5 7
6 7 5
1 2 5
6 5 2
0 1 4
5 4 1
7 6 3
2 3 6
4 7 0
3 0 7
8 1 0
8 2 1
8 3 2
8 0 3
FACE-NORMAL = 14
0.0975226 0.162552 -0.981869
0.0975226 0.162552 -0.981869
0.0923049 0.84113 -0.532898
0.0923049 0.84113 -0.532899
-0.674017 0.147404 -0.72386
-0.674016 0.147404 -0.72386
0.804495 0.0700788 -0.589811
0.804495 0.0700788 -0.589811
0.0381735 -0.623648 -0.780773
0.0381735 -0.623648 -0.780773
0.634306 -0.151722 0.758048
-0.0947069 -0.811673 0.576383
-0.772224 -0.0781612 0.630524
-0.0432109 0.581791 0.81219
BONE = 10
BONE_NAME = Bone_Foot Left Front
PARENT_ID = 9
LOCALTM 
MAT 0.94606 0.092044 -0.310637 0.0
MAT -0.0889487 0.995745 0.0241484 0.0
MAT 0.311537 0.00478574 0.950222 0.0
MAT 0.208753 0.0 6.25849e-007 1.0
WORLDTM 
MAT 0.0751729 0.125299 -0.756849 0.0
MAT 0.766641 -0.040095 0.0695076 0.0
MAT -0.0280683 -0.759517 -0.128527 0.0
MAT 0.102859 0.142018 -0.237999 1.0
VERTEX = 9
0.0070989 0.300147 0.048496
0.00688641 0.306101 0.0533866
-0.000792467 0.305533 0.0537454
-0.000579984 0.299578 0.0488548
0.00322879 0.305002 0.0478845
0.00320754 0.305597 0.0483736
0.00243965 0.30554 0.0484095
0.0024609 0.304945 0.0479204
0.00283422 0.305271 0.048147
INDEX = 14
4 5 7
6 7 5
1 2 5
6 5 2
0 1 4
5 4 1
7 6 3
2 3 6
4 7 0
3 0 7
8 1 0
8 2 1
8 3 2
8 0 3
FACE-NORMAL = 14
0.0827674 -0.630759 0.771552
0.0827674 -0.630759 0.771552
0.0758579 -0.996123 0.0445496
0.0758579 -0.996123 0.0445498
-0.685092 -0.476797 0.550739
-0.685092 -0.476797 0.55074
0.795829 -0.367115 0.481543
0.795829 -0.367115 0.481542
0.0348791 0.152211 0.987732
0.0348791 0.152212 0.987732
0.645886 0.498185 -0.578484
-0.0780173 0.992228 -0.0969377
-0.762936 0.393843 -0.512655
-0.0390336 -0.1002 -0.994201
BONE = 11
BONE_NAME = Bone_Tail
PARENT_ID = 1
LOCALTM 
MAT -0.893871 0.0501451 0.44551 0.0
MAT 0.00627869 0.995028 -0.0993994 0.0
MAT -0.448279 -0.0860531 -0.889742 0.0
MAT -0.0231499 0.0 0.024109 1.0
WORLDTM 
MAT 0.0637993 -0.486206 0.594732 0.0
MAT 0.767888 0.0568724 -0.0358801 0.0
MAT -0.0212483 0.595435 0.48906 0.0
MAT 0.00283422 0.305271 0.048147 1.0
VERTEX = 9
0.0224421 0.186746 0.19122
0.0220337 0.193896 0.194069
0.0144147 0.193114 0.19494
0.0148232 0.185964 0.19209
0.0182815 0.190997 0.189339
0.0182407 0.191712 0.189624
0.0174788 0.191634 0.189711
0.0175196 0.190919 0.189426
0.0178801 0.191315 0.189525
INDEX = 14
4 5 7
6 7 5
1 2 5
6 5 2
0 1 4
5 4 1
7 6 3
2 3 6
4 7 0
3 0 7
8 1 0
8 2 1
8 3 2
8 0 3
FACE-NORMAL = 14
0.142257 -0.359387 0.922282
0.142257 -0.359387 0.922282
0.134551 -0.929939 0.342212
0.134551 -0.929939 0.342212
-0.639515 -0.315829 0.700909
-0.639515 -0.315829 0.700909
0.829844 -0.165006 0.53304
0.829844 -0.165006 0.53304
0.0557784 0.449105 0.891736
0.0557783 0.449105 0.891736
0.598321 0.325865 -0.732
-0.138059 0.910078 -0.390767
-0.799502 0.182385 -0.572304
-0.0631218 -0.401828 -0.913537
BONE = 12
BONE_NAME = Bone_Tail 01
PARENT_ID = 11
LOCALTM 
MAT 0.950048 0.0722683 0.303618 0.0
MAT -0.0693113 0.997384 -0.02052 0.0
MAT -0.304306 -0.00154982 0.952573 0.0
MAT 0.236375 0.0 0.00163144 1.0
WORLDTM 
MAT 0.109655 -0.277024 0.710918 0.0
MAT 0.761893 0.0782048 -0.0870433 0.0
MAT -0.0408452 0.715063 0.28494 0.0
MAT 0.0178801 0.191315 0.189525 1.0
VERTEX = 9
0.0491318 0.117684 0.371666
0.0476689 0.125073 0.373301
0.0402376 0.123986 0.371566
0.0417005 0.116597 0.36993
0.045846 0.121473 0.367956
0.0456997 0.122212 0.368119
0.0449565 0.122103 0.367946
0.0451028 0.121364 0.367782
0.0454012 0.121788 0.367951
INDEX = 14
4 5 7
6 7 5
1 2 5
6 5 2
0 1 4
5 4 1
7 6 3
2 3 6
4 7 0
3 0 7
8 1 0
8 2 1
8 3 2
8 0 3
FACE-NORMAL = 14
-0.185918 -0.247326 0.950928
-0.185918 -0.247326 0.950928
0.0166912 -0.877986 0.478394
0.0166911 -0.877986 0.478394
-0.840955 -0.270265 0.468777
-0.840955 -0.270265 0.468777
0.59221 -0.0606398 0.803498
0.592211 -0.0606397 0.803498
-0.265436 0.547081 0.793881
-0.265436 0.547081 0.79388
0.813159 0.274595 -0.513195
-0.00273217 0.85273 -0.522344
-0.550232 0.0751761 -0.831621
0.26566 -0.502958 -0.822471
BONE = 13
BONE_NAME = Bone_Tail 02
PARENT_ID = 12
LOCALTM 
MAT 0.93946 -0.316235 0.131932 0.0
MAT 0.294129 0.941772 0.162958 0.0
MAT -0.175784 -0.114289 0.977773 0.0
MAT 0.250979 0.0 0.0 1.0
WORLDTM 
MAT -0.14331 -0.190645 0.732998 0.0
MAT 0.743127 0.108695 0.17356 0.0
MAT -0.146289 0.738927 0.163587 0.0
MAT 0.0454012 0.121788 0.367951 1.0
VERTEX = 9
0.0116151 0.0784266 0.554484
0.0113109 0.0854822 0.551395
0.00420821 0.0840293 0.548776
0.00451242 0.0769737 0.551865
0.0097717 0.0795762 0.548636
0.00974128 0.0802818 0.548327
0.00903101 0.0801365 0.548065
0.00906144 0.0794309 0.548374
0.00940136 0.0798563 0.548351
INDEX = 14
4 5 7
6 7 5
1 2 5
6 5 2
0 1 4
5 4 1
7 6 3
2 3 6
4 7 0
3 0 7
8 1 0
8 2 1
8 3 2
8 0 3
FACE-NORMAL = 14
-0.386523 0.355884 0.850851
-0.386523 0.355884 0.850851
-0.229236 -0.442283 0.867085
-0.229236 -0.442283 0.867085
-0.943468 0.0979748 0.316654
-0.943468 0.0979749 0.316654
0.426327 0.378173 0.821724
0.426327 0.378173 0.821724
-0.287904 0.918428 0.271294
-0.287904 0.918428 0.271294
0.924866 -0.11837 -0.361402
0.245407 0.395586 -0.885035
-0.37824 -0.384926 -0.841883
0.301219 -0.898879 -0.31825
BONE = 14
BONE_NAME = Bone_Tail 03
PARENT_ID = 13
LOCALTM 
MAT 0.792937 -0.130869 0.595075 0.0
MAT 0.105152 0.991401 0.0779169 0.0
MAT -0.60016 0.000785992 0.799884 0.0
MAT 0.244688 1.19209e-007 0.00638321 1.0
WORLDTM 
MAT -0.297941 0.274323 0.655855 0.0
MAT 0.710269 0.145289 0.26189 0.0
MAT -0.0304212 0.705559 -0.308929 0.0
MAT 0.00940136 0.0798563 0.548351 1.0
VERTEX = 9
-0.0404325 0.125113 0.666235
-0.0407367 0.132169 0.663145
-0.0467636 0.130026 0.658844
-0.0464593 0.12297 0.661933
-0.0408834 0.126201 0.660109
-0.0409139 0.126906 0.6598
-0.0415165 0.126692 0.659369
-0.0414861 0.125987 0.659678
-0.0412 0.126446 0.659739
INDEX = 14
4 5 7
6 7 5
1 2 5
6 5 2
0 1 4
5 4 1
7 6 3
2 3 6
4 7 0
3 0 7
8 1 0
8 2 1
8 3 2
8 0 3
FACE-NORMAL = 14
-0.622201 0.291332 0.726631
-0.622201 0.291332 0.726631
-0.386897 -0.485465 0.783986
-0.386897 -0.485465 0.783986
-0.997384 -0.01177 0.0713204
-0.997384 -0.0117699 0.0713205
0.164927 0.401554 0.900863
0.164927 0.401554 0.900863
-0.445564 0.875246 0.188195
-0.445563 0.875246 0.188195
0.992822 -0.00940329 -0.119229
0.412057 0.44123 -0.797198
-0.112902 -0.402604 -0.908385
0.467867 -0.853235 -0.230413
BONE = 15
BONE_NAME = Bone01
PARENT_ID = 14
LOCALTM 
MAT 0.962429 -0.27153 -1.2219e-006 0.0
MAT 0.271529 0.962432 -2.98023e-007 0.0
MAT -1.84774e-006 6.55651e-007 1.0 0.0
MAT 0.169837 0.0 0.0 1.0
WORLDTM 
MAT -0.479606 0.224565 0.560103 0.0
MAT 0.602686 0.214317 0.430135 0.0
MAT -0.0304202 0.705558 -0.30893 0.0
MAT -0.0412 0.126446 0.659739 1.0
VERTEX = 9
-0.106418 0.26846 0.0234579
-0.106261 0.270318 0.0309374
-0.113939 0.270994 0.0309303
-0.114096 0.269137 0.0234508
-0.109473 0.273326 0.0258885
-0.109458 0.273511 0.0266364
-0.110226 0.273579 0.0266357
-0.110241 0.273393 0.0258877
-0.109849 0.273452 0.0262621
INDEX = 14
4 5 7
6 7 5
1 2 5
6 5 2
0 1 4
5 4 1
7 6 3
2 3 6
4 7 0
3 0 7
8 1 0
8 2 1
8 3 2
8 0 3
FACE-NORMAL = 14
-0.0853857 -0.966557 0.241822
-0.0853857 -0.966557 0.241822
-0.0722329 -0.825702 -0.559463
-0.0722329 -0.825702 -0.559463
-0.797545 -0.581355 0.161084
-0.797545 -0.581355 0.161084
0.683305 -0.71183 0.162456
0.683305 -0.71183 0.162456
-0.0420072 -0.467483 0.883003
-0.0420072 -0.467483 0.883003
0.764754 0.621397 -0.170341
0.0747539 0.853848 0.515126
-0.644001 0.74552 -0.171646
0.0459998 0.513069 -0.857114
BONE = 16
BONE_NAME = Bone_Leg Right Rear
PARENT_ID = 1
LOCALTM 
MAT -0.441608 -0.0763788 0.893951 0.0
MAT -0.0751907 0.996016 0.0479552 0.0
MAT -0.894052 -0.0460394 -0.445592 0.0
MAT 0.00360981 -0.143072 0.0760181 1.0
WORLDTM 
MAT -0.0658175 -0.745047 0.186402 0.0
MAT 0.767852 -0.0676541 0.000711352 0.0
MAT 0.0156726 0.185744 0.747948 0.0
MAT -0.109849 0.273452 0.0262621 1.0
VERTEX = 9
-0.120983 0.104676 0.0723266
-0.120207 0.112154 0.070621
-0.127876 0.112927 0.0705285
-0.128651 0.10545 0.0722341
-0.124125 0.107536 0.0677591
-0.124048 0.108284 0.0675886
-0.124815 0.108361 0.0675793
-0.124892 0.107614 0.0677499
-0.12447 0.107949 0.0676692
INDEX = 14
4 5 7
6 7 5
1 2 5
6 5 2
0 1 4
5 4 1
7 6 3
2 3 6
4 7 0
3 0 7
8 1 0
8 2 1
8 3 2
8 0 3
FACE-NORMAL = 14
0.0105753 0.221351 0.975137
0.0105753 0.221351 0.975137
-0.0676745 -0.572928 0.816807
-0.0676745 -0.572928 0.816807
-0.73241 0.222706 0.643411
-0.73241 0.222706 0.643411
0.746559 0.073446 0.661253
0.746559 0.073446 0.661253
0.0818235 0.86908 0.487857
0.0818235 0.86908 0.487857
0.696005 -0.227515 -0.681039
0.063632 0.529383 -0.845993
-0.71096 -0.0855222 -0.698013
-0.0785877 -0.842421 -0.533059
BONE = 17
BONE_NAME = Bone_Leg Right Rear 01
PARENT_ID = 16
LOCALTM 
MAT 0.020958 -0.0079932 0.999748 0.0
MAT 0.0150008 0.999858 0.00767963 0.0
MAT -0.999668 0.0148359 0.0210748 0.0
MAT 0.222138 0.0 0.0 1.0
WORLDTM 
MAT 0.00815168 0.170623 0.751661 0.0
MAT 0.766875 -0.0773943 0.00925141 0.0
MAT 0.0775177 0.74771 -0.170567 0.0
MAT -0.12447 0.107949 0.0676692 1.0
VERTEX = 9
-0.119442 0.136325 0.209048
-0.119481 0.136915 0.216734
-0.127149 0.137702 0.216634
-0.127109 0.137113 0.208948
-0.122513 0.140767 0.212171
-0.122517 0.140826 0.212939
-0.123284 0.140905 0.212929
-0.12328 0.140846 0.212161
-0.122899 0.140836 0.21255
INDEX = 14
4 5 7
6 7 5
1 2 5
6 5 2
0 1 4
5 4 1
7 6 3
2 3 6
4 7 0
3 0 7
8 1 0
8 2 1
8 3 2
8 0 3
FACE-NORMAL = 14
-0.102836 -0.991827 0.0755294
-0.102836 -0.991827 0.0755294
-0.0649529 -0.720332 -0.690582
-0.0649529 -0.720332 -0.690582
-0.808137 -0.587574 0.0408723
-0.808137 -0.587574 0.0408723
0.670549 -0.73942 0.0601807
0.67055 -0.73942 0.0601807
-0.0726349 -0.606662 0.791634
-0.0726349 -0.606662 0.791635
0.776065 0.629101 -0.0442231
0.0690623 0.755395 0.65162
-0.630632 0.773554 -0.0625915
0.0763703 0.647259 -0.758434
BONE = 18
BONE_NAME = Bone_Leg Right Rear 02
PARENT_ID = 17
LOCALTM 
MAT -0.146978 -0.00181913 -0.989137 0.0
MAT 0.000574946 0.999999 -0.00192453 0.0
MAT 0.98914 -0.000851704 -0.146977 0.0
MAT 0.192748 0.0 4.47035e-007 1.0
WORLDTM 
MAT -0.0792688 -0.764525 0.0582199 0.0
MAT 0.76673 -0.0787351 0.0100118 0.0
MAT -0.0039833 0.05894 0.76856 0.0
MAT -0.122899 0.140836 0.21255 1.0
VERTEX = 9
-0.135887 -0.0177324 0.221557
-0.136598 -0.0252671 0.220095
-0.144251 -0.0246826 0.220803
-0.143541 -0.0171478 0.222265
-0.139361 -0.0216187 0.224985
-0.139432 -0.0223722 0.224839
-0.140197 -0.0223137 0.22491
-0.140126 -0.0215603 0.225056
-0.139779 -0.0219662 0.224948
INDEX = 14
4 5 7
6 7 5
1 2 5
6 5 2
0 1 4
5 4 1
7 6 3
2 3 6
4 7 0
3 0 7
8 1 0
8 2 1
8 3 2
8 0 3
FACE-NORMAL = 14
-0.0753943 0.196868 -0.977527
-0.0753943 0.196868 -0.977527
0.0181025 0.858263 -0.512891
0.0181025 0.858263 -0.512891
-0.788439 0.188062 -0.585659
-0.788439 0.188062 -0.585659
0.687567 0.0753341 -0.722203
0.687567 0.0753341 -0.722203
-0.118975 -0.594867 -0.794971
-0.118975 -0.594867 -0.794971
0.755385 -0.192827 0.626268
-0.01189 -0.830399 0.557043
-0.648761 -0.0855871 0.756164
0.118514 0.551985 0.825389
BONE = 19
BONE_NAME = Bone_Foot Right Rear
PARENT_ID = 18
LOCALTM 
MAT -0.261338 -0.107799 -0.959207 0.0
MAT -0.0338319 0.994158 -0.102509 0.0
MAT 0.964655 0.00566085 -0.263457 0.0
MAT 0.212946 0.0 -1.19209e-007 1.0
WORLDTM 
MAT -0.0581158 0.151751 -0.753502 0.0
MAT 0.765341 -0.0584517 -0.0708009 0.0
MAT -0.0710773 -0.753477 -0.146264 0.0
MAT -0.139779 -0.0219662 0.224948 1.0
VERTEX = 9
-0.146657 0.0106338 0.0822238
-0.147321 0.00321381 0.0802438
-0.154982 0.00371402 0.0809367
-0.154318 0.0111341 0.0829166
-0.150134 0.00650624 0.0853532
-0.1502 0.00576423 0.0851552
-0.150967 0.00581426 0.0852245
-0.1509 0.00655626 0.0854225
-0.15055 0.00616025 0.0852889
INDEX = 14
4 5 7
6 7 5
1 2 5
6 5 2
0 1 4
5 4 1
7 6 3
2 3 6
4 7 0
3 0 7
8 1 0
8 2 1
8 3 2
8 0 3
FACE-NORMAL = 14
-0.0698527 0.263014 -0.96226
-0.0698527 0.263014 -0.96226
0.0172592 0.891448 -0.452795
0.0172591 0.891448 -0.452795
-0.785441 0.224182 -0.576909
-0.785441 0.224182 -0.576909
0.691984 0.127713 -0.710527
0.691984 0.127713 -0.710526
-0.110717 -0.539552 -0.834641
-0.110717 -0.539552 -0.834641
0.752141 -0.231866 0.616864
-0.0114796 -0.866645 0.498793
-0.653355 -0.140093 0.743976
0.110266 0.494686 0.862048
BONE = 20
BONE_NAME = Bone_Foot Right Rear 01
PARENT_ID = 19
LOCALTM 
MAT 0.997676 -0.000916032 -0.0680649 0.0
MAT 0.000156377 0.99994 -0.0111523 0.0
MAT 0.0680726 0.0111139 0.997621 0.0
MAT 0.185346 0.0 0.0 1.0
WORLDTM 
MAT -0.053844 0.202737 -0.741731 0.0
MAT 0.766078 -0.0500215 -0.0692833 0.0
MAT -0.0663584 -0.742004 -0.197996 0.0
MAT -0.15055 0.00616025 0.0852889 1.0
VERTEX = 9
0.116407 0.264895 0.00792863
0.117167 0.2644 0.0155833
0.109557 0.263381 0.0162729
0.108797 0.263877 0.00861823
0.112841 0.268026 0.0119784
0.112917 0.267977 0.0127439
0.112156 0.267875 0.0128128
0.11208 0.267925 0.0120474
0.112499 0.267951 0.0123956
INDEX = 14
4 5 7
6 7 5
1 2 5
6 5 2
0 1 4
5 4 1
7 6 3
2 3 6
4 7 0
3 0 7
8 1 0
8 2 1
8 3 2
8 0 3
FACE-NORMAL = 14
0.125418 -0.98915 -0.0764982
0.125418 -0.98915 -0.0764982
0.0106145 -0.613914 -0.789302
0.0106146 -0.613914 -0.789301
-0.649874 -0.759887 0.0153222
-0.649874 -0.759887 0.0153222
0.817674 -0.563526 -0.117671
0.817675 -0.563526 -0.117671
0.157186 -0.709499 0.686952
0.157186 -0.709499 0.686952
0.609367 0.792835 -0.00916699
-0.0189661 0.653969 0.756283
-0.786734 0.606034 0.117352
-0.158401 0.744901 -0.648099
BONE = 21
BONE_NAME = Bone_Leg Left Rear
PARENT_ID = 1
LOCALTM 
MAT -0.148043 0.154317 0.976867 0.0
MAT 0.061303 0.987284 -0.146672 0.0
MAT -0.98708 0.0381706 -0.155621 0.0
MAT 0.00360982 0.146031 0.0760181 1.0
WORLDTM 
MAT 0.0966753 -0.762463 -0.0589669 0.0
MAT 0.760954 0.101817 -0.0689599 0.0
MAT 0.0760002 -0.0495629 0.765468 0.0
MAT 0.112499 0.267951 0.0123956 1.0
VERTEX = 9
0.138376 0.0964525 0.00381436
0.137548 0.103784 0.00158256
0.129892 0.10309 0.00214438
0.13072 0.095759 0.00437618
0.134391 0.0983011 -0.000615473
0.134308 0.0990342 -0.000838652
0.133543 0.0989648 -0.00078247
0.133626 0.0982317 -0.000559291
0.133967 0.0986329 -0.000698972
INDEX = 14
4 5 7
6 7 5
1 2 5
6 5 2
0 1 4
5 4 1
7 6 3
2 3 6
4 7 0
3 0 7
8 1 0
8 2 1
8 3 2
8 0 3
FACE-NORMAL = 14
0.043271 0.295413 0.954389
0.043271 0.295413 0.954389
0.10878 -0.509343 0.853661
0.10878 -0.509343 0.853661
-0.709347 0.130742 0.692628
-0.709347 0.130742 0.692628
0.767241 0.2645 0.584278
0.767241 0.2645 0.584278
-0.0508862 0.904585 0.423245
-0.0508863 0.904585 0.423245
0.671753 -0.145265 -0.726392
-0.106544 0.463657 -0.879586
-0.732948 -0.272512 -0.623318
0.0453491 -0.881434 -0.470125
BONE = 22
BONE_NAME = Bone_Leg Left Rear 01
PARENT_ID = 21
LOCALTM 
MAT -0.35979 -0.00364388 0.933026 0.0
MAT 0.0411492 0.998958 0.0197693 0.0
MAT -0.932125 0.0455055 -0.359265 0.0
MAT 0.222067 0.0 0.0 1.0
WORLDTM 
MAT 0.0333544 0.227712 0.735668 0.0
MAT 0.765642 0.0693564 -0.0561817 0.0
MAT -0.0827901 0.733151 -0.223179 0.0
MAT 0.133967 0.0986329 -0.000698972 1.0
VERTEX = 9
0.143849 0.140261 0.131655
0.144495 0.136293 0.138232
0.136817 0.135761 0.138665
0.136171 0.139728 0.132088
0.140569 0.141529 0.136808
0.140633 0.141133 0.137466
0.139866 0.141079 0.137509
0.139801 0.141476 0.136851
0.140217 0.141304 0.137158
INDEX = 14
4 5 7
6 7 5
1 2 5
6 5 2
0 1 4
5 4 1
7 6 3
2 3 6
4 7 0
3 0 7
8 1 0
8 2 1
8 3 2
8 0 3
FACE-NORMAL = 14
0.0300316 -0.854595 -0.518426
0.0300316 -0.854595 -0.518426
-0.0421888 -0.189134 -0.981045
-0.0421888 -0.189134 -0.981045
-0.720254 -0.623028 -0.305074
-0.720254 -0.623028 -0.305074
0.760434 -0.52036 -0.388543
0.760434 -0.52036 -0.388543
0.0823689 -0.954254 0.287427
0.0823689 -0.954254 0.287427
0.683065 0.653125 0.32688
0.0380113 0.240355 0.969941
-0.725536 0.555455 0.406285
-0.0804823 0.968225 -0.236775
BONE = 23
BONE_NAME = Bone_Leg Left Rear 02
PARENT_ID = 22
LOCALTM 
MAT -0.74594 -0.00927919 -0.66595 0.0
MAT 0.0099143 0.999638 -0.0250336 0.0
MAT 0.66594 -0.0252765 -0.745577 0.0
MAT 0.187391 0.0 4.47035e-007 1.0
WORLDTM 
MAT 0.0231491 -0.658745 -0.399617 0.0
MAT 0.767767 0.0532355 -0.0432808 0.0
MAT 0.0645857 -0.39673 0.657728 0.0
MAT 0.140217 0.141304 0.137158 1.0
VERTEX = 9
0.148843 0.00508204 0.0482421
0.149279 -0.00261311 0.0483514
0.141584 -0.00305091 0.048222
0.141148 0.00464424 0.0481127
0.145508 0.00147314 0.0520863
0.145552 0.000703623 0.0520972
0.144783 0.000659843 0.0520842
0.144739 0.00142936 0.0520733
0.145145 0.00106649 0.0520853
INDEX = 14
4 5 7
6 7 5
1 2 5
6 5 2
0 1 4
5 4 1
7 6 3
2 3 6
4 7 0
3 0 7
8 1 0
8 2 1
8 3 2
8 0 3
FACE-NORMAL = 14
0.0175703 -0.0132133 -0.999758
0.0175703 -0.0132133 -0.999758
-0.0302866 0.733191 -0.679348
-0.0302866 0.73319 -0.679349
-0.730236 -0.0510552 -0.681285
-0.730236 -0.0510552 -0.681285
0.753743 0.0333767 -0.656321
0.753743 0.0333767 -0.656321
0.0537944 -0.750868 -0.658258
0.0537944 -0.750868 -0.658258
0.693442 0.0495039 0.71881
0.0275697 -0.696561 0.716968
-0.718289 -0.0308174 0.695062
-0.0524178 0.715246 0.696904
BONE = 24
BONE_NAME = Bone_Foot Left Rear
PARENT_ID = 23
LOCALTM 
MAT 0.53012 0.0727222 -0.844798 0.0
MAT -0.0272643 0.997262 0.0687376 0.0
MAT 0.847484 -0.0134067 0.530651 0.0
MAT 0.212887 0.0 0.0 1.0
WORLDTM 
MAT 0.0135437 -0.0101852 -0.77064 0.0
MAT 0.769474 0.0437797 0.0129437 0.0
MAT 0.0435978 -0.769515 0.0109355 0.0
MAT 0.145145 0.00106649 0.0520853 1.0
VERTEX = 9
0.151034 0.00358717 -0.0936394
0.151758 -0.00407586 -0.0940544
0.144085 -0.00480691 -0.0939297
0.143362 0.00285613 -0.0935148
0.147989 -0.00039081 -0.089922
0.148061 -0.00115711 -0.0899635
0.147294 -0.00123022 -0.0899511
0.147222 -0.000463914 -0.0899096
0.147641 -0.000810514 -0.0899366
INDEX = 14
4 5 7
6 7 5
1 2 5
6 5 2
0 1 4
5 4 1
7 6 3
2 3 6
4 7 0
3 0 7
8 1 0
8 2 1
8 3 2
8 0 3
FACE-NORMAL = 14
-0.0211799 0.0520603 -0.998419
-0.0211799 0.0520603 -0.998419
-0.0839242 0.773758 -0.627897
-0.0839242 0.773758 -0.627897
-0.754015 -0.0356668 -0.655888
-0.754015 -0.0356668 -0.655888
0.725677 0.10532 -0.679927
0.725677 0.10532 -0.679927
0.0555869 -0.704104 -0.707918
0.0555869 -0.704104 -0.707918
0.718804 0.0302491 0.694555
0.081336 -0.739769 0.667927
-0.68885 -0.103873 0.717423
-0.051383 0.666144 0.744051
BONE = 25
BONE_NAME = Bone_Foot Left Rear 01
PARENT_ID = 24
LOCALTM 
MAT 0.997115 -0.0349523 -0.067335 0.0
MAT 0.0324023 0.998731 -0.0386093 0.0
MAT 0.0685996 0.0363159 0.996984 0.0
MAT 0.184291 0.0 0.0 1.0
WORLDTM 
MAT -0.016326 0.0401293 -0.769605 0.0
MAT 0.767252 0.0731046 -0.0124655 0.0
MAT 0.0723395 -0.766303 -0.0414929 0.0
MAT 0.147641 -0.000810514 -0.0899366 1.0
VERTEX = 9
-0.0851773 0.39523 -0.118613
-0.0836641 0.392533 -0.109103
-0.0741509 0.395543 -0.109763
-0.0756641 0.398241 -0.119272
-0.0788729 0.390798 -0.116141
-0.0787216 0.390528 -0.11519
-0.0777703 0.390829 -0.115256
-0.0779216 0.391099 -0.116207
-0.0783216 0.390814 -0.115699
INDEX = 14
4 5 7
6 7 5
1 2 5
6 5 2
0 1 4
5 4 1
7 6 3
2 3 6
4 7 0
3 0 7
8 1 0
8 2 1
8 3 2
8 0 3
FACE-NORMAL = 14
-0.268504 0.914653 0.302186
-0.268504 0.914653 0.302186
-0.2921 0.812381 -0.504694
-0.2921 0.812381 -0.504693
0.527489 0.835651 0.15311
0.527489 0.835651 0.15311
-0.886729 0.38809 0.251193
-0.886729 0.38809 0.251193
-0.0671403 0.41136 0.908997
-0.0671403 0.41136 0.908997
-0.482822 -0.859643 -0.167023
0.296865 -0.837505 0.458755
0.862545 -0.433871 -0.260332
0.0828577 -0.456009 -0.88611
BONE = 26
BONE_NAME = BoneStockR01
PARENT_ID = 1
LOCALTM 
MAT -0.104017 -0.40124 -1.22931 0.0
MAT -0.100211 -1.22707 0.408988 0.0
MAT -1.28924 0.127751 0.0673913 0.0
MAT 0.213985 -0.0945615 -0.034258 1.0
WORLDTM 
MAT -0.268504 0.914652 0.302186 0.0
MAT -0.951318 -0.301066 0.0659792 0.0
MAT 0.151326 -0.269759 0.950963 0.0
MAT -0.0783216 0.390814 -0.115699 1.0
VERTEX = 9
-0.139134 0.578991 -0.0580748
-0.141766 0.588041 -0.0547321
-0.132253 0.591051 -0.0553919
-0.129621 0.582002 -0.0587346
-0.135236 0.582915 -0.0521667
-0.135499 0.58382 -0.0518324
-0.134548 0.584121 -0.0518984
-0.134284 0.583216 -0.0522327
-0.134892 0.583518 -0.0520325
INDEX = 14
4 5 7
6 7 5
1 2 5
6 5 2
0 1 4
5 4 1
7 6 3
2 3 6
4 7 0
3 0 7
8 1 0
8 2 1
8 3 2
8 0 3
FACE-NORMAL = 14
-0.160349 0.300637 -0.940162
-0.160349 0.300637 -0.940162
0.0883788 -0.471546 -0.877402
0.0883787 -0.471545 -0.877402
0.599841 0.424896 -0.677977
0.599841 0.424896 -0.677978
-0.814377 -0.022665 -0.579894
-0.814377 -0.0226651 -0.579894
-0.302914 0.873777 -0.380469
-0.302914 0.873777 -0.380469
-0.5593 -0.425469 0.71145
-0.0727376 0.42733 0.901165
0.786067 0.000303373 0.618141
0.299505 -0.852495 0.428426
BONE = 27
BONE_NAME = BoneStockR02
PARENT_ID = 26
LOCALTM 
MAT 0.0339293 0.0 -0.999424 0.0
MAT -3.57628e-007 1.0 0.0 0.0
MAT 0.999425 2.08616e-007 0.0339294 0.0
MAT 0.210686 0.0 0.0 1.0
WORLDTM 
MAT -0.160349 0.300637 -0.940162 0.0
MAT -0.951319 -0.301066 0.065979 0.0
MAT -0.263216 0.904973 0.334277 0.0
MAT -0.134892 0.583518 -0.0520325 1.0
VERTEX = 9
-0.186983 0.668296 -0.340476
-0.189131 0.67324 -0.348899
-0.179618 0.676251 -0.349559
-0.17747 0.671307 -0.341136
-0.184774 0.675953 -0.341888
-0.184988 0.676447 -0.342731
-0.184037 0.676749 -0.342797
-0.183822 0.676254 -0.341954
-0.184405 0.676351 -0.342342
INDEX = 14
4 5 7
6 7 5
1 2 5
6 5 2
0 1 4
5 4 1
7 6 3
2 3 6
4 7 0
3 0 7
8 1 0
8 2 1
8 3 2
8 0 3
FACE-NORMAL = 14
0.220965 -0.815454 -0.534985
0.220965 -0.815454 -0.534985
0.307528 -0.912966 0.268177
0.307528 -0.912966 0.268176
0.854927 -0.32173 -0.406928
0.854927 -0.32173 -0.406928
-0.559292 -0.769291 -0.308844
-0.559292 -0.769291 -0.308844
-0.0118935 -0.178054 -0.983949
-0.0118935 -0.178054 -0.983949
-0.828929 0.363728 0.424946
-0.308181 0.92618 -0.217291
0.516438 0.789499 0.331637
-0.00431009 0.227047 0.973874
BONE = 28
BONE_NAME = BoneStockR03
PARENT_ID = 27
LOCALTM 
MAT 0.222385 5.36442e-007 -0.974958 0.0
MAT 0.0 1.0 5.36442e-007 0.0
MAT 0.974958 1.63913e-007 0.222386 0.0
MAT 0.308787 0.0 0.0 1.0
WORLDTM 
MAT 0.220964 -0.815454 -0.534985 0.0
MAT -0.95132 -0.301066 0.0659793 0.0
MAT -0.214869 0.494362 -0.842281 0.0
MAT -0.184405 0.676351 -0.342342 1.0
VERTEX = 9
-0.15401 0.58347 -0.410007
-0.15622 0.591624 -0.404658
-0.154908 0.586437 -0.396209
-0.152699 0.578283 -0.401559
-0.159247 0.583521 -0.403837
-0.159467 0.584337 -0.403302
-0.159336 0.583818 -0.402457
-0.159115 0.583002 -0.402992
-0.159291 0.583669 -0.403147
INDEX = 14
4 5 7
6 7 5
1 2 5
6 5 2
0 1 4
5 4 1
7 6 3
2 3 6
4 7 0
3 0 7
8 1 0
8 2 1
8 3 2
8 0 3
FACE-NORMAL = 14
0.966425 0.256834 0.00768174
0.966425 0.256834 0.00768174
0.810746 -0.43431 -0.392512
0.810746 -0.43431 -0.392512
0.743979 -0.213749 0.633093
0.743979 -0.213749 0.633093
0.54903 0.557375 -0.622816
0.549029 0.557375 -0.622816
0.482263 0.777935 0.40279
0.482263 0.777935 0.40279
-0.776095 0.185182 -0.602814
-0.839611 0.395005 0.37286
-0.590636 -0.5484 0.591951
-0.52712 -0.758222 -0.383723
BONE = 29
BONE_NAME = Ref_Weapon Right
PARENT_ID = 28
LOCALTM 
MAT -1.3411e-007 -0.996193 -0.0871559 0.0
MAT -6.85453e-007 -0.0871551 0.996197 0.0
MAT -1.0 0.0 1.78814e-007 0.0
MAT 0.113656 0.0 0.0 1.0
WORLDTM 
MAT 0.966425 0.256834 0.00768174 0.0
MAT -0.13114 0.518721 -0.844827 0.0
MAT -0.220964 0.815454 0.534985 0.0
MAT -0.159291 0.583669 -0.403147 1.0
VERTEX = 9
-0.130675 0.578688 -0.057854
-0.130203 0.588655 -0.0571932
-0.129173 0.587948 -0.0472716
-0.129645 0.577981 -0.0479324
-0.134967 0.583055 -0.0525617
-0.13492 0.584052 -0.0524956
-0.134817 0.583981 -0.0515034
-0.134864 0.582984 -0.0515695
-0.134892 0.583518 -0.0520325
INDEX = 14
4 5 7
6 7 5
1 2 5
6 5 2
0 1 4
5 4 1
7 6 3
2 3 6
4 7 0
3 0 7
8 1 0
8 2 1
8 3 2
8 0 3
FACE-NORMAL = 14
0.993555 -0.0400209 -0.106051
0.993555 -0.0400209 -0.106051
0.629569 -0.767612 -0.120057
0.62957 -0.767612 -0.120057
0.741254 -0.0792901 0.666525
0.741254 -0.0792901 0.666525
0.588052 0.025745 -0.808413
0.588052 0.025745 -0.808413
0.699737 0.714067 -0.021831
0.699737 0.714067 -0.021831
-0.775421 0.0782598 -0.626576
-0.669174 0.733071 0.121711
-0.629678 -0.0216617 0.776554
-0.735925 -0.676473 0.0282671
BONE = 30
BONE_NAME = HitTestFuzzy02
PARENT_ID = 27
LOCALTM 
MAT -0.0716422 -0.940135 -0.333187 0.0
MAT 0.970562 0.0113051 -0.240591 0.0
MAT 0.229955 -0.340615 0.911648 0.0
MAT 0.0 0.0 0.0 1.0
WORLDTM 
MAT 0.993555 -0.0400209 -0.106051 0.0
MAT -0.103056 0.0706552 -0.992164 0.0
MAT 0.0472005 0.996698 0.0660751 0.0
MAT -0.134892 0.583518 -0.0520325 1.0
VERTEX = 9
0.0711613 0.393586 -0.13185
0.0719335 0.395575 -0.12208
0.0812627 0.391974 -0.122084
0.0804905 0.389985 -0.131854
0.0739484 0.388303 -0.126388
0.0740256 0.388502 -0.125411
0.0749586 0.388142 -0.125412
0.0748813 0.387943 -0.126389
0.0744535 0.388223 -0.1259
INDEX = 14
4 5 7
6 7 5
1 2 5
6 5 2
0 1 4
5 4 1
7 6 3
2 3 6
4 7 0
3 0 7
8 1 0
8 2 1
8 3 2
8 0 3
FACE-NORMAL = 14
0.351702 0.911464 -0.213397
0.351702 0.911464 -0.213397
0.177879 0.461869 -0.868928
0.177879 0.46187 -0.868928
0.928711 0.342092 -0.143065
0.928711 0.342093 -0.143066
-0.458159 0.877383 -0.142445
-0.458159 0.877383 -0.142445
0.292674 0.757605 0.583417
0.292674 0.757605 0.583418
-0.908366 -0.389888 0.15119
-0.194088 -0.503834 0.841713
0.410984 -0.899117 0.150599
-0.303294 -0.785172 -0.539924
BONE = 31
BONE_NAME = BoneStockL01
PARENT_ID = 1
LOCALTM 
MAT 0.502261 0.443277 -1.11097 0.0
MAT 0.168324 -1.21914 -0.410339 0.0
MAT -1.18423 0.0147185 -0.529511 0.0
MAT 0.215173 0.104097 -0.0355742 1.0
WORLDTM 
MAT 0.351702 0.911464 -0.213397 0.0
MAT -0.932922 0.360079 0.000417501 0.0
MAT 0.0772205 0.198936 0.976965 0.0
MAT 0.0744535 0.388223 -0.1259 1.0
VERTEX = 9
0.145 0.584947 -0.178577
0.148399 0.593749 -0.175265
0.157728 0.590148 -0.175269
0.154329 0.581346 -0.178581
0.150133 0.585742 -0.172371
0.150473 0.586622 -0.17204
0.151406 0.586262 -0.17204
0.151066 0.585382 -0.172371
0.15077 0.586002 -0.172205
INDEX = 14
4 5 7
6 7 5
1 2 5
6 5 2
0 1 4
5 4 1
7 6 3
2 3 6
4 7 0
3 0 7
8 1 0
8 2 1
8 3 2
8 0 3
FACE-NORMAL = 14
0.118899 0.309147 -0.943552
0.118899 0.309147 -0.943552
-0.173094 -0.447447 -0.877399
-0.173094 -0.447447 -0.877399
0.772975 -0.0608366 -0.631513
0.772974 -0.0608365 -0.631514
-0.613896 0.474453 -0.630893
-0.613896 0.474453 -0.630893
0.332173 0.861064 -0.385007
0.332173 0.861064 -0.385007
-0.74375 0.0360148 0.667487
0.156259 0.403803 0.901402
0.575601 -0.473215 0.666897
-0.324408 -0.841003 0.432982
BONE = 32
BONE_NAME = BoneStockL02
PARENT_ID = 31
LOCALTM 
MAT 0.524945 -2.30968e-007 -0.851136 0.0
MAT 0.0 1.0 0.0 0.0
MAT 0.851136 0.0 0.524945 0.0
MAT 0.216991 0.0 -1.19209e-007 1.0
WORLDTM 
MAT 0.118899 0.309147 -0.943552 0.0
MAT -0.932922 0.360079 0.000417501 0.0
MAT 0.339883 0.880211 0.331223 0.0
MAT 0.15077 0.586002 -0.172205 1.0
VERTEX = 9
0.179316 0.674178 -0.456742
0.182184 0.681615 -0.462781
0.191513 0.678014 -0.462785
0.188645 0.670577 -0.456746
0.185894 0.67872 -0.455476
0.18618 0.679464 -0.45608
0.187113 0.679104 -0.45608
0.186826 0.67836 -0.455477
0.186503 0.678912 -0.455778
INDEX = 14
4 5 7
6 7 5
1 2 5
6 5 2
0 1 4
5 4 1
7 6 3
2 3 6
4 7 0
3 0 7
8 1 0
8 2 1
8 3 2
8 0 3
FACE-NORMAL = 14
-0.217756 -0.563251 -0.797076
-0.217756 -0.563251 -0.797076
-0.358831 -0.929583 -0.084356
-0.358831 -0.929583 -0.0843561
0.547763 -0.644441 -0.533527
0.547763 -0.644441 -0.533527
-0.839106 -0.109149 -0.532905
-0.839106 -0.109149 -0.532905
0.0674884 0.175992 -0.982075
0.0674885 0.175992 -0.982075
-0.505698 0.652894 0.563914
0.356759 0.924154 0.136611
0.813652 0.143663 0.563322
-0.0488051 -0.127596 0.990625
BONE = 33
BONE_NAME = BoneStockL03
PARENT_ID = 32
LOCALTM 
MAT 0.552065 1.11759e-006 -0.833801 0.0
MAT -1.93715e-007 1.0 2.05636e-006 0.0
MAT 0.833802 -9.23872e-007 0.552064 0.0
MAT 0.300537 0.0 0.0 1.0
WORLDTM 
MAT -0.217756 -0.563251 -0.797076 0.0
MAT -0.932921 0.360081 0.00041838 0.0
MAT 0.286777 0.7437 -0.603879 0.0
MAT 0.186503 0.678912 -0.455778 1.0
VERTEX = 9
0.161234 0.608167 -0.558015
0.162238 0.614135 -0.550054
0.159947 0.606487 -0.544032
0.158943 0.600519 -0.551993
0.155814 0.608625 -0.552022
0.155914 0.609222 -0.551226
0.155685 0.608458 -0.550624
0.155584 0.607861 -0.55142
0.155749 0.608541 -0.551323
INDEX = 14
4 5 7
6 7 5
1 2 5
6 5 2
0 1 4
5 4 1
7 6 3
2 3 6
4 7 0
3 0 7
8 1 0
8 2 1
8 3 2
8 0 3
FACE-NORMAL = 14
0.96821 -0.24286 0.0598971
0.96821 -0.24286 0.0598971
0.573041 -0.60604 -0.551669
0.573041 -0.60604 -0.551669
0.47742 -0.73092 0.487675
0.47742 -0.73092 0.487675
0.817977 0.405989 -0.407537
0.817977 0.40599 -0.407537
0.722356 0.28111 0.631806
0.722356 0.28111 0.631806
-0.52264 0.712507 -0.468168
-0.613606 0.593708 0.520575
-0.846616 -0.369051 0.38346
-0.755651 -0.250251 -0.605282
BONE = 34
BONE_NAME = Ref_Weapon Left
PARENT_ID = 33
LOCALTM 
MAT -0.121785 -0.990688 0.0608739 0.0
MAT -0.000654519 0.0614113 0.998112 0.0
MAT -0.992557 0.121514 -0.00812718 0.0
MAT 0.12249 0.00331217 -0.00345665 1.0
WORLDTM 
MAT 0.96821 -0.24286 0.0598971 0.0
MAT 0.229086 0.764777 -0.602192 0.0
MAT 0.100441 0.59677 0.796102 0.0
MAT 0.155749 0.608541 -0.551323 1.0
VERTEX = 9
0.156109 0.581538 -0.177359
0.155978 0.591492 -0.176416
