EXPORTER_V17
ANIMATION_EXPORT
BONEOBJECT_COUNT = 44
VERTEX = 9
0.005 0.005 -0.005
0.005 0.005 0.005
0.005 -0.005 0.005
0.005 -0.005 -0.005
0.0 0.0005 -0.0005
0.0 0.0005 0.0005
0.0 -0.0005 0.0005
0.0 -0.0005 -0.0005
0.0 0.0 0.0
INDEX = 14
4 5 7
6 7 5
1 2 5
6 5 2
0 1 4
5 4 1
7 6 3
2 3 6
4 7 0
3 0 7
8 1 0
8 2 1
8 3 2
8 0 3
FACE-NORMAL = 14
1.0 0.0 0.0
1.0 0.0 0.0
0.668965 0.0 -0.743294
0.668965 0.0 -0.743294
0.668965 -0.743294 0.0
0.668965 -0.743294 0.0
0.668965 0.743294 0.0
0.668965 0.743294 0.0
0.668965 0.0 0.743294
0.668965 0.0 0.743294
-0.707107 0.707107 0.0
-0.707107 0.0 0.707107
-0.707107 -0.707107 0.0
-0.707107 0.0 -0.707107
BONE = 0
BONE_NAME = Dummy01
PARENT_ID = -1
LOCALTM 
MAT 1.0 0.0 0.0 0.0
MAT 0.0 1.0 0.0 0.0
MAT 0.0 0.0 1.0 0.0
MAT 0.0 0.0 0.0 1.0
WORLDTM 
MAT 1.0 0.0 0.0 0.0
MAT 0.0 1.0 0.0 0.0
MAT 0.0 0.0 1.0 0.0
MAT 0.0 0.0 0.0 1.0
VERTEX = 9
0.00274204 0.250109 0.0404948
0.00274204 0.242401 0.0404958
-0.00496622 0.242401 0.0404958
-0.00496622 0.250109 0.0404948
-0.000726676 0.246641 0.0443494
-0.000726676 0.24587 0.0443495
-0.0014975 0.24587 0.0443495
-0.0014975 0.246641 0.0443494
-0.00111209 0.246256 0.0443494
INDEX = 14
4 5 7
6 7 5
1 2 5
6 5 2
0 1 4
5 4 1
7 6 3
2 3 6
4 7 0
3 0 7
8 1 0
8 2 1
8 3 2
8 0 3
FACE-NORMAL = 14
-1.62921e-007 -0.000121951 -1.0
-1.62921e-007 -0.000121951 -1.0
0.0 0.743213 -0.669055
0.0 0.743212 -0.669056
-0.743294 -8.14599e-005 -0.668965
-0.743294 -8.14599e-005 -0.668965
0.743294 -8.17021e-005 -0.668965
0.743294 -8.17021e-005 -0.668965
-2.30071e-007 -0.743376 -0.668874
-2.30071e-007 -0.743376 -0.668874
0.707107 8.61173e-005 0.707107
0.0 -0.707021 0.707193
-0.707107 8.63477e-005 0.707107
2.30391e-007 0.707193 0.707021
BONE = 1
BONE_NAME = Bone_Pelvis
PARENT_ID = 0
LOCALTM 
MAT -1.25584e-007 -9.40031e-005 -0.770826 0.0
MAT 0.770826 -1.25584e-007 -1.25568e-007 0.0
MAT -1.25568e-007 -0.770826 9.40031e-005 0.0
MAT -0.00111209 0.246256 0.0443494 1.0
WORLDTM 
MAT -1.25584e-007 -9.40031e-005 -0.770826 0.0
MAT 0.770826 -1.25584e-007 -1.25568e-007 0.0
MAT -1.25568e-007 -0.770826 9.40031e-005 0.0
MAT -0.00111209 0.246256 0.0443494 1.0
VERTEX = 9
0.00274201 0.250135 -0.140649
0.00274201 0.242427 -0.140744
-0.00496625 0.242427 -0.140744
-0.00496625 0.250135 -0.140649
-0.000726706 0.246619 -0.136838
-0.000726706 0.245848 -0.136847
-0.00149753 0.245848 -0.136847
-0.00149753 0.246619 -0.136838
-0.00111212 0.246233 -0.136843
INDEX = 14
4 5 7
6 7 5
1 2 5
6 5 2
0 1 4
5 4 1
7 6 3
2 3 6
4 7 0
3 0 7
8 1 0
8 2 1
8 3 2
8 0 3
FACE-NORMAL = 14
-1.60877e-007 0.0123465 -0.999924
-1.60877e-007 0.0123465 -0.999924
0.0 0.751497 -0.659737
0.0 0.751497 -0.659737
-0.743294 0.00825953 -0.668914
-0.743294 0.00825953 -0.668914
0.743294 0.00825929 -0.668914
0.743294 0.00825929 -0.668914
-2.30205e-007 -0.734978 -0.678091
-2.30205e-007 -0.734978 -0.678091
0.707107 -0.00873044 0.707053
0.0 -0.715783 0.698323
-0.707107 -0.00873021 0.707053
2.30373e-007 0.698323 0.715783
BONE = 2
BONE_NAME = Bone_Chest
PARENT_ID = 1
LOCALTM 
MAT 0.999922 0.0 -0.0124685 0.0
MAT 0.0 1.0 0.0 0.0
MAT 0.0124685 0.0 0.999923 0.0
MAT 0.235062 0.0 0.0 1.0
WORLDTM 
MAT -1.24008e-007 0.00951704 -0.770767 0.0
MAT 0.770827 -1.25584e-007 -1.25568e-007 0.0
MAT -1.27124e-007 -0.770768 -0.00951705 0.0
MAT -0.00111212 0.246233 -0.136843 1.0
VERTEX = 9
0.00274196 0.252381 -0.248474
0.00274196 0.244734 -0.247503
-0.00496631 0.244734 -0.247503
-0.00496631 0.252381 -0.248474
-0.000726761 0.249249 -0.245603
-0.000726761 0.248484 -0.245505
-0.00149759 0.248484 -0.245505
-0.00149759 0.249249 -0.245603
-0.00111217 0.248867 -0.245554
INDEX = 14
4 5 7
6 7 5
1 2 5
6 5 2
0 1 4
5 4 1
7 6 3
2 3 6
4 7 0
3 0 7
8 1 0
8 2 1
8 3 2
8 0 3
FACE-NORMAL = 14
-1.81933e-007 -0.125954 -0.992036
-1.81933e-007 -0.125954 -0.992036
-2.65396e-007 0.653116 -0.757258
-2.65396e-007 0.653115 -0.757258
-0.743294 -0.0842587 -0.663637
-0.743294 -0.0842587 -0.663637
0.743294 -0.0842595 -0.663637
0.743294 -0.0842595 -0.663637
0.0 -0.821634 -0.570016
0.0 -0.821634 -0.570016
0.707107 0.0890629 0.701475
2.6534e-007 -0.612412 0.790539
-0.707107 0.0890636 0.701475
0.0 0.790539 0.612412
BONE = 3
BONE_NAME = Bone_Head
PARENT_ID = 2
LOCALTM 
MAT 0.630724 0.0 0.088006 0.0
MAT 0.0 1.0 3.7781e-007 0.0
MAT -0.138193 3.34419e-007 0.990405 0.0
MAT 0.141064 0.0 -0.00167459 1.0
WORLDTM 
MAT 0.0 -0.0618296 -0.486979 0.0
MAT 0.770827 -4.17233e-007 0.0 0.0
MAT 1.49012e-007 -0.764688 0.097089 0.0
MAT -0.00111217 0.248867 -0.245554 1.0
VERTEX = 9
0.00626827 0.292211 -0.259831
0.00147815 0.292664 -0.246846
0.00381305 0.280682 -0.252972
0.00860316 0.280229 -0.265957
0.00206498 0.287088 -0.257217
0.00158597 0.287134 -0.255919
0.00181946 0.285935 -0.256531
0.00229847 0.28589 -0.25783
0.00194222 0.286512 -0.256874
INDEX = 14
4 5 7
6 7 5
1 2 5
6 5 2
0 1 4
5 4 1
7 6 3
2 3 6
4 7 0
3 0 7
8 1 0
8 2 1
8 3 2
8 0 3
FACE-NORMAL = 14
0.988351 -0.0208396 0.150755
0.988351 -0.0208396 0.150755
0.838252 -0.0349075 -0.544165
0.838252 -0.0349075 -0.544164
0.745163 -0.629606 -0.219836
0.745163 -0.629606 -0.219836
0.569021 0.679841 0.462635
0.569021 0.679841 0.462635
0.451766 0.0115825 0.892061
0.451765 0.0115825 0.892062
-0.774723 0.60017 0.198997
-0.860838 0.0345371 0.507706
-0.616005 -0.645415 -0.451638
-0.508266 -0.0093775 -0.861149
BONE = 4
BONE_NAME = Ref_Head
PARENT_ID = 3
LOCALTM 
MAT -0.187668 0.803926 0.0322607 0.0
MAT -1.54546 -0.302908 -1.44191 0.0
MAT -2.6356 -0.621426 0.153905 0.0
MAT 0.0132174 0.0039625 -0.0502982 1.0
WORLDTM 
MAT 0.619687 -0.0130663 0.0945222 0.0
MAT -0.23349 1.19816 0.612612 0.0
MAT -0.479012 0.0452691 1.29842 0.0
MAT 0.00194222 0.286512 -0.256874 1.0
VERTEX = 9
-0.106798 0.16903 -0.0532108
-0.110612 0.175657 -0.0541895
-0.117201 0.171742 -0.0550164
-0.113387 0.165116 -0.0540377
-0.110876 0.170037 -0.0578238
-0.111257 0.170699 -0.0579217
-0.111916 0.170308 -0.0580044
-0.111534 0.169645 -0.0579065
-0.111396 0.170172 -0.0579141
INDEX = 14
4 5 7
6 7 5
1 2 5
6 5 2
0 1 4
5 4 1
7 6 3
2 3 6
4 7 0
3 0 7
8 1 0
8 2 1
8 3 2
8 0 3
FACE-NORMAL = 14
-0.1567 0.0554517 0.986088
-0.1567 0.0554517 0.986088
0.262942 -0.601909 0.754034
0.262942 -0.601909 0.754034
-0.740174 -0.340346 0.57992
-0.740174 -0.340346 0.57992
0.530521 0.414536 0.739397
0.530521 0.414536 0.739397
-0.472595 0.676099 0.565283
-0.472595 0.676099 0.565283
0.715219 0.319855 -0.621414
-0.23906 0.568684 -0.787051
-0.493612 -0.398276 -0.773126
0.460667 -0.647104 -0.607489
BONE = 5
BONE_NAME = Bone_Leg Right Front
PARENT_ID = 2
LOCALTM 
MAT -0.985327 -0.1567 -0.0676221 0.0
MAT -0.100999 0.854772 -0.509081 0.0
MAT 0.137574 -0.494782 -0.858059 0.0
MAT -0.103605 -0.143072 0.097403 1.0
WORLDTM 
MAT -0.120788 0.0427435 0.760102 0.0
MAT 0.658881 0.391422 0.0826918 0.0
MAT -0.381391 0.662673 -0.0978716 0.0
MAT -0.111396 0.170172 -0.0579141 1.0
VERTEX = 9
-0.129235 0.177589 0.0850971
-0.12963 0.176565 0.0927268
-0.136232 0.17268 0.0918639
-0.135837 0.173704 0.0842341
-0.134363 0.178669 0.088481
-0.134403 0.178567 0.089244
-0.135063 0.178178 0.0891577
-0.135024 0.178281 0.0883947
-0.134713 0.178424 0.0888193
INDEX = 14
4 5 7
6 7 5
1 2 5
6 5 2
0 1 4
5 4 1
7 6 3
2 3 6
4 7 0
3 0 7
8 1 0
8 2 1
8 3 2
8 0 3
FACE-NORMAL = 14
0.513695 -0.853456 -0.0879189
0.513695 -0.853456 -0.0879189
0.381731 -0.472217 -0.794539
0.381731 -0.472217 -0.794539
-0.292944 -0.945522 -0.14203
-0.292944 -0.945522 -0.14203
0.980232 -0.196343 0.0244006
0.980232 -0.196343 0.0244007
0.305556 -0.669648 0.67691
0.305556 -0.669648 0.67691
0.242358 0.959837 0.141332
-0.39947 0.509575 0.762074
-0.968833 0.247132 -0.0169959
-0.327004 0.697395 -0.637738
BONE = 6
BONE_NAME = Bone_Leg Right Front 01
PARENT_ID = 5
LOCALTM 
MAT -0.214517 -0.00372002 -0.976712 0.0
MAT 0.00413867 0.999982 -0.00471759 0.0
MAT 0.976712 -0.00505454 -0.214498 0.0
MAT 0.193044 0.0 0.0 1.0
WORLDTM 
MAT 0.395969 -0.657866 -0.0677701 0.0
MAT 0.660169 0.388465 0.0862978 0.0
MAT -0.0394981 -0.102372 0.762976 0.0
MAT -0.134713 0.178424 0.0888193 1.0
VERTEX = 9
-0.0506627 0.0462374 0.0706624
-0.0467879 0.0395764 0.070847
-0.0534514 0.0357036 0.070976
-0.0573263 0.0423646 0.0707914
-0.0519083 0.0416094 0.074656
-0.0515208 0.0409433 0.0746744
-0.0521871 0.040556 0.0746873
-0.0525746 0.0412221 0.0746689
-0.0520477 0.0410827 0.0746716
INDEX = 14
4 5 7
6 7 5
1 2 5
6 5 2
0 1 4
5 4 1
7 6 3
2 3 6
4 7 0
3 0 7
8 1 0
8 2 1
8 3 2
8 0 3
FACE-NORMAL = 14
-0.00242949 -0.0291153 -0.999573
-0.00242949 -0.0291153 -0.999573
-0.375274 0.622827 -0.686481
-0.375274 0.622827 -0.686481
-0.644174 -0.392923 -0.65624
-0.644174 -0.392923 -0.656241
0.640924 0.353969 -0.681118
0.640925 0.353969 -0.681118
0.372024 -0.661783 -0.650878
0.372024 -0.661783 -0.650878
0.612984 0.375852 0.694972
0.357175 -0.590446 0.72374
-0.609549 -0.334677 0.718638
-0.35374 0.631623 0.68987
BONE = 7
BONE_NAME = Bone_Foot Right Front
PARENT_ID = 6
LOCALTM 
MAT 0.111482 -0.12866 -0.985399 0.0
MAT 0.0167478 0.99169 -0.127586 0.0
MAT 0.993625 -0.00227875 0.112712 0.0
MAT 0.208768 0.0 6.70552e-007 1.0
WORLDTM 
MAT -0.00187271 -0.0224427 -0.770494 0.0
MAT 0.666354 0.387281 -0.0128992 0.0
MAT 0.387488 -0.666096 0.0184615 0.0
MAT -0.0520477 0.0410827 0.0746716 1.0
VERTEX = 9
0.11332 0.164844 -0.0523456
0.116723 0.171746 -0.0527831
0.10981 0.175157 -0.0527473
0.106407 0.168254 -0.0523099
0.111628 0.169296 -0.0563743
0.111968 0.169987 -0.056418
0.111277 0.170328 -0.0564144
0.110936 0.169638 -0.0563707
0.111452 0.169812 -0.0563944
INDEX = 14
4 5 7
6 7 5
1 2 5
6 5 2
0 1 4
5 4 1
7 6 3
2 3 6
4 7 0
3 0 7
8 1 0
8 2 1
8 3 2
8 0 3
FACE-NORMAL = 14
0.0292657 0.0488497 0.998377
0.0292657 0.0488497 0.998377
-0.308595 -0.632911 0.710066
-0.308595 -0.632911 0.710066
-0.646993 0.361553 0.671327
-0.646992 0.361553 0.671327
0.686148 -0.296196 0.664432
0.686148 -0.296196 0.664431
0.34775 0.698268 0.625693
0.34775 0.698268 0.625693
0.613424 -0.347405 -0.709239
0.291501 0.598643 -0.746092
-0.654812 0.278321 -0.702679
-0.332889 -0.667727 -0.665827
BONE = 8
BONE_NAME = Bone_Leg Left Front
PARENT_ID = 2
LOCALTM 
MAT -0.997697 0.0292655 -0.0611724 0.0
MAT -0.000824717 0.896779 0.442479 0.0
MAT 0.0678075 0.441511 -0.89469 0.0
MAT -0.105582 0.146031 0.0978459 1.0
WORLDTM 
MAT 0.0225588 0.0376546 0.769575 0.0
MAT 0.691261 -0.341056 -0.00357554 0.0
MAT 0.340329 0.690244 -0.0437491 0.0
MAT 0.111452 0.169812 -0.0563944 1.0
VERTEX = 9
0.11824 0.173278 0.086922
0.11708 0.170942 0.0941758
0.110161 0.17434 0.0941637
0.111321 0.176676 0.0869099
0.116202 0.177012 0.0914846
0.116086 0.176779 0.09221
0.115394 0.177119 0.0922088
0.11551 0.177352 0.0914834
0.115798 0.177065 0.0918467
INDEX = 14
4 5 7
6 7 5
1 2 5
6 5 2
0 1 4
5 4 1
7 6 3
2 3 6
4 7 0
3 0 7
8 1 0
8 2 1
8 3 2
8 0 3
FACE-NORMAL = 14
-0.414342 -0.844917 -0.338284
-0.414342 -0.844917 -0.338284
-0.165355 -0.340006 -0.925772
-0.165355 -0.340006 -0.925772
-0.944362 -0.23757 -0.227468
-0.944361 -0.23757 -0.227468
0.390001 -0.892869 -0.225132
0.390001 -0.892869 -0.225132
-0.389006 -0.790433 0.473171
-0.389006 -0.790433 0.473171
0.927684 0.285748 0.240314
0.186603 0.383197 0.904621
-0.341715 0.909144 0.238092
0.399366 0.811695 -0.426214
BONE = 9
BONE_NAME = Bone_Leg Left Front 01
PARENT_ID = 8
LOCALTM 
MAT -0.391136 0.00383383 -0.920325 0.0
MAT 0.00630452 0.999979 0.00148612 0.0
MAT 0.920312 -0.00522077 -0.391152 0.0
MAT 0.192627 0.0 0.0 1.0
WORLDTM 
MAT -0.319386 -0.651284 -0.260759 0.0
MAT 0.691895 -0.339786 0.00121132 0.0
MAT -0.115968 -0.233555 0.72538 0.0
MAT 0.115798 0.177065 0.0918467 1.0
VERTEX = 9
0.0542756 0.0421877 0.0333063
0.0509361 0.0353535 0.0345542
0.0439888 0.0386357 0.0339379
0.0473283 0.04547 0.03269
0.049639 0.0412852 0.0373813
0.0493051 0.0406018 0.0375061
0.0486103 0.04093 0.0374445
0.0489443 0.0416134 0.0373197
0.0491247 0.0411076 0.0374129
INDEX = 14
4 5 7
6 7 5
1 2 5
6 5 2
0 1 4
5 4 1
7 6 3
2 3 6
4 7 0
3 0 7
8 1 0
8 2 1
8 3 2
8 0 3
FACE-NORMAL = 14
0.00194945 -0.18055 -0.983564
0.00194945 -0.18055 -0.983564
0.32333 0.538236 -0.778306
0.32333 0.538236 -0.778306
-0.668609 0.195717 -0.717396
-0.668609 0.195717 -0.717396
0.671217 -0.437281 -0.598543
0.671217 -0.437281 -0.598543
-0.320722 -0.7798 -0.537633
-0.320722 -0.7798 -0.537633
0.63592 -0.173422 0.752018
-0.307727 -0.499265 0.809962
-0.638676 0.428759 0.638951
0.30497 0.754602 0.581007
BONE = 10
BONE_NAME = Bone_Foot Left Front
PARENT_ID = 9
LOCALTM 
MAT 0.484466 0.079792 -0.871162 0.0
MAT -0.0407118 0.99681 0.0686597 0.0
MAT 0.873862 0.00220391 0.48617 0.0
MAT 0.208753 0.0 5.90459e-007 1.0
WORLDTM 
MAT 0.00150268 -0.139173 -0.758156 0.0
MAT 0.694728 -0.328223 0.0616278 0.0
MAT -0.333955 -0.683429 0.124794 0.0
MAT 0.0491247 0.0411076 0.0374129 1.0
VERTEX = 9
0.0027421 0.222855 0.064744
0.00274212 0.230222 0.0670146
-0.00496615 0.230222 0.0670148
-0.00496616 0.222855 0.0647442
-0.000726677 0.227306 0.0620827
-0.000726676 0.228042 0.0623098
-0.0014975 0.228042 0.0623098
-0.0014975 0.227306 0.0620828
-0.00111209 0.227674 0.0621963
INDEX = 14
4 5 7
6 7 5
1 2 5
6 5 2
0 1 4
5 4 1
7 6 3
2 3 6
4 7 0
3 0 7
8 1 0
8 2 1
8 3 2
8 0 3
FACE-NORMAL = 14
1.77507e-005 -0.294569 0.95563
1.77507e-005 -0.294569 0.95563
1.01502e-005 -0.907371 0.420331
1.01502e-005 -0.907371 0.420331
-0.743282 -0.197059 0.639296
-0.743282 -0.197059 0.639296
0.743306 -0.197054 0.63927
0.743306 -0.197054 0.63927
1.35989e-005 0.513258 0.858235
1.35989e-005 0.513258 0.858234
0.707094 0.208294 -0.675745
-1.09112e-005 0.884025 -0.46744
-0.707119 0.20829 -0.67572
-1.4192e-005 -0.467441 -0.884025
BONE = 11
BONE_NAME = Bone_Tail
PARENT_ID = 1
LOCALTM 
MAT -0.955594 1.7643e-005 0.294686 0.0
MAT 1.74831e-005 1.0 -3.17688e-006 0.0
MAT -0.294686 2.11623e-006 -0.955594 0.0
MAT -0.0231499 0.0 0.024109 1.0
WORLDTM 
MAT 1.36827e-005 -0.227062 0.736625 0.0
MAT 0.770827 2.3216e-006 -1.36023e-005 0.0
MAT 1.78824e-006 0.736625 0.227062 0.0
MAT -0.00111209 0.227674 0.0621963 1.0
VERTEX = 9
0.00258339 0.172341 0.241455
0.00265762 0.179839 0.239668
-0.00504639 0.179854 0.239413
-0.00512061 0.172356 0.241199
-0.000727363 0.174828 0.236789
-0.000719941 0.175578 0.23661
-0.00149034 0.175579 0.236585
-0.00149776 0.17483 0.236763
-0.00110885 0.175204 0.236687
INDEX = 14
4 5 7
6 7 5
1 2 5
6 5 2
0 1 4
5 4 1
7 6 3
2 3 6
4 7 0
3 0 7
8 1 0
8 2 1
8 3 2
8 0 3
FACE-NORMAL = 14
-0.0318215 0.231946 0.972208
-0.0318215 0.231946 0.972208
-0.028445 -0.567859 0.822634
-0.028445 -0.567859 0.822634
-0.764171 0.156641 0.625705
-0.764171 0.156641 0.625705
0.721596 0.153686 0.675041
0.721596 0.153686 0.675041
-0.0141299 0.878185 0.478112
-0.0141299 0.878185 0.478112
0.729217 -0.165416 -0.663988
0.0293102 0.523811 -0.85133
-0.684215 -0.162605 -0.710922
0.0156921 -0.851832 -0.52358
BONE = 12
BONE_NAME = Bone_Tail 01
PARENT_ID = 11
LOCALTM 
MAT 0.860746 -0.0318379 0.508036 0.0
MAT 0.032318 0.999447 0.00787873 0.0
MAT -0.508006 0.00963646 0.861299 0.0
MAT 0.236375 0.0 0.00163144 1.0
WORLDTM 
MAT -0.0245288 0.17879 0.749403 0.0
MAT 0.770401 -0.0015322 0.0255816 0.0
MAT 0.00742263 0.749803 -0.178642 0.0
MAT -0.00110885 0.175204 0.236687 1.0
VERTEX = 9
-0.00327992 0.219623 0.430107
-0.00314822 0.225329 0.424927
-0.0108447 0.225699 0.425139
-0.0109764 0.219993 0.430319
-0.00688683 0.219772 0.42502
-0.00687366 0.220343 0.424502
-0.00764331 0.22038 0.424523
-0.00765648 0.219809 0.425041
-0.00726507 0.220076 0.424771
INDEX = 14
4 5 7
6 7 5
1 2 5
6 5 2
0 1 4
5 4 1
7 6 3
2 3 6
4 7 0
3 0 7
8 1 0
8 2 1
8 3 2
8 0 3
FACE-NORMAL = 14
0.0526088 0.670577 0.739972
0.0526088 0.670577 0.739972
0.0224942 -0.101658 0.994565
0.0224943 -0.101658 0.994565
-0.706963 0.484271 0.515446
-0.706963 0.484271 0.515446
0.777349 0.412913 0.474585
0.777349 0.412913 0.474584
0.0478926 0.998842 -0.00453341
0.0478926 0.998842 -0.00453359
0.668824 -0.508111 -0.542676
-0.0251191 0.0492922 -0.998468
-0.743224 -0.440228 -0.503803
-0.049281 -0.99763 -0.048011
BONE = 13
BONE_NAME = Bone_Tail 02
PARENT_ID = 12
LOCALTM 
MAT 0.873269 0.0758046 0.481302 0.0
MAT -0.0696295 0.997101 -0.0307063 0.0
MAT -0.482234 -0.00669959 0.876017 0.0
MAT 0.250979 0.0 0.0 1.0
WORLDTM 
MAT 0.0405522 0.516897 0.570389 0.0
MAT 0.769648 -0.0370005 -0.0211876 0.0
MAT 0.0131696 0.570633 -0.518053 0.0
MAT -0.00726507 0.220076 0.424771 1.0
VERTEX = 9
0.00732071 0.353586 0.564511
0.00692454 0.353252 0.55682
-0.000687168 0.35442 0.557162
-0.000291002 0.354754 0.564852
0.00314211 0.350155 0.561399
0.00310249 0.350122 0.56063
0.00234132 0.350239 0.560664
0.00238094 0.350272 0.561433
0.00274171 0.350197 0.561031
INDEX = 14
4 5 7
6 7 5
1 2 5
6 5 2
0 1 4
5 4 1
7 6 3
2 3 6
4 7 0
3 0 7
8 1 0
8 2 1
8 3 2
8 0 3
FACE-NORMAL = 14
0.149206 0.987511 -0.0505932
0.149206 0.987511 -0.0505932
0.138015 0.692832 0.707768
0.138015 0.692833 0.707768
-0.634168 0.773195 -0.000933059
-0.634168 0.773195 -0.000933066
0.833794 0.548025 -0.0667571
0.833794 0.548025 -0.0667571
0.0616117 0.628388 -0.775457
0.0616116 0.628388 -0.775457
0.592743 -0.805379 0.00446512
-0.141846 -0.72893 -0.669732
-0.803751 -0.591172 0.0670845
-0.0691625 -0.667622 0.741281
BONE = 14
BONE_NAME = Bone_Tail 03
PARENT_ID = 13
LOCALTM 
MAT 0.632611 0.102967 0.767588 0.0
MAT -0.0823864 0.994447 -0.0654972 0.0
MAT -0.770075 -0.0218089 0.637585 0.0
MAT 0.244688 1.3411e-007 0.0063832 1.0
WORLDTM 
MAT 0.115011 0.761196 -0.0389984 0.0
MAT 0.761171 -0.116755 -0.0341312 0.0
MAT -0.0396166 -0.0334155 -0.769083 0.0
MAT 0.00274171 0.350197 0.561031 1.0
VERTEX = 9
0.0271965 0.482482 0.557771
0.026759 0.481899 0.550097
0.0193182 0.483894 0.55037
0.0197557 0.484476 0.558043
0.0226688 0.479405 0.554778
0.022625 0.479347 0.554011
0.0218809 0.479547 0.554038
0.0219247 0.479605 0.554805
0.0222748 0.479476 0.554408
INDEX = 14
4 5 7
6 7 5
1 2 5
6 5 2
0 1 4
5 4 1
7 6 3
2 3 6
4 7 0
3 0 7
8 1 0
8 2 1
8 3 2
8 0 3
FACE-NORMAL = 14
0.254924 0.962981 -0.087646
0.254924 0.962981 -0.087646
0.212727 0.70038 0.681333
0.212727 0.70038 0.681333
-0.546963 0.836533 -0.0323283
-0.546962 0.836533 -0.0323283
0.888032 0.451868 -0.0849359
0.888032 0.451868 -0.0849359
0.128342 0.58802 -0.798599
0.128342 0.58802 -0.798599
0.502308 -0.863899 0.0369519
-0.220396 -0.734375 -0.641965
-0.862824 -0.497962 0.0869983
-0.14012 -0.627486 0.765917
BONE = 15
BONE_NAME = Bone01
PARENT_ID = 14
LOCALTM 
MAT 0.993423 0.109749 0.0325994 0.0
MAT -0.109709 0.993961 -0.00307944 0.0
MAT -0.0327441 -0.000517836 0.999464 0.0
MAT 0.169837 0.0 0.0 1.0
WORLDTM 
MAT 0.196501 0.742286 -0.0675594 0.0
MAT 0.744078 -0.199457 -0.0272783 0.0
MAT -0.0437554 -0.0582618 -0.767375 0.0
MAT 0.0222748 0.479476 0.554408 1.0
VERTEX = 9
-0.108081 0.182065 0.0400627
-0.108028 0.18555 0.046938
-0.115675 0.186434 0.0465489
-0.115728 0.182949 0.0396735
-0.111016 0.18744 0.0412497
-0.111011 0.187789 0.0419373
-0.111775 0.187877 0.0418984
-0.111781 0.187528 0.0412108
-0.111396 0.187658 0.041574
INDEX = 14
4 5 7
6 7 5
1 2 5
6 5 2
0 1 4
5 4 1
7 6 3
2 3 6
4 7 0
3 0 7
8 1 0
8 2 1
8 3 2
8 0 3
FACE-NORMAL = 14
-0.125145 -0.884564 0.449316
-0.125145 -0.884564 0.449316
-0.0888388 -0.927779 -0.362401
-0.0888389 -0.927779 -0.362401
-0.821151 -0.506473 0.263053
-0.821151 -0.506473 0.263054
0.653715 -0.677012 0.3381
0.653715 -0.677012 0.3381
-0.0785966 -0.255706 0.963555
-0.0785966 -0.255705 0.963555
0.790022 0.544363 -0.282018
0.0933628 0.945158 0.312986
-0.61304 0.706599 -0.353411
0.0836192 0.305805 -0.948415
BONE = 16
BONE_NAME = Bone_Leg Right Rear
PARENT_ID = 1
LOCALTM 
MAT -0.449209 -0.125145 0.884619 0.0
MAT -0.0504688 0.992115 0.114724 0.0
MAT -0.892 0.00688953 -0.451982 0.0
MAT 0.00360982 -0.143072 0.0760181 1.0
WORLDTM 
MAT -0.0964652 -0.681845 0.346345 0.0
MAT 0.764748 -0.0884279 0.0389133 0.0
MAT 0.0053108 0.348484 0.687535 0.0
MAT -0.111396 0.187658 0.041574 1.0
VERTEX = 9
-0.129381 0.036534 0.12422
-0.128133 0.0409161 0.118002
-0.135719 0.0420873 0.117304
-0.136968 0.0377053 0.123522
-0.132507 0.0359168 0.118856
-0.132383 0.036355 0.118235
-0.133141 0.0364721 0.118165
-0.133266 0.0360339 0.118787
-0.132824 0.0361945 0.118511
INDEX = 14
4 5 7
6 7 5
1 2 5
6 5 2
0 1 4
5 4 1
7 6 3
2 3 6
4 7 0
3 0 7
8 1 0
8 2 1
8 3 2
8 0 3
FACE-NORMAL = 14
0.0710717 0.80854 0.584133
0.0710717 0.80854 0.584133
-0.0728628 0.118334 0.990297
-0.0728627 0.118334 0.990297
-0.684028 0.653829 0.323442
-0.684027 0.653829 0.323442
0.779116 0.427941 0.458087
0.779116 0.427941 0.458087
0.167952 0.963436 -0.208768
0.167952 0.963436 -0.208768
0.6457 -0.679169 -0.349
0.0642899 -0.169745 -0.983389
-0.746211 -0.464279 -0.47709
-0.1648 -0.973703 0.1573
BONE = 17
BONE_NAME = Bone_Leg Right Rear 01
PARENT_ID = 16
LOCALTM 
MAT -0.461639 0.00724547 0.887038 0.0
MAT 0.0519343 0.998472 0.0188723 0.0
MAT -0.885546 0.0547797 -0.46131 0.0
MAT 0.222138 0.0 0.0 1.0
WORLDTM 
MAT 0.0547839 0.623244 0.450265 0.0
MAT 0.75867 -0.117127 0.0698164 0.0
MAT 0.124867 0.438202 -0.62174 0.0
MAT -0.132824 0.0361945 0.118511 1.0
VERTEX = 9
-0.118359 0.154397 0.200238
-0.119582 0.150373 0.206698
-0.127131 0.151841 0.206184
-0.125909 0.155864 0.199724
-0.121826 0.156451 0.205001
-0.121948 0.156049 0.205647
-0.122703 0.156196 0.205595
-0.122581 0.156598 0.204949
-0.122265 0.156323 0.205298
INDEX = 14
4 5 7
6 7 5
1 2 5
6 5 2
0 1 4
5 4 1
7 6 3
2 3 6
4 7 0
3 0 7
8 1 0
8 2 1
8 3 2
8 0 3
FACE-NORMAL = 14
-0.124672 -0.831444 -0.54144
-0.124672 -0.831444 -0.54144
0.0344674 -0.168218 -0.985147
0.0344674 -0.168218 -0.985147
-0.811416 -0.414725 -0.411834
-0.811416 -0.414725 -0.411834
0.644614 -0.697689 -0.312575
0.644614 -0.697689 -0.312575
-0.201269 -0.944196 0.260738
-0.201269 -0.944196 0.260739
0.780728 0.453326 0.430069
-0.0239738 0.21882 0.975471
-0.604416 0.722514 0.335642
0.200286 0.95702 -0.209759
BONE = 18
BONE_NAME = Bone_Leg Right Rear 02
PARENT_ID = 17
LOCALTM 
MAT -0.997389 -0.0454073 -0.0561391 0.0
MAT -0.0452878 0.998969 -0.00340198 0.0
MAT 0.0562359 -0.000850797 -0.998418 0.0
MAT 0.192747 0.0 4.76837e-007 1.0
WORLDTM 
MAT -0.0961 -0.640898 -0.417356 0.0
MAT 0.754982 -0.146723 0.0514681 0.0
MAT -0.122234 -0.402361 0.646017 0.0
MAT -0.122265 0.156323 0.205298 1.0
VERTEX = 9
-0.138217 0.0226538 0.112383
-0.139722 0.0151061 0.112811
-0.147282 0.0166112 0.112768
-0.145777 0.024159 0.11234
-0.142276 0.0201487 0.116404
-0.142426 0.019394 0.116447
-0.143182 0.0195445 0.116443
-0.143032 0.0202992 0.1164
-0.142729 0.0198466 0.116423
INDEX = 14
4 5 7
6 7 5
1 2 5
6 5 2
0 1 4
5 4 1
7 6 3
2 3 6
4 7 0
3 0 7
8 1 0
8 2 1
8 3 2
8 0 3
FACE-NORMAL = 14
-0.0053668 -0.0555464 -0.998442
-0.0053668 -0.0555464 -0.998442
0.141549 0.690657 -0.709194
0.141549 0.690657 -0.709194
-0.732566 0.107976 -0.672078
-0.732566 0.107975 -0.672078
0.725385 -0.182293 -0.663767
0.725385 -0.182293 -0.663767
-0.14873 -0.764976 -0.626651
-0.14873 -0.764976 -0.626651
0.69728 -0.098791 0.709958
-0.134279 -0.653105 0.745267
-0.68969 0.177345 0.702051
0.141869 0.731661 0.666743
BONE = 19
BONE_NAME = Bone_Foot Right Rear
PARENT_ID = 18
LOCALTM 
MAT 0.587448 -0.0613492 -0.80693 0.0
MAT 0.0370493 0.998117 -0.0489133 0.0
MAT 0.808412 -0.0011633 0.588616 0.0
MAT 0.212946 0.0 0.0 1.0
WORLDTM 
MAT -0.00413686 -0.0428165 -0.769623 0.0
MAT 0.755979 -0.15051 0.00430964 0.0
MAT -0.150516 -0.754776 0.0428011 0.0
MAT -0.142729 0.0198466 0.116423 1.0
VERTEX = 9
-0.13897 0.0150321 -0.0300101
-0.140391 0.00745645 -0.0301066
-0.147967 0.00887733 -0.0301437
-0.146546 0.016453 -0.0300472
-0.143046 0.0122185 -0.0262165
-0.143188 0.0114609 -0.0262261
-0.143945 0.011603 -0.0262298
-0.143803 0.0123606 -0.0262202
-0.143496 0.0119107 -0.0262232
INDEX = 14
4 5 7
6 7 5
1 2 5
6 5 2
0 1 4
5 4 1
7 6 3
2 3 6
4 7 0
3 0 7
8 1 0
8 2 1
8 3 2
8 0 3
FACE-NORMAL = 14
0.00703999 0.0114106 -0.99991
0.00703999 0.0114106 -0.99991
0.141673 0.738141 -0.659604
0.141673 0.738141 -0.659604
-0.725839 0.144646 -0.672485
-0.725839 0.144646 -0.672485
0.735258 -0.129379 -0.665325
0.735258 -0.129379 -0.665324
-0.132254 -0.722874 -0.678206
-0.132254 -0.722874 -0.678205
0.690003 -0.138411 0.710449
-0.135273 -0.703011 0.698195
-0.69996 0.122274 0.703637
0.125317 0.686874 0.715891
BONE = 20
BONE_NAME = Bone_Foot Right Rear 01
PARENT_ID = 19
LOCALTM 
MAT 0.997674 -0.000914389 -0.0680664 0.0
MAT 0.000154494 0.999941 -0.011155 0.0
MAT 0.0680758 0.0111147 0.997621 0.0
MAT 0.185346 0.0 0.0 1.0
WORLDTM 
MAT 0.00542656 0.00879551 -0.770751 0.0
MAT 0.757613 -0.142089 0.00371303 0.0
MAT -0.142037 -0.757568 -0.00964561 0.0
MAT -0.143496 0.0119107 -0.0262232 1.0
VERTEX = 9
0.115834 0.182866 0.0400245
0.115886 0.187013 0.0465224
0.108272 0.186027 0.0472123
0.10822 0.181881 0.0407144
0.11183 0.1875 0.0412146
0.111836 0.187915 0.0418644
0.111074 0.187816 0.0419334
0.111069 0.187402 0.0412836
0.111452 0.187658 0.041574
INDEX = 14
4 5 7
6 7 5
1 2 5
6 5 2
0 1 4
5 4 1
7 6 3
2 3 6
4 7 0
3 0 7
8 1 0
8 2 1
8 3 2
8 0 3
FACE-NORMAL = 14
0.155885 -0.833266 0.530441
0.155885 -0.833266 0.530441
0.0992356 -0.957241 -0.271738
0.0992356 -0.957241 -0.271738
-0.629909 -0.652424 0.421377
-0.629909 -0.652424 0.421377
0.838472 -0.462427 0.288316
0.838472 -0.462427 0.288316
0.109327 -0.15761 0.981431
0.109327 -0.157609 0.981431
0.588219 0.679581 -0.43837
-0.105427 0.969559 0.221
-0.808673 0.498835 -0.311787
-0.115027 0.208857 -0.971158
BONE = 21
BONE_NAME = Bone_Leg Left Rear
PARENT_ID = 1
LOCALTM 
MAT -0.53034 0.155885 0.83333 0.0
MAT 0.0894917 0.987752 -0.127818 0.0
MAT -0.843049 0.0067881 -0.537795 0.0
MAT 0.00360983 0.146031 0.0760182 1.0
WORLDTM 
MAT 0.12016 -0.642303 0.408878 0.0
MAT 0.761386 0.0985171 -0.0689947 0.0
MAT 0.00523262 0.414626 0.649794 0.0
MAT 0.111452 0.187658 0.041574 1.0
VERTEX = 9
0.142071 0.0466311 0.137519
0.141408 0.0506767 0.130992
0.133742 0.0499367 0.131312
0.134405 0.0458911 0.13784
0.138552 0.0448589 0.132683
0.138486 0.0452635 0.13203
0.137719 0.0451895 0.132062
0.137786 0.0447849 0.132715
0.138136 0.0450242 0.132372
INDEX = 14
4 5 7
6 7 5
1 2 5
6 5 2
0 1 4
5 4 1
7 6 3
2 3 6
4 7 0
3 0 7
8 1 0
8 2 1
8 3 2
8 0 3
FACE-NORMAL = 14
-0.0594828 0.845764 0.530232
-0.0594828 0.845764 0.530232
0.0241712 0.175667 0.984153
0.0241712 0.175668 0.984153
-0.779008 0.494429 0.385599
-0.779008 0.494429 0.385599
0.699424 0.637143 0.323814
0.699424 0.637143 0.323814
-0.103755 0.955904 -0.27474
-0.103755 0.955904 -0.27474
0.745288 -0.530162 -0.404319
-0.0187884 -0.22692 -0.973732
-0.661166 -0.665928 -0.345542
0.10291 -0.96917 0.223871
BONE = 22
BONE_NAME = Bone_Leg Left Rear 01
PARENT_ID = 21
LOCALTM 
MAT -0.432761 0.00188126 0.901506 0.0
MAT 0.0529897 0.998323 0.0233553 0.0
MAT -0.89995 0.0578771 -0.432134 0.0
MAT 0.222067 0.0 0.0 1.0
WORLDTM 
MAT -0.0458509 0.651937 0.408717 0.0
MAT 0.766598 0.0740002 -0.0320365 0.0
MAT -0.0663324 0.404569 -0.652761 0.0
MAT 0.138136 0.0450242 0.132372 1.0
VERTEX = 9
0.133525 0.164186 0.204525
0.133752 0.16311 0.212155
0.126063 0.162582 0.212309
0.125837 0.163658 0.204679
0.129917 0.167271 0.208572
0.129939 0.167164 0.209335
0.129171 0.167111 0.209351
0.129148 0.167219 0.208588
0.129544 0.167191 0.208962
INDEX = 14
4 5 7
6 7 5
1 2 5
6 5 2
0 1 4
5 4 1
7 6 3
2 3 6
4 7 0
3 0 7
8 1 0
8 2 1
8 3 2
8 0 3
FACE-NORMAL = 14
0.065017 -0.987828 -0.141312
0.065017 -0.987828 -0.141312
0.0216164 -0.557019 -0.830218
0.0216164 -0.55702 -0.830218
-0.697904 -0.711746 -0.079669
-0.697904 -0.711746 -0.079669
0.784893 -0.609898 -0.109396
0.784893 -0.609898 -0.109396
0.0653718 -0.764625 0.641152
0.0653718 -0.764624 0.641152
0.65933 0.746944 0.0857826
-0.0251614 0.599751 0.799791
-0.751278 0.650055 0.114062
-0.0667866 0.797249 -0.599945
BONE = 23
BONE_NAME = Bone_Leg Left Rear 02
PARENT_ID = 22
LOCALTM 
MAT -0.914263 -0.0242984 -0.404389 0.0
MAT -0.0119904 0.999387 -0.0329422 0.0
MAT 0.40494 -0.0252705 -0.913993 0.0
MAT 0.187391 0.0 4.47035e-007 1.0
WORLDTM 
MAT 0.0501168 -0.761443 -0.108927 0.0
MAT 0.768863 0.0528104 -0.0154142 0.0
MAT 0.0226881 -0.107648 0.762935 0.0
MAT 0.129544 0.167191 0.208962 1.0
VERTEX = 9
0.144197 0.00919783 0.182335
0.144604 0.00150074 0.182251
0.136939 0.00110413 0.181535
0.136533 0.00880122 0.18162
0.140576 0.00549494 0.185813
0.140616 0.00472523 0.185804
0.13985 0.00468557 0.185733
0.139809 0.00545528 0.185741
0.140213 0.00509025 0.185773
INDEX = 14
4 5 7
6 7 5
1 2 5
6 5 2
0 1 4
5 4 1
7 6 3
2 3 6
4 7 0
3 0 7
8 1 0
8 2 1
8 3 2
8 0 3
FACE-NORMAL = 14
0.0921493 0.015756 -0.995621
0.0921493 0.015756 -0.995621
0.0224816 0.752758 -0.657914
0.0224816 0.752758 -0.657914
-0.677452 -0.0277038 -0.735045
-0.677452 -0.0277038 -0.735045
0.800738 0.048784 -0.597025
0.800738 0.048784 -0.597025
0.100808 -0.731677 -0.674157
0.100808 -0.731677 -0.674157
0.637954 0.0252409 0.769661
-0.027903 -0.717224 0.696284
-0.76827 -0.047523 0.63836
-0.102416 0.694941 0.711736
BONE = 24
BONE_NAME = Bone_Foot Left Rear
PARENT_ID = 23
LOCALTM 
MAT 0.131121 0.112901 -0.984914 0.0
MAT 0.000704583 0.993485 0.113975 0.0
MAT 0.991367 -0.0156388 0.130185 0.0
MAT 0.212887 0.0 0.0 1.0
WORLDTM 
MAT 0.0710309 0.0121451 -0.767448 0.0
MAT 0.766475 0.0396606 0.0715651 0.0
MAT 0.0406137 -0.769709 -0.00842268 0.0
MAT 0.140213 0.00509025 0.185773 1.0
VERTEX = 9
0.156975 0.0118154 0.04103
0.157707 0.00416429 0.0404456
0.150045 0.00346705 0.0399763
0.149313 0.0111182 0.0405607
0.15365 0.00774592 0.0443917
0.153723 0.00698081 0.0443332
0.152957 0.00691108 0.0442863
0.152884 0.0076762 0.0443447
0.153303 0.0073285 0.044339
INDEX = 14
4 5 7
6 7 5
1 2 5
6 5 2
0 1 4
5 4 1
7 6 3
2 3 6
4 7 0
3 0 7
8 1 0
8 2 1
8 3 2
8 0 3
FACE-NORMAL = 14
0.053582 0.0811457 -0.995261
0.053582 0.0811457 -0.995261
-0.0347413 0.792071 -0.609439
-0.0347413 0.792071 -0.60944
-0.70302 -0.0129496 -0.711052
-0.70302 -0.0129495 -0.711052
0.774704 0.121516 -0.620538
0.774705 0.121516 -0.620537
0.10643 -0.6835 -0.722149
0.10643 -0.683501 -0.722149
0.665005 0.00658123 0.74681
0.0292611 -0.759247 0.650145
-0.740777 -0.121338 0.660702
-0.105037 0.644486 0.757367
BONE = 25
BONE_NAME = Bone_Foot Left Rear 01
PARENT_ID = 24
LOCALTM 
MAT 0.997113 -0.0349512 -0.0673305 0.0
MAT 0.0324035 0.998731 -0.0386121 0.0
MAT 0.0685985 0.0363176 0.996985 0.0
MAT 0.184291 0.0 0.0 1.0
WORLDTM 
MAT 0.0413021 0.0625487 -0.767167 0.0
MAT 0.766236 0.069724 0.0469315 0.0
MAT 0.0732003 -0.765115 -0.058444 0.0
MAT 0.153303 0.0073285 0.044339 1.0
VERTEX = 9
-0.0807707 0.276544 -0.124337
-0.079786 0.274828 -0.114534
-0.0703274 0.278051 -0.114921
-0.0713122 0.279766 -0.124723
-0.0745248 0.272567 -0.12107
-0.0744263 0.272395 -0.120089
-0.0734805 0.272718 -0.120128
-0.0735789 0.272889 -0.121108
-0.0740026 0.272642 -0.120599
INDEX = 14
4 5 7
6 7 5
1 2 5
6 5 2
0 1 4
5 4 1
7 6 3
2 3 6
4 7 0
3 0 7
8 1 0
8 2 1
8 3 2
8 0 3
FACE-NORMAL = 14
-0.309286 0.930968 0.194012
-0.309286 0.930968 0.194012
-0.280096 0.750309 -0.598818
-0.280096 0.750309 -0.598818
0.496149 0.862333 0.101087
0.496149 0.862333 0.101087
-0.909951 0.383237 0.158488
-0.909951 0.383237 0.158488
-0.133706 0.495261 0.858393
-0.133706 0.495261 0.858393
-0.450124 -0.886179 -0.109884
0.288329 -0.779609 0.555946
0.88752 -0.430408 -0.164491
0.149066 -0.536979 -0.830321
BONE = 26
BONE_NAME = BoneStockR01
PARENT_ID = 1
LOCALTM 
MAT -0.251841 -0.401239 -1.20772 0.0
MAT -0.050042 -1.22707 0.418102 0.0
MAT -1.27165 0.127751 0.222729 0.0
MAT 0.213985 -0.0945615 -0.034258 1.0
WORLDTM 
MAT -0.309286 0.930968 0.194012 0.0
MAT -0.945857 -0.322279 0.0386132 0.0
MAT 0.0984738 -0.171566 0.980239 0.0
MAT -0.0740026 0.272642 -0.120599 1.0
VERTEX = 9
-0.142474 0.462404 -0.0845542
-0.145697 0.47187 -0.0844984
-0.136239 0.475093 -0.0848845
-0.133016 0.465627 -0.0849403
-0.139477 0.46815 -0.0797066
-0.139799 0.469096 -0.079701
-0.138853 0.469419 -0.0797397
-0.138531 0.468472 -0.0797452
-0.139165 0.468784 -0.0797231
INDEX = 14
4 5 7
6 7 5
1 2 5
6 5 2
0 1 4
5 4 1
7 6 3
2 3 6
4 7 0
3 0 7
8 1 0
8 2 1
8 3 2
8 0 3
FACE-NORMAL = 14
-0.0383502 -0.00716762 -0.999239
-0.0383502 -0.00716762 -0.999239
0.213917 -0.70841 -0.672603
0.213917 -0.70841 -0.672603
0.677395 0.234753 -0.697156
0.677395 0.234753 -0.697156
-0.728705 -0.244343 -0.639755
-0.728705 -0.244343 -0.639754
-0.265226 0.69882 -0.664308
-0.265226 0.69882 -0.664308
-0.641704 -0.222817 0.733872
-0.20079 0.674428 0.710514
0.69594 0.232954 0.679265
0.255026 -0.664291 0.702623
BONE = 27
BONE_NAME = BoneStockR02
PARENT_ID = 26
LOCALTM 
MAT -0.188677 0.0 -0.982039 0.0
MAT -2.38419e-007 1.0 0.0 0.0
MAT 0.98204 1.19209e-007 -0.188677 0.0
MAT 0.210686 0.0 0.0 1.0
WORLDTM 
MAT -0.0383502 -0.00716762 -0.999239 0.0
MAT -0.945857 -0.322279 0.0386132 0.0
MAT -0.322311 0.946618 0.00557987 0.0
MAT -0.139165 0.468784 -0.0797231 1.0
VERTEX = 9
-0.153662 0.459319 -0.384355
-0.154753 0.461355 -0.394085
-0.145294 0.464577 -0.394471
-0.144204 0.462542 -0.384741
-0.151425 0.466308 -0.387769
-0.151534 0.466512 -0.388742
-0.150588 0.466834 -0.388781
-0.150479 0.46663 -0.387808
-0.151007 0.466571 -0.388275
INDEX = 14
4 5 7
6 7 5
1 2 5
6 5 2
0 1 4
5 4 1
7 6 3
2 3 6
4 7 0
3 0 7
8 1 0
8 2 1
8 3 2
8 0 3
FACE-NORMAL = 14
0.30571 -0.924507 -0.227657
0.30571 -0.924507 -0.227657
0.285579 -0.769743 0.570913
0.285579 -0.769743 0.570912
0.907559 -0.378915 -0.180996
0.907559 -0.378915 -0.180996
-0.49854 -0.858011 -0.123593
-0.498541 -0.858011 -0.123593
0.12344 -0.467183 -0.875501
0.12344 -0.467183 -0.875501
-0.884992 0.42584 0.188282
-0.293292 0.79764 -0.52702
0.452652 0.881611 0.133674
-0.139048 0.50981 0.848975
BONE = 28
BONE_NAME = BoneStockR03
PARENT_ID = 27
LOCALTM 
MAT 0.222386 5.06639e-007 -0.974958 0.0
MAT -3.12924e-007 1.0 4.47035e-007 0.0
MAT 0.974958 1.63913e-007 0.222386 0.0
MAT 0.308787 0.0 0.0 1.0
WORLDTM 
MAT 0.30571 -0.924507 -0.227657 0.0
MAT -0.945858 -0.322279 0.0386135 0.0
MAT -0.109067 0.203526 -0.972975 0.0
MAT -0.151007 0.466571 -0.388275 1.0
VERTEX = 9
-0.110105 0.359543 -0.419919
-0.113162 0.368788 -0.417643
-0.1129 0.36648 -0.407917
-0.109843 0.357235 -0.410193
-0.116121 0.361148 -0.41475
-0.116427 0.362073 -0.414522
-0.116401 0.361842 -0.41355
-0.116095 0.360917 -0.413777
-0.116261 0.361495 -0.41415
INDEX = 14
4 5 7
6 7 5
1 2 5
6 5 2
0 1 4
5 4 1
7 6 3
2 3 6
4 7 0
3 0 7
8 1 0
8 2 1
8 3 2
8 0 3
FACE-NORMAL = 14
0.951764 0.303313 0.0463338
0.951764 0.303313 0.0463338
0.863929 -0.484275 -0.138221
0.863929 -0.484275 -0.13822
0.656182 0.0313237 0.753952
0.656182 0.0313237 0.753952
0.617211 0.374488 -0.691961
0.61721 0.374488 -0.691961
0.409464 0.890087 0.200212
0.409464 0.890087 0.200212
-0.691536 -0.0512462 -0.720522
-0.889168 0.43925 0.128215
-0.654461 -0.377704 0.654996
-0.456829 -0.8682 -0.193741
BONE = 29
BONE_NAME = Ref_Weapon Right
PARENT_ID = 28
LOCALTM 
MAT 3.8743e-007 -0.996194 -0.0871558 0.0
MAT -2.23517e-007 -0.0871555 0.996195 0.0
MAT -1.0 -6.55651e-007 -2.23517e-007 0.0
MAT 0.113656 0.0 1.49012e-007 1.0
WORLDTM 
MAT 0.951764 0.303313 0.0463338 0.0
MAT -0.0262157 0.230841 -0.972639 0.0
MAT -0.30571 0.924507 0.227657 0.0
MAT -0.116261 0.361495 -0.41415 1.0
VERTEX = 9
-0.134117 0.462677 -0.0832205
-0.133922 0.472389 -0.0855989
-0.134218 0.474772 -0.0758916
-0.134414 0.465061 -0.0735132
-0.13916 0.46818 -0.0800896
-0.13914 0.469151 -0.0803275
-0.13917 0.469389 -0.0793567
-0.139189 0.468418 -0.0791189
-0.139165 0.468784 -0.0797232
INDEX = 14
4 5 7
6 7 5
1 2 5
6 5 2
0 1 4
5 4 1
7 6 3
2 3 6
4 7 0
3 0 7
8 1 0
8 2 1
8 3 2
8 0 3
FACE-NORMAL = 14
0.99937 -0.0119019 0.033427
0.99937 -0.0119019 0.033427
0.654034 -0.72978 0.19915
0.654034 -0.72978 0.19915
0.646519 0.1692 0.743898
0.64652 0.1692 0.743898
0.690568 -0.185124 -0.699175
0.690567 -0.185124 -0.699175
0.683053 0.713856 -0.154427
0.683053 0.713856 -0.154427
-0.68571 -0.160121 -0.710045
-0.692858 0.695092 -0.191818
-0.727613 0.176953 0.662772
-0.720465 -0.678261 0.144545
BONE = 30
BONE_NAME = HitTestFuzzy02
PARENT_ID = 27
LOCALTM 
MAT -0.0716422 -0.940135 -0.333188 0.0
MAT 0.970562 0.0113053 -0.24059 0.0
MAT 0.229954 -0.340615 0.911648 0.0
MAT 0.0 0.0 0.0 1.0
WORLDTM 
MAT 0.999371 -0.0119019 0.033427 0.0
MAT 0.0296303 -0.238347 -0.970729 0.0
MAT 0.0195205 0.971107 -0.237844 0.0
MAT -0.139165 0.468784 -0.0797232 1.0
VERTEX = 9
0.0760815 0.277548 -0.128626
0.0761949 0.281542 -0.119459
0.0855924 0.278366 -0.118192
0.0854789 0.274372 -0.127359
0.0786529 0.273616 -0.122036
0.0786643 0.274015 -0.12112
0.079604 0.273698 -0.120993
0.0795927 0.273298 -0.12191
0.0791285 0.273657 -0.121515
INDEX = 14
4 5 7
6 7 5
1 2 5
6 5 2
0 1 4
5 4 1
7 6 3
2 3 6
4 7 0
3 0 7
8 1 0
8 2 1
8 3 2
8 0 3
FACE-NORMAL = 14
0.34169 0.860034 -0.378932
0.34169 0.860034 -0.378932
0.220145 0.278464 -0.934876
0.220145 0.278465 -0.934876
0.927085 0.339315 -0.159308
0.927085 0.339315 -0.159308
-0.469928 0.81135 -0.347676
-0.469928 0.81135 -0.347676
0.237011 0.872201 0.427892
0.237011 0.872201 0.427892
-0.906111 -0.383609 0.178347
-0.233588 -0.325721 0.916156
0.422889 -0.832663 0.357544
-0.249634 -0.890551 -0.380266
BONE = 31
BONE_NAME = BoneStockL01
PARENT_ID = 1
LOCALTM 
MAT 0.491456 0.443277 -1.11579 0.0
MAT 0.164334 -1.21914 -0.411953 0.0
MAT -1.18932 0.0147185 -0.517994 0.0
MAT 0.215173 0.104097 -0.0355742 1.0
WORLDTM 
MAT 0.34169 0.860034 -0.378932 0.0
MAT -0.939745 0.317529 -0.126712 0.0
MAT 0.0113456 0.399395 0.916709 0.0
MAT 0.0791285 0.273657 -0.121515 1.0
VERTEX = 9
0.147444 0.456664 -0.20903
0.150711 0.466097 -0.209618
0.160108 0.462922 -0.208351
0.156842 0.453489 -0.207763
0.152639 0.459963 -0.203773
0.152965 0.460907 -0.203832
0.153905 0.460589 -0.203706
0.153578 0.459646 -0.203647
0.153272 0.460276 -0.203739
INDEX = 14
4 5 7
6 7 5
1 2 5
6 5 2
0 1 4
5 4 1
7 6 3
2 3 6
4 7 0
3 0 7
8 1 0
8 2 1
8 3 2
8 0 3
FACE-NORMAL = 14
0.10086 -0.0966428 -0.990196
0.10086 -0.0966428 -0.990196
-0.175334 -0.765808 -0.618705
-0.175334 -0.765808 -0.618705
0.765978 -0.300668 -0.568222
0.765978 -0.300668 -0.568222
-0.631035 0.171367 -0.75659
-0.631035 0.171367 -0.75659
0.310277 0.636507 -0.706107
0.310277 0.636507 -0.706107
-0.735818 0.292864 0.610575
0.159666 0.735358 0.658601
0.593181 -0.15619 0.789773
-0.302303 -0.598685 0.741747
BONE = 32
BONE_NAME = BoneStockL02
PARENT_ID = 31
LOCALTM 
MAT 0.326563 -2.08616e-007 -0.945175 0.0
MAT 0.0 1.0 1.49012e-007 0.0
MAT 0.945175 0.0 0.326563 0.0
MAT 0.216991 0.0 0.0 1.0
WORLDTM 
MAT 0.10086 -0.0966428 -0.990196 0.0
MAT -0.939744 0.317529 -0.126711 0.0
MAT 0.326662 0.943311 -0.0587937 0.0
MAT 0.153272 0.460276 -0.203739 1.0
VERTEX = 9
0.17648 0.426419 -0.500162
0.179124 0.430821 -0.508743
0.188522 0.427645 -0.507475
0.185877 0.423243 -0.498895
0.182982 0.43117 -0.500965
0.183246 0.43161 -0.501823
0.184186 0.431293 -0.501696
0.183922 0.430853 -0.500838
0.183584 0.431231 -0.50133
INDEX = 14
4 5 7
6 7 5
1 2 5
6 5 2
0 1 4
5 4 1
7 6 3
2 3 6
4 7 0
3 0 7
8 1 0
8 2 1
8 3 2
8 0 3
FACE-NORMAL = 14
-0.216691 -0.839887 -0.49763
-0.216691 -0.839887 -0.49763
-0.341513 -0.889043 0.304912
-0.341513 -0.889043 0.304912
0.553547 -0.797873 -0.238713
0.553547 -0.797873 -0.238713
-0.843465 -0.325836 -0.427081
-0.843465 -0.325836 -0.427081
0.0515952 -0.234666 -0.970706
0.0515953 -0.234666 -0.970706
-0.511276 0.818417 0.262279
0.340208 0.905149 -0.25488
0.817723 0.369362 0.441476
-0.033761 0.28263 0.958635
BONE = 33
BONE_NAME = BoneStockL03
PARENT_ID = 32
LOCALTM 
MAT 0.552064 1.3411e-006 -0.833801 0.0
MAT 0.0 1.0 1.78814e-006 0.0
MAT 0.833802 -8.79169e-007 0.552064 0.0
MAT 0.300538 0.0 0.0 1.0
WORLDTM 
MAT -0.216691 -0.839886 -0.49763 0.0
MAT -0.939744 0.317531 -0.126711 0.0
MAT 0.264436 0.440187 -0.858084 0.0
MAT 0.183584 0.431231 -0.50133 1.0
VERTEX = 9
0.158421 0.324911 -0.565816
0.159408 0.333597 -0.560961
0.157344 0.329003 -0.552322
0.156357 0.320316 -0.557177
0.153069 0.32768 -0.560413
0.153168 0.328548 -0.559928
0.152961 0.328089 -0.559064
0.152863 0.32722 -0.55955
0.153015 0.327884 -0.559739
INDEX = 14
4 5 7
6 7 5
1 2 5
6 5 2
0 1 4
5 4 1
7 6 3
2 3 6
4 7 0
3 0 7
8 1 0
8 2 1
8 3 2
8 0 3
FACE-NORMAL = 14
0.97348 -0.185492 0.133901
0.97348 -0.185492 0.133901
0.577834 -0.769744 -0.271297
0.577834 -0.769744 -0.271297
0.497831 -0.465562 0.731721
0.497831 -0.465562 0.731721
0.804616 0.217387 -0.552572
0.804616 0.217387 -0.552572
0.724614 0.521568 0.450446
0.724614 0.521568 0.450446
-0.54243 0.456012 -0.705565
-0.618537 0.745385 0.24862
-0.834279 -0.193687 0.516202
-0.758171 -0.483059 -0.437984
BONE = 34
BONE_NAME = Ref_Weapon Left
PARENT_ID = 33
LOCALTM 
MAT -0.121785 -0.990688 0.0608737 0.0
MAT -0.000655651 0.0614112 0.998112 0.0
MAT -0.992557 0.121514 -0.00812781 0.0
MAT 0.12249 0.0033121 -0.00345647 1.0
WORLDTM 
MAT 0.97348 -0.185492 0.133901 0.0
MAT 0.206368 0.459407 -0.86392 0.0
MAT 0.0987365 0.868641 0.485503 0.0
MAT 0.153015 0.327884 -0.559739 1.0
VERTEX = 9
0.158632 0.45418 -0.206757
