EXPORTER_V17
ANIMATION_EXPORT
BONEOBJECT_COUNT = 44
VERTEX = 9
0.005 0.005 -0.005
0.005 0.005 0.005
0.005 -0.005 0.005
0.005 -0.005 -0.005
0.0 0.0005 -0.0005
0.0 0.0005 0.0005
0.0 -0.0005 0.0005
0.0 -0.0005 -0.0005
0.0 0.0 0.0
INDEX = 14
4 5 7
6 7 5
1 2 5
6 5 2
0 1 4
5 4 1
7 6 3
2 3 6
4 7 0
3 0 7
8 1 0
8 2 1
8 3 2
8 0 3
FACE-NORMAL = 14
1.0 0.0 0.0
1.0 0.0 0.0
0.668965 0.0 -0.743294
0.668965 0.0 -0.743294
0.668965 -0.743294 0.0
0.668965 -0.743294 0.0
0.668965 0.743294 0.0
0.668965 0.743294 0.0
0.668965 0.0 0.743294
0.668965 0.0 0.743294
-0.707107 0.707107 0.0
-0.707107 0.0 0.707107
-0.707107 -0.707107 0.0
-0.707107 0.0 -0.707107
BONE = 0
BONE_NAME = Dummy01
PARENT_ID = -1
LOCALTM 
MAT 1.0 0.0 0.0 0.0
MAT 0.0 1.0 0.0 0.0
MAT 0.0 0.0 1.0 0.0
MAT 0.0 0.0 0.0 1.0
WORLDTM 
MAT 1.0 0.0 0.0 0.0
MAT 0.0 1.0 0.0 0.0
MAT 0.0 0.0 1.0 0.0
MAT 0.0 0.0 0.0 1.0
VERTEX = 9
0.00632234 0.331797 0.0316144
0.00603235 0.324277 0.0299482
-0.00165862 0.324467 0.0304279
-0.00136863 0.331988 0.032094
0.00294432 0.327659 0.0348358
0.00291532 0.326907 0.0346692
0.00214622 0.326926 0.0347172
0.00217522 0.327678 0.0348838
0.00254527 0.327292 0.0347765
INDEX = 14
4 5 7
6 7 5
1 2 5
6 5 2
0 1 4
5 4 1
7 6 3
2 3 6
4 7 0
3 0 7
8 1 0
8 2 1
8 3 2
8 0 3
FACE-NORMAL = 14
-0.0553716 0.218002 -0.974376
-0.0553716 0.218002 -0.974376
-0.00907859 0.87102 -0.491163
-0.00907861 0.87102 -0.491164
-0.778669 0.164186 -0.605573
-0.778668 0.164186 -0.605573
0.704585 0.127485 -0.698074
0.704585 0.127485 -0.698074
-0.0650047 -0.579349 -0.812483
-0.0650047 -0.579349 -0.812483
0.744674 -0.171608 0.644989
0.012552 -0.844029 0.53615
-0.666367 -0.136693 0.732987
0.0657553 0.535728 0.841826
BONE = 1
BONE_NAME = Bone_Pelvis
PARENT_ID = 0
LOCALTM 
MAT -0.0426819 0.168042 -0.751075 0.0
MAT 0.769097 -0.0190303 -0.0479638 0.0
MAT -0.0289988 -0.752046 -0.166611 0.0
MAT 0.00254527 0.327292 0.0347765 1.0
WORLDTM 
MAT -0.0426819 0.168042 -0.751075 0.0
MAT 0.769097 -0.0190303 -0.0479638 0.0
MAT -0.0289988 -0.752046 -0.166611 0.0
MAT 0.00254527 0.327292 0.0347765 1.0
VERTEX = 9
-0.00386711 0.369449 -0.146712
-0.00392939 0.361994 -0.144753
-0.0116204 0.362185 -0.144273
-0.0115581 0.36964 -0.146232
-0.00709995 0.367156 -0.141895
-0.00710618 0.36641 -0.141699
-0.00787528 0.366429 -0.141651
-0.00786905 0.367175 -0.141847
-0.00748762 0.366792 -0.141773
INDEX = 14
4 5 7
6 7 5
1 2 5
6 5 2
0 1 4
5 4 1
7 6 3
2 3 6
4 7 0
3 0 7
8 1 0
8 2 1
8 3 2
8 0 3
FACE-NORMAL = 14
-0.0664533 -0.253101 -0.965155
-0.0664533 -0.253101 -0.965155
-0.0384499 0.549543 -0.83458
-0.0384499 0.549543 -0.83458
-0.786082 -0.150965 -0.599404
-0.786082 -0.150965 -0.599404
0.697172 -0.187666 -0.691905
0.697172 -0.187666 -0.691905
-0.0504599 -0.888174 -0.456729
-0.0504599 -0.888174 -0.456729
0.75251 0.161512 0.638469
0.0412769 -0.504891 0.862195
-0.658531 0.196426 0.726466
0.0527022 0.86283 0.50274
BONE = 2
BONE_NAME = Bone_Chest
PARENT_ID = 1
LOCALTM 
MAT 0.888927 0.0 0.458048 0.0
MAT 0.0 1.0 0.0 0.0
MAT -0.458048 0.0 0.888928 0.0
MAT 0.235062 0.0 0.0 1.0
WORLDTM 
MAT -0.0512239 -0.195097 -0.743967 0.0
MAT 0.769098 -0.0190302 -0.0479638 0.0
MAT -0.00622745 -0.745485 0.195924 0.0
MAT -0.00748762 0.366792 -0.141773 1.0
VERTEX = 9
-0.011072 0.342276 -0.251459
-0.0109647 0.335857 -0.247192
-0.0186556 0.336048 -0.246713
-0.0187629 0.342466 -0.25098
-0.0143239 0.340831 -0.247285
-0.0143132 0.340189 -0.246858
-0.0150823 0.340208 -0.24681
-0.015093 0.34085 -0.247237
-0.0147031 0.34052 -0.247048
INDEX = 14
4 5 7
6 7 5
1 2 5
6 5 2
0 1 4
5 4 1
7 6 3
2 3 6
4 7 0
3 0 7
8 1 0
8 2 1
8 3 2
8 0 3
FACE-NORMAL = 14
-0.0654794 -0.553204 -0.830469
-0.0654794 -0.553204 -0.830469
-0.05415 0.248853 -0.967026
-0.05415 0.248853 -0.967026
-0.78543 -0.351723 -0.509304
-0.78543 -0.351723 -0.509304
0.697823 -0.388425 -0.601805
0.697823 -0.388424 -0.601805
-0.0334568 -0.989 -0.144082
-0.0334568 -0.989 -0.144082
0.751822 0.373717 0.543231
0.0561438 -0.19762 0.97867
-0.65922 0.408631 0.631229
0.036458 0.979968 0.19579
BONE = 3
BONE_NAME = Bone_Head
PARENT_ID = 2
LOCALTM 
MAT 0.60238 0.0 0.206629 0.0
MAT 0.0 1.0 3.22238e-007 0.0
MAT -0.324463 1.6205e-007 0.945899 0.0
MAT 0.141064 0.0 -0.00167459 1.0
WORLDTM 
MAT -0.0321431 -0.271561 -0.407667 0.0
MAT 0.769098 -0.0190305 -0.0479637 0.0
MAT 0.0107298 -0.641852 0.426713 0.0
MAT -0.0147031 0.34052 -0.247048 1.0
VERTEX = 9
-0.00834975 0.372559 -0.280095
-0.0124447 0.378228 -0.267365
-0.0106436 0.365869 -0.267565
-0.00654862 0.360199 -0.280296
-0.0125054 0.369473 -0.274715
-0.0129149 0.37004 -0.273442
-0.0127348 0.368804 -0.273462
-0.0123253 0.368237 -0.274735
-0.0126201 0.369139 -0.274089
INDEX = 14
4 5 7
6 7 5
1 2 5
6 5 2
0 1 4
5 4 1
7 6 3
2 3 6
4 7 0
3 0 7
8 1 0
8 2 1
8 3 2
8 0 3
FACE-NORMAL = 14
0.996307 0.0238562 0.0824775
0.996307 0.0238562 0.0824775
0.800323 -0.250479 -0.544741
0.800323 -0.250479 -0.544741
0.731677 -0.680425 0.0408803
0.731677 -0.680425 0.0408803
0.595587 0.800104 0.0714746
0.595587 0.800105 0.0714746
0.510299 0.341838 0.78914
0.510298 0.341838 0.78914
-0.762458 0.645514 -0.0443926
-0.825341 0.236635 0.512657
-0.641847 -0.763231 -0.0742326
-0.564518 -0.327304 -0.757754
BONE = 4
BONE_NAME = Ref_Head
PARENT_ID = 3
LOCALTM 
MAT -0.187667 0.803926 0.0322605 0.0
MAT -1.40282 -0.274344 -1.32399 0.0
MAT -2.73805 -0.650981 0.294394 0.0
MAT 0.0132174 0.0039625 -0.0502981 1.0
WORLDTM 
MAT 0.624676 0.0149576 0.0517126 0.0
MAT -0.180112 1.23598 0.0200804 0.0
MAT -0.4095 0.566979 1.27306 0.0
MAT -0.0126201 0.369139 -0.274089 1.0
VERTEX = 9
-0.108709 0.315406 -0.0437196
-0.108875 0.312117 -0.03675
-0.116573 0.311858 -0.0370552
-0.116407 0.315147 -0.0440248
-0.11243 0.317293 -0.0390813
-0.112447 0.316964 -0.0383844
-0.113217 0.316938 -0.0384149
-0.1132 0.317267 -0.0391118
-0.112823 0.317116 -0.0387481
INDEX = 14
4 5 7
6 7 5
1 2 5
6 5 2
0 1 4
5 4 1
7 6 3
2 3 6
4 7 0
3 0 7
8 1 0
8 2 1
8 3 2
8 0 3
FACE-NORMAL = 14
0.0472726 -0.903803 -0.42533
0.0472726 -0.903803 -0.42533
0.0475945 -0.287502 -0.956597
0.0475945 -0.287502 -0.956597
-0.710668 -0.629589 -0.313956
-0.710668 -0.62959 -0.313956
0.773915 -0.579635 -0.255105
0.773915 -0.579635 -0.255105
0.0156529 -0.921722 0.387535
0.0156529 -0.921722 0.387535
0.672726 0.662846 0.328746
-0.0486201 0.337414 0.9401
-0.73958 0.615324 0.272761
-0.0182335 0.940756 -0.338592
BONE = 5
BONE_NAME = Bone_Leg Right Front
PARENT_ID = 2
LOCALTM 
MAT 0.63612 0.0959452 0.7656 0.0
MAT -0.113077 0.993118 -0.0305046 0.0
MAT -0.763259 -0.0671668 0.642593 0.0
MAT -0.103605 -0.143072 0.097403 1.0
WORLDTM 
MAT 0.0364389 -0.696674 -0.327855 0.0
MAT 0.769787 0.0259024 0.0305153 0.0
MAT -0.0165624 -0.328856 0.69696 0.0
MAT -0.112823 0.317116 -0.0387481 1.0
VERTEX = 9
-0.10171 0.182746 -0.107322
-0.101779 0.177292 -0.101875
-0.109477 0.177064 -0.1022
-0.109409 0.182518 -0.107647
-0.105401 0.182911 -0.102295
-0.105408 0.182365 -0.10175
-0.106177 0.182342 -0.101783
-0.106171 0.182888 -0.102327
-0.105789 0.182627 -0.102039
INDEX = 14
4 5 7
6 7 5
1 2 5
6 5 2
0 1 4
5 4 1
7 6 3
2 3 6
4 7 0
3 0 7
8 1 0
8 2 1
8 3 2
8 0 3
FACE-NORMAL = 14
0.0506952 -0.706038 -0.706357
0.0506952 -0.706038 -0.706357
0.0405068 0.0536075 -0.99774
0.0405068 0.0536073 -0.99774
-0.708396 -0.494283 -0.503845
-0.708396 -0.494283 -0.503845
0.776222 -0.450347 -0.441211
0.776223 -0.450346 -0.441211
0.0273198 -0.998237 0.052685
0.0273198 -0.998237 0.0526852
0.670323 0.520143 0.529262
-0.0421194 -0.00107318 0.999112
-0.742017 0.478346 0.469677
-0.0295744 0.999563 -0.000173181
BONE = 6
BONE_NAME = Bone_Leg Right Front 01
PARENT_ID = 5
LOCALTM 
MAT 0.94095 -0.0010615 -0.338541 0.0
MAT 0.00257716 0.99999 0.00402771 0.0
MAT 0.338533 -0.00466266 0.940943 0.0
MAT 0.193044 0.0 0.0 1.0
WORLDTM 
MAT 0.0390771 -0.544232 -0.544477 0.0
MAT 0.769806 0.0227822 0.0324772 0.0
MAT -0.00683774 -0.545403 0.544667 0.0
MAT -0.105789 0.182627 -0.102039 1.0
VERTEX = 9
-0.0936766 0.0708269 -0.220769
-0.0936094 0.0639313 -0.217325
-0.101313 0.0637493 -0.217539
-0.10138 0.0706449 -0.220983
-0.0972492 0.0693621 -0.215869
-0.0972425 0.0686725 -0.215525
-0.0980128 0.0686543 -0.215546
-0.0980195 0.0693439 -0.21589
-0.097631 0.0690082 -0.215707
INDEX = 14
4 5 7
6 7 5
1 2 5
6 5 2
0 1 4
5 4 1
7 6 3
2 3 6
4 7 0
3 0 7
8 1 0
8 2 1
8 3 2
8 0 3
FACE-NORMAL = 14
0.0353977 -0.446304 -0.894181
0.0353977 -0.446304 -0.894181
0.0171987 0.366366 -0.930312
0.0171987 0.366365 -0.930312
-0.71912 -0.316114 -0.61882
-0.71912 -0.316114 -0.61882
0.76648 -0.281009 -0.577531
0.76648 -0.281009 -0.577531
0.030161 -0.96349 -0.266038
0.030161 -0.96349 -0.266038
0.681607 0.332282 0.651921
-0.0188643 -0.316971 0.948248
-0.731667 0.298887 0.612642
-0.0311956 0.948141 0.316314
BONE = 7
BONE_NAME = Bone_Foot Right Front
PARENT_ID = 6
LOCALTM 
MAT 0.948511 -0.0155141 -0.316357 0.0
MAT 0.0143702 0.999881 -0.00594777 0.0
MAT 0.31641 0.00109536 0.948621 0.0
MAT 0.208768 0.0 6.85453e-007 1.0
WORLDTM 
MAT 0.0272854 -0.344021 -0.689256 0.0
MAT 0.770317 0.0182027 0.0214096 0.0
MAT 0.0067212 -0.689556 0.34444 0.0
MAT -0.097631 0.0690082 -0.215707 1.0
VERTEX = 9
0.113328 0.308596 -0.0556821
0.113334 0.30694 -0.048154
0.105631 0.307219 -0.0480867
0.105625 0.308876 -0.0556149
0.110008 0.311738 -0.0514366
0.110009 0.311573 -0.0506837
0.109238 0.311601 -0.050677
0.109238 0.311766 -0.0514298
0.109623 0.311669 -0.0510568
INDEX = 14
4 5 7
6 7 5
1 2 5
6 5 2
0 1 4
5 4 1
7 6 3
2 3 6
4 7 0
3 0 7
8 1 0
8 2 1
8 3 2
8 0 3
FACE-NORMAL = 14
-0.0373015 -0.97596 -0.214736
-0.0373015 -0.97596 -0.214736
-0.0254896 -0.49314 -0.869577
-0.0254896 -0.49314 -0.869577
-0.76773 -0.625919 -0.137169
-0.76773 -0.62592 -0.137169
0.717823 -0.679846 -0.150133
0.717823 -0.679846 -0.150133
-0.0244172 -0.812625 0.582275
-0.0244172 -0.812625 0.582275
0.732991 0.664457 0.145675
0.0268863 0.538142 0.842425
-0.680238 0.715758 0.158008
0.0258661 0.842073 -0.538743
BONE = 8
BONE_NAME = Bone_Leg Left Front
PARENT_ID = 2
LOCALTM 
MAT 0.456748 0.000238419 0.889595 0.0
MAT -0.0488093 0.9985 0.0247928 0.0
MAT -0.888256 -0.0547443 0.456075 0.0
MAT -0.105582 0.146031 0.097846 1.0
WORLDTM 
MAT -0.028753 -0.752295 -0.165524 0.0
MAT 0.77029 -0.0279618 -0.00672188 0.0
MAT 0.000556052 -0.16566 0.752814 0.0
MAT 0.109623 0.311669 -0.0510568 1.0
VERTEX = 9
0.108048 0.169796 -0.0873709
0.107742 0.16219 -0.0861553
0.10004 0.162505 -0.0861233
0.100346 0.170111 -0.087339
0.104485 0.167122 -0.0830036
0.104454 0.166361 -0.082882
0.103684 0.166392 -0.0828789
0.103715 0.167153 -0.0830004
0.104085 0.166757 -0.0829412
INDEX = 14
4 5 7
6 7 5
1 2 5
6 5 2
0 1 4
5 4 1
7 6 3
2 3 6
4 7 0
3 0 7
8 1 0
8 2 1
8 3 2
8 0 3
FACE-NORMAL = 14
-0.0105297 -0.157406 -0.987478
-0.0105297 -0.157406 -0.987478
0.0224622 0.628101 -0.777808
0.0224622 0.628101 -0.777808
-0.749711 -0.0749273 -0.65751
-0.749711 -0.0749273 -0.65751
0.735623 -0.13567 -0.663666
0.735623 -0.13567 -0.663666
-0.0365501 -0.838699 -0.543368
-0.0365501 -0.838699 -0.543368
0.713956 0.0824097 0.695324
-0.020624 -0.586391 0.809765
-0.699065 0.140195 0.70118
0.0355152 0.808997 0.586739
BONE = 9
BONE_NAME = Bone_Leg Left Front 01
PARENT_ID = 8
LOCALTM 
MAT 0.366061 0.00379893 -0.930582 0.0
MAT 0.00349731 0.999979 0.00545803 0.0
MAT 0.930584 -0.00525195 0.366041 0.0
MAT 0.192627 0.0 0.0 1.0
WORLDTM 
MAT -0.00811653 -0.121332 -0.761173 0.0
MAT 0.770177 -0.0314964 -0.00319175 0.0
MAT -0.0305991 -0.760565 0.121562 0.0
MAT 0.104085 0.166757 -0.0829412 1.0
VERTEX = 9
0.106728 0.14563 -0.244684
0.106449 0.138023 -0.2459
0.0987798 0.138412 -0.246575
0.099059 0.146019 -0.245359
0.102788 0.141789 -0.241744
0.10276 0.141028 -0.241866
0.101993 0.141067 -0.241933
0.102021 0.141828 -0.241811
0.10239 0.141428 -0.241839
INDEX = 14
4 5 7
6 7 5
1 2 5
6 5 2
0 1 4
5 4 1
7 6 3
2 3 6
4 7 0
3 0 7
8 1 0
8 2 1
8 3 2
8 0 3
FACE-NORMAL = 14
0.094336 0.153829 -0.983584
0.094336 0.153829 -0.983584
0.0900312 0.836392 -0.540687
0.0900312 0.836392 -0.540687
-0.676382 0.140454 -0.723036
-0.676382 0.140454 -0.723036
0.802597 0.0653576 -0.592931
0.802597 0.0653576 -0.59293
0.0361836 -0.630582 -0.775279
0.0361836 -0.630582 -0.775279
0.636781 -0.144493 0.757384
-0.0923186 -0.806549 0.583914
-0.770193 -0.073053 0.633613
-0.0410926 0.589004 0.807084
BONE = 10
BONE_NAME = Bone_Foot Left Front
PARENT_ID = 9
LOCALTM 
MAT 0.946061 0.0920439 -0.31064 0.0
MAT -0.0889476 0.995744 0.0241518 0.0
MAT 0.311539 0.00478247 0.950221 0.0
MAT 0.208753 0.0 5.96046e-007 1.0
WORLDTM 
MAT 0.0727166 0.118575 -0.758172 0.0
MAT 0.766881 -0.0389392 0.0674623 0.0
MAT -0.0279211 -0.760655 -0.12164 0.0
MAT 0.10239 0.141428 -0.241839 1.0
VERTEX = 9
0.00709889 0.300147 0.048496
0.00688639 0.306102 0.0533866
-0.000792487 0.305533 0.0537454
-0.000579987 0.299578 0.0488548
0.00322879 0.305002 0.0478845
0.00320754 0.305597 0.0483736
0.00243965 0.30554 0.0484095
0.0024609 0.304945 0.0479204
0.00283422 0.305271 0.048147
INDEX = 14
4 5 7
6 7 5
1 2 5
6 5 2
0 1 4
5 4 1
7 6 3
2 3 6
4 7 0
3 0 7
8 1 0
8 2 1
8 3 2
8 0 3
FACE-NORMAL = 14
0.0827646 -0.630753 0.771557
0.0827646 -0.630753 0.771557
0.0758576 -0.996123 0.0445575
0.0758576 -0.996123 0.0445578
-0.685094 -0.476792 0.550741
-0.685094 -0.476792 0.550741
0.795827 -0.367111 0.481548
0.795827 -0.367111 0.481548
0.0348756 0.152219 0.987731
0.0348756 0.152219 0.987731
0.645888 0.498181 -0.578485
-0.0780168 0.992227 -0.0969456
-0.762934 0.393839 -0.512661
-0.03903 -0.100207 -0.994201
BONE = 11
BONE_NAME = Bone_Tail
PARENT_ID = 1
LOCALTM 
MAT -0.893875 0.0501418 0.445503 0.0
MAT 0.00627562 0.995028 -0.0993996 0.0
MAT -0.448272 -0.086055 -0.889745 0.0
MAT -0.0231499 0.0 0.024109 1.0
WORLDTM 
MAT 0.0637971 -0.486201 0.594736 0.0
MAT 0.767888 0.056872 -0.0358777 0.0
MAT -0.02125 0.595439 0.489055 0.0
MAT 0.00283422 0.305271 0.048147 1.0
VERTEX = 9
0.0224416 0.186747 0.191221
0.0220331 0.193898 0.19407
0.0144142 0.193116 0.19494
0.0148226 0.185965 0.192091
0.018281 0.190998 0.18934
0.0182401 0.191713 0.189625
0.0174782 0.191635 0.189712
0.0175191 0.19092 0.189427
0.0178796 0.191316 0.189526
INDEX = 14
4 5 7
6 7 5
1 2 5
6 5 2
0 1 4
5 4 1
7 6 3
2 3 6
4 7 0
3 0 7
8 1 0
8 2 1
8 3 2
8 0 3
FACE-NORMAL = 14
0.142253 -0.35938 0.922285
0.142253 -0.35938 0.922285
0.13455 -0.929937 0.34222
0.13455 -0.929937 0.34222
-0.639518 -0.315823 0.700909
-0.639518 -0.315823 0.700909
0.829842 -0.165002 0.533044
0.829842 -0.165002 0.533044
0.0557752 0.449112 0.891733
0.0557752 0.449112 0.891733
0.598324 0.325859 -0.732
-0.138058 0.910074 -0.390774
-0.7995 0.18238 -0.572308
-0.0631186 -0.401835 -0.913534
BONE = 12
BONE_NAME = Bone_Tail 01
PARENT_ID = 11
LOCALTM 
MAT 0.950048 0.0722683 0.303617 0.0
MAT -0.0693113 0.997385 -0.02052 0.0
MAT -0.304306 -0.00154977 0.952573 0.0
MAT 0.236376 0.0 0.00163144 1.0
WORLDTM 
MAT 0.109652 -0.277019 0.710921 0.0
MAT 0.761894 0.0782041 -0.0870412 0.0
MAT -0.0408461 0.715064 0.284934 0.0
MAT 0.0178796 0.191316 0.189526 1.0
VERTEX = 9
0.0491306 0.117686 0.371667
0.0476677 0.125075 0.373303
0.0402364 0.123988 0.371567
0.0416993 0.116599 0.369932
0.0458448 0.121475 0.367957
0.0456985 0.122214 0.368121
0.0449554 0.122106 0.367947
0.0451016 0.121367 0.367784
0.0454001 0.12179 0.367952
INDEX = 14
4 5 7
6 7 5
1 2 5
6 5 2
0 1 4
5 4 1
7 6 3
2 3 6
4 7 0
3 0 7
8 1 0
8 2 1
8 3 2
8 0 3
FACE-NORMAL = 14
-0.185921 -0.247318 0.950929
-0.185921 -0.247318 0.950929
0.0166892 -0.877983 0.478401
0.0166891 -0.877983 0.478401
-0.840957 -0.270261 0.468776
-0.840957 -0.270261 0.468776
0.592208 -0.0606336 0.803501
0.592208 -0.0606336 0.803501
-0.265439 0.547087 0.793875
-0.265439 0.547087 0.793875
0.813161 0.274591 -0.513194
-0.00272998 0.852726 -0.522351
-0.550229 0.0751697 -0.831623
0.265663 -0.502964 -0.822466
BONE = 13
BONE_NAME = Bone_Tail 02
PARENT_ID = 12
LOCALTM 
MAT 0.93946 -0.316235 0.131932 0.0
MAT 0.294129 0.941772 0.162958 0.0
MAT -0.175784 -0.114289 0.977773 0.0
MAT 0.250979 0.0 0.0 1.0
WORLDTM 
MAT -0.143313 -0.190639 0.732999 0.0
MAT 0.743127 0.108696 0.173562 0.0
MAT -0.146289 0.738928 0.16358 0.0
MAT 0.0454001 0.12179 0.367952 1.0
VERTEX = 9
0.0116132 0.0784305 0.554486
0.011309 0.085486 0.551396
0.00420636 0.0840331 0.548777
0.00451055 0.0769776 0.551867
0.00976986 0.07958 0.548638
0.00973944 0.0802856 0.548329
0.00902918 0.0801403 0.548067
0.00905959 0.0794347 0.548376
0.00939952 0.0798602 0.548352
INDEX = 14
4 5 7
6 7 5
1 2 5
6 5 2
0 1 4
5 4 1
7 6 3
2 3 6
4 7 0
3 0 7
8 1 0
8 2 1
8 3 2
8 0 3
FACE-NORMAL = 14
-0.386528 0.35589 0.850846
-0.386528 0.35589 0.850846
-0.229241 -0.442277 0.867087
-0.229241 -0.442277 0.867087
-0.943469 0.097977 0.31665
-0.943469 0.0979771 0.31665
0.426324 0.37818 0.821722
0.426324 0.37818 0.821722
-0.287905 0.918431 0.271286
-0.287905 0.918431 0.271286
0.924867 -0.118372 -0.361398
0.245412 0.395579 -0.885037
-0.378237 -0.384933 -0.841881
0.30122 -0.898882 -0.318242
BONE = 14
BONE_NAME = Bone_Tail 03
PARENT_ID = 13
LOCALTM 
MAT 0.792938 -0.13087 0.595076 0.0
MAT 0.10515 0.9914 0.0779168 0.0
MAT -0.600158 0.000787154 0.799883 0.0
MAT 0.244688 1.63913e-007 0.00638321 1.0
WORLDTM 
MAT -0.297945 0.274329 0.655852 0.0
MAT 0.710268 0.145291 0.26189 0.0
MAT -0.0304189 0.705555 -0.308934 0.0
MAT 0.00939952 0.0798602 0.548352 1.0
VERTEX = 9
-0.040435 0.125118 0.666236
-0.0407392 0.132173 0.663147
-0.046766 0.13003 0.658845
-0.0464618 0.122975 0.661935
-0.0408859 0.126206 0.66011
-0.0409163 0.126911 0.659801
-0.041519 0.126697 0.659371
-0.0414886 0.125991 0.65968
-0.0412025 0.126451 0.65974
INDEX = 14
4 5 7
6 7 5
1 2 5
6 5 2
0 1 4
5 4 1
7 6 3
2 3 6
4 7 0
3 0 7
8 1 0
8 2 1
8 3 2
8 0 3
FACE-NORMAL = 14
-0.622204 0.291338 0.726625
-0.622204 0.291338 0.726625
-0.386902 -0.485459 0.783988
-0.386902 -0.485459 0.783988
-0.997384 -0.0117698 0.0713175
-0.997384 -0.0117697 0.0713176
0.164924 0.401562 0.90086
0.164924 0.401562 0.90086
-0.445564 0.875248 0.188186
-0.445564 0.875248 0.188186
0.992823 -0.00940387 -0.119225
0.412062 0.441224 -0.797199
-0.112898 -0.402613 -0.908382
0.467868 -0.853237 -0.230404
BONE = 15
BONE_NAME = Bone01
PARENT_ID = 14
LOCALTM 
MAT 0.962428 -0.27153 -6.25849e-007 0.0
MAT 0.271528 0.962432 1.78814e-007 0.0
MAT -1.84774e-006 8.34465e-007 1.0 0.0
MAT 0.169837 0.0 0.0 1.0
WORLDTM 
MAT -0.47961 0.22457 0.5601 0.0
MAT 0.602684 0.21432 0.430133 0.0
MAT -0.0304178 0.705555 -0.308935 0.0
MAT -0.0412025 0.126451 0.65974 1.0
VERTEX = 9
-0.106418 0.26846 0.0234579
-0.106261 0.270318 0.0309374
-0.113939 0.270994 0.0309303
-0.114096 0.269137 0.0234508
-0.109473 0.273326 0.0258885
-0.109458 0.273511 0.0266364
-0.110226 0.273579 0.0266357
-0.110241 0.273393 0.0258877
-0.109849 0.273452 0.0262621
INDEX = 14
4 5 7
6 7 5
1 2 5
6 5 2
0 1 4
5 4 1
7 6 3
2 3 6
4 7 0
3 0 7
8 1 0
8 2 1
8 3 2
8 0 3
FACE-NORMAL = 14
-0.0853857 -0.966557 0.241822
-0.0853857 -0.966557 0.241822
-0.0722329 -0.825702 -0.559463
-0.0722329 -0.825702 -0.559463
-0.797545 -0.581355 0.161084
-0.797545 -0.581355 0.161084
0.683305 -0.71183 0.162456
0.683305 -0.71183 0.162456
-0.0420072 -0.467483 0.883003
-0.0420072 -0.467483 0.883003
0.764754 0.621397 -0.170341
0.0747539 0.853848 0.515126
-0.644001 0.74552 -0.171646
0.0459998 0.513069 -0.857114
BONE = 16
BONE_NAME = Bone_Leg Right Rear
PARENT_ID = 1
LOCALTM 
MAT -0.441608 -0.0763788 0.893951 0.0
MAT -0.0751907 0.996016 0.0479552 0.0
MAT -0.894052 -0.0460394 -0.445592 0.0
MAT 0.00360981 -0.143072 0.0760181 1.0
WORLDTM 
MAT -0.0658175 -0.745047 0.186402 0.0
MAT 0.767852 -0.0676541 0.000711352 0.0
MAT 0.0156726 0.185744 0.747948 0.0
MAT -0.109849 0.273452 0.0262621 1.0
VERTEX = 9
-0.120983 0.104676 0.0723266
-0.120207 0.112154 0.070621
-0.127876 0.112927 0.0705285
-0.128651 0.10545 0.0722341
-0.124125 0.107536 0.0677591
-0.124048 0.108284 0.0675886
-0.124815 0.108361 0.0675793
-0.124892 0.107614 0.0677499
-0.12447 0.107949 0.0676692
INDEX = 14
4 5 7
6 7 5
1 2 5
6 5 2
0 1 4
5 4 1
7 6 3
2 3 6
4 7 0
3 0 7
8 1 0
8 2 1
8 3 2
8 0 3
FACE-NORMAL = 14
0.0105753 0.221351 0.975137
0.0105753 0.221351 0.975137
-0.0676745 -0.572928 0.816807
-0.0676745 -0.572928 0.816807
-0.73241 0.222706 0.643411
-0.73241 0.222706 0.643411
0.746559 0.0734459 0.661253
0.746559 0.0734459 0.661253
0.0818236 0.86908 0.487858
0.0818236 0.86908 0.487858
0.696005 -0.227515 -0.681039
0.063632 0.529383 -0.845993
-0.71096 -0.085522 -0.698012
-0.0785877 -0.842421 -0.533059
BONE = 17
BONE_NAME = Bone_Leg Right Rear 01
PARENT_ID = 16
LOCALTM 
MAT 0.0209582 -0.00799313 0.999748 0.0
MAT 0.0150008 0.999858 0.00767952 0.0
MAT -0.999668 0.0148359 0.0210751 0.0
MAT 0.222138 0.0 0.0 1.0
WORLDTM 
MAT 0.00815172 0.170623 0.751661 0.0
MAT 0.766876 -0.0773943 0.00925132 0.0
MAT 0.0775178 0.74771 -0.170567 0.0
MAT -0.12447 0.107949 0.0676692 1.0
VERTEX = 9
-0.119442 0.136325 0.209048
-0.119481 0.136915 0.216734
-0.127149 0.137702 0.216634
-0.127109 0.137113 0.208948
-0.122513 0.140767 0.212171
-0.122517 0.140826 0.212939
-0.123284 0.140905 0.212929
-0.12328 0.140846 0.212161
-0.122899 0.140836 0.21255
INDEX = 14
4 5 7
6 7 5
1 2 5
6 5 2
0 1 4
5 4 1
7 6 3
2 3 6
4 7 0
3 0 7
8 1 0
8 2 1
8 3 2
8 0 3
FACE-NORMAL = 14
-0.102836 -0.991827 0.0755295
-0.102836 -0.991827 0.0755295
-0.0649528 -0.720332 -0.690582
-0.0649528 -0.720332 -0.690581
-0.808137 -0.587574 0.0408724
-0.808137 -0.587574 0.0408724
0.670549 -0.73942 0.0601808
0.67055 -0.73942 0.0601808
-0.0726349 -0.606662 0.791635
-0.0726348 -0.606662 0.791635
0.776065 0.629101 -0.0442233
0.0690622 0.755395 0.65162
-0.630632 0.773554 -0.0625916
0.0763702 0.647259 -0.758435
BONE = 18
BONE_NAME = Bone_Leg Right Rear 02
PARENT_ID = 17
LOCALTM 
MAT -0.146977 -0.00181904 -0.989137 0.0
MAT 0.000574995 0.999999 -0.00192466 0.0
MAT 0.98914 -0.000851789 -0.146976 0.0
MAT 0.192747 0.0 4.76837e-007 1.0
WORLDTM 
MAT -0.0792688 -0.764525 0.0582201 0.0
MAT 0.76673 -0.0787352 0.0100118 0.0
MAT -0.00398329 0.0589403 0.768559 0.0
MAT -0.122899 0.140836 0.21255 1.0
VERTEX = 9
-0.135887 -0.0177324 0.221557
-0.136598 -0.0252672 0.220095
-0.144251 -0.0246827 0.220803
-0.143541 -0.0171479 0.222265
-0.139361 -0.0216188 0.224985
-0.139432 -0.0223723 0.224839
-0.140197 -0.0223138 0.22491
-0.140126 -0.0215603 0.225056
-0.139779 -0.0219663 0.224948
INDEX = 14
4 5 7
6 7 5
1 2 5
6 5 2
0 1 4
5 4 1
7 6 3
2 3 6
4 7 0
3 0 7
8 1 0
8 2 1
8 3 2
8 0 3
FACE-NORMAL = 14
-0.0753946 0.196868 -0.977527
-0.0753946 0.196868 -0.977527
0.0181019 0.858263 -0.512891
0.0181019 0.858263 -0.512891
-0.788439 0.188063 -0.585659
-0.788439 0.188063 -0.585659
0.687566 0.0753332 -0.722203
0.687566 0.0753332 -0.722203
-0.118975 -0.594867 -0.794971
-0.118975 -0.594867 -0.794971
0.755385 -0.192827 0.626268
-0.0118894 -0.830399 0.557043
-0.648761 -0.0855862 0.756164
0.118514 0.551985 0.825389
BONE = 19
BONE_NAME = Bone_Foot Right Rear
PARENT_ID = 18
LOCALTM 
MAT -0.261338 -0.107799 -0.959208 0.0
MAT -0.0338308 0.994157 -0.10251 0.0
MAT 0.964655 0.00566126 -0.263457 0.0
MAT 0.212946 0.0 0.0 1.0
WORLDTM 
MAT -0.0581161 0.151751 -0.753503 0.0
MAT 0.76534 -0.0584527 -0.070801 0.0
MAT -0.0710769 -0.753477 -0.146264 0.0
MAT -0.139779 -0.0219663 0.224948 1.0
VERTEX = 9
-0.146657 0.0106338 0.0822236
-0.147321 0.00321375 0.0802437
-0.154982 0.00371399 0.0809366
-0.154318 0.011134 0.0829165
-0.150134 0.00650619 0.0853531
-0.150201 0.00576418 0.0851551
-0.150967 0.00581421 0.0852244
-0.1509 0.00655621 0.0854224
-0.15055 0.0061602 0.0852888
INDEX = 14
4 5 7
6 7 5
1 2 5
6 5 2
0 1 4
5 4 1
7 6 3
2 3 6
4 7 0
3 0 7
8 1 0
8 2 1
8 3 2
8 0 3
FACE-NORMAL = 14
-0.0698546 0.263013 -0.96226
-0.0698546 0.263013 -0.96226
0.0172581 0.891447 -0.452797
0.0172581 0.891447 -0.452797
-0.785442 0.224184 -0.576908
-0.785442 0.224184 -0.576908
0.691982 0.12771 -0.710529
0.691982 0.12771 -0.710528
-0.110719 -0.539554 -0.834639
-0.110719 -0.539554 -0.834639
0.752142 -0.231867 0.616863
-0.0114784 -0.866644 0.498794
-0.653354 -0.14009 0.743978
0.110268 0.494688 0.862047
BONE = 20
BONE_NAME = Bone_Foot Right Rear 01
PARENT_ID = 19
LOCALTM 
MAT 0.99768 -0.00091752 -0.0680641 0.0
MAT 0.000158165 0.999938 -0.0111498 0.0
MAT 0.0680698 0.0111128 0.99762 0.0
MAT 0.185346 0.0 0.0 1.0
WORLDTM 
MAT -0.0538457 0.202737 -0.741734 0.0
MAT 0.766076 -0.0500239 -0.069285 0.0
MAT -0.0663586 -0.742003 -0.197993 0.0
MAT -0.15055 0.0061602 0.0852888 1.0
VERTEX = 9
0.116389 0.264682 0.00806642
0.116976 0.264303 0.0157429
0.109324 0.263557 0.0162917
0.108736 0.263936 0.00861525
0.112852 0.268007 0.0119843
0.112911 0.267969 0.012752
0.112145 0.267894 0.0128069
0.112087 0.267932 0.0120392
0.112499 0.267951 0.0123956
INDEX = 14
4 5 7
6 7 5
1 2 5
6 5 2
0 1 4
5 4 1
7 6 3
2 3 6
4 7 0
3 0 7
8 1 0
8 2 1
8 3 2
8 0 3
FACE-NORMAL = 14
0.0928457 -0.994094 -0.0561789
0.0928457 -0.994094 -0.0561789
0.00546097 -0.628473 -0.777813
0.005461 -0.628473 -0.777812
-0.675802 -0.736924 0.0153406
-0.675802 -0.736924 0.0153406
0.800023 -0.593104 -0.090504
0.800023 -0.593104 -0.090504
0.11876 -0.701556 0.702649
0.11876 -0.701555 0.702649
0.636335 0.77134 -0.0106213
-0.0117603 0.668168 0.743917
-0.767639 0.634522 0.0900703
-0.119543 0.737693 -0.664468
BONE = 21
BONE_NAME = Bone_Leg Left Rear
PARENT_ID = 1
LOCALTM 
MAT -0.167116 0.120675 0.978524 0.0
MAT 0.0354952 0.992574 -0.116346 0.0
MAT -0.985299 0.0152895 -0.170159 0.0
MAT 0.00360982 0.146031 0.0760181 1.0
WORLDTM 
MAT 0.0715679 -0.766274 -0.0433042 0.0
MAT 0.765245 0.0745733 -0.0548826 0.0
MAT 0.0587479 -0.037895 0.76765 0.0
MAT 0.112499 0.267951 0.0123956 1.0
VERTEX = 9
0.132631 0.0955417 0.00742174
0.132101 0.102854 0.00504251
0.124415 0.102432 0.00545683
0.124945 0.0951196 0.00783606
0.128802 0.0974421 0.00287744
0.128749 0.0981734 0.00263952
0.127981 0.0981312 0.00268095
0.128034 0.0973999 0.00291887
0.128391 0.0977866 0.0027792
INDEX = 14
4 5 7
6 7 5
1 2 5
6 5 2
0 1 4
5 4 1
7 6 3
2 3 6
4 7 0
3 0 7
8 1 0
8 2 1
8 3 2
8 0 3
FACE-NORMAL = 14
0.0340874 0.311444 0.949653
0.0340874 0.311444 0.949653
0.0739036 -0.496807 0.864709
0.0739036 -0.496807 0.864709
-0.718299 0.167638 0.675236
-0.718299 0.167638 0.675236
0.763906 0.249052 0.595333
0.763906 0.249052 0.595333
-0.0282971 0.913497 0.40586
-0.0282971 0.913497 0.40586
0.680919 -0.181499 -0.709513
-0.0727159 0.450597 -0.889761
-0.729125 -0.258949 -0.6335
0.0245091 -0.891046 -0.453251
BONE = 22
BONE_NAME = Bone_Leg Left Rear 01
PARENT_ID = 21
LOCALTM 
MAT -0.35979 -0.00364387 0.933026 0.0
MAT 0.0411491 0.998958 0.0197693 0.0
MAT -0.932126 0.045506 -0.359265 0.0
MAT 0.222067 0.0 0.0 1.0
WORLDTM 
MAT 0.0262754 0.240069 0.732018 0.0
MAT 0.768554 0.0422149 -0.0414315 0.0
MAT -0.0529931 0.731271 -0.237923 0.0
MAT 0.128391 0.0977866 0.0027792 1.0
VERTEX = 9
0.137019 0.141505 0.134546
0.137395 0.137641 0.141205
0.129697 0.137378 0.141487
0.129321 0.141242 0.134828
0.133681 0.14298 0.139605
0.133719 0.142594 0.140271
0.132949 0.142567 0.140299
0.132912 0.142954 0.139634
0.133315 0.142774 0.139952
INDEX = 14
4 5 7
6 7 5
1 2 5
6 5 2
0 1 4
5 4 1
7 6 3
2 3 6
4 7 0
3 0 7
8 1 0
8 2 1
8 3 2
8 0 3
FACE-NORMAL = 14
0.011105 -0.864602 -0.502334
0.011105 -0.864602 -0.502334
-0.0288109 -0.205776 -0.978175
-0.0288109 -0.205776 -0.978175
-0.734935 -0.603724 -0.308849
-0.734935 -0.603724 -0.308849
0.749793 -0.553053 -0.363239
0.749793 -0.553053 -0.363239
0.0436687 -0.951001 0.306087
0.0436687 -0.951001 0.306088
0.69837 0.635468 0.329333
0.026623 0.256894 0.966073
-0.714075 0.587264 0.381075
-0.0423279 0.965838 -0.255665
BONE = 23
BONE_NAME = Bone_Leg Left Rear 02
PARENT_ID = 22
LOCALTM 
MAT -0.74594 -0.00927819 -0.665949 0.0
MAT 0.00991509 0.999638 -0.0250332 0.0
MAT 0.665939 -0.0252762 -0.745577 0.0
MAT 0.187391 0.0 4.24683e-007 1.0
WORLDTM 
MAT 0.00856006 -0.666458 -0.387213 0.0
MAT 0.769863 0.0262739 -0.0282025 0.0
MAT 0.0375822 -0.386414 0.665916 0.0
MAT 0.133315 0.142774 0.139952 1.0
VERTEX = 9
0.139048 0.004709 0.0536836
0.139216 -0.00299316 0.0539395
0.131515 -0.0031713 0.0536575
0.131347 0.00453086 0.0534016
0.135514 0.00128761 0.0575213
0.135531 0.000517392 0.0575469
0.134761 0.000499578 0.0575187
0.134744 0.00126979 0.0574931
0.135138 0.000893593 0.05752
INDEX = 14
4 5 7
6 7 5
1 2 5
6 5 2
0 1 4
5 4 1
7 6 3
2 3 6
4 7 0
3 0 7
8 1 0
8 2 1
8 3 2
8 0 3
FACE-NORMAL = 14
0.0373302 -0.0323666 -0.998779
0.0373302 -0.0323666 -0.998779
0.00869755 0.721054 -0.692824
0.00869756 0.721054 -0.692824
-0.717625 -0.0388296 -0.695346
-0.717625 -0.0388296 -0.695346
0.76757 -0.00447463 -0.64095
0.76757 -0.00447463 -0.640949
0.0412476 -0.764358 -0.643471
0.0412476 -0.764358 -0.643471
0.680048 0.0392279 0.732117
-0.0109138 -0.683661 0.729718
-0.732841 0.00654544 0.680369
-0.0418791 0.729434 0.682768
BONE = 24
BONE_NAME = Bone_Foot Left Rear
PARENT_ID = 23
LOCALTM 
MAT 0.530119 0.0727229 -0.844799 0.0
MAT -0.0272674 0.997262 0.0687364 0.0
MAT 0.847484 -0.0134045 0.530651 0.0
MAT 0.212887 0.0 0.0 1.0
WORLDTM 
MAT 0.0287751 -0.024949 -0.769885 0.0
MAT 0.770105 0.0178138 0.0282057 0.0
MAT 0.0168779 -0.770216 0.0255905 0.0
MAT 0.135138 0.000893593 0.05752 1.0
VERTEX = 9
0.144057 0.000505939 -0.0880721
0.144525 -0.00718363 -0.0883349
0.136831 -0.00765084 -0.0883572
0.136363 3.87304e-005 -0.0880945
0.140802 -0.00329642 -0.0843485
0.140849 -0.00406538 -0.0843748
0.140079 -0.0041121 -0.084377
0.140032 -0.00334314 -0.0843508
0.140441 -0.00370426 -0.0843628
INDEX = 14
4 5 7
6 7 5
1 2 5
6 5 2
0 1 4
5 4 1
7 6 3
2 3 6
4 7 0
3 0 7
8 1 0
8 2 1
8 3 2
8 0 3
FACE-NORMAL = 14
0.000828553 0.0341994 -0.999415
0.000828553 0.0341994 -0.999415
-0.0445433 0.764371 -0.643236
-0.0445433 0.764371 -0.643237
-0.74137 -0.0221739 -0.67073
-0.74137 -0.0221739 -0.67073
0.742478 0.0679302 -0.666417
0.742478 0.0679302 -0.666417
0.0456517 -0.718613 -0.69391
0.0456517 -0.718613 -0.69391
0.705218 0.0186761 0.708744
0.0423161 -0.729576 0.68259
-0.706389 -0.0670412 0.704641
-0.0434878 0.681209 0.730796
BONE = 25
BONE_NAME = Bone_Foot Left Rear 01
PARENT_ID = 24
LOCALTM 
MAT 0.997119 -0.0349525 -0.0673338 0.0
MAT 0.0324017 0.998728 -0.03861 0.0
MAT 0.068599 0.0363159 0.996983 0.0
MAT 0.184291 0.0 0.0 1.0
WORLDTM 
MAT 0.000638671 0.0263618 -0.770376 0.0
MAT 0.769406 0.0467208 0.00223614 0.0
MAT 0.0467679 -0.768957 -0.0262757 0.0
MAT 0.140441 -0.00370426 -0.0843628 1.0
VERTEX = 9
-0.0851773 0.39523 -0.118613
-0.0836641 0.392533 -0.109103
-0.0741509 0.395543 -0.109763
-0.0756641 0.398241 -0.119272
-0.0788729 0.390798 -0.116141
-0.0787216 0.390528 -0.11519
-0.0777703 0.390829 -0.115256
-0.0779216 0.391099 -0.116207
-0.0783216 0.390814 -0.115699
INDEX = 14
4 5 7
6 7 5
1 2 5
6 5 2
0 1 4
5 4 1
7 6 3
2 3 6
4 7 0
3 0 7
8 1 0
8 2 1
8 3 2
8 0 3
FACE-NORMAL = 14
-0.268504 0.914653 0.302186
-0.268504 0.914653 0.302186
-0.2921 0.812381 -0.504694
-0.2921 0.812381 -0.504693
0.527489 0.835651 0.15311
0.527489 0.835651 0.15311
-0.886729 0.38809 0.251193
-0.886729 0.38809 0.251193
-0.0671403 0.41136 0.908997
-0.0671403 0.41136 0.908997
-0.482822 -0.859643 -0.167023
0.296865 -0.837505 0.458755
0.862545 -0.433871 -0.260332
0.0828577 -0.456009 -0.88611
BONE = 26
BONE_NAME = BoneStockR01
PARENT_ID = 1
LOCALTM 
MAT -0.104017 -0.40124 -1.22931 0.0
MAT -0.100211 -1.22707 0.408988 0.0
MAT -1.28924 0.127751 0.0673913 0.0
MAT 0.213985 -0.0945615 -0.034258 1.0
WORLDTM 
MAT -0.268504 0.914652 0.302186 0.0
MAT -0.951318 -0.301066 0.0659792 0.0
MAT 0.151326 -0.269759 0.950963 0.0
MAT -0.0783216 0.390814 -0.115699 1.0
VERTEX = 9
-0.139134 0.578991 -0.0580748
-0.141766 0.588041 -0.0547321
-0.132253 0.591051 -0.0553919
-0.129621 0.582002 -0.0587346
-0.135236 0.582915 -0.0521667
-0.135499 0.58382 -0.0518324
-0.134548 0.584121 -0.0518984
-0.134284 0.583216 -0.0522327
-0.134892 0.583518 -0.0520325
INDEX = 14
4 5 7
6 7 5
1 2 5
6 5 2
0 1 4
5 4 1
7 6 3
2 3 6
4 7 0
3 0 7
8 1 0
8 2 1
8 3 2
8 0 3
FACE-NORMAL = 14
-0.160349 0.300637 -0.940162
-0.160349 0.300637 -0.940162
0.0883789 -0.471545 -0.877402
0.0883789 -0.471545 -0.877402
0.599841 0.424896 -0.677978
0.599841 0.424896 -0.677978
-0.814377 -0.0226648 -0.579894
-0.814377 -0.0226649 -0.579894
-0.302914 0.873777 -0.380469
-0.302914 0.873777 -0.380469
-0.5593 -0.425468 0.71145
-0.0727378 0.42733 0.901165
0.786067 0.000303134 0.618141
0.299505 -0.852495 0.428426
BONE = 27
BONE_NAME = BoneStockR02
PARENT_ID = 26
LOCALTM 
MAT 0.0339293 -1.63913e-007 -0.999424 0.0
MAT 0.0 1.0 1.71363e-007 0.0
MAT 0.999425 2.38419e-007 0.0339294 0.0
MAT 0.210686 0.0 0.0 1.0
WORLDTM 
MAT -0.160349 0.300637 -0.940162 0.0
MAT -0.951319 -0.301066 0.0659793 0.0
MAT -0.263216 0.904973 0.334277 0.0
MAT -0.134892 0.583518 -0.0520325 1.0
VERTEX = 9
-0.186983 0.668296 -0.340476
-0.189131 0.67324 -0.348899
-0.179618 0.676251 -0.349559
-0.177469 0.671307 -0.341136
-0.184773 0.675953 -0.341888
-0.184988 0.676447 -0.34273
-0.184037 0.676749 -0.342796
-0.183822 0.676254 -0.341954
-0.184405 0.676351 -0.342342
INDEX = 14
4 5 7
6 7 5
1 2 5
6 5 2
0 1 4
5 4 1
7 6 3
2 3 6
4 7 0
3 0 7
8 1 0
8 2 1
8 3 2
8 0 3
FACE-NORMAL = 14
0.220964 -0.815454 -0.534985
0.220964 -0.815454 -0.534985
0.307528 -0.912966 0.268177
0.307528 -0.912967 0.268176
0.854927 -0.32173 -0.406928
0.854927 -0.32173 -0.406928
-0.559292 -0.769291 -0.308844
-0.559292 -0.769291 -0.308844
-0.0118933 -0.178054 -0.983949
-0.0118934 -0.178054 -0.983949
-0.828929 0.363728 0.424946
-0.30818 0.92618 -0.217291
0.516438 0.789499 0.331637
-0.00431021 0.227047 0.973874
BONE = 28
BONE_NAME = BoneStockR03
PARENT_ID = 27
LOCALTM 
MAT 0.222385 7.59959e-007 -0.974958 0.0
MAT -2.45869e-007 1.0 0.0 0.0
MAT 0.974958 0.0 0.222386 0.0
MAT 0.308787 0.0 -1.19209e-007 1.0
WORLDTM 
MAT 0.220964 -0.815454 -0.534985 0.0
MAT -0.951319 -0.301066 0.0659796 0.0
MAT -0.214869 0.494362 -0.842281 0.0
MAT -0.184405 0.676351 -0.342342 1.0
VERTEX = 9
-0.15401 0.58347 -0.410007
-0.15622 0.591624 -0.404658
-0.154908 0.586437 -0.396209
-0.152699 0.578283 -0.401559
-0.159246 0.583521 -0.403837
-0.159467 0.584337 -0.403302
-0.159336 0.583818 -0.402457
-0.159115 0.583002 -0.402992
-0.159291 0.583669 -0.403147
INDEX = 14
4 5 7
6 7 5
1 2 5
6 5 2
0 1 4
5 4 1
7 6 3
2 3 6
4 7 0
3 0 7
8 1 0
8 2 1
8 3 2
8 0 3
FACE-NORMAL = 14
0.966425 0.256833 0.00768038
0.966425 0.256833 0.00768038
0.810745 -0.43431 -0.392513
0.810746 -0.43431 -0.392513
0.743979 -0.21375 0.633093
0.743979 -0.21375 0.633093
0.54903 0.557374 -0.622816
0.54903 0.557374 -0.622816
0.482263 0.777935 0.402789
0.482263 0.777935 0.402789
-0.776095 0.185183 -0.602814
-0.839611 0.395005 0.37286
-0.590637 -0.548399 0.591951
-0.527121 -0.758222 -0.383722
BONE = 29
BONE_NAME = Ref_Weapon Right
PARENT_ID = 28
LOCALTM 
MAT 1.3113e-006 -0.996194 -0.0871558 0.0
MAT 1.78814e-007 -0.0871562 0.996195 0.0
MAT -1.0 -3.12924e-007 0.0 0.0
MAT 0.113656 0.0 1.78814e-007 1.0
WORLDTM 
MAT 0.966426 0.256833 0.00768039 0.0
MAT -0.131138 0.51872 -0.844826 0.0
MAT -0.220964 0.815454 0.534984 0.0
MAT -0.159291 0.583669 -0.403147 1.0
VERTEX = 9
-0.130675 0.578688 -0.057854
-0.130203 0.588655 -0.0571932
-0.129173 0.587948 -0.0472716
-0.129645 0.577981 -0.0479324
-0.134967 0.583055 -0.0525617
-0.13492 0.584052 -0.0524956
-0.134816 0.583981 -0.0515034
-0.134864 0.582984 -0.0515695
-0.134892 0.583518 -0.0520326
INDEX = 14
4 5 7
6 7 5
1 2 5
6 5 2
0 1 4
5 4 1
7 6 3
2 3 6
4 7 0
3 0 7
8 1 0
8 2 1
8 3 2
8 0 3
FACE-NORMAL = 14
0.993555 -0.0400211 -0.106051
0.993555 -0.0400211 -0.106051
0.62957 -0.767612 -0.120058
0.62957 -0.767612 -0.120058
0.741254 -0.0792901 0.666525
0.741254 -0.0792901 0.666525
0.588053 0.0257447 -0.808413
0.588052 0.0257447 -0.808413
0.699737 0.714067 -0.0218312
0.699737 0.714067 -0.0218312
-0.775421 0.0782598 -0.626576
-0.669174 0.733071 0.121712
-0.629678 -0.0216614 0.776554
-0.735925 -0.676473 0.0282673
BONE = 30
BONE_NAME = HitTestFuzzy02
PARENT_ID = 27
LOCALTM 
MAT -0.071642 -0.940135 -0.333187 0.0
MAT 0.970561 0.0113049 -0.240591 0.0
MAT 0.229954 -0.340614 0.911648 0.0
MAT 0.0 0.0 0.0 1.0
WORLDTM 
MAT 0.993555 -0.0400211 -0.106051 0.0
MAT -0.103056 0.0706549 -0.992163 0.0
MAT 0.0472001 0.996698 0.0660753 0.0
MAT -0.134892 0.583518 -0.0520326 1.0
VERTEX = 9
0.0711613 0.393586 -0.13185
0.0719335 0.395575 -0.12208
0.0812627 0.391974 -0.122084
0.0804905 0.389985 -0.131854
0.0739484 0.388303 -0.126388
0.0740256 0.388502 -0.125411
0.0749586 0.388142 -0.125412
0.0748813 0.387943 -0.126389
0.0744535 0.388223 -0.1259
INDEX = 14
4 5 7
6 7 5
1 2 5
6 5 2
0 1 4
5 4 1
7 6 3
2 3 6
4 7 0
3 0 7
8 1 0
8 2 1
8 3 2
8 0 3
FACE-NORMAL = 14
0.351702 0.911464 -0.213397
0.351702 0.911464 -0.213397
0.177879 0.461869 -0.868928
0.177879 0.46187 -0.868928
0.928711 0.342092 -0.143065
0.928711 0.342093 -0.143066
-0.458159 0.877383 -0.142445
-0.458159 0.877383 -0.142445
0.292674 0.757605 0.583417
0.292674 0.757605 0.583418
-0.908366 -0.389888 0.15119
-0.194088 -0.503834 0.841713
0.410984 -0.899117 0.150599
-0.303294 -0.785172 -0.539924
BONE = 31
BONE_NAME = BoneStockL01
PARENT_ID = 1
LOCALTM 
MAT 0.502261 0.443277 -1.11097 0.0
MAT 0.168324 -1.21914 -0.410339 0.0
MAT -1.18423 0.0147185 -0.529511 0.0
MAT 0.215173 0.104097 -0.0355742 1.0
WORLDTM 
MAT 0.351702 0.911464 -0.213397 0.0
MAT -0.932922 0.360079 0.000417501 0.0
MAT 0.0772205 0.198936 0.976965 0.0
MAT 0.0744535 0.388223 -0.1259 1.0
VERTEX = 9
0.144393 0.583373 -0.177443
0.14799 0.592691 -0.176951
0.157319 0.58909 -0.176956
0.153723 0.579773 -0.177447
0.150123 0.585716 -0.17223
0.150483 0.586648 -0.172181
0.151416 0.586288 -0.172181
0.151056 0.585356 -0.17223
0.15077 0.586002 -0.172205
INDEX = 14
4 5 7
6 7 5
1 2 5
6 5 2
0 1 4
5 4 1
7 6 3
2 3 6
4 7 0
3 0 7
8 1 0
8 2 1
8 3 2
8 0 3
FACE-NORMAL = 14
0.0173158 0.0460203 -0.99879
0.0173158 0.0460203 -0.99879
-0.255752 -0.661805 -0.704702
-0.255752 -0.661805 -0.704702
0.705019 -0.236859 -0.668466
0.705019 -0.236859 -0.668466
-0.681851 0.298431 -0.667845
-0.681852 0.298431 -0.667845
0.278919 0.723377 -0.631609
0.278919 0.723377 -0.631609
-0.671919 0.222073 0.706547
0.242076 0.626331 0.741019
0.647431 -0.287156 0.705956
-0.266564 -0.691413 0.671484
BONE = 32
BONE_NAME = BoneStockL02
PARENT_ID = 31
LOCALTM 
MAT 0.261175 -2.92435e-007 -0.965291 0.0
MAT 0.0 1.0 0.0 0.0
MAT 0.965291 0.0 0.261175 0.0
MAT 0.216991 0.0 -1.19209e-007 1.0
WORLDTM 
MAT 0.0173158 0.0460203 -0.99879 0.0
MAT -0.932922 0.360079 0.00041759 0.0
MAT 0.359663 0.931786 0.0491683 0.0
MAT 0.15077 0.586002 -0.172205 1.0
VERTEX = 9
0.148792 0.595112 -0.471311
0.150922 0.600639 -0.479367
0.160252 0.597039 -0.479371
0.158122 0.591511 -0.471315
0.155401 0.599736 -0.471976
0.155614 0.600289 -0.472782
0.156547 0.599929 -0.472782
0.156334 0.599376 -0.471977
0.155974 0.599833 -0.472379
INDEX = 14
4 5 7
6 7 5
1 2 5
6 5 2
0 1 4
5 4 1
7 6 3
2 3 6
4 7 0
3 0 7
8 1 0
8 2 1
8 3 2
8 0 3
FACE-NORMAL = 14
-0.29033 -0.751518 -0.592393
-0.29033 -0.751518 -0.592393
-0.352539 -0.913615 0.202544
-0.352539 -0.913615 0.202544
0.499214 -0.770385 -0.396601
0.499214 -0.770385 -0.396601
-0.887655 -0.235093 -0.39598
-0.887655 -0.235093 -0.39598
-0.0359014 -0.0918628 -0.995124
-0.0359013 -0.0918627 -0.995124
-0.454381 0.786019 0.419181
0.355905 0.922276 -0.150794
0.864969 0.276787 0.41859
0.0546829 0.140531 0.988565
BONE = 33
BONE_NAME = BoneStockL03
PARENT_ID = 32
LOCALTM 
MAT 0.552065 1.3411e-006 -0.833801 0.0
MAT -1.30385e-007 1.0 1.90735e-006 0.0
MAT 0.833802 -1.11759e-006 0.552065 0.0
MAT 0.300537 0.0 0.0 1.0
WORLDTM 
MAT -0.290329 -0.751517 -0.592393 0.0
MAT -0.932921 0.360081 0.000417814 0.0
MAT 0.212996 0.552777 -0.805649 0.0
MAT 0.155974 0.599833 -0.472379 1.0
VERTEX = 9
0.12136 0.504849 -0.549033
0.123091 0.512701 -0.543087
0.121536 0.506958 -0.53505
0.119805 0.499106 -0.540996
0.116576 0.506956 -0.542854
0.116749 0.507741 -0.54226
0.116594 0.507167 -0.541456
0.116421 0.506382 -0.542051
0.116585 0.507061 -0.542155
INDEX = 14
4 5 7
6 7 5
1 2 5
6 5 2
0 1 4
5 4 1
7 6 3
2 3 6
4 7 0
3 0 7
8 1 0
8 2 1
8 3 2
8 0 3
FACE-NORMAL = 14
0.972557 -0.231554 0.0226879
0.972557 -0.231554 0.0226879
0.521962 -0.738527 -0.426772
0.521962 -0.738527 -0.426772
0.53503 -0.581804 0.612574
0.53503 -0.581804 0.612574
0.766183 0.272 -0.582219
0.766183 0.272 -0.582219
0.779252 0.428722 0.457126
0.779251 0.428722 0.457126
-0.577752 0.569852 -0.584355
-0.56532 0.718945 0.404391
-0.797652 -0.242385 0.55227
-0.810084 -0.391476 -0.436475
BONE = 34
BONE_NAME = Ref_Weapon Left
PARENT_ID = 33
LOCALTM 
MAT -0.121786 -0.990689 0.0608741 0.0
MAT -0.000653833 0.0614113 0.998112 0.0
MAT -0.992556 0.121514 -0.00812688 0.0
MAT 0.12249 0.00331214 -0.00345647 1.0
WORLDTM 
MAT 0.972558 -0.231555 0.0226879 0.0
MAT 0.155492 0.574338 -0.803715 0.0
MAT 0.173075 0.785185 0.594582 0.0
MAT 0.116585 0.507061 -0.542155 1.0
VERTEX = 9
0.155615 0.580257 -0.176509
0.155442 0.590106 -0.178232
