EXPORTER_V17
ANIMATION_EXPORT
BONEOBJECT_COUNT = 44
VERTEX = 9
0.005 0.005 -0.005
0.005 0.005 0.005
0.005 -0.005 0.005
0.005 -0.005 -0.005
0.0 0.0005 -0.0005
0.0 0.0005 0.0005
0.0 -0.0005 0.0005
0.0 -0.0005 -0.0005
0.0 0.0 0.0
INDEX = 14
4 5 7
6 7 5
1 2 5
6 5 2
0 1 4
5 4 1
7 6 3
2 3 6
4 7 0
3 0 7
8 1 0
8 2 1
8 3 2
8 0 3
FACE-NORMAL = 14
1.0 0.0 0.0
1.0 0.0 0.0
0.668965 0.0 -0.743294
0.668965 0.0 -0.743294
0.668965 -0.743294 0.0
0.668965 -0.743294 0.0
0.668965 0.743294 0.0
0.668965 0.743294 0.0
0.668965 0.0 0.743294
0.668965 0.0 0.743294
-0.707107 0.707107 0.0
-0.707107 0.0 0.707107
-0.707107 -0.707107 0.0
-0.707107 0.0 -0.707107
BONE = 0
BONE_NAME = Dummy01
PARENT_ID = -1
LOCALTM 
MAT 1.0 0.0 0.0 0.0
MAT 0.0 1.0 0.0 0.0
MAT 0.0 0.0 1.0 0.0
MAT 0.0 0.0 0.0 1.0
WORLDTM 
MAT 1.0 0.0 0.0 0.0
MAT 0.0 1.0 0.0 0.0
MAT 0.0 0.0 1.0 0.0
MAT 0.0 0.0 0.0 1.0
VERTEX = 9
0.00717375 0.361802 0.0605867
0.00676062 0.354708 0.0575995
-0.000919555 0.354889 0.0582315
-0.000506428 0.361983 0.0612188
0.00378749 0.357186 0.0630657
0.00374618 0.356477 0.062767
0.00297816 0.356495 0.0628302
0.00301948 0.357204 0.0631289
0.00338283 0.35684 0.062948
INDEX = 14
4 5 7
6 7 5
1 2 5
6 5 2
0 1 4
5 4 1
7 6 3
2 3 6
4 7 0
3 0 7
8 1 0
8 2 1
8 3 2
8 0 3
FACE-NORMAL = 14
-0.066353 0.390523 -0.918199
-0.066353 0.390523 -0.918199
-0.0045507 0.945295 -0.326186
-0.00455071 0.945295 -0.326186
-0.784973 0.278711 -0.553297
-0.784973 0.278711 -0.553297
0.696197 0.243781 -0.675189
0.696198 0.243781 -0.675189
-0.084225 -0.422802 -0.9023
-0.084225 -0.422802 -0.902299
0.751449 -0.292756 0.591286
0.00902102 -0.926887 0.375232
-0.657611 -0.259527 0.707243
0.0848164 0.374604 0.923297
BONE = 1
BONE_NAME = Bone_Pelvis
PARENT_ID = 0
LOCALTM 
MAT -0.0511467 0.301026 -0.707772 0.0
MAT 0.768017 -0.0181119 -0.0632035 0.0
MAT -0.0413127 -0.709386 -0.298727 0.0
MAT 0.00338283 0.35684 0.062948 1.0
WORLDTM 
MAT -0.0511467 0.301026 -0.707772 0.0
MAT 0.768017 -0.0181119 -0.0632035 0.0
MAT -0.0413127 -0.709386 -0.298727 0.0
MAT 0.00338283 0.35684 0.062948 1.0
VERTEX = 9
-0.00517731 0.429351 -0.108854
-0.00507094 0.422381 -0.105564
-0.0127511 0.422562 -0.104932
-0.0128575 0.429532 -0.108222
-0.00826111 0.427939 -0.103618
-0.00825048 0.427242 -0.103289
-0.00901849 0.427261 -0.103226
-0.00902913 0.427958 -0.103555
-0.0086398 0.4276 -0.103422
INDEX = 14
4 5 7
6 7 5
1 2 5
6 5 2
0 1 4
5 4 1
7 6 3
2 3 6
4 7 0
3 0 7
8 1 0
8 2 1
8 3 2
8 0 3
FACE-NORMAL = 14
-0.0841711 -0.42638 -0.90062
-0.0841711 -0.42638 -0.90062
-0.0665643 0.386883 -0.919723
-0.0665644 0.386883 -0.919723
-0.796893 -0.267768 -0.541537
-0.796893 -0.267768 -0.541537
0.684278 -0.302698 -0.663429
0.684278 -0.302698 -0.663429
-0.0460507 -0.957349 -0.285242
-0.0460506 -0.957349 -0.285242
0.764048 0.284881 0.578855
0.0692754 -0.337898 0.93863
-0.645012 0.318111 0.694813
0.0497605 0.940889 0.335039
BONE = 2
BONE_NAME = Bone_Chest
PARENT_ID = 1
LOCALTM 
MAT 0.666022 0.0 0.745932 0.0
MAT 0.0 1.0 0.0 0.0
MAT -0.745933 0.0 0.666022 0.0
MAT 0.235062 0.0 0.0 1.0
WORLDTM 
MAT -0.0648813 -0.328665 -0.694221 0.0
MAT 0.768018 -0.0181119 -0.0632035 0.0
MAT 0.0106368 -0.697011 0.328991 0.0
MAT -0.0086398 0.4276 -0.103422 1.0
VERTEX = 9
-0.013994 0.382064 -0.206491
-0.0139898 0.378348 -0.199738
-0.0216972 0.378444 -0.19968
-0.0217014 0.38216 -0.206434
-0.0174249 0.382585 -0.202243
-0.0174245 0.382214 -0.201568
-0.0181952 0.382224 -0.201562
-0.0181956 0.382595 -0.202237
-0.0178101 0.382405 -0.201903
INDEX = 14
4 5 7
6 7 5
1 2 5
6 5 2
0 1 4
5 4 1
7 6 3
2 3 6
4 7 0
3 0 7
8 1 0
8 2 1
8 3 2
8 0 3
FACE-NORMAL = 14
-0.0144801 -0.876054 -0.481996
-0.0144801 -0.876054 -0.481996
-0.0100946 -0.227742 -0.973669
-0.0100946 -0.227742 -0.973669
-0.752903 -0.576816 -0.316893
-0.752903 -0.576816 -0.316893
0.733529 -0.595283 -0.327983
0.733529 -0.595283 -0.327983
-0.00927879 -0.944357 0.328793
-0.00927879 -0.944357 0.328793
0.717272 0.61068 0.335547
0.010627 0.278601 0.960348
-0.696793 0.628248 0.346098
0.00985095 0.960327 -0.278703
BONE = 3
BONE_NAME = Bone_Head
PARENT_ID = 2
LOCALTM 
MAT 0.5151 0.0290893 0.373341 0.0
MAT -0.0721465 0.997155 0.0218464 0.0
MAT -0.583579 -0.0599653 0.809839 0.0
MAT 0.141064 0.0 -0.00167453 1.0
WORLDTM 
MAT -0.00710812 -0.430045 -0.236606 0.0
MAT 0.770746 -0.00957556 -0.00575078 0.0
MAT 0.000423014 -0.371579 0.675353 0.0
MAT -0.0178101 0.382405 -0.201903 1.0
VERTEX = 9
-0.0105809 0.396283 -0.245402
-0.0151826 0.407105 -0.23809
-0.0129518 0.395072 -0.232026
-0.00835007 0.38425 -0.239338
-0.0147527 0.395433 -0.239691
-0.0152128 0.396515 -0.238959
-0.0149898 0.395312 -0.238353
-0.0145296 0.39423 -0.239084
-0.0148712 0.395372 -0.239022
INDEX = 14
4 5 7
6 7 5
1 2 5
6 5 2
0 1 4
5 4 1
7 6 3
2 3 6
4 7 0
3 0 7
8 1 0
8 2 1
8 3 2
8 0 3
FACE-NORMAL = 14
0.990397 0.0973219 0.098195
0.990397 0.0973219 0.098195
0.830265 -0.470827 -0.298298
0.830265 -0.470827 -0.298298
0.741107 -0.557524 0.37407
0.741107 -0.557524 0.37407
0.576508 0.767034 -0.281598
0.576508 0.767034 -0.281598
0.464608 0.722297 0.512275
0.464608 0.722297 0.512275
-0.771002 0.52372 -0.362315
-0.853375 0.441419 0.277308
-0.623284 -0.737299 0.260588
-0.520654 -0.69531 -0.495443
BONE = 4
BONE_NAME = Ref_Head
PARENT_ID = 3
LOCALTM 
MAT -0.187667 0.803926 0.0322607 0.0
MAT -1.5454 -0.302897 -1.44184 0.0
MAT -2.63566 -0.621444 0.153965 0.0
MAT 0.0132174 0.00396251 -0.0502982 1.0
WORLDTM 
MAT 0.62097 0.0610199 0.0615674 0.0
MAT -0.223081 1.20325 -0.606358 0.0
MAT -0.460176 1.08219 0.731168 0.0
MAT -0.0148712 0.395372 -0.239022 1.0
VERTEX = 9
-0.10684 0.395927 0.00420554
-0.107011 0.390846 0.00999949
-0.114717 0.390981 0.0098916
-0.114547 0.396062 0.00409764
-0.11037 0.396599 0.0093057
-0.110387 0.396091 0.0098851
-0.111157 0.396104 0.00987431
-0.11114 0.396612 0.00929492
-0.110763 0.396352 0.00959001
INDEX = 14
4 5 7
6 7 5
1 2 5
6 5 2
0 1 4
5 4 1
7 6 3
2 3 6
4 7 0
3 0 7
8 1 0
8 2 1
8 3 2
8 0 3
FACE-NORMAL = 14
-0.00395882 -0.751775 -0.659408
-0.00395882 -0.751775 -0.659408
0.0137709 -0.0129415 -0.999821
0.0137709 -0.0129417 -0.999821
-0.745755 -0.489872 -0.451525
-0.745755 -0.489872 -0.451525
0.740458 -0.51595 -0.430717
0.740459 -0.51595 -0.430716
-0.0190675 -0.99288 0.11758
-0.0190675 -0.99288 0.11758
0.709728 0.519181 0.476169
-0.0128205 0.06547 0.997772
-0.704129 0.543989 0.456374
0.0184191 0.9977 -0.0652287
BONE = 5
BONE_NAME = Bone_Leg Right Front
PARENT_ID = 2
LOCALTM 
MAT 0.914749 0.0677875 0.398292 0.0
MAT -0.0892765 0.99537 0.0356321 0.0
MAT -0.394032 -0.0681521 0.916566 0.0
MAT -0.103605 -0.143072 0.097403 1.0
WORLDTM 
MAT -0.00305156 -0.579487 -0.508288 0.0
MAT 0.770633 -0.013522 0.0107894 0.0
MAT -0.0170274 -0.508118 0.579396 0.0
MAT -0.110763 0.396352 0.00959001 1.0
VERTEX = 9
-0.107411 0.28404 -0.0939012
-0.10762 0.278967 -0.0881008
-0.115325 0.279128 -0.0882381
-0.115116 0.2842 -0.0940384
-0.110957 0.28473 -0.0888153
-0.110978 0.284223 -0.0882353
-0.111748 0.284239 -0.088249
-0.111727 0.284746 -0.0888291
-0.111353 0.284485 -0.0885322
INDEX = 14
4 5 7
6 7 5
1 2 5
6 5 2
0 1 4
5 4 1
7 6 3
2 3 6
4 7 0
3 0 7
8 1 0
8 2 1
8 3 2
8 0 3
FACE-NORMAL = 14
-0.00398419 -0.752686 -0.658367
-0.00398419 -0.752686 -0.658367
0.0175059 -0.0143967 -0.999743
0.0175059 -0.0143969 -0.999743
-0.74568 -0.488012 -0.453659
-0.74568 -0.488012 -0.453659
0.740349 -0.519029 -0.42719
0.740349 -0.519029 -0.42719
-0.0228365 -0.992644 0.118894
-0.0228365 -0.992644 0.118894
0.709658 0.517476 0.478126
-0.0163719 0.0669187 0.997624
-0.704024 0.546983 0.452946
0.0220064 0.99754 -0.0665521
BONE = 6
BONE_NAME = Bone_Leg Right Front 01
PARENT_ID = 5
LOCALTM 
MAT 0.999997 5.18095e-006 0.0013831 0.0
MAT -1.23009e-005 0.999989 0.00505501 0.0
MAT -0.00138354 -0.00505484 0.999987 0.0
MAT 0.193044 0.0 0.0 1.0
WORLDTM 
MAT -0.00307111 -0.580189 -0.507485 0.0
MAT 0.770538 -0.0160832 0.0137244 0.0
MAT -0.0209184 -0.507242 0.580037 0.0
MAT -0.111353 0.284485 -0.0885322 1.0
VERTEX = 9
-0.108057 0.165348 -0.19949
-0.108252 0.15823 -0.196539
-0.115958 0.158421 -0.196588
-0.115763 0.165539 -0.199539
-0.111599 0.163706 -0.194623
-0.111618 0.162994 -0.194328
-0.112389 0.163014 -0.194333
-0.112369 0.163725 -0.194628
-0.111994 0.16336 -0.194478
INDEX = 14
4 5 7
6 7 5
1 2 5
6 5 2
0 1 4
5 4 1
7 6 3
2 3 6
4 7 0
3 0 7
8 1 0
8 2 1
8 3 2
8 0 3
FACE-NORMAL = 14
-0.00361093 -0.382823 -0.923814
-0.00361093 -0.382823 -0.923814
0.0164422 0.430326 -0.902524
0.0164422 0.430326 -0.902524
-0.745465 -0.237646 -0.622741
-0.745465 -0.237646 -0.622741
0.740635 -0.274545 -0.613258
0.740635 -0.274545 -0.613258
-0.0212734 -0.942519 -0.333473
-0.0212734 -0.942519 -0.333473
0.709427 0.253146 0.657746
-0.0153864 -0.382306 0.923908
-0.704322 0.288248 0.648725
0.0204931 0.923703 0.382562
BONE = 7
BONE_NAME = Bone_Foot Right Front
PARENT_ID = 6
LOCALTM 
MAT 0.896368 -0.0120699 -0.443141 0.0
MAT 0.0104995 0.99993 -0.00599527 0.0
MAT 0.44318 0.000722382 0.896432 0.0
MAT 0.208768 0.0 6.85453e-007 1.0
WORLDTM 
MAT -0.00278339 -0.295089 -0.712097 0.0
MAT 0.770577 -0.0191328 0.00491761 0.0
MAT -0.0195563 -0.711847 0.295066 0.0
MAT -0.111994 0.16336 -0.194478 1.0
VERTEX = 9
0.114724 0.389876 -0.0127365
0.114772 0.385771 -0.00621208
0.107124 0.386561 -0.00565865
0.107076 0.390665 -0.0121831
0.111785 0.391622 -0.00751783
0.11179 0.391212 -0.00686538
0.111025 0.391291 -0.00681004
0.111021 0.391701 -0.00746248
0.111405 0.391457 -0.00716393
INDEX = 14
4 5 7
6 7 5
1 2 5
6 5 2
0 1 4
5 4 1
7 6 3
2 3 6
4 7 0
3 0 7
8 1 0
8 2 1
8 3 2
8 0 3
FACE-NORMAL = 14
-0.124913 -0.840225 -0.527653
-0.124913 -0.840225 -0.527653
-0.0882359 -0.166293 -0.982121
-0.0882359 -0.166293 -0.982121
-0.82102 -0.485959 -0.299616
-0.82102 -0.485959 -0.299616
0.653895 -0.638203 -0.406347
0.653895 -0.638203 -0.406347
-0.078889 -0.957869 0.276157
-0.078889 -0.957869 0.276158
0.789881 0.521713 0.32234
0.0927728 0.21761 0.971617
-0.613228 0.666545 0.423875
0.083881 0.970648 -0.225402
BONE = 8
BONE_NAME = Bone_Leg Left Front
PARENT_ID = 2
LOCALTM 
MAT 0.843983 -0.0614506 0.532836 0.0
MAT 0.024817 0.996825 0.0756525 0.0
MAT -0.535794 -0.0506258 0.84283 0.0
MAT -0.105582 0.146031 0.097846 1.0
WORLDTM 
MAT -0.0962862 -0.647667 -0.406729 0.0
MAT 0.764774 -0.0789415 -0.0553423 0.0
MAT 0.00484651 -0.410449 0.652443 0.0
MAT 0.111405 0.391457 -0.00716393 1.0
VERTEX = 9
0.0961958 0.265099 -0.0910667
0.0962053 0.261005 -0.0845354
0.0885574 0.261816 -0.084016
0.0885479 0.26591 -0.0905473
0.0932399 0.266862 -0.0858635
0.0932409 0.266453 -0.0852104
0.0924761 0.266534 -0.0851584
0.0924751 0.266943 -0.0858115
0.092858 0.266698 -0.0855109
INDEX = 14
4 5 7
6 7 5
1 2 5
6 5 2
0 1 4
5 4 1
7 6 3
2 3 6
4 7 0
3 0 7
8 1 0
8 2 1
8 3 2
8 0 3
FACE-NORMAL = 14
-0.124911 -0.840753 -0.526812
-0.124911 -0.840753 -0.526812
-0.0844761 -0.167669 -0.982217
-0.0844761 -0.167669 -0.982217
-0.821033 -0.484247 -0.302339
-0.821033 -0.484247 -0.302339
0.653911 -0.640621 -0.402499
0.653911 -0.640621 -0.402499
-0.082646 -0.957199 0.277379
-0.082646 -0.957199 0.277379
0.789894 0.520122 0.324871
0.0891959 0.218956 0.971649
-0.613243 0.668883 0.420154
0.0874549 0.970048 -0.226624
BONE = 9
BONE_NAME = Bone_Leg Left Front 01
PARENT_ID = 8
LOCALTM 
MAT 0.999999 -4.23193e-006 0.000992805 0.0
MAT -7.97212e-007 0.999987 0.00522142 0.0
MAT -0.000992775 -0.00522128 0.999986 0.0
MAT 0.192627 0.0 0.0 1.0
WORLDTM 
MAT -0.0962845 -0.648073 -0.40608 0.0
MAT 0.764789 -0.081083 -0.0519346 0.0
MAT 0.000948936 -0.409388 0.653127 0.0
MAT 0.092858 0.266698 -0.0855109 1.0
VERTEX = 9
0.076497 0.132257 -0.175746
0.0761298 0.125793 -0.171563
0.0684512 0.12641 -0.171284
0.0688185 0.132874 -0.175468
0.0731606 0.131703 -0.170504
0.0731239 0.131056 -0.170086
0.0723561 0.131118 -0.170058
0.0723928 0.131765 -0.170476
0.0727583 0.13141 -0.170281
INDEX = 14
4 5 7
6 7 5
1 2 5
6 5 2
0 1 4
5 4 1
7 6 3
2 3 6
4 7 0
3 0 7
8 1 0
8 2 1
8 3 2
8 0 3
FACE-NORMAL = 14
-0.0737398 -0.538899 -0.839137
-0.0737398 -0.538899 -0.839137
-0.0139123 0.262793 -0.964752
-0.0139123 0.262793 -0.964752
-0.789753 -0.301037 -0.534477
-0.789753 -0.301037 -0.534478
0.691094 -0.419972 -0.588228
0.691094 -0.419972 -0.588228
-0.0847464 -0.983803 -0.157953
-0.0847464 -0.983803 -0.157953
0.756518 0.324487 0.567792
0.0184491 -0.211893 0.977119
-0.652234 0.437631 0.618926
0.0858347 0.974013 0.209599
BONE = 10
BONE_NAME = Bone_Foot Left Front
PARENT_ID = 9
LOCALTM 
MAT 0.904359 0.0400614 -0.424885 0.0
MAT -0.0381163 0.999189 0.0130805 0.0
MAT 0.425065 0.00436626 0.905153 0.0
MAT 0.208753 0.0 6.25849e-007 1.0
WORLDTM 
MAT -0.0568404 -0.415396 -0.646827 0.0
MAT 0.767852 -0.0616702 -0.027871 0.0
MAT -0.0367289 -0.646386 0.418342 0.0
MAT 0.0727583 0.13141 -0.170281 1.0
VERTEX = 9
0.00809635 0.327972 0.073167
0.00753475 0.33451 0.0772123
-0.000106057 0.333587 0.0776421
0.000455545 0.32705 0.0735968
0.00398098 0.332488 0.0719071
0.00392482 0.333142 0.0723116
0.00316074 0.33305 0.0723546
0.0032169 0.332396 0.0719501
0.00357086 0.332769 0.0721309
INDEX = 14
4 5 7
6 7 5
1 2 5
6 5 2
0 1 4
5 4 1
7 6 3
2 3 6
4 7 0
3 0 7
8 1 0
8 2 1
8 3 2
8 0 3
FACE-NORMAL = 14
0.110085 -0.516146 0.849396
0.110085 -0.516146 0.849396
0.127798 -0.975672 0.178134
0.127798 -0.975672 0.178134
-0.663146 -0.434224 0.609661
-0.663146 -0.434225 0.609661
0.810432 -0.256343 0.526771
0.810432 -0.256343 0.526771
0.019489 0.285105 0.958298
0.019489 0.285105 0.958298
0.623076 0.449581 -0.640041
-0.12936 0.964668 -0.229523
-0.77876 0.28036 -0.561187
-0.0263243 -0.234727 -0.971705
BONE = 11
BONE_NAME = Bone_Tail
PARENT_ID = 1
LOCALTM 
MAT -0.988786 0.0521661 0.13993 0.0
MAT 0.0321542 0.989396 -0.141638 0.0
MAT -0.145835 -0.13555 -0.979979 0.0
MAT -0.0231499 0.0 0.024109 1.0
WORLDTM 
MAT 0.0848567 -0.397859 0.654737 0.0
MAT 0.76408 0.0922352 -0.0429802 0.0
MAT -0.0561602 0.653738 0.404531 0.0
MAT 0.00357086 0.332769 0.0721309 1.0
VERTEX = 9
0.0276057 0.234723 0.229079
0.0271223 0.241365 0.232962
0.0194293 0.240968 0.232683
0.0199127 0.234326 0.228801
0.0239461 0.239479 0.227374
0.0238978 0.240143 0.227763
0.0231285 0.240104 0.227735
0.0231768 0.239439 0.227347
0.0235373 0.239791 0.227555
INDEX = 14
4 5 7
6 7 5
1 2 5
6 5 2
0 1 4
5 4 1
7 6 3
2 3 6
4 7 0
3 0 7
8 1 0
8 2 1
8 3 2
8 0 3
FACE-NORMAL = 14
-0.00514255 -0.504905 0.86316
-0.00514255 -0.504905 0.86316
0.0431751 -0.978212 0.203071
0.0431751 -0.978212 0.203071
-0.745261 -0.376074 0.550594
-0.745261 -0.376074 0.550594
0.738381 -0.299453 0.604253
0.738381 -0.299453 0.604253
-0.0500555 0.302684 0.951775
-0.0500555 0.302685 0.951775
0.709342 0.393467 -0.584823
-0.0407095 0.966289 -0.254219
-0.702069 0.320576 -0.635869
0.0479821 -0.252246 -0.966473
BONE = 12
BONE_NAME = Bone_Tail 01
PARENT_ID = 11
LOCALTM 
MAT 0.993202 -0.113642 0.025152 0.0
MAT 0.113923 0.993439 -0.010057 0.0
MAT -0.0238441 0.0128534 0.999633 0.0
MAT 0.236375 0.0 0.00163144 1.0
WORLDTM 
MAT -0.00396401 -0.389194 0.665345 0.0
MAT 0.769299 0.03973 0.0278233 0.0
MAT -0.0483419 0.664171 0.388218 0.0
MAT 0.0235373 0.239791 0.227555 1.0
VERTEX = 9
0.0266448 0.136871 0.395054
0.0265988 0.142964 0.399775
0.0189047 0.142643 0.400114
0.0189507 0.13655 0.395393
0.0229294 0.141823 0.394289
0.0229248 0.142433 0.394761
0.0221554 0.142401 0.394795
0.02216 0.141791 0.394323
0.0225424 0.142112 0.394542
INDEX = 14
4 5 7
6 7 5
1 2 5
6 5 2
0 1 4
5 4 1
7 6 3
2 3 6
4 7 0
3 0 7
8 1 0
8 2 1
8 3 2
8 0 3
FACE-NORMAL = 14
0.060296 -0.611134 0.789227
0.060296 -0.611134 0.789227
0.0447714 -0.99635 0.0726811
0.0447714 -0.99635 0.0726813
-0.701593 -0.439778 0.560681
-0.701593 -0.439778 0.560681
0.782264 -0.377876 0.49525
0.782264 -0.377876 0.49525
0.0359004 0.178696 0.983249
0.0359003 0.178696 0.983249
0.663172 0.461581 -0.589191
-0.0468552 0.991056 -0.124949
-0.748443 0.402693 -0.526945
-0.0384161 -0.126782 -0.991186
BONE = 13
BONE_NAME = Bone_Tail 02
PARENT_ID = 12
LOCALTM 
MAT 0.989481 0.0571646 -0.132869 0.0
MAT -0.0641484 0.996744 -0.0488875 0.0
MAT 0.129643 0.0568948 0.989928 0.0
MAT 0.250979 0.0 0.0 1.0
WORLDTM 
MAT 0.0464775 -0.471076 0.608355 0.0
MAT 0.769412 0.0320971 -0.0339271 0.0
MAT -0.00459981 0.609285 0.472149 0.0
MAT 0.0225424 0.142112 0.394542 1.0
VERTEX = 9
0.0379204 0.0277371 0.550806
0.0364719 0.0353032 0.550537
0.0289542 0.0338334 0.549675
0.0304027 0.0262672 0.549945
0.0343339 0.0304299 0.54647
0.0341891 0.0311865 0.546443
0.0334373 0.0310395 0.546357
0.0335822 0.0302829 0.546384
0.0338856 0.0307347 0.546413
INDEX = 14
4 5 7
6 7 5
1 2 5
6 5 2
0 1 4
5 4 1
7 6 3
2 3 6
4 7 0
3 0 7
8 1 0
8 2 1
8 3 2
8 0 3
FACE-NORMAL = 14
-0.116322 0.0131034 0.993125
-0.116322 0.0131034 0.993125
0.061862 -0.720826 0.69035
0.0618619 -0.720826 0.69035
-0.802731 -0.132968 0.581329
-0.80273 -0.132968 0.581329
0.6471 0.1505 0.747403
0.647101 0.1505 0.747403
-0.217491 0.738354 0.638382
-0.217491 0.738354 0.638382
0.771875 0.125568 -0.623251
-0.050625 0.684806 -0.726965
-0.607371 -0.144099 -0.78124
0.215128 -0.703334 -0.677526
BONE = 14
BONE_NAME = Bone_Tail 03
PARENT_ID = 13
LOCALTM 
MAT 0.768778 -0.159271 0.619358 0.0
MAT 0.0304395 0.976507 0.213333 0.0
MAT -0.638789 -0.145158 0.755568 0.0
MAT 0.244688 1.38767e-007 0.00638324 1.0
WORLDTM 
MAT -0.0896632 0.0101004 0.765522 0.0
MAT 0.75177 0.146985 0.086113 0.0
MAT -0.144851 0.756616 -0.026945 0.0
MAT 0.0338856 0.0307347 0.546413 1.0
VERTEX = 9
0.0203536 0.0303185 0.682522
0.0196849 0.0377033 0.680416
0.0130666 0.0360771 0.676814
0.0137354 0.0286923 0.67892
0.0190219 0.0321621 0.676713
0.018955 0.0329006 0.676502
0.0182932 0.032738 0.676142
0.01836 0.0319995 0.676352
0.0186575 0.0324501 0.676427
INDEX = 14
4 5 7
6 7 5
1 2 5
6 5 2
0 1 4
5 4 1
7 6 3
2 3 6
4 7 0
3 0 7
8 1 0
8 2 1
8 3 2
8 0 3
FACE-NORMAL = 14
-0.50527 0.194011 0.84087
-0.50527 0.194011 0.84087
-0.273525 -0.582327 0.765558
-0.273525 -0.582327 0.765558
-0.976192 -0.0270249 0.215218
-0.976192 -0.0270249 0.215218
0.300181 0.286599 0.909809
0.300181 0.286599 0.909809
-0.40249 0.841893 0.359468
-0.40249 0.841893 0.359468
0.964394 0.0119906 -0.264199
0.295936 0.540258 -0.787746
-0.249839 -0.286364 -0.924973
0.418623 -0.814624 -0.401425
BONE = 15
BONE_NAME = Bone01
PARENT_ID = 14
LOCALTM 
MAT 0.896406 -0.36184 0.255981 0.0
MAT 0.366917 0.929789 0.0294067 0.0
MAT -0.248649 0.0675639 0.966235 0.0
MAT 0.169837 0.0 0.0 1.0
WORLDTM 
MAT -0.389474 0.149548 0.648163 0.0
MAT 0.661828 0.16262 0.360158 0.0
MAT -0.0668727 0.738488 -0.210564 0.0
MAT 0.0186575 0.0324501 0.676427 1.0
VERTEX = 9
-0.10644 0.301335 0.0443889
-0.106251 0.30387 0.0516656
-0.113924 0.304608 0.0516074
-0.114112 0.302072 0.0443306
-0.10945 0.306428 0.0463661
-0.109431 0.306682 0.0470938
-0.110198 0.306756 0.047088
-0.110217 0.306502 0.0463603
-0.109824 0.306592 0.0467271
INDEX = 14
4 5 7
6 7 5
1 2 5
6 5 2
0 1 4
5 4 1
7 6 3
2 3 6
4 7 0
3 0 7
8 1 0
8 2 1
8 3 2
8 0 3
FACE-NORMAL = 14
-0.0928232 -0.939478 0.329794
-0.0928232 -0.939478 0.329794
-0.0802784 -0.873001 -0.481066
-0.0802784 -0.873001 -0.481066
-0.801957 -0.557349 0.215006
-0.801957 -0.557349 0.215006
0.677766 -0.699607 0.226236
0.677766 -0.699607 0.226236
-0.0439125 -0.383955 0.922307
-0.0439125 -0.383955 0.922307
0.769477 0.596645 -0.227858
0.0829336 0.89693 0.434325
-0.638205 0.731978 -0.238541
0.0483382 0.431693 -0.900724
BONE = 16
BONE_NAME = Bone_Leg Right Rear
PARENT_ID = 1
LOCALTM 
MAT -0.663546 -0.0974516 0.741762 0.0
MAT -0.110354 0.993384 0.0317919 0.0
MAT -0.739952 -0.060761 -0.66991 0.0
MAT 0.00360982 -0.143072 0.0760181 1.0
WORLDTM 
MAT -0.0715506 -0.724175 0.254214 0.0
MAT 0.767267 -0.0737641 0.00582291 0.0
MAT 0.0188564 0.25358 0.727677 0.0
MAT -0.109824 0.306592 0.0467271 1.0
VERTEX = 9
-0.122284 0.142371 0.107837
-0.121452 0.149865 0.106235
-0.129116 0.150686 0.106098
-0.129947 0.143192 0.107699
-0.125377 0.145309 0.103285
-0.125293 0.146059 0.103125
-0.12606 0.146141 0.103111
-0.126143 0.145391 0.103271
-0.125718 0.145725 0.103198
INDEX = 14
4 5 7
6 7 5
1 2 5
6 5 2
0 1 4
5 4 1
7 6 3
2 3 6
4 7 0
3 0 7
8 1 0
8 2 1
8 3 2
8 0 3
FACE-NORMAL = 14
0.00478942 0.208436 0.978024
0.00478942 0.208436 0.978024
-0.0769601 -0.583211 0.808667
-0.0769601 -0.583211 0.808667
-0.735746 0.218578 0.641016
-0.735746 0.218578 0.641016
0.742154 0.0602945 0.667512
0.742154 0.0602945 0.667512
0.083368 0.862084 0.499861
0.083368 0.862084 0.499861
0.699588 -0.222675 -0.678965
0.0728747 0.540079 -0.838453
-0.706361 -0.0720977 -0.704171
-0.0796479 -0.834852 -0.544682
BONE = 17
BONE_NAME = Bone_Leg Right Rear 01
PARENT_ID = 16
LOCALTM 
MAT 0.126281 -0.00779078 0.991964 0.0
MAT 0.0136279 0.999889 0.00611813 0.0
MAT -0.991901 0.0127458 0.126373 0.0
MAT 0.222138 0.0 0.0 1.0
WORLDTM 
MAT 0.00369181 0.160668 0.753887 0.0
MAT 0.766322 -0.0820734 0.0137387 0.0
MAT 0.0831334 0.749415 -0.160122 0.0
MAT -0.125718 0.145725 0.103198 1.0
VERTEX = 9
-0.121602 0.17175 0.245585
-0.121577 0.173317 0.253133
-0.12924 0.174134 0.252989
-0.129266 0.172568 0.245442
-0.124625 0.176575 0.248137
-0.124622 0.176731 0.248892
-0.125388 0.176813 0.248878
-0.125391 0.176656 0.248123
-0.125007 0.176694 0.248507
INDEX = 14
4 5 7
6 7 5
1 2 5
6 5 2
0 1 4
5 4 1
7 6 3
2 3 6
4 7 0
3 0 7
8 1 0
8 2 1
8 3 2
8 0 3
FACE-NORMAL = 14
-0.10761 -0.97338 0.202364
-0.10761 -0.97338 0.202364
-0.0744779 -0.802187 -0.59241
-0.074478 -0.802187 -0.59241
-0.810961 -0.572336 0.121547
-0.810961 -0.572336 0.121547
0.666986 -0.729978 0.149202
0.666986 -0.729978 0.149202
-0.0694968 -0.500127 0.863159
-0.0694968 -0.500127 0.863159
0.779089 0.6133 -0.129939
0.0784612 0.831961 0.549259
-0.626905 0.763267 -0.156247
0.0737225 0.544607 -0.835445
BONE = 18
BONE_NAME = Bone_Leg Right Rear 02
PARENT_ID = 17
LOCALTM 
MAT -0.00548562 0.000265807 -0.999984 0.0
MAT 0.000852467 1.0 0.000260748 0.0
MAT 0.999985 -0.000851957 -0.00548592 0.0
MAT 0.192748 0.0 4.61936e-007 1.0
WORLDTM 
MAT -0.0829486 -0.750306 0.155988 0.0
MAT 0.766347 -0.081741 0.0143396 0.0
MAT 0.00258282 0.156624 0.754742 0.0
MAT -0.125007 0.176694 0.248507 1.0
VERTEX = 9
-0.138522 0.0203627 0.277788
-0.139299 0.0126938 0.277807
-0.146967 0.013471 0.277954
-0.14619 0.02114 0.277935
-0.142248 0.0172637 0.281716
-0.142326 0.0164968 0.281718
-0.143092 0.0165745 0.281733
-0.143015 0.0173414 0.281731
-0.14267 0.0169191 0.281724
INDEX = 14
4 5 7
6 7 5
1 2 5
6 5 2
0 1 4
5 4 1
7 6 3
2 3 6
4 7 0
3 0 7
8 1 0
8 2 1
8 3 2
8 0 3
FACE-NORMAL = 14
-0.0192594 -0.000585129 -0.999814
-0.0192594 -0.000585129 -0.999814
0.0620418 0.739114 -0.670716
0.0620418 0.739114 -0.670717
-0.752255 0.0745555 -0.654641
-0.752254 0.0745555 -0.654641
0.726485 -0.0753382 -0.68304
0.726485 -0.0753382 -0.68304
-0.0878095 -0.739897 -0.666965
-0.0878095 -0.739897 -0.666965
0.716993 -0.0708844 0.693467
-0.0576594 -0.703089 0.70876
-0.689754 0.0717117 0.720484
0.0848964 0.703916 0.705191
BONE = 19
BONE_NAME = Bone_Foot Right Rear
PARENT_ID = 18
LOCALTM 
MAT -0.199685 -0.0376856 -0.979133 0.0
MAT -0.0127619 0.999277 -0.0358601 0.0
MAT 0.979778 0.00533294 -0.200021 0.0
MAT 0.212946 0.0 0.0 1.0
WORLDTM 
MAT -0.0148457 -0.000451032 -0.770682 0.0
MAT 0.766759 -0.0777231 -0.0147266 0.0
MAT -0.0777009 -0.766897 0.00194528 0.0
MAT -0.14267 0.0169191 0.281724 1.0
VERTEX = 9
-0.141285 0.0205786 0.135215
-0.141985 0.012919 0.134709
-0.149661 0.0136106 0.134857
-0.148961 0.0212703 0.135364
-0.145003 0.0171839 0.138899
-0.145073 0.016418 0.138849
-0.14584 0.0164871 0.138864
-0.14577 0.0172531 0.138914
-0.145422 0.0168355 0.138881
INDEX = 14
4 5 7
6 7 5
1 2 5
6 5 2
0 1 4
5 4 1
7 6 3
2 3 6
4 7 0
3 0 7
8 1 0
8 2 1
8 3 2
8 0 3
FACE-NORMAL = 14
-0.0132647 0.0672271 -0.997649
-0.0132647 0.0672271 -0.997649
0.0586303 0.783581 -0.618517
0.0586303 0.783581 -0.618518
-0.749032 0.111667 -0.653056
-0.749032 0.111667 -0.653056
0.731282 -0.0217221 -0.681729
0.731282 -0.0217221 -0.681729
-0.0763773 -0.693634 -0.716267
-0.0763773 -0.693634 -0.716267
0.713503 -0.110985 0.691806
-0.0548379 -0.750186 0.658949
-0.694742 0.0159109 0.719083
0.0735969 0.655111 0.75194
BONE = 20
BONE_NAME = Bone_Foot Right Rear 01
PARENT_ID = 19
LOCALTM 
MAT 0.997676 -0.000915895 -0.0680651 0.0
MAT 0.000157232 0.99994 -0.0111528 0.0
MAT 0.0680736 0.0111147 0.997621 0.0
MAT 0.185346 0.0 0.0 1.0
WORLDTM 
MAT -0.0102247 0.0518201 -0.76901 0.0
MAT 0.767577 -0.0691655 -0.0148686 0.0
MAT -0.0700043 -0.765967 -0.0506861 0.0
MAT -0.145422 0.0168355 0.138881 1.0
VERTEX = 9
0.115959 0.298608 0.0236617
0.11675 0.297315 0.0312195
0.109109 0.296544 0.0318874
0.108318 0.297837 0.0243295
0.112554 0.301459 0.0280435
0.112633 0.30133 0.0287992
0.111869 0.301253 0.028866
0.11179 0.301382 0.0281103
0.112212 0.301356 0.0284548
INDEX = 14
4 5 7
6 7 5
1 2 5
6 5 2
0 1 4
5 4 1
7 6 3
2 3 6
4 7 0
3 0 7
8 1 0
8 2 1
8 3 2
8 0 3
FACE-NORMAL = 14
0.0836061 -0.980744 -0.176496
0.0836061 -0.980744 -0.176496
-0.0203629 -0.531434 -0.846855
-0.0203629 -0.531434 -0.846855
-0.680823 -0.73048 -0.0536672
-0.680822 -0.73048 -0.0536672
0.792682 -0.581687 -0.182472
0.792682 -0.581687 -0.182472
0.132222 -0.780733 0.610716
0.132222 -0.780733 0.610716
0.641765 0.764265 0.0635345
0.0134597 0.57491 0.818106
-0.760002 0.622717 0.186069
-0.131697 0.812072 -0.568503
BONE = 21
BONE_NAME = Bone_Leg Left Rear
PARENT_ID = 1
LOCALTM 
MAT -0.226492 0.120817 0.966491 0.0
MAT 0.0528755 0.992339 -0.111658 0.0
MAT -0.972578 0.0258133 -0.231146 0.0
MAT 0.00360984 0.146031 0.0760181 1.0
WORLDTM 
MAT 0.0644458 -0.755983 -0.136048 0.0
MAT 0.764042 0.0771521 -0.066788 0.0
MAT 0.0791184 -0.129267 0.755781 0.0
MAT 0.112212 0.301356 0.0284548 1.0
VERTEX = 9
0.130905 0.130182 0.00205229
0.13037 0.137852 0.00150215
0.1227 0.13736 0.0020992
0.123235 0.12969 0.00264935
0.126933 0.133118 -0.0017593
0.12688 0.133885 -0.00181431
0.126113 0.133836 -0.00175461
0.126166 0.133069 -0.00169959
0.126523 0.133477 -0.00175695
INDEX = 14
4 5 7
6 7 5
1 2 5
6 5 2
0 1 4
5 4 1
7 6 3
2 3 6
4 7 0
3 0 7
8 1 0
8 2 1
8 3 2
8 0 3
FACE-NORMAL = 14
0.0725157 0.0763851 0.994438
0.0725157 0.0763851 0.994438
0.100087 -0.688504 0.718293
0.100087 -0.688504 0.718294
-0.69103 0.00365692 0.722817
-0.69103 0.00365694 0.722817
0.788052 0.098541 0.607671
0.788052 0.098541 0.607671
-0.00306573 0.790701 0.612194
-0.00306575 0.790701 0.612194
0.65226 -0.00888012 -0.757944
-0.100342 0.649583 -0.753641
-0.754813 -0.0991447 -0.648404
-0.00221115 -0.757607 -0.652707
BONE = 22
BONE_NAME = Bone_Leg Left Rear 01
PARENT_ID = 21
LOCALTM 
MAT -0.244366 -0.00663915 0.96966 0.0
MAT 0.0342571 0.999293 0.0154753 0.0
MAT -0.969078 0.0369987 -0.243965 0.0
MAT 0.222067 0.0 0.0 1.0
WORLDTM 
MAT 0.055897 0.0588797 0.766539 0.0
MAT 0.766935 0.0491993 -0.0597055 0.0
MAT -0.0534866 0.766998 -0.0550145 0.0
MAT 0.126523 0.133477 -0.00175695 1.0
VERTEX = 9
0.140637 0.143148 0.136458
0.141202 0.139502 0.143226
0.133516 0.139095 0.143648
0.132951 0.142741 0.13688
0.137354 0.144714 0.141526
0.13741 0.144349 0.142203
0.136642 0.144308 0.142245
0.136585 0.144673 0.141568
0.136998 0.144511 0.141885
INDEX = 14
4 5 7
6 7 5
1 2 5
6 5 2
0 1 4
5 4 1
7 6 3
2 3 6
4 7 0
3 0 7
8 1 0
8 2 1
8 3 2
8 0 3
FACE-NORMAL = 14
0.0204504 -0.879484 -0.475489
0.0204504 -0.879484 -0.475489
-0.0407953 -0.236773 -0.970708
-0.0407953 -0.236773 -0.970708
-0.727459 -0.627593 -0.277363
-0.727459 -0.627593 -0.277363
0.754819 -0.549095 -0.358807
0.75482 -0.549095 -0.358807
0.0681564 -0.939915 0.334538
0.0681564 -0.939914 0.334538
0.690597 0.659227 0.297482
0.0373631 0.287435 0.957071
-0.719517 0.584551 0.374961
-0.0662843 0.956344 -0.284629
BONE = 23
BONE_NAME = Bone_Leg Left Rear 02
PARENT_ID = 22
LOCALTM 
MAT -0.53854 0.00104144 -0.842599 0.0
MAT 0.0218585 0.999681 -0.0127352 0.0
MAT 0.842315 -0.0252772 -0.538391 0.0
MAT 0.187391 0.0 4.32134e-007 1.0
WORLDTM 
MAT 0.0157637 -0.677929 -0.366519 0.0
MAT 0.768593 0.0407028 -0.0422304 0.0
MAT 0.0564936 -0.364593 0.676796 0.0
MAT 0.136998 0.144511 0.141885 1.0
VERTEX = 9
0.144396 0.00425218 0.0604362
0.144691 -0.00344957 0.0603214
0.137021 -0.00373292 0.0596063
0.136726 0.00396883 0.0597211
0.140722 0.000588067 0.0638998
0.140752 -0.000182108 0.0638883
0.139985 -0.000210442 0.0638168
0.139955 0.000559733 0.0638283
0.140354 0.000188813 0.0638583
INDEX = 14
4 5 7
6 7 5
1 2 5
6 5 2
0 1 4
5 4 1
7 6 3
2 3 6
4 7 0
3 0 7
8 1 0
8 2 1
8 3 2
8 0 3
FACE-NORMAL = 14
0.0921491 0.0183742 -0.995576
0.0921491 0.0183742 -0.995576
0.0331764 0.754958 -0.654933
0.0331764 0.754958 -0.654933
-0.67794 -0.0150308 -0.734963
-0.67794 -0.0150308 -0.734963
0.801227 0.0396142 -0.597047
0.801228 0.0396142 -0.597047
0.0901125 -0.730374 -0.677077
0.0901125 -0.730374 -0.677077
0.638419 0.0129998 0.769579
-0.0380772 -0.719502 0.693445
-0.768736 -0.0389848 0.638378
-0.0922413 0.693516 0.714511
BONE = 24
BONE_NAME = Bone_Foot Left Rear
PARENT_ID = 23
LOCALTM 
MAT 0.459109 0.147394 -0.876066 0.0
MAT -0.0560935 0.988984 0.136994 0.0
MAT 0.886607 -0.0137546 0.462318 0.0
MAT 0.212887 0.0 0.0 1.0
WORLDTM 
MAT 0.0710308 0.0141633 -0.767415 0.0
MAT 0.76698 0.0283346 0.0715115 0.0
MAT 0.0295226 -0.770175 -0.0114827 0.0
MAT 0.140354 0.000188813 0.0638583 1.0
VERTEX = 9
0.157179 0.00724568 -0.0808614
0.157801 -0.000412817 -0.0814764
0.150129 -0.00099777 -0.0819463
0.149507 0.00666073 -0.0813314
0.153796 0.00321118 -0.077515
0.153859 0.00244533 -0.0775765
0.153091 0.00238684 -0.0776235
0.153029 0.00315269 -0.077562
0.153444 0.00279901 -0.0775692
INDEX = 14
4 5 7
6 7 5
1 2 5
6 5 2
0 1 4
5 4 1
7 6 3
2 3 6
4 7 0
3 0 7
8 1 0
8 2 1
8 3 2
8 0 3
FACE-NORMAL = 14
0.0545272 0.0843113 -0.994946
0.0545272 0.0843113 -0.994946
-0.0234629 0.7949 -0.606287
-0.0234629 0.794899 -0.606287
-0.703288 -4.48153e-006 -0.710905
-0.703288 -4.46663e-006 -0.710905
0.776239 0.112807 -0.620264
0.776239 0.112807 -0.620264
0.0964162 -0.682094 -0.724881
0.0964162 -0.682094 -0.724881
0.665193 -0.00595746 0.746648
0.018465 -0.762161 0.647124
-0.742304 -0.113277 0.660419
-0.0955778 0.642924 0.759943
BONE = 25
BONE_NAME = Bone_Foot Left Rear 01
PARENT_ID = 24
LOCALTM 
MAT 0.997117 -0.0349519 -0.0673316 0.0
MAT 0.0324021 0.99873 -0.0386116 0.0
MAT 0.0685984 0.0363161 0.996982 0.0
MAT 0.184291 0.0 0.0 1.0
WORLDTM 
MAT 0.0420309 0.0649892 -0.766929 0.0
MAT 0.767168 0.0584953 0.0469982 0.0
MAT 0.0621598 -0.76585 -0.0614944 0.0
MAT 0.153444 0.00279901 -0.0775692 1.0
VERTEX = 9
-0.0857426 0.451978 -0.0743524
-0.0840961 0.447677 -0.0654762
-0.0746547 0.450968 -0.0656324
-0.0763012 0.45527 -0.0745086
-0.0793258 0.447321 -0.0727299
-0.0791611 0.44689 -0.0718423
-0.078217 0.44722 -0.0718579
-0.0783816 0.44765 -0.0727455
-0.0787714 0.44727 -0.0722939
INDEX = 14
4 5 7
6 7 5
1 2 5
6 5 2
0 1 4
5 4 1
7 6 3
2 3 6
4 7 0
3 0 7
8 1 0
8 2 1
8 3 2
8 0 3
FACE-NORMAL = 14
-0.285462 0.840612 0.460308
-0.285462 0.840612 0.460308
-0.313347 0.882058 -0.351834
-0.313347 0.882058 -0.351834
0.51081 0.807011 0.296321
0.51081 0.807011 0.296321
-0.892739 0.317668 0.319538
-0.892739 0.317668 0.319538
-0.0685818 0.242621 0.967694
-0.0685818 0.242621 0.967694
-0.465756 -0.827162 -0.314444
0.318277 -0.898555 0.302156
0.869461 -0.361643 -0.33653
0.0854281 -0.290249 -0.95313
BONE = 26
BONE_NAME = BoneStockR01
PARENT_ID = 1
LOCALTM 
MAT -0.0978621 -0.443571 -1.21519 0.0
MAT -0.1041 -1.21201 0.450794 0.0
MAT -1.28942 0.131515 0.055834 0.0
MAT 0.213985 -0.0945615 -0.034258 1.0
WORLDTM 
MAT -0.285462 0.840611 0.460308 0.0
MAT -0.944141 -0.329172 0.0156177 0.0
MAT 0.164649 -0.430137 0.887622 0.0
MAT -0.0787714 0.44727 -0.0722939 1.0
VERTEX = 9
-0.14431 0.621567 0.0185215
-0.1459 0.629487 0.0244165
-0.136482 0.632496 0.0229146
-0.134892 0.624576 0.0170195
-0.139306 0.623829 0.0244668
-0.139465 0.624621 0.0250563
-0.138523 0.624922 0.0249061
-0.138364 0.62413 0.0243166
-0.138914 0.624375 0.0246864
INDEX = 14
4 5 7
6 7 5
1 2 5
6 5 2
0 1 4
5 4 1
7 6 3
2 3 6
4 7 0
3 0 7
8 1 0
8 2 1
8 3 2
8 0 3
FACE-NORMAL = 14
-0.296333 0.531282 -0.793679
-0.296333 0.531282 -0.793679
-0.080034 -0.233248 -0.969118
-0.0800341 -0.233248 -0.969118
0.501763 0.579069 -0.642583
0.501763 0.579069 -0.642583
-0.898235 0.131749 -0.419304
-0.898235 0.131749 -0.419304
-0.316438 0.944066 -0.0927685
-0.316438 0.944066 -0.0927684
-0.456381 -0.588444 0.66742
0.0970914 0.184325 0.978058
0.875458 -0.162902 0.455011
0.321986 -0.935672 0.144374
BONE = 27
BONE_NAME = BoneStockR02
PARENT_ID = 26
LOCALTM 
MAT 0.165857 0.0925012 -0.981802 0.0
MAT 0.085028 0.990542 0.107689 0.0
MAT 0.982477 -0.101342 0.156423 0.0
MAT 0.210686 0.0 0.0 1.0
WORLDTM 
MAT -0.296333 0.531282 -0.793679 0.0
MAT -0.941753 -0.300904 0.150196 0.0
MAT -0.159024 0.791957 0.589504 0.0
MAT -0.138914 0.624375 0.0246864 1.0
VERTEX = 9
-0.232987 0.780184 -0.219726
-0.236164 0.786682 -0.226631
-0.226747 0.789691 -0.228133
-0.223569 0.783193 -0.221228
-0.23073 0.787953 -0.219971
-0.231048 0.788602 -0.220662
-0.230106 0.788903 -0.220812
-0.229788 0.788253 -0.220121
-0.230418 0.788428 -0.220391
INDEX = 14
4 5 7
6 7 5
1 2 5
6 5 2
0 1 4
5 4 1
7 6 3
2 3 6
4 7 0
3 0 7
8 1 0
8 2 1
8 3 2
8 0 3
FACE-NORMAL = 14
0.110182 -0.698018 -0.707553
0.110182 -0.698018 -0.707553
0.309886 -0.949935 0.0399277
0.309886 -0.949935 0.0399275
0.773707 -0.24329 -0.584968
0.773707 -0.24329 -0.584968
-0.626291 -0.690609 -0.361688
-0.626291 -0.690609 -0.361688
-0.16247 0.0160358 -0.986583
-0.16247 0.016036 -0.986583
-0.74383 0.280803 0.60652
-0.30259 0.953045 0.0120477
0.588009 0.706344 0.394111
0.146769 0.0341021 0.988583
BONE = 28
BONE_NAME = BoneStockR03
PARENT_ID = 27
LOCALTM 
MAT 0.158074 5.66244e-007 -0.987427 0.0
MAT 0.0 1.0 3.8743e-007 0.0
MAT 0.987427 5.66244e-007 0.158075 0.0
MAT 0.308787 0.0 -1.19209e-007 1.0
WORLDTM 
MAT 0.110182 -0.698018 -0.707552 0.0
MAT -0.941753 -0.300904 0.150196 0.0
MAT -0.317745 0.64979 -0.690514 0.0
MAT -0.230418 0.788428 -0.220391 1.0
VERTEX = 9
-0.213687 0.710187 -0.308299
-0.214789 0.717167 -0.301223
-0.212444 0.710432 -0.294214
-0.211343 0.703452 -0.301289
-0.217957 0.709082 -0.301513
-0.218067 0.70978 -0.300806
-0.217833 0.709106 -0.300105
-0.217723 0.708408 -0.300812
-0.217895 0.709094 -0.300809
INDEX = 14
4 5 7
6 7 5
1 2 5
6 5 2
0 1 4
5 4 1
7 6 3
2 3 6
4 7 0
3 0 7
8 1 0
8 2 1
8 3 2
8 0 3
FACE-NORMAL = 14
0.965862 0.243126 -0.0894414
0.965862 0.243126 -0.0894414
0.728026 -0.356191 -0.585752
0.728026 -0.356191 -0.585752
0.820398 -0.337998 0.461199
0.820398 -0.337998 0.461199
0.471858 0.663283 -0.580866
0.471857 0.663283 -0.580866
0.56423 0.681476 0.466086
0.56423 0.681476 0.466086
-0.848754 0.304351 -0.432421
-0.760879 0.321658 0.563559
-0.517182 -0.648183 0.558911
-0.605057 -0.665489 -0.43707
BONE = 29
BONE_NAME = Ref_Weapon Right
PARENT_ID = 28
LOCALTM 
MAT -6.4075e-007 -0.996193 -0.087156 0.0
MAT 5.36442e-007 -0.0871551 0.996196 0.0
MAT -1.0 -1.63913e-007 1.2815e-006 0.0
MAT 0.113656 0.0 1.78814e-007 1.0
WORLDTM 
MAT 0.965861 0.243125 -0.0894413 0.0
MAT -0.234458 0.673543 -0.700978 0.0
MAT -0.110182 0.698019 0.707551 0.0
MAT -0.217895 0.709094 -0.300809 1.0
VERTEX = 9
-0.135955 0.621155 0.0172116
-0.134878 0.630622 0.0202491
-0.132278 0.627405 0.0293536
-0.133355 0.617938 0.0263161
-0.139098 0.624063 0.0240793
-0.13899 0.625009 0.024383
-0.13873 0.624688 0.0252935
-0.138838 0.623741 0.0249897
-0.138914 0.624375 0.0246864
INDEX = 14
4 5 7
6 7 5
1 2 5
6 5 2
0 1 4
5 4 1
7 6 3
2 3 6
4 7 0
3 0 7
8 1 0
8 2 1
8 3 2
8 0 3
FACE-NORMAL = 14
0.95959 -0.0190427 -0.280758
0.95959 -0.0190427 -0.280758
0.56191 -0.716378 -0.413594
0.56191 -0.716378 -0.413594
0.835185 -0.251859 0.488911
0.835185 -0.251859 0.488911
0.448679 0.226381 -0.864546
0.448679 0.226381 -0.864546
0.721953 0.6909 0.0379589
0.721953 0.6909 0.037959
-0.862377 0.240943 -0.445256
-0.602407 0.682848 0.41331
-0.494688 -0.214013 0.842308
-0.754658 -0.655917 -0.0162584
BONE = 30
BONE_NAME = HitTestFuzzy02
PARENT_ID = 27
LOCALTM 
MAT -0.0716427 -0.940134 -0.333187 0.0
MAT 0.970561 0.0113046 -0.240591 0.0
MAT 0.229955 -0.340615 0.911648 0.0
MAT 0.0 0.0 0.0 1.0
WORLDTM 
MAT 0.959589 -0.0190427 -0.280758 0.0
MAT -0.259995 0.321703 -0.910445 0.0
MAT 0.107658 0.946649 0.303751 0.0
MAT -0.138914 0.624375 0.0246864 1.0
VERTEX = 9
0.070482 0.448705 -0.0923702
0.0714312 0.453082 -0.0834295
0.0807113 0.449443 -0.0826328
0.0797621 0.445065 -0.0915734
0.0732838 0.444926 -0.0857843
0.0733787 0.445364 -0.0848903
0.0743067 0.445 -0.0848106
0.0742118 0.444562 -0.0857047
0.0737953 0.444963 -0.0852975
INDEX = 14
4 5 7
6 7 5
1 2 5
6 5 2
0 1 4
5 4 1
7 6 3
2 3 6
4 7 0
3 0 7
8 1 0
8 2 1
8 3 2
8 0 3
FACE-NORMAL = 14
0.360269 0.822132 -0.4408
0.360269 0.822132 -0.4408
0.170453 0.224585 -0.959431
0.170453 0.224586 -0.959431
0.930789 0.27946 -0.235656
0.930789 0.27946 -0.235656
-0.448774 0.820495 -0.354103
-0.448774 0.820495 -0.354103
0.311562 0.87537 0.369672
0.311562 0.87537 0.369672
-0.910949 -0.323988 0.255352
-0.18763 -0.271785 0.94389
0.401451 -0.838683 0.368033
-0.321868 -0.890886 -0.320505
BONE = 31
BONE_NAME = BoneStockL01
PARENT_ID = 1
LOCALTM 
MAT 0.91058 0.487506 -0.784981 0.0
MAT 0.359179 -1.20214 -0.329932 0.0
MAT -0.851379 0.0142455 -0.978755 0.0
MAT 0.215173 0.104097 -0.0355742 1.0
WORLDTM 
MAT 0.360269 0.822132 -0.4408 0.0
MAT -0.928007 0.363944 -0.0796775 0.0
MAT 0.0949211 0.43777 0.894062 0.0
MAT 0.0737953 0.444963 -0.0852975 1.0
VERTEX = 9
0.146287 0.62125 -0.187132
0.149749 0.630465 -0.18537
0.159029 0.626825 -0.184574
0.155567 0.617611 -0.186335
0.151333 0.623079 -0.181075
0.15168 0.624001 -0.180899
0.152608 0.623637 -0.180819
0.152261 0.622716 -0.180995
0.15197 0.623358 -0.180947
INDEX = 14
4 5 7
6 7 5
1 2 5
6 5 2
0 1 4
5 4 1
7 6 3
2 3 6
4 7 0
3 0 7
8 1 0
8 2 1
8 3 2
8 0 3
FACE-NORMAL = 14
0.137525 0.135869 -0.981135
0.137525 0.135869 -0.981135
-0.165369 -0.594022 -0.787268
-0.165369 -0.594022 -0.787268
0.781781 -0.179626 -0.597121
0.781781 -0.179626 -0.597121
-0.597783 0.361409 -0.715569
-0.597783 0.361409 -0.715569
0.349367 0.775806 -0.525422
0.349367 0.775806 -0.525422
-0.753444 0.161273 0.637427
0.147593 0.555495 0.818316
0.558955 -0.353422 0.750108
-0.342082 -0.747643 0.569219
BONE = 32
BONE_NAME = BoneStockL02
PARENT_ID = 31
LOCALTM 
MAT 0.593733 -3.50177e-007 -0.804663 0.0
MAT 0.0 1.0 0.0 0.0
MAT 0.804663 0.0 0.593733 0.0
MAT 0.216991 0.0 -1.19209e-007 1.0
WORLDTM 
MAT 0.137525 0.135869 -0.981136 0.0
MAT -0.928007 0.363944 -0.0796775 0.0
MAT 0.346253 0.921458 0.176139 0.0
MAT 0.15197 0.623358 -0.180947 1.0
VERTEX = 9
0.186069 0.659435 -0.476052
0.189127 0.665655 -0.48326
0.198407 0.662016 -0.482463
0.195349 0.655796 -0.475255
0.192685 0.664063 -0.475494
0.192991 0.664685 -0.476215
0.193919 0.664321 -0.476136
0.193613 0.663699 -0.475415
0.193302 0.664192 -0.475815
INDEX = 14
4 5 7
6 7 5
1 2 5
6 5 2
0 1 4
5 4 1
7 6 3
2 3 6
4 7 0
3 0 7
8 1 0
8 2 1
8 3 2
8 0 3
FACE-NORMAL = 14
-0.212785 -0.693303 -0.688515
-0.212785 -0.693303 -0.688515
-0.369662 -0.926118 0.0751982
-0.369662 -0.926118 0.075198
0.547436 -0.734314 -0.401369
0.547435 -0.734314 -0.401369
-0.832127 -0.193277 -0.519816
-0.832127 -0.193277 -0.519816
0.0849707 -0.00147316 -0.996382
0.0849708 -0.00147301 -0.996382
-0.505737 0.747588 0.430513
0.366711 0.930054 -0.0228517
0.806661 0.232891 0.543194
-0.0657878 0.0504252 0.996559
BONE = 33
BONE_NAME = BoneStockL03
PARENT_ID = 32
LOCALTM 
MAT 0.552064 1.19209e-006 -0.833801 0.0
MAT -1.2666e-007 1.0 1.99676e-006 0.0
MAT 0.833802 -8.9407e-007 0.552064 0.0
MAT 0.300538 0.0 0.0 1.0
WORLDTM 
MAT -0.212785 -0.693303 -0.688515 0.0
MAT -0.928007 0.363946 -0.0796771 0.0
MAT 0.305823 0.621991 -0.720832 0.0
MAT 0.193302 0.664192 -0.475815 1.0
VERTEX = 9
0.168689 0.576715 -0.564346
0.169648 0.583988 -0.557551
0.167164 0.577552 -0.550312
0.166205 0.570279 -0.557107
0.163183 0.578283 -0.558625
0.163279 0.57901 -0.557946
0.163031 0.578367 -0.557222
0.162935 0.57764 -0.557901
0.163107 0.578325 -0.557923
INDEX = 14
4 5 7
6 7 5
1 2 5
6 5 2
0 1 4
5 4 1
7 6 3
2 3 6
4 7 0
3 0 7
8 1 0
8 2 1
8 3 2
8 0 3
FACE-NORMAL = 14
0.963895 -0.23826 0.118906
0.963895 -0.23826 0.118906
0.573493 -0.699994 -0.425574
0.573493 -0.699994 -0.425574
0.460181 -0.637788 0.617624
0.460181 -0.637788 0.617624
0.829443 0.319013 -0.458536
0.829442 0.319013 -0.458537
0.71613 0.381219 0.584662
0.71613 0.381219 0.584662
-0.505935 0.623585 -0.595963
-0.61373 0.682763 0.396447
-0.857219 -0.286635 0.427805
-0.749423 -0.345812 -0.564605
BONE = 34
BONE_NAME = Ref_Weapon Left
PARENT_ID = 33
LOCALTM 
MAT -0.121785 -0.990687 0.0608739 0.0
MAT -0.00065577 0.0614115 0.998112 0.0
MAT -0.992557 0.121514 -0.00812769 0.0
MAT 0.12249 0.00331216 -0.00345653 1.0
WORLDTM 
MAT 0.963895 -0.23826 0.118906 0.0
MAT 0.248395 0.643622 -0.723913 0.0
MAT 0.0959496 0.727312 0.679567 0.0
MAT 0.163107 0.578325 -0.557923 1.0
VERTEX = 9
