EXPORTER_V17
ANIMATION_EXPORT
BONEOBJECT_COUNT = 44
VERTEX = 9
0.005 0.005 -0.005
0.005 0.005 0.005
0.005 -0.005 0.005
0.005 -0.005 -0.005
0.0 0.0005 -0.0005
0.0 0.0005 0.0005
0.0 -0.0005 0.0005
0.0 -0.0005 -0.0005
0.0 0.0 0.0
INDEX = 14
4 5 7
6 7 5
1 2 5
6 5 2
0 1 4
5 4 1
7 6 3
2 3 6
4 7 0
3 0 7
8 1 0
8 2 1
8 3 2
8 0 3
FACE-NORMAL = 14
1.0 0.0 0.0
1.0 0.0 0.0
0.668965 0.0 -0.743294
0.668965 0.0 -0.743294
0.668965 -0.743294 0.0
0.668965 -0.743294 0.0
0.668965 0.743294 0.0
0.668965 0.743294 0.0
0.668965 0.0 0.743294
0.668965 0.0 0.743294
-0.707107 0.707107 0.0
-0.707107 0.0 0.707107
-0.707107 -0.707107 0.0
-0.707107 0.0 -0.707107
BONE = 0
BONE_NAME = Dummy01
PARENT_ID = -1
LOCALTM 
MAT 1.0 0.0 0.0 0.0
MAT 0.0 1.0 0.0 0.0
MAT 0.0 0.0 1.0 0.0
MAT 0.0 0.0 0.0 1.0
WORLDTM 
MAT 1.0 0.0 0.0 0.0
MAT 0.0 1.0 0.0 0.0
MAT 0.0 0.0 1.0 0.0
MAT 0.0 0.0 0.0 1.0
VERTEX = 9
0.000799811 0.370033 -0.0603437
0.00079981 0.362808 -0.0576563
-0.00690845 0.362808 -0.0576563
-0.00690845 0.370033 -0.0603437
-0.00266891 0.368125 -0.0555221
-0.00266891 0.367403 -0.0552533
-0.00343973 0.367403 -0.0552533
-0.00343973 0.368125 -0.0555221
-0.00305432 0.367764 -0.0553877
INDEX = 14
4 5 7
6 7 5
1 2 5
6 5 2
0 1 4
5 4 1
7 6 3
2 3 6
4 7 0
3 0 7
8 1 0
8 2 1
8 3 2
8 0 3
FACE-NORMAL = 14
-1.52698e-007 -0.348648 -0.937254
-1.52698e-007 -0.348648 -0.937254
0.0 0.463422 -0.886138
0.0 0.463421 -0.886138
-0.743294 -0.233233 -0.626989
-0.743294 -0.233233 -0.62699
0.743294 -0.233234 -0.62699
0.743294 -0.233234 -0.62699
-1.81027e-007 -0.929889 -0.367841
-1.81027e-007 -0.929889 -0.367841
0.707107 0.246532 0.662738
0.0 -0.416207 0.90927
-0.707107 0.246532 0.662738
1.83011e-007 0.90927 0.416207
BONE = 1
BONE_NAME = Bone_Pelvis
PARENT_ID = 0
LOCALTM 
MAT 0.0 -0.268747 -0.72246 0.0
MAT 0.770826 0.0 0.0 0.0
MAT 0.0 -0.72246 0.268747 0.0
MAT -0.00305432 0.367764 -0.0553877 1.0
WORLDTM 
MAT 0.0 -0.268747 -0.72246 0.0
MAT 0.770826 0.0 0.0 0.0
MAT 0.0 -0.72246 0.268747 0.0
MAT -0.00305432 0.367764 -0.0553877 1.0
VERTEX = 9
0.000799784 0.306304 -0.230385
0.000799784 0.299417 -0.226923
-0.00690848 0.299417 -0.226923
-0.00690848 0.306304 -0.230385
-0.00266894 0.304936 -0.225384
-0.00266894 0.304247 -0.225037
-0.00343976 0.304247 -0.225037
-0.00343976 0.304936 -0.225384
-0.00305435 0.304592 -0.225211
INDEX = 14
4 5 7
6 7 5
1 2 5
6 5 2
0 1 4
5 4 1
7 6 3
2 3 6
4 7 0
3 0 7
8 1 0
8 2 1
8 3 2
8 0 3
FACE-NORMAL = 14
-1.91519e-007 -0.44913 -0.893466
-1.91519e-007 -0.44913 -0.893466
0.0 0.363656 -0.931533
0.0 0.363656 -0.931533
-0.743294 -0.300452 -0.597697
-0.743294 -0.300452 -0.597697
0.743294 -0.300453 -0.597698
0.743294 -0.300452 -0.597697
-1.70769e-007 -0.964561 -0.263861
-1.70769e-007 -0.964561 -0.263861
0.707107 0.317583 0.631776
0.0 -0.314193 0.949359
-0.707107 0.317583 0.631776
1.75997e-007 0.949359 0.314193
BONE = 2
BONE_NAME = Bone_Chest
PARENT_ID = 1
LOCALTM 
MAT 0.993993 0.0 0.109443 0.0
MAT 0.0 1.0 0.0 0.0
MAT -0.109444 0.0 0.993993 0.0
MAT 0.235062 0.0 0.0 1.0
WORLDTM 
MAT -1.47628e-007 -0.346202 -0.688707 0.0
MAT 0.770827 0.0 0.0 0.0
MAT 0.0 -0.688707 0.346202 0.0
MAT -0.00305435 0.304592 -0.225211 1.0
VERTEX = 9
0.000799723 0.258624 -0.327177
0.000799726 0.252345 -0.322706
-0.00690854 0.252345 -0.322706
-0.00690854 0.258624 -0.327177
-0.00266899 0.257222 -0.323166
-0.00266899 0.256594 -0.322718
-0.00343982 0.256594 -0.322718
-0.00343982 0.257222 -0.323166
-0.00305441 0.256908 -0.322942
INDEX = 14
4 5 7
6 7 5
1 2 5
6 5 2
0 1 4
5 4 1
7 6 3
2 3 6
4 7 0
3 0 7
8 1 0
8 2 1
8 3 2
8 0 3
FACE-NORMAL = 14
-1.97661e-007 -0.58004 -0.814588
-1.97661e-007 -0.58004 -0.814588
-3.90869e-007 0.217452 -0.976071
-3.90869e-007 0.217452 -0.976071
-0.743294 -0.388026 -0.544931
-0.743294 -0.388026 -0.544931
0.743294 -0.388027 -0.544931
0.743294 -0.388027 -0.544931
1.26412e-007 -0.993505 -0.11379
1.26413e-007 -0.993505 -0.11379
0.707107 0.41015 0.576001
3.85816e-007 -0.16585 0.986151
-0.707107 0.41015 0.576001
0.0 0.986151 0.16585
BONE = 3
BONE_NAME = Bone_Head
PARENT_ID = 2
LOCALTM 
MAT 0.629396 0.0 0.097047 0.0
MAT 0.0 1.0 2.53517e-007 0.0
MAT -0.15239 3.75488e-007 0.988321 0.0
MAT 0.141064 0.0 -0.00167459 1.0
WORLDTM 
MAT 0.0 -0.284735 -0.399872 0.0
MAT 0.770827 -2.68221e-007 0.0 0.0
MAT 2.68221e-007 -0.627906 0.44711 0.0
MAT -0.00305441 0.256908 -0.322942 1.0
VERTEX = 9
0.00432598 0.288352 -0.356016
-0.000464079 0.29489 -0.344789
0.00187085 0.281435 -0.344522
0.00666091 0.274897 -0.355749
0.000122738 0.285073 -0.351291
-0.000356269 0.285727 -0.350168
-0.000122775 0.284382 -0.350141
0.000356231 0.283728 -0.351264
0.0 0.284727 -0.350716
INDEX = 14
4 5 7
6 7 5
1 2 5
6 5 2
0 1 4
5 4 1
7 6 3
2 3 6
4 7 0
3 0 7
8 1 0
8 2 1
8 3 2
8 0 3
FACE-NORMAL = 14
0.988351 0.0529171 0.142693
0.988351 0.0529171 0.142693
0.838252 -0.288058 -0.462987
0.838252 -0.288058 -0.462987
0.745163 -0.658726 0.10398
0.745163 -0.658726 0.103981
0.569021 0.817791 0.0862112
0.569021 0.817791 0.0862112
0.451766 0.431999 0.780567
0.451766 0.431999 0.780567
-0.774723 0.622935 -0.108425
-0.860838 0.270493 0.431036
-0.616005 -0.782257 -0.0927984
-0.508266 -0.41544 -0.754371
BONE = 4
BONE_NAME = Ref_Head
PARENT_ID = 3
LOCALTM 
MAT -0.187667 0.803926 0.0322607 0.0
MAT -1.54548 -0.302912 -1.44193 0.0
MAT -2.63557 -0.621419 0.153881 0.0
MAT 0.0132175 0.0039625 -0.0502982 1.0
WORLDTM 
MAT 0.619687 0.0331786 0.0894669 0.0
MAT -0.233493 1.34545 -0.0267093 0.0
MAT -0.479006 0.653816 1.12269 0.0
MAT 0.0 0.284727 -0.350716 1.0
VERTEX = 9
-0.10944 0.268568 -0.122631
-0.109553 0.270829 -0.115263
-0.117261 0.270819 -0.115379
-0.117147 0.268557 -0.122747
-0.112947 0.273265 -0.120499
-0.112958 0.273491 -0.119762
-0.113729 0.27349 -0.119773
-0.113718 0.273264 -0.12051
-0.113338 0.273378 -0.120136
INDEX = 14
4 5 7
6 7 5
1 2 5
6 5 2
0 1 4
5 4 1
7 6 3
2 3 6
4 7 0
3 0 7
8 1 0
8 2 1
8 3 2
8 0 3
FACE-NORMAL = 14
-0.00315877 -0.955991 0.293379
-0.00315877 -0.955991 0.293379
0.00883225 -0.857601 -0.514239
0.00883225 -0.857601 -0.514239
-0.745323 -0.640491 0.185107
-0.745323 -0.640491 0.185107
0.741097 -0.638557 0.207413
0.741097 -0.638557 0.207413
-0.0130585 -0.421447 0.906759
-0.0130585 -0.421447 0.906759
0.70926 0.676908 -0.19684
-0.00817889 0.883448 0.468458
-0.704793 0.675068 -0.21806
0.0126461 0.468528 -0.883358
BONE = 5
BONE_NAME = Bone_Leg Right Front
PARENT_ID = 2
LOCALTM 
MAT 0.167241 -0.00315868 0.98591 0.0
MAT -0.0139908 0.999887 0.00557672 0.0
MAT -0.985817 -0.0147256 0.167178 0.0
MAT -0.103605 -0.143072 0.097403 1.0
WORLDTM 
MAT -0.00243486 -0.736902 0.226144 0.0
MAT 0.770739 0.0010028 0.0115661 0.0
MAT -0.0113508 0.226155 0.736817 0.0
MAT -0.113338 0.273378 -0.120136 1.0
VERTEX = 9
-0.10987 0.132137 -0.081774
-0.109965 0.125752 -0.0774568
-0.117673 0.12579 -0.077571
-0.117577 0.132175 -0.0818882
-0.113418 0.13144 -0.0766902
-0.113427 0.130802 -0.0762585
-0.114198 0.130806 -0.0762699
-0.114189 0.131444 -0.0767017
-0.113808 0.131123 -0.0764801
INDEX = 14
4 5 7
6 7 5
1 2 5
6 5 2
0 1 4
5 4 1
7 6 3
2 3 6
4 7 0
3 0 7
8 1 0
8 2 1
8 3 2
8 0 3
FACE-NORMAL = 14
0.00951676 -0.560193 -0.828308
0.00951676 -0.560193 -0.828308
0.0155698 0.240956 -0.970411
0.0155697 0.240956 -0.970411
-0.736837 -0.371088 -0.565124
-0.736837 -0.371088 -0.565124
0.74957 -0.37841 -0.543093
0.74957 -0.37841 -0.543093
-0.00283701 -0.990455 -0.137806
-0.00283701 -0.990455 -0.137806
0.700291 0.392633 0.596181
-0.0154847 -0.189614 0.981737
-0.71375 0.399599 0.575223
0.00202595 0.981846 0.189667
BONE = 6
BONE_NAME = Bone_Leg Right Front 01
PARENT_ID = 5
LOCALTM 
MAT 0.292502 -0.00364106 -0.956257 0.0
MAT 0.00589836 0.999982 -0.00200317 0.0
MAT 0.956247 -0.00505442 0.292518 0.0
MAT 0.193044 0.0 0.0 1.0
WORLDTM 
MAT 0.00733576 -0.431811 -0.638481 0.0
MAT 0.770734 -0.00379676 0.0114238 0.0
MAT -0.00954428 -0.638511 0.431723 0.0
MAT -0.113808 0.131123 -0.0764801 1.0
VERTEX = 9
-0.108407 0.0441631 -0.214181
-0.108456 0.036547 -0.212994
-0.116165 0.0365987 -0.212983
-0.116115 0.0442148 -0.21417
-0.111889 0.0413526 -0.209834
-0.111894 0.0405909 -0.209715
-0.112664 0.0405961 -0.209714
-0.112659 0.0413577 -0.209833
-0.112276 0.0409743 -0.209774
INDEX = 14
4 5 7
6 7 5
1 2 5
6 5 2
0 1 4
5 4 1
7 6 3
2 3 6
4 7 0
3 0 7
8 1 0
8 2 1
8 3 2
8 0 3
FACE-NORMAL = 14
-0.00241712 -0.153978 -0.988071
-0.00241712 -0.153978 -0.988071
0.00314728 0.631406 -0.775446
0.00314728 0.631406 -0.775446
-0.744893 -0.0980211 -0.659944
-0.744893 -0.0980211 -0.659944
0.74166 -0.10799 -0.662026
0.74166 -0.10799 -0.662026
-0.00638123 -0.837419 -0.546524
-0.00638123 -0.83742 -0.546523
0.708799 0.104137 0.697682
-0.00282314 -0.589778 0.80756
-0.705382 0.113621 0.699662
0.00624148 0.807537 0.589783
BONE = 7
BONE_NAME = Bone_Foot Right Front
PARENT_ID = 6
LOCALTM 
MAT 0.904659 -0.0163009 -0.425818 0.0
MAT 0.0144333 0.99987 -0.00761075 0.0
MAT 0.425885 0.000740243 0.904777 0.0
MAT 0.208768 0.0 6.55651e-007 1.0
WORLDTM 
MAT -0.00186317 -0.11869 -0.761629 0.0
MAT 0.770812 -0.00516919 -0.00107882 0.0
MAT -0.00494072 -0.761615 0.118702 0.0
MAT -0.112276 0.0409743 -0.209774 1.0
VERTEX = 9
0.112278 0.268382 -0.12145
0.113095 0.270443 -0.114068
0.105527 0.271837 -0.11362
0.10471 0.269776 -0.121002
0.109848 0.273584 -0.119012
0.109929 0.273791 -0.118274
0.109172 0.27393 -0.118229
0.109091 0.273724 -0.118968
0.10951 0.273757 -0.118621
INDEX = 14
4 5 7
6 7 5
1 2 5
6 5 2
0 1 4
5 4 1
7 6 3
2 3 6
4 7 0
3 0 7
8 1 0
8 2 1
8 3 2
8 0 3
FACE-NORMAL = 14
-0.157672 -0.946441 0.281759
-0.157672 -0.946441 0.281759
-0.184272 -0.831935 -0.523382
-0.184272 -0.831935 -0.523381
-0.835232 -0.498693 0.231716
-0.835232 -0.498694 0.231717
0.624278 -0.767579 0.145257
0.624278 -0.767579 0.145257
-0.0266818 -0.434337 0.900355
-0.0266817 -0.434337 0.900355
0.805718 0.541338 -0.240359
0.18645 0.858356 0.477977
-0.582736 0.797132 -0.158109
0.0365318 0.480115 -0.876445
BONE = 8
BONE_NAME = Bone_Leg Left Front
PARENT_ID = 2
LOCALTM 
MAT 0.173334 -0.157672 0.972159 0.0
MAT 0.1332 0.981785 0.135484 0.0
MAT -0.975814 0.106008 0.191178 0.0
MAT -0.105582 0.146031 0.097846 1.0
WORLDTM 
MAT -0.121537 -0.729542 0.217187 0.0
MAT 0.756786 -0.139423 -0.044831 0.0
MAT 0.0817137 0.206162 0.738236 0.0
MAT 0.10951 0.273757 -0.118621 1.0
VERTEX = 9
0.0897599 0.133393 -0.0823642
0.0888539 0.127235 -0.0778161
0.0812861 0.128644 -0.0774159
0.0821921 0.134802 -0.081964
0.0865222 0.133465 -0.0770321
0.0864316 0.132849 -0.0765773
0.0856749 0.13299 -0.0765373
0.0857655 0.133606 -0.0769921
0.0860985 0.133228 -0.0767847
INDEX = 14
4 5 7
6 7 5
1 2 5
6 5 2
0 1 4
5 4 1
7 6 3
2 3 6
4 7 0
3 0 7
8 1 0
8 2 1
8 3 2
8 0 3
FACE-NORMAL = 14
-0.149331 -0.573171 -0.805714
-0.149331 -0.573171 -0.805714
-0.012541 0.210302 -0.977556
-0.0125411 0.210301 -0.977556
-0.829647 -0.247556 -0.500402
-0.829647 -0.247556 -0.500402
0.629852 -0.519306 -0.577587
0.629853 -0.519306 -0.577587
-0.187254 -0.977164 -0.100433
-0.187254 -0.977164 -0.100433
0.799815 0.276033 0.533013
0.0224898 -0.159534 0.986936
-0.588629 0.534553 0.60644
0.188696 0.97012 0.152516
BONE = 9
BONE_NAME = Bone_Leg Left Front 01
PARENT_ID = 8
LOCALTM 
MAT 0.339001 0.00392102 -0.940777 0.0
MAT 0.00358306 0.99998 0.00545887 0.0
MAT 0.940779 -0.00522123 0.33898 0.0
MAT 0.192627 0.0 0.0 1.0
WORLDTM 
MAT -0.115108 -0.441815 -0.621065 0.0
MAT 0.756781 -0.140908 -0.0400219 0.0
MAT -0.090592 -0.615725 0.454806 0.0
MAT 0.0860985 0.133228 -0.0767847 1.0
VERTEX = 9
0.0665123 0.0433029 -0.21085
0.0652444 0.0358628 -0.209284
0.0576411 0.0371004 -0.20956
0.058909 0.0445405 -0.211126
0.0625128 0.0413071 -0.206498
0.062386 0.0405631 -0.206342
0.0616257 0.0406868 -0.206369
0.0617525 0.0414309 -0.206526
0.0620693 0.040997 -0.206434
INDEX = 14
4 5 7
6 7 5
1 2 5
6 5 2
0 1 4
5 4 1
7 6 3
2 3 6
4 7 0
3 0 7
8 1 0
8 2 1
8 3 2
8 0 3
FACE-NORMAL = 14
0.00192842 -0.206351 -0.978476
0.00192842 -0.206351 -0.978476
0.123554 0.579396 -0.805627
0.123554 0.579396 -0.805627
-0.731878 -0.0186997 -0.681179
-0.731878 -0.0186997 -0.681179
0.734458 -0.257384 -0.627953
0.734458 -0.257384 -0.627953
-0.120974 -0.855481 -0.503505
-0.120974 -0.855481 -0.503505
0.69611 0.0323806 0.717204
-0.117675 -0.536597 0.835593
-0.698837 0.259444 0.66657
0.114948 0.828423 0.548181
BONE = 10
BONE_NAME = Bone_Foot Left Front
PARENT_ID = 9
LOCALTM 
MAT 0.906358 0.090418 -0.41272 0.0
MAT -0.0841168 0.995896 0.0334518 0.0
MAT 0.41405 0.00439863 0.910244 0.0
MAT 0.208753 0.0 6.10948e-007 1.0
WORLDTM 
MAT 0.00148647 -0.159061 -0.754234 0.0
MAT 0.760328 -0.123763 0.0275985 0.0
MAT -0.126793 -0.744013 0.156657 0.0
MAT 0.0620693 0.040997 -0.206434 1.0
VERTEX = 9
0.000799872 0.35112 -0.0320235
0.00079989 0.356728 -0.0267354
-0.00690838 0.356728 -0.0267353
-0.00690839 0.351119 -0.0320234
-0.00266891 0.356287 -0.032448
-0.00266891 0.356848 -0.0319192
-0.00343973 0.356848 -0.0319192
-0.00343973 0.356287 -0.032448
-0.00305432 0.356568 -0.0321836
INDEX = 14
4 5 7
6 7 5
1 2 5
6 5 2
0 1 4
5 4 1
7 6 3
2 3 6
4 7 0
3 0 7
8 1 0
8 2 1
8 3 2
8 0 3
FACE-NORMAL = 14
1.76154e-005 -0.686033 0.72757
1.76154e-005 -0.686033 0.72757
1.00484e-005 -0.999731 -0.0232055
1.00485e-005 -0.999731 -0.0232053
-0.743282 -0.45894 0.48673
-0.743282 -0.45894 0.48673
0.743306 -0.458924 0.486708
0.743306 -0.458924 0.486708
1.35198e-005 0.0818667 0.996643
1.35198e-005 0.0818669 0.996643
0.707094 0.485106 -0.51448
-1.08048e-005 0.999569 -0.0293713
-0.707119 0.485091 -0.51446
-1.41071e-005 -0.0293713 -0.999569
BONE = 11
BONE_NAME = Bone_Tail
PARENT_ID = 1
LOCALTM 
MAT -0.442733 1.7643e-005 0.896653 0.0
MAT 9.74001e-006 1.0 -1.48672e-005 0.0
MAT -0.896653 2.15118e-006 -0.442734 0.0
MAT -0.02315 0.0 0.024109 1.0
WORLDTM 
MAT 1.35784e-005 -0.528812 0.56083 0.0
MAT 0.770827 8.00567e-006 -1.11141e-005 0.0
MAT 1.79994e-006 0.56083 0.528812 0.0
MAT -0.00305432 0.356568 -0.0321836 1.0
VERTEX = 9
0.00100561 0.227355 0.102585
0.0010056 0.234114 0.106291
-0.00669142 0.233914 0.106656
-0.0066914 0.227155 0.10295
-0.00266626 0.232157 0.101042
-0.00266626 0.232832 0.101413
-0.00343596 0.232812 0.101449
-0.00343596 0.232136 0.101079
-0.00305111 0.232484 0.101246
INDEX = 14
4 5 7
6 7 5
1 2 5
6 5 2
0 1 4
5 4 1
7 6 3
2 3 6
4 7 0
3 0 7
8 1 0
8 2 1
8 3 2
8 0 3
FACE-NORMAL = 14
0.0540213 -0.480074 0.875563
0.0540213 -0.480074 0.875563
0.0361402 -0.972905 0.228362
0.0361402 -0.972905 0.228362
-0.70607 -0.340459 0.620929
-0.70607 -0.340459 0.620929
0.778347 -0.301847 0.550513
0.778347 -0.301847 0.550513
0.0361365 0.330599 0.943079
0.0361365 0.3306 0.943079
0.667875 0.35783 -0.65261
-0.0382005 0.959486 -0.279156
-0.744273 0.321098 -0.585623
-0.0381971 -0.280558 -0.959077
BONE = 12
BONE_NAME = Bone_Tail 01
PARENT_ID = 11
LOCALTM 
MAT 0.96638 0.0540036 0.251377 0.0
MAT -0.0522643 0.998541 -0.0135954 0.0
MAT -0.251745 -2.61049e-007 0.967794 0.0
MAT 0.236375 0.0 0.00163144 1.0
WORLDTM 
MAT 0.041641 -0.370053 0.674906 0.0
MAT 0.769702 0.0200213 -0.036512 0.0
MAT -1.87755e-006 0.675894 0.370595 0.0
MAT -0.00305111 0.232484 0.101246 1.0
VERTEX = 9
0.0098517 0.135644 0.275411
0.0085885 0.143214 0.276124
0.00170888 0.142384 0.272748
0.00297208 0.134814 0.272035
0.00780705 0.139272 0.270766
0.00768073 0.140029 0.270837
0.00699277 0.139946 0.2705
0.00711909 0.139189 0.270429
0.00739991 0.139609 0.270633
INDEX = 14
4 5 7
6 7 5
1 2 5
6 5 2
0 1 4
5 4 1
7 6 3
2 3 6
4 7 0
3 0 7
8 1 0
8 2 1
8 3 2
8 0 3
FACE-NORMAL = 14
-0.42023 -0.154303 0.894202
-0.42023 -0.154303 0.894202
-0.159311 -0.833241 0.529461
-0.159311 -0.833241 0.529462
-0.944507 -0.183261 0.27262
-0.944507 -0.183261 0.27262
0.38227 -0.0231851 0.92376
0.38227 -0.023185 0.92376
-0.402927 0.626794 0.666918
-0.402927 0.626794 0.666918
0.928238 0.18525 -0.322577
0.181269 0.803585 -0.566914
-0.333944 0.0329671 -0.942016
0.413025 -0.585367 -0.697678
BONE = 13
BONE_NAME = Bone_Tail 02
PARENT_ID = 12
LOCALTM 
MAT 0.834305 -0.465978 0.294612 0.0
MAT 0.380025 0.873245 0.305002 0.0
MAT -0.399394 -0.142507 0.905637 0.0
MAT 0.250979 0.0 0.0 1.0
WORLDTM 
MAT -0.323924 -0.11894 0.689273 0.0
MAT 0.687962 0.0830028 0.33763 0.0
MAT -0.12632 0.757059 0.0712746 0.0
MAT 0.00739991 0.139609 0.270633 1.0
VERTEX = 9
-0.0750386 0.114507 0.445929
-0.0736843 0.121306 0.442558
-0.0770803 0.118786 0.436113
-0.0784346 0.111988 0.439484
-0.0725643 0.115124 0.440235
-0.0724289 0.115804 0.439898
-0.0727685 0.115552 0.439254
-0.0729039 0.114872 0.439591
-0.0726664 0.115338 0.439745
INDEX = 14
4 5 7
6 7 5
1 2 5
6 5 2
0 1 4
5 4 1
7 6 3
2 3 6
4 7 0
3 0 7
8 1 0
8 2 1
8 3 2
8 0 3
FACE-NORMAL = 14
-0.880363 0.339571 0.331138
-0.880363 0.339571 0.331138
-0.71952 -0.428402 0.546592
-0.71952 -0.428402 0.546592
-0.916398 -0.0157757 -0.399957
-0.916398 -0.0157756 -0.399957
-0.261466 0.470098 0.842997
-0.261466 0.470098 0.842997
-0.458344 0.882722 -0.103552
-0.458344 0.882722 -0.103552
0.934034 -0.00900365 0.35707
0.746742 0.383534 -0.543396
0.310987 -0.471222 -0.82537
0.49828 -0.863758 0.0750952
BONE = 14
BONE_NAME = Bone_Tail 03
PARENT_ID = 13
LOCALTM 
MAT 0.613661 -0.604111 0.50839 0.0
MAT 0.512087 0.794619 0.326114 0.0
MAT -0.600992 0.0602142 0.796987 0.0
MAT 0.244688 1.19209e-007 0.00638323 1.0
WORLDTM 
MAT -0.678605 0.26175 0.255249 0.0
MAT 0.339597 0.251936 0.644498 0.0
MAT 0.135425 0.679846 -0.337113 0.0
MAT -0.0726664 0.115338 0.439745 1.0
VERTEX = 9
-0.190733 0.158956 0.48909
-0.189379 0.165755 0.485719
-0.192163 0.163014 0.479074
-0.193517 0.156216 0.482445
-0.187847 0.15959 0.483596
-0.187712 0.16027 0.483259
-0.18799 0.159996 0.482594
-0.188126 0.159316 0.482932
-0.187919 0.159793 0.483095
INDEX = 14
4 5 7
6 7 5
1 2 5
6 5 2
0 1 4
5 4 1
7 6 3
2 3 6
4 7 0
3 0 7
8 1 0
8 2 1
8 3 2
8 0 3
FACE-NORMAL = 14
-0.915803 0.309406 0.25607
-0.915803 0.309406 0.25607
-0.743229 -0.44858 0.496373
-0.743229 -0.44858 0.496373
-0.881089 -0.0572778 -0.469469
-0.881089 -0.0572777 -0.469469
-0.344191 0.471242 0.812073
-0.344191 0.471242 0.812074
-0.482052 0.862543 -0.15377
-0.482051 0.862543 -0.15377
0.90295 0.0326109 0.428506
0.771802 0.404863 -0.490314
0.392191 -0.470178 -0.790645
0.52334 -0.842429 0.128177
BONE = 15
BONE_NAME = Bone01
PARENT_ID = 14
LOCALTM 
MAT 0.996099 -0.0882375 -5.66244e-007 0.0
MAT 0.0882371 0.9961 -4.76837e-007 0.0
MAT -1.51992e-006 1.49012e-007 1.0 0.0
MAT 0.169837 0.0 0.0 1.0
WORLDTM 
MAT -0.705923 0.238498 0.197385 0.0
MAT 0.278394 0.274049 0.664507 0.0
MAT 0.135426 0.679845 -0.337113 0.0
MAT -0.187919 0.159793 0.483095 1.0
VERTEX = 9
-0.109624 0.306423 -0.0385925
-0.109818 0.31051 -0.0320602
-0.11751 0.310796 -0.0324676
-0.117316 0.306709 -0.0389999
-0.112944 0.311655 -0.0378722
-0.112963 0.312064 -0.037219
-0.113732 0.312093 -0.0372597
-0.113713 0.311684 -0.037913
-0.113338 0.311874 -0.037566
INDEX = 14
4 5 7
6 7 5
1 2 5
6 5 2
0 1 4
5 4 1
7 6 3
2 3 6
4 7 0
3 0 7
8 1 0
8 2 1
8 3 2
8 0 3
FACE-NORMAL = 14
-0.0594696 -0.847007 0.528245
-0.0594696 -0.847007 0.528245
-0.0210803 -0.960776 -0.276524
-0.0210803 -0.960776 -0.276524
-0.781526 -0.539037 0.314095
-0.781526 -0.539038 0.314095
0.70196 -0.594198 0.392659
0.70196 -0.594198 0.392659
-0.0584858 -0.17246 0.983279
-0.0584858 -0.17246 0.983279
0.747682 0.572687 -0.336156
0.0242591 0.973893 0.225709
-0.66358 0.625162 -0.410895
0.0598435 0.223956 -0.97276
BONE = 16
BONE_NAME = Bone_Leg Right Rear
PARENT_ID = 1
LOCALTM 
MAT -0.199792 -0.0594695 0.978032 0.0
MAT -0.0365955 0.997913 0.0532026 0.0
MAT -0.979155 -0.0251621 -0.201551 0.0
MAT 0.00360981 -0.143072 0.0760181 1.0
WORLDTM 
MAT -0.0458407 -0.652895 0.407185 0.0
MAT 0.769218 -0.0286019 0.0407368 0.0
MAT -0.0193955 0.408758 0.653233 0.0
MAT -0.113338 0.311874 -0.037566 1.0
VERTEX = 9
-0.120069 0.162631 0.0567485
-0.119744 0.170322 0.0571498
-0.127432 0.170669 0.0567076
-0.127757 0.162978 0.0563062
-0.123153 0.166439 0.0528875
-0.12312 0.167208 0.0529277
-0.123889 0.167243 0.0528834
-0.123922 0.166474 0.0528433
-0.123521 0.166841 0.0528855
INDEX = 14
4 5 7
6 7 5
1 2 5
6 5 2
0 1 4
5 4 1
7 6 3
2 3 6
4 7 0
3 0 7
8 1 0
8 2 1
8 3 2
8 0 3
FACE-NORMAL = 14
-0.0595916 -0.0495176 0.996994
-0.0595916 -0.0495176 0.996994
-0.0711624 -0.774751 0.628249
-0.0711624 -0.774751 0.628249
-0.781177 0.000384562 0.624309
-0.781177 0.000384551 0.624309
0.701448 -0.0666357 0.709599
0.701448 -0.0666356 0.709599
-0.008567 0.7085 0.705659
-0.00856699 0.7085 0.705659
0.74736 0.00313558 -0.664412
0.0719116 0.740534 -0.668161
-0.663084 0.0668929 -0.74555
0.0123637 -0.670505 -0.741802
BONE = 17
BONE_NAME = Bone_Leg Right Rear 01
PARENT_ID = 16
LOCALTM 
MAT 0.572142 -0.00494049 0.820139 0.0
MAT 0.00918166 0.999958 -0.000381593 0.0
MAT -0.820103 0.0077485 0.572164 0.0
MAT 0.222138 0.0 0.0 1.0
WORLDTM 
MAT -0.0459347 -0.0381695 0.768509 0.0
MAT 0.768772 -0.0347514 0.0442244 0.0
MAT 0.032457 0.769096 0.0401386 0.0
MAT -0.123521 0.166841 0.0528855 1.0
VERTEX = 9
-0.128662 0.154077 0.199774
-0.128881 0.157885 0.206473
-0.136571 0.158197 0.206043
-0.136352 0.154389 0.199345
-0.131979 0.159278 0.2007
-0.132001 0.159659 0.20137
-0.13277 0.15969 0.201327
-0.132748 0.159309 0.200657
-0.132375 0.159484 0.201014
INDEX = 14
4 5 7
6 7 5
1 2 5
6 5 2
0 1 4
5 4 1
7 6 3
2 3 6
4 7 0
3 0 7
8 1 0
8 2 1
8 3 2
8 0 3
FACE-NORMAL = 14
-0.06272 -0.868512 0.491683
-0.06272 -0.868512 0.491683
-0.0207645 -0.9482 -0.316995
-0.0207645 -0.9482 -0.316995
-0.783485 -0.550913 0.287482
-0.783485 -0.550913 0.287482
0.69957 -0.611096 0.370356
0.69957 -0.611096 0.370356
-0.0631505 -0.213808 0.974832
-0.0631504 -0.213808 0.974832
0.749776 0.585505 -0.308253
0.0241885 0.96345 0.266795
-0.661077 0.642758 -0.387092
0.0645109 0.264812 -0.96214
BONE = 18
BONE_NAME = Bone_Leg Right Rear 02
PARENT_ID = 17
LOCALTM 
MAT 0.536949 0.00481176 -0.8436 0.0
MAT -0.00186524 0.999989 0.0045165 0.0
MAT 0.843613 -0.000851633 0.536952 0.0
MAT 0.192747 0.0 4.61936e-007 1.0
WORLDTM 
MAT -0.0483461 -0.669471 0.379002 0.0
MAT 0.768996 -0.0312061 0.0429718 0.0
MAT -0.021978 0.380797 0.669839 0.0
MAT -0.132375 0.159484 0.201014 1.0
VERTEX = 9
-0.138761 0.0206407 0.277788
-0.139024 0.0129369 0.277798
-0.146727 0.0132001 0.277946
-0.146464 0.0209039 0.277936
-0.142272 0.0172948 0.281713
-0.142298 0.0165244 0.281714
-0.143068 0.0165507 0.281728
-0.143042 0.0173211 0.281727
-0.14267 0.0169228 0.281721
INDEX = 14
4 5 7
6 7 5
1 2 5
6 5 2
0 1 4
5 4 1
7 6 3
2 3 6
4 7 0
3 0 7
8 1 0
8 2 1
8 3 2
8 0 3
FACE-NORMAL = 14
-0.0192635 -0.000611454 -0.999814
-0.0192635 -0.000611454 -0.999814
0.0124797 0.742452 -0.669783
0.0124796 0.742452 -0.669783
-0.75561 0.0249695 -0.654546
-0.75561 0.0249695 -0.654546
0.729836 -0.0257876 -0.683135
0.729836 -0.0257876 -0.683135
-0.0382529 -0.743269 -0.667898
-0.0382529 -0.743269 -0.667898
0.720185 -0.0237107 0.693377
-0.0105099 -0.706262 0.707872
-0.692942 0.0245754 0.720574
0.0377527 0.707126 0.706079
BONE = 19
BONE_NAME = Bone_Foot Right Rear
PARENT_ID = 18
LOCALTM 
MAT -0.489852 -0.07493 -0.868576 0.0
MAT -0.0424741 0.99717 -0.0620699 0.0
MAT 0.87077 0.00648519 -0.491648 0.0
MAT 0.212946 0.0 0.0 1.0
WORLDTM 
MAT -0.0148488 -0.000471324 -0.770681 0.0
MAT 0.770237 -0.0263187 -0.0148244 0.0
MAT -0.0263059 -0.770376 0.000977151 0.0
MAT -0.14267 0.0169228 0.281721 1.0
VERTEX = 9
-0.141545 0.0208511 0.135217
-0.141732 0.0131624 0.1347
-0.149437 0.0133397 0.13485
-0.14925 0.0210283 0.135366
-0.145027 0.017211 0.138896
-0.145046 0.0164421 0.138845
-0.145817 0.0164599 0.138859
-0.145798 0.0172287 0.138911
-0.145422 0.0168354 0.138878
INDEX = 14
4 5 7
6 7 5
1 2 5
6 5 2
0 1 4
5 4 1
7 6 3
2 3 6
4 7 0
3 0 7
8 1 0
8 2 1
8 3 2
8 0 3
FACE-NORMAL = 14
-0.0178109 0.0674472 -0.997564
-0.0178109 0.0674472 -0.997564
0.0061111 0.786525 -0.617528
0.00611109 0.786525 -0.617528
-0.754872 0.0622116 -0.652915
-0.754872 0.0622116 -0.652915
0.731043 0.0280279 -0.681756
0.731043 0.0280279 -0.681755
-0.0299408 -0.696284 -0.717142
-0.0299407 -0.696284 -0.717142
0.719381 -0.0639521 0.691666
-0.00455416 -0.753002 0.658002
-0.694193 -0.0314326 0.719103
0.0297425 0.657616 0.752766
BONE = 20
BONE_NAME = Bone_Foot Right Rear 01
PARENT_ID = 19
LOCALTM 
MAT 0.997674 -0.000915569 -0.068065 0.0
MAT 0.00015585 0.999942 -0.0111532 0.0
MAT 0.0680734 0.011114 0.997622 0.0
MAT 0.185346 0.0 0.0 1.0
WORLDTM 
MAT -0.013729 0.0519895 -0.768941 0.0
MAT 0.770483 -0.0177251 -0.0149546 0.0
MAT -0.0186937 -0.768869 -0.0516528 0.0
MAT -0.145422 0.0168354 0.138878 1.0
VERTEX = 9
0.113619 0.308469 -0.0415765
0.113856 0.308406 -0.0338722
0.106192 0.307612 -0.0336425
0.105955 0.307675 -0.0413469
0.109881 0.311917 -0.0379627
0.109905 0.31191 -0.0371923
0.109139 0.311831 -0.0371693
0.109115 0.311837 -0.0379397
0.10951 0.311874 -0.037566
INDEX = 14
4 5 7
6 7 5
1 2 5
6 5 2
0 1 4
5 4 1
7 6 3
2 3 6
4 7 0
3 0 7
8 1 0
8 2 1
8 3 2
8 0 3
FACE-NORMAL = 14
0.102659 -0.994652 -0.0112938
0.102659 -0.994652 -0.0112938
0.0457874 -0.659314 -0.750472
0.0457875 -0.659314 -0.750472
-0.670337 -0.741913 0.0145878
-0.670337 -0.741913 0.0145878
0.807688 -0.588862 -0.0296981
0.807688 -0.588862 -0.0296981
0.0915636 -0.671461 0.735362
0.0915636 -0.671461 0.735362
0.630443 0.776126 -0.013079
-0.0508174 0.697548 0.714734
-0.775625 0.630525 0.0290508
-0.0943649 0.709103 -0.698762
BONE = 21
BONE_NAME = Bone_Leg Left Rear
PARENT_ID = 1
LOCALTM 
MAT 0.357369 0.102659 0.928304 0.0
MAT -0.00797404 0.99424 -0.106881 0.0
MAT -0.933929 0.0307927 0.35613 0.0
MAT 0.00360982 0.146031 0.0760181 1.0
WORLDTM 
MAT 0.0791325 -0.766704 -0.00870558 0.0
MAT 0.766387 0.0793601 -0.0229631 0.0
MAT 0.0237359 -0.00629818 0.770435 0.0
MAT 0.10951 0.311874 -0.037566 1.0
VERTEX = 9
0.131247 0.138537 -0.0352865
0.130679 0.146169 -0.0362002
0.122992 0.145613 -0.0360593
0.123561 0.137981 -0.0351456
0.127496 0.14126 -0.0394606
0.127439 0.142024 -0.0395519
0.12667 0.141968 -0.0395379
0.126727 0.141205 -0.0394465
0.127083 0.141614 -0.0394992
INDEX = 14
4 5 7
6 7 5
1 2 5
6 5 2
0 1 4
5 4 1
7 6 3
2 3 6
4 7 0
3 0 7
8 1 0
8 2 1
8 3 2
8 0 3
FACE-NORMAL = 14
0.0095524 0.119554 0.992782
0.0095524 0.119554 0.992782
0.0612475 -0.656035 0.752241
0.0612475 -0.656035 0.752241
-0.734843 0.0263592 0.677725
-0.734842 0.0263592 0.677725
0.747624 0.133596 0.650547
0.747624 0.133596 0.650547
-0.0484671 0.81599 0.576031
-0.0484671 0.81599 0.576031
0.698391 -0.0335297 -0.71493
-0.0589411 0.615642 -0.785818
-0.711901 -0.135545 -0.689075
0.045432 -0.784717 -0.618187
BONE = 22
BONE_NAME = Bone_Leg Left Rear 01
PARENT_ID = 21
LOCALTM 
MAT -0.129146 -0.0077682 0.991594 0.0
MAT 0.0308307 0.999455 0.0118451 0.0
MAT -0.991147 0.0320996 -0.128836 0.0
MAT 0.222067 0.0 0.0 1.0
WORLDTM 
MAT 0.00736324 0.0921553 0.765262 0.0
MAT 0.76869 0.0556042 -0.0140931 0.0
MAT -0.0568892 0.763275 -0.0913685 0.0
MAT 0.127083 0.141614 -0.0394992 1.0
VERTEX = 9
0.132547 0.156377 0.0992562
0.132624 0.154497 0.106731
0.124937 0.153936 0.10667
0.124859 0.155816 0.0991951
0.128843 0.159006 0.103533
0.128851 0.158818 0.10428
0.128082 0.158762 0.104274
0.128074 0.15895 0.103527
0.128463 0.158884 0.103904
INDEX = 14
4 5 7
6 7 5
1 2 5
6 5 2
0 1 4
5 4 1
7 6 3
2 3 6
4 7 0
3 0 7
8 1 0
8 2 1
8 3 2
8 0 3
FACE-NORMAL = 14
0.0724613 -0.967055 -0.244035
0.0724613 -0.967055 -0.244035
0.0409816 -0.465595 -0.884049
0.0409816 -0.465595 -0.884048
-0.692829 -0.700984 -0.169145
-0.692828 -0.700984 -0.169145
0.789776 -0.592868 -0.157356
0.789776 -0.592868 -0.157356
0.0559666 -0.828257 0.557547
0.0559666 -0.828257 0.557547
0.653974 0.735238 0.178166
-0.0441102 0.511309 0.858264
-0.75645 0.632385 0.166951
-0.0583656 0.856314 -0.513147
BONE = 23
BONE_NAME = Bone_Leg Left Rear 02
PARENT_ID = 22
LOCALTM 
MAT -0.357196 0.00696052 -0.934003 0.0
MAT 0.0260955 0.999657 -0.00252838 0.0
MAT 0.933664 -0.0252751 -0.357256 0.0
MAT 0.187391 0.0 4.47035e-007 1.0
WORLDTM 
MAT 0.0558551 -0.745431 -0.188108 0.0
MAT 0.768763 0.0560602 0.00611259 0.0
MAT 0.00777003 -0.188048 0.747496 0.0
MAT 0.128463 0.158884 0.103904 1.0
VERTEX = 9
0.144317 0.00432627 0.0604299
0.144762 -0.00336849 0.0603291
0.1371 -0.0038019 0.0596119
0.136655 0.00389286 0.0597126
0.140714 0.000597829 0.0638988
0.140759 -0.000171647 0.0638887
0.139992 -0.000214988 0.063817
0.139948 0.000554488 0.0638271
0.140353 0.00019142 0.0638579
INDEX = 14
4 5 7
6 7 5
1 2 5
6 5 2
0 1 4
5 4 1
7 6 3
2 3 6
4 7 0
3 0 7
8 1 0
8 2 1
8 3 2
8 0 3
FACE-NORMAL = 14
0.0921489 0.0183613 -0.995576
0.0921489 0.0183613 -0.995576
0.0187664 0.754276 -0.656289
0.0187664 0.754276 -0.656289
-0.677244 -0.0295099 -0.735166
-0.677244 -0.0295099 -0.735166
0.800533 0.054076 -0.596844
0.800533 0.054076 -0.596844
0.104522 -0.72971 -0.675721
0.104522 -0.72971 -0.675721
0.637757 0.0267749 0.769773
-0.0243686 -0.718852 0.694736
-0.768075 -0.0527417 0.638184
-0.10595 0.692885 0.713221
BONE = 24
BONE_NAME = Bone_Foot Left Rear
PARENT_ID = 23
LOCALTM 
MAT 0.231875 0.0853423 -0.968989 0.0
MAT -0.00505005 0.996241 0.0865342 0.0
MAT 0.972732 -0.0151725 0.231434 0.0
MAT 0.212887 0.0 0.0 1.0
WORLDTM 
MAT 0.0710304 0.0141533 -0.767412 0.0
MAT 0.766263 0.0433414 0.0717236 0.0
MAT 0.0444662 -0.769476 -0.0100759 0.0
MAT 0.140353 0.00019142 0.0638579 1.0
VERTEX = 9
0.157093 0.00731215 -0.0808679
0.157863 -0.000333961 -0.0814688
0.150205 -0.00106849 -0.0819403
0.149434 0.00657761 -0.0813394
0.153788 0.0032188 -0.0775154
0.153865 0.00245419 -0.0775755
0.153099 0.00238073 -0.0776226
0.153022 0.00314534 -0.0775625
0.153444 0.00279977 -0.077569
INDEX = 14
4 5 7
6 7 5
1 2 5
6 5 2
0 1 4
5 4 1
7 6 3
2 3 6
4 7 0
3 0 7
8 1 0
8 2 1
8 3 2
8 0 3
FACE-NORMAL = 14
0.0532521 0.0835637 -0.995079
0.0532521 0.0835637 -0.995079
-0.0386576 0.793201 -0.607732
-0.0386576 0.793201 -0.607732
-0.70289 -0.0149273 -0.711142
-0.70289 -0.0149273 -0.711142
0.774137 0.12673 -0.620203
0.774137 0.12673 -0.620203
0.109905 -0.681399 -0.723613
0.109905 -0.681399 -0.723613
0.664904 0.00829174 0.746883
0.0330101 -0.760493 0.648507
-0.740213 -0.126469 0.660371
-0.10832 0.642316 0.758747
BONE = 25
BONE_NAME = Bone_Foot Left Rear 01
PARENT_ID = 24
LOCALTM 
MAT 0.997107 -0.034953 -0.0673375 0.0
MAT 0.0324048 0.998738 -0.038608 0.0
MAT 0.0686014 0.0363165 0.996984 0.0
MAT 0.184291 0.0 0.0 1.0
WORLDTM 
MAT 0.0410475 0.0644121 -0.76702 0.0
MAT 0.765881 0.0734533 0.0471542 0.0
MAT 0.0770329 -0.764611 -0.0600863 0.0
MAT 0.153444 0.00279977 -0.077569 1.0
VERTEX = 9
-0.082713 0.339092 -0.222725
-0.0817282 0.336881 -0.213022
-0.0722696 0.340119 -0.213244
-0.0732544 0.342331 -0.222947
-0.076467 0.334955 -0.219664
-0.0763686 0.334734 -0.218694
-0.0754227 0.335058 -0.218716
-0.0755212 0.335279 -0.219686
-0.0759449 0.335006 -0.21919
INDEX = 14
4 5 7
6 7 5
1 2 5
6 5 2
0 1 4
5 4 1
7 6 3
2 3 6
4 7 0
3 0 7
8 1 0
8 2 1
8 3 2
8 0 3
FACE-NORMAL = 14
-0.309286 0.919914 0.241042
-0.309286 0.919914 0.241042
-0.280096 0.779752 -0.55994
-0.280096 0.779752 -0.55994
0.496148 0.856086 0.144751
0.496148 0.856086 0.144751
-0.909951 0.374693 0.177747
-0.909951 0.374693 0.177747
-0.133706 0.451028 0.882438
-0.133706 0.451028 0.882438
-0.450124 -0.879455 -0.154748
0.28833 -0.806837 0.515635
0.88752 -0.421499 -0.186138
0.149067 -0.494117 -0.856521
BONE = 26
BONE_NAME = BoneStockR01
PARENT_ID = 1
LOCALTM 
MAT -0.709166 -0.40124 -1.00951 0.0
MAT 0.119479 -1.22707 0.40378 0.0
MAT -1.07973 0.127751 0.707723 0.0
MAT 0.213985 -0.0945615 -0.034258 1.0
WORLDTM 
MAT -0.309286 0.919913 0.241042 0.0
MAT -0.945857 -0.323824 0.022196 0.0
MAT 0.0984737 -0.221127 0.970261 0.0
MAT -0.0759449 0.335006 -0.21919 1.0
VERTEX = 9
-0.145385 0.525414 -0.175122
-0.148087 0.533647 -0.17013
-0.138628 0.536885 -0.170352
-0.135927 0.528652 -0.175344
-0.141445 0.528245 -0.168644
-0.141715 0.529069 -0.168145
-0.140769 0.529393 -0.168167
-0.140499 0.528569 -0.168666
-0.141107 0.528819 -0.168406
INDEX = 14
4 5 7
6 7 5
1 2 5
6 5 2
0 1 4
5 4 1
7 6 3
2 3 6
4 7 0
3 0 7
8 1 0
8 2 1
8 3 2
8 0 3
FACE-NORMAL = 14
-0.179925 0.46617 -0.866206
-0.179925 0.46617 -0.866206
0.0804385 -0.300103 -0.950509
0.0804384 -0.300102 -0.950509
0.582686 0.552548 -0.595959
0.582686 0.552548 -0.595959
-0.823413 0.0711548 -0.562963
-0.823413 0.0711547 -0.562963
-0.321166 0.923806 -0.208413
-0.321166 0.923806 -0.208413
-0.541595 -0.55861 0.628195
-0.0637997 0.252529 0.965484
0.796048 -0.100654 0.596805
0.318252 -0.911793 0.259516
BONE = 27
BONE_NAME = BoneStockR02
PARENT_ID = 26
LOCALTM 
MAT 0.275692 0.0 -0.961246 0.0
MAT 0.0 1.0 0.0 0.0
MAT 0.961246 3.27826e-007 0.275693 0.0
MAT 0.210686 0.0 0.0 1.0
WORLDTM 
MAT -0.179925 0.46617 -0.866206 0.0
MAT -0.945857 -0.323824 0.022196 0.0
MAT -0.270152 0.8233 0.499195 0.0
MAT -0.141107 0.528819 -0.168406 1.0
VERTEX = 9
-0.199101 0.664464 -0.435497
-0.201456 0.67084 -0.442832
-0.191997 0.674078 -0.443054
-0.189642 0.667702 -0.435719
-0.197021 0.672286 -0.435501
-0.197256 0.672923 -0.436234
-0.19631 0.673247 -0.436256
-0.196075 0.672609 -0.435523
-0.196666 0.672766 -0.435879
INDEX = 14
4 5 7
6 7 5
1 2 5
6 5 2
0 1 4
5 4 1
7 6 3
2 3 6
4 7 0
3 0 7
8 1 0
8 2 1
8 3 2
8 0 3
FACE-NORMAL = 14
0.223373 -0.699014 -0.679326
0.223373 -0.699014 -0.679326
0.324473 -0.941531 0.0907617
0.324473 -0.941531 0.0907615
0.852479 -0.22692 -0.470944
0.852478 -0.22692 -0.470944
-0.553621 -0.708312 -0.437947
-0.553621 -0.708312 -0.437947
-0.0256154 0.00629902 -0.999652
-0.0256154 0.00629917 -0.999652
-0.82677 0.2653 0.496051
-0.324471 0.94512 -0.0383073
0.510873 0.723256 0.464661
0.00857346 0.0434353 0.999019
BONE = 28
BONE_NAME = BoneStockR03
PARENT_ID = 27
LOCALTM 
MAT 0.222386 8.79169e-007 -0.974959 0.0
MAT -1.93715e-007 1.0 1.01328e-006 0.0
MAT 0.974958 0.0 0.222386 0.0
MAT 0.308787 0.0 0.0 1.0
WORLDTM 
MAT 0.223373 -0.699014 -0.679326 0.0
MAT -0.945858 -0.323824 0.0221966 0.0
MAT -0.235498 0.637587 -0.7335 0.0
MAT -0.196666 0.672766 -0.435879 1.0
VERTEX = 9
-0.166108 0.594476 -0.519939
-0.168342 0.601466 -0.513146
-0.16682 0.594832 -0.505819
-0.164586 0.587842 -0.512613
-0.171242 0.593301 -0.513794
-0.171466 0.594 -0.513115
-0.171314 0.593337 -0.512382
-0.17109 0.592638 -0.513062
-0.171278 0.593319 -0.513088
INDEX = 14
4 5 7
6 7 5
1 2 5
6 5 2
0 1 4
5 4 1
7 6 3
2 3 6
4 7 0
3 0 7
8 1 0
8 2 1
8 3 2
8 0 3
FACE-NORMAL = 14
0.962783 0.267021 0.0418169
0.962783 0.267021 0.0418169
0.8101 -0.340946 -0.476964
0.8101 -0.340946 -0.476964
0.757171 -0.314461 0.572544
0.757171 -0.314461 0.572544
0.530965 0.671718 -0.516596
0.530965 0.671718 -0.516596
0.478036 0.698202 0.532912
0.478036 0.698202 0.532912
-0.788387 0.280271 -0.547626
-0.838739 0.305466 0.450786
-0.573194 -0.657896 0.488489
-0.522842 -0.683091 -0.509924
BONE = 29
BONE_NAME = Ref_Weapon Right
PARENT_ID = 28
LOCALTM 
MAT 1.78814e-007 -0.996192 -0.0871562 0.0
MAT 0.0 -0.0871554 0.996197 0.0
MAT -1.0 0.0 1.72853e-006 0.0
MAT 0.113656 0.0 2.38419e-007 1.0
WORLDTM 
MAT 0.962781 0.267021 0.0418169 0.0
MAT -0.152165 0.663385 -0.732645 0.0
MAT -0.223374 0.699015 0.679325 0.0
MAT -0.171278 0.593319 -0.513088 1.0
VERTEX = 9
-0.136921 0.525216 -0.175076
-0.136575 0.534897 -0.172592
-0.135372 0.532389 -0.162987
-0.135717 0.522709 -0.16547
-0.141184 0.52846 -0.16901
-0.14115 0.529428 -0.168762
-0.14103 0.529178 -0.167801
-0.141064 0.52821 -0.16805
-0.141107 0.528819 -0.168406
INDEX = 14
4 5 7
6 7 5
1 2 5
6 5 2
0 1 4
5 4 1
7 6 3
2 3 6
4 7 0
3 0 7
8 1 0
8 2 1
8 3 2
8 0 3
FACE-NORMAL = 14
0.992134 -0.00327236 -0.125135
0.992134 -0.00327236 -0.125135
0.638048 -0.72174 -0.268302
0.638048 -0.72174 -0.268302
0.75314 -0.188538 0.630264
0.75314 -0.188538 0.630264
0.574266 0.18416 -0.797687
0.574265 0.18416 -0.797687
0.689358 0.717362 0.10088
0.689358 0.717362 0.10088
-0.786628 0.179591 -0.590731
-0.677139 0.686834 0.264088
-0.616462 -0.174963 0.7677
-0.725951 -0.682206 -0.08712
BONE = 30
BONE_NAME = HitTestFuzzy02
PARENT_ID = 27
LOCALTM 
MAT -0.0716425 -0.940135 -0.333188 0.0
MAT 0.970561 0.0113054 -0.240591 0.0
MAT 0.229954 -0.340615 0.911648 0.0
MAT 0.0 0.0 0.0 1.0
WORLDTM 
MAT 0.992135 -0.00327236 -0.125136 0.0
MAT -0.120326 0.250708 -0.960556 0.0
MAT 0.0345154 0.968057 0.248342 0.0
MAT -0.141107 0.528819 -0.168406 1.0
VERTEX = 9
0.0741392 0.340555 -0.226846
0.0742527 0.343123 -0.217182
0.0836501 0.339793 -0.216408
0.0835367 0.337225 -0.226072
0.0767107 0.335676 -0.220924
0.076722 0.335933 -0.219957
0.0776618 0.3356 -0.21988
0.0776504 0.335343 -0.220846
0.0771862 0.335638 -0.220402
INDEX = 14
4 5 7
6 7 5
1 2 5
6 5 2
0 1 4
5 4 1
7 6 3
2 3 6
4 7 0
3 0 7
8 1 0
8 2 1
8 3 2
8 0 3
FACE-NORMAL = 14
0.34169 0.907292 -0.24509
0.34169 0.907292 -0.24509
0.220145 0.41608 -0.882278
0.220145 0.41608 -0.882277
0.927085 0.359437 -0.106391
0.927085 0.359437 -0.106391
-0.469928 0.854456 -0.221522
-0.469928 0.854456 -0.221522
0.237011 0.797813 0.554364
0.237011 0.797813 0.554364
-0.906111 -0.406093 0.118542
-0.233589 -0.459978 0.856654
0.422889 -0.877012 0.228068
-0.249633 -0.823127 -0.510045
BONE = 31
BONE_NAME = BoneStockL01
PARENT_ID = 1
LOCALTM 
MAT -0.112366 0.443277 -1.21404 0.0
MAT -0.0564445 -1.21914 -0.439915 0.0
MAT -1.2912 0.0147184 0.124882 0.0
MAT 0.215173 0.104097 -0.0355741 1.0
WORLDTM 
MAT 0.34169 0.907292 -0.24509 0.0
MAT -0.939745 0.33299 -0.0774469 0.0
MAT 0.0113455 0.256785 0.966402 0.0
MAT 0.0771862 0.335638 -0.220402 1.0
VERTEX = 9
0.146554 0.532369 -0.280807
0.149047 0.540594 -0.275696
0.158445 0.537265 -0.274922
0.155951 0.529039 -0.280032
0.150735 0.532267 -0.273878
0.150985 0.53309 -0.273367
0.151924 0.532757 -0.27329
0.151675 0.531934 -0.273801
0.15133 0.532512 -0.273584
INDEX = 14
4 5 7
6 7 5
1 2 5
6 5 2
0 1 4
5 4 1
7 6 3
2 3 6
4 7 0
3 0 7
8 1 0
8 2 1
8 3 2
8 0 3
FACE-NORMAL = 14
0.233887 0.46096 -0.856045
0.233887 0.46096 -0.856045
-0.0288817 -0.303051 -0.952537
-0.0288816 -0.30305 -0.952537
0.854968 0.0608568 -0.515098
0.854968 0.0608569 -0.515098
-0.542045 0.555876 -0.63023
-0.542045 0.555876 -0.63023
0.341806 0.919783 -0.192791
0.341806 0.919783 -0.192791
-0.829882 -0.0904888 0.550552
0.0109373 0.255702 0.966694
0.499117 -0.561408 0.660078
-0.341703 -0.907598 0.243936
BONE = 32
BONE_NAME = BoneStockL02
PARENT_ID = 31
LOCALTM 
MAT 0.70795 -3.72529e-007 -0.706262 0.0
MAT -1.49012e-007 1.0 2.23517e-007 0.0
MAT 0.706262 1.49012e-007 0.70795 0.0
MAT 0.216991 0.0 -1.19209e-007 1.0
WORLDTM 
MAT 0.233887 0.460961 -0.856045 0.0
MAT -0.939745 0.33299 -0.0774467 0.0
MAT 0.249354 0.822577 0.511067 0.0
MAT 0.15133 0.532512 -0.273584 1.0
VERTEX = 9
0.214865 0.666363 -0.53358
0.218192 0.674748 -0.537897
0.22759 0.671418 -0.537122
0.224263 0.663033 -0.532806
0.220985 0.670795 -0.530681
0.221318 0.671633 -0.531112
0.222258 0.6713 -0.531035
0.221925 0.670462 -0.530603
0.221621 0.671048 -0.530858
INDEX = 14
4 5 7
6 7 5
1 2 5
6 5 2
0 1 4
5 4 1
7 6 3
2 3 6
4 7 0
3 0 7
8 1 0
8 2 1
8 3 2
8 0 3
FACE-NORMAL = 14
-0.0787927 -0.431385 -0.89872
-0.0787927 -0.431385 -0.89872
-0.299986 -0.911808 -0.280385
-0.299986 -0.911808 -0.280385
0.645796 -0.536092 -0.543647
0.645796 -0.536092 -0.543647
-0.751216 -0.041071 -0.658778
-0.751216 -0.0410709 -0.658778
0.194566 0.334644 -0.92204
0.194567 0.334644 -0.92204
-0.608784 0.540496 0.580728
0.290952 0.89792 0.330283
0.720214 0.0695749 0.690254
-0.179523 -0.287848 0.940699
BONE = 33
BONE_NAME = BoneStockL03
PARENT_ID = 32
LOCALTM 
MAT 0.552064 1.40071e-006 -0.833801 0.0
MAT 3.72529e-007 1.0 1.96695e-006 0.0
MAT 0.833802 -1.40071e-006 0.552064 0.0
MAT 0.300538 0.0 0.0 1.0
WORLDTM 
MAT -0.0787927 -0.431385 -0.89872 0.0
MAT -0.939744 0.332992 -0.077446 0.0
MAT 0.332676 0.838465 -0.43163 0.0
MAT 0.221621 0.671048 -0.530858 1.0
VERTEX = 9
0.214077 0.61726 -0.645512
0.21369 0.621878 -0.636651
0.210947 0.613302 -0.632301
0.211333 0.608683 -0.641162
0.207864 0.61661 -0.640367
0.207826 0.617072 -0.639481
0.207551 0.616214 -0.639046
0.20759 0.615753 -0.639932
0.207708 0.616412 -0.639706
INDEX = 14
4 5 7
6 7 5
1 2 5
6 5 2
0 1 4
5 4 1
7 6 3
2 3 6
4 7 0
3 0 7
8 1 0
8 2 1
8 3 2
8 0 3
FACE-NORMAL = 14
0.96084 -0.226314 0.1599
0.96084 -0.226314 0.1599
0.671526 -0.494666 -0.551686
0.671526 -0.494666 -0.551686
0.438816 -0.788855 0.430287
0.438817 -0.788855 0.430287
0.84672 0.486063 -0.216352
0.84672 0.486063 -0.216352
0.61401 0.191874 0.765621
0.61401 0.191874 0.765621
-0.485394 0.766453 -0.420645
-0.706775 0.486586 0.51352
-0.873439 -0.446396 0.194512
-0.652059 -0.16653 -0.739653
BONE = 34
BONE_NAME = Ref_Weapon Left
PARENT_ID = 33
LOCALTM 
MAT -0.121785 -0.990687 0.0608742 0.0
MAT -0.000655234 0.0614107 0.998113 0.0
MAT -0.992557 0.121514 -0.00812739 0.0
MAT 0.12249 0.00331214 -0.00345653 1.0
WORLDTM 
MAT 0.96084 -0.226314 0.1599 0.0
MAT 0.27439 0.857614 -0.434982 0.0
MAT -0.03869 0.461823 0.886128 0.0
MAT 0.207708 0.616412 -0.639706 1.0
VERTEX = 9
0.157533 0.529071 -0.278552
0.15681 0.538735 -0.276083
