EXPORTER_V17
ANIMATION_EXPORT
BONEOBJECT_COUNT = 44
VERTEX = 9
0.005 0.005 -0.005
0.005 0.005 0.005
0.005 -0.005 0.005
0.005 -0.005 -0.005
0.0 0.0005 -0.0005
0.0 0.0005 0.0005
0.0 -0.0005 0.0005
0.0 -0.0005 -0.0005
0.0 0.0 0.0
INDEX = 14
4 5 7
6 7 5
1 2 5
6 5 2
0 1 4
5 4 1
7 6 3
2 3 6
4 7 0
3 0 7
8 1 0
8 2 1
8 3 2
8 0 3
FACE-NORMAL = 14
1.0 0.0 0.0
1.0 0.0 0.0
0.668965 0.0 -0.743294
0.668965 0.0 -0.743294
0.668965 -0.743294 0.0
0.668965 -0.743294 0.0
0.668965 0.743294 0.0
0.668965 0.743294 0.0
0.668965 0.0 0.743294
0.668965 0.0 0.743294
-0.707107 0.707107 0.0
-0.707107 0.0 0.707107
-0.707107 -0.707107 0.0
-0.707107 0.0 -0.707107
BONE = 0
BONE_NAME = Dummy01
PARENT_ID = -1
LOCALTM 
MAT 1.0 0.0 0.0 0.0
MAT 0.0 1.0 0.0 0.0
MAT 0.0 0.0 1.0 0.0
MAT 0.0 0.0 0.0 1.0
WORLDTM 
MAT 1.0 0.0 0.0 0.0
MAT 0.0 1.0 0.0 0.0
MAT 0.0 0.0 1.0 0.0
MAT 0.0 0.0 0.0 1.0
VERTEX = 9
0.000799811 0.370033 -0.0603437
0.00079981 0.362808 -0.0576563
-0.00690845 0.362808 -0.0576563
-0.00690845 0.370033 -0.0603437
-0.00266891 0.368125 -0.0555221
-0.00266891 0.367403 -0.0552533
-0.00343973 0.367403 -0.0552533
-0.00343973 0.368125 -0.0555221
-0.00305432 0.367764 -0.0553877
INDEX = 14
4 5 7
6 7 5
1 2 5
6 5 2
0 1 4
5 4 1
7 6 3
2 3 6
4 7 0
3 0 7
8 1 0
8 2 1
8 3 2
8 0 3
FACE-NORMAL = 14
-1.52698e-007 -0.348648 -0.937254
-1.52698e-007 -0.348648 -0.937254
0.0 0.463422 -0.886138
0.0 0.463421 -0.886138
-0.743294 -0.233233 -0.626989
-0.743294 -0.233233 -0.62699
0.743294 -0.233234 -0.62699
0.743294 -0.233234 -0.62699
-1.81027e-007 -0.929889 -0.367841
-1.81027e-007 -0.929889 -0.367841
0.707107 0.246532 0.662738
0.0 -0.416207 0.90927
-0.707107 0.246532 0.662738
1.83011e-007 0.90927 0.416207
BONE = 1
BONE_NAME = Bone_Pelvis
PARENT_ID = 0
LOCALTM 
MAT 0.0 -0.268747 -0.72246 0.0
MAT 0.770826 0.0 0.0 0.0
MAT 0.0 -0.72246 0.268747 0.0
MAT -0.00305432 0.367764 -0.0553877 1.0
WORLDTM 
MAT 0.0 -0.268747 -0.72246 0.0
MAT 0.770826 0.0 0.0 0.0
MAT 0.0 -0.72246 0.268747 0.0
MAT -0.00305432 0.367764 -0.0553877 1.0
VERTEX = 9
0.000799784 0.306304 -0.230385
0.000799784 0.299417 -0.226923
-0.00690848 0.299417 -0.226923
-0.00690848 0.306304 -0.230385
-0.00266894 0.304936 -0.225384
-0.00266894 0.304247 -0.225037
-0.00343976 0.304247 -0.225037
-0.00343976 0.304936 -0.225384
-0.00305435 0.304592 -0.225211
INDEX = 14
4 5 7
6 7 5
1 2 5
6 5 2
0 1 4
5 4 1
7 6 3
2 3 6
4 7 0
3 0 7
8 1 0
8 2 1
8 3 2
8 0 3
FACE-NORMAL = 14
-1.91519e-007 -0.44913 -0.893466
-1.91519e-007 -0.44913 -0.893466
0.0 0.363656 -0.931533
0.0 0.363656 -0.931533
-0.743294 -0.300452 -0.597697
-0.743294 -0.300452 -0.597697
0.743294 -0.300453 -0.597698
0.743294 -0.300452 -0.597697
-1.70769e-007 -0.964561 -0.263861
-1.70769e-007 -0.964561 -0.263861
0.707107 0.317583 0.631776
0.0 -0.314193 0.949359
-0.707107 0.317583 0.631776
1.75997e-007 0.949359 0.314193
BONE = 2
BONE_NAME = Bone_Chest
PARENT_ID = 1
LOCALTM 
MAT 0.993993 0.0 0.109443 0.0
MAT 0.0 1.0 0.0 0.0
MAT -0.109444 0.0 0.993993 0.0
MAT 0.235062 0.0 0.0 1.0
WORLDTM 
MAT -1.47628e-007 -0.346202 -0.688707 0.0
MAT 0.770827 0.0 0.0 0.0
MAT 0.0 -0.688707 0.346202 0.0
MAT -0.00305435 0.304592 -0.225211 1.0
VERTEX = 9
0.000799723 0.258624 -0.327177
0.000799726 0.252345 -0.322706
-0.00690854 0.252345 -0.322706
-0.00690854 0.258624 -0.327177
-0.00266899 0.257222 -0.323166
-0.00266899 0.256594 -0.322718
-0.00343982 0.256594 -0.322718
-0.00343982 0.257222 -0.323166
-0.00305441 0.256908 -0.322942
INDEX = 14
4 5 7
6 7 5
1 2 5
6 5 2
0 1 4
5 4 1
7 6 3
2 3 6
4 7 0
3 0 7
8 1 0
8 2 1
8 3 2
8 0 3
FACE-NORMAL = 14
-1.97661e-007 -0.58004 -0.814588
-1.97661e-007 -0.58004 -0.814588
-3.90869e-007 0.217452 -0.976071
-3.90869e-007 0.217452 -0.976071
-0.743294 -0.388026 -0.544931
-0.743294 -0.388026 -0.544931
0.743294 -0.388027 -0.544931
0.743294 -0.388027 -0.544931
1.26412e-007 -0.993505 -0.11379
1.26412e-007 -0.993505 -0.11379
0.707107 0.41015 0.576001
3.85816e-007 -0.16585 0.986151
-0.707107 0.41015 0.576001
0.0 0.986151 0.16585
BONE = 3
BONE_NAME = Bone_Head
PARENT_ID = 2
LOCALTM 
MAT 0.629396 0.0 0.097047 0.0
MAT 0.0 1.0 2.53517e-007 0.0
MAT -0.15239 3.75488e-007 0.988321 0.0
MAT 0.141064 0.0 -0.00167459 1.0
WORLDTM 
MAT 0.0 -0.284735 -0.399872 0.0
MAT 0.770827 -2.68221e-007 0.0 0.0
MAT 2.68221e-007 -0.627906 0.44711 0.0
MAT -0.00305441 0.256908 -0.322942 1.0
VERTEX = 9
0.00432599 0.288352 -0.356016
-0.000464081 0.29489 -0.344789
0.00187084 0.281435 -0.344522
0.00666092 0.274897 -0.355749
0.000122739 0.285073 -0.351291
-0.000356269 0.285727 -0.350168
-0.000122776 0.284382 -0.350141
0.000356231 0.283728 -0.351264
0.0 0.284727 -0.350716
INDEX = 14
4 5 7
6 7 5
1 2 5
6 5 2
0 1 4
5 4 1
7 6 3
2 3 6
4 7 0
3 0 7
8 1 0
8 2 1
8 3 2
8 0 3
FACE-NORMAL = 14
0.988351 0.0529171 0.142693
0.988351 0.0529171 0.142693
0.838252 -0.288056 -0.462988
0.838252 -0.288056 -0.462988
0.745163 -0.658726 0.10398
0.745163 -0.658726 0.10398
0.569021 0.817791 0.0862115
0.569021 0.817791 0.0862115
0.451766 0.431997 0.780568
0.451766 0.431997 0.780568
-0.774723 0.622935 -0.108424
-0.860838 0.270491 0.431037
-0.616005 -0.782257 -0.0927986
-0.508266 -0.415438 -0.754372
BONE = 4
BONE_NAME = Ref_Head
PARENT_ID = 3
LOCALTM 
MAT -0.187667 0.803926 0.0322607 0.0
MAT -1.54548 -0.302911 -1.44193 0.0
MAT -2.63558 -0.621421 0.153886 0.0
MAT 0.0132175 0.0039625 -0.0502982 1.0
WORLDTM 
MAT 0.619687 0.0331785 0.0894669 0.0
MAT -0.233492 1.34545 -0.0267085 0.0
MAT -0.479008 0.653814 1.1227 0.0
MAT 0.0 0.284727 -0.350716 1.0
VERTEX = 9
-0.10944 0.268568 -0.122631
-0.109553 0.270829 -0.115263
-0.117261 0.270819 -0.115379
-0.117147 0.268557 -0.122747
-0.112947 0.273265 -0.120499
-0.112958 0.273491 -0.119762
-0.113729 0.27349 -0.119773
-0.113718 0.273264 -0.12051
-0.113338 0.273378 -0.120136
INDEX = 14
4 5 7
6 7 5
1 2 5
6 5 2
0 1 4
5 4 1
7 6 3
2 3 6
4 7 0
3 0 7
8 1 0
8 2 1
8 3 2
8 0 3
FACE-NORMAL = 14
-0.00315875 -0.955991 0.293378
-0.00315875 -0.955991 0.293378
0.00883232 -0.857601 -0.514239
0.00883232 -0.857601 -0.514239
-0.745323 -0.640491 0.185107
-0.745323 -0.640492 0.185107
0.741097 -0.638558 0.207413
0.741097 -0.638557 0.207413
-0.0130585 -0.421448 0.906759
-0.0130585 -0.421448 0.906759
0.70926 0.676908 -0.19684
-0.00817896 0.883448 0.468459
-0.704793 0.675068 -0.21806
0.0126461 0.468528 -0.883358
BONE = 5
BONE_NAME = Bone_Leg Right Front
PARENT_ID = 2
LOCALTM 
MAT 0.167241 -0.00315866 0.98591 0.0
MAT -0.0139908 0.999887 0.00557672 0.0
MAT -0.985817 -0.0147257 0.167178 0.0
MAT -0.103605 -0.143072 0.097403 1.0
WORLDTM 
MAT -0.00243485 -0.736902 0.226143 0.0
MAT 0.770739 0.0010028 0.0115661 0.0
MAT -0.0113508 0.226154 0.736817 0.0
MAT -0.113338 0.273378 -0.120136 1.0
VERTEX = 9
-0.10987 0.132137 -0.0817741
-0.109965 0.125752 -0.0774568
-0.117673 0.12579 -0.0775711
-0.117577 0.132175 -0.0818883
-0.113418 0.13144 -0.0766903
-0.113427 0.130802 -0.0762586
-0.114198 0.130806 -0.07627
-0.114189 0.131444 -0.0767017
-0.113808 0.131123 -0.0764802
INDEX = 14
4 5 7
6 7 5
1 2 5
6 5 2
0 1 4
5 4 1
7 6 3
2 3 6
4 7 0
3 0 7
8 1 0
8 2 1
8 3 2
8 0 3
FACE-NORMAL = 14
0.00951696 -0.560192 -0.828308
0.00951696 -0.560192 -0.828308
0.0155699 0.240957 -0.970411
0.0155699 0.240957 -0.970411
-0.736837 -0.371088 -0.565124
-0.736837 -0.371088 -0.565125
0.74957 -0.37841 -0.543093
0.74957 -0.37841 -0.543093
-0.00283686 -0.990455 -0.137806
-0.00283686 -0.990455 -0.137806
0.700291 0.392633 0.596182
-0.0154848 -0.189614 0.981737
-0.71375 0.399599 0.575223
0.0020258 0.981846 0.189667
BONE = 6
BONE_NAME = Bone_Leg Right Front 01
PARENT_ID = 5
LOCALTM 
MAT 0.292501 -0.00364093 -0.956257 0.0
MAT 0.00589838 0.999982 -0.00200311 0.0
MAT 0.956247 -0.00505439 0.292518 0.0
MAT 0.193044 0.0 0.0 1.0
WORLDTM 
MAT 0.00733591 -0.43181 -0.638481 0.0
MAT 0.770734 -0.00379676 0.0114239 0.0
MAT -0.00954426 -0.638511 0.431723 0.0
MAT -0.113808 0.131123 -0.0764802 1.0
VERTEX = 9
-0.108407 0.0441632 -0.214181
-0.108456 0.036547 -0.212994
-0.116165 0.0365987 -0.212983
-0.116115 0.0442149 -0.21417
-0.111889 0.0413526 -0.209834
-0.111894 0.040591 -0.209715
-0.112664 0.0405962 -0.209714
-0.112659 0.0413578 -0.209833
-0.112276 0.0409744 -0.209774
INDEX = 14
4 5 7
6 7 5
1 2 5
6 5 2
0 1 4
5 4 1
7 6 3
2 3 6
4 7 0
3 0 7
8 1 0
8 2 1
8 3 2
8 0 3
FACE-NORMAL = 14
-0.00241667 -0.15398 -0.988071
-0.00241667 -0.15398 -0.988071
0.00314745 0.631404 -0.775448
0.00314745 0.631404 -0.775448
-0.744893 -0.0980223 -0.659944
-0.744893 -0.0980223 -0.659944
0.741661 -0.107992 -0.662025
0.741661 -0.107992 -0.662025
-0.0063808 -0.837421 -0.546521
-0.0063808 -0.837421 -0.546521
0.708799 0.104138 0.697682
-0.00282333 -0.589776 0.807562
-0.705382 0.113623 0.699661
0.00624104 0.807539 0.589781
BONE = 7
BONE_NAME = Bone_Foot Right Front
PARENT_ID = 6
LOCALTM 
MAT 0.904659 -0.0163006 -0.425815 0.0
MAT 0.0144331 0.999871 -0.0076101 0.0
MAT 0.425883 0.000740358 0.904778 0.0
MAT 0.208768 0.0 6.55651e-007 1.0
WORLDTM 
MAT -0.00186283 -0.118691 -0.761627 0.0
MAT 0.770813 -0.00516951 -0.00107833 0.0
MAT -0.00494058 -0.761615 0.118704 0.0
MAT -0.112276 0.0409744 -0.209774 1.0
VERTEX = 9
0.112278 0.268382 -0.12145
0.113095 0.270443 -0.114068
0.105527 0.271837 -0.11362
0.10471 0.269776 -0.121002
0.109848 0.273584 -0.119012
0.109929 0.273791 -0.118274
0.109172 0.27393 -0.118229
0.109091 0.273724 -0.118968
0.10951 0.273757 -0.118621
INDEX = 14
4 5 7
6 7 5
1 2 5
6 5 2
0 1 4
5 4 1
7 6 3
2 3 6
4 7 0
3 0 7
8 1 0
8 2 1
8 3 2
8 0 3
FACE-NORMAL = 14
-0.157671 -0.946442 0.281759
-0.157671 -0.946442 0.281759
-0.184273 -0.831935 -0.523381
-0.184273 -0.831935 -0.523381
-0.835231 -0.498694 0.231719
-0.835231 -0.498694 0.231719
0.624279 -0.767579 0.145256
0.624279 -0.767578 0.145256
-0.0266794 -0.434337 0.900355
-0.0266793 -0.434337 0.900355
0.805717 0.541338 -0.240361
0.186451 0.858356 0.477977
-0.582737 0.797132 -0.158107
0.0365295 0.480115 -0.876445
BONE = 8
BONE_NAME = Bone_Leg Left Front
PARENT_ID = 2
LOCALTM 
MAT 0.173333 -0.15767 0.97216 0.0
MAT 0.133202 0.981785 0.135482 0.0
MAT -0.975814 0.10601 0.191178 0.0
MAT -0.105582 0.146031 0.097846 1.0
WORLDTM 
MAT -0.121537 -0.729542 0.217187 0.0
MAT 0.756786 -0.139422 -0.0448329 0.0
MAT 0.0817155 0.206162 0.738236 0.0
MAT 0.10951 0.273757 -0.118621 1.0
VERTEX = 9
0.08976 0.133393 -0.0823642
0.0888541 0.127235 -0.0778161
0.0812863 0.128644 -0.0774159
0.0821922 0.134802 -0.0819639
0.0865224 0.133465 -0.0770321
0.0864318 0.132849 -0.0765773
0.085675 0.13299 -0.0765373
0.0857656 0.133606 -0.0769921
0.0860987 0.133228 -0.0767847
INDEX = 14
4 5 7
6 7 5
1 2 5
6 5 2
0 1 4
5 4 1
7 6 3
2 3 6
4 7 0
3 0 7
8 1 0
8 2 1
8 3 2
8 0 3
FACE-NORMAL = 14
-0.149332 -0.57317 -0.805714
-0.149332 -0.57317 -0.805714
-0.0125435 0.210302 -0.977556
-0.0125436 0.210302 -0.977556
-0.829648 -0.247556 -0.5004
-0.829648 -0.247556 -0.5004
0.629852 -0.519305 -0.577589
0.629852 -0.519305 -0.577589
-0.187253 -0.977164 -0.100433
-0.187253 -0.977164 -0.100433
0.799816 0.276033 0.533011
0.0224922 -0.159534 0.986936
-0.588628 0.534552 0.606441
0.188696 0.97012 0.152516
BONE = 9
BONE_NAME = Bone_Leg Left Front 01
PARENT_ID = 8
LOCALTM 
MAT 0.339 0.00392154 -0.940777 0.0
MAT 0.00358251 0.999979 0.00545914 0.0
MAT 0.940779 -0.00522062 0.338979 0.0
MAT 0.192627 0.0 0.0 1.0
WORLDTM 
MAT -0.115109 -0.441814 -0.621065 0.0
MAT 0.756781 -0.140907 -0.0400237 0.0
MAT -0.0905902 -0.615725 0.454806 0.0
MAT 0.0860987 0.133228 -0.0767847 1.0
VERTEX = 9
0.0665123 0.043303 -0.21085
0.0652443 0.0358629 -0.209284
0.0576411 0.0371005 -0.20956
0.058909 0.0445407 -0.211126
0.0625128 0.0413072 -0.206498
0.062386 0.0405632 -0.206342
0.0616257 0.040687 -0.206369
0.0617525 0.041431 -0.206526
0.0620692 0.0409971 -0.206434
INDEX = 14
4 5 7
6 7 5
1 2 5
6 5 2
0 1 4
5 4 1
7 6 3
2 3 6
4 7 0
3 0 7
8 1 0
8 2 1
8 3 2
8 0 3
FACE-NORMAL = 14
0.00192952 -0.206351 -0.978476
0.00192952 -0.206351 -0.978476
0.123558 0.579397 -0.805626
0.123558 0.579397 -0.805626
-0.731877 -0.0186968 -0.68118
-0.731877 -0.0186969 -0.68118
0.734458 -0.257386 -0.627952
0.734458 -0.257386 -0.627952
-0.120976 -0.85548 -0.503506
-0.120976 -0.85548 -0.503506
0.696109 0.0323777 0.717206
-0.117679 -0.536597 0.835593
-0.698838 0.259446 0.666569
0.11495 0.828422 0.548182
BONE = 10
BONE_NAME = Bone_Foot Left Front
PARENT_ID = 9
LOCALTM 
MAT 0.906357 0.0904211 -0.41272 0.0
MAT -0.084118 0.995896 0.0334578 0.0
MAT 0.414051 0.00439319 0.910244 0.0
MAT 0.208753 0.0 5.81145e-007 1.0
WORLDTM 
MAT 0.00148732 -0.15906 -0.754233 0.0
MAT 0.760327 -0.123765 0.0276001 0.0
MAT -0.126796 -0.744013 0.156656 0.0
MAT 0.0620692 0.0409971 -0.206434 1.0
VERTEX = 9
0.000799872 0.35112 -0.0320235
0.00079989 0.356728 -0.0267354
-0.00690838 0.356728 -0.0267353
-0.00690839 0.351119 -0.0320234
-0.00266891 0.356287 -0.032448
-0.00266891 0.356848 -0.0319192
-0.00343973 0.356848 -0.0319192
-0.00343973 0.356287 -0.032448
-0.00305432 0.356568 -0.0321836
INDEX = 14
4 5 7
6 7 5
1 2 5
6 5 2
0 1 4
5 4 1
7 6 3
2 3 6
4 7 0
3 0 7
8 1 0
8 2 1
8 3 2
8 0 3
FACE-NORMAL = 14
1.76154e-005 -0.686033 0.72757
1.76154e-005 -0.686033 0.72757
1.00484e-005 -0.999731 -0.0232055
1.00485e-005 -0.999731 -0.0232053
-0.743282 -0.45894 0.48673
-0.743282 -0.45894 0.48673
0.743306 -0.458924 0.486708
0.743306 -0.458924 0.486708
1.35198e-005 0.0818667 0.996643
1.35198e-005 0.0818669 0.996643
0.707094 0.485106 -0.51448
-1.08048e-005 0.999569 -0.0293713
-0.707119 0.485091 -0.51446
-1.41071e-005 -0.0293713 -0.999569
BONE = 11
BONE_NAME = Bone_Tail
PARENT_ID = 1
LOCALTM 
MAT -0.442733 1.7643e-005 0.896653 0.0
MAT 9.74001e-006 1.0 -1.48672e-005 0.0
MAT -0.896653 2.15118e-006 -0.442734 0.0
MAT -0.02315 0.0 0.024109 1.0
WORLDTM 
MAT 1.35784e-005 -0.528812 0.56083 0.0
MAT 0.770827 8.00567e-006 -1.11141e-005 0.0
MAT 1.79994e-006 0.56083 0.528812 0.0
MAT -0.00305432 0.356568 -0.0321836 1.0
VERTEX = 9
0.00100561 0.227355 0.102585
0.0010056 0.234114 0.106291
-0.00669142 0.233914 0.106656
-0.0066914 0.227155 0.10295
-0.00266626 0.232157 0.101042
-0.00266626 0.232832 0.101413
-0.00343596 0.232812 0.101449
-0.00343596 0.232136 0.101079
-0.00305111 0.232484 0.101246
INDEX = 14
4 5 7
6 7 5
1 2 5
6 5 2
0 1 4
5 4 1
7 6 3
2 3 6
4 7 0
3 0 7
8 1 0
8 2 1
8 3 2
8 0 3
FACE-NORMAL = 14
0.0540213 -0.480074 0.875563
0.0540213 -0.480074 0.875563
0.0361402 -0.972905 0.228362
0.0361402 -0.972905 0.228362
-0.70607 -0.340459 0.620929
-0.70607 -0.340459 0.620929
0.778347 -0.301847 0.550513
0.778347 -0.301847 0.550513
0.0361365 0.330599 0.943079
0.0361365 0.330599 0.943079
0.667875 0.35783 -0.65261
-0.0382006 0.959486 -0.279156
-0.744273 0.321098 -0.585623
-0.0381971 -0.280558 -0.959077
BONE = 12
BONE_NAME = Bone_Tail 01
PARENT_ID = 11
LOCALTM 
MAT 0.96638 0.0540036 0.251377 0.0
MAT -0.0522643 0.998541 -0.0135955 0.0
MAT -0.251744 -2.99713e-007 0.967793 0.0
MAT 0.236375 0.0 0.00163144 1.0
WORLDTM 
MAT 0.041641 -0.370053 0.674906 0.0
MAT 0.769702 0.0200212 -0.036512 0.0
MAT -1.90735e-006 0.675894 0.370595 0.0
MAT -0.00305111 0.232484 0.101246 1.0
VERTEX = 9
0.00985171 0.135644 0.275411
0.0085885 0.143214 0.276124
0.00170888 0.142384 0.272748
0.00297208 0.134814 0.272035
0.00780705 0.139272 0.270766
0.00768073 0.140029 0.270837
0.00699277 0.139946 0.2705
0.00711909 0.139189 0.270429
0.00739991 0.139609 0.270633
INDEX = 14
4 5 7
6 7 5
1 2 5
6 5 2
0 1 4
5 4 1
7 6 3
2 3 6
4 7 0
3 0 7
8 1 0
8 2 1
8 3 2
8 0 3
FACE-NORMAL = 14
-0.42023 -0.154302 0.894202
-0.42023 -0.154302 0.894202
-0.159311 -0.833241 0.529461
-0.159311 -0.833241 0.529462
-0.944507 -0.183261 0.27262
-0.944507 -0.183261 0.27262
0.38227 -0.0231849 0.92376
0.38227 -0.0231848 0.92376
-0.402927 0.626794 0.666918
-0.402927 0.626794 0.666918
0.928238 0.18525 -0.322577
0.181269 0.803585 -0.566914
-0.333944 0.0329669 -0.942016
0.413025 -0.585367 -0.697678
BONE = 13
BONE_NAME = Bone_Tail 02
PARENT_ID = 12
LOCALTM 
MAT 0.834304 -0.465978 0.294612 0.0
MAT 0.380025 0.873245 0.305002 0.0
MAT -0.399394 -0.142507 0.905637 0.0
MAT 0.250979 0.0 0.0 1.0
WORLDTM 
MAT -0.323923 -0.11894 0.689273 0.0
MAT 0.687962 0.0830029 0.33763 0.0
MAT -0.126321 0.757058 0.0712747 0.0
MAT 0.00739991 0.139609 0.270633 1.0
VERTEX = 9
-0.0750386 0.114507 0.445929
-0.0736843 0.121306 0.442558
-0.0770803 0.118786 0.436113
-0.0784345 0.111988 0.439484
-0.0725643 0.115124 0.440235
-0.0724289 0.115804 0.439898
-0.0727685 0.115552 0.439254
-0.0729039 0.114872 0.439591
-0.0726664 0.115338 0.439745
INDEX = 14
4 5 7
6 7 5
1 2 5
6 5 2
0 1 4
5 4 1
7 6 3
2 3 6
4 7 0
3 0 7
8 1 0
8 2 1
8 3 2
8 0 3
FACE-NORMAL = 14
-0.880363 0.339571 0.331138
-0.880363 0.339571 0.331138
-0.719521 -0.428402 0.546591
-0.719521 -0.428402 0.546591
-0.916398 -0.0157754 -0.399958
-0.916398 -0.0157753 -0.399957
-0.261466 0.470098 0.842997
-0.261466 0.470098 0.842997
-0.458344 0.882722 -0.103552
-0.458344 0.882722 -0.103552
0.934034 -0.00900396 0.357071
0.746742 0.383534 -0.543396
0.310987 -0.471223 -0.82537
0.49828 -0.863758 0.0750953
BONE = 14
BONE_NAME = Bone_Tail 03
PARENT_ID = 13
LOCALTM 
MAT 0.61366 -0.604112 0.508391 0.0
MAT 0.512086 0.794619 0.326114 0.0
MAT -0.600992 0.0602142 0.796987 0.0
MAT 0.244688 1.49012e-007 0.00638323 1.0
WORLDTM 
MAT -0.678605 0.26175 0.255249 0.0
MAT 0.339597 0.251936 0.644498 0.0
MAT 0.135425 0.679845 -0.337112 0.0
MAT -0.0726664 0.115338 0.439745 1.0
VERTEX = 9
-0.190733 0.158956 0.48909
-0.189379 0.165755 0.485719
-0.192163 0.163014 0.479074
-0.193517 0.156216 0.482445
-0.187847 0.15959 0.483596
-0.187712 0.16027 0.483259
-0.18799 0.159996 0.482594
-0.188126 0.159316 0.482932
-0.187919 0.159793 0.483095
INDEX = 14
4 5 7
6 7 5
1 2 5
6 5 2
0 1 4
5 4 1
7 6 3
2 3 6
4 7 0
3 0 7
8 1 0
8 2 1
8 3 2
8 0 3
FACE-NORMAL = 14
-0.915803 0.309408 0.25607
-0.915803 0.309408 0.25607
-0.743229 -0.44858 0.496374
-0.743229 -0.44858 0.496374
-0.881089 -0.0572772 -0.469469
-0.881089 -0.0572771 -0.469469
-0.34419 0.471243 0.812073
-0.34419 0.471243 0.812073
-0.482051 0.862544 -0.153769
-0.482051 0.862544 -0.153769
0.90295 0.0326102 0.428506
0.771802 0.404862 -0.490315
0.39219 -0.470179 -0.790644
0.52334 -0.842429 0.128176
BONE = 15
BONE_NAME = Bone01
PARENT_ID = 14
LOCALTM 
MAT 0.996099 -0.0882363 -1.49012e-007 0.0
MAT 0.0882372 0.996099 -3.27826e-007 0.0
MAT -6.85453e-007 1.19209e-007 1.0 0.0
MAT 0.169837 0.0 0.0 1.0
WORLDTM 
MAT -0.705923 0.238499 0.197385 0.0
MAT 0.278394 0.274049 0.664507 0.0
MAT 0.135425 0.679845 -0.337113 0.0
MAT -0.187919 0.159793 0.483095 1.0
VERTEX = 9
-0.109624 0.306423 -0.0385925
-0.109818 0.31051 -0.0320602
-0.11751 0.310796 -0.0324676
-0.117316 0.306709 -0.0389999
-0.112944 0.311655 -0.0378722
-0.112963 0.312064 -0.037219
-0.113732 0.312093 -0.0372597
-0.113713 0.311684 -0.037913
-0.113338 0.311874 -0.037566
INDEX = 14
4 5 7
6 7 5
1 2 5
6 5 2
0 1 4
5 4 1
7 6 3
2 3 6
4 7 0
3 0 7
8 1 0
8 2 1
8 3 2
8 0 3
FACE-NORMAL = 14
-0.0594696 -0.847007 0.528245
-0.0594696 -0.847007 0.528245
-0.0210803 -0.960776 -0.276524
-0.0210803 -0.960776 -0.276524
-0.781526 -0.539037 0.314095
-0.781526 -0.539037 0.314096
0.70196 -0.594198 0.392659
0.70196 -0.594198 0.392659
-0.0584858 -0.17246 0.983279
-0.0584858 -0.17246 0.983279
0.747682 0.572687 -0.336156
0.0242591 0.973893 0.225709
-0.66358 0.625162 -0.410895
0.0598435 0.223956 -0.97276
BONE = 16
BONE_NAME = Bone_Leg Right Rear
PARENT_ID = 1
LOCALTM 
MAT -0.199792 -0.0594695 0.978032 0.0
MAT -0.0365955 0.997913 0.0532026 0.0
MAT -0.979155 -0.0251621 -0.201551 0.0
MAT 0.00360981 -0.143072 0.0760181 1.0
WORLDTM 
MAT -0.0458407 -0.652895 0.407185 0.0
MAT 0.769218 -0.0286019 0.0407368 0.0
MAT -0.0193955 0.408758 0.653233 0.0
MAT -0.113338 0.311874 -0.037566 1.0
VERTEX = 9
-0.120069 0.162631 0.0567485
-0.119744 0.170322 0.0571498
-0.127432 0.170669 0.0567076
-0.127757 0.162978 0.0563062
-0.123153 0.166439 0.0528875
-0.12312 0.167208 0.0529277
-0.123889 0.167243 0.0528834
-0.123922 0.166474 0.0528433
-0.123521 0.166841 0.0528855
INDEX = 14
4 5 7
6 7 5
1 2 5
6 5 2
0 1 4
5 4 1
7 6 3
2 3 6
4 7 0
3 0 7
8 1 0
8 2 1
8 3 2
8 0 3
FACE-NORMAL = 14
-0.0595916 -0.0495178 0.996994
-0.0595916 -0.0495178 0.996994
-0.0711624 -0.774751 0.628249
-0.0711624 -0.774751 0.628249
-0.781177 0.00038461 0.624309
-0.781177 0.000384595 0.624309
0.701448 -0.0666359 0.709599
0.701448 -0.0666359 0.709599
-0.00856689 0.7085 0.705659
-0.00856688 0.7085 0.705659
0.747359 0.00313555 -0.664412
0.0719116 0.740534 -0.66816
-0.663084 0.0668932 -0.74555
0.0123636 -0.670505 -0.741802
BONE = 17
BONE_NAME = Bone_Leg Right Rear 01
PARENT_ID = 16
LOCALTM 
MAT 0.572143 -0.00494046 0.820139 0.0
MAT 0.0091818 0.999958 -0.000381749 0.0
MAT -0.820103 0.00774866 0.572164 0.0
MAT 0.222138 0.0 0.0 1.0
WORLDTM 
MAT -0.0459347 -0.0381696 0.768509 0.0
MAT 0.768772 -0.0347515 0.0442244 0.0
MAT 0.0324571 0.769096 0.0401387 0.0
MAT -0.123521 0.166841 0.0528855 1.0
VERTEX = 9
-0.128662 0.154077 0.199774
-0.128881 0.157885 0.206473
-0.136571 0.158197 0.206043
-0.136352 0.154389 0.199345
-0.131979 0.159278 0.2007
-0.132001 0.159659 0.20137
-0.13277 0.15969 0.201327
-0.132748 0.159309 0.200657
-0.132375 0.159484 0.201014
INDEX = 14
4 5 7
6 7 5
1 2 5
6 5 2
0 1 4
5 4 1
7 6 3
2 3 6
4 7 0
3 0 7
8 1 0
8 2 1
8 3 2
8 0 3
FACE-NORMAL = 14
-0.0627201 -0.868513 0.491683
-0.0627201 -0.868513 0.491683
-0.0207646 -0.9482 -0.316995
-0.0207646 -0.9482 -0.316995
-0.783486 -0.550913 0.287482
-0.783485 -0.550913 0.287482
0.69957 -0.611096 0.370355
0.69957 -0.611096 0.370355
-0.0631505 -0.213809 0.974832
-0.0631505 -0.213808 0.974832
0.749776 0.585504 -0.308253
0.0241886 0.96345 0.266795
-0.661077 0.642758 -0.387092
0.064511 0.264812 -0.96214
BONE = 18
BONE_NAME = Bone_Leg Right Rear 02
PARENT_ID = 17
LOCALTM 
MAT 0.536949 0.00481177 -0.8436 0.0
MAT -0.00186531 0.999989 0.00451642 0.0
MAT 0.843613 -0.000851678 0.536953 0.0
MAT 0.192748 0.0 4.61936e-007 1.0
WORLDTM 
MAT -0.0483462 -0.669471 0.379002 0.0
MAT 0.768996 -0.0312064 0.0429717 0.0
MAT -0.021978 0.380797 0.669839 0.0
MAT -0.132375 0.159484 0.201014 1.0
VERTEX = 9
-0.138761 0.0206407 0.277788
-0.139024 0.0129369 0.277798
-0.146727 0.0132001 0.277946
-0.146464 0.0209039 0.277936
-0.142272 0.0172948 0.281713
-0.142298 0.0165244 0.281714
-0.143068 0.0165507 0.281728
-0.143042 0.0173211 0.281727
-0.14267 0.0169228 0.28172
INDEX = 14
4 5 7
6 7 5
1 2 5
6 5 2
0 1 4
5 4 1
7 6 3
2 3 6
4 7 0
3 0 7
8 1 0
8 2 1
8 3 2
8 0 3
FACE-NORMAL = 14
-0.019264 -0.000610889 -0.999814
-0.019264 -0.000610889 -0.999814
0.0124789 0.742452 -0.669783
0.0124789 0.742452 -0.669783
-0.75561 0.0249699 -0.654545
-0.75561 0.0249699 -0.654545
0.729836 -0.0257872 -0.683136
0.729836 -0.0257872 -0.683136
-0.0382527 -0.743269 -0.667898
-0.0382527 -0.743269 -0.667898
0.720186 -0.023711 0.693376
-0.0105092 -0.706263 0.707872
-0.692942 0.0245749 0.720575
0.0377526 0.707126 0.706079
BONE = 19
BONE_NAME = Bone_Foot Right Rear
PARENT_ID = 18
LOCALTM 
MAT -0.489852 -0.0749304 -0.868576 0.0
MAT -0.0424747 0.99717 -0.0620703 0.0
MAT 0.87077 0.00648585 -0.491649 0.0
MAT 0.212946 0.0 0.0 1.0
WORLDTM 
MAT -0.0148491 -0.000470888 -0.770681 0.0
MAT 0.770237 -0.0263187 -0.014825 0.0
MAT -0.0263054 -0.770376 0.000976576 0.0
MAT -0.14267 0.0169228 0.28172 1.0
VERTEX = 9
-0.141545 0.0208512 0.135217
-0.141732 0.0131625 0.1347
-0.149437 0.0133397 0.13485
-0.14925 0.0210284 0.135366
-0.145027 0.0172111 0.138896
-0.145046 0.0164422 0.138845
-0.145817 0.0164599 0.13886
-0.145798 0.0172288 0.138911
-0.145422 0.0168355 0.138878
INDEX = 14
4 5 7
6 7 5
1 2 5
6 5 2
0 1 4
5 4 1
7 6 3
2 3 6
4 7 0
3 0 7
8 1 0
8 2 1
8 3 2
8 0 3
FACE-NORMAL = 14
-0.0178116 0.0674473 -0.997564
-0.0178116 0.0674473 -0.997564
0.00611031 0.786525 -0.617528
0.0061103 0.786525 -0.617528
-0.754873 0.062212 -0.652914
-0.754873 0.062212 -0.652914
0.731042 0.0280278 -0.681756
0.731042 0.0280278 -0.681756
-0.0299409 -0.696284 -0.717142
-0.0299409 -0.696284 -0.717142
0.719381 -0.0639524 0.691665
-0.00455335 -0.753002 0.658002
-0.694192 -0.0314325 0.719103
0.0297427 0.657616 0.752766
BONE = 20
BONE_NAME = Bone_Foot Right Rear 01
PARENT_ID = 19
LOCALTM 
MAT 0.997674 -0.000915787 -0.0680646 0.0
MAT 0.00015636 0.999942 -0.0111528 0.0
MAT 0.0680729 0.0111138 0.997622 0.0
MAT 0.185346 0.0 0.0 1.0
WORLDTM 
MAT -0.0137295 0.0519896 -0.768941 0.0
MAT 0.770483 -0.0177253 -0.0149556 0.0
MAT -0.0186934 -0.768869 -0.051653 0.0
MAT -0.145422 0.0168355 0.138878 1.0
VERTEX = 9
0.113619 0.308469 -0.0415765
0.113856 0.308406 -0.0338722
0.106192 0.307612 -0.0336425
0.105955 0.307675 -0.0413469
0.109881 0.311917 -0.0379627
0.109905 0.31191 -0.0371923
0.109139 0.311831 -0.0371693
0.109115 0.311837 -0.0379397
0.10951 0.311874 -0.037566
INDEX = 14
4 5 7
6 7 5
1 2 5
6 5 2
0 1 4
5 4 1
7 6 3
2 3 6
4 7 0
3 0 7
8 1 0
8 2 1
8 3 2
8 0 3
FACE-NORMAL = 14
0.102657 -0.994653 -0.0112934
0.102657 -0.994653 -0.0112934
0.0457812 -0.659315 -0.750472
0.0457813 -0.659315 -0.750472
-0.670339 -0.741912 0.0145915
-0.670339 -0.741912 0.0145915
0.807687 -0.588863 -0.0297012
0.807687 -0.588863 -0.0297012
0.0915672 -0.67146 0.735362
0.0915671 -0.67146 0.735362
0.630444 0.776124 -0.0130826
-0.0508114 0.697549 0.714734
-0.775623 0.630527 0.0290538
-0.0943682 0.709103 -0.698762
BONE = 21
BONE_NAME = Bone_Leg Left Rear
PARENT_ID = 1
LOCALTM 
MAT 0.357369 0.102658 0.928304 0.0
MAT -0.00796906 0.99424 -0.106881 0.0
MAT -0.933929 0.0307992 0.356129 0.0
MAT 0.00360982 0.146031 0.0760181 1.0
WORLDTM 
MAT 0.0791311 -0.766705 -0.00870523 0.0
MAT 0.766387 0.0793587 -0.0229667 0.0
MAT 0.0237409 -0.00629769 0.770435 0.0
MAT 0.10951 0.311874 -0.037566 1.0
VERTEX = 9
0.131247 0.138537 -0.0352865
0.130678 0.146169 -0.0362002
0.122991 0.145613 -0.0360592
0.12356 0.137981 -0.0351455
0.127495 0.14126 -0.0394605
0.127438 0.142024 -0.0395519
0.12667 0.141968 -0.0395378
0.126727 0.141205 -0.0394464
0.127082 0.141614 -0.0394991
INDEX = 14
4 5 7
6 7 5
1 2 5
6 5 2
0 1 4
5 4 1
7 6 3
2 3 6
4 7 0
3 0 7
8 1 0
8 2 1
8 3 2
8 0 3
FACE-NORMAL = 14
0.00955933 0.119555 0.992782
0.00955933 0.119555 0.992782
0.0612509 -0.656035 0.752241
0.0612509 -0.656035 0.752241
-0.734839 0.0263604 0.677729
-0.734839 0.0263604 0.677729
0.747627 0.133595 0.650543
0.747627 0.133595 0.650543
-0.0484611 0.81599 0.576031
-0.0484612 0.81599 0.576031
0.698387 -0.0335308 -0.714934
-0.0589448 0.615642 -0.785818
-0.711905 -0.135545 -0.689071
0.0454259 -0.784717 -0.618187
BONE = 22
BONE_NAME = Bone_Leg Left Rear 01
PARENT_ID = 21
LOCALTM 
MAT -0.129146 -0.00776804 0.991594 0.0
MAT 0.0308296 0.999455 0.0118456 0.0
MAT -0.991146 0.0321002 -0.128835 0.0
MAT 0.222067 0.0 0.0 1.0
WORLDTM 
MAT 0.00736858 0.0921558 0.765262 0.0
MAT 0.76869 0.0556036 -0.0140963 0.0
MAT -0.0568879 0.763275 -0.0913684 0.0
MAT 0.127082 0.141614 -0.0394991 1.0
VERTEX = 9
0.132547 0.156377 0.0992562
0.132625 0.154497 0.106731
0.124938 0.153936 0.10667
0.12486 0.155816 0.0991951
0.128844 0.159006 0.103533
0.128851 0.158818 0.104281
0.128083 0.158762 0.104274
0.128075 0.15895 0.103527
0.128463 0.158884 0.103904
INDEX = 14
4 5 7
6 7 5
1 2 5
6 5 2
0 1 4
5 4 1
7 6 3
2 3 6
4 7 0
3 0 7
8 1 0
8 2 1
8 3 2
8 0 3
FACE-NORMAL = 14
0.0724567 -0.967056 -0.244036
0.0724567 -0.967056 -0.244036
0.0409755 -0.465594 -0.884049
0.0409755 -0.465594 -0.884049
-0.692831 -0.700982 -0.169142
-0.692831 -0.700982 -0.169142
0.789774 -0.59287 -0.157361
0.789774 -0.59287 -0.157361
0.0559664 -0.828258 0.557545
0.0559664 -0.828258 0.557545
0.653977 0.735236 0.178163
-0.0441041 0.511308 0.858265
-0.756447 0.632387 0.166956
-0.0583652 0.856315 -0.513145
BONE = 23
BONE_NAME = Bone_Leg Left Rear 02
PARENT_ID = 22
LOCALTM 
MAT -0.357197 0.00696001 -0.934001 0.0
MAT 0.0260947 0.999658 -0.00252962 0.0
MAT 0.933664 -0.0252772 -0.357258 0.0
MAT 0.187391 0.0 4.32134e-007 1.0
WORLDTM 
MAT 0.0558514 -0.74543 -0.188109 0.0
MAT 0.768763 0.0560586 0.00610895 0.0
MAT 0.00777313 -0.188049 0.747496 0.0
MAT 0.128463 0.158884 0.103904 1.0
VERTEX = 9
0.144317 0.00432631 0.0604298
0.144762 -0.00336845 0.060329
0.137099 -0.00380183 0.0596117
0.136655 0.00389293 0.0597125
0.140714 0.000597872 0.0638987
0.140759 -0.000171604 0.0638886
0.139992 -0.000214942 0.0638169
0.139948 0.000554534 0.063827
0.140353 0.000191465 0.0638578
INDEX = 14
4 5 7
6 7 5
1 2 5
6 5 2
0 1 4
5 4 1
7 6 3
2 3 6
4 7 0
3 0 7
8 1 0
8 2 1
8 3 2
8 0 3
FACE-NORMAL = 14
0.0921529 0.0183637 -0.995576
0.0921529 0.0183637 -0.995576
0.0187734 0.754278 -0.656287
0.0187734 0.754278 -0.656287
-0.677242 -0.0295048 -0.735168
-0.677242 -0.0295048 -0.735168
0.800535 0.054074 -0.596842
0.800535 0.054074 -0.596842
0.104521 -0.729708 -0.675723
0.104521 -0.729708 -0.675723
0.637755 0.0267698 0.769774
-0.0243756 -0.718855 0.694733
-0.768077 -0.0527399 0.638182
-0.105948 0.692883 0.713223
BONE = 24
BONE_NAME = Bone_Foot Left Rear
PARENT_ID = 23
LOCALTM 
MAT 0.231876 0.0853513 -0.968989 0.0
MAT -0.00504917 0.99624 0.0865409 0.0
MAT 0.972733 -0.0151748 0.231431 0.0
MAT 0.212887 0.0 0.0 1.0
WORLDTM 
MAT 0.0710334 0.0141552 -0.767411 0.0
MAT 0.766263 0.0433376 0.0717247 0.0
MAT 0.0444616 -0.769476 -0.0100787 0.0
MAT 0.140353 0.000191465 0.0638578 1.0
VERTEX = 9
0.157094 0.00731253 -0.080868
0.157864 -0.000333597 -0.0814688
0.150205 -0.00106812 -0.0819404
0.149435 0.006578 -0.0813395
0.153788 0.00321919 -0.0775155
0.153866 0.00245457 -0.0775755
0.1531 0.00238112 -0.0776227
0.153023 0.00314574 -0.0775626
0.153444 0.00280015 -0.0775691
INDEX = 14
4 5 7
6 7 5
1 2 5
6 5 2
0 1 4
5 4 1
7 6 3
2 3 6
4 7 0
3 0 7
8 1 0
8 2 1
8 3 2
8 0 3
FACE-NORMAL = 14
0.0532597 0.0835605 -0.995078
0.0532597 0.0835605 -0.995078
-0.0386498 0.7932 -0.607733
-0.0386498 0.7932 -0.607733
-0.702886 -0.0149291 -0.711146
-0.702886 -0.0149291 -0.711146
0.77414 0.126727 -0.620199
0.774141 0.126727 -0.620199
0.109907 -0.6814 -0.723612
0.109907 -0.681401 -0.723612
0.6649 0.00829365 0.746887
0.0330021 -0.760492 0.648508
-0.740217 -0.126466 0.660367
-0.108323 0.642318 0.758745
BONE = 25
BONE_NAME = Bone_Foot Left Rear 01
PARENT_ID = 24
LOCALTM 
MAT 0.997107 -0.0349501 -0.0673315 0.0
MAT 0.0324025 0.998736 -0.0386123 0.0
MAT 0.068598 0.0363188 0.996987 0.0
MAT 0.184291 0.0 0.0 1.0
WORLDTM 
MAT 0.0410533 0.0644095 -0.767019 0.0
MAT 0.76588 0.0734527 0.0471571 0.0
MAT 0.0770302 -0.764613 -0.0600863 0.0
MAT 0.153444 0.00280015 -0.0775691 1.0
VERTEX = 9
-0.082713 0.339092 -0.222725
-0.0817282 0.336881 -0.213022
-0.0722696 0.340119 -0.213244
-0.0732544 0.342331 -0.222947
-0.076467 0.334955 -0.219664
-0.0763686 0.334734 -0.218694
-0.0754227 0.335058 -0.218716
-0.0755212 0.335279 -0.219686
-0.0759449 0.335006 -0.21919
INDEX = 14
4 5 7
6 7 5
1 2 5
6 5 2
0 1 4
5 4 1
7 6 3
2 3 6
4 7 0
3 0 7
8 1 0
8 2 1
8 3 2
8 0 3
FACE-NORMAL = 14
-0.309286 0.919914 0.241042
-0.309286 0.919914 0.241042
-0.280096 0.779752 -0.55994
-0.280096 0.779752 -0.55994
0.496148 0.856086 0.144751
0.496148 0.856086 0.144751
-0.909951 0.374693 0.177747
-0.909951 0.374693 0.177747
-0.133706 0.451028 0.882438
-0.133706 0.451028 0.882438
-0.450124 -0.879455 -0.154748
0.28833 -0.806837 0.515635
0.88752 -0.421499 -0.186138
0.149067 -0.494117 -0.856521
BONE = 26
BONE_NAME = BoneStockR01
PARENT_ID = 1
LOCALTM 
MAT -0.709166 -0.40124 -1.00951 0.0
MAT 0.119479 -1.22707 0.40378 0.0
MAT -1.07973 0.127751 0.707723 0.0
MAT 0.213985 -0.0945615 -0.034258 1.0
WORLDTM 
MAT -0.309286 0.919913 0.241042 0.0
MAT -0.945857 -0.323824 0.022196 0.0
MAT 0.0984737 -0.221127 0.970261 0.0
MAT -0.0759449 0.335006 -0.21919 1.0
VERTEX = 9
-0.145385 0.525414 -0.175122
-0.148087 0.533647 -0.17013
-0.138628 0.536885 -0.170352
-0.135927 0.528652 -0.175344
-0.141445 0.528245 -0.168644
-0.141715 0.529069 -0.168145
-0.140769 0.529393 -0.168167
-0.140499 0.528569 -0.168666
-0.141107 0.528819 -0.168406
INDEX = 14
4 5 7
6 7 5
1 2 5
6 5 2
0 1 4
5 4 1
7 6 3
2 3 6
4 7 0
3 0 7
8 1 0
8 2 1
8 3 2
8 0 3
FACE-NORMAL = 14
-0.179925 0.46617 -0.866206
-0.179925 0.46617 -0.866206
0.0804384 -0.300103 -0.950509
0.0804384 -0.300102 -0.950509
0.582686 0.552548 -0.595959
0.582686 0.552548 -0.595959
-0.823413 0.0711548 -0.562963
-0.823413 0.0711548 -0.562963
-0.321166 0.923806 -0.208413
-0.321166 0.923806 -0.208413
-0.541595 -0.55861 0.628195
-0.0637996 0.252529 0.965484
0.796048 -0.100654 0.596805
0.318252 -0.911793 0.259516
BONE = 27
BONE_NAME = BoneStockR02
PARENT_ID = 26
LOCALTM 
MAT 0.275692 0.0 -0.961246 0.0
MAT 0.0 1.0 0.0 0.0
MAT 0.961246 2.38419e-007 0.275693 0.0
MAT 0.210686 0.0 0.0 1.0
WORLDTM 
MAT -0.179925 0.46617 -0.866206 0.0
MAT -0.945858 -0.323825 0.022196 0.0
MAT -0.270152 0.8233 0.499195 0.0
MAT -0.141107 0.528819 -0.168406 1.0
VERTEX = 9
-0.199101 0.664464 -0.435497
-0.201455 0.67084 -0.442832
-0.191997 0.674078 -0.443054
-0.189642 0.667702 -0.435719
-0.197021 0.672286 -0.435501
-0.197256 0.672923 -0.436234
-0.19631 0.673247 -0.436256
-0.196075 0.672609 -0.435523
-0.196666 0.672766 -0.435879
INDEX = 14
4 5 7
6 7 5
1 2 5
6 5 2
0 1 4
5 4 1
7 6 3
2 3 6
4 7 0
3 0 7
8 1 0
8 2 1
8 3 2
8 0 3
FACE-NORMAL = 14
0.223373 -0.699014 -0.679326
0.223373 -0.699014 -0.679326
0.324473 -0.941531 0.0907622
0.324473 -0.941531 0.090762
0.852479 -0.22692 -0.470943
0.852478 -0.22692 -0.470944
-0.553621 -0.708313 -0.437946
-0.553621 -0.708312 -0.437946
-0.0256151 0.00629848 -0.999652
-0.0256152 0.00629866 -0.999652
-0.82677 0.2653 0.496051
-0.324471 0.94512 -0.0383079
0.510873 0.723256 0.46466
0.00857324 0.0434358 0.999019
BONE = 28
BONE_NAME = BoneStockR03
PARENT_ID = 27
LOCALTM 
MAT 0.222385 7.45058e-007 -0.974958 0.0
MAT -3.72529e-007 1.0 1.10269e-006 0.0
MAT 0.974958 0.0 0.222386 0.0
MAT 0.308787 0.0 0.0 1.0
WORLDTM 
MAT 0.223373 -0.699014 -0.679325 0.0
MAT -0.945858 -0.323824 0.0221969 0.0
MAT -0.235497 0.637587 -0.7335 0.0
MAT -0.196666 0.672766 -0.435879 1.0
VERTEX = 9
-0.166108 0.594476 -0.519939
-0.168342 0.601466 -0.513146
-0.16682 0.594832 -0.505819
-0.164586 0.587842 -0.512613
-0.171242 0.593301 -0.513794
-0.171466 0.594 -0.513115
-0.171314 0.593337 -0.512382
-0.17109 0.592638 -0.513062
-0.171278 0.593319 -0.513088
INDEX = 14
4 5 7
6 7 5
1 2 5
6 5 2
0 1 4
5 4 1
7 6 3
2 3 6
4 7 0
3 0 7
8 1 0
8 2 1
8 3 2
8 0 3
FACE-NORMAL = 14
0.962783 0.267021 0.0418162
0.962783 0.267021 0.0418162
0.810099 -0.340945 -0.476965
0.810099 -0.340945 -0.476965
0.757171 -0.314461 0.572544
0.757171 -0.314461 0.572544
0.530965 0.671717 -0.516597
0.530965 0.671717 -0.516597
0.478037 0.698201 0.532912
0.478036 0.698202 0.532913
-0.788387 0.28027 -0.547626
-0.838738 0.305465 0.450787
-0.573194 -0.657896 0.488489
-0.522842 -0.683091 -0.509925
BONE = 29
BONE_NAME = Ref_Weapon Right
PARENT_ID = 28
LOCALTM 
MAT 5.36442e-007 -0.996194 -0.087156 0.0
MAT 0.0 -0.0871553 0.996196 0.0
MAT -1.0 -6.25849e-007 -3.8743e-007 0.0
MAT 0.113656 0.0 2.38419e-007 1.0
WORLDTM 
MAT 0.962783 0.267022 0.0418162 0.0
MAT -0.152165 0.663384 -0.732645 0.0
MAT -0.223372 0.699014 0.679325 0.0
MAT -0.171278 0.593319 -0.513088 1.0
VERTEX = 9
-0.136921 0.525216 -0.175076
-0.136575 0.534897 -0.172592
-0.135372 0.532389 -0.162987
-0.135717 0.522709 -0.16547
-0.141184 0.52846 -0.16901
-0.14115 0.529428 -0.168762
-0.14103 0.529178 -0.167801
-0.141064 0.52821 -0.16805
-0.141107 0.528819 -0.168406
INDEX = 14
4 5 7
6 7 5
1 2 5
6 5 2
0 1 4
5 4 1
7 6 3
2 3 6
4 7 0
3 0 7
8 1 0
8 2 1
8 3 2
8 0 3
FACE-NORMAL = 14
0.992134 -0.00327218 -0.125135
0.992134 -0.00327218 -0.125135
0.638048 -0.72174 -0.268302
0.638048 -0.72174 -0.268302
0.75314 -0.188538 0.630264
0.75314 -0.188538 0.630264
0.574266 0.18416 -0.797687
0.574265 0.18416 -0.797687
0.689358 0.717362 0.10088
0.689358 0.717363 0.10088
-0.786628 0.179591 -0.590731
-0.677139 0.686834 0.264088
-0.616462 -0.174963 0.7677
-0.725951 -0.682206 -0.0871201
BONE = 30
BONE_NAME = HitTestFuzzy02
PARENT_ID = 27
LOCALTM 
MAT -0.0716425 -0.940135 -0.333187 0.0
MAT 0.970562 0.0113055 -0.240591 0.0
MAT 0.229954 -0.340614 0.911648 0.0
MAT 0.0 0.0 0.0 1.0
WORLDTM 
MAT 0.992135 -0.00327218 -0.125135 0.0
MAT -0.120326 0.250707 -0.960557 0.0
MAT 0.034515 0.968057 0.248342 0.0
MAT -0.141107 0.528819 -0.168406 1.0
VERTEX = 9
0.0741392 0.340555 -0.226846
0.0742527 0.343123 -0.217182
0.0836501 0.339793 -0.216408
0.0835367 0.337225 -0.226072
0.0767107 0.335676 -0.220924
0.076722 0.335933 -0.219957
0.0776618 0.3356 -0.21988
0.0776504 0.335343 -0.220846
0.0771862 0.335638 -0.220402
INDEX = 14
4 5 7
6 7 5
1 2 5
6 5 2
0 1 4
5 4 1
7 6 3
2 3 6
4 7 0
3 0 7
8 1 0
8 2 1
8 3 2
8 0 3
FACE-NORMAL = 14
0.34169 0.907292 -0.24509
0.34169 0.907292 -0.24509
0.220145 0.41608 -0.882278
0.220145 0.41608 -0.882277
0.927085 0.359437 -0.106391
0.927085 0.359437 -0.106391
-0.469928 0.854456 -0.221522
-0.469928 0.854456 -0.221522
0.237011 0.797813 0.554364
0.237011 0.797813 0.554364
-0.906111 -0.406093 0.118542
-0.233589 -0.459978 0.856654
0.422889 -0.877012 0.228068
-0.249633 -0.823127 -0.510045
BONE = 31
BONE_NAME = BoneStockL01
PARENT_ID = 1
LOCALTM 
MAT -0.112366 0.443277 -1.21404 0.0
MAT -0.0564445 -1.21914 -0.439915 0.0
MAT -1.2912 0.0147184 0.124882 0.0
MAT 0.215173 0.104097 -0.0355741 1.0
WORLDTM 
MAT 0.34169 0.907292 -0.24509 0.0
MAT -0.939745 0.33299 -0.0774469 0.0
MAT 0.0113455 0.256785 0.966402 0.0
MAT 0.0771862 0.335638 -0.220402 1.0
VERTEX = 9
0.146554 0.532369 -0.280807
0.149047 0.540594 -0.275696
0.158445 0.537265 -0.274922
0.155951 0.529039 -0.280032
0.150735 0.532267 -0.273878
0.150985 0.53309 -0.273367
0.151924 0.532757 -0.27329
0.151675 0.531934 -0.273801
0.15133 0.532512 -0.273584
INDEX = 14
4 5 7
6 7 5
1 2 5
6 5 2
0 1 4
5 4 1
7 6 3
2 3 6
4 7 0
3 0 7
8 1 0
8 2 1
8 3 2
8 0 3
FACE-NORMAL = 14
0.233887 0.460961 -0.856045
0.233887 0.460961 -0.856045
-0.0288817 -0.303051 -0.952537
-0.0288817 -0.30305 -0.952537
0.854968 0.0608568 -0.515098
0.854968 0.0608569 -0.515098
-0.542045 0.555876 -0.63023
-0.542045 0.555876 -0.63023
0.341805 0.919783 -0.192791
0.341805 0.919783 -0.192791
-0.829882 -0.0904888 0.550552
0.0109374 0.255702 0.966694
0.499117 -0.561408 0.660078
-0.341703 -0.907598 0.243936
BONE = 32
BONE_NAME = BoneStockL02
PARENT_ID = 31
LOCALTM 
MAT 0.70795 -2.23517e-007 -0.706262 0.0
MAT 0.0 1.0 0.0 0.0
MAT 0.706262 1.78814e-007 0.70795 0.0
MAT 0.216991 0.0 -1.19209e-007 1.0
WORLDTM 
MAT 0.233887 0.460961 -0.856045 0.0
MAT -0.939745 0.33299 -0.077447 0.0
MAT 0.249354 0.822577 0.511067 0.0
MAT 0.15133 0.532512 -0.273584 1.0
VERTEX = 9
0.214865 0.666363 -0.53358
0.218192 0.674748 -0.537897
0.22759 0.671418 -0.537122
0.224263 0.663033 -0.532806
0.220985 0.670795 -0.530681
0.221318 0.671633 -0.531112
0.222258 0.6713 -0.531035
0.221925 0.670462 -0.530603
0.221621 0.671048 -0.530858
INDEX = 14
4 5 7
6 7 5
1 2 5
6 5 2
0 1 4
5 4 1
7 6 3
2 3 6
4 7 0
3 0 7
8 1 0
8 2 1
8 3 2
8 0 3
FACE-NORMAL = 14
-0.0787925 -0.431385 -0.89872
-0.0787925 -0.431385 -0.89872
-0.299985 -0.911808 -0.280385
-0.299985 -0.911808 -0.280385
0.645797 -0.536092 -0.543647
0.645796 -0.536092 -0.543647
-0.751216 -0.0410711 -0.658778
-0.751216 -0.0410711 -0.658778
0.194566 0.334644 -0.92204
0.194566 0.334644 -0.92204
-0.608784 0.540496 0.580729
0.290952 0.89792 0.330283
0.720214 0.0695751 0.690254
-0.179522 -0.287848 0.940699
BONE = 33
BONE_NAME = BoneStockL03
PARENT_ID = 32
LOCALTM 
MAT 0.552064 1.20699e-006 -0.833801 0.0
MAT 0.0 1.0 1.78814e-006 0.0
MAT 0.833802 -8.9407e-007 0.552064 0.0
MAT 0.300537 0.0 0.0 1.0
WORLDTM 
MAT -0.0787925 -0.431385 -0.89872 0.0
MAT -0.939744 0.332991 -0.077446 0.0
MAT 0.332675 0.838465 -0.43163 0.0
MAT 0.221621 0.671048 -0.530858 1.0
VERTEX = 9
0.214077 0.61726 -0.645512
0.21369 0.621878 -0.636651
0.210946 0.613302 -0.632301
0.211333 0.608683 -0.641162
0.207864 0.61661 -0.640367
0.207826 0.617072 -0.639481
0.207551 0.616214 -0.639046
0.20759 0.615752 -0.639932
0.207708 0.616412 -0.639706
INDEX = 14
4 5 7
6 7 5
1 2 5
6 5 2
0 1 4
5 4 1
7 6 3
2 3 6
4 7 0
3 0 7
8 1 0
8 2 1
8 3 2
8 0 3
FACE-NORMAL = 14
0.96084 -0.226313 0.159901
0.96084 -0.226313 0.159901
0.671527 -0.494666 -0.551686
0.671527 -0.494666 -0.551686
0.438817 -0.788855 0.430287
0.438817 -0.788855 0.430287
0.84672 0.486064 -0.216351
0.846719 0.486064 -0.216351
0.61401 0.191874 0.765622
0.61401 0.191874 0.765622
-0.485395 0.766452 -0.420645
-0.706775 0.486585 0.513521
-0.873439 -0.446397 0.194511
-0.652058 -0.16653 -0.739654
BONE = 34
BONE_NAME = Ref_Weapon Left
PARENT_ID = 33
LOCALTM 
MAT -0.121785 -0.990688 0.0608741 0.0
MAT -0.000655711 0.0614113 0.998112 0.0
MAT -0.992557 0.121514 -0.00812852 0.0
MAT 0.12249 0.00331216 -0.00345653 1.0
WORLDTM 
MAT 0.96084 -0.226313 0.159901 0.0
MAT 0.274388 0.857614 -0.434981 0.0
MAT -0.0386904 0.461822 0.886128 0.0
MAT 0.207708 0.616412 -0.639706 1.0
VERTEX = 9
0.157533 0.529071 -0.278552
0.15681 0.538735 -0.276083
