EXPORTER_V17
ANIMATION_EXPORT
BONEOBJECT_COUNT = 44
VERTEX = 9
0.005 0.005 -0.005
0.005 0.005 0.005
0.005 -0.005 0.005
0.005 -0.005 -0.005
0.0 0.0005 -0.0005
0.0 0.0005 0.0005
0.0 -0.0005 0.0005
0.0 -0.0005 -0.0005
0.0 0.0 0.0
INDEX = 14
4 5 7
6 7 5
1 2 5
6 5 2
0 1 4
5 4 1
7 6 3
2 3 6
4 7 0
3 0 7
8 1 0
8 2 1
8 3 2
8 0 3
FACE-NORMAL = 14
1.0 0.0 0.0
1.0 0.0 0.0
0.668965 0.0 -0.743294
0.668965 0.0 -0.743294
0.668965 -0.743294 0.0
0.668965 -0.743294 0.0
0.668965 0.743294 0.0
0.668965 0.743294 0.0
0.668965 0.0 0.743294
0.668965 0.0 0.743294
-0.707107 0.707107 0.0
-0.707107 0.0 0.707107
-0.707107 -0.707107 0.0
-0.707107 0.0 -0.707107
BONE = 0
BONE_NAME = Dummy01
PARENT_ID = -1
LOCALTM 
MAT 1.0 0.0 0.0 0.0
MAT 0.0 1.0 0.0 0.0
MAT 0.0 0.0 1.0 0.0
MAT 0.0 0.0 0.0 1.0
WORLDTM 
MAT 1.0 0.0 0.0 0.0
MAT 0.0 1.0 0.0 0.0
MAT 0.0 0.0 1.0 0.0
MAT 0.0 0.0 0.0 1.0
VERTEX = 9
0.000662324 0.370792 -0.0603437
0.000662323 0.363567 -0.0576563
-0.00704594 0.363567 -0.0576563
-0.00704594 0.370792 -0.0603437
-0.0028064 0.368885 -0.0555221
-0.0028064 0.368162 -0.0552533
-0.00357722 0.368162 -0.0552533
-0.00357722 0.368885 -0.0555221
-0.00319181 0.368523 -0.0553877
INDEX = 14
4 5 7
6 7 5
1 2 5
6 5 2
0 1 4
5 4 1
7 6 3
2 3 6
4 7 0
3 0 7
8 1 0
8 2 1
8 3 2
8 0 3
FACE-NORMAL = 14
-1.52698e-007 -0.348648 -0.937254
-1.52698e-007 -0.348648 -0.937254
0.0 0.463422 -0.886138
0.0 0.463421 -0.886138
-0.743294 -0.233233 -0.626989
-0.743294 -0.233233 -0.62699
0.743294 -0.233234 -0.62699
0.743294 -0.233234 -0.62699
-1.81027e-007 -0.929889 -0.367841
-1.81027e-007 -0.929889 -0.367841
0.707107 0.246532 0.662738
0.0 -0.416207 0.90927
-0.707107 0.246532 0.662738
1.83011e-007 0.90927 0.416207
BONE = 1
BONE_NAME = Bone_Pelvis
PARENT_ID = 0
LOCALTM 
MAT 0.0 -0.268747 -0.72246 0.0
MAT 0.770826 0.0 0.0 0.0
MAT 0.0 -0.72246 0.268747 0.0
MAT -0.00319181 0.368523 -0.0553877 1.0
WORLDTM 
MAT 0.0 -0.268747 -0.72246 0.0
MAT 0.770826 0.0 0.0 0.0
MAT 0.0 -0.72246 0.268747 0.0
MAT -0.00319181 0.368523 -0.0553877 1.0
VERTEX = 9
0.000662297 0.307064 -0.230385
0.000662296 0.300177 -0.226923
-0.00704597 0.300177 -0.226923
-0.00704597 0.307064 -0.230385
-0.00280642 0.305695 -0.225384
-0.00280642 0.305007 -0.225037
-0.00357725 0.305007 -0.225037
-0.00357725 0.305695 -0.225384
-0.00319184 0.305351 -0.225211
INDEX = 14
4 5 7
6 7 5
1 2 5
6 5 2
0 1 4
5 4 1
7 6 3
2 3 6
4 7 0
3 0 7
8 1 0
8 2 1
8 3 2
8 0 3
FACE-NORMAL = 14
-1.91519e-007 -0.44913 -0.893466
-1.91519e-007 -0.44913 -0.893466
0.0 0.363656 -0.931533
0.0 0.363656 -0.931533
-0.743294 -0.300452 -0.597697
-0.743294 -0.300452 -0.597697
0.743294 -0.300453 -0.597698
0.743294 -0.300452 -0.597697
-1.70769e-007 -0.964561 -0.263861
-1.70769e-007 -0.964561 -0.263861
0.707107 0.317583 0.631776
0.0 -0.314193 0.949359
-0.707107 0.317583 0.631776
1.75997e-007 0.949359 0.314193
BONE = 2
BONE_NAME = Bone_Chest
PARENT_ID = 1
LOCALTM 
MAT 0.993993 0.0 0.109443 0.0
MAT 0.0 1.0 0.0 0.0
MAT -0.109444 0.0 0.993993 0.0
MAT 0.235062 0.0 0.0 1.0
WORLDTM 
MAT -1.47628e-007 -0.346202 -0.688707 0.0
MAT 0.770827 0.0 0.0 0.0
MAT 0.0 -0.688707 0.346202 0.0
MAT -0.00319184 0.305351 -0.225211 1.0
VERTEX = 9
0.000662237 0.259384 -0.327177
0.000662237 0.253105 -0.322706
-0.00704603 0.253105 -0.322706
-0.00704603 0.259384 -0.327177
-0.00280648 0.257982 -0.323166
-0.00280648 0.257354 -0.322718
-0.00357731 0.257354 -0.322718
-0.00357731 0.257982 -0.323166
-0.0031919 0.257668 -0.322942
INDEX = 14
4 5 7
6 7 5
1 2 5
6 5 2
0 1 4
5 4 1
7 6 3
2 3 6
4 7 0
3 0 7
8 1 0
8 2 1
8 3 2
8 0 3
FACE-NORMAL = 14
-1.98026e-007 -0.58004 -0.814588
-1.98026e-007 -0.58004 -0.814588
0.0 0.217452 -0.976071
0.0 0.217452 -0.976071
-0.743294 -0.388026 -0.544931
-0.743294 -0.388026 -0.544931
0.743294 -0.388027 -0.544931
0.743294 -0.388026 -0.544931
-1.5223e-007 -0.993505 -0.11379
-1.5223e-007 -0.993505 -0.11379
0.707107 0.41015 0.576001
1.2123e-007 -0.16585 0.986151
-0.707107 0.41015 0.576001
1.58821e-007 0.986151 0.16585
BONE = 3
BONE_NAME = Bone_Head
PARENT_ID = 2
LOCALTM 
MAT 0.629396 0.0 0.0970471 0.0
MAT 0.0 1.0 0.0 0.0
MAT -0.15239 0.0 0.98832 0.0
MAT 0.141064 0.0 -0.00167459 1.0
WORLDTM 
MAT 0.0 -0.284735 -0.399872 0.0
MAT 0.770827 0.0 0.0 0.0
MAT 0.0 -0.627906 0.44711 0.0
MAT -0.0031919 0.257668 -0.322942 1.0
VERTEX = 9
0.00482335 0.289294 -0.35809
-0.000250826 0.292602 -0.344175
0.00109855 0.282012 -0.342447
0.00617272 0.278703 -0.356362
4.87481e-005 0.285851 -0.351498
-0.00045867 0.286182 -0.350107
-0.000323732 0.285123 -0.349934
0.000183685 0.284792 -0.351325
-0.000137492 0.285487 -0.350716
INDEX = 14
4 5 7
6 7 5
1 2 5
6 5 2
0 1 4
5 4 1
7 6 3
2 3 6
4 7 0
3 0 7
8 1 0
8 2 1
8 3 2
8 0 3
FACE-NORMAL = 14
0.988352 0.0529178 0.142692
0.988352 0.0529178 0.142692
0.834949 -0.11623 -0.537913
0.834949 -0.11623 -0.537913
0.720871 -0.662112 0.204823
0.720871 -0.662112 0.204823
0.597118 0.80178 -0.0244755
0.597118 0.80178 -0.0244756
0.457671 0.218972 0.861736
0.457671 0.218972 0.861736
-0.75242 0.62615 -0.20445
-0.858069 0.10709 0.502244
-0.641645 -0.766897 0.0126886
-0.513228 -0.212597 -0.831504
BONE = 4
BONE_NAME = Ref_Head
PARENT_ID = 3
LOCALTM 
MAT -0.187667 0.803927 0.0322603 0.0
MAT -0.964635 -0.175055 -1.24918 0.0
MAT -2.70002 -0.658278 0.697482 0.0
MAT 0.0132174 0.0039625 -0.050298 1.0
WORLDTM 
MAT 0.619688 0.033179 0.0894667 0.0
MAT -0.134937 1.05903 -0.172788 0.0
MAT -0.507418 0.330838 1.39151 0.0
MAT -0.000137492 0.285487 -0.350716 1.0
VERTEX = 9
-0.109577 0.269327 -0.122631
-0.109691 0.271588 -0.115263
-0.117398 0.271578 -0.115379
-0.117285 0.269317 -0.122747
-0.113084 0.274025 -0.120499
-0.113096 0.274251 -0.119762
-0.113867 0.27425 -0.119773
-0.113855 0.274024 -0.12051
-0.113475 0.274137 -0.120136
INDEX = 14
4 5 7
6 7 5
1 2 5
6 5 2
0 1 4
5 4 1
7 6 3
2 3 6
4 7 0
3 0 7
8 1 0
8 2 1
8 3 2
8 0 3
FACE-NORMAL = 14
-0.00315864 -0.955991 0.293379
-0.00315864 -0.955991 0.293379
0.00883263 -0.857602 -0.514239
0.00883263 -0.857602 -0.514239
-0.745323 -0.640491 0.185107
-0.745323 -0.640491 0.185107
0.741097 -0.638557 0.207413
0.741097 -0.638557 0.207413
-0.0130587 -0.421447 0.906759
-0.0130587 -0.421447 0.906759
0.70926 0.676908 -0.19684
-0.00817926 0.883448 0.468458
-0.704793 0.675068 -0.21806
0.0126462 0.468528 -0.883358
BONE = 5
BONE_NAME = Bone_Leg Right Front
PARENT_ID = 2
LOCALTM 
MAT 0.16724 -0.00315854 0.98591 0.0
MAT -0.0139905 0.999886 0.00557654 0.0
MAT -0.985817 -0.014726 0.167177 0.0
MAT -0.103605 -0.143072 0.0974029 1.0
WORLDTM 
MAT -0.00243476 -0.736903 0.226144 0.0
MAT 0.770739 0.00100283 0.0115659 0.0
MAT -0.0113511 0.226155 0.736816 0.0
MAT -0.113475 0.274137 -0.120136 1.0
VERTEX = 9
-0.110007 0.132897 -0.0817739
-0.110103 0.126512 -0.0774567
-0.11781 0.12655 -0.0775709
-0.117715 0.132935 -0.0818882
-0.113555 0.1322 -0.0766902
-0.113565 0.131561 -0.0762585
-0.114336 0.131565 -0.0762699
-0.114326 0.132203 -0.0767016
-0.113945 0.131882 -0.07648
INDEX = 14
4 5 7
6 7 5
1 2 5
6 5 2
0 1 4
5 4 1
7 6 3
2 3 6
4 7 0
3 0 7
8 1 0
8 2 1
8 3 2
8 0 3
FACE-NORMAL = 14
0.00951738 -0.560195 -0.828306
0.00951738 -0.560195 -0.828306
0.0155707 0.240955 -0.970411
0.0155707 0.240954 -0.970412
-0.736837 -0.371089 -0.565123
-0.736837 -0.371089 -0.565124
0.74957 -0.378412 -0.543092
0.74957 -0.378412 -0.543092
-0.00283714 -0.990455 -0.137804
-0.00283714 -0.990455 -0.137804
0.700291 0.392634 0.59618
-0.0154856 -0.189612 0.981737
-0.71375 0.3996 0.575222
0.00202603 0.981847 0.189665
BONE = 6
BONE_NAME = Bone_Leg Right Front 01
PARENT_ID = 5
LOCALTM 
MAT 0.292503 -0.00364083 -0.956257 0.0
MAT 0.00589867 0.999981 -0.00200304 0.0
MAT 0.956247 -0.00505516 0.292519 0.0
MAT 0.193044 0.0 0.0 1.0
WORLDTM 
MAT 0.00733625 -0.431812 -0.63848 0.0
MAT 0.770733 -0.00379694 0.0114237 0.0
MAT -0.00954485 -0.638511 0.431724 0.0
MAT -0.113945 0.131882 -0.07648 1.0
VERTEX = 9
-0.108544 0.0449222 -0.214181
-0.108594 0.037306 -0.212994
-0.116302 0.0373576 -0.212983
-0.116253 0.0449738 -0.21417
-0.112026 0.0421116 -0.209834
-0.112031 0.04135 -0.209715
-0.112802 0.0413551 -0.209714
-0.112797 0.0421167 -0.209833
-0.112414 0.0417333 -0.209774
INDEX = 14
4 5 7
6 7 5
1 2 5
6 5 2
0 1 4
5 4 1
7 6 3
2 3 6
4 7 0
3 0 7
8 1 0
8 2 1
8 3 2
8 0 3
FACE-NORMAL = 14
-0.00241598 -0.15398 -0.988071
-0.00241598 -0.15398 -0.988071
0.00314156 0.631405 -0.775447
0.00314156 0.631405 -0.775447
-0.744893 -0.0980303 -0.659943
-0.744893 -0.0980303 -0.659943
0.74166 -0.107984 -0.662027
0.74166 -0.107984 -0.662027
-0.00637398 -0.83742 -0.546522
-0.00637398 -0.83742 -0.546522
0.708799 0.104146 0.697681
-0.00281778 -0.589777 0.807561
-0.705382 0.113615 0.699663
0.0062345 0.807538 0.589782
BONE = 7
BONE_NAME = Bone_Foot Right Front
PARENT_ID = 6
LOCALTM 
MAT 0.904662 -0.0163007 -0.425819 0.0
MAT 0.0144293 0.999867 -0.00762047 0.0
MAT 0.425886 0.000749343 0.904776 0.0
MAT 0.208768 0.0 6.70552e-007 1.0
WORLDTM 
MAT -0.0018623 -0.118692 -0.761631 0.0
MAT 0.770809 -0.0051614 -0.00108053 0.0
MAT -0.004934 -0.761615 0.118702 0.0
MAT -0.112414 0.0417333 -0.209774 1.0
VERTEX = 9
0.11214 0.269141 -0.12145
0.112957 0.271203 -0.114068
0.105389 0.272597 -0.11362
0.104572 0.270535 -0.121002
0.10971 0.274344 -0.119012
0.109792 0.27455 -0.118274
0.109035 0.274689 -0.118229
0.108953 0.274483 -0.118968
0.109372 0.274517 -0.118621
INDEX = 14
4 5 7
6 7 5
1 2 5
6 5 2
0 1 4
5 4 1
7 6 3
2 3 6
4 7 0
3 0 7
8 1 0
8 2 1
8 3 2
8 0 3
FACE-NORMAL = 14
-0.157672 -0.946442 0.281759
-0.157672 -0.946442 0.281759
-0.184272 -0.831935 -0.523382
-0.184272 -0.831935 -0.523381
-0.835232 -0.498693 0.231717
-0.835232 -0.498694 0.231717
0.624278 -0.767579 0.145257
0.624278 -0.767579 0.145257
-0.0266816 -0.434337 0.900355
-0.0266816 -0.434337 0.900355
0.805718 0.541338 -0.240359
0.18645 0.858356 0.477977
-0.582736 0.797132 -0.158108
0.0365317 0.480115 -0.876445
BONE = 8
BONE_NAME = Bone_Leg Left Front
PARENT_ID = 2
LOCALTM 
MAT 0.173334 -0.157672 0.97216 0.0
MAT 0.1332 0.981785 0.135483 0.0
MAT -0.975814 0.106008 0.191178 0.0
MAT -0.105582 0.146031 0.0978459 1.0
WORLDTM 
MAT -0.121537 -0.729542 0.217187 0.0
MAT 0.756786 -0.139422 -0.0448312 0.0
MAT 0.0817137 0.206162 0.738236 0.0
MAT 0.109372 0.274517 -0.118621 1.0
VERTEX = 9
0.0896224 0.134152 -0.0823642
0.0887165 0.127995 -0.0778161
0.0811487 0.129404 -0.0774159
0.0820546 0.135561 -0.0819639
0.0863847 0.134224 -0.0770321
0.0862942 0.133609 -0.0765773
0.0855374 0.13375 -0.0765373
0.085628 0.134365 -0.0769921
0.0859611 0.133987 -0.0767847
INDEX = 14
4 5 7
6 7 5
1 2 5
6 5 2
0 1 4
5 4 1
7 6 3
2 3 6
4 7 0
3 0 7
8 1 0
8 2 1
8 3 2
8 0 3
FACE-NORMAL = 14
-0.149331 -0.573171 -0.805714
-0.149331 -0.573171 -0.805714
-0.0125407 0.210302 -0.977556
-0.0125407 0.210302 -0.977556
-0.829647 -0.247556 -0.500402
-0.829647 -0.247556 -0.500402
0.629853 -0.519306 -0.577587
0.629853 -0.519306 -0.577587
-0.187253 -0.977164 -0.100433
-0.187253 -0.977164 -0.100433
0.799815 0.276033 0.533013
0.0224895 -0.159534 0.986936
-0.588629 0.534553 0.60644
0.188696 0.97012 0.152516
BONE = 9
BONE_NAME = Bone_Leg Left Front 01
PARENT_ID = 8
LOCALTM 
MAT 0.339001 0.00392147 -0.940778 0.0
MAT 0.00358284 0.999978 0.00545934 0.0
MAT 0.94078 -0.00522123 0.338979 0.0
MAT 0.192627 0.0 0.0 1.0
WORLDTM 
MAT -0.115108 -0.441815 -0.621066 0.0
MAT 0.75678 -0.140908 -0.0400218 0.0
MAT -0.0905921 -0.615726 0.454806 0.0
MAT 0.0859611 0.133987 -0.0767847 1.0
VERTEX = 9
0.0663749 0.0440621 -0.21085
0.0651069 0.036622 -0.209284
0.0575037 0.0378597 -0.20956
0.0587716 0.0452998 -0.211126
0.0623754 0.0420663 -0.206499
0.0622486 0.0413223 -0.206342
0.0614883 0.0414461 -0.206369
0.0616151 0.0421901 -0.206526
0.0619318 0.0417562 -0.206434
INDEX = 14
4 5 7
6 7 5
1 2 5
6 5 2
0 1 4
5 4 1
7 6 3
2 3 6
4 7 0
3 0 7
8 1 0
8 2 1
8 3 2
8 0 3
FACE-NORMAL = 14
0.00192776 -0.206353 -0.978476
0.00192776 -0.206353 -0.978476
0.123558 0.579395 -0.805627
0.123558 0.579395 -0.805627
-0.731878 -0.0186971 -0.68118
-0.731878 -0.0186971 -0.68118
0.734457 -0.257389 -0.627952
0.734457 -0.257389 -0.627952
-0.120979 -0.855481 -0.503505
-0.120979 -0.855481 -0.503505
0.69611 0.0323781 0.717205
-0.117679 -0.536596 0.835594
-0.698836 0.259449 0.666569
0.114953 0.828423 0.54818
BONE = 10
BONE_NAME = Bone_Foot Left Front
PARENT_ID = 9
LOCALTM 
MAT 0.90636 0.0904177 -0.412719 0.0
MAT -0.0841148 0.995894 0.033457 0.0
MAT 0.41405 0.00439164 0.910244 0.0
MAT 0.208753 0.0 5.81145e-007 1.0
WORLDTM 
MAT 0.00148597 -0.159062 -0.754235 0.0
MAT 0.760324 -0.123766 0.0275997 0.0
MAT -0.126798 -0.744013 0.156657 0.0
MAT 0.0619318 0.0417562 -0.206434 1.0
VERTEX = 9
0.000662384 0.351879 -0.0320235
0.000662402 0.357487 -0.0267354
-0.00704586 0.357487 -0.0267353
-0.00704588 0.351879 -0.0320234
-0.0028064 0.357047 -0.032448
-0.00280639 0.357607 -0.0319192
-0.00357722 0.357607 -0.0319192
-0.00357722 0.357047 -0.032448
-0.00319181 0.357327 -0.0321836
INDEX = 14
4 5 7
6 7 5
1 2 5
6 5 2
0 1 4
5 4 1
7 6 3
2 3 6
4 7 0
3 0 7
8 1 0
8 2 1
8 3 2
8 0 3
FACE-NORMAL = 14
1.76154e-005 -0.686033 0.72757
1.76154e-005 -0.686033 0.72757
1.00484e-005 -0.999731 -0.0232055
1.00485e-005 -0.999731 -0.0232053
-0.743282 -0.45894 0.48673
-0.743282 -0.45894 0.48673
0.743306 -0.458924 0.486708
0.743306 -0.458924 0.486708
1.35198e-005 0.0818667 0.996643
1.35198e-005 0.0818669 0.996643
0.707094 0.485106 -0.51448
-1.08048e-005 0.999569 -0.0293713
-0.707119 0.485091 -0.51446
-1.41071e-005 -0.0293713 -0.999569
BONE = 11
BONE_NAME = Bone_Tail
PARENT_ID = 1
LOCALTM 
MAT -0.442733 1.7643e-005 0.896653 0.0
MAT 9.74001e-006 1.0 -1.48672e-005 0.0
MAT -0.896653 2.15118e-006 -0.442734 0.0
MAT -0.02315 0.0 0.024109 1.0
WORLDTM 
MAT 1.35784e-005 -0.528812 0.56083 0.0
MAT 0.770827 8.00567e-006 -1.11141e-005 0.0
MAT 1.79994e-006 0.56083 0.528812 0.0
MAT -0.00319181 0.357327 -0.0321836 1.0
VERTEX = 9
0.000868125 0.228114 0.102585
0.000868109 0.234873 0.106291
-0.00682891 0.234673 0.106656
-0.00682889 0.227914 0.10295
-0.00280374 0.232916 0.101042
-0.00280375 0.233592 0.101413
-0.00357345 0.233572 0.101449
-0.00357345 0.232896 0.101079
-0.0031886 0.233244 0.101246
INDEX = 14
4 5 7
6 7 5
1 2 5
6 5 2
0 1 4
5 4 1
7 6 3
2 3 6
4 7 0
3 0 7
8 1 0
8 2 1
8 3 2
8 0 3
FACE-NORMAL = 14
0.0540213 -0.480074 0.875563
0.0540213 -0.480074 0.875563
0.03614 -0.972905 0.228362
0.03614 -0.972905 0.228362
-0.70607 -0.340459 0.620928
-0.70607 -0.340459 0.620928
0.778347 -0.301846 0.550513
0.778347 -0.301846 0.550513
0.0361367 0.330599 0.943079
0.0361367 0.3306 0.943079
0.667875 0.35783 -0.65261
-0.0382004 0.959486 -0.279156
-0.744273 0.321097 -0.585623
-0.0381973 -0.280558 -0.959077
BONE = 12
BONE_NAME = Bone_Tail 01
PARENT_ID = 11
LOCALTM 
MAT 0.966381 0.0540036 0.251377 0.0
MAT -0.0522644 0.998541 -0.0135951 0.0
MAT -0.251745 0.0 0.967793 0.0
MAT 0.236375 0.0 0.00163147 1.0
WORLDTM 
MAT 0.041641 -0.370054 0.674907 0.0
MAT 0.769701 0.0200215 -0.0365118 0.0
MAT -1.68569e-006 0.675894 0.370595 0.0
MAT -0.0031886 0.233244 0.101246 1.0
VERTEX = 9
0.00971421 0.136403 0.275411
0.00845102 0.143974 0.276124
0.0015714 0.143144 0.272748
0.00283459 0.135573 0.272035
0.00766957 0.140031 0.270766
0.00754325 0.140788 0.270838
0.00685529 0.140705 0.2705
0.00698161 0.139948 0.270429
0.00726243 0.140368 0.270633
INDEX = 14
4 5 7
6 7 5
1 2 5
6 5 2
0 1 4
5 4 1
7 6 3
2 3 6
4 7 0
3 0 7
8 1 0
8 2 1
8 3 2
8 0 3
FACE-NORMAL = 14
-0.42023 -0.154303 0.894202
-0.42023 -0.154303 0.894202
-0.159312 -0.833241 0.529461
-0.159312 -0.833241 0.529461
-0.944507 -0.183262 0.272619
-0.944507 -0.183262 0.27262
0.38227 -0.0231853 0.92376
0.38227 -0.0231852 0.92376
-0.402926 0.626794 0.666918
-0.402926 0.626794 0.666918
0.928238 0.185251 -0.322577
0.18127 0.803586 -0.566914
-0.333944 0.0329673 -0.942016
0.413025 -0.585367 -0.697679
BONE = 13
BONE_NAME = Bone_Tail 02
PARENT_ID = 12
LOCALTM 
MAT 0.834306 -0.465979 0.294612 0.0
MAT 0.380025 0.873245 0.305002 0.0
MAT -0.399393 -0.142505 0.905637 0.0
MAT 0.250979 0.0 0.0 1.0
WORLDTM 
MAT -0.323924 -0.118941 0.689274 0.0
MAT 0.687962 0.0830031 0.33763 0.0
MAT -0.126319 0.757058 0.0712747 0.0
MAT 0.00726243 0.140368 0.270633 1.0
VERTEX = 9
-0.0751763 0.115266 0.445929
-0.073822 0.122065 0.442558
-0.077218 0.119545 0.436113
-0.0785722 0.112747 0.439484
-0.072702 0.115883 0.440236
-0.0725666 0.116563 0.439899
-0.0729062 0.116311 0.439254
-0.0730416 0.115631 0.439591
-0.0728041 0.116097 0.439745
INDEX = 14
4 5 7
6 7 5
1 2 5
6 5 2
0 1 4
5 4 1
7 6 3
2 3 6
4 7 0
3 0 7
8 1 0
8 2 1
8 3 2
8 0 3
FACE-NORMAL = 14
-0.880364 0.339569 0.331136
-0.880364 0.339569 0.331136
-0.719522 -0.428402 0.54659
-0.719522 -0.428402 0.54659
-0.916398 -0.0157783 -0.399958
-0.916398 -0.0157783 -0.399958
-0.261468 0.470098 0.842996
-0.261467 0.470098 0.842996
-0.458344 0.882722 -0.103553
-0.458344 0.882722 -0.103553
0.934034 -0.00900098 0.357071
0.746743 0.383534 -0.543394
0.310989 -0.471223 -0.82537
0.498281 -0.863757 0.0750963
BONE = 14
BONE_NAME = Bone_Tail 03
PARENT_ID = 13
LOCALTM 
MAT 0.613661 -0.604117 0.508392 0.0
MAT 0.512085 0.794618 0.326117 0.0
MAT -0.60099 0.0602142 0.796985 0.0
MAT 0.244688 0.0 0.0063832 1.0
WORLDTM 
MAT -0.678608 0.261749 0.255249 0.0
MAT 0.339595 0.251937 0.644497 0.0
MAT 0.135426 0.679844 -0.337112 0.0
MAT -0.0728041 0.116097 0.439745 1.0
VERTEX = 9
-0.190872 0.159715 0.489091
-0.189517 0.166514 0.48572
-0.192301 0.163773 0.479075
-0.193656 0.156975 0.482446
-0.187985 0.160349 0.483596
-0.18785 0.161029 0.483259
-0.188128 0.160755 0.482595
-0.188264 0.160075 0.482932
-0.188057 0.160552 0.483096
INDEX = 14
4 5 7
6 7 5
1 2 5
6 5 2
0 1 4
5 4 1
7 6 3
2 3 6
4 7 0
3 0 7
8 1 0
8 2 1
8 3 2
8 0 3
FACE-NORMAL = 14
-0.915805 0.309405 0.256067
-0.915805 0.309405 0.256067
-0.74323 -0.448581 0.496371
-0.74323 -0.448581 0.496371
-0.881088 -0.057281 -0.469471
-0.881088 -0.0572809 -0.469471
-0.344194 0.471243 0.812072
-0.344194 0.471244 0.812072
-0.482052 0.862543 -0.153772
-0.482052 0.862543 -0.153772
0.902949 0.032614 0.428508
0.771803 0.404864 -0.490312
0.392194 -0.470179 -0.790642
0.523341 -0.842428 0.128179
BONE = 15
BONE_NAME = Bone01
PARENT_ID = 14
LOCALTM 
MAT 0.996099 -0.0882389 2.38419e-007 0.0
MAT 0.0882383 0.9961 0.0 0.0
MAT -5.66244e-007 -1.19209e-007 1.0 0.0
MAT 0.169837 0.0 0.0 1.0
WORLDTM 
MAT -0.705927 0.238498 0.197383 0.0
MAT 0.278392 0.274051 0.664506 0.0
MAT 0.135426 0.679844 -0.337112 0.0
MAT -0.188057 0.160552 0.483096 1.0
VERTEX = 9
-0.109762 0.307182 -0.0385925
-0.109956 0.31127 -0.0320602
-0.117648 0.311556 -0.0324676
-0.117454 0.307468 -0.0389999
-0.113081 0.312415 -0.0378722
-0.113101 0.312823 -0.037219
-0.11387 0.312852 -0.0372597
-0.11385 0.312443 -0.037913
-0.113475 0.312633 -0.037566
INDEX = 14
4 5 7
6 7 5
1 2 5
6 5 2
0 1 4
5 4 1
7 6 3
2 3 6
4 7 0
3 0 7
8 1 0
8 2 1
8 3 2
8 0 3
FACE-NORMAL = 14
-0.0594694 -0.847007 0.528245
-0.0594694 -0.847007 0.528245
-0.0210802 -0.960776 -0.276525
-0.0210802 -0.960776 -0.276524
-0.781526 -0.539038 0.314095
-0.781526 -0.539038 0.314095
0.70196 -0.594198 0.392659
0.70196 -0.594198 0.392659
-0.0584857 -0.17246 0.983279
-0.0584857 -0.17246 0.983279
0.747682 0.572687 -0.336156
0.024259 0.973893 0.225709
-0.66358 0.625162 -0.410895
0.0598434 0.223956 -0.97276
BONE = 16
BONE_NAME = Bone_Leg Right Rear
PARENT_ID = 1
LOCALTM 
MAT -0.199791 -0.0594693 0.978032 0.0
MAT -0.0365955 0.997913 0.0532025 0.0
MAT -0.979155 -0.0251621 -0.201551 0.0
MAT 0.00360983 -0.143072 0.0760181 1.0
WORLDTM 
MAT -0.0458406 -0.652895 0.407185 0.0
MAT 0.769218 -0.0286018 0.0407367 0.0
MAT -0.0193955 0.408758 0.653234 0.0
MAT -0.113475 0.312633 -0.037566 1.0
VERTEX = 9
-0.120207 0.16339 0.0567484
-0.119882 0.171081 0.0571498
-0.12757 0.171428 0.0567075
-0.127894 0.163738 0.0563062
-0.12329 0.167198 0.0528875
-0.123258 0.167967 0.0529276
-0.124027 0.168002 0.0528834
-0.124059 0.167233 0.0528432
-0.123658 0.1676 0.0528854
INDEX = 14
4 5 7
6 7 5
1 2 5
6 5 2
0 1 4
5 4 1
7 6 3
2 3 6
4 7 0
3 0 7
8 1 0
8 2 1
8 3 2
8 0 3
FACE-NORMAL = 14
-0.0595914 -0.0495173 0.996994
-0.0595914 -0.0495173 0.996994
-0.0711622 -0.774751 0.628249
-0.0711623 -0.774751 0.628249
-0.781177 0.000384685 0.624309
-0.781177 0.000384673 0.624309
0.701448 -0.0666353 0.709599
0.701448 -0.0666353 0.709598
-0.0085669 0.7085 0.705659
-0.00856689 0.7085 0.705658
0.747359 0.00313545 -0.664413
0.0719114 0.740534 -0.668161
-0.663084 0.0668926 -0.74555
0.0123636 -0.670506 -0.741802
BONE = 17
BONE_NAME = Bone_Leg Right Rear 01
PARENT_ID = 16
LOCALTM 
MAT 0.572142 -0.00494045 0.82014 0.0
MAT 0.00918161 0.999957 -0.000381647 0.0
MAT -0.820103 0.00774861 0.572163 0.0
MAT 0.222138 0.0 0.0 1.0
WORLDTM 
MAT -0.0459346 -0.0381692 0.768509 0.0
MAT 0.768772 -0.0347512 0.0442243 0.0
MAT 0.032457 0.769096 0.0401384 0.0
MAT -0.123658 0.1676 0.0528854 1.0
VERTEX = 9
-0.128799 0.154836 0.199774
-0.129019 0.158644 0.206473
-0.136709 0.158956 0.206043
-0.136489 0.155148 0.199345
-0.132117 0.160037 0.2007
-0.132139 0.160418 0.20137
-0.132908 0.160449 0.201327
-0.132886 0.160069 0.200657
-0.132512 0.160243 0.201014
INDEX = 14
4 5 7
6 7 5
1 2 5
6 5 2
0 1 4
5 4 1
7 6 3
2 3 6
4 7 0
3 0 7
8 1 0
8 2 1
8 3 2
8 0 3
FACE-NORMAL = 14
-0.0627199 -0.868512 0.491683
-0.0627199 -0.868512 0.491683
-0.0207645 -0.9482 -0.316995
-0.0207645 -0.9482 -0.316995
-0.783485 -0.550913 0.287482
-0.783485 -0.550913 0.287482
0.69957 -0.611096 0.370355
0.699571 -0.611096 0.370355
-0.0631503 -0.213809 0.974832
-0.0631503 -0.213809 0.974832
0.749776 0.585505 -0.308253
0.0241886 0.96345 0.266795
-0.661077 0.642757 -0.387092
0.0645108 0.264812 -0.96214
BONE = 18
BONE_NAME = Bone_Leg Right Rear 02
PARENT_ID = 17
LOCALTM 
MAT 0.536949 0.00481171 -0.843601 0.0
MAT -0.00186522 0.999988 0.0045166 0.0
MAT 0.843613 -0.000851596 0.536952 0.0
MAT 0.192747 0.0 4.47035e-007 1.0
WORLDTM 
MAT -0.0483462 -0.669473 0.379002 0.0
MAT 0.768995 -0.0312059 0.0429716 0.0
MAT -0.0219779 0.380797 0.669839 0.0
MAT -0.132512 0.160243 0.201014 1.0
VERTEX = 9
-0.138899 0.0213998 0.277788
-0.139162 0.0136961 0.277798
-0.146864 0.0139593 0.277946
-0.146601 0.021663 0.277936
-0.142409 0.0180539 0.281713
-0.142435 0.0172835 0.281714
-0.143206 0.0173099 0.281729
-0.143179 0.0180802 0.281728
-0.142807 0.0176819 0.281721
INDEX = 14
4 5 7
6 7 5
1 2 5
6 5 2
0 1 4
5 4 1
7 6 3
2 3 6
4 7 0
3 0 7
8 1 0
8 2 1
8 3 2
8 0 3
FACE-NORMAL = 14
-0.019263 -0.000610708 -0.999814
-0.019263 -0.000610708 -0.999814
0.0124796 0.742452 -0.669783
0.0124796 0.742452 -0.669783
-0.755609 0.0249706 -0.654546
-0.755609 0.0249706 -0.654546
0.729837 -0.0257877 -0.683135
0.729837 -0.0257877 -0.683135
-0.0382521 -0.743269 -0.667898
-0.0382521 -0.743269 -0.667898
0.720185 -0.0237117 0.693377
-0.0105099 -0.706262 0.707872
-0.692943 0.0245754 0.720574
0.0377519 0.707126 0.706079
BONE = 19
BONE_NAME = Bone_Foot Right Rear
PARENT_ID = 18
LOCALTM 
MAT -0.489853 -0.0749297 -0.868579 0.0
MAT -0.0424724 0.997167 -0.0620693 0.0
MAT 0.870769 0.00648583 -0.491648 0.0
MAT 0.212946 0.0 0.0 1.0
WORLDTM 
MAT -0.0148484 -0.00047075 -0.770683 0.0
MAT 0.770234 -0.0263192 -0.0148237 0.0
MAT -0.0263054 -0.770377 0.000977406 0.0
MAT -0.142807 0.0176819 0.281721 1.0
VERTEX = 9
-0.141682 0.0216103 0.135216
-0.141869 0.0139217 0.1347
-0.149574 0.0140989 0.134849
-0.149387 0.0217876 0.135366
-0.145165 0.0179702 0.138896
-0.145184 0.0172014 0.138844
-0.145954 0.0172191 0.138859
-0.145935 0.017988 0.138911
-0.145559 0.0175947 0.138877
INDEX = 14
4 5 7
6 7 5
1 2 5
6 5 2
0 1 4
5 4 1
7 6 3
2 3 6
4 7 0
3 0 7
8 1 0
8 2 1
8 3 2
8 0 3
FACE-NORMAL = 14
-0.0178125 0.0674468 -0.997564
-0.0178125 0.0674468 -0.997564
0.0061098 0.786524 -0.617529
0.0061098 0.786524 -0.61753
-0.754874 0.0622141 -0.652913
-0.754873 0.0622141 -0.652913
0.731042 0.0280249 -0.681757
0.731042 0.0280249 -0.681757
-0.0299417 -0.696285 -0.717141
-0.0299417 -0.696285 -0.717141
0.719382 -0.0639545 0.691664
-0.00455281 -0.753001 0.658003
-0.694191 -0.0314297 0.719104
0.0297435 0.657617 0.752765
BONE = 20
BONE_NAME = Bone_Foot Right Rear 01
PARENT_ID = 19
LOCALTM 
MAT 0.997681 -0.000917702 -0.0680645 0.0
MAT 0.000159075 0.999938 -0.0111502 0.0
MAT 0.0680705 0.0111136 0.997619 0.0
MAT 0.185346 0.0 0.0 1.0
WORLDTM 
MAT -0.0137304 0.0519898 -0.768949 0.0
MAT 0.770477 -0.0177278 -0.0149563 0.0
MAT -0.0186934 -0.768867 -0.0516504 0.0
MAT -0.145559 0.0175947 0.138877 1.0
VERTEX = 9
0.113481 0.309228 -0.0415768
0.113719 0.309165 -0.0338725
0.106055 0.308372 -0.0336422
0.105817 0.308434 -0.0413465
0.109744 0.312676 -0.0379627
0.109768 0.31267 -0.0371923
0.109001 0.31259 -0.0371693
0.108977 0.312597 -0.0379397
0.109373 0.312633 -0.037566
INDEX = 14
4 5 7
6 7 5
1 2 5
6 5 2
0 1 4
5 4 1
7 6 3
2 3 6
4 7 0
3 0 7
8 1 0
8 2 1
8 3 2
8 0 3
FACE-NORMAL = 14
0.10263 -0.994655 -0.0112942
0.10263 -0.994655 -0.0112942
0.0457034 -0.659322 -0.75047
0.0457034 -0.659322 -0.75047
-0.670357 -0.741894 0.0146518
-0.670357 -0.741894 0.0146518
0.807669 -0.588885 -0.0297627
0.807669 -0.588885 -0.0297627
0.0916086 -0.671457 0.735359
0.0916086 -0.671457 0.735359
0.630463 0.776108 -0.0131399
-0.0507353 0.697556 0.714732
-0.775604 0.630548 0.0291123
-0.0944057 0.7091 -0.69876
BONE = 21
BONE_NAME = Bone_Leg Left Rear
PARENT_ID = 1
LOCALTM 
MAT 0.357371 0.10263 0.928307 0.0
MAT -0.00788318 0.99424 -0.106885 0.0
MAT -0.93393 0.0308795 0.356122 0.0
MAT 0.00360984 0.146031 0.0760181 1.0
WORLDTM 
MAT 0.07911 -0.766707 -0.00870589 0.0
MAT 0.766387 0.0793385 -0.0230298 0.0
MAT 0.0238028 -0.0062922 0.770434 0.0
MAT 0.109373 0.312633 -0.037566 1.0
VERTEX = 9
0.131105 0.139295 -0.0352869
0.130536 0.146928 -0.0362006
0.12285 0.146372 -0.036059
0.123418 0.13874 -0.0351453
0.127353 0.142019 -0.0394607
0.127296 0.142782 -0.039552
0.126527 0.142727 -0.0395379
0.126584 0.141964 -0.0394465
0.12694 0.142373 -0.0394993
INDEX = 14
4 5 7
6 7 5
1 2 5
6 5 2
0 1 4
5 4 1
7 6 3
2 3 6
4 7 0
3 0 7
8 1 0
8 2 1
8 3 2
8 0 3
FACE-NORMAL = 14
0.00964236 0.119562 0.99278
0.00964236 0.119562 0.99278
0.061294 -0.65603 0.752241
0.061294 -0.65603 0.752241
-0.734783 0.0263847 0.677789
-0.734783 0.0263847 0.677789
0.747684 0.133581 0.650481
0.747684 0.133581 0.650481
-0.0483932 0.815996 0.576028
-0.0483932 0.815996 0.576028
0.698328 -0.0335544 -0.714991
-0.0589917 0.615637 -0.785819
-0.711964 -0.135532 -0.689012
0.0453553 -0.784724 -0.618184
BONE = 22
BONE_NAME = Bone_Leg Left Rear 01
PARENT_ID = 21
LOCALTM 
MAT -0.129146 -0.00776816 0.991596 0.0
MAT 0.0308296 0.999454 0.0118452 0.0
MAT -0.991146 0.0321003 -0.128836 0.0
MAT 0.222067 0.0 0.0 1.0
WORLDTM 
MAT 0.00743259 0.0921616 0.765262 0.0
MAT 0.768689 0.0555834 -0.0141597 0.0
MAT -0.056875 0.763276 -0.0913703 0.0
MAT 0.12694 0.142373 -0.0394993 1.0
VERTEX = 9
0.132417 0.157137 0.0992558
0.132495 0.155256 0.106731
0.124807 0.154696 0.10667
0.124729 0.156576 0.0991953
0.128714 0.159766 0.103533
0.128721 0.159578 0.10428
0.127953 0.159522 0.104274
0.127945 0.15971 0.103527
0.128333 0.159644 0.103904
INDEX = 14
4 5 7
6 7 5
1 2 5
6 5 2
0 1 4
5 4 1
7 6 3
2 3 6
4 7 0
3 0 7
8 1 0
8 2 1
8 3 2
8 0 3
FACE-NORMAL = 14
0.0724123 -0.967059 -0.244034
0.0724123 -0.967059 -0.244034
0.0408924 -0.465603 -0.884048
0.0408924 -0.465604 -0.884048
-0.692863 -0.700965 -0.16908
-0.692863 -0.700966 -0.16908
0.789746 -0.592892 -0.15742
0.789746 -0.592892 -0.15742
0.0559902 -0.828254 0.557548
0.0559902 -0.828254 0.557549
0.654011 0.73522 0.178104
-0.0440218 0.511317 0.858264
-0.756417 0.632408 0.167012
-0.0583846 0.856312 -0.513148
BONE = 23
BONE_NAME = Bone_Leg Left Rear 02
PARENT_ID = 22
LOCALTM 
MAT -0.357197 0.00696088 -0.934004 0.0
MAT 0.0260952 0.999656 -0.00252974 0.0
MAT 0.933664 -0.0252767 -0.357256 0.0
MAT 0.187391 0.0 4.32134e-007 1.0
WORLDTM 
MAT 0.0558174 -0.745435 -0.188108 0.0
MAT 0.768763 0.0560384 0.00604594 0.0
MAT 0.00782851 -0.188042 0.747498 0.0
MAT 0.128333 0.159644 0.103904 1.0
VERTEX = 9
0.14418 0.00508514 0.0604298
0.144625 -0.00260965 0.060329
0.136962 -0.00304282 0.0596118
0.136517 0.00465197 0.0597126
0.140577 0.00135679 0.0638988
0.140621 0.000587315 0.0638887
0.139855 0.000543998 0.063817
0.13981 0.00131348 0.0638271
0.140216 0.000950396 0.0638579
INDEX = 14
4 5 7
6 7 5
1 2 5
6 5 2
0 1 4
5 4 1
7 6 3
2 3 6
4 7 0
3 0 7
8 1 0
8 2 1
8 3 2
8 0 3
FACE-NORMAL = 14
0.0921503 0.0183607 -0.995576
0.0921503 0.0183607 -0.995576
0.0187907 0.754277 -0.656287
0.0187907 0.754277 -0.656288
-0.677244 -0.0294868 -0.735167
-0.677244 -0.0294868 -0.735167
0.800535 0.0540521 -0.596843
0.800535 0.0540521 -0.596843
0.1045 -0.729711 -0.675723
0.1045 -0.729711 -0.675723
0.637757 0.026753 0.769773
-0.0243919 -0.718853 0.694734
-0.768077 -0.0527189 0.638184
-0.105928 0.692887 0.713223
BONE = 24
BONE_NAME = Bone_Foot Left Rear
PARENT_ID = 23
LOCALTM 
MAT 0.231871 0.0854299 -0.968988 0.0
MAT -0.00506757 0.996228 0.0866188 0.0
MAT 0.972733 -0.0151739 0.231429 0.0
MAT 0.212887 0.0 0.0 1.0
WORLDTM 
MAT 0.071032 0.0141529 -0.767417 0.0
MAT 0.766259 0.0433166 0.0717237 0.0
MAT 0.044442 -0.769479 -0.0100777 0.0
MAT 0.140216 0.000950396 0.0638579 1.0
VERTEX = 9
0.156956 0.00807094 -0.0808689
0.157726 0.000424812 -0.0814698
0.150067 -0.000309482 -0.0819414
0.149297 0.00733665 -0.0813405
0.153651 0.00397769 -0.0775164
0.153728 0.00321308 -0.0775765
0.152962 0.00313965 -0.0776236
0.152885 0.00390426 -0.0775635
0.153306 0.00355867 -0.07757
INDEX = 14
4 5 7
6 7 5
1 2 5
6 5 2
0 1 4
5 4 1
7 6 3
2 3 6
4 7 0
3 0 7
8 1 0
8 2 1
8 3 2
8 0 3
FACE-NORMAL = 14
0.053257 0.0835617 -0.995078
0.053257 0.0835617 -0.995078
-0.0386309 0.793202 -0.607732
-0.0386309 0.793202 -0.607732
-0.702888 -0.0149069 -0.711144
-0.702888 -0.0149069 -0.711144
0.774142 0.126707 -0.620201
0.774143 0.126706 -0.620201
0.109885 -0.681402 -0.723613
0.109885 -0.681402 -0.723613
0.664902 0.00827244 0.746885
0.0329843 -0.760494 0.648507
-0.740219 -0.126446 0.660369
-0.108301 0.64232 0.758747
BONE = 25
BONE_NAME = Bone_Foot Left Rear 01
PARENT_ID = 24
LOCALTM 
MAT 0.997119 -0.0349527 -0.0673359 0.0
MAT 0.0324017 0.998729 -0.0386096 0.0
MAT 0.0685997 0.0363165 0.996983 0.0
MAT 0.184291 0.0 0.0 1.0
WORLDTM 
MAT 0.041052 0.0644116 -0.767034 0.0
MAT 0.76587 0.0734294 0.0471561 0.0
MAT 0.0770085 -0.764613 -0.0600872 0.0
MAT 0.153306 0.00355867 -0.07757 1.0
VERTEX = 9
-0.0828504 0.339852 -0.222725
-0.0818657 0.33764 -0.213022
-0.0724071 0.340879 -0.213244
-0.0733919 0.34309 -0.222947
-0.0766045 0.335714 -0.219664
-0.076506 0.335493 -0.218694
-0.0755602 0.335817 -0.218716
-0.0756587 0.336038 -0.219686
-0.0760824 0.335766 -0.21919
INDEX = 14
4 5 7
6 7 5
1 2 5
6 5 2
0 1 4
5 4 1
7 6 3
2 3 6
4 7 0
3 0 7
8 1 0
8 2 1
8 3 2
8 0 3
FACE-NORMAL = 14
-0.309286 0.919914 0.241042
-0.309286 0.919914 0.241042
-0.280096 0.779752 -0.55994
-0.280096 0.779752 -0.55994
0.496148 0.856086 0.144751
0.496148 0.856086 0.144751
-0.909951 0.374693 0.177747
-0.909951 0.374693 0.177747
-0.133706 0.451028 0.882438
-0.133706 0.451028 0.882438
-0.450124 -0.879455 -0.154748
0.28833 -0.806837 0.515635
0.88752 -0.421499 -0.186138
0.149067 -0.494117 -0.856521
BONE = 26
BONE_NAME = BoneStockR01
PARENT_ID = 1
LOCALTM 
MAT -0.709166 -0.40124 -1.00951 0.0
MAT 0.119479 -1.22707 0.40378 0.0
MAT -1.07973 0.127751 0.707723 0.0
MAT 0.213985 -0.0945615 -0.034258 1.0
WORLDTM 
MAT -0.309286 0.919913 0.241042 0.0
MAT -0.945857 -0.323824 0.022196 0.0
MAT 0.0984737 -0.221127 0.970261 0.0
MAT -0.0760824 0.335766 -0.21919 1.0
VERTEX = 9
-0.145523 0.526174 -0.175122
-0.148224 0.534407 -0.17013
-0.138766 0.537645 -0.170352
-0.136064 0.529412 -0.175344
-0.141582 0.529005 -0.168644
-0.141853 0.529828 -0.168145
-0.140907 0.530152 -0.168167
-0.140637 0.529329 -0.168666
-0.141245 0.529578 -0.168406
INDEX = 14
4 5 7
6 7 5
1 2 5
6 5 2
0 1 4
5 4 1
7 6 3
2 3 6
4 7 0
3 0 7
8 1 0
8 2 1
8 3 2
8 0 3
FACE-NORMAL = 14
-0.179925 0.46617 -0.866206
-0.179925 0.46617 -0.866206
0.0804382 -0.300103 -0.950509
0.0804382 -0.300103 -0.950509
0.582686 0.552548 -0.595959
0.582686 0.552548 -0.595959
-0.823413 0.0711547 -0.562963
-0.823413 0.0711547 -0.562963
-0.321166 0.923806 -0.208413
-0.321166 0.923806 -0.208413
-0.541595 -0.55861 0.628195
-0.0637994 0.252529 0.965484
0.796048 -0.100654 0.596805
0.318252 -0.911793 0.259516
BONE = 27
BONE_NAME = BoneStockR02
PARENT_ID = 26
LOCALTM 
MAT 0.275693 1.49012e-007 -0.961246 0.0
MAT 0.0 1.0 -2.6077e-007 0.0
MAT 0.961246 0.0 0.275693 0.0
MAT 0.210686 0.0 0.0 1.0
WORLDTM 
MAT -0.179925 0.46617 -0.866206 0.0
MAT -0.945857 -0.323824 0.0221957 0.0
MAT -0.270151 0.8233 0.499195 0.0
MAT -0.141245 0.529578 -0.168406 1.0
VERTEX = 9
-0.199238 0.665223 -0.435497
-0.201593 0.671599 -0.442832
-0.192134 0.674838 -0.443054
-0.18978 0.668462 -0.435719
-0.197158 0.673045 -0.435501
-0.197394 0.673683 -0.436234
-0.196448 0.674006 -0.436257
-0.196212 0.673369 -0.435523
-0.196803 0.673526 -0.435879
INDEX = 14
4 5 7
6 7 5
1 2 5
6 5 2
0 1 4
5 4 1
7 6 3
2 3 6
4 7 0
3 0 7
8 1 0
8 2 1
8 3 2
8 0 3
FACE-NORMAL = 14
0.223373 -0.699014 -0.679326
0.223373 -0.699014 -0.679326
0.324473 -0.941531 0.0907618
0.324473 -0.941531 0.0907616
0.852479 -0.226919 -0.470943
0.852479 -0.226919 -0.470943
-0.553621 -0.708312 -0.437947
-0.553621 -0.708312 -0.437947
-0.0256154 0.00629887 -0.999652
-0.0256155 0.00629905 -0.999652
-0.826771 0.265299 0.496051
-0.324471 0.94512 -0.0383074
0.510873 0.723256 0.464661
0.00857353 0.0434354 0.999019
BONE = 28
BONE_NAME = BoneStockR03
PARENT_ID = 27
LOCALTM 
MAT 0.222386 7.15256e-007 -0.974959 0.0
MAT 0.0 1.0 1.49012e-007 0.0
MAT 0.974959 0.0 0.222386 0.0
MAT 0.308787 0.0 -1.49012e-007 1.0
WORLDTM 
MAT 0.223373 -0.699014 -0.679326 0.0
MAT -0.945857 -0.323824 0.0221958 0.0
MAT -0.235498 0.637587 -0.733501 0.0
MAT -0.196803 0.673526 -0.435879 1.0
VERTEX = 9
-0.166246 0.595235 -0.519939
-0.168479 0.602226 -0.513146
-0.166958 0.595592 -0.50582
-0.164724 0.588602 -0.512613
-0.17138 0.594061 -0.513795
-0.171603 0.59476 -0.513115
-0.171451 0.594096 -0.512383
-0.171228 0.593397 -0.513062
-0.171416 0.594078 -0.513089
INDEX = 14
4 5 7
6 7 5
1 2 5
6 5 2
0 1 4
5 4 1
7 6 3
2 3 6
4 7 0
3 0 7
8 1 0
8 2 1
8 3 2
8 0 3
FACE-NORMAL = 14
0.962783 0.267022 0.041817
0.962783 0.267022 0.041817
0.810099 -0.340945 -0.476965
0.810099 -0.340945 -0.476965
0.757171 -0.314461 0.572544
0.757171 -0.314461 0.572544
0.530965 0.671718 -0.516596
0.530965 0.671718 -0.516596
0.478036 0.698201 0.532913
0.478036 0.698201 0.532913
-0.788387 0.28027 -0.547627
-0.838739 0.305464 0.450787
-0.573193 -0.657897 0.488489
-0.522842 -0.683091 -0.509925
BONE = 29
BONE_NAME = Ref_Weapon Right
PARENT_ID = 28
LOCALTM 
MAT 4.47035e-007 -0.996195 -0.0871556 0.0
MAT -2.08616e-007 -0.0871557 0.996194 0.0
MAT -1.0 -5.51343e-007 -1.78814e-007 0.0
MAT 0.113656 0.0 2.38419e-007 1.0
WORLDTM 
MAT 0.962783 0.267022 0.041817 0.0
MAT -0.152165 0.663384 -0.732644 0.0
MAT -0.223372 0.699014 0.679326 0.0
MAT -0.171416 0.594078 -0.513089 1.0
VERTEX = 9
-0.137058 0.525975 -0.175076
-0.136713 0.535656 -0.172592
-0.13551 0.533149 -0.162987
-0.135855 0.523468 -0.16547
-0.141322 0.52922 -0.16901
-0.141287 0.530188 -0.168762
-0.141167 0.529937 -0.167801
-0.141202 0.528969 -0.16805
-0.141245 0.529578 -0.168406
INDEX = 14
4 5 7
6 7 5
1 2 5
6 5 2
0 1 4
5 4 1
7 6 3
2 3 6
4 7 0
3 0 7
8 1 0
8 2 1
8 3 2
8 0 3
FACE-NORMAL = 14
0.992134 -0.0032722 -0.125135
0.992134 -0.0032722 -0.125135
0.638048 -0.72174 -0.268302
0.638048 -0.72174 -0.268302
0.75314 -0.188538 0.630265
0.75314 -0.188538 0.630264
0.574266 0.18416 -0.797687
0.574266 0.18416 -0.797687
0.689358 0.717362 0.10088
0.689358 0.717362 0.10088
-0.786628 0.179591 -0.590732
-0.677139 0.686834 0.264088
-0.616462 -0.174963 0.7677
-0.725951 -0.682206 -0.0871201
BONE = 30
BONE_NAME = HitTestFuzzy02
PARENT_ID = 27
LOCALTM 
MAT -0.0716424 -0.940135 -0.333187 0.0
MAT 0.970561 0.011305 -0.240591 0.0
MAT 0.229954 -0.340615 0.911648 0.0
MAT 0.0 0.0 0.0 1.0
WORLDTM 
MAT 0.992135 -0.0032722 -0.125135 0.0
MAT -0.120326 0.250707 -0.960556 0.0
MAT 0.0345154 0.968058 0.248342 0.0
MAT -0.141245 0.529578 -0.168406 1.0
VERTEX = 9
0.0740017 0.341315 -0.226846
0.0741152 0.343883 -0.217182
0.0835126 0.340553 -0.216408
0.0833992 0.337985 -0.226072
0.0765732 0.336435 -0.220924
0.0765845 0.336692 -0.219957
0.0775243 0.336359 -0.21988
0.0775129 0.336102 -0.220846
0.0770487 0.336397 -0.220402
INDEX = 14
4 5 7
6 7 5
1 2 5
6 5 2
0 1 4
5 4 1
7 6 3
2 3 6
4 7 0
3 0 7
8 1 0
8 2 1
8 3 2
8 0 3
FACE-NORMAL = 14
0.34169 0.907292 -0.24509
0.34169 0.907292 -0.24509
0.220145 0.41608 -0.882278
0.220145 0.41608 -0.882277
0.927085 0.359437 -0.106391
0.927085 0.359437 -0.106391
-0.469928 0.854456 -0.221522
-0.469928 0.854456 -0.221522
0.237011 0.797813 0.554364
0.237011 0.797813 0.554364
-0.906111 -0.406093 0.118542
-0.233589 -0.459978 0.856654
0.422889 -0.877012 0.228068
-0.249633 -0.823127 -0.510045
BONE = 31
BONE_NAME = BoneStockL01
PARENT_ID = 1
LOCALTM 
MAT -0.112366 0.443277 -1.21404 0.0
MAT -0.0564445 -1.21914 -0.439915 0.0
MAT -1.2912 0.0147184 0.124882 0.0
MAT 0.215173 0.104097 -0.0355742 1.0
WORLDTM 
MAT 0.34169 0.907292 -0.24509 0.0
MAT -0.939745 0.33299 -0.0774469 0.0
MAT 0.0113455 0.256785 0.966402 0.0
MAT 0.0770487 0.336397 -0.220402 1.0
VERTEX = 9
0.146416 0.533128 -0.280807
0.14891 0.541354 -0.275696
0.158307 0.538024 -0.274922
0.155814 0.529798 -0.280032
0.150598 0.533026 -0.273878
0.150847 0.533849 -0.273367
0.151787 0.533516 -0.27329
0.151537 0.532693 -0.273801
0.151192 0.533271 -0.273584
INDEX = 14
4 5 7
6 7 5
1 2 5
6 5 2
0 1 4
5 4 1
7 6 3
2 3 6
4 7 0
3 0 7
8 1 0
8 2 1
8 3 2
8 0 3
FACE-NORMAL = 14
0.233887 0.460961 -0.856045
0.233887 0.460961 -0.856045
-0.0288818 -0.303051 -0.952537
-0.0288817 -0.30305 -0.952537
0.854968 0.0608568 -0.515098
0.854968 0.0608569 -0.515098
-0.542045 0.555876 -0.63023
-0.542045 0.555876 -0.63023
0.341805 0.919783 -0.192791
0.341805 0.919783 -0.192791
-0.829882 -0.0904888 0.550552
0.0109374 0.255702 0.966694
0.499117 -0.561408 0.660078
-0.341703 -0.907598 0.243936
BONE = 32
BONE_NAME = BoneStockL02
PARENT_ID = 31
LOCALTM 
MAT 0.70795 -2.38419e-007 -0.706262 0.0
MAT 0.0 1.0 1.49012e-007 0.0
MAT 0.706262 0.0 0.70795 0.0
MAT 0.216991 0.0 0.0 1.0
WORLDTM 
MAT 0.233887 0.460961 -0.856045 0.0
MAT -0.939744 0.33299 -0.0774468 0.0
MAT 0.249354 0.822577 0.511067 0.0
MAT 0.151192 0.533271 -0.273584 1.0
VERTEX = 9
0.214728 0.667123 -0.53358
0.218055 0.675508 -0.537897
0.227452 0.672178 -0.537122
0.224125 0.663793 -0.532806
0.220848 0.671554 -0.530681
0.22118 0.672393 -0.531112
0.22212 0.67206 -0.531035
0.221787 0.671221 -0.530603
0.221484 0.671807 -0.530858
INDEX = 14
4 5 7
6 7 5
1 2 5
6 5 2
0 1 4
5 4 1
7 6 3
2 3 6
4 7 0
3 0 7
8 1 0
8 2 1
8 3 2
8 0 3
FACE-NORMAL = 14
-0.0787932 -0.431385 -0.89872
-0.0787932 -0.431385 -0.89872
-0.299986 -0.911808 -0.280384
-0.299986 -0.911808 -0.280385
0.645796 -0.536092 -0.543647
0.645796 -0.536092 -0.543648
-0.751216 -0.0410708 -0.658777
-0.751216 -0.0410707 -0.658777
0.194566 0.334644 -0.92204
0.194566 0.334644 -0.92204
-0.608784 0.540496 0.580729
0.290952 0.89792 0.330283
0.720215 0.0695748 0.690254
-0.179522 -0.287848 0.940699
BONE = 33
BONE_NAME = BoneStockL03
PARENT_ID = 32
LOCALTM 
MAT 0.552064 1.77324e-006 -0.833801 0.0
MAT -3.27826e-007 1.0 2.38419e-006 0.0
MAT 0.833802 -9.23872e-007 0.552064 0.0
MAT 0.300538 0.0 0.0 1.0
WORLDTM 
MAT -0.0787931 -0.431385 -0.89872 0.0
MAT -0.939744 0.332992 -0.0774453 0.0
MAT 0.332676 0.838465 -0.43163 0.0
MAT 0.221484 0.671807 -0.530858 1.0
VERTEX = 9
0.21394 0.618019 -0.645512
0.213553 0.622637 -0.636651
0.210809 0.614061 -0.632301
0.211196 0.609443 -0.641163
0.207727 0.61737 -0.640367
0.207688 0.617831 -0.639481
0.207414 0.616974 -0.639046
0.207452 0.616512 -0.639932
0.20757 0.617172 -0.639706
INDEX = 14
4 5 7
6 7 5
1 2 5
6 5 2
0 1 4
5 4 1
7 6 3
2 3 6
4 7 0
3 0 7
8 1 0
8 2 1
8 3 2
8 0 3
FACE-NORMAL = 14
0.96084 -0.226314 0.1599
0.96084 -0.226314 0.1599
0.671526 -0.494666 -0.551686
0.671527 -0.494666 -0.551686
0.438817 -0.788855 0.430287
0.438817 -0.788855 0.430287
0.84672 0.486063 -0.216352
0.84672 0.486063 -0.216353
0.61401 0.191874 0.765621
0.61401 0.191874 0.765621
-0.485395 0.766453 -0.420645
-0.706775 0.486586 0.513521
-0.873439 -0.446396 0.194513
-0.652059 -0.16653 -0.739653
BONE = 34
BONE_NAME = Ref_Weapon Left
PARENT_ID = 33
LOCALTM 
MAT -0.121785 -0.990688 0.0608741 0.0
MAT -0.000654936 0.0614109 0.998112 0.0
MAT -0.992557 0.121515 -0.00812763 0.0
MAT 0.12249 0.00331214 -0.00345653 1.0
WORLDTM 
MAT 0.96084 -0.226314 0.1599 0.0
MAT 0.274389 0.857614 -0.434982 0.0
MAT -0.0386904 0.461823 0.886128 0.0
MAT 0.20757 0.617172 -0.639706 1.0
VERTEX = 9
0.157396 0.529831 -0.278552
0.156672 0.539494 -0.276083
0.154781 0.536931 -0.266604
0.155505 0.527267 -0.269073
