EXPORTER_V17
ANIMATION_EXPORT
BONEOBJECT_COUNT = 137
VERTEX = 9
0.25 0.25 -0.25
0.25 0.25 0.25
0.25 -0.25 0.25
0.25 -0.25 -0.25
4.0 0.025 -0.025
4.0 0.025 0.025
4.0 -0.025 0.025
4.0 -0.025 -0.025
0.0 0.0 0.0
INDEX = 14
4 5 7
6 7 5
1 2 5
6 5 2
0 1 4
5 4 1
7 6 3
2 3 6
4 7 0
3 0 7
8 1 0
8 2 1
8 3 2
8 0 3
FACE-NORMAL = 14
1.0 0.0 0.0
1.0 0.0 0.0
0.0598923 -5.35479e-007 0.998205
0.0598923 -5.35479e-007 0.998205
0.0598923 0.998205 5.35479e-007
0.0598923 0.998205 5.35479e-007
0.0598923 -0.998205 -5.35479e-007
0.0598923 -0.998205 -5.35479e-007
0.0598923 5.35479e-007 -0.998205
0.0598923 5.35479e-007 -0.998205
-0.707107 0.707107 3.79322e-007
-0.707107 -3.79322e-007 0.707107
-0.707107 -0.707107 -3.79322e-007
-0.707107 3.79322e-007 -0.707107
BONE = 0
BONE_NAME = Dummy_root
PARENT_ID = -1
LOCALTM 
MAT 1.0 0.0 0.0 0.0
MAT 0.0 1.0 5.36442e-007 0.0
MAT 0.0 -5.36442e-007 1.0 0.0
MAT 0.0 0.0 0.0 1.0
WORLDTM 
MAT 1.0 0.0 0.0 0.0
MAT 0.0 1.0 5.36442e-007 0.0
MAT 0.0 -5.36442e-007 1.0 0.0
MAT 0.0 0.0 0.0 1.0
VERTEX = 9
0.25 0.25 -0.25
0.25 0.25 0.25
0.25 -0.25 0.25
0.25 -0.25 -0.25
4.0 0.025 -0.025
4.0 0.025 0.025
4.0 -0.025 0.025
4.0 -0.025 -0.025
0.0 0.0 0.0
INDEX = 14
4 5 7
6 7 5
1 2 5
6 5 2
0 1 4
5 4 1
7 6 3
2 3 6
4 7 0
3 0 7
8 1 0
8 2 1
8 3 2
8 0 3
FACE-NORMAL = 14
1.0 0.0 0.0
1.0 0.0 0.0
0.0598923 -5.35479e-007 0.998205
0.0598923 -5.35479e-007 0.998205
0.0598923 0.998205 5.35479e-007
0.0598923 0.998205 5.35479e-007
0.0598923 -0.998205 -5.35479e-007
0.0598923 -0.998205 -5.35479e-007
0.0598923 5.35479e-007 -0.998205
0.0598923 5.35479e-007 -0.998205
-0.707107 0.707107 3.79322e-007
-0.707107 -3.79322e-007 0.707107
-0.707107 -0.707107 -3.79322e-007
-0.707107 3.79322e-007 -0.707107
BONE = 1
BONE_NAME = FxBottom
PARENT_ID = 0
LOCALTM 
MAT 1.0 0.0 0.0 0.0
MAT 0.0 1.0 0.0 0.0
MAT 0.0 0.0 1.0 0.0
MAT 0.0 0.0 0.0 1.0
WORLDTM 
MAT 1.0 0.0 0.0 0.0
MAT 0.0 1.0 5.36442e-007 0.0
MAT 0.0 -5.36442e-007 1.0 0.0
MAT 0.0 0.0 0.0 1.0
VERTEX = 9
-0.560831 57.5005 4.02923
-0.286778 57.4558 4.44504
-0.326644 56.9581 4.41785
-0.600697 57.0028 4.00204
2.6668 57.1195 2.13159
2.69421 57.1151 2.17317
2.69022 57.0653 2.17045
2.66281 57.0698 2.12887
-0.651887 57.2384 4.36171
INDEX = 14
4 5 7
6 7 5
1 2 5
6 5 2
0 1 4
5 4 1
7 6 3
2 3 6
4 7 0
3 0 7
8 1 0
8 2 1
8 3 2
8 0 3
FACE-NORMAL = 14
0.832599 -0.0365004 -0.552672
0.832599 -0.0365004 -0.552672
0.59699 -0.091368 0.797029
0.59699 -0.091368 0.797029
0.129455 0.991359 0.0211818
0.129455 0.991359 0.0211818
-0.0297221 -0.995731 -0.0873834
-0.0297221 -0.995731 -0.0873834
-0.497257 0.0869958 -0.863231
-0.497257 0.0869958 -0.863231
-0.532358 0.729616 0.429251
-0.201166 -0.0373649 0.978844
-0.645115 -0.677996 0.352345
-0.976307 0.0889842 -0.197248
BONE = 2
BONE_NAME = Bip01
PARENT_ID = 0
LOCALTM 
MAT 0.832599 -0.0365007 -0.552672 0.0
MAT 0.0797315 0.995332 0.0543797 0.0
MAT 0.548107 -0.0893419 0.831623 0.0
MAT -0.651887 57.2384 4.36168 1.0
WORLDTM 
MAT 0.832599 -0.0365004 -0.552672 0.0
MAT 0.0797315 0.995332 0.0543802 0.0
MAT 0.548107 -0.0893423 0.831623 0.0
MAT -0.651887 57.2384 4.36171 1.0
VERTEX = 9
-0.70055 57.4744 4.72151
-0.284938 57.4529 4.44437
-0.559436 57.4998 4.02909
-0.975048 57.5213 4.30623
1.25852 79.0153 5.58683
1.30008 79.0131 5.55912
1.27263 79.0178 5.51759
1.23107 79.02 5.54531
-0.651887 57.2384 4.36171
INDEX = 14
4 5 7
6 7 5
1 2 5
6 5 2
0 1 4
5 4 1
7 6 3
2 3 6
4 7 0
3 0 7
8 1 0
8 2 1
8 3 2
8 0 3
FACE-NORMAL = 14
0.0875761 0.994673 0.054374
0.0875761 0.994673 0.054374
0.83209 -0.0325439 -0.553686
0.83209 -0.0325439 -0.553686
0.549877 -0.0833945 0.831072
0.549877 -0.0833945 0.831072
-0.548056 0.104073 -0.829942
-0.548056 0.104073 -0.829942
-0.830269 0.0532223 0.554816
-0.830269 0.0532223 0.554816
0.326273 -0.769623 0.548841
0.525839 -0.733664 -0.430384
-0.450125 -0.637057 -0.625737
-0.64969 -0.673015 0.353487
BONE = 3
BONE_NAME = Bip01-Pelvis
PARENT_ID = 2
LOCALTM 
MAT 0.0065589 0.999969 0.00435342 0.0
MAT 0.00149239 -0.00436331 0.999989 0.0
MAT 0.999977 -0.00655234 -0.00152117 0.0
MAT 0.0 0.0 0.0 1.0
WORLDTM 
MAT 0.0875761 0.994672 0.054374 0.0
MAT 0.548996 -0.0937388 0.830552 0.0
MAT 0.831224 -0.0428854 -0.554281 0.0
MAT -0.651887 57.2384 4.36171 1.0
VERTEX = 9
3.62135 79.0116 4.29729
4.00594 78.7999 4.058
3.77143 78.8672 3.62156
3.38685 79.0789 3.86085
13.3087 98.8021 1.88538
13.3472 98.7809 1.86145
13.3237 98.7877 1.8178
13.2853 98.8088 1.84173
3.58788 78.7154 3.9832
INDEX = 14
4 5 7
6 7 5
1 2 5
6 5 2
0 1 4
5 4 1
7 6 3
2 3 6
4 7 0
3 0 7
8 1 0
8 2 1
8 3 2
8 0 3
FACE-NORMAL = 14
0.434037 0.895861 -0.0951036
0.434037 0.895861 -0.0951036
0.773544 -0.41435 -0.479525
0.773544 -0.41435 -0.479525
0.4734 -0.125471 0.871866
0.4734 -0.125471 0.871866
-0.464588 0.143659 -0.873797
-0.464588 0.143659 -0.873797
-0.764732 0.432538 0.477594
-0.764732 0.432538 0.477594
0.024735 -0.728626 0.684465
0.23698 -0.932905 -0.271162
-0.638556 -0.538313 -0.549968
-0.850801 -0.334034 0.405658
BONE = 4
BONE_NAME = Bip01-Spine
PARENT_ID = 3
LOCALTM 
MAT 0.923929 0.0753195 0.375077 0.0
MAT -0.0453184 0.995073 -0.0881882 0.0
MAT -0.379871 0.0644817 0.92279 0.0
MAT 21.7133 2.14577e-005 2.81295 1.0
WORLDTM 
MAT 0.434037 0.895861 -0.0951035 0.0
MAT 0.469018 -0.134572 0.872876 0.0
MAT 0.769177 -0.423466 -0.478584 0.0
MAT 3.58788 78.7154 3.9832 1.0
VERTEX = 9
13.3972 99.1077 2.15144
13.7314 98.8132 1.9243
13.5035 98.8924 1.48635
13.1693 99.1869 1.7135
25.6109 115.412 -1.51346
25.6443 115.382 -1.53618
25.6215 115.39 -1.57997
25.5881 115.42 -1.55726
13.3034 98.8019 1.85955
INDEX = 14
4 5 7
6 7 5
1 2 5
6 5 2
0 1 4
5 4 1
7 6 3
2 3 6
4 7 0
3 0 7
8 1 0
8 2 1
8 3 2
8 0 3
FACE-NORMAL = 14
0.587838 0.792465 -0.162622
0.587838 0.792465 -0.162622
0.674708 -0.580351 -0.456028
0.674708 -0.580351 -0.456028
0.462154 -0.149733 0.874067
0.462154 -0.149733 0.874067
-0.449373 0.166963 -0.877603
-0.449373 0.166963 -0.877603
-0.661927 0.597581 0.452492
-0.661927 0.597581 0.452492
-0.0933714 -0.672333 0.734337
0.0569358 -0.976844 -0.206238
-0.737957 -0.448382 -0.504354
-0.888264 -0.143871 0.43622
BONE = 5
BONE_NAME = Bip01-Spine1
PARENT_ID = 4
LOCALTM 
MAT 0.980548 0.0271141 0.194398 0.0
MAT -0.0273358 0.999625 -0.00154265 0.0
MAT -0.194367 -0.00380138 0.980921 0.0
MAT 22.4136 0.0 -0.0166397 1.0
WORLDTM 
MAT 0.587838 0.792465 -0.162622 0.0
MAT 0.455791 -0.158357 0.875887 0.0
MAT 0.668357 -0.589001 -0.454287 0.0
MAT 13.3034 98.8019 1.85955 1.0
VERTEX = 9
25.8592 115.656 -1.28847
26.0186 115.297 -1.59766
25.7132 115.468 -1.95441
25.5538 115.827 -1.64522
39.8046 127.271 -7.95663
39.8206 127.235 -7.98754
39.79 127.252 -8.02322
39.7741 127.288 -7.9923
25.605 115.411 -1.53909
INDEX = 14
4 5 7
6 7 5
1 2 5
6 5 2
0 1 4
5 4 1
7 6 3
2 3 6
4 7 0
3 0 7
8 1 0
8 2 1
8 3 2
8 0 3
FACE-NORMAL = 14
0.724745 0.605169 -0.329417
0.724745 0.605169 -0.329417
0.327161 -0.711247 -0.622169
0.327161 -0.711247 -0.622169
0.619248 -0.336098 0.709626
0.619248 -0.336098 0.709626
-0.60238 0.350184 -0.717294
-0.60238 0.350184 -0.717294
-0.310293 0.725332 0.614501
-0.310293 0.725332 0.614501
-0.080532 -0.670573 0.73746
-0.287083 -0.93586 -0.204325
-0.944412 -0.185265 -0.271593
-0.737861 0.0800227 0.670192
BONE = 6
BONE_NAME = Bip01-Spine2
PARENT_ID = 5
LOCALTM 
MAT 0.959178 -0.0540332 0.277593 0.0
MAT -0.0288938 0.957717 0.286256 0.0
MAT -0.281323 -0.282592 0.91706 0.0
MAT 20.9459 1.90735e-006 -0.0167885 1.0
WORLDTM 
MAT 0.724745 0.605169 -0.329417 0.0
MAT 0.610855 -0.343164 0.713508 0.0
MAT 0.318748 -0.718338 -0.618377 0.0
MAT 25.605 115.411 -1.53909 1.0
VERTEX = 9
28.4429 110.107 -20.0286
28.42 109.675 -20.2782
28.0998 109.879 -20.6032
28.1227 110.312 -20.3537
34.1579 112.224 -24.674
34.1556 112.18 -24.699
34.1235 112.201 -24.7315
34.1258 112.244 -24.7065
28.0797 109.921 -20.1727
INDEX = 14
4 5 7
6 7 5
1 2 5
6 5 2
0 1 4
5 4 1
7 6 3
2 3 6
4 7 0
3 0 7
8 1 0
8 2 1
8 3 2
8 0 3
FACE-NORMAL = 14
0.766609 0.289854 -0.572971
0.766609 0.289854 -0.572971
-0.0232782 -0.856465 -0.51568
-0.0232782 -0.856465 -0.51568
0.66272 -0.400148 0.632995
0.66272 -0.400148 0.632995
-0.617682 0.417177 -0.666657
-0.617682 0.417177 -0.666657
0.0683166 0.873494 0.482018
0.0683166 0.873494 0.482018
-0.0891881 -0.494051 0.864847
-0.574472 -0.816854 0.0522597
-0.99496 0.0841353 -0.0545433
-0.509677 0.406939 0.758044
BONE = 7
BONE_NAME = Bip01-Neck
PARENT_ID = 6
LOCALTM 
MAT 0.919753 -0.0399998 0.390455 0.0
MAT 0.00260976 0.995395 0.095825 0.0
MAT -0.392489 -0.0871163 0.915621 0.0
MAT 4.60931 -9.89952 16.2551 1.0
WORLDTM 
MAT 0.766609 0.289854 -0.572971 0.0
MAT 0.640478 -0.408839 0.650107 0.0
MAT -0.0458172 -0.865352 -0.499064 0.0
MAT 28.0797 109.921 -20.1727 1.0
VERTEX = 9
34.5655 112.28 -24.6536
34.3237 111.861 -24.527
34.0782 111.871 -24.9624
34.32 112.29 -25.089
48.3262 101.572 -32.9166
48.302 101.53 -32.9039
48.2775 101.531 -32.9475
48.3016 101.573 -32.9601
34.1407 112.212 -24.7027
INDEX = 14
4 5 7
6 7 5
1 2 5
6 5 2
0 1 4
5 4 1
7 6 3
2 3 6
4 7 0
3 0 7
8 1 0
8 2 1
8 3 2
8 0 3
FACE-NORMAL = 14
0.724631 -0.545517 -0.421095
0.724631 -0.545517 -0.421095
-0.475121 -0.844162 0.248296
-0.475121 -0.844162 0.248296
0.499373 -0.0265101 0.865981
0.499373 -0.0265101 0.865981
-0.482472 0.0137867 -0.875803
-0.482472 0.0137867 -0.875803
0.492021 0.831439 -0.258117
0.492021 0.831439 -0.258117
-0.165233 0.371491 0.913615
-0.854351 -0.206716 0.476816
-0.85955 0.399987 -0.318096
-0.170432 0.978194 0.118703
BONE = 8
BONE_NAME = Bip01-Head
PARENT_ID = 7
LOCALTM 
MAT 0.638664 0.413382 0.649018 0.0
MAT -0.128499 0.888896 -0.439719 0.0
MAT -0.758681 0.197434 0.620824 0.0
MAT 7.90625 0.0 0.0 1.0
WORLDTM 
MAT 0.72463 -0.545517 -0.421095 0.0
MAT 0.490956 -0.0201498 0.870951 0.0
MAT -0.483604 -0.837857 0.253224 0.0
MAT 34.1407 112.212 -24.7027 1.0
VERTEX = 9
48.7266 101.619 -32.8829
48.4848 101.201 -32.7562
48.2394 101.211 -33.1917
48.4812 101.63 -33.3183
51.2247 99.3898 -34.601
51.2005 99.3479 -34.5883
51.176 99.3489 -34.6318
51.2002 99.3908 -34.6445
48.3018 101.551 -32.932
INDEX = 14
4 5 7
6 7 5
1 2 5
6 5 2
0 1 4
5 4 1
7 6 3
2 3 6
4 7 0
3 0 7
8 1 0
8 2 1
8 3 2
8 0 3
FACE-NORMAL = 14
0.724631 -0.545517 -0.421095
0.724631 -0.545517 -0.421095
-0.439336 -0.869026 0.227549
-0.439336 -0.869026 0.227549
0.533474 -0.0527859 0.844167
0.533474 -0.0527859 0.844167
-0.446675 -0.0125586 -0.894608
-0.446675 -0.0125586 -0.894608
0.526136 0.803681 -0.27799
0.526136 0.803681 -0.27799
-0.165233 0.371491 0.913615
-0.854351 -0.206716 0.476816
-0.85955 0.399987 -0.318096
-0.170432 0.978194 0.118703
BONE = 9
BONE_NAME = Bip01-HeadNub
PARENT_ID = 8
LOCALTM 
MAT 1.0 0.0 0.0 0.0
MAT 0.0 1.0 0.0 0.0
MAT 0.0 0.0 1.0 0.0
MAT 19.5426 -9.53674e-007 0.0 1.0
WORLDTM 
MAT 0.72463 -0.545517 -0.421095 0.0
MAT 0.490956 -0.0201498 0.870951 0.0
MAT -0.483604 -0.837857 0.253224 0.0
MAT 48.3018 101.551 -32.932 1.0
VERTEX = 9
46.506 109.829 -36.2535
46.1619 109.533 -36.0447
45.8218 109.696 -36.3728
46.1659 109.993 -36.5816
47.146 107.011 -38.6639
47.1116 106.981 -38.643
47.0776 106.998 -38.6758
47.112 107.027 -38.6967
46.1007 109.947 -36.156
INDEX = 14
4 5 7
6 7 5
1 2 5
6 5 2
0 1 4
5 4 1
7 6 3
2 3 6
4 7 0
3 0 7
8 1 0
8 2 1
8 3 2
8 0 3
FACE-NORMAL = 14
0.252774 -0.735626 -0.628458
0.252774 -0.735626 -0.628458
-0.671781 -0.636281 0.379285
-0.671781 -0.636281 0.379285
0.694027 -0.370371 0.617375
0.694027 -0.370371 0.617375
-0.663748 0.282255 -0.692655
-0.663748 0.282255 -0.692655
0.702059 0.548164 -0.454564
0.702059 0.548165 -0.454564
0.302171 0.289013 0.908385
-0.665337 0.100648 0.739727
-0.659647 0.751319 -0.0196113
0.307861 0.939684 0.149047
BONE = 10
BONE_NAME = Facial_Eyelid_Lower_R
PARENT_ID = 8
LOCALTM 
MAT 0.849105 -0.408433 0.334967 0.0
MAT 0.394837 0.912002 0.111156 0.0
MAT -0.35089 0.0378745 0.93565 0.0
MAT 14.7254 -4.05777 -6.78598 1.0
WORLDTM 
MAT 0.252774 -0.735626 -0.628458 0.0
MAT 0.680109 -0.3269 0.656193 0.0
MAT -0.688155 -0.593288 0.417674 0.0
MAT 46.1007 109.947 -36.156 1.0
VERTEX = 9
50.7434 109.92 -28.4248
50.3771 109.635 -28.2381
50.2146 109.54 -28.7014
50.5809 109.825 -28.888
52.7486 106.749 -28.7229
52.712 106.721 -28.7043
52.6958 106.711 -28.7506
52.7324 106.74 -28.7693
50.3294 109.93 -28.5515
INDEX = 14
4 5 7
6 7 5
1 2 5
6 5 2
0 1 4
5 4 1
7 6 3
2 3 6
4 7 0
3 0 7
8 1 0
8 2 1
8 3 2
8 0 3
FACE-NORMAL = 14
0.598191 -0.800014 -0.0463174
0.598191 -0.800014 -0.0463174
-0.695346 -0.616205 0.369844
-0.695346 -0.616205 0.369844
0.360249 0.141116 0.922121
0.360249 0.141116 0.922121
-0.288595 -0.236945 -0.927669
-0.288595 -0.236945 -0.927669
0.767 0.520376 -0.375392
0.767 0.520376 -0.375392
-0.193172 0.6996 0.687927
-0.940933 0.16313 0.296706
-0.652798 0.43179 -0.622424
0.0949622 0.96826 -0.231203
BONE = 11
BONE_NAME = Facial_Eyelid_Lower_L
PARENT_ID = 8
LOCALTM 
MAT 0.889393 0.269465 0.369281 0.0
MAT -0.257966 0.962735 -0.0812126 0.0
MAT -0.377404 -0.0230321 0.925762 0.0
MAT 14.5965 4.64185 -6.89141 1.0
WORLDTM 
MAT 0.598191 -0.800013 -0.0463174 0.0
MAT 0.325005 0.18937 0.926558 0.0
MAT -0.732488 -0.569313 0.373288 0.0
MAT 50.3294 109.93 -28.5515 1.0
VERTEX = 9
51.2362 109.936 -29.0773
51.3939 110.286 -29.3968
51.6241 110.524 -29.022
51.4664 110.173 -28.7026
54.5224 108.211 -29.7014
54.5382 108.246 -29.7333
54.5612 108.27 -29.6958
54.5454 108.235 -29.6639
51.2227 110.363 -29.0064
INDEX = 14
4 5 7
6 7 5
1 2 5
6 5 2
0 1 4
5 4 1
7 6 3
2 3 6
4 7 0
3 0 7
8 1 0
8 2 1
8 3 2
8 0 3
FACE-NORMAL = 14
0.82977 -0.5306 -0.173045
0.82977 -0.5306 -0.173045
0.364511 0.668556 -0.648202
0.364511 0.668556 -0.648202
-0.40993 -0.50656 -0.758521
-0.40993 -0.50656 -0.758521
0.509323 0.443002 0.737793
0.509323 0.443002 0.737793
-0.265117 -0.732113 0.627473
-0.265117 -0.732113 0.627473
-0.912326 0.0388665 -0.407617
-0.363729 0.871293 -0.329469
-0.261146 0.711516 0.65234
-0.809743 -0.120911 0.574192
BONE = 12
BONE_NAME = Facial_Eyelid_Upper_L
PARENT_ID = 8
LOCALTM 
MAT 0.963597 0.267358 -0.000531584 0.0
MAT 0.241421 -0.869258 0.431399 0.0
MAT 0.114876 -0.415823 -0.902161 0.0
MAT 15.1994 4.67549 -7.80099 1.0
WORLDTM 
MAT 0.82977 -0.5306 -0.173045 0.0
MAT -0.460453 -0.475635 -0.749502 0.0
MAT 0.31538 0.701594 -0.638984 0.0
MAT 51.2227 110.363 -29.0064 1.0
VERTEX = 9
46.8134 110.131 -36.9161
47.0782 110.546 -37.0015
47.4224 110.395 -36.6721
47.1577 109.979 -36.5867
48.9462 108.5 -39.5536
48.9727 108.542 -39.5621
49.0071 108.527 -39.5292
48.9806 108.485 -39.5206
46.994 110.379 -36.6109
INDEX = 14
4 5 7
6 7 5
1 2 5
6 5 2
0 1 4
5 4 1
7 6 3
2 3 6
4 7 0
3 0 7
8 1 0
8 2 1
8 3 2
8 0 3
FACE-NORMAL = 14
0.495654 -0.466491 -0.732607
0.495654 -0.466491 -0.732607
0.558245 0.801491 -0.214418
0.558245 0.801491 -0.214418
-0.657516 0.274757 -0.701557
-0.657516 0.274757 -0.701557
0.716887 -0.330636 0.613801
0.716887 -0.330636 0.613801
-0.498873 -0.857369 0.126663
-0.498873 -0.857369 0.126663
-0.837279 0.544283 0.0521456
0.0239393 0.917409 0.397224
0.136318 0.115435 0.983917
-0.7249 -0.257691 0.638839
BONE = 13
BONE_NAME = Facial_Eyelid_Upper_R
PARENT_ID = 8
LOCALTM 
MAT 0.922143 -0.385321 -0.0343606 0.0
MAT -0.386843 -0.917939 -0.0879812 0.0
MAT 0.00236008 0.0944234 -0.995529 0.0
MAT 15.3283 -4.02413 -7.69559 1.0
WORLDTM 
MAT 0.495654 -0.466491 -0.732606 0.0
MAT -0.688438 0.303241 -0.658862 0.0
MAT 0.52951 0.830921 -0.170847 0.0
MAT 46.994 110.379 -36.6109 1.0
VERTEX = 9
44.4696 109.453 -30.3829
44.3837 108.962 -30.3356
44.2101 108.948 -30.8042
44.2959 109.438 -30.8515
47.8099 108.499 -31.8306
47.8013 108.45 -31.8259
47.784 108.448 -31.8727
47.7925 108.497 -31.8774
44.1094 109.249 -30.5097
INDEX = 14
4 5 7
6 7 5
1 2 5
6 5 2
0 1 4
5 4 1
7 6 3
2 3 6
4 7 0
3 0 7
8 1 0
8 2 1
8 3 2
8 0 3
FACE-NORMAL = 14
0.921892 -0.193802 -0.335493
0.921892 -0.193802 -0.335493
-0.11619 -0.990441 0.0743473
-0.11619 -0.990441 0.0743473
0.401909 0.0179519 0.915504
0.401909 0.0179519 0.915504
-0.29148 -0.0411663 -0.955691
-0.29148 -0.0411663 -0.955691
0.226618 0.967226 -0.114534
0.226618 0.967226 -0.114534
-0.406285 0.157978 0.899986
-0.773295 -0.556346 0.304129
-0.897467 0.1161 -0.425527
-0.530458 0.830423 0.17033
BONE = 14
BONE_NAME = Facial_Lip_Upper
PARENT_ID = 8
LOCALTM 
MAT 0.915028 0.164315 -0.368407 0.0
MAT -0.159161 0.986246 0.0445662 0.0
MAT 0.370663 0.0178567 0.928596 0.0
MAT 11.2856 -0.103682 -3.80826 1.0
WORLDTM 
MAT 0.921892 -0.193802 -0.335493 0.0
MAT 0.347318 0.0296123 0.93728 0.0
MAT -0.171712 -0.980593 0.0946105 0.0
MAT 44.1094 109.249 -30.5097 1.0
VERTEX = 9
43.3167 108.598 -30.3995
43.7355 108.843 -30.5215
43.8912 108.813 -30.0473
43.4724 108.568 -29.9253
45.2591 105.431 -31.0002
45.301 105.456 -31.0124
45.3165 105.453 -30.965
45.2747 105.428 -30.9528
43.4917 108.923 -30.1728
INDEX = 14
4 5 7
6 7 5
1 2 5
6 5 2
0 1 4
5 4 1
7 6 3
2 3 6
4 7 0
3 0 7
8 1 0
8 2 1
8 3 2
8 0 3
FACE-NORMAL = 14
0.449028 -0.870278 -0.202459
0.449028 -0.870278 -0.202459
0.862918 0.435891 -0.255677
0.862918 0.435891 -0.255677
-0.283867 0.00777674 -0.958832
-0.283867 0.00777673 -0.958832
0.337654 -0.112023 0.934581
0.337654 -0.112023 0.934581
-0.809132 -0.540137 0.231426
-0.809132 -0.540137 0.231426
-0.537647 0.657811 -0.527466
0.274711 0.961078 -0.0293663
-0.0973747 0.572948 0.813787
-0.909733 0.269681 0.315687
BONE = 15
BONE_NAME = Facial_Lip_Lower
PARENT_ID = 8
LOCALTM 
MAT 0.885386 0.0616566 0.46075 0.0
MAT 0.141044 -0.980071 -0.139882 0.0
MAT 0.442943 0.188836 -0.876438 0.0
MAT 10.8737 -0.106964 -3.1515 1.0
WORLDTM 
MAT 0.449028 -0.870278 -0.202459 0.0
MAT -0.31132 0.0600074 -0.948409 0.0
MAT 0.837528 0.488892 -0.243989 0.0
MAT 43.4917 108.923 -30.1728 1.0
VERTEX = 9
78.3843 171.278 -34.7906
78.3843 171.278 -34.2906
78.3843 170.778 -34.2906
78.3843 170.778 -34.7906
82.1343 171.053 -34.5656
82.1343 171.053 -34.5156
82.1343 171.003 -34.5156
82.1343 171.003 -34.5656
78.1343 171.028 -34.5406
INDEX = 14
4 5 7
6 7 5
1 2 5
6 5 2
0 1 4
5 4 1
7 6 3
2 3 6
4 7 0
3 0 7
8 1 0
8 2 1
8 3 2
8 0 3
FACE-NORMAL = 14
1.0 -5.96047e-007 0.0
1.0 -5.96047e-007 0.0
0.0598926 -4.74494e-007 0.998205
0.0598927 -4.74494e-007 0.998205
0.0598929 0.998205 1.43389e-007
0.0598929 0.998205 1.43389e-007
0.0598917 -0.998205 -1.54099e-007
0.0598917 -0.998205 -1.54099e-007
0.059892 4.03097e-007 -0.998205
0.0598919 4.03097e-007 -0.998205
-0.707106 0.707107 1.68587e-007
-0.707107 0.0 0.707107
-0.707107 -0.707106 0.0
-0.707107 7.32302e-007 -0.707107
BONE = 16
BONE_NAME = FxTop
PARENT_ID = 8
LOCALTM 
MAT 0.724631 0.490956 -0.483603 0.0
MAT -0.545517 -0.0201491 -0.837857 0.0
MAT -0.421095 0.870951 0.253224 0.0
MAT 3.93702 11.8455 -73.0455 1.0
WORLDTM 
MAT 1.0 -5.96046e-007 0.0 0.0
MAT 6.25849e-007 0.999999 1.49012e-007 0.0
MAT 3.61353e-007 -4.39584e-007 1.0 0.0
MAT 78.1343 171.028 -34.5406 1.0
VERTEX = 9
33.299 114.944 1.12118
33.2722 115.207 1.54584
33.0341 114.826 1.76611
33.0608 114.563 1.34144
60.2035 103.16 10.3655
60.2008 103.186 10.408
60.177 103.148 10.43
60.1796 103.122 10.3876
32.9471 114.98 1.37094
INDEX = 14
4 5 7
6 7 5
1 2 5
6 5 2
0 1 4
5 4 1
7 6 3
2 3 6
4 7 0
3 0 7
8 1 0
8 2 1
8 3 2
8 0 3
FACE-NORMAL = 14
0.877658 -0.380982 0.290807
0.877658 -0.380982 0.290807
-0.0470479 0.522345 0.851436
-0.0470479 0.522345 0.851436
0.482696 0.758168 -0.438391
0.482696 0.758168 -0.438391
-0.469869 -0.763736 0.442641
-0.469869 -0.763736 0.442641
0.0598744 -0.527912 -0.847186
0.0598744 -0.527912 -0.847186
-0.283806 0.807483 -0.517131
-0.658402 0.640727 0.394938
-0.95739 -0.268693 0.105868
-0.582794 -0.101937 -0.806201
BONE = 17
BONE_NAME = Bip01-L-Clavicle
PARENT_ID = 6
LOCALTM 
MAT 0.309723 0.874354 0.373598 0.0
MAT 0.950827 -0.28451 -0.122405 0.0
MAT -0.000732332 0.393138 -0.919479 0.0
MAT 4.10206 6.70902 0.849998 1.0
WORLDTM 
MAT 0.877658 -0.380982 0.290807 0.0
MAT 0.476295 0.760972 -0.440527 0.0
MAT -0.0534625 0.525142 0.849333 0.0
MAT 32.9471 114.98 1.37094 1.0
VERTEX = 9
60.1647 102.988 9.9988
60.5794 103.172 10.2087
60.4749 102.926 10.6313
60.0603 102.742 10.4213
86.3647 63.324 -6.35582
86.4061 63.3425 -6.33483
86.3957 63.3179 -6.29257
86.3542 63.2994 -6.31357
60.1902 103.154 10.3978
INDEX = 14
4 5 7
6 7 5
1 2 5
6 5 2
0 1 4
5 4 1
7 6 3
2 3 6
4 7 0
3 0 7
8 1 0
8 2 1
8 3 2
8 0 3
FACE-NORMAL = 14
0.518411 -0.788473 -0.330999
0.518411 -0.788473 -0.330999
0.831538 0.365433 0.418335
0.831538 0.365433 0.418335
0.211208 0.488579 -0.846571
0.211208 0.488579 -0.846571
-0.206567 -0.495637 0.843608
-0.206567 -0.495637 0.843608
-0.826897 -0.372491 -0.421298
-0.826897 -0.372491 -0.421298
-0.218865 0.905511 -0.363522
0.219779 0.818433 0.53091
-0.514279 0.209558 0.831626
-0.952923 0.296636 -0.0628059
BONE = 18
BONE_NAME = Bip01-L-UpperArm
PARENT_ID = 17
LOCALTM 
MAT 0.659125 -0.207274 -0.722905 0.0
MAT -0.249913 0.846266 -0.470508 0.0
MAT 0.709294 0.490787 0.505994 0.0
MAT 31.0407 7.62939e-006 -3.8147e-006 1.0
WORLDTM 
MAT 0.518411 -0.788473 -0.330999 0.0
MAT 0.208889 0.492113 -0.845098 0.0
MAT 0.829225 0.368966 0.41982 0.0
MAT 60.1902 103.154 10.3978 1.0
VERTEX = 9
86.1508 63.6516 -6.48417
86.2317 63.2168 -6.71739
86.1272 62.9707 -6.29484
86.0464 63.4056 -6.06162
43.9224 61.6296 -17.8333
43.9305 61.5861 -17.8566
43.92 61.5615 -17.8144
43.9119 61.605 -17.7911
86.3802 63.321 -6.3242
INDEX = 14
4 5 7
6 7 5
1 2 5
6 5 2
0 1 4
5 4 1
7 6 3
2 3 6
4 7 0
3 0 7
8 1 0
8 2 1
8 3 2
8 0 3
FACE-NORMAL = 14
-0.964483 -0.0391942 -0.261222
-0.964483 -0.0391942 -0.261222
0.156713 -0.869839 -0.467783
0.156713 -0.869839 -0.467783
0.203929 0.491905 -0.846429
0.203929 0.491905 -0.846429
-0.213844 -0.492308 0.843744
-0.213844 -0.492308 0.843744
-0.166629 0.869436 0.465098
-0.166629 0.869436 0.465098
0.829699 0.375691 -0.412862
0.796313 -0.58722 -0.145116
0.534285 -0.320262 0.782286
0.567672 0.642649 0.514539
BONE = 19
BONE_NAME = Bip01-L-Forearm
PARENT_ID = 18
LOCALTM 
MAT -0.382631 0.0 -0.923901 0.0
MAT 1.19209e-007 1.0 0.0 0.0
MAT 0.923901 -2.68221e-007 -0.382631 0.0
MAT 50.5196 7.62939e-006 0.0 1.0
WORLDTM 
MAT -0.964482 -0.0391942 -0.261222 0.0
MAT 0.208889 0.492113 -0.845098 0.0
MAT 0.161673 -0.869649 -0.466447 0.0
MAT 86.3802 63.321 -6.3242 1.0
VERTEX = 9
43.7243 61.2729 -17.6125
43.732 61.7512 -17.4668
43.6289 61.8953 -17.9344
43.6212 61.4171 -18.0801
37.9583 61.2861 -16.5784
37.959 61.3339 -16.5638
37.9487 61.3483 -16.6105
37.948 61.3005 -16.6251
43.9212 61.5955 -17.8238
INDEX = 14
4 5 7
6 7 5
1 2 5
6 5 2
0 1 4
5 4 1
7 6 3
2 3 6
4 7 0
3 0 7
8 1 0
8 2 1
8 3 2
8 0 3
FACE-NORMAL = 14
-0.978412 -0.0456384 0.201562
-0.978412 -0.0456384 0.201562
-0.0221887 0.953997 0.298995
-0.0221887 0.953997 0.298995
0.168327 -0.289823 0.942162
0.168327 -0.289823 0.942162
-0.243542 0.286314 -0.926667
-0.243542 0.286314 -0.926667
-0.0530263 -0.957505 -0.2835
-0.0530263 -0.957505 -0.2835
0.837567 -0.171575 0.518694
0.702752 0.708589 0.06357
0.546116 0.236117 -0.803745
0.680931 -0.644047 -0.348621
BONE = 20
BONE_NAME = Bip01-L-Hand
PARENT_ID = 19
LOCALTM 
MAT 0.892798 -0.397178 -0.212512 0.0
MAT -0.431738 -0.889073 -0.152155 0.0
MAT -0.128506 0.227593 -0.96524 0.0
MAT 44.0225 -3.8147e-006 -7.62939e-006 1.0
WORLDTM 
MAT -0.978412 -0.0456384 0.201562 0.0
MAT 0.206087 -0.288281 0.935105 0.0
MAT 0.0154302 0.956458 0.291463 0.0
MAT 43.9212 61.5955 -17.8238 1.0
VERTEX = 9
38.9137 59.1384 -21.2086
38.8721 59.1183 -20.7108
38.984 59.6048 -20.6819
39.0257 59.6248 -21.1797
28.9803 61.685 -21.7105
28.9761 61.683 -21.6607
28.9873 61.7317 -21.6578
28.9915 61.7337 -21.7076
39.1917 59.3146 -20.9273
INDEX = 14
4 5 7
6 7 5
1 2 5
6 5 2
0 1 4
5 4 1
7 6 3
2 3 6
4 7 0
3 0 7
8 1 0
8 2 1
8 3 2
8 0 3
FACE-NORMAL = 14
-0.971063 0.227711 -0.0720044
-0.971063 0.227711 -0.0720044
-0.104488 -0.0350382 0.993909
-0.104488 -0.0350382 0.993909
-0.245087 -0.96768 -0.0593955
-0.245087 -0.96768 -0.0593955
0.202515 0.977663 0.0562388
0.202515 0.977663 0.0562388
0.0619161 0.0450212 -0.997065
0.0619161 0.0450212 -0.997065
0.528356 -0.848964 0.0100221
0.627798 -0.189328 0.755
0.844934 0.526932 0.0918075
0.745492 -0.132704 -0.65317
BONE = 21
BONE_NAME = Bip01-L-Finger0
PARENT_ID = 20
LOCALTM 
MAT 0.925194 -0.3331 0.181826 0.0
MAT 0.251767 0.180259 -0.950853 0.0
MAT 0.283953 0.925501 0.250638 0.0
MAT 4.10602 -3.21917 -3.15909 1.0
WORLDTM 
MAT -0.971063 0.227711 -0.0720044 0.0
MAT -0.223855 -0.972905 -0.057831 0.0
MAT -0.083222 -0.0400393 0.995726 0.0
MAT 39.1917 59.3146 -20.9273 1.0
VERTEX = 9
28.6039 61.5465 -21.8145
28.8104 61.4723 -21.3652
28.9223 61.9587 -21.3363
28.7158 62.033 -21.7856
20.9011 63.3074 -17.732
20.9218 63.3 -17.687
20.933 63.3487 -17.6841
20.9123 63.3561 -17.7291
28.9838 61.7083 -21.6842
INDEX = 14
4 5 7
6 7 5
1 2 5
6 5 2
0 1 4
5 4 1
7 6 3
2 3 6
4 7 0
3 0 7
8 1 0
8 2 1
8 3 2
8 0 3
FACE-NORMAL = 14
-0.882757 0.177249 0.435112
-0.882757 0.177249 0.435112
0.3906 -0.14392 0.909241
0.3906 -0.14392 0.909241
-0.246123 -0.968108 -0.0468013
-0.246123 -0.968108 -0.0468013
0.201444 0.977079 0.0688236
0.201444 0.977079 0.0688236
-0.435279 0.152891 -0.887218
-0.435279 0.152891 -0.887218
0.465914 -0.813282 -0.348563
0.91629 -0.230306 0.327677
0.782493 0.562614 -0.266778
0.332118 -0.0203618 -0.943018
BONE = 22
BONE_NAME = Bip01-L-Finger01
PARENT_ID = 21
LOCALTM 
MAT 0.866244 0.0 0.499621 0.0
MAT 0.0 1.0 0.0 0.0
MAT -0.499621 0.0 0.866244 0.0
MAT 10.512 1.52588e-005 0.0 1.0
WORLDTM 
MAT -0.882757 0.177249 0.435112 0.0
MAT -0.223855 -0.972905 -0.057831 0.0
MAT 0.413072 -0.148453 0.898517 0.0
MAT 28.9838 61.7083 -21.6842 1.0
VERTEX = 9
20.5525 63.1463 -17.5613
21.0143 63.0309 -17.4085
21.1263 63.5174 -17.3796
20.6644 63.6327 -17.5324
17.4505 63.4754 -7.20118
17.4966 63.4639 -7.18589
17.5078 63.5126 -7.183
17.4616 63.5241 -7.19829
20.917 63.3281 -17.708
INDEX = 14
4 5 7
6 7 5
1 2 5
6 5 2
0 1 4
5 4 1
7 6 3
2 3 6
4 7 0
3 0 7
8 1 0
8 2 1
8 3 2
8 0 3
FACE-NORMAL = 14
-0.310703 0.0149964 0.950389
-0.310703 0.0149964 0.950389
0.917108 -0.230355 0.325344
0.917108 -0.230355 0.325344
-0.230269 -0.972383 -0.0380503
-0.230269 -0.972383 -0.0380503
0.217344 0.973007 0.0775867
0.217344 0.973007 0.0775867
-0.930034 0.230979 -0.285807
-0.930034 0.230979 -0.285807
0.0614107 -0.698552 -0.712919
0.872905 -0.173746 -0.455905
0.377989 0.677344 -0.631134
-0.433504 0.152538 -0.888148
BONE = 23
BONE_NAME = Bip01-L-Finger02
PARENT_ID = 22
LOCALTM 
MAT 0.690459 0.0 0.723372 0.0
MAT 0.0 1.0 0.0 0.0
MAT -0.723372 0.0 0.690459 0.0
MAT 9.13815 -1.52588e-005 -1.90735e-006 1.0
WORLDTM 
MAT -0.310703 0.0149964 0.950389 0.0
MAT -0.223855 -0.972906 -0.057831 0.0
MAT 0.923771 -0.230717 0.305642 0.0
MAT 20.917 63.3281 -17.708 1.0
VERTEX = 9
17.1146 63.3122 -7.04536
17.5764 63.1968 -6.89254
17.6884 63.6833 -6.86362
17.2265 63.7986 -7.01644
16.2076 63.5354 -3.39962
16.2538 63.5239 -3.38433
16.265 63.5725 -3.38144
16.2188 63.5841 -3.39673
17.4791 63.494 -7.19209
INDEX = 14
4 5 7
6 7 5
1 2 5
6 5 2
0 1 4
5 4 1
7 6 3
2 3 6
4 7 0
3 0 7
8 1 0
8 2 1
8 3 2
8 0 3
FACE-NORMAL = 14
-0.310703 0.0149964 0.950389
-0.310703 0.0149964 0.950389
0.903504 -0.229405 0.362014
0.903504 -0.229405 0.362014
-0.242062 -0.970261 -0.000806287
-0.242062 -0.970261 -0.000806276
0.204844 0.972057 0.114648
0.204844 0.972057 0.114648
-0.940721 0.231201 -0.248172
-0.940721 0.231201 -0.248172
0.0614107 -0.698552 -0.712919
0.872905 -0.173746 -0.455905
0.377989 0.677344 -0.631134
-0.433505 0.152538 -0.888148
BONE = 24
BONE_NAME = Bip01-L-Finger0Nub
PARENT_ID = 23
LOCALTM 
MAT 1.0 0.0 0.0 0.0
MAT 0.0 1.0 0.0 0.0
MAT 0.0 0.0 1.0 0.0
MAT 11.0649 7.62939e-006 1.90735e-006 1.0
WORLDTM 
MAT -0.310703 0.0149964 0.950389 0.0
MAT -0.223855 -0.972905 -0.057831 0.0
MAT 0.923771 -0.230717 0.305642 0.0
MAT 17.4791 63.494 -7.19209 1.0
VERTEX = 9
28.7137 54.3124 -18.88
28.828 54.7841 -18.7599
28.6483 54.9397 -19.1998
28.534 54.468 -19.3199
19.0455 55.8182 -14.653
19.0569 55.8654 -14.641
19.039 55.881 -14.685
19.0275 55.8338 -14.697
28.9072 54.5974 -19.1425
INDEX = 14
4 5 7
6 7 5
1 2 5
6 5 2
0 1 4
5 4 1
7 6 3
2 3 6
4 7 0
3 0 7
8 1 0
8 2 1
8 3 2
8 0 3
FACE-NORMAL = 14
-0.904709 0.114843 0.410258
-0.904709 0.114843 0.410258
0.209512 0.94563 0.248775
0.209512 0.94563 0.248775
0.34028 -0.308599 0.888243
0.34028 -0.308599 0.888243
-0.378484 0.313448 -0.870919
-0.378484 0.313448 -0.870919
-0.247716 -0.94078 -0.231451
-0.247716 -0.94078 -0.231451
0.893905 -0.301182 0.332
0.801417 0.585889 -0.120273
0.385548 0.138769 -0.912193
0.478036 -0.748302 -0.45992
BONE = 25
BONE_NAME = Bip01-L-Finger1
PARENT_ID = 20
LOCALTM 
MAT 0.96263 0.164079 0.215459 0.0
MAT -0.160175 0.986447 -0.0355775 0.0
MAT -0.218376 -0.000263155 0.975865 0.0
MAT 14.7435 -2.30978 -7.30946 1.0
WORLDTM 
MAT -0.904709 0.114843 0.410258 0.0
MAT 0.359462 -0.311093 0.879777 0.0
MAT 0.228665 0.943415 0.240166 0.0
MAT 28.9072 54.5974 -19.1425 1.0
VERTEX = 9
18.8154 55.8246 -14.301
19.2245 56.1037 -14.3695
19.0448 56.2592 -14.8094
18.6357 55.9801 -14.7409
14.0059 64.4457 -9.54322
14.0468 64.4736 -9.55006
14.0289 64.4892 -9.59405
13.9879 64.4613 -9.58721
19.0422 55.8496 -14.669
INDEX = 14
4 5 7
6 7 5
1 2 5
6 5 2
0 1 4
5 4 1
7 6 3
2 3 6
4 7 0
3 0 7
8 1 0
8 2 1
8 3 2
8 0 3
FACE-NORMAL = 14
-0.448486 0.769174 0.455227
-0.448486 0.769174 0.455227
0.808936 0.573884 -0.127591
0.808936 0.573884 -0.127591
0.350176 -0.295231 0.88894
0.350176 -0.295231 0.88894
-0.368597 0.326823 -0.870243
-0.368597 0.326823 -0.870243
-0.827357 -0.542292 0.146288
-0.827357 -0.542292 0.146288
0.571306 -0.763864 0.300202
0.895767 -0.149177 -0.418745
0.0629495 -0.323912 -0.943991
-0.261511 -0.938599 -0.225043
BONE = 26
BONE_NAME = Bip01-L-Finger11
PARENT_ID = 25
LOCALTM 
MAT 0.680845 0.0 0.732427 0.0
MAT 0.0 1.0 0.0 0.0
MAT -0.732427 0.0 0.680845 0.0
MAT 10.904 -3.8147e-006 7.62939e-006 1.0
WORLDTM 
MAT -0.448486 0.769174 0.455227 0.0
MAT 0.359462 -0.311093 0.879777 0.0
MAT 0.818319 0.558206 -0.136968 0.0
MAT 19.0422 55.8496 -14.669 1.0
VERTEX = 9
13.9115 64.6328 -9.18272
14.3728 64.6215 -9.37519
14.1931 64.7771 -9.81507
13.7317 64.7883 -9.6226
15.6608 75.7455 -6.22371
15.7069 75.7444 -6.24296
15.6889 75.7599 -6.28695
15.6428 75.7611 -6.2677
14.0174 64.4674 -9.56863
INDEX = 14
4 5 7
6 7 5
1 2 5
6 5 2
0 1 4
5 4 1
7 6 3
2 3 6
4 7 0
3 0 7
8 1 0
8 2 1
8 3 2
8 0 3
FACE-NORMAL = 14
0.139544 0.950113 0.278948
0.139544 0.950113 0.278948
0.925194 -0.00410997 -0.379473
0.925194 -0.00410997 -0.379473
0.362095 -0.292653 0.885009
0.362095 -0.292653 0.885009
-0.356696 0.329416 -0.874216
-0.356696 0.329416 -0.874216
-0.919794 0.0408727 0.390266
-0.919794 0.0408727 0.390266
0.155506 -0.891807 0.42485
0.553752 -0.687738 -0.469441
-0.352851 -0.451856 -0.819343
-0.751096 -0.655925 0.0749484
BONE = 27
BONE_NAME = Bip01-L-Finger12
PARENT_ID = 26
LOCALTM 
MAT 0.795204 0.0 0.606343 0.0
MAT 0.0 1.0 0.0 0.0
MAT -0.606343 0.0 0.795204 0.0
MAT 11.204 3.8147e-006 -1.52588e-005 1.0
WORLDTM 
MAT 0.139544 0.950113 0.278948 0.0
MAT 0.359462 -0.311093 0.879777 0.0
MAT 0.922667 -0.0224955 -0.384941 0.0
MAT 14.0174 64.4674 -9.56863 1.0
VERTEX = 9
15.5689 75.9181 -5.86941
16.0303 75.9068 -6.06188
15.8505 76.0624 -6.50177
15.3892 76.0736 -6.3093
16.219 79.546 -5.10792
16.2651 79.5448 -5.12716
16.2471 79.5604 -5.17115
16.201 79.5615 -5.15191
15.6749 75.7527 -6.25533
INDEX = 14
4 5 7
6 7 5
1 2 5
6 5 2
0 1 4
5 4 1
7 6 3
2 3 6
4 7 0
3 0 7
8 1 0
8 2 1
8 3 2
8 0 3
FACE-NORMAL = 14
0.139544 0.950113 0.278948
0.139544 0.950113 0.278948
0.929368 0.0344493 -0.367543
0.929368 0.0344493 -0.367543
0.367175 -0.25363 0.894905
0.367175 -0.25363 0.894905
-0.35046 0.367439 -0.861491
-0.35046 0.367439 -0.861491
-0.912653 0.0793596 0.400957
-0.912653 0.0793596 0.400957
0.155506 -0.891807 0.42485
0.553752 -0.687739 -0.469441
-0.352851 -0.451856 -0.819343
-0.751096 -0.655925 0.0749484
BONE = 28
BONE_NAME = Bip01-L-Finger1Nub
PARENT_ID = 27
LOCALTM 
MAT 1.0 0.0 0.0 0.0
MAT 0.0 1.0 0.0 0.0
MAT 0.0 0.0 1.0 0.0
MAT 11.8778 -1.90735e-006 0.0 1.0
WORLDTM 
MAT 0.139544 0.950114 0.278948 0.0
MAT 0.359463 -0.311093 0.879778 0.0
MAT 0.922667 -0.0224955 -0.384941 0.0
MAT 15.6749 75.7527 -6.25533 1.0
VERTEX = 9
30.7367 51.5472 -12.3501
30.9446 51.9909 -12.4496
30.7513 51.9781 -12.9106
30.5434 51.5344 -12.8111
20.4765 57.4812 -8.45737
20.4973 57.5255 -8.46732
20.478 57.5242 -8.51342
20.4572 57.4799 -8.50346
30.9498 51.6476 -12.7134
INDEX = 14
4 5 7
6 7 5
1 2 5
6 5 2
0 1 4
5 4 1
7 6 3
2 3 6
4 7 0
3 0 7
8 1 0
8 2 1
8 3 2
8 0 3
FACE-NORMAL = 14
-0.823227 0.460257 0.332357
-0.823227 0.460257 0.332357
0.40087 0.895573 -0.19301
0.40087 0.895573 -0.19301
0.371634 0.0339611 0.927758
0.371634 0.0339611 0.927758
-0.401334 -0.0173564 -0.915767
-0.401334 -0.0173564 -0.915767
-0.430569 -0.878968 0.205
-0.430569 -0.878968 0.205
0.855439 -0.307304 0.416878
0.876115 0.302046 -0.375753
0.308779 -0.343597 -0.886903
0.288103 -0.952948 -0.0942714
BONE = 29
BONE_NAME = Bip01-L-Finger2
PARENT_ID = 20
LOCALTM 
MAT 0.85144 0.00844935 0.524384 0.0
MAT -0.193551 0.93435 0.299214 0.0
MAT -0.48743 -0.356258 0.797178 0.0
MAT 14.1755 4.97335 -8.22541 1.0
WORLDTM 
MAT -0.823226 0.460257 0.332357 0.0
MAT 0.386547 0.0256629 0.921912 0.0
MAT 0.415787 0.887415 -0.199037 0.0
MAT 30.9498 51.6476 -12.7134 1.0
VERTEX = 9
20.2609 57.6118 -8.12654
20.6653 57.8473 -8.30265
20.472 57.8345 -8.7636
20.0676 57.599 -8.58749
14.8281 68.7089 -6.40158
14.8685 68.7324 -6.41919
14.8492 68.7311 -6.46529
14.8087 68.7076 -6.44768
20.4772 57.5027 -8.48539
INDEX = 14
4 5 7
6 7 5
1 2 5
6 5 2
0 1 4
5 4 1
7 6 3
2 3 6
4 7 0
3 0 7
8 1 0
8 2 1
8 3 2
8 0 3
FACE-NORMAL = 14
-0.443241 0.88177 0.1613
-0.443241 0.88177 0.1613
0.800649 0.486809 -0.349254
0.800649 0.486809 -0.349254
0.378489 0.0415644 0.924672
0.378489 0.0415644 0.924672
-0.39448 -0.00975295 -0.918853
-0.39448 -0.00975295 -0.918853
-0.816639 -0.454998 0.355073
-0.816639 -0.454998 0.355073
0.586749 -0.605359 0.537834
0.88531 -0.290473 -0.363114
0.0400889 -0.641652 -0.765947
-0.258472 -0.956539 0.135001
BONE = 30
BONE_NAME = Bip01-L-Finger21
PARENT_ID = 29
LOCALTM 
MAT 0.824338 0.0 0.566097 0.0
MAT 0.0 1.0 0.0 0.0
MAT -0.566097 0.0 0.824339 0.0
MAT 12.7213 -1.90735e-006 0.0 1.0
WORLDTM 
MAT -0.443241 0.88177 0.1613 0.0
MAT 0.386547 0.0256629 0.921912 0.0
MAT 0.808776 0.47098 -0.352221 0.0
MAT 20.4772 57.5027 -8.48539 1.0
VERTEX = 9
14.9025 69.0784 -6.19903
15.2597 68.7581 -6.33986
15.0664 68.7453 -6.80082
14.7093 69.0656 -6.65999
23.6996 80.4025 -10.4468
23.7353 80.3705 -10.4609
23.716 80.3692 -10.507
23.6803 80.4013 -10.4929
14.8386 68.72 -6.43343
INDEX = 14
4 5 7
6 7 5
1 2 5
6 5 2
0 1 4
5 4 1
7 6 3
2 3 6
4 7 0
3 0 7
8 1 0
8 2 1
8 3 2
8 0 3
FACE-NORMAL = 14
0.583418 0.767384 -0.265982
0.583418 0.767384 -0.265982
0.722984 -0.629056 -0.285628
0.722984 -0.629056 -0.285628
0.395282 0.0372063 0.917806
0.395282 0.0372063 0.917806
-0.377725 -0.0141138 -0.92581
-0.377725 -0.0141138 -0.92581
-0.705427 0.652148 0.277624
-0.705427 0.652148 0.277624
-0.139209 -0.524476 0.839968
0.0925381 -0.995647 -0.0110846
-0.685869 -0.560769 -0.463813
-0.917615 -0.0895968 0.387239
BONE = 31
BONE_NAME = Bip01-L-Finger22
PARENT_ID = 30
LOCALTM 
MAT 0.375158 0.0 0.926961 0.0
MAT 0.0 1.0 0.0 0.0
MAT -0.926961 1.19209e-007 0.375158 0.0
MAT 12.7213 5.48363e-006 3.8147e-006 1.0
WORLDTM 
MAT 0.583418 0.767384 -0.265982 0.0
MAT 0.386547 0.025663 0.921912 0.0
MAT 0.714286 -0.640674 -0.281657 0.0
MAT 14.8386 68.72 -6.43343 1.0
VERTEX = 9
23.7718 80.7443 -10.2425
24.1289 80.424 -10.3834
23.9356 80.4111 -10.8443
23.5785 80.7315 -10.7035
26.0333 83.4721 -11.5108
26.069 83.44 -11.5248
26.0497 83.4388 -11.5709
26.014 83.4708 -11.5569
23.7078 80.3859 -10.4769
INDEX = 14
4 5 7
6 7 5
1 2 5
6 5 2
0 1 4
5 4 1
7 6 3
2 3 6
4 7 0
3 0 7
8 1 0
8 2 1
8 3 2
8 0 3
FACE-NORMAL = 14
0.583418 0.767384 -0.265982
0.583418 0.767384 -0.265982
0.747946 -0.593564 -0.297082
0.747946 -0.593564 -0.297082
0.420795 0.0715773 0.904327
0.420795 0.0715773 0.904327
-0.350911 0.0203434 -0.936188
-0.350911 0.0203434 -0.936188
-0.678062 0.685485 0.265222
-0.678062 0.685485 0.265222
-0.139209 -0.524476 0.839968
0.0925382 -0.995647 -0.0110846
-0.685869 -0.560769 -0.463813
-0.917615 -0.0895968 0.387239
BONE = 32
BONE_NAME = Bip01-L-Finger2Nub
PARENT_ID = 31
LOCALTM 
MAT 1.0 0.0 0.0 0.0
MAT 0.0 1.0 0.0 0.0
MAT 1.19209e-007 0.0 1.0 0.0
MAT 15.2021 3.45707e-006 1.90735e-005 1.0
WORLDTM 
MAT 0.583418 0.767384 -0.265982 0.0
MAT 0.386547 0.025663 0.921912 0.0
MAT 0.714286 -0.640674 -0.281657 0.0
MAT 23.7078 80.3859 -10.4769 1.0
VERTEX = 9
31.3069 52.4258 -5.20603
31.465 52.8226 -5.466
31.2664 52.6291 -5.88208
31.1082 52.2324 -5.62211
22.1107 57.5224 -3.45556
22.1265 57.5621 -3.48155
22.1066 57.5427 -3.52316
22.0908 57.5031 -3.49716
31.502 52.41 -5.59227
INDEX = 14
4 5 7
6 7 5
1 2 5
6 5 2
0 1 4
5 4 1
7 6 3
2 3 6
4 7 0
3 0 7
8 1 0
8 2 1
8 3 2
8 0 3
FACE-NORMAL = 14
-0.861457 0.469786 0.192857
-0.861457 0.469786 0.192857
0.298057 0.803222 -0.515748
0.298057 0.803222 -0.515748
0.379009 0.396732 0.836036
0.379009 0.396732 0.836036
-0.415387 -0.376893 -0.827892
-0.415387 -0.376893 -0.827892
-0.334435 -0.783384 0.523892
-0.334435 -0.783384 0.523892
0.890066 -0.0586101 0.452048
0.832811 0.228886 -0.504021
0.328218 -0.605768 -0.724789
0.385472 -0.893264 0.23128
BONE = 33
BONE_NAME = Bip01-L-Finger3
PARENT_ID = 20
LOCALTM 
MAT 0.860292 -0.132624 0.492249 0.0
MAT -0.238638 0.748487 0.618724 0.0
MAT -0.4505 -0.649752 0.612268 0.0
MAT 15.0357 11.5264 -5.41214 1.0
WORLDTM 
MAT -0.861456 0.469786 0.192857 0.0
MAT 0.397287 0.386899 0.83215 0.0
MAT 0.316316 0.79348 -0.519936 0.0
MAT 31.502 52.41 -5.59227 1.0
VERTEX = 9
21.8862 57.6469 -3.13588
22.1663 57.9548 -3.4128
21.9677 57.7614 -3.82887
21.6876 57.4534 -3.55195
13.4049 65.7407 -3.12021
13.4329 65.7715 -3.1479
13.413 65.7521 -3.18951
13.385 65.7213 -3.16182
22.1087 57.5326 -3.48936
INDEX = 14
4 5 7
6 7 5
1 2 5
6 5 2
0 1 4
5 4 1
7 6 3
2 3 6
4 7 0
3 0 7
8 1 0
8 2 1
8 3 2
8 0 3
FACE-NORMAL = 14
-0.726836 0.686242 0.0279468
-0.726836 0.686242 0.0279468
0.546189 0.628998 -0.553208
0.546189 0.628998 -0.553208
0.383261 0.4 0.832533
0.383261 0.4 0.832533
-0.411166 -0.373655 -0.83146
-0.411166 -0.373655 -0.83146
-0.574093 -0.602653 0.554281
-0.574093 -0.602653 0.554281
0.794875 -0.211668 0.568657
0.910103 -0.0497121 -0.41139
0.233026 -0.758825 -0.60818
0.117798 -0.920781 0.371867
BONE = 34
BONE_NAME = Bip01-L-Finger31
PARENT_ID = 33
LOCALTM 
MAT 0.953914 0.0 0.300079 0.0
MAT 0.0 1.0 0.0 0.0
MAT -0.300079 0.0 0.953914 0.0
MAT 10.904 0.0 7.62939e-006 1.0
WORLDTM 
MAT -0.726836 0.686242 0.0279468 0.0
MAT 0.397287 0.386899 0.83215 0.0
MAT 0.560244 0.615939 -0.553847 0.0
MAT 22.1087 57.5326 -3.48936 1.0
VERTEX = 9
13.1875 65.9502 -2.84346
13.5573 66.1511 -3.11343
13.3587 65.9576 -3.5295
12.9889 65.7567 -3.25953
6.13611 76.8425 -4.81163
6.17309 76.8626 -4.83862
6.15322 76.8433 -4.88023
6.11624 76.8232 -4.85323
13.4089 65.7464 -3.15486
INDEX = 14
4 5 7
6 7 5
1 2 5
6 5 2
0 1 4
5 4 1
7 6 3
2 3 6
4 7 0
3 0 7
8 1 0
8 2 1
8 3 2
8 0 3
FACE-NORMAL = 14
-0.543319 0.829944 -0.126481
-0.543319 0.829944 -0.126481
0.730148 0.416045 -0.542024
0.730148 0.416045 -0.542024
0.387912 0.401073 0.829858
0.387912 0.401073 0.829858
-0.406544 -0.372611 -0.834196
-0.406544 -0.372611 -0.834196
-0.74878 -0.387584 0.537687
-0.74878 -0.387584 0.537687
0.665109 -0.31328 0.677854
0.907141 -0.302691 -0.292356
0.10326 -0.860438 -0.498983
-0.138772 -0.871027 0.471227
BONE = 35
BONE_NAME = Bip01-L-Finger32
PARENT_ID = 34
LOCALTM 
MAT 0.960912 0.0 0.276855 0.0
MAT 0.0 1.0 0.0 0.0
MAT -0.276855 0.0 0.960912 0.0
MAT 11.9693 1.90735e-006 7.62939e-006 1.0
WORLDTM 
MAT -0.543319 0.829944 -0.126481 0.0
MAT 0.397287 0.386899 0.832149 0.0
MAT 0.739573 0.401874 -0.539935 0.0
MAT 13.4089 65.7464 -3.15486 1.0
VERTEX = 9
5.92326 77.0467 -4.53453
6.29305 77.2476 -4.8045
6.09441 77.0542 -5.22057
5.72462 76.8532 -4.9506
3.96283 80.1623 -5.31755
3.99981 80.1824 -5.34455
3.97995 80.1631 -5.38615
3.94297 80.143 -5.35916
6.14467 76.8429 -4.84593
INDEX = 14
4 5 7
6 7 5
1 2 5
6 5 2
0 1 4
5 4 1
7 6 3
2 3 6
4 7 0
3 0 7
8 1 0
8 2 1
8 3 2
8 0 3
FACE-NORMAL = 14
-0.543319 0.829944 -0.126481
-0.543319 0.829944 -0.126481
0.705704 0.45086 -0.546541
0.705704 0.45086 -0.546541
0.364033 0.435912 0.82308
0.364033 0.435912 0.82308
-0.429114 -0.336497 -0.838231
-0.429114 -0.336497 -0.838231
-0.770786 -0.351445 0.531391
-0.770786 -0.351445 0.531391
0.665109 -0.31328 0.677854
0.907141 -0.302692 -0.292356
0.10326 -0.860438 -0.498983
-0.138772 -0.871027 0.471227
BONE = 36
BONE_NAME = Bip01-L-Finger3Nub
PARENT_ID = 35
LOCALTM 
MAT 1.0 0.0 0.0 0.0
MAT 0.0 1.0 0.0 0.0
MAT 0.0 0.0 1.0 0.0
MAT 13.3702 1.90735e-006 0.0 1.0
WORLDTM 
MAT -0.543319 0.829944 -0.126481 0.0
MAT 0.397287 0.386899 0.832149 0.0
MAT 0.739573 0.401874 -0.539935 0.0
MAT 6.14467 76.8429 -4.84593 1.0
