EXPORTER_V17
ANIMATION_EXPORT
BONEOBJECT_COUNT = 137
VERTEX = 9
0.25 0.25 -0.25
0.25 0.25 0.25
0.25 -0.25 0.25
0.25 -0.25 -0.25
4.0 0.025 -0.025
4.0 0.025 0.025
4.0 -0.025 0.025
4.0 -0.025 -0.025
0.0 0.0 0.0
INDEX = 14
4 5 7
6 7 5
1 2 5
6 5 2
0 1 4
5 4 1
7 6 3
2 3 6
4 7 0
3 0 7
8 1 0
8 2 1
8 3 2
8 0 3
FACE-NORMAL = 14
1.0 0.0 0.0
1.0 0.0 0.0
0.0598923 -5.35479e-007 0.998205
0.0598923 -5.35479e-007 0.998205
0.0598923 0.998205 5.35479e-007
0.0598923 0.998205 5.35479e-007
0.0598923 -0.998205 -5.35479e-007
0.0598923 -0.998205 -5.35479e-007
0.0598923 5.35479e-007 -0.998205
0.0598923 5.35479e-007 -0.998205
-0.707107 0.707107 3.79322e-007
-0.707107 -3.79322e-007 0.707107
-0.707107 -0.707107 -3.79322e-007
-0.707107 3.79322e-007 -0.707107
BONE = 0
BONE_NAME = Dummy_root
PARENT_ID = -1
LOCALTM 
MAT 1.0 0.0 0.0 0.0
MAT 0.0 1.0 5.36442e-007 0.0
MAT 0.0 -5.36442e-007 1.0 0.0
MAT 0.0 0.0 0.0 1.0
WORLDTM 
MAT 1.0 0.0 0.0 0.0
MAT 0.0 1.0 5.36442e-007 0.0
MAT 0.0 -5.36442e-007 1.0 0.0
MAT 0.0 0.0 0.0 1.0
VERTEX = 9
0.25 0.25 -0.25
0.25 0.25 0.25
0.25 -0.25 0.25
0.25 -0.25 -0.25
4.0 0.025 -0.025
4.0 0.025 0.025
4.0 -0.025 0.025
4.0 -0.025 -0.025
0.0 0.0 0.0
INDEX = 14
4 5 7
6 7 5
1 2 5
6 5 2
0 1 4
5 4 1
7 6 3
2 3 6
4 7 0
3 0 7
8 1 0
8 2 1
8 3 2
8 0 3
FACE-NORMAL = 14
1.0 0.0 0.0
1.0 0.0 0.0
0.0598923 -5.35479e-007 0.998205
0.0598923 -5.35479e-007 0.998205
0.0598923 0.998205 5.35479e-007
0.0598923 0.998205 5.35479e-007
0.0598923 -0.998205 -5.35479e-007
0.0598923 -0.998205 -5.35479e-007
0.0598923 5.35479e-007 -0.998205
0.0598923 5.35479e-007 -0.998205
-0.707107 0.707107 3.79322e-007
-0.707107 -3.79322e-007 0.707107
-0.707107 -0.707107 -3.79322e-007
-0.707107 3.79322e-007 -0.707107
BONE = 1
BONE_NAME = FxBottom
PARENT_ID = 0
LOCALTM 
MAT 1.0 0.0 0.0 0.0
MAT 0.0 1.0 0.0 0.0
MAT 0.0 0.0 1.0 0.0
MAT 0.0 0.0 0.0 1.0
WORLDTM 
MAT 1.0 0.0 0.0 0.0
MAT 0.0 1.0 5.36442e-007 0.0
MAT 0.0 -5.36442e-007 1.0 0.0
MAT 0.0 0.0 0.0 1.0
VERTEX = 9
-0.551096 57.4466 3.99563
-0.235693 57.3574 4.37321
-0.402307 56.8868 4.4012
-0.717711 56.976 4.02363
2.14364 56.1186 1.72879
2.17518 56.1097 1.76655
2.15852 56.0626 1.76935
2.12698 56.0715 1.73159
-0.651887 57.2384 4.36171
INDEX = 14
4 5 7
6 7 5
1 2 5
6 5 2
0 1 4
5 4 1
7 6 3
2 3 6
4 7 0
3 0 7
8 1 0
8 2 1
8 3 2
8 0 3
FACE-NORMAL = 14
0.700743 -0.286953 -0.65316
0.700743 -0.286953 -0.65316
0.671645 -0.195285 0.714673
0.671645 -0.195285 0.714673
0.374599 0.922307 -0.095005
0.374599 0.922307 -0.095005
-0.290661 -0.956679 0.0167665
-0.290661 -0.956679 0.0167665
-0.587706 0.160913 -0.792911
-0.587706 0.160913 -0.792911
-0.259872 0.868423 0.422265
-0.0494513 0.076745 0.995824
-0.731128 -0.46261 0.501442
-0.941548 0.329068 -0.0721164
BONE = 2
BONE_NAME = Bip01
PARENT_ID = 0
LOCALTM 
MAT 0.700743 -0.286954 -0.65316 0.0
MAT 0.333228 0.941182 -0.0559868 0.0
MAT 0.630808 -0.178419 0.755148 0.0
MAT -0.651887 57.2384 4.36168 1.0
WORLDTM 
MAT 0.700743 -0.286953 -0.65316 0.0
MAT 0.333228 0.941182 -0.0559863 0.0
MAT 0.630808 -0.178419 0.755148 0.0
MAT -0.651887 57.2384 4.36171 1.0
VERTEX = 9
-0.586064 57.5009 4.69979
-0.235693 57.3574 4.37321
-0.551096 57.4466 3.99563
-0.901468 57.5901 4.32221
6.64231 77.8481 3.17108
6.67735 77.8338 3.13842
6.64581 77.8427 3.10067
6.61077 77.857 3.13332
-0.651887 57.2384 4.36171
INDEX = 14
4 5 7
6 7 5
1 2 5
6 5 2
0 1 4
5 4 1
7 6 3
2 3 6
4 7 0
3 0 7
8 1 0
8 2 1
8 3 2
8 0 3
FACE-NORMAL = 14
0.333228 0.941183 -0.0559875
0.333228 0.941183 -0.0559875
0.704169 -0.277155 -0.653705
0.704169 -0.277155 -0.653705
0.634237 -0.168625 0.754526
0.634237 -0.168625 0.754526
-0.627309 0.188191 -0.75569
-0.627309 0.188191 -0.75569
-0.697242 0.296721 0.652541
-0.697242 0.296721 0.652541
0.210421 -0.791677 0.57356
0.259873 -0.868424 -0.422264
-0.681676 -0.539356 -0.494381
-0.731128 -0.46261 0.501442
BONE = 3
BONE_NAME = Bip01-Pelvis
PARENT_ID = 2
LOCALTM 
MAT 2.68221e-007 1.0 -1.44541e-006 0.0
MAT -1.48639e-006 1.56462e-006 1.0 0.0
MAT 1.0 -1.19209e-007 1.38953e-006 0.0
MAT 0.0 0.0 0.0 1.0
WORLDTM 
MAT 0.333228 0.941183 -0.0559875 0.0
MAT 0.630807 -0.178418 0.755148 0.0
MAT 0.700743 -0.286954 -0.653159 0.0
MAT -0.651887 57.2384 4.36171 1.0
VERTEX = 9
8.56273 77.1506 1.63622
8.96559 76.9546 1.41427
8.7589 77.0368 0.966474
8.35605 77.2329 1.18842
18.0528 97.1593 0.678983
18.0931 97.1397 0.656788
18.0724 97.1479 0.612009
18.0322 97.1675 0.634204
8.55477 76.8674 1.30874
INDEX = 14
4 5 7
6 7 5
1 2 5
6 5 2
0 1 4
5 4 1
7 6 3
2 3 6
4 7 0
3 0 7
8 1 0
8 2 1
8 3 2
8 0 3
FACE-NORMAL = 14
0.424201 0.905084 -0.0295913
0.424201 0.905084 -0.0295913
0.809981 -0.382934 -0.444176
0.809981 -0.382934 -0.444176
0.417654 -0.155264 0.895242
0.417654 -0.155264 0.895242
-0.409042 0.173639 -0.895843
-0.409042 0.173639 -0.895843
-0.801369 0.401309 0.443575
-0.801369 0.401309 0.443575
-0.00765902 -0.756282 0.654201
0.269772 -0.917277 -0.29296
-0.592252 -0.523701 -0.612352
-0.869683 -0.362705 0.334808
BONE = 4
BONE_NAME = Bip01-Spine
PARENT_ID = 3
LOCALTM 
MAT 0.994862 0.0837602 0.0568666 0.0
MAT -0.0671824 0.966401 -0.248103 0.0
MAT -0.075737 0.243008 0.967063 0.0
MAT 21.7133 2.24113e-005 2.81295 1.0
WORLDTM 
MAT 0.424201 0.905084 -0.0295913 0.0
MAT 0.41337 -0.16446 0.895589 0.0
MAT 0.805716 -0.392142 -0.443899 0.0
MAT 8.55477 76.8674 1.30874 1.0
VERTEX = 9
18.0332 97.4654 0.959546
18.4507 97.2505 0.787737
18.2849 97.3032 0.318974
17.8674 97.5181 0.490782
27.2368 115.951 -0.456588
27.2786 115.929 -0.473769
27.262 115.935 -0.520645
27.2203 115.956 -0.503465
18.0492 97.1601 0.652884
INDEX = 14
4 5 7
6 7 5
1 2 5
6 5 2
0 1 4
5 4 1
7 6 3
2 3 6
4 7 0
3 0 7
8 1 0
8 2 1
8 3 2
8 0 3
FACE-NORMAL = 14
0.439236 0.896717 -0.0544975
0.439236 0.896717 -0.0544975
0.839677 -0.420091 -0.344189
0.839677 -0.420091 -0.344189
0.336309 -0.0956712 0.93688
0.336309 -0.0956712 0.93688
-0.326759 0.115168 -0.938065
-0.326759 0.115168 -0.938065
-0.830127 0.439587 0.343004
-0.830127 0.439587 0.343004
-0.0761429 -0.708622 0.701468
0.279813 -0.938035 -0.204438
-0.54503 -0.559528 -0.624396
-0.900987 -0.330115 0.281509
BONE = 5
BONE_NAME = Bip01-Spine1
PARENT_ID = 4
LOCALTM 
MAT 0.999542 -0.0147147 0.0264507 0.0
MAT 0.0174834 0.994031 -0.107687 0.0
MAT -0.0247083 0.1081 0.993833 0.0
MAT 22.4136 1.90735e-006 -0.0166359 1.0
WORLDTM 
MAT 0.439236 0.896717 -0.0544975 0.0
MAT 0.331554 -0.105426 0.937528 0.0
MAT 0.834952 -0.429864 -0.343617 0.0
MAT 18.0492 97.1601 0.652884 1.0
VERTEX = 9
27.2461 116.287 -0.21164
27.6368 115.998 -0.327511
27.5097 116.019 -0.810601
27.119 116.309 -0.69473
38.3848 131.9 -2.66776
38.4238 131.871 -2.67935
38.4111 131.873 -2.72766
38.3721 131.902 -2.71607
27.2354 115.95 -0.482845
INDEX = 14
4 5 7
6 7 5
1 2 5
6 5 2
0 1 4
5 4 1
7 6 3
2 3 6
4 7 0
3 0 7
8 1 0
8 2 1
8 3 2
8 0 3
FACE-NORMAL = 14
0.570025 0.813805 -0.113104
0.570025 0.813805 -0.113104
0.787917 -0.569981 -0.233042
0.787917 -0.569981 -0.233042
0.260751 -0.0342522 0.964798
0.260751 -0.0342521 0.964798
-0.247484 0.0531936 -0.967431
-0.247484 0.0531936 -0.967431
-0.77465 0.588922 0.230409
-0.77465 0.588922 0.230409
-0.223368 -0.606366 0.763169
0.149419 -0.985209 -0.0838891
-0.582769 -0.544528 -0.603216
-0.955557 -0.165685 0.243842
BONE = 6
BONE_NAME = Bip01-Spine2
PARENT_ID = 5
LOCALTM 
MAT 0.986292 -0.00284023 0.164982 0.0
MAT 0.0197607 0.994689 -0.101009 0.0
MAT -0.163819 0.102885 0.981111 0.0
MAT 20.9459 0.0 -0.0167961 1.0
WORLDTM 
MAT 0.570026 0.813805 -0.113104 0.0
MAT 0.254135 -0.0437259 0.96618 0.0
MAT 0.781336 -0.579491 -0.231741 0.0
MAT 27.2354 115.95 -0.482845 1.0
VERTEX = 9
40.2175 111.032 -14.0964
40.4523 110.609 -14.2224
40.2876 110.658 -14.692
40.0528 111.081 -14.566
46.521 114.876 -16.1495
46.5445 114.833 -16.1621
46.528 114.838 -16.2091
46.5045 114.88 -16.1965
40.0478 110.714 -14.3359
INDEX = 14
4 5 7
6 7 5
1 2 5
6 5 2
0 1 4
5 4 1
7 6 3
2 3 6
4 7 0
3 0 7
8 1 0
8 2 1
8 3 2
8 0 3
FACE-NORMAL = 14
0.819194 0.523984 -0.233159
0.819194 0.523984 -0.233159
0.493401 -0.830438 -0.258705
0.493401 -0.830438 -0.258705
0.353245 -0.0814964 0.931974
0.353245 -0.0814963 0.931974
-0.305118 0.11228 -0.945672
-0.305118 0.11228 -0.945672
-0.445274 0.861222 0.245007
-0.445274 0.861222 0.245007
-0.34639 -0.439052 0.829003
-0.247242 -0.968862 -0.0132977
-0.812124 -0.301972 -0.499267
-0.911272 0.227838 0.343035
BONE = 7
BONE_NAME = Bip01-Neck
PARENT_ID = 6
LOCALTM 
MAT 0.919753 -0.0399999 0.390455 0.0
MAT 0.00260986 0.995395 0.0958249 0.0
MAT -0.392489 -0.0871162 0.915621 0.0
MAT 4.60932 -9.89953 16.2551 1.0
WORLDTM 
MAT 0.819194 0.523984 -0.233159 0.0
MAT 0.329324 -0.0969302 0.939229 0.0
MAT 0.46954 -0.846195 -0.251965 0.0
MAT 40.0478 110.714 -14.3359 1.0
VERTEX = 9
46.8274 115.132 -16.0384
46.7423 114.677 -15.8514
46.7135 114.492 -16.3151
46.7985 114.948 -16.5021
65.7547 111.383 -15.9656
65.7462 111.338 -15.9469
65.7433 111.319 -15.9933
65.7518 111.365 -16.012
46.5245 114.857 -16.1793
INDEX = 14
4 5 7
6 7 5
1 2 5
6 5 2
0 1 4
5 4 1
7 6 3
2 3 6
4 7 0
3 0 7
8 1 0
8 2 1
8 3 2
8 0 3
FACE-NORMAL = 14
0.983724 -0.179394 0.0102272
0.983724 -0.179394 0.0102272
-0.158669 -0.913763 0.373981
-0.158669 -0.913763 0.373981
0.0692169 0.367425 0.927474
0.0692169 0.367425 0.927474
-0.046273 -0.371609 -0.927235
-0.046273 -0.371609 -0.927235
0.181613 0.909579 -0.373743
0.181613 0.909579 -0.373743
-0.654763 0.388157 0.648552
-0.815914 -0.517842 0.257147
-0.736433 -0.134455 -0.663015
-0.575282 0.771543 -0.27161
BONE = 8
BONE_NAME = Bip01-Head
PARENT_ID = 7
LOCALTM 
MAT 0.709476 0.350958 0.611123 0.0
MAT 0.0247055 0.854256 -0.519266 0.0
MAT -0.704296 0.383505 0.597403 0.0
MAT 7.90626 1.90735e-006 -7.62939e-006 1.0
WORLDTM 
MAT 0.983724 -0.179394 0.0102272 0.0
MAT 0.0577489 0.369542 0.927418 0.0
MAT -0.170152 -0.911733 0.373887 0.0
MAT 46.5245 114.857 -16.1793 1.0
VERTEX = 9
66.0519 111.627 -15.8385
65.9668 111.171 -15.6516
65.938 110.986 -16.1153
66.023 111.442 -16.3022
69.6896 110.666 -15.9247
69.6811 110.62 -15.906
69.6782 110.601 -15.9524
69.6867 110.647 -15.9711
65.749 111.351 -15.9794
INDEX = 14
4 5 7
6 7 5
1 2 5
6 5 2
0 1 4
5 4 1
7 6 3
2 3 6
4 7 0
3 0 7
8 1 0
8 2 1
8 3 2
8 0 3
FACE-NORMAL = 14
0.983724 -0.179394 0.0102272
0.983724 -0.179394 0.0102272
-0.110929 -0.92084 0.373829
-0.110929 -0.92084 0.373829
0.116563 0.358134 0.926365
0.116563 0.358134 0.926365
0.00127231 -0.379623 -0.92514
0.00127232 -0.379623 -0.92514
0.228765 0.899352 -0.372604
0.228765 0.899352 -0.372604
-0.654763 0.388156 0.648552
-0.815914 -0.517842 0.257147
-0.736433 -0.134455 -0.663015
-0.575282 0.771543 -0.27161
BONE = 9
BONE_NAME = Bip01-HeadNub
PARENT_ID = 8
LOCALTM 
MAT 1.0 0.0 0.0 0.0
MAT 0.0 1.0 0.0 0.0
MAT 0.0 0.0 1.0 0.0
MAT 19.5426 0.0 7.62939e-006 1.0
WORLDTM 
MAT 0.983724 -0.179394 0.0102272 0.0
MAT 0.0577489 0.369542 0.927418 0.0
MAT -0.170152 -0.911733 0.373887 0.0
MAT 65.749 111.351 -15.9794 1.0
VERTEX = 9
62.2928 117.13 -22.2623
62.2281 116.649 -22.1427
62.017 116.567 -22.5884
62.0817 117.048 -22.708
65.5333 116.065 -23.8524
65.5268 116.017 -23.8405
65.5057 116.009 -23.8851
65.5122 116.057 -23.897
61.9306 116.903 -22.3291
INDEX = 14
4 5 7
6 7 5
1 2 5
6 5 2
0 1 4
5 4 1
7 6 3
2 3 6
4 7 0
3 0 7
8 1 0
8 2 1
8 3 2
8 0 3
FACE-NORMAL = 14
0.897229 -0.216405 -0.384902
0.897229 -0.216405 -0.384902
-0.0754853 -0.97352 0.215781
-0.0754853 -0.97352 0.215781
0.475143 0.15159 0.866752
0.475143 0.15159 0.866752
-0.367669 -0.177512 -0.912858
-0.367669 -0.177512 -0.912858
0.182959 0.947598 -0.261887
0.182959 0.947598 -0.261887
-0.335922 0.269586 0.902486
-0.725975 -0.527417 0.441352
-0.932951 0.0364573 -0.358152
-0.542898 0.833461 0.102982
BONE = 10
BONE_NAME = Facial_Eyelid_Lower_R
PARENT_ID = 8
LOCALTM 
MAT 0.917511 -0.385122 -0.0992721 0.0
MAT 0.394837 0.912002 0.111157 0.0
MAT 0.0477275 -0.141184 0.988832 0.0
MAT 14.7254 -4.05777 -6.78596 1.0
WORLDTM 
MAT 0.897229 -0.216405 -0.384902 0.0
MAT 0.422164 0.164847 0.891406 0.0
MAT -0.129455 -0.962286 0.239264 0.0
MAT 61.9306 116.903 -22.3291 1.0
VERTEX = 9
62.5674 120.553 -14.1341
62.4704 120.116 -13.9125
62.5626 119.878 -14.3425
62.6596 120.315 -14.564
66.1784 119.93 -13.2763
66.1687 119.886 -13.2541
66.1779 119.862 -13.2971
66.1876 119.906 -13.3193
62.3241 120.237 -14.3017
INDEX = 14
4 5 7
6 7 5
1 2 5
6 5 2
0 1 4
5 4 1
7 6 3
2 3 6
4 7 0
3 0 7
8 1 0
8 2 1
8 3 2
8 0 3
FACE-NORMAL = 14
0.963512 -0.0851894 0.253745
0.963512 -0.0851894 0.253745
-0.136001 -0.87879 0.457419
-0.136001 -0.87879 0.457419
-0.126314 0.470136 0.873508
-0.126314 0.470136 0.873508
0.241728 -0.48034 -0.843114
0.241728 -0.48034 -0.843114
0.251415 0.868586 -0.427024
0.251415 0.868586 -0.427024
-0.811663 0.396886 0.428584
-0.818525 -0.558664 0.133835
-0.55095 -0.27641 -0.787434
-0.544087 0.67914 -0.492685
BONE = 11
BONE_NAME = Facial_Eyelid_Lower_L
PARENT_ID = 8
LOCALTM 
MAT 0.965708 0.259488 0.00859793 0.0
MAT -0.257966 0.962735 -0.0812127 0.0
MAT -0.0293512 0.0762097 0.99666 0.0
MAT 14.5965 4.64184 -6.8914 1.0
WORLDTM 
MAT 0.963513 -0.0851894 0.253745 0.0
MAT -0.184352 0.476093 0.859855 0.0
MAT -0.194057 -0.875259 0.443017 0.0
MAT 62.3241 120.237 -14.3017 1.0
VERTEX = 9
63.2481 120.58 -14.5346
63.4162 120.917 -14.8641
63.3682 121.277 -14.5208
63.2001 120.941 -14.1913
66.8154 120.265 -13.3775
66.8322 120.299 -13.4105
66.8274 120.335 -13.3761
66.8106 120.301 -13.3432
63.0739 120.97 -14.6044
INDEX = 14
4 5 7
6 7 5
1 2 5
6 5 2
0 1 4
5 4 1
7 6 3
2 3 6
4 7 0
3 0 7
8 1 0
8 2 1
8 3 2
8 0 3
FACE-NORMAL = 14
0.936872 -0.167583 0.306899
0.936872 -0.167583 0.306899
0.39174 0.661499 -0.639499
0.39174 0.661499 -0.639499
0.151955 -0.72939 -0.667008
0.151955 -0.72939 -0.667008
-0.0397326 0.709316 0.70377
-0.0397326 0.709316 0.70377
-0.279517 -0.681573 0.676261
-0.279517 -0.681573 0.676261
-0.594574 -0.391075 -0.702525
-0.424716 0.594201 -0.683039
-0.730362 0.628073 0.268504
-0.90022 -0.357202 0.249018
BONE = 12
BONE_NAME = Facial_Eyelid_Upper_L
PARENT_ID = 8
LOCALTM 
MAT 0.954825 0.276798 0.108126 0.0
MAT 0.216711 -0.89755 0.383981 0.0
MAT 0.203333 -0.343203 -0.916988 0.0
MAT 15.1994 4.67549 -7.80099 1.0
WORLDTM 
MAT 0.936872 -0.167583 0.306899 0.0
MAT 0.0960164 -0.720647 -0.686622 0.0
MAT 0.336232 0.672744 -0.659063 0.0
MAT 63.0739 120.97 -14.6044 1.0
VERTEX = 9
62.7734 117.336 -22.9297
62.8992 117.819 -22.9577
63.0479 117.808 -22.4805
62.9221 117.325 -22.4524
66.3508 116.586 -23.8259
66.3633 116.634 -23.8287
66.3782 116.633 -23.781
66.3656 116.585 -23.7782
62.6804 117.636 -22.6319
INDEX = 14
4 5 7
6 7 5
1 2 5
6 5 2
0 1 4
5 4 1
7 6 3
2 3 6
4 7 0
3 0 7
8 1 0
8 2 1
8 3 2
8 0 3
FACE-NORMAL = 14
0.921027 -0.256746 -0.2929
0.921027 -0.256746 -0.2929
0.30623 0.949116 -0.0735006
0.30623 0.949116 -0.0735006
-0.241705 0.00662145 -0.970327
-0.241705 0.00662145 -0.970327
0.35203 -0.0373757 0.935242
0.35203 -0.0373757 0.935242
-0.195905 -0.97987 0.0384156
-0.195905 -0.97987 0.0384156
-0.861559 0.19713 -0.46782
-0.473414 0.864773 0.167472
-0.44097 0.165963 0.882044
-0.829115 -0.501679 0.246751
BONE = 13
BONE_NAME = Facial_Eyelid_Upper_R
PARENT_ID = 8
LOCALTM 
MAT 0.9491 -0.313331 -0.0321432 0.0
MAT -0.306276 -0.894249 -0.326364 0.0
MAT 0.0735161 0.319597 -0.944697 0.0
MAT 15.3283 -4.02412 -7.69558 1.0
WORLDTM 
MAT 0.921027 -0.256746 -0.2929 0.0
MAT -0.297401 0.0220381 -0.954498 0.0
MAT 0.251519 0.966228 -0.0560587 0.0
MAT 62.6804 117.636 -22.6319 1.0
VERTEX = 9
58.5009 116.609 -17.4583
58.5216 116.155 -17.2508
58.5352 115.948 -17.7057
58.5146 116.402 -17.9132
62.2618 116.495 -17.5408
62.2638 116.449 -17.5201
62.2652 116.429 -17.5655
62.2631 116.474 -17.5863
58.2684 116.266 -17.5839
INDEX = 14
4 5 7
6 7 5
1 2 5
6 5 2
0 1 4
5 4 1
7 6 3
2 3 6
4 7 0
3 0 7
8 1 0
8 2 1
8 3 2
8 0 3
FACE-NORMAL = 14
0.998773 0.0489185 0.00767992
0.998773 0.0489185 0.00767992
0.101068 -0.9043 0.414761
0.101068 -0.9043 0.414761
0.0325846 0.416406 0.908595
0.0325846 0.416406 0.908595
0.0870531 -0.410546 -0.907675
0.087053 -0.410546 -0.907675
0.0185696 0.91016 -0.413842
0.0185696 0.91016 -0.413842
-0.725532 0.258307 0.637873
-0.677019 -0.677253 0.288052
-0.686947 -0.327488 -0.648733
-0.735459 0.608071 -0.298913
BONE = 14
BONE_NAME = Facial_Lip_Upper
PARENT_ID = 8
LOCALTM 
MAT 0.97382 0.0828778 -0.211673 0.0
MAT -0.0918436 0.995231 -0.0328649 0.0
MAT 0.20794 0.0514452 0.976788 0.0
MAT 11.2856 -0.103685 -3.80824 1.0
WORLDTM 
MAT 0.998773 0.0489185 0.00767992 0.0
MAT -0.0272832 0.41422 0.909768 0.0
MAT 0.0413234 -0.908861 0.415047 0.0
MAT 58.2684 116.266 -17.5839 1.0
VERTEX = 9
57.8892 115.331 -17.381
58.1239 115.732 -17.5661
58.0484 115.975 -17.1356
57.8137 115.574 -16.9506
61.2231 114.314 -15.9616
61.2466 114.355 -15.9801
61.2391 114.379 -15.937
61.2156 114.339 -15.9185
57.7513 115.74 -17.3456
INDEX = 14
4 5 7
6 7 5
1 2 5
6 5 2
0 1 4
5 4 1
7 6 3
2 3 6
4 7 0
3 0 7
8 1 0
8 2 1
8 3 2
8 0 3
FACE-NORMAL = 14
0.869947 -0.348337 0.349076
0.869947 -0.348337 0.349076
0.520743 0.779344 -0.348496
0.520743 0.779344 -0.348496
0.202759 -0.505815 -0.838475
0.202759 -0.505815 -0.838475
-0.098553 0.464089 0.880289
-0.0985531 0.464089 0.880289
-0.416536 -0.82107 0.39031
-0.416536 -0.82107 0.39031
-0.508424 -0.0972181 -0.855602
-0.283171 0.813161 -0.508511
-0.721867 0.589841 0.361934
-0.947119 -0.320538 0.0148431
BONE = 15
BONE_NAME = Facial_Lip_Lower
PARENT_ID = 8
LOCALTM 
MAT 0.921847 0.245252 0.300082 0.0
MAT 0.22682 -0.969256 0.0953711 0.0
MAT 0.314246 -0.0198531 -0.949134 0.0
MAT 10.8737 -0.106964 -3.15149 1.0
WORLDTM 
MAT 0.869947 -0.348337 0.349076 0.0
MAT 0.150927 -0.485824 -0.860928 0.0
MAT 0.469482 0.801646 -0.370068 0.0
MAT 57.7513 115.74 -17.3456 1.0
VERTEX = 9
63.7604 185.376 -32.7141
63.7604 185.376 -32.2141
63.7604 184.876 -32.2141
63.7604 184.876 -32.7141
67.5104 185.151 -32.4891
67.5104 185.151 -32.4391
67.5104 185.101 -32.4391
67.5104 185.101 -32.4891
63.5104 185.126 -32.4641
INDEX = 14
4 5 7
6 7 5
1 2 5
6 5 2
0 1 4
5 4 1
7 6 3
2 3 6
4 7 0
3 0 7
8 1 0
8 2 1
8 3 2
8 0 3
FACE-NORMAL = 14
1.0 -2.42144e-007 -2.67057e-007
1.0 -2.42144e-007 -2.67057e-007
0.0598928 -3.47317e-007 0.998205
0.0598928 -3.47317e-007 0.998205
0.0598926 0.998205 4.54408e-007
0.0598926 0.998205 4.54408e-007
0.059892 -0.998205 -4.86398e-007
0.059892 -0.998205 -4.86398e-007
0.0598918 3.18312e-007 -0.998205
0.0598918 3.18312e-007 -0.998205
-0.707107 0.707107 5.22061e-007
-0.707107 0.0 0.707107
-0.707107 -0.707107 -1.44386e-007
-0.707107 4.0698e-007 -0.707107
BONE = 16
BONE_NAME = FxTop
PARENT_ID = 8
LOCALTM 
MAT 0.983724 0.0577483 -0.170152 0.0
MAT -0.179394 0.369543 -0.911733 0.0
MAT 0.0102276 0.927418 0.373888 0.0
MAT 3.93702 11.8455 -73.0455 1.0
WORLDTM 
MAT 1.0 -2.42144e-007 -2.67057e-007 0.0
MAT 3.27826e-007 1.0 4.71249e-007 0.0
MAT 5.39003e-007 -3.33413e-007 1.0 0.0
MAT 63.5104 185.126 -32.4641 1.0
VERTEX = 9
32.3262 118.508 5.53953
31.9352 118.797 5.65563
31.6322 118.401 5.62234
32.0231 118.111 5.50624
36.4946 112.523 35.4557
36.4555 112.552 35.4673
36.4252 112.512 35.464
36.4643 112.483 35.4524
31.9428 118.502 5.33834
INDEX = 14
4 5 7
6 7 5
1 2 5
6 5 2
0 1 4
5 4 1
7 6 3
2 3 6
4 7 0
3 0 7
8 1 0
8 2 1
8 3 2
8 0 3
FACE-NORMAL = 14
0.145522 -0.192801 0.970387
0.145522 -0.192801 0.970387
-0.780852 0.577073 0.239285
-0.780852 0.577073 0.239285
0.607182 0.791141 0.073663
0.607182 0.791141 0.073663
-0.605055 -0.793959 -0.0594813
-0.605055 -0.793959 -0.0594813
0.782979 -0.57989 -0.225103
0.782979 -0.57989 -0.225103
0.325702 0.696763 -0.639093
-0.655812 0.54539 -0.521977
-0.531502 -0.424102 -0.733242
0.450013 -0.272728 -0.850358
BONE = 17
BONE_NAME = Bip01-L-Clavicle
PARENT_ID = 6
LOCALTM 
MAT -0.183706 0.982981 0.000549771 0.0
MAT 0.982981 0.183706 -0.00112048 0.0
MAT -0.00120243 0.000334611 -1.0 0.0
MAT 4.10205 6.70902 0.850002 1.0
WORLDTM 
MAT 0.145522 -0.192801 0.970388 0.0
MAT 0.606135 0.792571 0.0665739 0.0
MAT -0.781937 0.578497 0.2322 0.0
MAT 31.9428 118.502 5.33834 1.0
VERTEX = 9
36.6862 112.296 35.755
36.3157 112.616 35.8561
36.0408 112.413 35.4909
36.4113 112.093 35.3898
17.004 79.559 68.4362
16.967 79.591 68.4463
16.9395 79.5708 68.4098
16.9765 79.5387 68.3996
36.4599 112.518 35.4598
INDEX = 14
4 5 7
6 7 5
1 2 5
6 5 2
0 1 4
5 4 1
7 6 3
2 3 6
4 7 0
3 0 7
8 1 0
8 2 1
8 3 2
8 0 3
FACE-NORMAL = 14
-0.385754 -0.652275 0.652481
-0.385754 -0.652275 0.652481
-0.742677 0.63748 0.20506
-0.742677 0.63748 0.20506
0.547973 0.40256 0.733261
0.547973 0.40256 0.733261
-0.551426 -0.408399 -0.72742
-0.551426 -0.408399 -0.72742
0.739224 -0.643319 -0.19922
0.739224 -0.643319 -0.19922
0.661469 0.747948 0.0550601
-0.251167 0.914064 -0.318438
-0.115931 0.174508 -0.977807
0.796705 0.00839233 -0.604309
BONE = 18
BONE_NAME = Bip01-L-UpperArm
PARENT_ID = 17
LOCALTM 
MAT 0.702782 -0.707355 0.0758019 0.0
MAT 0.710536 0.703192 -0.0256765 0.0
MAT -0.035141 0.0719049 0.996792 0.0
MAT 31.0407 7.62939e-006 0.0 1.0
WORLDTM 
MAT -0.385754 -0.652275 0.652481 0.0
MAT 0.549705 0.405484 0.730348 0.0
MAT -0.740958 0.640407 0.202142 0.0
MAT 36.4599 112.518 35.4598 1.0
VERTEX = 9
17.3871 79.4729 68.5037
17.0092 79.4073 68.8245
16.7344 79.2046 68.4594
17.1123 79.2701 68.1385
32.6741 39.7535 78.7416
32.6364 39.747 78.7737
32.6089 39.7267 78.7372
32.6467 39.7332 78.7051
16.9718 79.5649 68.423
INDEX = 14
4 5 7
6 7 5
1 2 5
6 5 2
0 1 4
5 4 1
7 6 3
2 3 6
4 7 0
3 0 7
8 1 0
8 2 1
8 3 2
8 0 3
FACE-NORMAL = 14
0.355948 -0.904646 0.234344
0.355948 -0.904646 0.234344
-0.753889 -0.135794 0.642816
-0.753889 -0.135794 0.642816
0.551527 0.400828 0.731542
0.551527 0.400828 0.731542
-0.547868 -0.410128 -0.729133
-0.547868 -0.410128 -0.729133
0.757548 0.126494 -0.640406
0.757548 0.126494 -0.640406
0.137007 0.926401 0.350727
-0.786074 0.546947 0.287987
-0.640394 0.352961 -0.68214
0.282687 0.732415 -0.6194
BONE = 19
BONE_NAME = Bip01-L-Forearm
PARENT_ID = 18
LOCALTM 
MAT 0.605674 1.49012e-007 -0.795713 0.0
MAT 0.0 1.0 1.78814e-007 0.0
MAT 0.795713 0.0 0.605674 0.0
MAT 50.5197 -7.62939e-006 7.62939e-006 1.0
WORLDTM 
MAT 0.355949 -0.904646 0.234344 0.0
MAT 0.549705 0.405484 0.730348 0.0
MAT -0.755729 -0.131146 0.64162 0.0
MAT 16.9718 79.5649 68.423 1.0
VERTEX = 9
32.7185 39.5615 79.1262
32.3061 39.4906 78.8525
32.5879 39.4278 78.4443
33.0003 39.4986 78.718
32.9338 33.7579 79.893
32.8926 33.7508 79.8656
32.9208 33.7445 79.8248
32.962 33.7516 79.8522
32.6415 39.7401 78.7394
INDEX = 14
4 5 7
6 7 5
1 2 5
6 5 2
0 1 4
5 4 1
7 6 3
2 3 6
4 7 0
3 0 7
8 1 0
8 2 1
8 3 2
8 0 3
FACE-NORMAL = 14
0.0468573 -0.981893 0.183548
0.0468573 -0.981893 0.183548
-0.822306 -0.17934 -0.540047
-0.822306 -0.17934 -0.540047
-0.561385 0.0878863 0.822875
-0.561385 0.0878863 0.822875
0.564987 -0.163369 -0.808765
0.564987 -0.163369 -0.808765
0.825908 0.103858 0.554157
0.825908 0.103858 0.554157
-0.43166 0.783201 0.44751
-0.616296 0.594104 -0.516934
0.365394 0.605406 -0.707086
0.550029 0.794503 0.257357
BONE = 20
BONE_NAME = Bip01-L-Hand
PARENT_ID = 19
LOCALTM 
MAT 0.947958 -0.23833 0.211128 0.0
MAT -0.123022 0.337435 0.933275 0.0
MAT -0.29367 -0.910679 0.290555 0.0
MAT 44.0225 7.62939e-006 -3.8147e-006 1.0
WORLDTM 
MAT 0.0468573 -0.981894 0.183548 0.0
MAT -0.563603 0.125721 0.816424 0.0
MAT -0.824716 -0.141704 -0.547507 0.0
MAT 32.6415 39.7401 78.7394 1.0
VERTEX = 9
37.5446 35.6988 78.2781
37.2603 35.3361 78.472
36.8616 35.637 78.4504
37.1458 35.9997 78.2565
35.164 32.2451 68.9072
35.1355 32.2088 68.9265
35.0957 32.2389 68.9244
35.1241 32.2752 68.905
37.2536 35.7514 78.5944
INDEX = 14
4 5 7
6 7 5
1 2 5
6 5 2
0 1 4
5 4 1
7 6 3
2 3 6
4 7 0
3 0 7
8 1 0
8 2 1
8 3 2
8 0 3
FACE-NORMAL = 14
-0.202034 -0.333844 -0.920723
-0.202034 -0.333844 -0.920723
-0.572808 -0.73267 0.367541
-0.572808 -0.73267 0.367541
0.792858 -0.608971 0.0230215
0.792858 -0.608971 0.0230215
-0.801716 0.594335 -0.0633864
-0.801716 0.594335 -0.0633864
0.563951 0.718034 -0.407906
0.563951 0.718034 -0.407906
0.706762 -0.189472 0.681607
-0.259142 -0.276961 0.925277
-0.421043 0.661598 0.620492
0.544861 0.749088 0.376822
BONE = 21
BONE_NAME = Bip01-L-Finger0
PARENT_ID = 20
LOCALTM 
MAT 0.149335 -0.679804 0.718029 0.0
MAT 0.636201 -0.489838 -0.596077 0.0
MAT 0.756933 0.545826 0.359342 0.0
MAT 4.10603 -3.21917 -3.15908 1.0
WORLDTM 
MAT -0.202034 -0.333844 -0.920723 0.0
MAT 0.797479 -0.601798 0.0432144 0.0
MAT -0.568516 -0.725526 0.387817 0.0
MAT 37.2536 35.7514 78.5944 1.0
VERTEX = 9
35.3491 32.0925 68.5736
35.1168 31.8092 68.9138
34.7181 32.1101 68.8922
34.9503 32.3934 68.552
31.6431 27.0988 62.2151
31.6199 27.0705 62.2492
31.58 27.1006 62.247
31.6033 27.1289 62.213
35.1298 32.242 68.9158
INDEX = 14
4 5 7
6 7 5
1 2 5
6 5 2
0 1 4
5 4 1
7 6 3
2 3 6
4 7 0
3 0 7
8 1 0
8 2 1
8 3 2
8 0 3
FACE-NORMAL = 14
-0.385005 -0.562723 -0.731515
-0.385005 -0.562723 -0.731515
-0.474136 -0.580789 0.661724
-0.474136 -0.580789 0.661724
0.78748 -0.615846 0.0246884
0.78748 -0.615846 0.0246884
-0.806966 0.587364 -0.0617125
-0.806966 0.587365 -0.0617125
0.45465 0.552308 -0.698748
0.45465 0.552308 -0.698748
0.836142 -0.02763 0.547817
-0.0562413 -0.00283328 0.998413
-0.291663 0.82344 0.486702
0.60072 0.798644 0.0361054
BONE = 22
BONE_NAME = Bip01-L-Finger01
PARENT_ID = 21
LOCALTM 
MAT 0.939168 0.0 0.343458 0.0
MAT 0.0 1.0 0.0 0.0
MAT -0.343458 0.0 0.939168 0.0
MAT 10.512 1.71661e-005 -5.72205e-006 1.0
WORLDTM 
MAT -0.385005 -0.562723 -0.731515 0.0
MAT 0.797479 -0.601798 0.0432143 0.0
MAT -0.464542 -0.56673 0.680455 0.0
MAT 35.1298 32.242 68.9158 1.0
VERTEX = 9
31.725 26.8128 61.9273
31.6157 26.7021 62.4025
31.217 27.003 62.3809
31.3263 27.1137 61.9057
25.4144 18.5995 58.7998
25.4034 18.5884 58.8473
25.3636 18.6185 58.8452
25.3745 18.6296 58.7976
31.6116 27.0997 62.2311
INDEX = 14
4 5 7
6 7 5
1 2 5
6 5 2
0 1 4
5 4 1
7 6 3
2 3 6
4 7 0
3 0 7
8 1 0
8 2 1
8 3 2
8 0 3
FACE-NORMAL = 14
-0.562374 -0.767358 -0.308055
-0.562374 -0.767358 -0.308055
-0.230198 -0.237278 0.943773
-0.230198 -0.237278 0.943773
0.785609 -0.617629 0.0367974
0.785609 -0.617629 0.0367974
-0.809004 0.585706 -0.0496126
-0.809004 0.585706 -0.0496126
0.206803 0.205355 -0.956589
0.206803 0.205355 -0.956589
0.961561 0.117069 0.248385
0.243122 0.386076 0.889853
-0.166244 0.968139 0.18727
0.552195 0.699132 -0.454197
BONE = 23
BONE_NAME = Bip01-L-Finger02
PARENT_ID = 22
LOCALTM 
MAT 0.873673 1.19209e-007 0.486513 0.0
MAT -1.49012e-007 1.0 0.0 0.0
MAT -0.486513 0.0 0.873673 0.0
MAT 9.13815 -1.90735e-005 5.72205e-006 1.0
WORLDTM 
MAT -0.562374 -0.767358 -0.308055 0.0
MAT 0.797479 -0.601798 0.0432143 0.0
MAT -0.218548 -0.221364 0.950387 0.0
MAT 31.6116 27.0997 62.2311 1.0
VERTEX = 9
25.5024 18.322 58.5187
25.3931 18.2114 58.9939
24.9944 18.5123 58.9723
25.1036 18.6229 58.4971
23.1649 15.53 57.5676
23.1539 15.519 57.6151
23.1141 15.5491 57.6129
23.125 15.5601 57.5654
25.389 18.609 58.8225
INDEX = 14
4 5 7
6 7 5
1 2 5
6 5 2
0 1 4
5 4 1
7 6 3
2 3 6
4 7 0
3 0 7
8 1 0
8 2 1
8 3 2
8 0 3
FACE-NORMAL = 14
-0.562374 -0.767358 -0.308055
-0.562374 -0.767358 -0.308055
-0.251837 -0.266926 0.93023
-0.251838 -0.266926 0.93023
0.762365 -0.646676 0.0246867
0.762365 -0.646676 0.0246867
-0.829729 0.554759 -0.0615869
-0.829729 0.554759 -0.0615869
0.184474 0.175008 -0.967131
0.184474 0.175008 -0.967131
0.961561 0.117069 0.248385
0.243122 0.386076 0.889852
-0.166244 0.968139 0.18727
0.552195 0.699132 -0.454197
BONE = 24
BONE_NAME = Bip01-L-Finger0Nub
PARENT_ID = 23
LOCALTM 
MAT 1.0 0.0 0.0 0.0
MAT 0.0 1.0 0.0 0.0
MAT 0.0 0.0 1.0 0.0
MAT 11.0649 0.0 3.8147e-006 1.0
WORLDTM 
MAT -0.562374 -0.767358 -0.308055 0.0
MAT 0.797479 -0.601798 0.0432144 0.0
MAT -0.218548 -0.221364 0.950387 0.0
MAT 25.389 18.609 58.8225 1.0
VERTEX = 9
40.7398 25.5956 83.6649
40.2882 25.7915 83.5775
40.4684 26.0272 83.175
40.92 25.8313 83.2625
38.1348 17.3725 77.4037
38.0897 17.392 77.395
38.1077 17.4156 77.3547
38.1528 17.396 77.3635
40.6624 26.0089 83.5617
INDEX = 14
4 5 7
6 7 5
1 2 5
6 5 2
0 1 4
5 4 1
7 6 3
2 3 6
4 7 0
3 0 7
8 1 0
8 2 1
8 3 2
8 0 3
FACE-NORMAL = 14
-0.233046 -0.790067 -0.566996
-0.233046 -0.790067 -0.566996
-0.907957 0.375137 -0.186776
-0.907957 0.375137 -0.186776
-0.365187 -0.487962 0.7928
-0.365187 -0.487962 0.7928
0.355346 0.454599 -0.816743
0.355346 0.454599 -0.816743
0.898116 -0.4085 0.162833
0.898116 -0.4085 0.162833
-0.0900154 0.225342 0.970113
-0.473897 0.835781 0.277294
0.419593 0.891981 -0.16826
0.803475 0.281542 0.524559
BONE = 25
BONE_NAME = Bip01-L-Finger1
PARENT_ID = 20
LOCALTM 
MAT 0.66077 -0.43089 0.614586 0.0
MAT 0.593713 0.80101 -0.0767346 0.0
MAT -0.459225 0.415592 0.785109 0.0
MAT 14.7435 -2.30978 -7.30946 1.0
WORLDTM 
MAT -0.233046 -0.790067 -0.566996 0.0
MAT -0.360347 -0.471386 0.804951 0.0
MAT -0.903239 0.391906 -0.174843 0.0
MAT 40.6624 26.0089 83.5617 1.0
VERTEX = 9
38.0352 16.9703 77.4031
37.7014 17.3368 77.4683
37.8816 17.5725 77.0658
38.2154 17.206 77.0007
30.8297 11.8692 70.9107
30.7963 11.9059 70.9173
30.8144 11.9295 70.877
30.8477 11.8928 70.8705
38.1212 17.394 77.3792
INDEX = 14
4 5 7
6 7 5
1 2 5
6 5 2
0 1 4
5 4 1
7 6 3
2 3 6
4 7 0
3 0 7
8 1 0
8 2 1
8 3 2
8 0 3
FACE-NORMAL = 14
-0.651482 -0.490423 -0.57884
-0.651482 -0.490423 -0.57884
-0.680861 0.722769 0.118462
-0.680861 0.722769 0.118462
-0.37365 -0.481357 0.792894
-0.37365 -0.481357 0.792894
0.346892 0.461215 -0.816668
0.346892 0.461215 -0.816668
0.654103 -0.742912 -0.142237
0.654103 -0.742912 -0.142237
0.205864 0.0134615 0.978488
-0.0114132 0.865087 0.501492
0.715472 0.680101 -0.159884
0.932748 -0.171524 0.317111
BONE = 26
BONE_NAME = Bip01-L-Finger11
PARENT_ID = 25
LOCALTM 
MAT 0.867492 0.0 0.497451 0.0
MAT 0.0 1.0 0.0 0.0
MAT -0.497451 0.0 0.867492 0.0
MAT 10.904 -3.8147e-006 1.14441e-005 1.0
WORLDTM 
MAT -0.651483 -0.490423 -0.578841 0.0
MAT -0.360347 -0.471386 0.804951 0.0
MAT -0.667623 0.732995 0.130377 0.0
MAT 38.1212 17.394 77.3792 1.0
VERTEX = 9
30.477 11.6377 70.8968
30.5228 12.0582 71.1635
30.7029 12.2939 70.761
30.6572 11.8734 70.4943
19.7844 15.025 67.8142
19.7889 15.067 67.8408
19.807 15.0906 67.8006
19.8024 15.0485 67.7739
30.822 11.8993 70.8939
INDEX = 14
4 5 7
6 7 5
1 2 5
6 5 2
0 1 4
5 4 1
7 6 3
2 3 6
4 7 0
3 0 7
8 1 0
8 2 1
8 3 2
8 0 3
FACE-NORMAL = 14
-0.928315 0.26591 -0.259853
-0.928315 0.26591 -0.259853
0.0735766 0.845872 0.528287
0.0735766 0.845872 0.528287
-0.378239 -0.466153 0.799773
-0.378239 -0.466153 0.799773
0.34232 0.476442 -0.809827
0.34232 0.476442 -0.809827
-0.109496 -0.835583 -0.538341
-0.109496 -0.835583 -0.538341
0.401614 -0.521347 0.75293
0.721156 0.406569 0.560925
0.911221 0.145293 -0.385442
0.591679 -0.782622 -0.193437
BONE = 27
BONE_NAME = Bip01-L-Finger12
PARENT_ID = 26
LOCALTM 
MAT 0.624786 0.0 0.780796 0.0
MAT 0.0 1.0 0.0 0.0
MAT -0.780796 0.0 0.624786 0.0
MAT 11.204 3.8147e-006 -1.43051e-005 1.0
WORLDTM 
MAT -0.928315 0.26591 -0.259853 0.0
MAT -0.360348 -0.471386 0.804951 0.0
MAT 0.0915534 0.840885 0.533414 0.0
MAT 30.822 11.8993 70.8939 1.0
VERTEX = 9
19.4506 14.7962 67.8103
19.4964 15.2166 68.077
19.6766 15.4523 67.6745
19.6308 15.0319 67.4078
16.0711 16.0886 66.7748
16.0757 16.1307 66.8014
16.0937 16.1542 66.7612
16.0891 16.1122 66.7345
19.7957 15.0578 67.8074
INDEX = 14
4 5 7
6 7 5
1 2 5
6 5 2
0 1 4
5 4 1
7 6 3
2 3 6
4 7 0
3 0 7
8 1 0
8 2 1
8 3 2
8 0 3
FACE-NORMAL = 14
-0.928315 0.26591 -0.259853
-0.928315 0.26591 -0.259853
0.0357901 0.855301 0.516893
0.0357901 0.855301 0.516893
-0.415299 -0.454613 0.787942
-0.415299 -0.454613 0.787942
0.304101 0.486465 -0.819069
0.304101 0.486465 -0.819069
-0.146988 -0.823449 -0.54802
-0.146988 -0.823449 -0.54802
0.401614 -0.521347 0.75293
0.721156 0.406569 0.560925
0.911221 0.145293 -0.385442
0.591679 -0.782622 -0.193437
BONE = 28
BONE_NAME = Bip01-L-Finger1Nub
PARENT_ID = 27
LOCALTM 
MAT 1.0 0.0 0.0 0.0
MAT 0.0 1.0 0.0 0.0
MAT 0.0 0.0 1.0 0.0
MAT 11.8778 3.8147e-006 3.8147e-006 1.0
WORLDTM 
MAT -0.928315 0.26591 -0.259854 0.0
MAT -0.360348 -0.471386 0.804951 0.0
MAT 0.0915534 0.840885 0.533414 0.0
MAT 19.7957 15.0578 67.8074 1.0
VERTEX = 9
37.3229 27.2274 90.1004
36.8943 27.4329 89.9455
37.1109 27.5588 89.5128
37.5396 27.3532 89.6677
33.7629 16.4498 84.923
33.72 16.4703 84.9075
33.7417 16.4829 84.8643
33.7846 16.4624 84.8798
37.2864 27.6121 89.9051
INDEX = 14
4 5 7
6 7 5
1 2 5
6 5 2
0 1 4
5 4 1
7 6 3
2 3 6
4 7 0
3 0 7
8 1 0
8 2 1
8 3 2
8 0 3
FACE-NORMAL = 14
-0.277807 -0.876148 -0.393939
-0.277807 -0.876148 -0.393939
-0.862223 0.395241 -0.316791
-0.862223 0.395241 -0.316791
-0.438268 -0.267461 0.858129
-0.438268 -0.267461 0.858129
0.428246 0.235852 -0.872341
0.428246 0.235852 -0.872341
0.8522 -0.42685 0.302579
0.8522 -0.42685 0.302579
-0.10997 0.441553 0.89047
-0.4098 0.91023 0.0595409
0.502848 0.797507 -0.333356
0.802678 0.32883 0.497573
BONE = 29
BONE_NAME = Bip01-L-Finger2
PARENT_ID = 20
LOCALTM 
MAT 0.77496 -0.275198 0.568949 0.0
MAT 0.385674 0.919094 -0.0807605 0.0
MAT -0.500693 0.282015 0.818398 0.0
MAT 14.1755 4.97336 -8.22542 1.0
WORLDTM 
MAT -0.277807 -0.876148 -0.393939 0.0
MAT -0.433328 -0.251697 0.865376 0.0
MAT -0.857351 0.411112 -0.309736 0.0
MAT 37.2864 27.6121 89.9051 1.0
VERTEX = 9
33.6054 16.0716 84.9942
33.3277 16.4869 84.9759
33.5443 16.6128 84.5432
33.8221 16.1974 84.5615
24.7278 10.1217 78.5582
24.7 10.1632 78.5564
24.7217 10.1758 78.5131
24.7494 10.1343 78.515
33.7523 16.4663 84.8936
INDEX = 14
4 5 7
6 7 5
1 2 5
6 5 2
0 1 4
5 4 1
7 6 3
2 3 6
4 7 0
3 0 7
8 1 0
8 2 1
8 3 2
8 0 3
FACE-NORMAL = 14
-0.70964 -0.496614 -0.499786
-0.70964 -0.496614 -0.499786
-0.568263 0.821583 -0.0455911
-0.568263 0.821583 -0.0455911
-0.446058 -0.260615 0.85622
-0.446058 -0.260615 0.85622
0.420456 0.242698 -0.874251
0.420456 0.242698 -0.874251
0.542661 -0.839499 0.0275604
0.542661 -0.839499 0.0275604
0.195382 0.173182 0.965315
0.108956 0.938536 0.327535
0.8082 0.529136 -0.258511
0.894626 -0.236218 0.379269
BONE = 30
BONE_NAME = Bip01-L-Finger21
PARENT_ID = 29
LOCALTM 
MAT 0.829136 0.0 0.559048 0.0
MAT 0.0 1.0 0.0 0.0
MAT -0.559048 0.0 0.829135 0.0
MAT 12.7213 -3.8147e-006 3.8147e-006 1.0
WORLDTM 
MAT -0.70964 -0.496614 -0.499786 0.0
MAT -0.433328 -0.251697 0.865376 0.0
MAT -0.555553 0.830677 -0.0365817 0.0
MAT 33.7523 16.4663 84.8936 1.0
VERTEX = 9
24.3444 9.94555 78.575
24.4504 10.3979 78.7597
24.6671 10.5238 78.327
24.561 10.0714 78.1423
11.3929 15.3443 73.4
11.4035 15.3895 73.4184
11.4252 15.4021 73.3752
11.4146 15.3569 73.3567
24.7247 10.1487 78.5357
INDEX = 14
4 5 7
6 7 5
1 2 5
6 5 2
0 1 4
5 4 1
7 6 3
2 3 6
4 7 0
3 0 7
8 1 0
8 2 1
8 3 2
8 0 3
FACE-NORMAL = 14
-0.875907 0.343666 -0.338644
-0.875907 0.343666 -0.338644
0.198962 0.909802 0.364246
0.198962 0.909802 0.364246
-0.446458 -0.246498 0.860183
-0.446458 -0.246498 0.860183
0.420099 0.25684 -0.870373
0.420099 0.25684 -0.870373
-0.22532 -0.89946 -0.374437
-0.22532 -0.89946 -0.374437
0.312951 -0.420985 0.851371
0.769383 0.396734 0.500651
0.925769 -0.0650316 -0.372455
0.469337 -0.882752 -0.0217358
BONE = 31
BONE_NAME = Bip01-L-Finger22
PARENT_ID = 30
LOCALTM 
MAT 0.620159 0.0 0.784476 0.0
MAT 0.0 1.0 1.19209e-007 0.0
MAT -0.784476 0.0 0.620159 0.0
MAT 12.7214 3.8147e-006 2.86102e-006 1.0
WORLDTM 
MAT -0.875908 0.343666 -0.338645 0.0
MAT -0.433328 -0.251697 0.865376 0.0
MAT 0.212165 0.904734 0.369384 0.0
MAT 24.7247 10.1487 78.5357 1.0
VERTEX = 9
11.0287 15.17 73.4269
11.1348 15.6224 73.6116
11.3514 15.7482 73.1789
11.2454 15.2959 72.9942
7.88927 16.719 72.0454
7.89988 16.7642 72.0639
7.92154 16.7768 72.0206
7.91093 16.7316 72.0021
11.409 15.3732 73.3876
INDEX = 14
4 5 7
6 7 5
1 2 5
6 5 2
0 1 4
5 4 1
7 6 3
2 3 6
4 7 0
3 0 7
8 1 0
8 2 1
8 3 2
8 0 3
FACE-NORMAL = 14
-0.875907 0.343666 -0.338644
-0.875907 0.343666 -0.338644
0.159324 0.923692 0.348438
0.159324 0.923692 0.348438
-0.48501 -0.230663 0.84354
-0.48501 -0.230662 0.84354
0.38009 0.271828 -0.884105
0.38009 0.271828 -0.884105
-0.264244 -0.882526 -0.389003
-0.264244 -0.882526 -0.389003
0.312951 -0.420985 0.851371
0.769383 0.396734 0.500651
0.925769 -0.0650316 -0.372455
0.469337 -0.882752 -0.0217358
BONE = 32
BONE_NAME = Bip01-L-Finger2Nub
PARENT_ID = 31
LOCALTM 
MAT 1.0 0.0 0.0 0.0
MAT 0.0 1.0 0.0 0.0
MAT 0.0 0.0 1.0 0.0
MAT 15.2022 0.0 1.90735e-005 1.0
WORLDTM 
MAT -0.875908 0.343666 -0.338645 0.0
MAT -0.433328 -0.251697 0.865376 0.0
MAT 0.212165 0.904734 0.369384 0.0
MAT 11.409 15.3732 73.3876 1.0
VERTEX = 9
31.0994 26.8681 94.0637
30.896 27.2075 93.758
31.2803 27.1539 93.4427
31.4838 26.8145 93.7484
25.9233 19.2565 88.6896
25.903 19.2904 88.659
25.9414 19.285 88.6275
25.9617 19.2511 88.6581
31.3132 27.1926 93.8728
INDEX = 14
4 5 7
6 7 5
1 2 5
6 5 2
0 1 4
5 4 1
7 6 3
2 3 6
4 7 0
3 0 7
8 1 0
8 2 1
8 3 2
8 0 3
FACE-NORMAL = 14
-0.493476 -0.72651 -0.478189
-0.493476 -0.72651 -0.478189
-0.417191 0.663262 -0.621317
-0.417191 0.663262 -0.621317
-0.778977 0.0917689 0.620301
-0.778977 0.0917689 0.620301
0.758139 -0.122448 -0.640494
0.758139 -0.122448 -0.640494
0.396352 -0.693942 0.601124
0.396353 -0.693942 0.601124
-0.194634 0.589474 0.783988
0.0612447 0.993671 -0.0941633
0.892514 0.437966 -0.107727
0.636635 0.033769 0.770425
BONE = 33
BONE_NAME = Bip01-L-Finger3
PARENT_ID = 20
LOCALTM 
MAT 0.602461 -0.203618 0.771738 0.0
MAT -0.025479 0.961512 0.273579 0.0
MAT -0.797741 -0.184484 0.574086 0.0
MAT 15.0358 11.5264 -5.41214 1.0
WORLDTM 
MAT -0.493476 -0.72651 -0.47819 0.0
MAT -0.76873 0.107132 0.630538 0.0
MAT -0.406863 0.678754 -0.611357 0.0
MAT 31.3132 27.1926 93.8728 1.0
VERTEX = 9
25.6005 18.9953 88.6972
25.5624 19.4771 88.5689
25.9467 19.4235 88.2536
25.9848 18.9417 88.382
18.3144 16.3125 79.9132
18.3106 16.3607 79.9004
18.349 16.3553 79.8689
18.3528 16.3072 79.8817
25.9324 19.2707 88.6586
INDEX = 14
4 5 7
6 7 5
1 2 5
6 5 2
0 1 4
5 4 1
7 6 3
2 3 6
4 7 0
3 0 7
8 1 0
8 2 1
8 3 2
8 0 3
FACE-NORMAL = 14
-0.635015 -0.245362 -0.732498
-0.635015 -0.245362 -0.732498
-0.0884113 0.958606 -0.270661
-0.0884114 0.958606 -0.270661
-0.780777 0.102403 0.616361
-0.780777 0.102403 0.616361
0.756398 -0.111823 -0.644482
0.756398 -0.111823 -0.644482
0.0640324 -0.968026 0.242539
0.0640324 -0.968026 0.24254
-0.0945505 0.249251 0.963812
0.395116 0.85479 0.336477
0.992597 0.0977432 0.072097
0.50293 -0.507796 0.699432
BONE = 34
BONE_NAME = Bip01-L-Finger31
PARENT_ID = 33
LOCALTM 
MAT 0.841895 0.0 0.539641 0.0
MAT 0.0 1.0 0.0 0.0
MAT -0.539641 0.0 0.841895 0.0
MAT 10.904 -7.62939e-006 7.62939e-006 1.0
WORLDTM 
MAT -0.635015 -0.245362 -0.732499 0.0
MAT -0.76873 0.107132 0.630538 0.0
MAT -0.076236 0.963494 -0.256648 0.0
MAT 25.9324 19.2707 88.6586 1.0
VERTEX = 9
17.9176 16.2487 79.7972
18.0958 16.6939 79.9388
18.4802 16.6403 79.6235
18.302 16.1951 79.482
11.2023 22.2282 70.2374
11.2201 22.2727 70.2516
11.2586 22.2674 70.22
11.2408 22.2228 70.2059
18.3317 16.3339 79.8911
INDEX = 14
4 5 7
6 7 5
1 2 5
6 5 2
0 1 4
5 4 1
7 6 3
2 3 6
4 7 0
3 0 7
8 1 0
8 2 1
8 3 2
8 0 3
FACE-NORMAL = 14
-0.531123 0.442316 -0.722679
-0.531123 0.442316 -0.722679
0.34716 0.897891 0.270688
0.34716 0.897891 0.270688
-0.777723 0.114701 0.618054
-0.777723 0.114701 0.618054
0.759509 -0.0995324 -0.642837
0.759509 -0.0995324 -0.642837
-0.365374 -0.882723 -0.295471
-0.365374 -0.882723 -0.295471
-0.168013 -0.237011 0.956869
0.627517 0.31687 0.711208
0.919135 -0.388519 0.0651534
0.123605 -0.942399 0.310814
BONE = 35
BONE_NAME = Bip01-L-Finger32
PARENT_ID = 34
LOCALTM 
MAT 0.758105 0.0 0.652133 0.0
MAT 0.0 1.0 0.0 0.0
MAT -0.652133 0.0 0.758104 0.0
MAT 11.9693 7.62939e-006 5.72205e-006 1.0
WORLDTM 
MAT -0.531124 0.442316 -0.722679 0.0
MAT -0.76873 0.107132 0.630538 0.0
MAT 0.356319 0.890438 0.283121 0.0
MAT 18.3317 16.3339 79.8911 1.0
VERTEX = 9
10.8164 22.1625 70.1349
10.9946 22.6077 70.2765
11.3789 22.5542 69.9612
11.2008 22.109 69.8196
9.07784 23.9975 67.3467
9.09565 24.042 67.3608
9.13409 24.0366 67.3293
9.11627 23.9921 67.3152
11.2305 22.2478 70.2287
INDEX = 14
4 5 7
6 7 5
1 2 5
6 5 2
0 1 4
5 4 1
7 6 3
2 3 6
4 7 0
3 0 7
8 1 0
8 2 1
8 3 2
8 0 3
FACE-NORMAL = 14
-0.531123 0.442316 -0.722679
-0.531123 0.442316 -0.722679
0.323869 0.915331 0.23933
0.323869 0.915331 0.23933
-0.799159 0.133431 0.586123
-0.799159 0.133431 0.586123
0.735539 -0.0804487 -0.672689
0.735539 -0.0804488 -0.672689
-0.38749 -0.862348 -0.325895
-0.38749 -0.862348 -0.325895
-0.168013 -0.237011 0.956869
0.627517 0.31687 0.711208
0.919135 -0.388519 0.0651534
0.123605 -0.942399 0.310814
BONE = 36
BONE_NAME = Bip01-L-Finger3Nub
PARENT_ID = 35
LOCALTM 
MAT 1.0 0.0 0.0 0.0
MAT 0.0 1.0 0.0 0.0
MAT 0.0 0.0 1.0 0.0
MAT 13.3702 0.0 -7.62939e-006 1.0
WORLDTM 
MAT -0.531124 0.442316 -0.722679 0.0
MAT -0.76873 0.107132 0.630538 0.0
MAT 0.356319 0.890438 0.283121 0.0
MAT 11.2305 22.2478 70.2287 1.0
VERTEX = 9
24.6513 30.0039 94.8013
24.6341 30.3213 94.4153
25.0674 30.1384 94.2456
25.0846 29.821 94.6315
