EXPORTER_V17
ANIMATION_EXPORT
BONEOBJECT_COUNT = 137
VERTEX = 9
0.25 0.25 -0.25
0.25 0.25 0.25
0.25 -0.25 0.25
0.25 -0.25 -0.25
4.0 0.025 -0.025
4.0 0.025 0.025
4.0 -0.025 0.025
4.0 -0.025 -0.025
0.0 0.0 0.0
INDEX = 14
4 5 7
6 7 5
1 2 5
6 5 2
0 1 4
5 4 1
7 6 3
2 3 6
4 7 0
3 0 7
8 1 0
8 2 1
8 3 2
8 0 3
FACE-NORMAL = 14
1.0 0.0 0.0
1.0 0.0 0.0
0.0598923 -1.29276e-006 0.998205
0.0598923 -1.29276e-006 0.998205
0.0598923 0.998205 1.29276e-006
0.0598923 0.998205 1.29276e-006
0.0598923 -0.998205 -1.29276e-006
0.0598923 -0.998205 -1.29276e-006
0.0598923 1.29276e-006 -0.998205
0.0598923 1.29276e-006 -0.998205
-0.707107 0.707107 9.15763e-007
-0.707107 -9.15763e-007 0.707107
-0.707107 -0.707107 -9.15763e-007
-0.707107 9.15763e-007 -0.707107
BONE = 0
BONE_NAME = Dummy_root
PARENT_ID = -1
LOCALTM 
MAT 1.0 0.0 0.0 0.0
MAT 0.0 1.0 1.29509e-006 0.0
MAT 0.0 -1.29509e-006 1.0 0.0
MAT 0.0 0.0 0.0 1.0
WORLDTM 
MAT 1.0 0.0 0.0 0.0
MAT 0.0 1.0 1.29509e-006 0.0
MAT 0.0 -1.29509e-006 1.0 0.0
MAT 0.0 0.0 0.0 1.0
VERTEX = 9
0.25 0.25 -0.25
0.25 0.25 0.25
0.25 -0.25 0.25
0.25 -0.25 -0.25
4.0 0.025 -0.025
4.0 0.025 0.025
4.0 -0.025 0.025
4.0 -0.025 -0.025
0.0 0.0 0.0
INDEX = 14
4 5 7
6 7 5
1 2 5
6 5 2
0 1 4
5 4 1
7 6 3
2 3 6
4 7 0
3 0 7
8 1 0
8 2 1
8 3 2
8 0 3
FACE-NORMAL = 14
1.0 0.0 0.0
1.0 0.0 0.0
0.0598923 -1.29276e-006 0.998205
0.0598923 -1.29276e-006 0.998205
0.0598923 0.998205 1.29276e-006
0.0598923 0.998205 1.29276e-006
0.0598923 -0.998205 -1.29276e-006
0.0598923 -0.998205 -1.29276e-006
0.0598923 1.29276e-006 -0.998205
0.0598923 1.29276e-006 -0.998205
-0.707107 0.707107 9.15763e-007
-0.707107 -9.15763e-007 0.707107
-0.707107 -0.707107 -9.15763e-007
-0.707107 9.15763e-007 -0.707107
BONE = 1
BONE_NAME = FxBottom
PARENT_ID = 0
LOCALTM 
MAT 1.0 0.0 0.0 0.0
MAT 0.0 1.0 0.0 0.0
MAT 0.0 0.0 1.0 0.0
MAT 0.0 0.0 0.0 1.0
WORLDTM 
MAT 1.0 0.0 0.0 0.0
MAT 0.0 1.0 1.29509e-006 0.0
MAT 0.0 -1.29509e-006 1.0 0.0
MAT 0.0 0.0 0.0 1.0
VERTEX = 9
-0.567145 57.5026 4.02928
-0.286281 57.4567 4.44039
-0.324762 56.9591 4.41114
-0.605626 57.0049 4.00003
2.63093 57.1439 2.07803
2.65902 57.1393 2.11914
2.65517 57.0896 2.11621
2.62709 57.0941 2.0751
-0.651887 57.2384 4.36175
INDEX = 14
4 5 7
6 7 5
1 2 5
6 5 2
0 1 4
5 4 1
7 6 3
2 3 6
4 7 0
3 0 7
8 1 0
8 2 1
8 3 2
8 0 3
FACE-NORMAL = 14
0.823735 -0.0304246 -0.566158
0.823735 -0.0304246 -0.566158
0.610054 -0.0934105 0.786834
0.610054 -0.0934105 0.786834
0.12616 0.991708 0.0244764
0.12616 0.991708 0.0244763
-0.0274888 -0.995352 -0.0922934
-0.0274888 -0.995352 -0.0922934
-0.511383 0.0897661 -0.854651
-0.511383 0.0897661 -0.854651
-0.528048 0.725309 0.441693
-0.185267 -0.0433658 0.981731
-0.636889 -0.682282 0.358976
-0.97967 0.0863926 -0.181062
BONE = 2
BONE_NAME = Bip01
PARENT_ID = 0
LOCALTM 
MAT 0.823735 -0.0304253 -0.566158 0.0
MAT 0.0769624 0.995317 0.0584886 0.0
MAT 0.561727 -0.0917519 0.822219 0.0
MAT -0.651887 57.2384 4.36168 1.0
WORLDTM 
MAT 0.823735 -0.0304246 -0.566158 0.0
MAT 0.0769624 0.995317 0.0584899 0.0
MAT 0.561727 -0.091753 0.822219 0.0
MAT -0.651887 57.2384 4.36175 1.0
VERTEX = 9
-0.69563 57.4723 4.72353
-0.284444 57.4539 4.43965
-0.56574 57.5019 4.02908
-0.976926 57.5203 4.31296
1.19849 79.0156 5.6711
1.23961 79.0137 5.64271
1.21148 79.0185 5.60166
1.17036 79.0204 5.63004
-0.651887 57.2384 4.36175
INDEX = 14
4 5 7
6 7 5
1 2 5
6 5 2
0 1 4
5 4 1
7 6 3
2 3 6
4 7 0
3 0 7
8 1 0
8 2 1
8 3 2
8 0 3
FACE-NORMAL = 14
0.0848091 0.994695 0.0582161
0.0848091 0.994695 0.0582161
0.82321 -0.0265467 -0.567115
0.82321 -0.0265467 -0.567115
0.563443 -0.0856811 0.8217
0.563443 -0.0856811 0.8217
-0.56168 0.10636 -0.82049
-0.56168 0.10636 -0.82049
-0.821447 0.0472255 0.568326
-0.821447 0.0472255 0.568326
0.337843 -0.771256 0.539468
0.521537 -0.729439 -0.442626
-0.457781 -0.635455 -0.621798
-0.641475 -0.677272 0.360296
BONE = 3
BONE_NAME = Bip01-Pelvis
PARENT_ID = 2
LOCALTM 
MAT 0.00663753 0.999969 0.00423966 0.0
MAT 0.00145342 -0.0042493 0.99999 0.0
MAT 0.999977 -0.00663124 -0.00148156 0.0
MAT 0.0 0.0 0.0 1.0
WORLDTM 
MAT 0.0848091 0.994695 0.0582161 0.0
MAT 0.562592 -0.0960257 0.821139 0.0
MAT 0.822373 -0.0368881 -0.567751 0.0
MAT -0.651887 57.2384 4.36175 1.0
VERTEX = 9
3.54442 79.0236 4.3469
3.92268 78.8173 4.09324
3.67578 78.8914 3.66481
3.29752 79.0977 3.91847
13.1066 98.8836 2.0078
13.1444 98.8629 1.98243
13.1198 98.8704 1.93959
13.0819 98.891 1.96496
3.50291 78.7328 4.02878
INDEX = 14
4 5 7
6 7 5
1 2 5
6 5 2
0 1 4
5 4 1
7 6 3
2 3 6
4 7 0
3 0 7
8 1 0
8 2 1
8 3 2
8 0 3
FACE-NORMAL = 14
0.42877 0.898749 -0.0916892
0.42877 0.898749 -0.0916892
0.760831 -0.403528 -0.508234
0.760831 -0.403528 -0.508234
0.498126 -0.139032 0.855886
0.498126 -0.139032 0.855886
-0.489421 0.157279 -0.857747
-0.489421 0.157279 -0.857747
-0.752126 0.421775 0.506372
-0.752126 0.421775 0.506372
0.0459821 -0.740278 0.670726
0.231752 -0.927315 -0.293902
-0.652355 -0.530744 -0.541058
-0.838125 -0.343708 0.42357
BONE = 4
BONE_NAME = Bip01-Spine
PARENT_ID = 3
LOCALTM 
MAT 0.925007 0.0796301 0.371513 0.0
MAT -0.0556156 0.995636 -0.074931 0.0
MAT -0.375859 0.0486498 0.925399 0.0
MAT 21.7133 2.14577e-005 2.81295 1.0
WORLDTM 
MAT 0.42877 0.898749 -0.0916892 0.0
MAT 0.493799 -0.148163 0.85686 0.0
MAT 0.756517 -0.412673 -0.507329 0.0
MAT 3.50291 78.7328 4.02878 1.0
VERTEX = 9
13.2088 99.1838 2.27501
13.531 98.8909 2.02927
13.2858 98.9792 1.60255
12.9637 99.2722 1.84829
25.3911 115.459 -1.617
25.4233 115.429 -1.64158
25.3988 115.438 -1.68425
25.3666 115.467 -1.65968
13.1006 98.8838 1.98214
INDEX = 14
4 5 7
6 7 5
1 2 5
6 5 2
0 1 4
5 4 1
7 6 3
2 3 6
4 7 0
3 0 7
8 1 0
8 2 1
8 3 2
8 0 3
FACE-NORMAL = 14
0.586956 0.790824 -0.173435
0.586956 0.790824 -0.173435
0.65061 -0.577337 -0.493344
0.65061 -0.577337 -0.493344
0.49666 -0.168136 0.851504
0.49666 -0.168136 0.851504
-0.483898 0.18533 -0.855275
-0.483898 0.18533 -0.855275
-0.637848 0.594531 0.489573
-0.637848 0.594531 0.489573
-0.0683404 -0.684173 0.726111
0.0405251 -0.973539 -0.224897
-0.761741 -0.434221 -0.480836
-0.870606 -0.144855 0.470172
BONE = 5
BONE_NAME = Bip01-Spine1
PARENT_ID = 4
LOCALTM 
MAT 0.978324 0.0240573 0.20568 0.0
MAT -0.0268692 0.99958 0.0108889 0.0
MAT -0.205332 -0.0161792 0.978559 0.0
MAT 22.4136 4.76837e-007 -0.0166435 1.0
WORLDTM 
MAT 0.586956 0.790824 -0.173435 0.0
MAT 0.490308 -0.176743 0.85344 0.0
MAT 0.644267 -0.585969 -0.491488 0.0
MAT 13.1006 98.8838 1.98214 1.0
VERTEX = 9
25.6554 115.695 -1.40158
25.7919 115.338 -1.72405
25.4717 115.52 -2.06182
25.3353 115.877 -1.73935
39.4519 127.166 -8.60672
39.4655 127.13 -8.63897
39.4335 127.149 -8.67275
39.4199 127.184 -8.6405
25.3841 115.458 -1.64237
INDEX = 14
4 5 7
6 7 5
1 2 5
6 5 2
0 1 4
5 4 1
7 6 3
2 3 6
4 7 0
3 0 7
8 1 0
8 2 1
8 3 2
8 0 3
FACE-NORMAL = 14
0.717914 0.597426 -0.357327
0.717914 0.597426 -0.357327
0.281334 -0.706804 -0.64906
0.281334 -0.706804 -0.64906
0.64868 -0.358489 0.671342
0.64868 -0.358489 0.671342
-0.63197 0.372394 -0.679659
-0.63197 0.372394 -0.679659
-0.264625 0.720709 0.640743
-0.264625 0.720709 0.640743
-0.0548329 -0.680867 0.730351
-0.314603 -0.92718 -0.203377
-0.960451 -0.16402 -0.225015
-0.70068 0.0822927 0.708713
BONE = 6
BONE_NAME = Bip01-Spine2
PARENT_ID = 5
LOCALTM 
MAT 0.955815 -0.0585485 0.288078 0.0
MAT -0.0303148 0.95511 0.294697 0.0
MAT -0.2924 -0.290409 0.911134 0.0
MAT 20.9459 2.86102e-006 -0.0168037 1.0
WORLDTM 
MAT 0.717914 0.597426 -0.357327 0.0
MAT 0.640368 -0.365466 0.675546 0.0
MAT 0.272998 -0.713805 -0.644946 0.0
MAT 25.3841 115.458 -1.64237 1.0
VERTEX = 9
27.1651 110.405 -20.3328
27.1213 109.977 -20.5874
26.7885 110.192 -20.8923
26.8323 110.62 -20.6377
32.6711 112.494 -25.2357
32.6667 112.451 -25.2612
32.6334 112.473 -25.2917
32.6378 112.515 -25.2662
26.7915 110.227 -20.4607
INDEX = 14
4 5 7
6 7 5
1 2 5
6 5 2
0 1 4
5 4 1
7 6 3
2 3 6
4 7 0
3 0 7
8 1 0
8 2 1
8 3 2
8 0 3
FACE-NORMAL = 14
0.741282 0.285394 -0.607496
0.741282 0.285394 -0.607496
-0.0657844 -0.847467 -0.526756
-0.0657844 -0.847467 -0.526756
0.686941 -0.422055 0.591592
0.686941 -0.422055 0.591592
-0.643391 0.438822 -0.627283
-0.643391 0.438822 -0.627283
0.109335 0.864234 0.491065
0.109335 0.864234 0.491065
-0.0536192 -0.506302 0.860688
-0.586106 -0.807243 0.0695549
-0.994712 0.102693 -0.0015592
-0.462225 0.403635 0.789574
BONE = 7
BONE_NAME = Bip01-Neck
PARENT_ID = 6
LOCALTM 
MAT 0.919753 -0.0399998 0.390455 0.0
MAT 0.0026097 0.995395 0.095825 0.0
MAT -0.392489 -0.0871163 0.915622 0.0
MAT 4.60931 -9.89953 16.2552 1.0
WORLDTM 
MAT 0.741282 0.285394 -0.607496 0.0
MAT 0.665453 -0.430624 0.6097 0.0
MAT -0.0875974 -0.85622 -0.50913 0.0
MAT 26.7915 110.227 -20.4607 1.0
VERTEX = 9
33.0738 112.571 -25.2173
32.8512 112.143 -25.0839
32.6039 112.136 -25.5184
32.8265 112.564 -25.6518
47.263 102.364 -33.3896
47.2408 102.321 -33.3763
47.216 102.32 -33.4197
47.2383 102.363 -33.4331
32.6523 112.483 -25.2637
INDEX = 14
4 5 7
6 7 5
1 2 5
6 5 2
0 1 4
5 4 1
7 6 3
2 3 6
4 7 0
3 0 7
8 1 0
8 2 1
8 3 2
8 0 3
FACE-NORMAL = 14
0.746436 -0.518938 -0.416577
0.746436 -0.518938 -0.416577
-0.436544 -0.860696 0.261977
-0.436544 -0.860696 0.261977
0.503201 0.00764302 0.864136
0.503201 0.00764302 0.864136
-0.485791 -0.0197464 -0.873852
-0.485791 -0.0197464 -0.873852
0.453954 0.848593 -0.271693
0.453954 0.848593 -0.271693
-0.178125 0.376629 0.909078
-0.84267 -0.237421 0.483258
-0.877495 0.35726 -0.319949
-0.21295 0.97131 0.105871
BONE = 8
BONE_NAME = Bip01-Head
PARENT_ID = 7
LOCALTM 
MAT 0.658287 0.466198 0.591031 0.0
MAT -0.157452 0.853051 -0.497507 0.0
MAT -0.736116 0.234444 0.634956 0.0
MAT 7.90626 3.8147e-006 0.0 1.0
WORLDTM 
MAT 0.746436 -0.518938 -0.416577 0.0
MAT 0.494529 0.0136957 0.869052 0.0
MAT -0.445279 -0.854702 0.266853 0.0
MAT 32.6523 112.483 -25.2637 1.0
VERTEX = 9
47.6611 102.429 -33.3583
47.4384 102.002 -33.2248
47.1912 101.995 -33.6594
47.4138 102.422 -33.7928
50.2488 100.288 -35.0559
50.2265 100.245 -35.0426
50.2018 100.244 -35.086
50.224 100.287 -35.0994
47.2395 102.342 -33.4047
INDEX = 14
4 5 7
6 7 5
1 2 5
6 5 2
0 1 4
5 4 1
7 6 3
2 3 6
4 7 0
3 0 7
8 1 0
8 2 1
8 3 2
8 0 3
FACE-NORMAL = 14
0.746436 -0.518938 -0.416577
0.746436 -0.518938 -0.416577
-0.399774 -0.884248 0.241424
-0.399774 -0.884248 0.241424
0.538347 -0.0174094 0.842543
0.538347 -0.0174094 0.842543
-0.448936 -0.0447514 -0.892443
-0.448936 -0.0447514 -0.892443
0.489186 0.822088 -0.291323
0.489186 0.822088 -0.291323
-0.178125 0.376629 0.909078
-0.84267 -0.237421 0.483258
-0.877495 0.35726 -0.319949
-0.21295 0.97131 0.105871
BONE = 9
BONE_NAME = Bip01-HeadNub
PARENT_ID = 8
LOCALTM 
MAT 1.0 0.0 0.0 0.0
MAT 0.0 1.0 0.0 0.0
MAT 0.0 0.0 1.0 0.0
MAT 19.5426 3.8147e-006 0.0 1.0
WORLDTM 
MAT 0.746436 -0.518938 -0.416577 0.0
MAT 0.494529 0.0136956 0.869052 0.0
MAT -0.445279 -0.854702 0.266853 0.0
MAT 47.2395 102.342 -33.4047 1.0
VERTEX = 9
45.0685 110.485 -36.8328
44.7386 110.177 -36.6184
44.3904 110.321 -36.9473
44.7204 110.629 -37.1617
45.8234 107.664 -39.2066
45.7904 107.633 -39.1852
45.7556 107.648 -39.2181
45.7886 107.679 -39.2395
44.6588 110.586 -36.7352
INDEX = 14
4 5 7
6 7 5
1 2 5
6 5 2
0 1 4
5 4 1
7 6 3
2 3 6
4 7 0
3 0 7
8 1 0
8 2 1
8 3 2
8 0 3
FACE-NORMAL = 14
0.282667 -0.732523 -0.619281
0.282667 -0.732523 -0.619281
-0.641699 -0.659859 0.390909
-0.641699 -0.659859 0.390909
0.711917 -0.330767 0.619489
0.711917 -0.330767 0.619489
-0.678058 0.243022 -0.693669
-0.678058 0.243022 -0.693669
0.675558 0.572113 -0.465089
0.675558 0.572114 -0.465089
0.292439 0.314742 0.903004
-0.666434 0.0816211 0.741083
-0.69219 0.721202 -0.0272088
0.266682 0.954323 0.134713
BONE = 10
BONE_NAME = Facial_Eyelid_Lower_R
PARENT_ID = 8
LOCALTM 
MAT 0.849105 -0.408433 0.334967 0.0
MAT 0.394837 0.912002 0.111156 0.0
MAT -0.35089 0.0378745 0.93565 0.0
MAT 14.7254 -4.05777 -6.78597 1.0
WORLDTM 
MAT 0.282667 -0.732523 -0.619281 0.0
MAT 0.696237 -0.287411 0.65776 0.0
MAT -0.659812 -0.617094 0.428769 0.0
MAT 44.6588 110.586 -36.7352 1.0
VERTEX = 9
49.3262 110.872 -29.0242
48.9735 110.574 -28.832
48.8137 110.466 -29.2933
49.1663 110.764 -29.4854
51.4682 107.789 -29.2869
51.4329 107.759 -29.2677
51.4169 107.748 -29.3138
51.4522 107.778 -29.333
48.9118 110.862 -29.1493
INDEX = 14
4 5 7
6 7 5
1 2 5
6 5 2
0 1 4
5 4 1
7 6 3
2 3 6
4 7 0
3 0 7
8 1 0
8 2 1
8 3 2
8 0 3
FACE-NORMAL = 14
0.6327 -0.773475 -0.0377784
0.6327 -0.773475 -0.0377784
-0.66616 -0.640974 0.381291
-0.66616 -0.640974 0.381291
0.357028 0.169752 0.91854
0.357028 0.169752 0.91854
-0.28124 -0.262403 -0.923065
-0.28124 -0.262403 -0.923065
0.741948 0.548324 -0.385817
0.741948 0.548324 -0.385817
-0.221319 0.699993 0.67899
-0.946124 0.125693 0.298415
-0.673455 0.393865 -0.625563
0.0513499 0.968165 -0.244988
BONE = 11
BONE_NAME = Facial_Eyelid_Lower_L
PARENT_ID = 8
LOCALTM 
MAT 0.889393 0.269465 0.369281 0.0
MAT -0.257966 0.962735 -0.0812124 0.0
MAT -0.377403 -0.0230321 0.925763 0.0
MAT 14.5965 4.64184 -6.89141 1.0
WORLDTM 
MAT 0.6327 -0.773474 -0.0377783 0.0
MAT 0.319708 0.216466 0.922458 0.0
MAT -0.70532 -0.595718 0.384244 0.0
MAT 48.9118 110.862 -29.1493 1.0
VERTEX = 9
49.8155 110.9 -29.6789
49.9564 111.253 -30.0039
50.1773 111.506 -29.6335
50.0364 111.153 -29.3085
53.1722 109.313 -30.293
53.1863 109.349 -30.3255
53.2084 109.374 -30.2885
53.1943 109.339 -30.256
49.7834 111.327 -29.6139
INDEX = 14
4 5 7
6 7 5
1 2 5
6 5 2
0 1 4
5 4 1
7 6 3
2 3 6
4 7 0
3 0 7
8 1 0
8 2 1
8 3 2
8 0 3
FACE-NORMAL = 14
0.851717 -0.495931 -0.169207
0.851717 -0.495931 -0.169207
0.332329 0.674801 -0.658939
0.332329 0.674801 -0.658939
-0.389958 -0.534701 -0.749685
-0.389958 -0.534701 -0.749685
0.49198 0.475296 0.729417
0.49198 0.475296 0.729417
-0.230306 -0.734206 0.638671
-0.230306 -0.734206 0.638671
-0.914628 -0.00705382 -0.404235
-0.402975 0.849731 -0.339952
-0.289882 0.708406 0.643529
-0.801534 -0.148379 0.579247
BONE = 12
BONE_NAME = Facial_Eyelid_Upper_L
PARENT_ID = 8
LOCALTM 
MAT 0.963597 0.267358 -0.000531852 0.0
MAT 0.241421 -0.869258 0.4314 0.0
MAT 0.114876 -0.415824 -0.902161 0.0
MAT 15.1994 4.67549 -7.80099 1.0
WORLDTM 
MAT 0.851717 -0.495931 -0.169207 0.0
MAT -0.441762 -0.505906 -0.740881 0.0
MAT 0.281824 0.70577 -0.649972 0.0
MAT 49.7834 111.327 -29.6139 1.0
VERTEX = 9
45.36 110.791 -37.5008
45.6058 111.216 -37.5931
45.9576 111.084 -37.2631
45.7117 110.659 -37.1708
47.5529 109.219 -40.1245
47.5775 109.261 -40.1337
47.6127 109.248 -40.1007
47.5881 109.206 -40.0915
45.5305 111.051 -37.1999
INDEX = 14
4 5 7
6 7 5
1 2 5
6 5 2
0 1 4
5 4 1
7 6 3
2 3 6
4 7 0
3 0 7
8 1 0
8 2 1
8 3 2
8 0 3
FACE-NORMAL = 14
0.513068 -0.454444 -0.728177
0.513068 -0.454444 -0.728177
0.521591 0.822205 -0.227864
0.521591 0.822205 -0.227864
-0.671533 0.235683 -0.702493
-0.671533 0.235683 -0.702493
0.732991 -0.290118 0.615269
0.732991 -0.290118 0.615269
-0.460134 -0.87664 0.14064
-0.460134 -0.87664 0.14064
-0.860261 0.507573 0.0481618
-0.0150778 0.923052 0.384379
0.134673 0.135107 0.981636
-0.710511 -0.280372 0.645419
BONE = 13
BONE_NAME = Facial_Eyelid_Upper_R
PARENT_ID = 8
LOCALTM 
MAT 0.922143 -0.385321 -0.0343609 0.0
MAT -0.386842 -0.917939 -0.0879815 0.0
MAT 0.00235993 0.0944238 -0.995529 0.0
MAT 15.3283 -4.02412 -7.69559 1.0
WORLDTM 
MAT 0.513068 -0.454444 -0.728177 0.0
MAT -0.703525 0.263373 -0.660066 0.0
MAT 0.491745 0.85095 -0.184584 0.0
MAT 45.5305 111.051 -37.1999 1.0
VERTEX = 9
43.0715 110.103 -30.9493
43.0092 109.61 -30.8952
42.834 109.581 -31.3626
42.8963 110.074 -31.4167
46.4456 109.289 -32.4044
46.4393 109.24 -32.399
46.4218 109.237 -32.4457
46.428 109.286 -32.4511
42.7207 109.88 -31.0714
INDEX = 14
4 5 7
6 7 5
1 2 5
6 5 2
0 1 4
5 4 1
7 6 3
2 3 6
4 7 0
3 0 7
8 1 0
8 2 1
8 3 2
8 0 3
FACE-NORMAL = 14
0.928249 -0.154339 -0.338427
0.928249 -0.154339 -0.338427
-0.0687264 -0.993771 0.0877306
-0.0687264 -0.993771 0.0877306
0.405454 0.0489336 0.912805
0.405454 0.0489336 0.912805
-0.294264 -0.0674211 -0.953343
-0.294264 -0.0674211 -0.953343
0.179916 0.975283 -0.128269
0.179916 0.975283 -0.128269
-0.408539 0.150346 0.900274
-0.744438 -0.588283 0.315809
-0.904204 0.0679228 -0.421665
-0.568305 0.806552 0.1628
BONE = 14
BONE_NAME = Facial_Lip_Upper
PARENT_ID = 8
LOCALTM 
MAT 0.913952 0.162822 -0.371726 0.0
MAT -0.158024 0.986474 0.0435625 0.0
MAT 0.373791 0.0189275 0.92732 0.0
MAT 11.2856 -0.10368 -3.80826 1.0
WORLDTM 
MAT 0.928249 -0.154339 -0.338427 0.0
MAT 0.350488 0.058282 0.934751 0.0
MAT -0.124545 -0.986297 0.108194 0.0
MAT 42.7207 109.88 -31.0714 1.0
VERTEX = 9
41.9646 109.195 -30.9504
42.3663 109.465 -31.0765
42.5254 109.449 -30.6027
42.1238 109.18 -30.4767
44.1047 106.154 -31.5316
44.1449 106.181 -31.5443
44.1608 106.18 -31.4969
44.1206 106.153 -31.4843
42.1192 109.533 -30.7274
INDEX = 14
4 5 7
6 7 5
1 2 5
6 5 2
0 1 4
5 4 1
7 6 3
2 3 6
4 7 0
3 0 7
8 1 0
8 2 1
8 3 2
8 0 3
FACE-NORMAL = 14
0.50339 -0.841368 -0.19672
0.50339 -0.841368 -0.19672
0.832031 0.488205 -0.263401
0.832031 0.488205 -0.263401
-0.287507 -0.0193082 -0.957584
-0.287507 -0.0193082 -0.957584
0.347805 -0.0814748 0.93402
0.347805 -0.0814748 0.93402
-0.771733 -0.588988 0.239837
-0.771733 -0.588988 0.239837
-0.580971 0.616956 -0.530884
0.212085 0.976467 -0.0391396
-0.13093 0.572918 0.809087
-0.923986 0.213407 0.317343
BONE = 15
BONE_NAME = Facial_Lip_Lower
PARENT_ID = 8
LOCALTM 
MAT 0.894315 0.0664587 0.442475 0.0
MAT 0.141012 -0.980376 -0.137759 0.0
MAT 0.424637 0.185594 -0.886137 0.0
MAT 10.8737 -0.106963 -3.15149 1.0
WORLDTM 
MAT 0.50339 -0.841368 -0.19672 0.0
MAT -0.318227 0.0311392 -0.947502 0.0
MAT 0.803324 0.539565 -0.252071 0.0
MAT 42.1192 109.533 -30.7274 1.0
VERTEX = 9
74.2245 173.285 -36.3518
74.2245 173.285 -35.8518
74.2245 172.785 -35.8518
74.2245 172.785 -36.3518
77.9745 173.06 -36.1268
77.9745 173.06 -36.0768
77.9745 173.01 -36.0768
77.9745 173.01 -36.1268
73.9745 173.035 -36.1018
INDEX = 14
4 5 7
6 7 5
1 2 5
6 5 2
0 1 4
5 4 1
7 6 3
2 3 6
4 7 0
3 0 7
8 1 0
8 2 1
8 3 2
8 0 3
FACE-NORMAL = 14
1.0 -4.47035e-007 0.0
1.0 -4.47035e-007 0.0
0.059892 -6.21751e-007 0.998205
0.059892 -6.21751e-007 0.998205
0.0598929 0.998205 8.06342e-007
0.0598929 0.998205 8.06342e-007
0.0598917 -0.998205 -8.00094e-007
0.0598917 -0.998205 -8.00094e-007
0.0598926 5.68203e-007 -0.998205
0.0598926 5.68203e-007 -0.998205
-0.707106 0.707107 5.32104e-007
-0.707107 0.0 0.707107
-0.707107 -0.707106 -6.05861e-007
-0.707107 7.3757e-007 -0.707107
BONE = 16
BONE_NAME = FxTop
PARENT_ID = 8
LOCALTM 
MAT 0.746436 0.49453 -0.445279 0.0
MAT -0.518938 0.0136963 -0.854703 0.0
MAT -0.416577 0.869053 0.266854 0.0
MAT 3.93701 11.8455 -73.0455 1.0
WORLDTM 
MAT 1.0 -4.47035e-007 0.0 0.0
MAT 5.66244e-007 1.0 8.04663e-007 0.0
MAT -3.09199e-007 -5.96046e-007 1.0 0.0
MAT 73.9745 173.035 -36.1018 1.0
VERTEX = 9
33.1967 114.804 0.610999
33.1995 115.057 1.04186
32.953 114.683 1.26376
32.9501 114.429 0.832905
59.874 101.589 8.47658
59.8743 101.615 8.51966
59.8496 101.577 8.54185
59.8494 101.552 8.49877
32.8573 114.85 0.875903
INDEX = 14
4 5 7
6 7 5
1 2 5
6 5 2
0 1 4
5 4 1
7 6 3
2 3 6
4 7 0
3 0 7
8 1 0
8 2 1
8 3 2
8 0 3
FACE-NORMAL = 14
0.869971 -0.427407 0.245913
0.869971 -0.427407 0.245913
0.012035 0.50422 0.863491
0.012035 0.50422 0.863491
0.499414 0.74513 -0.442003
0.499414 0.74513 -0.442003
-0.4867 -0.751376 0.445597
-0.4867 -0.751376 0.445597
0.000679123 -0.510467 -0.859897
0.000679123 -0.510467 -0.859897
-0.266509 0.831332 -0.48771
-0.611147 0.660978 0.435439
-0.963816 -0.226886 0.139936
-0.619178 -0.056533 -0.783213
BONE = 17
BONE_NAME = Bip01-L-Clavicle
PARENT_ID = 6
LOCALTM 
MAT 0.281349 0.879431 0.383985 0.0
MAT 0.959605 -0.257538 -0.113279 0.0
MAT -0.000730276 0.400344 -0.916365 0.0
MAT 4.10205 6.70902 0.850014 1.0
WORLDTM 
MAT 0.869971 -0.427407 0.245913 0.0
MAT 0.49307 0.748273 -0.443812 0.0
MAT 0.00567809 0.507357 0.861717 0.0
MAT 32.8573 114.85 0.875903 1.0
VERTEX = 9
59.862 101.412 8.11146
60.2581 101.617 8.33782
60.1452 101.37 8.75804
59.7492 101.166 8.53168
88.4995 62.7926 -6.57069
88.5391 62.813 -6.54806
88.5279 62.7884 -6.50604
88.4883 62.7679 -6.52867
59.8618 101.583 8.50921
INDEX = 14
4 5 7
6 7 5
1 2 5
6 5 2
0 1 4
5 4 1
7 6 3
2 3 6
4 7 0
3 0 7
8 1 0
8 2 1
8 3 2
8 0 3
FACE-NORMAL = 14
0.567143 -0.767874 -0.297856
0.567143 -0.767874 -0.297856
0.794625 0.40598 0.451389
0.794625 0.40598 0.451389
0.228226 0.489249 -0.841753
0.228226 0.489249 -0.841753
-0.223149 -0.496123 0.839087
-0.223149 -0.496123 0.839087
-0.789548 -0.412854 -0.454056
-0.789548 -0.412854 -0.454056
-0.241444 0.891354 -0.383657
0.159065 0.832473 0.530742
-0.560617 0.194584 0.804888
-0.961126 0.253465 -0.10951
BONE = 18
BONE_NAME = Bip01-L-UpperArm
PARENT_ID = 17
LOCALTM 
MAT 0.748346 -0.162746 -0.643033 0.0
MAT -0.220909 0.852941 -0.472961 0.0
MAT 0.625441 0.49599 0.602343 0.0
MAT 31.0407 7.62939e-006 7.62939e-006 1.0
WORLDTM 
MAT 0.567143 -0.767874 -0.297856 0.0
MAT 0.22569 0.492691 -0.840428 0.0
MAT 0.792094 0.409421 0.452727 0.0
MAT 59.8618 101.583 8.50921 1.0
VERTEX = 9
88.2822 63.1148 -6.70782
88.381 62.6809 -6.93571
88.2681 62.4345 -6.5155
88.1694 62.8685 -6.28761
46.518 60.0469 -19.4541
46.5278 60.0035 -19.4768
46.5166 59.9789 -19.4348
46.5067 60.0222 -19.412
88.5137 62.7905 -6.53837
INDEX = 14
4 5 7
6 7 5
1 2 5
6 5 2
0 1 4
5 4 1
7 6 3
2 3 6
4 7 0
3 0 7
8 1 0
8 2 1
8 3 2
8 0 3
FACE-NORMAL = 14
-0.953976 -0.063095 -0.29317
-0.953976 -0.063095 -0.29317
0.192562 -0.868227 -0.457276
0.192562 -0.868227 -0.457276
0.220783 0.49236 -0.841924
0.220783 0.49236 -0.841924
-0.23059 -0.493009 0.83891
-0.23059 -0.493009 0.83891
-0.20237 0.867578 0.454263
-0.20237 0.867578 0.454263
0.834149 0.393 -0.38697
0.814195 -0.569093 -0.11498
0.514977 -0.30377 0.801575
0.534932 0.658323 0.529584
BONE = 19
BONE_NAME = Bip01-L-Forearm
PARENT_ID = 18
LOCALTM 
MAT -0.40527 0.0 -0.914197 0.0
MAT 0.0 1.0 0.0 0.0
MAT 0.914197 0.0 -0.40527 0.0
MAT 50.5197 0.0 -1.52588e-005 1.0
WORLDTM 
MAT -0.953976 -0.063095 -0.29317 0.0
MAT 0.22569 0.492691 -0.840428 0.0
MAT 0.197469 -0.867914 -0.455776 0.0
MAT 88.5137 62.7905 -6.53837 1.0
VERTEX = 9
46.2865 59.7083 -19.2406
46.3457 60.1792 -19.0833
46.2591 60.345 -19.547
46.1999 59.8741 -19.7043
40.5551 60.3182 -18.1944
40.561 60.3653 -18.1786
40.5523 60.3818 -18.225
40.5464 60.3347 -18.2407
46.5173 60.0129 -19.4444
INDEX = 14
4 5 7
6 7 5
1 2 5
6 5 2
0 1 4
5 4 1
7 6 3
2 3 6
4 7 0
3 0 7
8 1 0
8 2 1
8 3 2
8 0 3
FACE-NORMAL = 14
-0.977734 0.0552721 0.202439
-0.977734 0.0552721 0.202439
0.080712 0.94324 0.322156
0.080712 0.94324 0.322156
0.135561 -0.329198 0.93448
0.135561 -0.329198 0.93448
-0.210724 0.333447 -0.918917
-0.210724 0.333447 -0.918917
-0.155875 -0.93899 -0.306594
-0.155875 -0.938991 -0.306594
0.813883 -0.273537 0.512613
0.77507 0.626878 0.0793149
0.568841 0.19537 -0.798905
0.607654 -0.705044 -0.365608
BONE = 20
BONE_NAME = Bip01-L-Hand
PARENT_ID = 19
LOCALTM 
MAT 0.869898 -0.363568 -0.33331 0.0
MAT -0.416257 -0.903655 -0.100691 0.0
MAT -0.264589 0.226334 -0.937425 0.0
MAT 44.0225 -3.8147e-006 0.0 1.0
WORLDTM 
MAT -0.977734 0.0552721 0.202439 0.0
MAT 0.17327 -0.331567 0.927383 0.0
MAT 0.118381 0.941812 0.314608 0.0
MAT 46.5173 60.0129 -19.4444 1.0
VERTEX = 9
41.2691 58.1985 -22.8729
41.2376 58.1609 -22.3753
41.4013 58.6311 -22.3294
41.4328 58.6687 -22.827
31.6533 61.7949 -22.983
31.6501 61.7912 -22.9333
31.6665 61.8382 -22.9287
31.6697 61.8419 -22.9784
41.5709 58.3319 -22.5925
INDEX = 14
4 5 7
6 7 5
1 2 5
6 5 2
0 1 4
5 4 1
7 6 3
2 3 6
4 7 0
3 0 7
8 1 0
8 2 1
8 3 2
8 0 3
FACE-NORMAL = 14
-0.942825 0.33149 -0.0345674
-0.942825 0.33149 -0.0345674
-0.0835759 -0.0679065 0.994185
-0.0835759 -0.0679065 0.994185
-0.347882 -0.932965 -0.0924866
-0.347882 -0.932965 -0.0924866
0.306548 0.947498 0.0909712
0.306548 0.947498 0.0909712
0.042242 0.0824392 -0.9957
0.042242 0.0824392 -0.9957
0.435246 -0.899403 -0.0404349
0.622184 -0.287567 0.728143
0.89811 0.430605 0.0893206
0.711172 -0.181231 -0.679257
BONE = 21
BONE_NAME = Bip01-L-Finger0
PARENT_ID = 20
LOCALTM 
MAT 0.933156 -0.305333 0.189714 0.0
MAT 0.249451 0.170027 -0.953344 0.0
MAT 0.258831 0.936944 0.234827 0.0
MAT 4.10602 -3.21917 -3.15909 1.0
WORLDTM 
MAT -0.942825 0.33149 -0.0345674 0.0
MAT -0.327294 -0.940458 -0.091751 0.0
MAT -0.0629241 -0.0751909 0.995182 0.0
MAT 41.5709 58.3319 -22.5925 1.0
VERTEX = 9
31.2645 61.7014 -23.0897
31.4628 61.589 -22.6447
31.6264 62.0592 -22.5988
31.4282 62.1716 -23.0438
23.8038 64.1284 -18.9008
23.8236 64.1172 -18.8563
23.8399 64.1642 -18.8517
23.8201 64.1754 -18.8962
31.6599 61.8165 -22.9559
INDEX = 14
4 5 7
6 7 5
1 2 5
6 5 2
0 1 4
5 4 1
7 6 3
2 3 6
4 7 0
3 0 7
8 1 0
8 2 1
8 3 2
8 0 3
FACE-NORMAL = 14
-0.857728 0.254949 0.446436
-0.857728 0.254949 0.446436
0.374629 -0.218289 0.901112
0.374629 -0.218289 0.901112
-0.348895 -0.933705 -0.0804238
-0.348895 -0.933705 -0.0804238
0.305483 0.946608 0.103019
0.305483 0.946608 0.103019
-0.418041 0.231192 -0.878517
-0.418041 0.231192 -0.878517
0.375073 -0.84528 -0.380555
0.886846 -0.339242 0.313718
0.837937 0.484728 -0.2508
0.326164 -0.0213093 -0.945073
BONE = 22
BONE_NAME = Bip01-L-Finger01
PARENT_ID = 21
LOCALTM 
MAT 0.877768 0.0 0.479086 0.0
MAT 0.0 1.0 0.0 0.0
MAT -0.479086 0.0 0.877768 0.0
MAT 10.512 1.52588e-005 3.8147e-006 1.0
WORLDTM 
MAT -0.857728 0.254949 0.446436 0.0
MAT -0.327294 -0.940458 -0.091751 0.0
MAT 0.396462 -0.224813 0.890099 0.0
MAT 31.6599 61.8165 -22.9559 1.0
VERTEX = 9
23.4347 64.0025 -18.7462
23.8756 63.8331 -18.5821
24.0392 64.3033 -18.5363
23.5983 64.4728 -18.7003
20.0338 64.4241 -8.48363
20.0779 64.4072 -8.46723
20.0942 64.4542 -8.46264
20.0502 64.4712 -8.47905
23.8219 64.1463 -18.8763
INDEX = 14
4 5 7
6 7 5
1 2 5
6 5 2
0 1 4
5 4 1
7 6 3
2 3 6
4 7 0
3 0 7
8 1 0
8 2 1
8 3 2
8 0 3
FACE-NORMAL = 14
-0.339618 0.0264677 0.940191
-0.339618 0.0264677 0.940191
0.874527 -0.338255 0.347543
0.874527 -0.338255 0.347543
-0.334287 -0.939704 -0.072175
-0.334287 -0.939704 -0.072175
0.320159 0.940805 0.111287
0.320159 0.940805 0.111287
-0.888655 0.339356 -0.308431
-0.888655 0.339356 -0.308431
0.0087143 -0.683719 -0.729693
0.86366 -0.258339 -0.432843
0.471578 0.646289 -0.599938
-0.383368 0.220908 -0.896788
BONE = 23
BONE_NAME = Bip01-L-Finger02
PARENT_ID = 22
LOCALTM 
MAT 0.717782 0.0 0.696268 0.0
MAT 0.0 1.0 0.0 0.0
MAT -0.696268 0.0 0.717782 0.0
MAT 9.13816 -7.62939e-006 3.8147e-006 1.0
WORLDTM 
MAT -0.339618 0.0264677 0.940191 0.0
MAT -0.327294 -0.940458 -0.091751 0.0
MAT 0.881781 -0.338879 0.328058 0.0
MAT 23.8219 64.1463 -18.8763 1.0
VERTEX = 9
19.6768 64.2954 -8.34304
20.1177 64.126 -8.17901
20.2814 64.5962 -8.13314
19.8405 64.7656 -8.29717
18.6753 64.53 -4.72286
18.7194 64.5131 -4.70646
18.7358 64.5601 -4.70187
18.6917 64.577 -4.71828
20.064 64.4392 -8.47314
INDEX = 14
4 5 7
6 7 5
1 2 5
6 5 2
0 1 4
5 4 1
7 6 3
2 3 6
4 7 0
3 0 7
8 1 0
8 2 1
8 3 2
8 0 3
FACE-NORMAL = 14
-0.339618 0.0264677 0.940191
-0.339618 0.0264677 0.940191
0.859858 -0.336686 0.38378
0.859858 -0.336686 0.38378
-0.347047 -0.937184 -0.0352761
-0.347047 -0.937184 -0.0352761
0.306366 0.940355 0.147896
0.306366 0.940355 0.147896
-0.900539 0.339856 -0.271159
-0.900539 0.339856 -0.271159
0.00871426 -0.683719 -0.729693
0.86366 -0.258339 -0.432843
0.471578 0.646289 -0.599938
-0.383368 0.220908 -0.896788
BONE = 24
BONE_NAME = Bip01-L-Finger0Nub
PARENT_ID = 23
LOCALTM 
MAT 1.0 0.0 0.0 0.0
MAT 0.0 1.0 0.0 0.0
MAT 0.0 0.0 1.0 0.0
MAT 11.0649 0.0 -9.53674e-007 1.0
WORLDTM 
MAT -0.339618 0.0264677 0.940191 0.0
MAT -0.327294 -0.940458 -0.091751 0.0
MAT 0.881781 -0.338879 0.328058 0.0
MAT 20.064 64.4392 -8.47314 1.0
VERTEX = 9
30.622 54.4243 -20.6562
30.761 54.8823 -20.5116
30.5989 55.0687 -20.9464
30.4599 54.6107 -21.091
20.9778 56.2907 -16.5193
20.9917 56.3365 -16.5048
20.9755 56.3552 -16.5483
20.9616 56.3094 -16.5627
30.8365 54.7095 -20.9014
INDEX = 14
4 5 7
6 7 5
1 2 5
6 5 2
0 1 4
5 4 1
7 6 3
2 3 6
4 7 0
3 0 7
8 1 0
8 2 1
8 3 2
8 0 3
FACE-NORMAL = 14
-0.904246 0.147971 0.400554
-0.904246 0.147971 0.400554
0.258844 0.918938 0.297578
0.258844 0.918938 0.297578
0.304959 -0.369641 0.877705
0.304959 -0.369641 0.877705
-0.343144 0.375889 -0.86079
-0.343144 0.375889 -0.86079
-0.297028 -0.91269 -0.280663
-0.297028 -0.91269 -0.280663
0.868589 -0.368275 0.331553
0.835973 0.543091 -0.0787499
0.410208 0.159012 -0.898022
0.442824 -0.752354 -0.48772
BONE = 25
BONE_NAME = Bip01-L-Finger1
PARENT_ID = 20
LOCALTM 
MAT 0.973378 0.165726 0.158333 0.0
MAT -0.161506 0.986091 -0.0392494 0.0
MAT -0.162635 0.0126327 0.986605 0.0
MAT 14.7435 -2.30978 -7.30947 1.0
WORLDTM 
MAT -0.904246 0.147971 0.400554 0.0
MAT 0.324124 -0.372848 0.869441 0.0
MAT 0.277998 0.916018 0.289185 0.0
MAT 30.8365 54.7095 -20.9014 1.0
VERTEX = 9
20.741 56.2918 -16.1718
21.1655 56.5519 -16.2185
21.0034 56.7383 -16.6532
20.579 56.4782 -16.6065
16.2859 64.9091 -11.0743
16.3283 64.9351 -11.079
16.3121 64.9538 -11.1224
16.2697 64.9277 -11.1178
20.9766 56.323 -16.5338
INDEX = 14
4 5 7
6 7 5
1 2 5
6 5 2
0 1 4
5 4 1
7 6 3
2 3 6
4 7 0
3 0 7
8 1 0
8 2 1
8 3 2
8 0 3
FACE-NORMAL = 14
-0.417496 0.768339 0.485132
-0.417496 0.768339 0.485132
0.840153 0.5359 -0.083392
0.840153 0.5359 -0.083392
0.315482 -0.356991 0.879221
0.315482 -0.356991 0.879221
-0.332629 0.388548 -0.859295
-0.332629 0.388548 -0.859295
-0.8573 -0.504343 0.103317
-0.8573 -0.504343 0.103317
0.524404 -0.806941 0.271748
0.895481 -0.175438 -0.409066
0.066024 -0.279654 -0.957828
-0.305053 -0.911156 -0.277014
BONE = 26
BONE_NAME = Bip01-L-Finger11
PARENT_ID = 25
LOCALTM 
MAT 0.685533 0.0 0.728042 0.0
MAT 0.0 1.0 0.0 0.0
MAT -0.728042 0.0 0.685533 0.0
MAT 10.904 -3.8147e-006 1.52588e-005 1.0
WORLDTM 
MAT -0.417496 0.768339 0.485132 0.0
MAT 0.324124 -0.372848 0.869441 0.0
MAT 0.848906 0.520231 -0.0933745 0.0
MAT 20.9766 56.323 -16.5338 1.0
VERTEX = 9
16.1937 65.0829 -10.7066
16.6578 65.0568 -10.8908
16.4957 65.2432 -11.3255
16.0316 65.2693 -11.1413
18.4544 75.9273 -7.15768
18.5008 75.9247 -7.1761
18.4846 75.9434 -7.21958
18.4382 75.946 -7.20116
16.299 64.9314 -11.0984
INDEX = 14
4 5 7
6 7 5
1 2 5
6 5 2
0 1 4
5 4 1
7 6 3
2 3 6
4 7 0
3 0 7
8 1 0
8 2 1
8 3 2
8 0 3
FACE-NORMAL = 14
0.182733 0.926424 0.329162
0.182733 0.926424 0.329162
0.93156 -0.0342539 -0.361971
0.93156 -0.0342539 -0.361971
0.327598 -0.354855 0.875647
0.327598 -0.354855 0.875647
-0.320528 0.390701 -0.86291
-0.320528 0.390701 -0.86291
-0.924489 0.0701 0.374707
-0.924489 0.0701 0.374707
0.0999782 -0.918724 0.382035
0.527123 -0.691982 -0.493256
-0.358402 -0.391437 -0.84754
-0.785547 -0.618179 0.0277514
BONE = 27
BONE_NAME = Bip01-L-Finger12
PARENT_ID = 26
LOCALTM 
MAT 0.795204 -1.49012e-007 0.606343 0.0
MAT 0.0 1.0 0.0 0.0
MAT -0.606343 0.0 0.795204 0.0
MAT 11.204 0.0 -3.8147e-006 1.0
WORLDTM 
MAT 0.182733 0.926424 0.329162 0.0
MAT 0.324124 -0.372848 0.869441 0.0
MAT 0.928198 -0.0521867 -0.368408 0.0
MAT 16.299 64.9314 -11.0984 1.0
VERTEX = 9
18.3641 76.0868 -6.79688
18.8282 76.0607 -6.98109
18.6662 76.2471 -7.41581
18.2021 76.2732 -7.2316
19.1853 79.633 -5.84104
19.2317 79.6304 -5.85946
19.2155 79.6491 -5.90293
19.1691 79.6517 -5.88451
18.4695 75.9354 -7.18863
INDEX = 14
4 5 7
6 7 5
1 2 5
6 5 2
0 1 4
5 4 1
7 6 3
2 3 6
4 7 0
3 0 7
8 1 0
8 2 1
8 3 2
8 0 3
FACE-NORMAL = 14
0.182733 0.926424 0.329162
0.182733 0.926424 0.329162
0.937476 0.00339264 -0.348032
0.937476 0.00339265 -0.348032
0.334486 -0.316693 0.887595
0.334486 -0.316693 0.887595
-0.312598 0.427664 -0.848166
-0.312598 0.427664 -0.848166
-0.915588 0.107579 0.387461
-0.915588 0.107579 0.387461
0.0999782 -0.918724 0.382035
0.527123 -0.691982 -0.493256
-0.358402 -0.391437 -0.84754
-0.785547 -0.618179 0.0277514
BONE = 28
BONE_NAME = Bip01-L-Finger1Nub
PARENT_ID = 27
LOCALTM 
MAT 1.0 0.0 0.0 0.0
MAT 0.0 1.0 0.0 0.0
MAT 0.0 0.0 1.0 0.0
MAT 11.8778 -1.90735e-006 -9.53674e-007 1.0
WORLDTM 
MAT 0.182733 0.926424 0.329162 0.0
MAT 0.324124 -0.372848 0.869441 0.0
MAT 0.928199 -0.0521867 -0.368408 0.0
MAT 18.4695 75.9354 -7.18863 1.0
VERTEX = 9
32.3333 51.3023 -14.1859
32.5777 51.7301 -14.2713
32.3726 51.7564 -14.7265
32.1282 51.3286 -14.6411
22.7479 57.9298 -9.73249
22.7724 57.9726 -9.74103
22.7519 57.9752 -9.78655
22.7274 57.9324 -9.77801
32.5454 51.4006 -14.5503
INDEX = 14
4 5 7
6 7 5
1 2 5
6 5 2
0 1 4
5 4 1
7 6 3
2 3 6
4 7 0
3 0 7
8 1 0
8 2 1
8 3 2
8 0 3
FACE-NORMAL = 14
-0.770009 0.515035 0.376597
-0.770009 0.515035 0.376597
0.474773 0.864707 -0.16393
0.474773 0.864707 -0.16393
0.396186 -0.0432793 0.91715
0.396186 -0.0432793 0.91715
-0.423966 0.0618601 -0.903563
-0.423966 0.0618601 -0.903563
-0.502552 -0.846126 0.177517
-0.502552 -0.846126 0.177517
0.834493 -0.401363 0.37753
0.890072 0.240785 -0.387034
0.254464 -0.327006 -0.910118
0.198886 -0.969153 -0.145555
BONE = 29
BONE_NAME = Bip01-L-Finger2
PARENT_ID = 20
LOCALTM 
MAT 0.857569 0.0450613 0.512391 0.0
MAT -0.219594 0.932886 0.285486 0.0
MAT -0.465138 -0.357342 0.80991 0.0
MAT 14.1755 4.97335 -8.22542 1.0
WORLDTM 
MAT -0.770009 0.515035 0.376597 0.0
MAT 0.410142 -0.0525782 0.910504 0.0
MAT 0.488742 0.855556 -0.170751 0.0
MAT 32.5454 51.4006 -14.5503 1.0
VERTEX = 9
22.5527 58.0617 -9.38981
22.9712 58.2706 -9.56629
22.7662 58.2969 -10.0215
22.3476 58.088 -9.84506
18.1356 69.479 -6.98791
18.1775 69.4999 -7.00556
18.1569 69.5025 -7.05108
18.1151 69.4817 -7.03343
22.7499 57.9525 -9.75952
INDEX = 14
4 5 7
6 7 5
1 2 5
6 5 2
0 1 4
5 4 1
7 6 3
2 3 6
4 7 0
3 0 7
8 1 0
8 2 1
8 3 2
8 0 3
FACE-NORMAL = 14
-0.361881 0.907001 0.215388
-0.361881 0.907001 0.215388
0.830489 0.434128 -0.349029
0.830489 0.434128 -0.349029
0.403548 -0.0362087 0.914242
0.403548 -0.0362087 0.914242
-0.416604 0.0689304 -0.906471
-0.416604 0.0689304 -0.906471
-0.843544 -0.401406 0.3568
-0.843544 -0.401406 0.3568
0.545903 -0.678525 0.491522
0.847845 -0.345893 -0.401891
-0.034126 -0.604168 -0.796126
-0.336068 -0.9368 0.0972866
BONE = 30
BONE_NAME = Bip01-L-Finger21
PARENT_ID = 29
LOCALTM 
MAT 0.826903 -1.86265e-007 0.562345 0.0
MAT 0.0 1.0 0.0 0.0
MAT -0.562345 0.0 0.826903 0.0
MAT 12.7213 -4.52995e-006 0.0 1.0
WORLDTM 
MAT -0.361881 0.907001 0.215388 0.0
MAT 0.410142 -0.0525781 0.910504 0.0
MAT 0.837153 0.417835 -0.352972 0.0
MAT 22.7499 57.9525 -9.75952 1.0
VERTEX = 9
18.2463 69.8305 -6.77035
18.5712 69.4888 -6.93647
18.3662 69.5151 -7.39172
18.0412 69.8568 -7.2256
27.8672 80.574 -10.7309
27.8997 80.5398 -10.7475
27.8792 80.5424 -10.793
27.8467 80.5766 -10.7764
18.1463 69.4908 -7.01949
INDEX = 14
4 5 7
6 7 5
1 2 5
6 5 2
0 1 4
5 4 1
7 6 3
2 3 6
4 7 0
3 0 7
8 1 0
8 2 1
8 3 2
8 0 3
FACE-NORMAL = 14
0.639837 0.728014 -0.246178
0.639837 0.728014 -0.246178
0.659469 -0.672512 -0.335898
0.659469 -0.672512 -0.335898
0.419723 -0.0416183 0.906697
0.419723 -0.0416183 0.906697
-0.400469 0.0635262 -0.914106
-0.400469 0.0635262 -0.914106
-0.640215 0.69442 0.32849
-0.640215 0.69442 0.32849
-0.162419 -0.551962 0.817898
0.00712654 -0.998122 -0.0608487
-0.742448 -0.477605 -0.46975
-0.911994 -0.0314454 0.408997
BONE = 31
BONE_NAME = Bip01-L-Finger22
PARENT_ID = 30
LOCALTM 
MAT 0.37574 0.0 0.926725 0.0
MAT 0.0 1.0 0.0 0.0
MAT -0.926725 0.0 0.37574 0.0
MAT 12.7214 5.48363e-006 0.0 1.0
WORLDTM 
MAT 0.639838 0.728014 -0.246178 0.0
MAT 0.410142 -0.0525782 0.910504 0.0
MAT 0.649916 -0.683544 -0.332231 0.0
MAT 18.1463 69.4908 -7.01949 1.0
VERTEX = 9
27.9732 80.8979 -10.5128
28.2982 80.5562 -10.6789
28.0931 80.5824 -11.1342
27.7681 80.9242 -10.968
30.4265 83.486 -11.7156
30.459 83.4518 -11.7322
30.4385 83.4545 -11.7777
30.406 83.4886 -11.7611
27.8732 80.5582 -10.7619
INDEX = 14
4 5 7
6 7 5
1 2 5
6 5 2
0 1 4
5 4 1
7 6 3
2 3 6
4 7 0
3 0 7
8 1 0
8 2 1
8 3 2
8 0 3
FACE-NORMAL = 14
0.639837 0.728014 -0.246178
0.639837 0.728014 -0.246178
0.68707 -0.638714 -0.346379
0.68707 -0.638714 -0.346379
0.447728 -0.00888139 0.894126
0.447728 -0.00888137 0.894126
-0.371085 0.0960862 -0.923614
-0.371085 0.0960862 -0.923614
-0.610428 0.725919 0.316891
-0.610428 0.725919 0.316891
-0.162419 -0.551962 0.817898
0.00712654 -0.998122 -0.0608487
-0.742448 -0.477605 -0.46975
-0.911994 -0.0314454 0.408997
BONE = 32
BONE_NAME = Bip01-L-Finger2Nub
PARENT_ID = 31
LOCALTM 
MAT 1.0 0.0 0.0 0.0
MAT 0.0 1.0 0.0 0.0
MAT 0.0 0.0 1.0 0.0
MAT 15.2022 1.66893e-006 7.62939e-006 1.0
WORLDTM 
MAT 0.639838 0.728014 -0.246178 0.0
MAT 0.410142 -0.0525782 0.910504 0.0
MAT 0.649916 -0.683544 -0.332231 0.0
MAT 27.8732 80.5582 -10.7619 1.0
VERTEX = 9
32.9858 51.9492 -7.02414
33.1825 52.3348 -7.2745
32.9584 52.1774 -7.69287
32.7617 51.7919 -7.44251
24.4206 57.9492 -4.9633
24.4402 57.9877 -4.98833
24.4178 57.972 -5.03017
24.3981 57.9334 -5.00514
33.1728 51.9249 -7.41393
INDEX = 14
4 5 7
6 7 5
1 2 5
6 5 2
0 1 4
5 4 1
7 6 3
2 3 6
4 7 0
3 0 7
8 1 0
8 2 1
8 3 2
8 0 3
FACE-NORMAL = 14
-0.802788 0.553525 0.221679
-0.802788 0.553525 0.221679
0.376341 0.782573 -0.495931
0.376341 0.782573 -0.495931
0.43104 0.326389 0.841234
0.43104 0.326389 0.841234
-0.46494 -0.303014 -0.831873
-0.46494 -0.303014 -0.831873
-0.410241 -0.759198 0.505292
-0.410241 -0.759198 0.505292
0.884504 -0.168824 0.434914
0.845818 0.153819 -0.510815
0.250809 -0.613978 -0.748415
0.289496 -0.936621 0.197314
BONE = 33
BONE_NAME = Bip01-L-Finger3
PARENT_ID = 20
LOCALTM 
MAT 0.860384 -0.117049 0.496023 0.0
MAT -0.251325 0.749252 0.612745 0.0
MAT -0.443368 -0.651859 0.615227 0.0
MAT 15.0357 11.5264 -5.41215 1.0
WORLDTM 
MAT -0.802788 0.553525 0.221679 0.0
MAT 0.44809 0.314771 0.83674 0.0
MAT 0.393379 0.771058 -0.500723 0.0
MAT 33.1728 51.9249 -7.41393 1.0
VERTEX = 9
24.2165 58.0645 -4.6285
24.5023 58.3739 -4.89794
24.2782 58.2165 -5.31631
23.9924 57.9072 -5.04687
16.1889 66.5682 -3.79747
16.2175 66.5991 -3.82441
16.1951 66.5834 -3.86625
16.1665 66.5524 -3.8393
24.4192 57.9606 -4.99674
INDEX = 14
4 5 7
6 7 5
1 2 5
6 5 2
0 1 4
5 4 1
7 6 3
2 3 6
4 7 0
3 0 7
8 1 0
8 2 1
8 3 2
8 0 3
FACE-NORMAL = 14
-0.687354 0.719773 0.0973224
-0.687354 0.719773 0.0973224
0.558329 0.632449 -0.536914
0.558329 0.632449 -0.536914
0.434813 0.32853 0.838454
0.434813 0.32853 0.838454
-0.461202 -0.300897 -0.834718
-0.461202 -0.300897 -0.834718
-0.584718 -0.604816 0.540651
-0.584718 -0.604816 0.540651
0.802881 -0.286379 0.522848
0.890235 -0.0714363 -0.449864
0.169185 -0.731533 -0.660482
0.0818303 -0.946476 0.31223
BONE = 34
BONE_NAME = Bip01-L-Finger31
PARENT_ID = 33
LOCALTM 
MAT 0.971786 0.0 0.235864 0.0
MAT 0.0 1.0 0.0 0.0
MAT -0.235864 0.0 0.971786 0.0
MAT 10.904 0.0 7.62939e-006 1.0
WORLDTM 
MAT -0.687354 0.719773 0.0973224 0.0
MAT 0.44809 0.314771 0.83674 0.0
MAT 0.571629 0.618746 -0.538882 0.0
MAT 24.4192 57.9606 -4.99674 1.0
VERTEX = 9
15.9933 66.7699 -3.49971
16.362 66.9696 -3.77221
16.1379 66.8122 -4.19059
15.7693 66.6125 -3.91808
9.42419 78.0867 -4.50794
9.46105 78.1067 -4.53519
9.43864 78.091 -4.57702
9.40178 78.071 -4.54977
16.192 66.5758 -3.83186
INDEX = 14
4 5 7
6 7 5
1 2 5
6 5 2
0 1 4
5 4 1
7 6 3
2 3 6
4 7 0
3 0 7
8 1 0
8 2 1
8 3 2
8 0 3
FACE-NORMAL = 14
-0.505649 0.8611 -0.0531496
-0.505649 0.8611 -0.0531496
0.728469 0.413988 -0.545845
0.728469 0.413988 -0.545845
0.439354 0.32949 0.835706
0.439354 0.32949 0.835706
-0.456694 -0.29996 -0.837529
-0.456694 -0.29996 -0.837529
-0.745809 -0.384458 0.544023
-0.745809 -0.384458 0.544023
0.674396 -0.386313 0.629247
0.878861 -0.326555 -0.347801
0.0407005 -0.831467 -0.554082
-0.163765 -0.891225 0.422966
BONE = 35
BONE_NAME = Bip01-L-Finger32
PARENT_ID = 34
LOCALTM 
MAT 0.962184 0.0 0.272401 0.0
MAT 0.0 1.0 0.0 0.0
MAT -0.272401 0.0 0.962184 0.0
MAT 11.9693 0.0 0.0 1.0
WORLDTM 
MAT -0.505649 0.8611 -0.0531496 0.0
MAT 0.44809 0.314771 0.83674 0.0
MAT 0.737248 0.399281 -0.545014 0.0
MAT 16.192 66.5758 -3.83186 1.0
VERTEX = 9
9.23271 78.283 -4.21033
9.60133 78.4826 -4.48284
9.37729 78.3252 -4.90121
9.00867 78.1256 -4.6287
7.40159 81.5311 -4.72053
7.43845 81.5511 -4.74779
7.41604 81.5354 -4.78962
7.37918 81.5154 -4.76237
9.43141 78.0888 -4.54248
INDEX = 14
4 5 7
6 7 5
1 2 5
6 5 2
0 1 4
5 4 1
7 6 3
2 3 6
4 7 0
3 0 7
8 1 0
8 2 1
8 3 2
8 0 3
FACE-NORMAL = 14
-0.505649 0.8611 -0.0531496
-0.505649 0.8611 -0.0531496
0.70564 0.450138 -0.547219
0.70564 0.450138 -0.547219
0.417001 0.36578 0.832055
0.417001 0.36578 0.832055
-0.47757 -0.262633 -0.838421
-0.47757 -0.262633 -0.838421
-0.766209 -0.346991 0.540852
-0.766209 -0.346991 0.540852
0.674396 -0.386313 0.629247
0.878861 -0.326555 -0.347801
0.0407005 -0.831467 -0.554082
-0.163765 -0.891225 0.422966
BONE = 36
BONE_NAME = Bip01-L-Finger3Nub
PARENT_ID = 35
LOCALTM 
MAT 1.0 0.0 0.0 0.0
MAT 0.0 1.0 1.19209e-007 0.0
MAT 0.0 0.0 1.0 0.0
MAT 13.3702 0.0 3.8147e-006 1.0
WORLDTM 
MAT -0.505649 0.8611 -0.0531496 0.0
MAT 0.44809 0.314771 0.83674 0.0
MAT 0.737247 0.399281 -0.545014 0.0
MAT 9.43141 78.0888 -4.54248 1.0
VERTEX = 9
37.3489 54.5246 -2.09573
