EXPORTER_V17
ANIMATION_EXPORT
BONEOBJECT_COUNT = 137
VERTEX = 9
0.25 0.25 -0.25
0.25 0.25 0.25
0.25 -0.25 0.25
0.25 -0.25 -0.25
4.0 0.025 -0.025
4.0 0.025 0.025
4.0 -0.025 0.025
4.0 -0.025 -0.025
0.0 0.0 0.0
INDEX = 14
4 5 7
6 7 5
1 2 5
6 5 2
0 1 4
5 4 1
7 6 3
2 3 6
4 7 0
3 0 7
8 1 0
8 2 1
8 3 2
8 0 3
FACE-NORMAL = 14
1.0 0.0 0.0
1.0 0.0 0.0
0.0598923 -1.29276e-006 0.998205
0.0598923 -1.29276e-006 0.998205
0.0598923 0.998205 1.29276e-006
0.0598923 0.998205 1.29276e-006
0.0598923 -0.998205 -1.29276e-006
0.0598923 -0.998205 -1.29276e-006
0.0598923 1.29276e-006 -0.998205
0.0598923 1.29276e-006 -0.998205
-0.707107 0.707107 9.15763e-007
-0.707107 -9.15763e-007 0.707107
-0.707107 -0.707107 -9.15763e-007
-0.707107 9.15763e-007 -0.707107
BONE = 0
BONE_NAME = Dummy_root
PARENT_ID = -1
LOCALTM 
MAT 1.0 0.0 0.0 0.0
MAT 0.0 1.0 1.29509e-006 0.0
MAT 0.0 -1.29509e-006 1.0 0.0
MAT 0.0 0.0 0.0 1.0
WORLDTM 
MAT 1.0 0.0 0.0 0.0
MAT 0.0 1.0 1.29509e-006 0.0
MAT 0.0 -1.29509e-006 1.0 0.0
MAT 0.0 0.0 0.0 1.0
VERTEX = 9
0.25 0.25 -0.25
0.25 0.25 0.25
0.25 -0.25 0.25
0.25 -0.25 -0.25
4.0 0.025 -0.025
4.0 0.025 0.025
4.0 -0.025 0.025
4.0 -0.025 -0.025
0.0 0.0 0.0
INDEX = 14
4 5 7
6 7 5
1 2 5
6 5 2
0 1 4
5 4 1
7 6 3
2 3 6
4 7 0
3 0 7
8 1 0
8 2 1
8 3 2
8 0 3
FACE-NORMAL = 14
1.0 0.0 0.0
1.0 0.0 0.0
0.0598923 -1.29276e-006 0.998205
0.0598923 -1.29276e-006 0.998205
0.0598923 0.998205 1.29276e-006
0.0598923 0.998205 1.29276e-006
0.0598923 -0.998205 -1.29276e-006
0.0598923 -0.998205 -1.29276e-006
0.0598923 1.29276e-006 -0.998205
0.0598923 1.29276e-006 -0.998205
-0.707107 0.707107 9.15763e-007
-0.707107 -9.15763e-007 0.707107
-0.707107 -0.707107 -9.15763e-007
-0.707107 9.15763e-007 -0.707107
BONE = 1
BONE_NAME = FxBottom
PARENT_ID = 0
LOCALTM 
MAT 1.0 0.0 0.0 0.0
MAT 0.0 1.0 0.0 0.0
MAT 0.0 0.0 1.0 0.0
MAT 0.0 0.0 0.0 1.0
WORLDTM 
MAT 1.0 0.0 0.0 0.0
MAT 0.0 1.0 1.29509e-006 0.0
MAT 0.0 -1.29509e-006 1.0 0.0
MAT 0.0 0.0 0.0 1.0
VERTEX = 9
-0.566505 57.5025 4.02937
-0.286391 57.4567 4.44099
-0.324894 56.959 4.41181
-0.605008 57.0048 4.00018
2.63504 57.1428 2.08398
2.66305 57.1383 2.12514
2.6592 57.0885 2.12222
2.63119 57.0931 2.08106
-0.651887 57.2384 4.36175
INDEX = 14
4 5 7
6 7 5
1 2 5
6 5 2
0 1 4
5 4 1
7 6 3
2 3 6
4 7 0
3 0 7
8 1 0
8 2 1
8 3 2
8 0 3
FACE-NORMAL = 14
0.824751 -0.0306913 -0.564663
0.824751 -0.0306913 -0.564663
0.608619 -0.0933002 0.787958
0.608619 -0.0933002 0.787958
0.126263 0.991695 0.0244512
0.126263 0.991695 0.0244512
-0.0274703 -0.995372 -0.0920891
-0.0274703 -0.995372 -0.0920891
-0.509827 0.0896238 -0.855596
-0.509827 0.0896238 -0.855596
-0.528736 0.7255 0.440554
-0.187046 -0.0430877 0.981406
-0.637638 -0.682096 0.357999
-0.979328 0.0864917 -0.182852
BONE = 2
BONE_NAME = Bip01
PARENT_ID = 0
LOCALTM 
MAT 0.824751 -0.030692 -0.564663 0.0
MAT 0.0770048 0.99532 0.0583736 0.0
MAT 0.560229 -0.0916254 0.823255 0.0
MAT -0.651887 57.2384 4.36168 1.0
WORLDTM 
MAT 0.824751 -0.0306913 -0.564663 0.0
MAT 0.0770048 0.99532 0.0583749 0.0
MAT 0.560229 -0.0916265 0.823255 0.0
MAT -0.651887 57.2384 4.36175 1.0
VERTEX = 9
-0.696237 57.4724 4.72339
-0.284545 57.4538 4.44026
-0.565094 57.5018 4.02917
-0.976786 57.5204 4.3123
1.20013 79.0156 5.66889
1.2413 79.0137 5.64058
1.21324 79.0185 5.59947
1.17207 79.0204 5.62778
-0.651887 57.2384 4.36175
INDEX = 14
4 5 7
6 7 5
1 2 5
6 5 2
0 1 4
5 4 1
7 6 3
2 3 6
4 7 0
3 0 7
8 1 0
8 2 1
8 3 2
8 0 3
FACE-NORMAL = 14
0.0848865 0.994694 0.0581155
0.0848865 0.994694 0.0581155
0.824223 -0.0268417 -0.565629
0.824223 -0.0268417 -0.565629
0.56195 -0.0855752 0.822733
0.56195 -0.0855752 0.822733
-0.560186 0.106254 -0.821524
-0.560186 0.106254 -0.821524
-0.822458 0.0475205 0.566837
-0.822458 0.0475205 0.566837
0.336732 -0.771181 0.54027
0.522197 -0.729647 -0.441503
-0.45678 -0.63553 -0.622458
-0.642245 -0.677063 0.359315
BONE = 3
BONE_NAME = Bip01-Pelvis
PARENT_ID = 2
LOCALTM 
MAT 0.00666613 0.999969 0.00425941 0.0
MAT 0.00146002 -0.0042694 0.99999 0.0
MAT 0.999977 -0.00666005 -0.00148849 0.0
MAT 0.0 0.0 0.0 1.0
WORLDTM 
MAT 0.0848866 0.994695 0.0581156 0.0
MAT 0.561098 -0.0959198 0.822173 0.0
MAT 0.823385 -0.0371831 -0.566264 0.0
MAT -0.651887 57.2384 4.36175 1.0
VERTEX = 9
3.54812 79.0237 4.34814
3.92705 78.8163 4.09634
3.68159 78.8893 3.66688
3.30266 79.0966 3.91869
13.1314 98.87 1.97908
13.1693 98.8492 1.9539
13.1447 98.8565 1.91095
13.1069 98.8773 1.93613
3.50744 78.7319 4.03078
INDEX = 14
4 5 7
6 7 5
1 2 5
6 5 2
0 1 4
5 4 1
7 6 3
2 3 6
4 7 0
3 0 7
8 1 0
8 2 1
8 3 2
8 0 3
FACE-NORMAL = 14
0.429679 0.898174 -0.0930579
0.429679 0.898174 -0.0930579
0.762197 -0.405599 -0.504524
0.762197 -0.405599 -0.504524
0.495256 -0.136737 0.857919
0.495256 -0.136737 0.857919
-0.486533 0.154972 -0.859808
-0.486533 0.154972 -0.859808
-0.753474 0.423834 0.502635
-0.753474 0.423834 0.502635
0.0433039 -0.738245 0.673141
0.23207 -0.928369 -0.290301
-0.650961 -0.531965 -0.541538
-0.839727 -0.341841 0.421905
BONE = 4
BONE_NAME = Bip01-Spine
PARENT_ID = 3
LOCALTM 
MAT 0.924474 0.0784298 0.37309 0.0
MAT -0.0534999 0.995616 -0.0767285 0.0
MAT -0.377472 0.0509732 0.924617 0.0
MAT 21.7133 2.0504e-005 2.81295 1.0
WORLDTM 
MAT 0.429679 0.898174 -0.0930579 0.0
MAT 0.49092 -0.145862 0.858908 0.0
MAT 0.757875 -0.414738 -0.503605 0.0
MAT 3.50744 78.7319 4.03078 1.0
VERTEX = 9
13.2309 99.1714 2.24607
13.5555 98.8786 2.00332
13.3129 98.965 1.57474
12.9883 99.2577 1.81749
25.3897 115.471 -1.61458
25.4222 115.442 -1.63885
25.3979 115.45 -1.68171
25.3655 115.48 -1.65744
13.1255 98.8701 1.9534
INDEX = 14
4 5 7
6 7 5
1 2 5
6 5 2
0 1 4
5 4 1
7 6 3
2 3 6
4 7 0
3 0 7
8 1 0
8 2 1
8 3 2
8 0 3
FACE-NORMAL = 14
0.585716 0.792068 -0.171945
0.585716 0.792068 -0.171945
0.655559 -0.576838 -0.487339
0.655559 -0.576838 -0.487339
0.491557 -0.164112 0.855242
0.491557 -0.164112 0.855242
-0.478823 0.181333 -0.85898
-0.478823 0.181333 -0.85898
-0.642824 0.59406 0.483601
-0.642824 0.59406 0.483601
-0.0710619 -0.682217 0.727688
0.0449117 -0.974076 -0.221716
-0.757265 -0.437937 -0.484522
-0.873239 -0.146077 0.464883
BONE = 5
BONE_NAME = Bip01-Spine1
PARENT_ID = 4
LOCALTM 
MAT 0.979085 0.024322 0.20199 0.0
MAT -0.0264213 0.999621 0.00770292 0.0
MAT -0.201726 -0.0128787 0.979357 0.0
MAT 22.4136 -4.76837e-007 -0.0166397 1.0
WORLDTM 
MAT 0.585716 0.792069 -0.171945 0.0
MAT 0.485219 -0.172733 0.857162 0.0
MAT 0.64923 -0.585484 -0.485499 0.0
MAT 13.1255 98.8701 1.9534 1.0
VERTEX = 9
25.6504 115.709 -1.39725
25.7922 115.353 -1.71752
25.4741 115.532 -2.05875
25.3323 115.889 -1.73848
39.4409 127.251 -8.50096
39.4551 127.215 -8.53299
39.4233 127.233 -8.56711
39.4091 127.269 -8.53508
25.3829 115.471 -1.63999
INDEX = 14
4 5 7
6 7 5
1 2 5
6 5 2
0 1 4
5 4 1
7 6 3
2 3 6
4 7 0
3 0 7
8 1 0
8 2 1
8 3 2
8 0 3
FACE-NORMAL = 14
0.717434 0.601123 -0.35205
0.717434 0.601123 -0.35205
0.291941 -0.706582 -0.644602
0.291941 -0.706582 -0.644602
0.644587 -0.352686 0.678322
0.644587 -0.352686 0.678322
-0.627889 0.366677 -0.686516
-0.627889 0.366677 -0.686516
-0.275243 0.720573 0.636408
-0.275243 0.720573 0.636408
-0.0573837 -0.679409 0.731512
-0.306759 -0.929668 -0.203999
-0.957221 -0.170708 -0.233638
-0.707846 0.0795513 0.701873
BONE = 6
BONE_NAME = Bip01-Spine2
PARENT_ID = 5
LOCALTM 
MAT 0.956876 -0.057485 0.284752 0.0
MAT -0.0295782 0.955851 0.292359 0.0
MAT -0.288987 -0.288174 0.912931 0.0
MAT 20.9459 0.0 -0.0167885 1.0
WORLDTM 
MAT 0.717434 0.601124 -0.35205 0.0
MAT 0.636281 -0.359706 0.682465 0.0
MAT 0.283611 -0.713626 -0.640549 0.0
MAT 25.3829 115.471 -1.63999 1.0
VERTEX = 9
27.3723 110.383 -20.3001
27.3336 109.954 -20.554
27.0024 110.166 -20.8625
27.0411 110.595 -20.6086
32.9109 112.495 -25.1561
32.907 112.452 -25.1815
32.8739 112.473 -25.2124
32.8778 112.516 -25.187
27.0011 110.202 -20.431
INDEX = 14
4 5 7
6 7 5
1 2 5
6 5 2
0 1 4
5 4 1
7 6 3
2 3 6
4 7 0
3 0 7
8 1 0
8 2 1
8 3 2
8 0 3
FACE-NORMAL = 14
0.745148 0.288634 -0.601203
0.745148 0.288634 -0.601203
-0.0554129 -0.849161 -0.525219
-0.0554129 -0.849161 -0.525219
0.684003 -0.416202 0.599096
0.684003 -0.416202 0.599096
-0.640225 0.433159 -0.634417
-0.640225 0.433159 -0.634417
0.0991904 0.866118 0.489899
0.0991904 0.866118 0.489899
-0.0585118 -0.50452 0.861415
-0.581583 -0.8108 0.0660611
-0.995287 0.0963289 -0.0111866
-0.472215 0.402609 0.784168
BONE = 7
BONE_NAME = Bip01-Neck
PARENT_ID = 6
LOCALTM 
MAT 0.919753 -0.0399995 0.390455 0.0
MAT 0.00260958 0.995395 0.0958248 0.0
MAT -0.392489 -0.0871162 0.915621 0.0
MAT 4.60931 -9.89953 16.2551 1.0
WORLDTM 
MAT 0.745148 0.288634 -0.601203 0.0
MAT 0.6624 -0.424864 0.617023 0.0
MAT -0.077335 -0.85801 -0.507778 0.0
MAT 27.0011 110.202 -20.431 1.0
VERTEX = 9
33.3142 112.57 -25.1376
33.0901 112.143 -25.0047
32.8431 112.138 -25.4394
33.0671 112.565 -25.5722
47.4748 102.327 -33.3142
47.4524 102.284 -33.3009
47.4277 102.284 -33.3444
47.4501 102.326 -33.3576
32.8924 112.484 -25.1843
INDEX = 14
4 5 7
6 7 5
1 2 5
6 5 2
0 1 4
5 4 1
7 6 3
2 3 6
4 7 0
3 0 7
8 1 0
8 2 1
8 3 2
8 0 3
FACE-NORMAL = 14
0.74498 -0.520862 -0.416782
0.74498 -0.520862 -0.416782
-0.439413 -0.859584 0.260829
-0.439413 -0.859584 0.260829
0.502803 0.00509953 0.864386
0.502803 0.00509953 0.864386
-0.485427 -0.0172478 -0.874107
-0.485427 -0.0172478 -0.874107
0.456788 0.847436 -0.27055
0.456788 0.847436 -0.27055
-0.177365 0.376206 0.909401
-0.843657 -0.235259 0.482593
-0.876197 0.360403 -0.319983
-0.209904 0.971869 0.106826
BONE = 8
BONE_NAME = Bip01-Head
PARENT_ID = 7
LOCALTM 
MAT 0.655352 0.457606 0.600924 0.0
MAT -0.15119 0.858958 -0.489217 0.0
MAT -0.740037 0.229756 0.632105 0.0
MAT 7.90626 3.8147e-006 7.62939e-006 1.0
WORLDTM 
MAT 0.744981 -0.520862 -0.416782 0.0
MAT 0.494149 0.0111744 0.869306 0.0
MAT -0.448131 -0.853568 0.265708 0.0
MAT 32.8924 112.484 -25.1843 1.0
VERTEX = 9
47.873 102.391 -33.2826
47.649 101.964 -33.1497
47.4019 101.959 -33.5844
47.626 102.386 -33.7172
50.4547 100.243 -34.9813
50.4323 100.201 -34.968
50.4076 100.2 -35.0115
50.43 100.243 -35.0248
47.4512 102.305 -33.3293
INDEX = 14
4 5 7
6 7 5
1 2 5
6 5 2
0 1 4
5 4 1
7 6 3
2 3 6
4 7 0
3 0 7
8 1 0
8 2 1
8 3 2
8 0 3
FACE-NORMAL = 14
0.74498 -0.520862 -0.416782
0.74498 -0.520862 -0.416782
-0.402708 -0.883231 0.240269
-0.402708 -0.883231 0.240269
0.53788 -0.0200412 0.842783
0.53788 -0.0200412 0.842783
-0.448643 -0.04235 -0.892707
-0.448643 -0.04235 -0.892707
0.491945 0.82084 -0.290193
0.491945 0.82084 -0.290193
-0.177365 0.376206 0.909401
-0.843657 -0.235259 0.482593
-0.876197 0.360404 -0.319983
-0.209904 0.971869 0.106826
BONE = 9
BONE_NAME = Bip01-HeadNub
PARENT_ID = 8
LOCALTM 
MAT 1.0 0.0 0.0 0.0
MAT 0.0 1.0 0.0 0.0
MAT 0.0 0.0 1.0 0.0
MAT 19.5426 1.90735e-006 7.62939e-006 1.0
WORLDTM 
MAT 0.744981 -0.520862 -0.416782 0.0
MAT 0.494148 0.0111745 0.869306 0.0
MAT -0.448131 -0.853568 0.265708 0.0
MAT 47.4512 102.305 -33.3293 1.0
VERTEX = 9
45.3078 110.459 -36.7496
44.9768 110.152 -36.5357
44.6293 110.297 -36.8646
44.9603 110.604 -37.0785
46.0548 107.638 -39.1261
46.0218 107.608 -39.1047
45.987 107.622 -39.1376
46.0201 107.653 -39.159
44.8984 110.561 -36.6521
INDEX = 14
4 5 7
6 7 5
1 2 5
6 5 2
0 1 4
5 4 1
7 6 3
2 3 6
4 7 0
3 0 7
8 1 0
8 2 1
8 3 2
8 0 3
FACE-NORMAL = 14
0.280631 -0.732747 -0.619941
0.280631 -0.732747 -0.619941
-0.64399 -0.658233 0.38988
-0.64399 -0.658233 0.38988
0.710557 -0.333709 0.619473
0.710557 -0.333709 0.619473
-0.676942 0.245937 -0.693732
-0.676942 0.245937 -0.693732
0.677605 0.570461 -0.46414
0.677605 0.570461 -0.46414
0.293001 0.312826 0.903488
-0.666531 0.0829405 0.740849
-0.689873 0.723435 -0.0267583
0.269659 0.953321 0.13588
BONE = 10
BONE_NAME = Facial_Eyelid_Lower_R
PARENT_ID = 8
LOCALTM 
MAT 0.849105 -0.408433 0.334967 0.0
MAT 0.394837 0.912002 0.111157 0.0
MAT -0.350891 0.0378729 0.93565 0.0
MAT 14.7254 -4.05777 -6.78598 1.0
WORLDTM 
MAT 0.280631 -0.732748 -0.619942 0.0
MAT 0.694997 -0.290345 0.657784 0.0
MAT -0.661986 -0.615452 0.427778 0.0
MAT 44.8984 110.561 -36.6521 1.0
VERTEX = 9
49.5629 110.824 -28.9384
49.2092 110.527 -28.7468
49.0493 110.42 -29.2082
49.403 110.717 -29.3999
51.6952 107.734 -29.2035
51.6599 107.704 -29.1844
51.6439 107.694 -29.2305
51.6792 107.723 -29.2497
49.1485 110.816 -29.0638
INDEX = 14
4 5 7
6 7 5
1 2 5
6 5 2
0 1 4
5 4 1
7 6 3
2 3 6
4 7 0
3 0 7
8 1 0
8 2 1
8 3 2
8 0 3
FACE-NORMAL = 14
0.63025 -0.775446 -0.0383149
0.63025 -0.775446 -0.0383149
-0.668386 -0.63926 0.380272
-0.668386 -0.639261 0.380272
0.35712 0.167614 0.918897
0.35712 0.167614 0.918897
-0.281626 -0.2605 -0.923486
-0.281626 -0.2605 -0.923486
0.74388 0.546374 -0.384861
0.74388 0.546374 -0.384861
-0.219417 0.699957 0.679645
-0.945863 0.128384 0.298094
-0.671891 0.39669 -0.625459
0.0545553 0.968262 -0.243909
BONE = 11
BONE_NAME = Facial_Eyelid_Lower_L
PARENT_ID = 8
LOCALTM 
MAT 0.889393 0.269465 0.369281 0.0
MAT -0.257966 0.962735 -0.0812112 0.0
MAT -0.377403 -0.0230333 0.925763 0.0
MAT 14.5965 4.64185 -6.89141 1.0
WORLDTM 
MAT 0.63025 -0.775446 -0.0383149 0.0
MAT 0.319947 0.214442 0.922848 0.0
MAT -0.707403 -0.593884 0.383254 0.0
MAT 49.1485 110.816 -29.0638 1.0
VERTEX = 9
50.0526 110.851 -29.593
50.1948 111.204 -29.9175
50.4163 111.456 -29.5467
50.2741 111.103 -29.2221
53.4046 109.254 -30.2071
53.4188 109.289 -30.2396
53.441 109.315 -30.2025
53.4268 109.279 -30.1701
50.0219 111.278 -29.5275
INDEX = 14
4 5 7
6 7 5
1 2 5
6 5 2
0 1 4
5 4 1
7 6 3
2 3 6
4 7 0
3 0 7
8 1 0
8 2 1
8 3 2
8 0 3
FACE-NORMAL = 14
0.850214 -0.498459 -0.169336
0.850214 -0.498459 -0.169336
0.334799 0.674454 -0.658043
0.334799 0.674454 -0.658043
-0.391296 -0.532638 -0.750456
-0.391296 -0.532638 -0.750456
0.493138 0.47293 0.730172
0.493138 0.47293 0.730172
-0.232956 -0.734162 0.63776
-0.232956 -0.734162 0.63776
-0.914449 -0.00369763 -0.404684
-0.4001 0.851381 -0.339221
-0.287935 0.708625 0.644161
-0.802284 -0.146453 0.578698
BONE = 12
BONE_NAME = Facial_Eyelid_Upper_L
PARENT_ID = 8
LOCALTM 
MAT 0.963597 0.267358 -0.000532031 0.0
MAT 0.241421 -0.869259 0.431399 0.0
MAT 0.114875 -0.415823 -0.902161 0.0
MAT 15.1994 4.67549 -7.80099 1.0
WORLDTM 
MAT 0.850214 -0.49846 -0.169336 0.0
MAT -0.443012 -0.503689 -0.741646 0.0
MAT 0.284388 0.705575 -0.649067 0.0
MAT 50.0219 111.278 -29.5275 1.0
VERTEX = 9
45.6006 110.764 -37.4171
45.8479 111.189 -37.5088
46.199 111.056 -37.1788
45.9518 110.631 -37.087
47.7898 109.188 -40.0414
47.8145 109.231 -40.0506
47.8496 109.217 -40.0176
47.8249 109.175 -40.0084
45.7718 111.024 -37.1158
INDEX = 14
4 5 7
6 7 5
1 2 5
6 5 2
0 1 4
5 4 1
7 6 3
2 3 6
4 7 0
3 0 7
8 1 0
8 2 1
8 3 2
8 0 3
FACE-NORMAL = 14
0.511971 -0.455286 -0.728424
0.511971 -0.455286 -0.728424
0.524321 0.820784 -0.226718
0.524321 0.820784 -0.226718
-0.670437 0.238587 -0.70256
-0.670437 0.238587 -0.70256
0.731763 -0.293123 0.615306
0.731763 -0.293123 0.615306
-0.462995 -0.87532 0.139464
-0.462995 -0.87532 0.139464
-0.858662 0.510261 0.048299
-0.0123215 0.922677 0.385376
0.134626 0.13361 0.981847
-0.711715 -0.278806 0.644771
BONE = 13
BONE_NAME = Facial_Eyelid_Upper_R
PARENT_ID = 8
LOCALTM 
MAT 0.922143 -0.38532 -0.0343607 0.0
MAT -0.386842 -0.917939 -0.0879825 0.0
MAT 0.00236043 0.0944245 -0.995529 0.0
MAT 15.3283 -4.02413 -7.69559 1.0
WORLDTM 
MAT 0.511971 -0.455286 -0.728424 0.0
MAT -0.702361 0.266333 -0.660119 0.0
MAT 0.494546 0.849578 -0.18342 0.0
MAT 45.7718 111.024 -37.1158 1.0
VERTEX = 9
43.3078 110.075 -30.8677
43.2414 109.583 -30.8131
43.0665 109.554 -31.2807
43.1329 110.047 -31.3353
46.6767 109.232 -32.318
46.67 109.183 -32.3126
46.6525 109.18 -32.3593
46.6592 109.229 -32.3648
42.9553 109.855 -30.9899
INDEX = 14
4 5 7
6 7 5
1 2 5
6 5 2
0 1 4
5 4 1
7 6 3
2 3 6
4 7 0
3 0 7
8 1 0
8 2 1
8 3 2
8 0 3
FACE-NORMAL = 14
0.927325 -0.162398 -0.337188
0.927325 -0.162398 -0.337188
-0.077039 -0.993066 0.0887914
-0.0770389 -0.993066 0.0887914
0.404808 0.0466357 0.913212
0.404808 0.0466357 0.913212
-0.293729 -0.0660884 -0.953601
-0.293729 -0.0660884 -0.953601
0.188118 0.973614 -0.129181
0.188118 0.973614 -0.129181
-0.408303 0.154758 0.899632
-0.749634 -0.581744 0.315631
-0.903132 0.0749069 -0.422778
-0.561802 0.81141 0.161224
BONE = 14
BONE_NAME = Facial_Lip_Upper
PARENT_ID = 8
LOCALTM 
MAT 0.915959 0.163303 -0.366539 0.0
MAT -0.15847 0.986407 0.0434645 0.0
MAT 0.368654 0.0182735 0.929387 0.0
MAT 11.2856 -0.10368 -3.80826 1.0
WORLDTM 
MAT 0.927325 -0.162398 -0.337188 0.0
MAT 0.349897 0.0564634 0.935085 0.0
MAT -0.132817 -0.985109 0.109182 0.0
MAT 42.9553 109.855 -30.9899 1.0
VERTEX = 9
42.1963 109.173 -30.8699
42.5995 109.44 -30.9956
42.7582 109.424 -30.5218
42.355 109.156 -30.3961
44.32 106.121 -31.4516
44.3603 106.148 -31.4642
44.3762 106.146 -31.4168
44.3359 106.119 -31.4043
42.3525 109.509 -30.6466
INDEX = 14
4 5 7
6 7 5
1 2 5
6 5 2
0 1 4
5 4 1
7 6 3
2 3 6
4 7 0
3 0 7
8 1 0
8 2 1
8 3 2
8 0 3
FACE-NORMAL = 14
0.498899 -0.843995 -0.196909
0.498899 -0.843995 -0.196909
0.834821 0.483802 -0.262697
0.834821 0.483802 -0.262697
-0.287099 -0.0172244 -0.957746
-0.287099 -0.0172244 -0.957746
0.346859 -0.0838731 0.93416
0.346859 -0.0838731 0.93416
-0.775061 -0.584899 0.23911
-0.775061 -0.584899 0.23911
-0.577316 0.620401 -0.530857
0.217428 0.975317 -0.038499
-0.128234 0.573188 0.809328
-0.922977 0.218272 0.31697
BONE = 15
BONE_NAME = Facial_Lip_Lower
PARENT_ID = 8
LOCALTM 
MAT 0.893342 0.0659253 0.444515 0.0
MAT 0.141008 -0.980344 -0.137991 0.0
MAT 0.42668 0.185954 -0.885079 0.0
MAT 10.8737 -0.106964 -3.15148 1.0
WORLDTM 
MAT 0.498899 -0.843995 -0.196909 0.0
MAT -0.317549 0.0333843 -0.947654 0.0
MAT 0.806389 0.535312 -0.251355 0.0
MAT 42.3525 109.509 -30.6466 1.0
VERTEX = 9
74.6628 173.165 -36.1866
74.6628 173.165 -35.6866
74.6628 172.665 -35.6866
74.6628 172.665 -36.1866
78.4128 172.94 -35.9616
78.4128 172.94 -35.9116
78.4128 172.89 -35.9116
78.4128 172.89 -35.9616
74.4128 172.915 -35.9366
INDEX = 14
4 5 7
6 7 5
1 2 5
6 5 2
0 1 4
5 4 1
7 6 3
2 3 6
4 7 0
3 0 7
8 1 0
8 2 1
8 3 2
8 0 3
FACE-NORMAL = 14
1.0 -9.5088e-007 0.0
1.0 -9.5088e-007 0.0
0.0598918 -8.21123e-007 0.998205
0.0598918 -8.21123e-007 0.998205
0.0598932 0.998205 8.86812e-007
0.0598932 0.998205 8.86812e-007
0.0598914 -0.998205 -8.83242e-007
0.0598914 -0.998205 -8.83242e-007
0.0598928 7.07222e-007 -0.998205
0.0598928 7.07222e-007 -0.998205
-0.707106 0.707107 6.05861e-007
-0.707107 1.3105e-007 0.707107
-0.707107 -0.707106 -6.48008e-007
-0.707107 1.2137e-006 -0.707107
BONE = 16
BONE_NAME = FxTop
PARENT_ID = 8
LOCALTM 
MAT 0.744981 0.494149 -0.44813 0.0
MAT -0.520862 0.0111755 -0.853568 0.0
MAT -0.416782 0.869306 0.265709 0.0
MAT 3.93702 11.8455 -73.0455 1.0
WORLDTM 
MAT 1.0 -9.5088e-007 0.0 0.0
MAT 9.17353e-007 1.0 8.86619e-007 0.0
MAT -5.06639e-007 -7.65547e-007 1.0 0.0
MAT 74.4128 172.915 -35.9366 1.0
VERTEX = 9
33.1776 114.873 0.688015
33.1744 115.128 1.11803
32.9301 114.752 1.33925
32.9333 114.497 0.909234
59.9304 101.968 8.80755
59.9301 101.993 8.85055
59.9056 101.956 8.87267
59.906 101.93 8.82967
32.8357 114.917 0.950084
INDEX = 14
4 5 7
6 7 5
1 2 5
6 5 2
0 1 4
5 4 1
7 6 3
2 3 6
4 7 0
3 0 7
8 1 0
8 2 1
8 3 2
8 0 3
FACE-NORMAL = 14
0.872476 -0.417345 0.254183
0.872476 -0.417345 0.254183
-0.000121419 0.507151 0.861857
-0.00012142 0.507151 0.861857
0.494976 0.748931 -0.440569
0.494976 0.748931 -0.440569
-0.482225 -0.75503 0.444284
-0.482225 -0.75503 0.444284
0.0128721 -0.513251 -0.858142
0.0128721 -0.513251 -0.858142
-0.271432 0.826852 -0.492586
-0.621528 0.655883 0.428393
-0.962436 -0.236637 0.133117
-0.61234 -0.065669 -0.787863
BONE = 17
BONE_NAME = Bip01-L-Clavicle
PARENT_ID = 6
LOCALTM 
MAT 0.285583 0.878732 0.382455 0.0
MAT 0.958354 -0.261552 -0.114667 0.0
MAT -0.000730067 0.399274 -0.916831 0.0
MAT 4.10205 6.70901 0.850006 1.0
WORLDTM 
MAT 0.872476 -0.417345 0.254183 0.0
MAT 0.488614 0.752001 -0.442439 0.0
MAT -0.00649696 0.510215 0.860023 0.0
MAT 32.8357 114.917 0.950084 1.0
VERTEX = 9
59.9117 101.792 8.44191
60.3128 101.991 8.66461
60.2011 101.745 9.08532
59.8 101.546 8.86263
87.8689 62.8335 -6.6503
87.909 62.8534 -6.62803
87.8978 62.8288 -6.58596
87.8577 62.8089 -6.60823
59.918 101.962 8.84011
INDEX = 14
4 5 7
6 7 5
1 2 5
6 5 2
0 1 4
5 4 1
7 6 3
2 3 6
4 7 0
3 0 7
8 1 0
8 2 1
8 3 2
8 0 3
FACE-NORMAL = 14
0.553554 -0.774565 -0.305985
0.553554 -0.774565 -0.305985
0.804766 0.393953 0.444019
0.804766 0.393953 0.444019
0.225856 0.488567 -0.842788
0.225856 0.488567 -0.842788
-0.220901 -0.495501 0.840049
-0.220901 -0.495501 0.840049
-0.799811 -0.400887 -0.446758
-0.799811 -0.400887 -0.446758
-0.233468 0.895625 -0.378615
0.175887 0.828722 0.531304
-0.549375 0.199776 0.811342
-0.958731 0.266679 -0.0985765
BONE = 18
BONE_NAME = Bip01-L-UpperArm
PARENT_ID = 17
LOCALTM 
MAT 0.728447 -0.17662 -0.661944 0.0
MAT -0.224333 0.85144 -0.474051 0.0
MAT 0.647333 0.493817 0.580607 0.0
MAT 31.0407 0.0 7.62939e-006 1.0
WORLDTM 
MAT 0.553554 -0.774566 -0.305985 0.0
MAT 0.223381 0.492039 -0.841427 0.0
MAT 0.802296 0.397424 0.445393 0.0
MAT 59.918 101.962 8.84011 1.0
VERTEX = 9
87.6535 63.1578 -6.78523
87.7466 62.7234 -7.01457
87.6349 62.4773 -6.59386
87.5418 62.9118 -6.36452
45.7638 60.4812 -19.2038
45.7731 60.4377 -19.2268
45.7619 60.4131 -19.1847
45.7526 60.4566 -19.1618
87.8834 62.8311 -6.61813
INDEX = 14
4 5 7
6 7 5
1 2 5
6 5 2
0 1 4
5 4 1
7 6 3
2 3 6
4 7 0
3 0 7
8 1 0
8 2 1
8 3 2
8 0 3
FACE-NORMAL = 14
-0.956795 -0.0541533 -0.285675
-0.956795 -0.0541533 -0.285675
0.181209 -0.869154 -0.460146
0.181209 -0.869154 -0.460146
0.21846 0.491754 -0.842884
0.21846 0.491754 -0.842884
-0.228296 -0.492311 0.839947
-0.228296 -0.492311 0.839947
-0.191045 0.868597 0.457209
-0.191045 0.868597 0.457209
0.83451 0.386216 -0.392975
0.80817 -0.576104 -0.122336
0.518602 -0.309632 0.796981
0.544943 0.652688 0.526341
BONE = 19
BONE_NAME = Bip01-L-Forearm
PARENT_ID = 18
LOCALTM 
MAT -0.40028 0.0 -0.916393 0.0
MAT 0.0 1.0 0.0 0.0
MAT 0.916393 0.0 -0.40028 0.0
MAT 50.5197 0.0 1.52588e-005 1.0
WORLDTM 
MAT -0.956795 -0.0541534 -0.285675 0.0
MAT 0.223381 0.492039 -0.841427 0.0
MAT 0.18613 -0.868887 -0.458684 0.0
MAT 87.8834 62.8311 -6.61813 1.0
VERTEX = 9
45.5386 60.1395 -18.988
45.5894 60.6123 -18.8335
45.4981 60.7738 -19.2979
45.4473 60.301 -19.4523
39.8 60.6466 -17.9261
39.8051 60.6939 -17.9106
39.7959 60.7101 -17.9571
39.7909 60.6628 -17.9725
45.7628 60.4472 -19.1943
INDEX = 14
4 5 7
6 7 5
1 2 5
6 5 2
0 1 4
5 4 1
7 6 3
2 3 6
4 7 0
3 0 7
8 1 0
8 2 1
8 3 2
8 0 3
FACE-NORMAL = 14
-0.977948 0.0379051 0.205381
-0.977948 0.0379051 0.205381
0.0638651 0.946412 0.316583
0.0638651 0.946412 0.316583
0.144786 -0.321261 0.935857
0.144786 -0.321261 0.935857
-0.219965 0.324175 -0.920068
-0.219965 0.324175 -0.920068
-0.139044 -0.943499 -0.300794
-0.139044 -0.943499 -0.300794
0.820568 -0.255168 0.511428
0.763306 0.641876 0.0732106
0.562459 0.201562 -0.80188
0.619721 -0.695481 -0.363664
BONE = 20
BONE_NAME = Bip01-L-Hand
PARENT_ID = 19
LOCALTM 
MAT 0.874971 -0.372617 -0.309165 0.0
MAT -0.422428 -0.899528 -0.111373 0.0
MAT -0.236603 0.228048 -0.944465 0.0
MAT 44.0225 0.0 3.8147e-006 1.0
WORLDTM 
MAT -0.977948 0.0379051 0.205381 0.0
MAT 0.18251 -0.322957 0.928649 0.0
MAT 0.10153 0.945655 0.308917 0.0
MAT 45.7628 60.4472 -19.1943 1.0
VERTEX = 9
40.54 58.5136 -22.5957
40.5089 58.4797 -22.0978
40.6638 58.9533 -22.0559
40.6948 58.9872 -22.5538
30.8591 61.9297 -22.7405
30.856 61.9263 -22.6907
30.8715 61.9737 -22.6865
30.8746 61.9771 -22.7363
40.8391 58.655 -22.3164
INDEX = 14
4 5 7
6 7 5
1 2 5
6 5 2
0 1 4
5 4 1
7 6 3
2 3 6
4 7 0
3 0 7
8 1 0
8 2 1
8 3 2
8 0 3
FACE-NORMAL = 14
-0.9488 0.313611 -0.0377769
-0.9488 0.313611 -0.0377769
-0.0828264 -0.0608661 0.994704
-0.0828264 -0.0608661 0.994704
-0.330448 -0.940029 -0.0845533
-0.330448 -0.940029 -0.0845533
0.288852 0.953778 0.0828971
0.288852 0.953778 0.0828971
0.0412306 0.0746149 -0.99636
0.0412306 0.0746149 -0.99636
0.451895 -0.891479 -0.0325045
0.627032 -0.269667 0.730829
0.889911 0.447967 0.0859292
0.714774 -0.173845 -0.677404
BONE = 21
BONE_NAME = Bip01-L-Finger0
PARENT_ID = 20
LOCALTM 
MAT 0.932005 -0.30953 0.188566 0.0
MAT 0.249794 0.171585 -0.952975 0.0
MAT 0.262619 0.935281 0.237237 0.0
MAT 4.10602 -3.21917 -3.15909 1.0
WORLDTM 
MAT -0.9488 0.313611 -0.037777 0.0
MAT -0.309725 -0.947132 -0.0837454 0.0
MAT -0.0620434 -0.0677568 0.995771 0.0
MAT 40.8391 58.655 -22.3164 1.0
VERTEX = 9
30.4718 61.8281 -22.8453
30.6733 61.7228 -22.4
30.8282 62.1964 -22.3581
30.6266 62.3017 -22.8034
22.9782 64.1454 -18.6527
22.9984 64.1349 -18.6082
23.0139 64.1823 -18.604
22.9937 64.1928 -18.6485
30.8653 61.9517 -22.7135
INDEX = 14
4 5 7
6 7 5
1 2 5
6 5 2
0 1 4
5 4 1
7 6 3
2 3 6
4 7 0
3 0 7
8 1 0
8 2 1
8 3 2
8 0 3
FACE-NORMAL = 14
-0.861136 0.242076 0.447039
-0.861136 0.242076 0.447039
0.38121 -0.204381 0.901614
0.38121 -0.204381 0.901614
-0.331418 -0.940702 -0.0724055
-0.331418 -0.940702 -0.0724055
0.287833 0.952954 0.0950315
0.287833 0.952954 0.0950315
-0.424795 0.216634 -0.878988
-0.424795 0.216634 -0.878988
0.389907 -0.840896 -0.375321
0.893972 -0.320073 0.313635
0.827924 0.498549 -0.256887
0.323858 -0.0222746 -0.945843
BONE = 22
BONE_NAME = Bip01-L-Finger01
PARENT_ID = 21
LOCALTM 
MAT 0.876076 0.0 0.482174 0.0
MAT 0.0 1.0 0.0 0.0
MAT -0.482174 0.0 0.876076 0.0
MAT 10.512 1.52588e-005 0.0 1.0
WORLDTM 
MAT -0.861136 0.242076 0.447039 0.0
MAT -0.309725 -0.947131 -0.0837454 0.0
MAT 0.403132 -0.210575 0.890586 0.0
MAT 30.8653 61.9517 -22.7135 1.0
VERTEX = 9
22.6129 64.0134 -18.4942
23.0583 63.8534 -18.3329
23.2131 64.327 -18.2911
22.7677 64.4869 -18.4523
19.2892 64.4281 -8.20615
19.3337 64.4122 -8.19002
19.3492 64.4595 -8.18583
19.3046 64.4755 -8.20196
22.9961 64.1639 -18.6283
INDEX = 14
4 5 7
6 7 5
1 2 5
6 5 2
0 1 4
5 4 1
7 6 3
2 3 6
4 7 0
3 0 7
8 1 0
8 2 1
8 3 2
8 0 3
FACE-NORMAL = 14
-0.332303 0.0253026 0.942833
-0.332303 0.0253026 0.942833
0.883763 -0.319252 0.342113
0.883763 -0.319252 0.342113
-0.316569 -0.9464 -0.0641162
-0.316569 -0.9464 -0.0641162
0.302746 0.947453 0.103338
0.302746 0.947453 0.103338
-0.897587 0.320305 -0.302891
-0.897587 0.320305 -0.302891
0.0159656 -0.687614 -0.7259
0.864912 -0.244058 -0.438591
0.453982 0.651831 -0.607467
-0.394965 0.208275 -0.894776
BONE = 23
BONE_NAME = Bip01-L-Finger02
PARENT_ID = 22
LOCALTM 
MAT 0.713767 0.0 0.700384 0.0
MAT 0.0 1.0 0.0 0.0
MAT -0.700384 0.0 0.713767 0.0
MAT 9.13816 -2.28882e-005 0.0 1.0
WORLDTM 
MAT -0.332303 0.0253026 0.942834 0.0
MAT -0.309725 -0.947131 -0.0837453 0.0
MAT 0.890868 -0.319847 0.322571 0.0
MAT 22.9961 64.1639 -18.6283 1.0
VERTEX = 9
18.9359 64.2933 -8.06186
19.3814 64.1334 -7.90057
19.5362 64.607 -7.8587
19.0908 64.7669 -8.01998
17.9599 64.5294 -4.43481
18.0045 64.5134 -4.41868
18.02 64.5607 -4.41449
17.9754 64.5767 -4.43062
19.3192 64.4438 -8.19599
INDEX = 14
4 5 7
6 7 5
1 2 5
6 5 2
0 1 4
5 4 1
7 6 3
2 3 6
4 7 0
3 0 7
8 1 0
8 2 1
8 3 2
8 0 3
FACE-NORMAL = 14
-0.332303 0.0253025 0.942833
-0.332303 0.0253025 0.942833
0.869366 -0.317758 0.378461
0.869366 -0.317758 0.378461
-0.329071 -0.943916 -0.0271266
-0.329071 -0.943916 -0.0271266
0.289266 0.946946 0.140063
0.289266 0.946946 0.140063
-0.909171 0.320789 -0.265524
-0.909171 0.320789 -0.265524
0.0159656 -0.687614 -0.7259
0.864912 -0.244058 -0.438591
0.453982 0.651831 -0.607467
-0.394965 0.208275 -0.894776
BONE = 24
BONE_NAME = Bip01-L-Finger0Nub
PARENT_ID = 23
LOCALTM 
MAT 1.0 0.0 0.0 0.0
MAT 0.0 1.0 0.0 0.0
MAT 0.0 0.0 1.0 0.0
MAT 11.0649 7.62939e-006 -9.53674e-007 1.0
WORLDTM 
MAT -0.332303 0.0253026 0.942833 0.0
MAT -0.309725 -0.947131 -0.0837453 0.0
MAT 0.890868 -0.319847 0.322571 0.0
MAT 19.3192 64.4438 -8.19599 1.0
VERTEX = 9
29.9711 54.5543 -20.3201
30.1057 55.0152 -20.1805
29.9388 55.1958 -20.6159
29.8042 54.7349 -20.7555
20.3317 56.3473 -16.1395
20.3452 56.3934 -16.1255
20.3285 56.4114 -16.1691
20.3151 56.3654 -16.183
30.1808 54.8397 -20.5692
INDEX = 14
4 5 7
6 7 5
1 2 5
6 5 2
0 1 4
5 4 1
7 6 3
2 3 6
4 7 0
3 0 7
8 1 0
8 2 1
8 3 2
8 0 3
FACE-NORMAL = 14
-0.903396 0.141199 0.404893
-0.903396 0.141199 0.404893
0.250051 0.924516 0.287653
0.250051 0.924516 0.287653
0.31464 -0.358127 0.87906
0.31464 -0.358127 0.87906
-0.352789 0.364089 -0.861962
-0.352789 0.364089 -0.861962
-0.2882 -0.918554 -0.270555
-0.2882 -0.918554 -0.270555
0.874822 -0.355242 0.329379
0.82914 0.551927 -0.0889026
0.402773 0.155556 -0.901984
0.448455 -0.751611 -0.483703
BONE = 25
BONE_NAME = Bip01-L-Finger1
PARENT_ID = 20
LOCALTM 
MAT 0.971983 0.165524 0.166882 0.0
MAT -0.161292 0.986148 -0.0386946 0.0
MAT -0.170975 0.0106939 0.985217 0.0
MAT 14.7435 -2.30978 -7.30946 1.0
WORLDTM 
MAT -0.903396 0.141199 0.404893 0.0
MAT 0.333789 -0.361189 0.870705 0.0
MAT 0.269185 0.921741 0.279166 0.0
MAT 30.1808 54.8397 -20.5692 1.0
VERTEX = 9
20.0973 56.3491 -15.7904
20.5186 56.6133 -15.8424
20.3517 56.7939 -16.2777
19.9304 56.5297 -16.2258
15.5837 64.9661 -10.744
15.6258 64.9925 -10.7492
15.6091 65.0106 -10.7927
15.567 64.9842 -10.7876
20.3301 56.3794 -16.1543
INDEX = 14
4 5 7
6 7 5
1 2 5
6 5 2
0 1 4
5 4 1
7 6 3
2 3 6
4 7 0
3 0 7
8 1 0
8 2 1
8 3 2
8 0 3
FACE-NORMAL = 14
-0.422501 0.768382 0.48071
-0.422501 0.768382 0.48071
0.833807 0.543998 -0.0939804
0.833807 0.543998 -0.0939804
0.325042 -0.345333 0.880394
0.325042 -0.345333 0.880394
-0.342395 0.376892 -0.86065
-0.342395 0.376892 -0.86065
-0.85116 -0.512439 0.113724
-0.85116 -0.512439 0.113724
0.534778 -0.798727 0.275768
0.894605 -0.169742 -0.413364
0.0627293 -0.287929 -0.955595
-0.297098 -0.916913 -0.266463
BONE = 26
BONE_NAME = Bip01-L-Finger11
PARENT_ID = 25
LOCALTM 
MAT 0.684817 0.0 0.728715 0.0
MAT 0.0 1.0 1.19209e-007 0.0
MAT -0.728715 0.0 0.684817 0.0
MAT 10.904 -3.8147e-006 1.14441e-005 1.0
WORLDTM 
MAT -0.422501 0.768382 0.48071 0.0
MAT 0.333789 -0.361188 0.870705 0.0
MAT 0.842661 0.52833 -0.103874 0.0
MAT 20.3301 56.3794 -16.1543 1.0
VERTEX = 9
15.492 65.1423 -10.3774
15.9552 65.1194 -10.5644
15.7883 65.3 -10.9998
15.3251 65.3229 -10.8127
17.6598 76.0431 -6.94491
17.7061 76.0408 -6.96362
17.6894 76.0589 -7.00715
17.6431 76.0611 -6.98845
15.5964 64.9883 -10.7684
INDEX = 14
4 5 7
6 7 5
1 2 5
6 5 2
0 1 4
5 4 1
7 6 3
2 3 6
4 7 0
3 0 7
8 1 0
8 2 1
8 3 2
8 0 3
FACE-NORMAL = 14
0.174966 0.931369 0.319279
0.174966 0.931369 0.319279
0.929479 -0.0277454 -0.36783
0.929479 -0.0277454 -0.36783
0.337111 -0.343102 0.876719
0.337111 -0.343102 0.876719
-0.330341 0.37914 -0.864365
-0.330341 0.37914 -0.864365
-0.922709 0.0637829 0.380183
-0.922709 0.0637829 0.380183
0.112304 -0.913976 0.389917
0.53125 -0.690943 -0.490276
-0.359744 -0.403178 -0.841446
-0.77869 -0.626211 0.0387477
BONE = 27
BONE_NAME = Bip01-L-Finger12
PARENT_ID = 26
LOCALTM 
MAT 0.795204 -1.49012e-007 0.606343 0.0
MAT 0.0 1.0 1.78814e-007 0.0
MAT -0.606343 0.0 0.795204 0.0
MAT 11.204 3.8147e-006 -1.52588e-005 1.0
WORLDTM 
MAT 0.174967 0.931369 0.319279 0.0
MAT 0.333789 -0.361188 0.870705 0.0
MAT 0.926268 -0.0457727 -0.374077 0.0
MAT 15.5964 64.9883 -10.7684 1.0
VERTEX = 9
17.5703 76.205 -6.58502
18.0334 76.1821 -6.77206
17.8665 76.3627 -7.20741
17.4034 76.3856 -7.02037
18.3597 79.7686 -5.6678
18.406 79.7663 -5.6865
18.3893 79.7843 -5.73004
18.343 79.7866 -5.71133
17.6746 76.051 -6.97603
INDEX = 14
4 5 7
6 7 5
1 2 5
6 5 2
0 1 4
5 4 1
7 6 3
2 3 6
4 7 0
3 0 7
8 1 0
8 2 1
8 3 2
8 0 3
FACE-NORMAL = 14
0.174966 0.931369 0.319279
0.174966 0.931369 0.319279
0.935084 0.0100913 -0.354283
0.935084 0.0100913 -0.354283
0.343669 -0.304758 0.888265
0.343669 -0.304758 0.888265
-0.322711 0.416322 -0.85002
-0.322711 0.416322 -0.85002
-0.914126 0.101472 0.392527
-0.914126 0.101472 0.392527
0.112304 -0.913976 0.389917
0.53125 -0.690943 -0.490276
-0.359744 -0.403178 -0.841446
-0.77869 -0.626211 0.0387477
BONE = 28
BONE_NAME = Bip01-L-Finger1Nub
PARENT_ID = 27
LOCALTM 
MAT 1.0 0.0 0.0 0.0
MAT 0.0 1.0 0.0 0.0
MAT 0.0 0.0 1.0 0.0
MAT 11.8778 -3.8147e-006 -2.86102e-006 1.0
WORLDTM 
MAT 0.174967 0.931369 0.319279 0.0
MAT 0.333789 -0.361188 0.870705 0.0
MAT 0.926268 -0.0457727 -0.374076 0.0
MAT 17.6746 76.051 -6.97603 1.0
VERTEX = 9
31.7618 51.5015 -13.8401
31.9993 51.9324 -13.9293
31.7941 51.9512 -14.3848
31.5566 51.5204 -14.2957
22.0684 58.0137 -9.45092
22.0922 58.0568 -9.45984
22.0716 58.0587 -9.5054
22.0479 58.0156 -9.49648
31.9725 51.5999 -14.2054
INDEX = 14
4 5 7
6 7 5
1 2 5
6 5 2
0 1 4
5 4 1
7 6 3
2 3 6
4 7 0
3 0 7
8 1 0
8 2 1
8 3 2
8 0 3
FACE-NORMAL = 14
-0.778418 0.505946 0.371597
-0.778418 0.505946 0.371597
0.460849 0.870729 -0.171609
0.460849 0.870729 -0.171609
0.396344 -0.0285397 0.917659
0.396344 -0.0285397 0.917659
-0.424427 0.0467927 -0.904252
-0.424427 0.0467927 -0.904252
-0.488932 -0.852476 0.185015
-0.488932 -0.852476 0.185015
0.840658 -0.384396 0.381489
0.886278 0.251586 -0.388865
0.260191 -0.331119 -0.907006
0.214571 -0.967101 -0.136652
BONE = 29
BONE_NAME = Bip01-L-Finger2
PARENT_ID = 20
LOCALTM 
MAT 0.856749 0.0396153 0.51421 0.0
MAT -0.215705 0.933174 0.287503 0.0
MAT -0.468457 -0.357236 0.808041 0.0
MAT 14.1755 4.97335 -8.22542 1.0
WORLDTM 
MAT -0.778418 0.505946 0.371597 0.0
MAT 0.410452 -0.0376723 0.911104 0.0
MAT 0.474968 0.861743 -0.178341 0.0
MAT 31.9725 51.5999 -14.2054 1.0
VERTEX = 9
21.8709 58.1457 -9.10956
22.2863 58.3595 -9.28785
22.0811 58.3783 -9.7434
21.6657 58.1646 -9.56511
17.2762 69.5153 -6.81649
17.3178 69.5367 -6.83432
17.2973 69.5385 -6.87988
17.2557 69.5172 -6.86205
22.07 58.0362 -9.47816
INDEX = 14
4 5 7
6 7 5
1 2 5
6 5 2
0 1 4
5 4 1
7 6 3
2 3 6
4 7 0
3 0 7
8 1 0
8 2 1
8 3 2
8 0 3
FACE-NORMAL = 14
-0.376002 0.903262 0.206737
-0.376002 0.903262 0.206737
0.823836 0.443657 -0.352793
0.823836 0.443657 -0.352793
0.403603 -0.0213727 0.914685
0.403603 -0.0213727 0.914685
-0.417168 0.0539595 -0.907226
-0.417168 0.0539595 -0.907226
-0.837401 -0.41107 0.360252
-0.837401 -0.41107 0.360252
0.556107 -0.665341 0.498062
0.853305 -0.336462 -0.398326
-0.0243594 -0.612064 -0.790433
-0.321558 -0.940943 0.105955
BONE = 30
BONE_NAME = Bip01-L-Finger21
PARENT_ID = 29
LOCALTM 
MAT 0.826511 0.0 0.56292 0.0
MAT 1.3411e-007 1.0 0.0 0.0
MAT -0.56292 0.0 0.826511 0.0
MAT 12.7213 -1.78814e-006 0.0 1.0
WORLDTM 
MAT -0.376002 0.903262 0.206737 0.0
MAT 0.410452 -0.0376722 0.911104 0.0
MAT 0.830754 0.427433 -0.356581 0.0
MAT 22.07 58.0362 -9.47816 1.0
VERTEX = 9
17.3814 69.8705 -6.60222
17.7117 69.5322 -6.76499
17.5064 69.5511 -7.22054
17.1762 69.8893 -7.05777
26.8376 80.7232 -10.6604
26.8706 80.6893 -10.6767
26.8501 80.6912 -10.7223
26.817 80.725 -10.706
17.2868 69.5269 -6.84818
INDEX = 14
4 5 7
6 7 5
1 2 5
6 5 2
0 1 4
5 4 1
7 6 3
2 3 6
4 7 0
3 0 7
8 1 0
8 2 1
8 3 2
8 0 3
FACE-NORMAL = 14
0.628665 0.735439 -0.252804
0.628665 0.735439 -0.252804
0.669922 -0.665401 -0.329313
0.669922 -0.665401 -0.329313
0.419864 -0.0266023 0.907197
0.419864 -0.0266023 0.907197
-0.400946 0.0487336 -0.914804
-0.400946 0.0487336 -0.914804
-0.651004 0.687532 0.321705
-0.651004 0.687532 0.321705
-0.1543 -0.546672 0.823007
0.0225374 -0.998422 -0.0514361
-0.734766 -0.493396 -0.465488
-0.911604 -0.041646 0.408955
BONE = 31
BONE_NAME = Bip01-L-Finger22
PARENT_ID = 30
LOCALTM 
MAT 0.375651 0.0 0.926762 0.0
MAT 0.0 1.0 0.0 0.0
MAT -0.926761 0.0 0.37565 0.0
MAT 12.7214 4.76837e-006 0.0 1.0
WORLDTM 
MAT 0.628665 0.73544 -0.252804 0.0
MAT 0.410452 -0.0376722 0.911104 0.0
MAT 0.660538 -0.676543 -0.325546 0.0
MAT 17.2868 69.5269 -6.84818 1.0
VERTEX = 9
26.9385 81.0507 -10.4454
27.2687 80.7125 -10.6082
27.0635 80.7313 -11.0637
26.7332 81.0696 -10.9009
29.3522 83.6649 -11.6716
29.3853 83.6311 -11.6879
29.3647 83.633 -11.7335
29.3317 83.6668 -11.7172
26.8438 80.7072 -10.6913
INDEX = 14
4 5 7
6 7 5
1 2 5
6 5 2
0 1 4
5 4 1
7 6 3
2 3 6
4 7 0
3 0 7
8 1 0
8 2 1
8 3 2
8 0 3
FACE-NORMAL = 14
0.628665 0.735439 -0.252804
0.628665 0.735439 -0.252804
0.697004 -0.631281 -0.340102
0.697004 -0.631281 -0.340102
0.447367 0.00644252 0.894327
0.447367 0.00644254 0.894327
-0.372063 0.0816517 -0.924609
-0.372063 0.0816517 -0.924609
-0.6217 0.719375 0.30982
-0.6217 0.719375 0.30982
-0.1543 -0.546672 0.823007
0.0225374 -0.998422 -0.0514361
-0.734766 -0.493396 -0.465488
-0.911604 -0.041646 0.408955
BONE = 32
BONE_NAME = Bip01-L-Finger2Nub
PARENT_ID = 31
LOCALTM 
MAT 1.0 0.0 0.0 0.0
MAT 0.0 1.0 0.0 0.0
MAT 0.0 0.0 1.0 0.0
MAT 15.2021 1.90735e-006 1.14441e-005 1.0
WORLDTM 
MAT 0.628665 0.73544 -0.252804 0.0
MAT 0.410452 -0.0376722 0.911104 0.0
MAT 0.660538 -0.676543 -0.325546 0.0
MAT 26.8438 80.7072 -10.6913 1.0
VERTEX = 9
32.4258 52.1999 -6.6843
32.6149 52.5874 -6.93751
32.3934 52.423 -7.35452
32.2043 52.0355 -7.10131
23.7507 58.0503 -4.65333
23.7696 58.0891 -4.67865
23.7475 58.0726 -4.72036
23.7286 58.0339 -4.69503
32.6128 52.1765 -7.07414
INDEX = 14
4 5 7
6 7 5
1 2 5
6 5 2
0 1 4
5 4 1
7 6 3
2 3 6
4 7 0
3 0 7
8 1 0
8 2 1
8 3 2
8 0 3
FACE-NORMAL = 14
-0.812889 0.539702 0.218938
-0.812889 0.539702 0.218938
0.360878 0.786183 -0.50168
0.360878 0.786183 -0.50168
0.425719 0.340196 0.838468
0.425719 0.340196 0.838468
-0.460046 -0.317406 -0.829223
-0.460046 -0.317406 -0.829223
-0.395205 -0.763392 0.510926
-0.395205 -0.763392 0.510926
0.888035 -0.149078 0.434937
0.842174 0.166353 -0.512903
0.261564 -0.614176 -0.744562
0.307424 -0.929607 0.203278
BONE = 33
BONE_NAME = Bip01-L-Finger3
PARENT_ID = 20
LOCALTM 
MAT 0.860385 -0.119345 0.495473 0.0
MAT -0.249453 0.749159 0.613623 0.0
MAT -0.444421 -0.65155 0.614795 0.0
MAT 15.0357 11.5264 -5.41214 1.0
WORLDTM 
MAT -0.812889 0.539702 0.218938 0.0
MAT 0.442982 0.328874 0.834032 0.0
MAT 0.378126 0.774961 -0.506416 0.0
MAT 32.6128 52.1765 -7.07414 1.0
VERTEX = 9
23.5445 58.1674 -4.3202
23.8276 58.4767 -4.59254
23.6061 58.3123 -5.00956
23.323 58.0029 -4.73722
15.4257 66.5941 -3.6006
15.454 66.625 -3.62783
15.4318 66.6086 -3.66953
15.4035 66.5777 -3.6423
23.7491 58.0615 -4.68685
INDEX = 14
4 5 7
6 7 5
1 2 5
6 5 2
0 1 4
5 4 1
7 6 3
2 3 6
4 7 0
3 0 7
8 1 0
8 2 1
8 3 2
8 0 3
FACE-NORMAL = 14
-0.695141 0.713483 0.0878731
-0.695141 0.713483 0.0878731
0.55272 0.632277 -0.542887
0.55272 0.632278 -0.542887
0.429557 0.34251 0.835565
0.429556 0.34251 0.835565
-0.456244 -0.315118 -0.832191
-0.456244 -0.315118 -0.832191
-0.579407 -0.604886 0.54626
-0.579407 -0.604886 0.54626
0.804774 -0.271959 0.527614
0.89188 -0.0670245 -0.447278
0.178303 -0.737058 -0.651885
0.0911976 -0.941992 0.323007
BONE = 34
BONE_NAME = Bip01-L-Finger31
PARENT_ID = 33
LOCALTM 
MAT 0.969379 0.0 0.24557 0.0
MAT 0.0 1.0 1.78814e-007 0.0
MAT -0.24557 -2.08616e-007 0.969379 0.0
MAT 10.904 3.8147e-006 3.8147e-006 1.0
WORLDTM 
MAT -0.695141 0.713483 0.0878731 0.0
MAT 0.442982 0.328874 0.834032 0.0
MAT 0.566168 0.618696 -0.544674 0.0
MAT 23.7491 58.0615 -4.68685 1.0
VERTEX = 9
15.2274 66.7973 -3.30562
15.5946 66.9975 -3.57961
15.3731 66.8331 -3.99662
15.0059 66.6329 -3.72264
8.54763 78.0353 -4.4589
8.58435 78.0553 -4.4863
8.5622 78.0388 -4.528
8.52548 78.0188 -4.5006
15.4288 66.6014 -3.63507
INDEX = 14
4 5 7
6 7 5
1 2 5
6 5 2
0 1 4
5 4 1
7 6 3
2 3 6
4 7 0
3 0 7
8 1 0
8 2 1
8 3 2
8 0 3
FACE-NORMAL = 14
-0.514117 0.855314 -0.064201
-0.514117 0.855314 -0.064201
0.725549 0.414957 -0.548989
0.725549 0.414957 -0.548989
0.434101 0.343492 0.832808
0.434101 0.343492 0.832808
-0.451732 -0.31416 -0.83501
-0.451732 -0.31416 -0.83501
-0.74318 -0.385626 0.546787
-0.74318 -0.385626 0.546787
0.676771 -0.372249 0.635147
0.882887 -0.321708 -0.342075
0.0503005 -0.837347 -0.544352
-0.155815 -0.887889 0.432869
BONE = 35
BONE_NAME = Bip01-L-Finger32
PARENT_ID = 34
LOCALTM 
MAT 0.961994 0.0 0.273071 0.0
MAT 0.0 1.0 0.0 0.0
MAT -0.273071 0.0 0.961994 0.0
MAT 11.9693 -1.90735e-006 1.52588e-005 1.0
WORLDTM 
MAT -0.514118 0.855314 -0.064201 0.0
MAT 0.442982 0.328874 0.834032 0.0
MAT 0.734473 0.400351 -0.547969 0.0
MAT 15.4288 66.6014 -3.63507 1.0
VERTEX = 9
8.35351 78.233 -4.164
8.72075 78.4332 -4.43799
8.49926 78.2688 -4.855
8.13202 78.0686 -4.58102
6.49116 81.4565 -4.71571
6.52788 81.4765 -4.74311
6.50573 81.4601 -4.78481
6.46901 81.4401 -4.75741
8.55492 78.0371 -4.49345
INDEX = 14
4 5 7
6 7 5
1 2 5
6 5 2
0 1 4
5 4 1
7 6 3
2 3 6
4 7 0
3 0 7
8 1 0
8 2 1
8 3 2
8 0 3
FACE-NORMAL = 14
-0.514117 0.855314 -0.064201
-0.514117 0.855314 -0.064201
0.702362 0.450858 -0.55083
0.702362 0.450858 -0.55083
0.411395 0.379511 0.828689
0.411395 0.379511 0.828689
-0.472978 -0.277057 -0.836379
-0.472978 -0.277057 -0.836379
-0.763946 -0.348405 0.54314
-0.763946 -0.348405 0.54314
0.676772 -0.372249 0.635146
0.882887 -0.321708 -0.342075
0.0503004 -0.837347 -0.544352
-0.155815 -0.887888 0.432869
BONE = 36
BONE_NAME = Bip01-L-Finger3Nub
PARENT_ID = 35
LOCALTM 
MAT 1.0 0.0 0.0 0.0
MAT 0.0 1.0 1.49012e-007 0.0
MAT 0.0 -2.23517e-007 1.0 0.0
MAT 13.3702 -1.90735e-006 3.8147e-006 1.0
WORLDTM 
MAT -0.514118 0.855314 -0.0642011 0.0
