EXPORTER_V17
ANIMATION_EXPORT
BONEOBJECT_COUNT = 137
VERTEX = 9
0.25 0.25 -0.25
0.25 0.25 0.25
0.25 -0.25 0.25
0.25 -0.25 -0.25
4.0 0.025 -0.025
4.0 0.025 0.025
4.0 -0.025 0.025
4.0 -0.025 -0.025
0.0 0.0 0.0
INDEX = 14
4 5 7
6 7 5
1 2 5
6 5 2
0 1 4
5 4 1
7 6 3
2 3 6
4 7 0
3 0 7
8 1 0
8 2 1
8 3 2
8 0 3
FACE-NORMAL = 14
1.0 0.0 0.0
1.0 0.0 0.0
0.0598923 -1.29276e-006 0.998205
0.0598923 -1.29276e-006 0.998205
0.0598923 0.998205 1.29276e-006
0.0598923 0.998205 1.29276e-006
0.0598923 -0.998205 -1.29276e-006
0.0598923 -0.998205 -1.29276e-006
0.0598923 1.29276e-006 -0.998205
0.0598923 1.29276e-006 -0.998205
-0.707107 0.707107 9.15763e-007
-0.707107 -9.15763e-007 0.707107
-0.707107 -0.707107 -9.15763e-007
-0.707107 9.15763e-007 -0.707107
BONE = 0
BONE_NAME = Dummy_root
PARENT_ID = -1
LOCALTM 
MAT 1.0 0.0 0.0 0.0
MAT 0.0 1.0 1.29509e-006 0.0
MAT 0.0 -1.29509e-006 1.0 0.0
MAT 0.0 0.0 0.0 1.0
WORLDTM 
MAT 1.0 0.0 0.0 0.0
MAT 0.0 1.0 1.29509e-006 0.0
MAT 0.0 -1.29509e-006 1.0 0.0
MAT 0.0 0.0 0.0 1.0
VERTEX = 9
0.25 0.25 -0.25
0.25 0.25 0.25
0.25 -0.25 0.25
0.25 -0.25 -0.25
4.0 0.025 -0.025
4.0 0.025 0.025
4.0 -0.025 0.025
4.0 -0.025 -0.025
0.0 0.0 0.0
INDEX = 14
4 5 7
6 7 5
1 2 5
6 5 2
0 1 4
5 4 1
7 6 3
2 3 6
4 7 0
3 0 7
8 1 0
8 2 1
8 3 2
8 0 3
FACE-NORMAL = 14
1.0 0.0 0.0
1.0 0.0 0.0
0.0598923 -1.29276e-006 0.998205
0.0598923 -1.29276e-006 0.998205
0.0598923 0.998205 1.29276e-006
0.0598923 0.998205 1.29276e-006
0.0598923 -0.998205 -1.29276e-006
0.0598923 -0.998205 -1.29276e-006
0.0598923 1.29276e-006 -0.998205
0.0598923 1.29276e-006 -0.998205
-0.707107 0.707107 9.15763e-007
-0.707107 -9.15763e-007 0.707107
-0.707107 -0.707107 -9.15763e-007
-0.707107 9.15763e-007 -0.707107
BONE = 1
BONE_NAME = FxBottom
PARENT_ID = 0
LOCALTM 
MAT 1.0 0.0 0.0 0.0
MAT 0.0 1.0 0.0 0.0
MAT 0.0 0.0 1.0 0.0
MAT 0.0 0.0 0.0 1.0
WORLDTM 
MAT 1.0 0.0 0.0 0.0
MAT 0.0 1.0 1.29509e-006 0.0
MAT 0.0 -1.29509e-006 1.0 0.0
MAT 0.0 0.0 0.0 1.0
VERTEX = 9
-0.568381 57.5025 4.02893
-0.286355 57.4572 4.43931
-0.324268 56.9595 4.4104
-0.606293 57.0048 4.00002
2.62491 57.1471 2.06927
2.65312 57.1426 2.1103
2.64932 57.0928 2.10741
2.62112 57.0973 2.06638
-0.651887 57.2384 4.36175
INDEX = 14
4 5 7
6 7 5
1 2 5
6 5 2
0 1 4
5 4 1
7 6 3
2 3 6
4 7 0
3 0 7
8 1 0
8 2 1
8 3 2
8 0 3
FACE-NORMAL = 14
0.822251 -0.0296217 -0.568353
0.822251 -0.0296217 -0.568353
0.612284 -0.0922483 0.785238
0.612284 -0.0922483 0.785238
0.124936 0.991882 0.0236745
0.124936 0.991882 0.0236744
-0.0264431 -0.995431 -0.0917544
-0.0264432 -0.995431 -0.0917544
-0.513791 0.0887001 -0.853317
-0.513791 0.0887001 -0.853317
-0.527803 0.724831 0.44277
-0.182576 -0.0431443 0.982245
-0.635037 -0.682939 0.361003
-0.980264 0.0850357 -0.178472
BONE = 2
BONE_NAME = Bip01
PARENT_ID = 0
LOCALTM 
MAT 0.822251 -0.0296224 -0.568353 0.0
MAT 0.0758258 0.995443 0.0578169 0.0
MAT 0.56405 -0.0906358 0.820751 0.0
MAT -0.651887 57.2384 4.36168 1.0
WORLDTM 
MAT 0.822251 -0.0296217 -0.568353 0.0
MAT 0.0758258 0.995443 0.0578182 0.0
MAT 0.56405 -0.0906369 0.820751 0.0
MAT -0.651887 57.2384 4.36175 1.0
VERTEX = 9
-0.694952 57.4724 4.72354
-0.284508 57.4544 4.43856
-0.566969 57.5018 4.02873
-0.977413 57.5199 4.3137
1.17447 79.0185 5.65595
1.21551 79.0167 5.62746
1.18727 79.0214 5.58647
1.14622 79.0232 5.61497
-0.651887 57.2384 4.36175
INDEX = 14
4 5 7
6 7 5
1 2 5
6 5 2
0 1 4
5 4 1
7 6 3
2 3 6
4 7 0
3 0 7
8 1 0
8 2 1
8 3 2
8 0 3
FACE-NORMAL = 14
0.0837075 0.994829 0.0575235
0.0837075 0.994829 0.0575235
0.821713 -0.0257732 -0.569318
0.821713 -0.0257732 -0.569318
0.565761 -0.0845832 0.820219
0.565761 -0.0845832 0.820219
-0.564021 0.105265 -0.819023
-0.564021 0.105265 -0.819023
-0.819973 0.0464548 0.570514
-0.819973 0.0464548 0.570514
0.34027 -0.770575 0.538916
0.521265 -0.728988 -0.443688
-0.45865 -0.636325 -0.620266
-0.639645 -0.677912 0.362338
BONE = 3
BONE_NAME = Bip01-Pelvis
PARENT_ID = 2
LOCALTM 
MAT 0.00666643 0.999969 0.00425947 0.0
MAT 0.00146031 -0.00426936 0.99999 0.0
MAT 0.999977 -0.0066602 -0.00148865 0.0
MAT 0.0 0.0 0.0 1.0
WORLDTM 
MAT 0.0837075 0.994829 0.0575235 0.0
MAT 0.564922 -0.0949291 0.819666 0.0
MAT 0.820888 -0.0361159 -0.569947 0.0
MAT -0.651887 57.2384 4.36175 1.0
VERTEX = 9
3.51649 79.0298 4.32468
3.8946 78.8229 4.07122
3.6471 78.8954 3.64286
3.269 79.1022 3.89632
13.0603 98.8893 1.90842
13.0981 98.8686 1.88308
13.0734 98.8759 1.84024
13.0356 98.8966 1.86559
3.47481 78.7379 4.00756
INDEX = 14
4 5 7
6 7 5
1 2 5
6 5 2
0 1 4
5 4 1
7 6 3
2 3 6
4 7 0
3 0 7
8 1 0
8 2 1
8 3 2
8 0 3
FACE-NORMAL = 14
0.427957 0.898774 -0.0951758
0.427957 0.898774 -0.0951758
0.760511 -0.404607 -0.507855
0.760511 -0.404607 -0.507855
0.4993 -0.135834 0.855715
0.4993 -0.135834 0.855715
-0.490611 0.154081 -0.857648
-0.490611 0.154081 -0.857648
-0.751822 0.422854 0.505922
-0.751822 0.422854 0.505922
0.0473934 -0.738035 0.673096
0.232107 -0.928096 -0.291143
-0.652616 -0.533023 -0.538497
-0.837329 -0.342962 0.425742
BONE = 4
BONE_NAME = Bip01-Spine
PARENT_ID = 3
LOCALTM 
MAT 0.924474 0.0784299 0.373089 0.0
MAT -0.0534999 0.995615 -0.0767285 0.0
MAT -0.377472 0.0509733 0.924617 0.0
MAT 21.7133 2.16961e-005 2.81295 1.0
WORLDTM 
MAT 0.427957 0.898774 -0.0951758 0.0
MAT 0.494981 -0.144965 0.856726 0.0
MAT 0.756206 -0.413752 -0.506915 0.0
MAT 3.47481 78.7379 4.00756 1.0
VERTEX = 9
13.1606 99.1909 2.17491
13.4845 98.8986 1.93077
13.2399 98.9845 1.50326
12.9159 99.2768 1.7474
25.2783 115.507 -1.74374
25.3107 115.478 -1.76815
25.2863 115.487 -1.8109
25.2539 115.516 -1.78649
13.0543 98.8895 1.88277
INDEX = 14
4 5 7
6 7 5
1 2 5
6 5 2
0 1 4
5 4 1
7 6 3
2 3 6
4 7 0
3 0 7
8 1 0
8 2 1
8 3 2
8 0 3
FACE-NORMAL = 14
0.583791 0.792877 -0.17474
0.583791 0.792877 -0.17474
0.654199 -0.575996 -0.490155
0.654199 -0.575996 -0.490155
0.495629 -0.163214 0.853061
0.495629 -0.163214 0.853061
-0.482936 0.180453 -0.85686
-0.482936 0.180453 -0.85686
-0.641506 0.593235 0.486356
-0.641506 0.593235 0.486356
-0.0668073 -0.682161 0.728144
0.0453253 -0.974059 -0.22171
-0.758798 -0.439137 -0.481025
-0.870931 -0.147239 0.468829
BONE = 5
BONE_NAME = Bip01-Spine1
PARENT_ID = 4
LOCALTM 
MAT 0.979085 0.0243219 0.20199 0.0
MAT -0.0264212 0.999621 0.00770283 0.0
MAT -0.201726 -0.0128785 0.979357 0.0
MAT 22.4136 0.0 -0.016634 1.0
WORLDTM 
MAT 0.583791 0.792877 -0.17474 0.0
MAT 0.489311 -0.171844 0.855011 0.0
MAT 0.647891 -0.58465 -0.488285 0.0
MAT 13.0543 98.8895 1.88277 1.0
VERTEX = 9
25.5397 115.746 -1.52763
25.6806 115.389 -1.84846
25.3606 115.569 -2.1883
25.2198 115.925 -1.86747
39.2814 127.306 -8.69561
39.2955 127.27 -8.7277
39.2635 127.288 -8.76168
39.2494 127.324 -8.7296
25.2714 115.507 -1.76911
INDEX = 14
4 5 7
6 7 5
1 2 5
6 5 2
0 1 4
5 4 1
7 6 3
2 3 6
4 7 0
3 0 7
8 1 0
8 2 1
8 3 2
8 0 3
FACE-NORMAL = 14
0.714976 0.602083 -0.355394
0.714976 0.602083 -0.355394
0.290067 -0.7063 -0.645757
0.290067 -0.7063 -0.645757
0.648135 -0.351606 0.675495
0.648135 -0.351606 0.675495
-0.631494 0.365619 -0.683767
-0.631494 0.365619 -0.683767
-0.273425 0.720313 0.637485
-0.273425 0.720313 0.637485
-0.0531164 -0.679332 0.731906
-0.306326 -0.930155 -0.202423
-0.958012 -0.172143 -0.229303
-0.704802 0.0786809 0.705027
BONE = 6
BONE_NAME = Bip01-Spine2
PARENT_ID = 5
LOCALTM 
MAT 0.956876 -0.0574849 0.284752 0.0
MAT -0.0295782 0.955851 0.292359 0.0
MAT -0.288986 -0.288174 0.912931 0.0
MAT 20.9459 0.0 -0.0167923 1.0
WORLDTM 
MAT 0.714976 0.602083 -0.355394 0.0
MAT 0.639858 -0.358637 0.679677 0.0
MAT 0.281765 -0.713355 -0.641664 0.0
MAT 25.2714 115.507 -1.76911 1.0
VERTEX = 9
27.1844 110.418 -20.4369
27.1452 109.989 -20.6905
26.8123 110.2 -20.9976
26.8515 110.63 -20.7439
32.6981 112.537 -25.3182
32.6941 112.494 -25.3435
32.6608 112.515 -25.3743
32.6648 112.558 -25.3489
26.8128 110.237 -20.5661
INDEX = 14
4 5 7
6 7 5
1 2 5
6 5 2
0 1 4
5 4 1
7 6 3
2 3 6
4 7 0
3 0 7
8 1 0
8 2 1
8 3 2
8 0 3
FACE-NORMAL = 14
0.742023 0.289581 -0.604603
0.742023 0.289581 -0.604603
-0.0565414 -0.849355 -0.524786
-0.0565414 -0.849355 -0.524786
0.687287 -0.415082 0.596107
0.687287 -0.415082 0.596107
-0.643693 0.432095 -0.631627
-0.643693 0.432095 -0.631627
0.100135 0.866368 0.489265
0.100135 0.866368 0.489265
-0.053914 -0.504416 0.861776
-0.580107 -0.811626 0.0688428
-0.995465 0.0948869 -0.00673845
-0.469272 0.402097 0.786195
BONE = 7
BONE_NAME = Bip01-Neck
PARENT_ID = 6
LOCALTM 
MAT 0.919753 -0.0399999 0.390454 0.0
MAT 0.00260988 0.995395 0.0958251 0.0
MAT -0.392489 -0.0871163 0.915622 0.0
MAT 4.60931 -9.89953 16.2551 1.0
WORLDTM 
MAT 0.742023 0.289581 -0.604603 0.0
MAT 0.665777 -0.423771 0.614132 0.0
MAT -0.0783722 -0.858231 -0.507244 0.0
MAT 26.8128 110.237 -20.5661 1.0
VERTEX = 9
33.1013 112.613 -25.3014
32.8785 112.186 -25.1675
32.6295 112.18 -25.601
32.8523 112.607 -25.735
47.2399 102.388 -33.5394
47.2176 102.345 -33.526
47.1927 102.345 -33.5693
47.215 102.388 -33.5827
32.6795 112.526 -25.3462
INDEX = 14
4 5 7
6 7 5
1 2 5
6 5 2
0 1 4
5 4 1
7 6 3
2 3 6
4 7 0
3 0 7
8 1 0
8 2 1
8 3 2
8 0 3
FACE-NORMAL = 14
0.743855 -0.519874 -0.420013
0.743855 -0.519874 -0.420013
-0.436993 -0.860162 0.262981
-0.436993 -0.860162 0.262981
0.506671 0.00601474 0.862119
0.506671 0.00601474 0.862119
-0.489321 -0.01814 -0.871915
-0.489321 -0.01814 -0.871915
0.454342 0.848037 -0.272777
0.454342 0.848037 -0.272777
-0.173825 0.376147 0.910109
-0.841141 -0.236374 0.486426
-0.878145 0.359066 -0.316121
-0.210829 0.971587 0.107562
BONE = 8
BONE_NAME = Bip01-Head
PARENT_ID = 7
LOCALTM 
MAT 0.655353 0.457606 0.600924 0.0
MAT -0.151189 0.858958 -0.489217 0.0
MAT -0.740037 0.229756 0.632106 0.0
MAT 7.90626 -7.62939e-006 0.0 1.0
WORLDTM 
MAT 0.743855 -0.519875 -0.420013 0.0
MAT 0.49803 0.0120782 0.867075 0.0
MAT -0.445698 -0.854157 0.267897 0.0
MAT 32.6795 112.526 -25.3462 1.0
VERTEX = 9
47.6382 102.453 -33.5096
47.4153 102.026 -33.3756
47.1663 102.02 -33.8092
47.3892 102.447 -33.9431
50.2153 100.309 -35.2194
50.193 100.266 -35.206
50.1681 100.265 -35.2494
50.1904 100.308 -35.2628
47.2163 102.366 -33.5544
INDEX = 14
4 5 7
6 7 5
1 2 5
6 5 2
0 1 4
5 4 1
7 6 3
2 3 6
4 7 0
3 0 7
8 1 0
8 2 1
8 3 2
8 0 3
FACE-NORMAL = 14
0.743855 -0.519874 -0.420013
0.743855 -0.519874 -0.420013
-0.400347 -0.88376 0.242261
-0.400347 -0.88376 0.242261
0.541687 -0.01908 0.840364
0.541687 -0.01908 0.840364
-0.452585 -0.043193 -0.890675
-0.452585 -0.043193 -0.890675
0.489449 0.821487 -0.292572
0.489449 0.821487 -0.292572
-0.173825 0.376147 0.910109
-0.841141 -0.236374 0.486426
-0.878145 0.359066 -0.316121
-0.210829 0.971587 0.107562
BONE = 9
BONE_NAME = Bip01-HeadNub
PARENT_ID = 8
LOCALTM 
MAT 1.0 0.0 0.0 0.0
MAT 0.0 1.0 0.0 0.0
MAT 0.0 0.0 1.0 0.0
MAT 19.5426 -6.19888e-006 7.62939e-006 1.0
WORLDTM 
MAT 0.743855 -0.519875 -0.420013 0.0
MAT 0.49803 0.0120782 0.867075 0.0
MAT -0.445698 -0.854157 0.267897 0.0
MAT 47.2163 102.366 -33.5544 1.0
VERTEX = 9
45.0457 110.517 -36.9667
44.7162 110.209 -36.7513
44.367 110.353 -37.0786
44.6966 110.661 -37.2941
45.7862 107.696 -39.346
45.7532 107.666 -39.3244
45.7183 107.68 -39.3572
45.7513 107.711 -39.3787
44.6366 110.618 -36.8674
INDEX = 14
4 5 7
6 7 5
1 2 5
6 5 2
0 1 4
5 4 1
7 6 3
2 3 6
4 7 0
3 0 7
8 1 0
8 2 1
8 3 2
8 0 3
FACE-NORMAL = 14
0.278905 -0.732476 -0.62104
0.278905 -0.732476 -0.62104
-0.641279 -0.659079 0.392907
-0.641279 -0.659079 0.392907
0.713814 -0.332546 0.616346
0.713814 -0.332546 0.616346
-0.680406 0.244807 -0.690737
-0.680406 0.244807 -0.690737
0.674688 0.57134 -0.467298
0.674688 0.57134 -0.467298
0.296602 0.313446 0.902097
-0.663317 0.0821374 0.743817
-0.691033 0.722431 -0.023813
0.268885 0.95374 0.134467
BONE = 10
BONE_NAME = Facial_Eyelid_Lower_R
PARENT_ID = 8
LOCALTM 
MAT 0.849105 -0.408433 0.334967 0.0
MAT 0.394837 0.912002 0.111157 0.0
MAT -0.350891 0.0378735 0.93565 0.0
MAT 14.7254 -4.05777 -6.78599 1.0
WORLDTM 
MAT 0.278905 -0.732476 -0.62104 0.0
MAT 0.698363 -0.289196 0.654717 0.0
MAT -0.659167 -0.616316 0.430876 0.0
MAT 44.6366 110.618 -36.8674 1.0
VERTEX = 9
49.3354 110.889 -29.1749
48.9829 110.592 -28.9816
48.8211 110.484 -29.4423
49.1735 110.782 -29.6355
51.4709 107.802 -29.4489
51.4357 107.773 -29.4295
51.4195 107.762 -29.4756
51.4547 107.792 -29.4949
48.9204 110.88 -29.2983
INDEX = 14
4 5 7
6 7 5
1 2 5
6 5 2
0 1 4
5 4 1
7 6 3
2 3 6
4 7 0
3 0 7
8 1 0
8 2 1
8 3 2
8 0 3
FACE-NORMAL = 14
0.631193 -0.774542 -0.0409808
0.631193 -0.774542 -0.0409808
-0.665746 -0.640144 0.383403
-0.665746 -0.640144 0.383403
0.360999 0.16833 0.917248
0.360999 0.16833 0.917248
-0.285392 -0.261109 -0.922157
-0.285392 -0.261109 -0.922157
0.741353 0.547366 -0.388312
0.741353 0.547366 -0.388312
-0.217376 0.699786 0.680475
-0.9447 0.127081 0.302311
-0.675266 0.395581 -0.62252
0.052058 0.968287 -0.244356
BONE = 11
BONE_NAME = Facial_Eyelid_Lower_L
PARENT_ID = 8
LOCALTM 
MAT 0.889393 0.269465 0.369281 0.0
MAT -0.257966 0.962735 -0.0812116 0.0
MAT -0.377403 -0.0230329 0.925762 0.0
MAT 14.5965 4.64184 -6.89141 1.0
WORLDTM 
MAT 0.631193 -0.774542 -0.0409808 0.0
MAT 0.323777 0.215106 0.921356 0.0
MAT -0.704815 -0.594823 0.386552 0.0
MAT 48.9204 110.88 -29.2983 1.0
VERTEX = 9
49.8221 110.917 -29.8316
49.9623 111.27 -30.1568
50.1851 111.522 -29.787
50.0449 111.169 -29.4618
53.1736 109.325 -30.4605
53.1876 109.36 -30.493
53.2099 109.385 -30.456
53.1958 109.35 -30.4235
49.791 111.344 -29.766
INDEX = 14
4 5 7
6 7 5
1 2 5
6 5 2
0 1 4
5 4 1
7 6 3
2 3 6
4 7 0
3 0 7
8 1 0
8 2 1
8 3 2
8 0 3
FACE-NORMAL = 14
0.850165 -0.497266 -0.173046
0.850165 -0.497266 -0.173046
0.330865 0.674795 -0.659682
0.330865 0.674795 -0.659682
-0.39389 -0.533368 -0.748578
-0.39389 -0.533368 -0.748579
0.495727 0.473803 0.72785
0.495727 0.473803 0.72785
-0.229028 -0.734359 0.638954
-0.229028 -0.734359 0.638954
-0.916251 -0.00510854 -0.400573
-0.40285 0.850728 -0.337601
-0.286065 0.708349 0.645297
-0.799466 -0.147487 0.582325
BONE = 12
BONE_NAME = Facial_Eyelid_Upper_L
PARENT_ID = 8
LOCALTM 
MAT 0.963597 0.267358 -0.000531644 0.0
MAT 0.241421 -0.869259 0.431399 0.0
MAT 0.114876 -0.415823 -0.902161 0.0
MAT 15.1994 4.67549 -7.80099 1.0
WORLDTM 
MAT 0.850166 -0.497266 -0.173046 0.0
MAT -0.445608 -0.504491 -0.739542 0.0
MAT 0.28045 0.705844 -0.650486 0.0
MAT 49.791 111.344 -29.766 1.0
VERTEX = 9
45.3351 110.822 -37.6356
45.5813 111.247 -37.7285
45.9342 111.115 -37.4
45.6879 110.689 -37.3071
47.5147 109.249 -40.2694
47.5394 109.291 -40.2787
47.5746 109.278 -40.2459
47.55 109.235 -40.2366
45.5073 111.082 -37.3352
INDEX = 14
4 5 7
6 7 5
1 2 5
6 5 2
0 1 4
5 4 1
7 6 3
2 3 6
4 7 0
3 0 7
8 1 0
8 2 1
8 3 2
8 0 3
FACE-NORMAL = 14
0.509354 -0.454703 -0.730619
0.509354 -0.454703 -0.730619
0.522109 0.821492 -0.229243
0.522109 0.821492 -0.229243
-0.673929 0.237464 -0.699593
-0.673929 0.237464 -0.699593
0.734942 -0.29193 0.612076
0.734942 -0.29193 0.612076
-0.461096 -0.875959 0.141726
-0.461096 -0.875959 0.141726
-0.859174 0.509029 0.0520462
-0.0119269 0.922743 0.385232
0.138839 0.134018 0.981205
-0.708408 -0.279695 0.648019
BONE = 13
BONE_NAME = Facial_Eyelid_Upper_R
PARENT_ID = 8
LOCALTM 
MAT 0.922143 -0.385321 -0.0343607 0.0
MAT -0.386842 -0.917939 -0.0879818 0.0
MAT 0.00236008 0.0944241 -0.995529 0.0
MAT 15.3283 -4.02413 -7.69559 1.0
WORLDTM 
MAT 0.509354 -0.454703 -0.730619 0.0
MAT -0.705702 0.265173 -0.657014 0.0
MAT 0.492487 0.850252 -0.185818 0.0
MAT 45.5073 111.082 -37.3352 1.0
VERTEX = 9
43.0726 110.131 -31.0757
43.0073 109.638 -31.0209
42.8305 109.61 -31.4877
42.8957 110.103 -31.5425
46.4369 109.294 -32.5402
46.4304 109.245 -32.5348
46.4127 109.242 -32.5814
46.4192 109.292 -32.5869
42.72 109.911 -31.1964
INDEX = 14
4 5 7
6 7 5
1 2 5
6 5 2
0 1 4
5 4 1
7 6 3
2 3 6
4 7 0
3 0 7
8 1 0
8 2 1
8 3 2
8 0 3
FACE-NORMAL = 14
0.926212 -0.160559 -0.341104
0.926212 -0.160559 -0.341104
-0.0747457 -0.993226 0.0889729
-0.0747456 -0.993226 0.0889729
0.408551 0.0472959 0.911509
0.408551 0.0472959 0.911509
-0.297605 -0.0665284 -0.952368
-0.297605 -0.0665284 -0.952368
0.185692 0.973993 -0.129832
0.185692 0.973993 -0.129832
-0.404818 0.153848 0.901362
-0.747175 -0.583235 0.318695
-0.905044 0.0732171 -0.418969
-0.562687 0.8103 0.163699
BONE = 14
BONE_NAME = Facial_Lip_Upper
PARENT_ID = 8
LOCALTM 
MAT 0.915706 0.163579 -0.367049 0.0
MAT -0.158659 0.986363 0.0437645 0.0
MAT 0.369202 0.0181601 0.929172 0.0
MAT 11.2856 -0.103684 -3.80824 1.0
WORLDTM 
MAT 0.926212 -0.160559 -0.341104 0.0
MAT 0.353713 0.0570145 0.933614 0.0
MAT -0.130453 -0.985378 0.109599 0.0
MAT 42.72 109.911 -31.1964 1.0
VERTEX = 9
41.9618 109.227 -31.0727
42.3646 109.494 -31.2004
42.5255 109.478 -30.7272
42.1226 109.211 -30.5996
44.0806 106.173 -31.6616
44.1209 106.2 -31.6743
44.137 106.198 -31.627
44.0967 106.171 -31.6143
42.1193 109.564 -30.8503
INDEX = 14
4 5 7
6 7 5
1 2 5
6 5 2
0 1 4
5 4 1
7 6 3
2 3 6
4 7 0
3 0 7
8 1 0
8 2 1
8 3 2
8 0 3
FACE-NORMAL = 14
0.497376 -0.844523 -0.198487
0.497376 -0.844523 -0.198487
0.834014 0.482966 -0.266768
0.834014 0.482966 -0.266768
-0.291365 -0.0177239 -0.956448
-0.291365 -0.0177239 -0.956448
0.350943 -0.083437 0.932672
0.350943 -0.083437 0.932672
-0.774436 -0.584127 0.242992
-0.774436 -0.584127 0.242992
-0.579197 0.620443 -0.528754
0.217997 0.975121 -0.0402002
-0.124199 0.573893 0.809457
-0.921393 0.219216 0.320903
BONE = 15
BONE_NAME = Facial_Lip_Lower
PARENT_ID = 8
LOCALTM 
MAT 0.892389 0.0654047 0.446502 0.0
MAT 0.141007 -0.980312 -0.13822 0.0
MAT 0.428672 0.186306 -0.884042 0.0
MAT 10.8737 -0.106968 -3.15149 1.0
WORLDTM 
MAT 0.497376 -0.844524 -0.198487 0.0
MAT -0.321732 0.0329156 -0.946258 0.0
MAT 0.805671 0.534506 -0.255339 0.0
MAT 42.1193 109.564 -30.8503 1.0
VERTEX = 9
74.3136 173.265 -36.5476
74.3136 173.265 -36.0476
74.3136 172.765 -36.0476
74.3136 172.765 -36.5476
78.0636 173.04 -36.3226
78.0636 173.04 -36.2726
78.0636 172.99 -36.2726
78.0636 172.99 -36.3226
74.0636 173.015 -36.2976
INDEX = 14
4 5 7
6 7 5
1 2 5
6 5 2
0 1 4
5 4 1
7 6 3
2 3 6
4 7 0
3 0 7
8 1 0
8 2 1
8 3 2
8 0 3
FACE-NORMAL = 14
1.0 -5.36442e-007 -5.96046e-007
1.0 -5.36442e-007 -5.96046e-007
0.0598925 -9.84091e-007 0.998205
0.0598925 -9.84091e-007 0.998205
0.0598931 0.998205 1.303e-006
0.0598932 0.998205 1.303e-006
0.0598914 -0.998205 -1.3744e-006
0.0598914 -0.998205 -1.3744e-006
0.0598921 9.19834e-007 -0.998205
0.0598921 9.19834e-007 -0.998205
-0.707106 0.707107 1.36977e-006
-0.707107 -2.95028e-007 0.707107
-0.707107 -0.707106 -5.26835e-007
-0.707107 1.05367e-006 -0.707107
BONE = 16
BONE_NAME = FxTop
PARENT_ID = 8
LOCALTM 
MAT 0.743855 0.498029 -0.445697 0.0
MAT -0.519874 0.0120795 -0.854157 0.0
MAT -0.420012 0.867076 0.267898 0.0
MAT 3.93702 11.8455 -73.0455 1.0
WORLDTM 
MAT 1.0 -5.36442e-007 -5.96046e-007 0.0
MAT 8.64267e-007 1.0 1.3411e-006 0.0
MAT 1.78814e-007 -9.53674e-007 1.0 0.0
MAT 74.0636 173.015 -36.2976 1.0
VERTEX = 9
33.0774 114.921 0.523991
33.0757 115.176 0.953958
32.8329 114.8 1.17635
32.8346 114.544 0.746384
59.885 102.056 8.52605
59.8848 102.082 8.56904
59.8605 102.044 8.59128
59.8607 102.019 8.54829
32.7366 114.964 0.787583
INDEX = 14
4 5 7
6 7 5
1 2 5
6 5 2
0 1 4
5 4 1
7 6 3
2 3 6
4 7 0
3 0 7
8 1 0
8 2 1
8 3 2
8 0 3
FACE-NORMAL = 14
0.874211 -0.416027 0.250351
0.874211 -0.416027 0.250351
0.0030137 0.507338 0.861742
0.0030137 0.507338 0.861742
0.491909 0.74955 -0.442945
0.491909 0.74955 -0.442945
-0.479133 -0.75563 0.446603
-0.479133 -0.75563 0.446603
0.00976238 -0.513418 -0.858083
0.00976239 -0.513418 -0.858083
-0.274837 0.826352 -0.491536
-0.620547 0.655077 0.431041
-0.961485 -0.238 0.137486
-0.615775 -0.0667255 -0.785092
BONE = 17
BONE_NAME = Bip01-L-Clavicle
PARENT_ID = 6
LOCALTM 
MAT 0.285583 0.878732 0.382455 0.0
MAT 0.958354 -0.261552 -0.114669 0.0
MAT -0.000730991 0.399275 -0.916831 0.0
MAT 4.10206 6.70902 0.849998 1.0
WORLDTM 
MAT 0.874211 -0.416027 0.250351 0.0
MAT 0.485534 0.75261 -0.444786 0.0
MAT -0.00337443 0.510391 0.859936 0.0
MAT 32.7366 114.964 0.787583 1.0
VERTEX = 9
59.8649 101.88 8.16054
60.2667 102.08 8.38139
60.1573 101.834 8.80265
59.7554 101.634 8.5818
87.8104 62.9591 -7.04885
87.8506 62.979 -7.02676
87.8396 62.9544 -6.98464
87.7995 62.9345 -7.00672
59.8727 102.05 8.55867
INDEX = 14
4 5 7
6 7 5
1 2 5
6 5 2
0 1 4
5 4 1
7 6 3
2 3 6
4 7 0
3 0 7
8 1 0
8 2 1
8 3 2
8 0 3
FACE-NORMAL = 14
0.553295 -0.77383 -0.308304
0.553295 -0.77383 -0.308304
0.80618 0.395213 0.440318
0.80618 0.395213 0.440318
0.221363 0.488711 -0.843896
0.221363 0.488711 -0.843896
-0.21641 -0.495638 0.841136
-0.21641 -0.495638 0.841136
-0.801227 -0.40214 -0.443078
-0.801227 -0.40214 -0.443078
-0.236461 0.895204 -0.377751
0.177072 0.82909 0.530335
-0.546016 0.199157 0.813758
-0.959549 0.265271 -0.094327
BONE = 18
BONE_NAME = Bip01-L-UpperArm
PARENT_ID = 17
LOCALTM 
MAT 0.728447 -0.17662 -0.661945 0.0
MAT -0.224333 0.85144 -0.474052 0.0
MAT 0.647333 0.493817 0.580607 0.0
MAT 31.0407 7.62939e-006 7.62939e-006 1.0
WORLDTM 
MAT 0.553295 -0.77383 -0.308304 0.0
MAT 0.218889 0.492179 -0.842524 0.0
MAT 0.803712 0.39868 0.441702 0.0
MAT 59.8727 102.05 8.55867 1.0
VERTEX = 9
87.5939 63.2831 -7.18288
87.6866 62.8487 -7.41255
87.5771 62.6026 -6.99129
87.4845 63.037 -6.76162
45.6528 60.5432 -19.4127
45.662 60.4997 -19.4357
45.6511 60.4751 -19.3936
45.6418 60.5185 -19.3706
87.825 62.9568 -7.01674
INDEX = 14
4 5 7
6 7 5
1 2 5
6 5 2
0 1 4
5 4 1
7 6 3
2 3 6
4 7 0
3 0 7
8 1 0
8 2 1
8 3 2
8 0 3
FACE-NORMAL = 14
-0.957989 -0.0555993 -0.281365
-0.957989 -0.0555993 -0.281365
0.1804 -0.868991 -0.460772
0.1804 -0.868991 -0.460772
0.213962 0.491887 -0.84396
0.213962 0.491887 -0.84396
-0.22381 -0.492458 0.841067
-0.22381 -0.492458 0.841067
-0.190248 0.868419 0.45788
-0.190248 0.868419 0.45788
0.832178 0.387338 -0.396799
0.808446 -0.57496 -0.125841
0.522623 -0.308709 0.79471
0.546355 0.65359 0.523752
BONE = 19
BONE_NAME = Bip01-L-Forearm
PARENT_ID = 18
LOCALTM 
MAT -0.40028 1.3411e-007 -0.916393 0.0
MAT 0.0 1.0 0.0 0.0
MAT 0.916393 0.0 -0.40028 0.0
MAT 50.5196 3.8147e-006 -7.62939e-006 1.0
WORLDTM 
MAT -0.957989 -0.0555993 -0.281365 0.0
MAT 0.218889 0.492179 -0.842524 0.0
MAT 0.185326 -0.868717 -0.459332 0.0
MAT 87.825 62.9568 -7.01674 1.0
VERTEX = 9
45.4391 60.2105 -19.1729
45.4842 60.6927 -19.0486
45.3783 60.8239 -19.5193
45.3331 60.3418 -19.6436
39.7198 60.6757 -17.9942
39.7243 60.7239 -17.9817
39.7137 60.737 -18.0288
39.7092 60.6888 -18.0412
45.6519 60.5091 -19.4032
INDEX = 14
4 5 7
6 7 5
1 2 5
6 5 2
0 1 4
5 4 1
7 6 3
2 3 6
4 7 0
3 0 7
8 1 0
8 2 1
8 3 2
8 0 3
FACE-NORMAL = 14
-0.973085 0.0323354 0.228166
-0.973085 0.0323354 0.228166
0.0528693 0.964912 0.257194
0.0528693 0.964912 0.257194
0.174441 -0.261092 0.949422
0.174441 -0.261092 0.949422
-0.249246 0.263578 -0.931882
-0.249246 0.263578 -0.931882
-0.127675 -0.962427 -0.239654
-0.127675 -0.962427 -0.239654
0.837982 -0.208501 0.504296
0.751954 0.659057 0.0144549
0.538169 0.162771 -0.82697
0.624196 -0.704786 -0.33713
BONE = 20
BONE_NAME = Bip01-L-Hand
PARENT_ID = 19
LOCALTM 
MAT 0.866209 -0.389317 -0.313232 0.0
MAT -0.45336 -0.875915 -0.165038 0.0
MAT -0.210112 0.284965 -0.935226 0.0
MAT 44.0225 -3.8147e-006 0.0 1.0
WORLDTM 
MAT -0.973086 0.0323354 0.228166 0.0
MAT 0.212 -0.262529 0.941347 0.0
MAT 0.0903388 0.964382 0.248608 0.0
MAT 45.6519 60.5091 -19.4032 1.0
VERTEX = 9
40.3831 58.2766 -22.5415
40.3681 58.2759 -22.0417
40.5169 58.7532 -22.0367
40.5319 58.7539 -22.5364
30.6509 61.5461 -22.604
30.6494 61.546 -22.554
30.6642 61.5938 -22.5535
30.6657 61.5938 -22.6035
40.6886 58.4405 -22.282
INDEX = 14
4 5 7
6 7 5
1 2 5
6 5 2
0 1 4
5 4 1
7 6 3
2 3 6
4 7 0
3 0 7
8 1 0
8 2 1
8 3 2
8 0 3
FACE-NORMAL = 14
-0.954241 0.297702 -0.0282242
-0.954241 0.297702 -0.0282242
-0.0508839 0.00521474 0.998691
-0.0508839 0.00521474 0.998691
-0.318377 -0.947903 -0.0107912
-0.318377 -0.947903 -0.0107912
0.276543 0.960954 0.00955381
0.276543 0.960954 0.00955381
0.00904958 0.00783666 -0.999928
0.00904958 0.00783666 -0.999928
0.464364 -0.885552 0.0127628
0.653556 -0.211435 0.726746
0.885137 0.464538 0.0271523
0.695945 -0.20958 -0.686831
BONE = 21
BONE_NAME = Bip01-L-Finger0
PARENT_ID = 20
LOCALTM 
MAT 0.931745 -0.307024 0.193877 0.0
MAT 0.256332 0.177971 -0.950063 0.0
MAT 0.257187 0.934913 0.244524 0.0
MAT 4.10603 -3.21917 -3.15908 1.0
WORLDTM 
MAT -0.954242 0.297702 -0.0282242 0.0
MAT -0.297531 -0.954658 -0.0101749 0.0
MAT -0.029974 -0.00131127 0.99955 0.0
MAT 40.6886 58.4405 -22.282 1.0
VERTEX = 9
30.2634 61.4321 -22.6933
30.4752 61.3613 -22.246
30.6239 61.8387 -22.2409
30.4121 61.9094 -22.6882
22.8208 63.9429 -18.5213
22.842 63.9358 -18.4766
22.8569 63.9835 -18.4761
22.8357 63.9906 -18.5208
30.6575 61.5699 -22.5787
INDEX = 14
4 5 7
6 7 5
1 2 5
6 5 2
0 1 4
5 4 1
7 6 3
2 3 6
4 7 0
3 0 7
8 1 0
8 2 1
8 3 2
8 0 3
FACE-NORMAL = 14
-0.855607 0.261902 0.44648
-0.855607 0.261902 0.44648
0.401783 -0.134874 0.905748
0.401783 -0.134874 0.905748
-0.319088 -0.947724 0.00112711
-0.319088 -0.947724 0.0011271
0.275784 0.96098 0.0214706
0.275784 0.96098 0.0214705
-0.445087 0.14813 -0.883151
-0.445087 0.14813 -0.883151
0.394619 -0.860238 -0.322904
0.904515 -0.285282 0.316965
0.815392 0.489852 -0.308514
0.305496 -0.0851039 -0.948383
BONE = 22
BONE_NAME = Bip01-L-Finger01
PARENT_ID = 21
LOCALTM 
MAT 0.881823 0.0 0.471581 0.0
MAT -1.19209e-007 1.0 0.0 0.0
MAT -0.471581 0.0 0.881823 0.0
MAT 10.512 7.62939e-006 0.0 1.0
WORLDTM 
MAT -0.855607 0.261902 0.44648 0.0
MAT -0.297531 -0.954658 -0.010175 0.0
MAT 0.42357 -0.141547 0.894736 0.0
MAT 30.6575 61.5699 -22.5787 1.0
VERTEX = 9
22.4574 63.8187 -18.3535
22.9046 63.6775 -18.1801
23.0533 64.1548 -18.175
22.6061 64.296 -18.3485
19.1123 64.988 -8.13071
19.157 64.9739 -8.11336
19.1719 65.0216 -8.11285
19.1272 65.0357 -8.1302
22.8389 63.9632 -18.4987
INDEX = 14
4 5 7
6 7 5
1 2 5
6 5 2
0 1 4
5 4 1
7 6 3
2 3 6
4 7 0
3 0 7
8 1 0
8 2 1
8 3 2
8 0 3
FACE-NORMAL = 14
-0.3341 0.0941314 0.937825
-0.3341 0.0941314 0.937825
0.887202 -0.280413 0.36639
0.887202 -0.280413 0.36639
-0.304416 -0.952493 0.0093341
-0.304416 -0.952493 0.0093341
0.290518 0.956409 0.0296797
0.290518 0.956409 0.0296797
-0.901101 0.284328 -0.327376
-0.901101 0.284328 -0.327376
0.0258583 -0.741606 -0.670337
0.868642 -0.26627 -0.417806
0.446631 0.608484 -0.655948
-0.396153 0.133148 -0.908479
BONE = 23
BONE_NAME = Bip01-L-Finger02
PARENT_ID = 22
LOCALTM 
MAT 0.729231 0.0 0.684267 0.0
MAT 0.0 1.0 0.0 0.0
MAT -0.684267 0.0 0.729232 0.0
MAT 9.13816 -1.52588e-005 0.0 1.0
WORLDTM 
MAT -0.3341 0.0941314 0.937825 0.0
MAT -0.297531 -0.954658 -0.010175 0.0
MAT 0.894345 -0.282432 0.346958 0.0
MAT 22.8389 63.9632 -18.4987 1.0
VERTEX = 9
18.7606 64.8603 -7.9766
19.2078 64.719 -7.80312
19.3565 65.1964 -7.79804
18.9094 65.3376 -7.97152
17.7759 65.3645 -4.3794
17.8206 65.3504 -4.36205
17.8355 65.3981 -4.36154
17.7908 65.4122 -4.37889
19.1421 65.0048 -8.12178
INDEX = 14
4 5 7
6 7 5
1 2 5
6 5 2
0 1 4
5 4 1
7 6 3
2 3 6
4 7 0
3 0 7
8 1 0
8 2 1
8 3 2
8 0 3
FACE-NORMAL = 14
-0.3341 0.0941314 0.937825
-0.3341 0.0941314 0.937825
0.872729 -0.276287 0.402504
0.872729 -0.276287 0.402504
-0.317007 -0.947306 0.0460117
-0.317007 -0.947306 0.0460117
0.276987 0.958582 0.0663252
0.276987 0.958582 0.0663252
-0.912749 0.287562 -0.290167
-0.912749 0.287562 -0.290167
0.0258583 -0.741606 -0.670337
0.868642 -0.26627 -0.417806
0.446631 0.608484 -0.655948
-0.396153 0.133148 -0.908479
BONE = 24
BONE_NAME = Bip01-L-Finger0Nub
PARENT_ID = 23
LOCALTM 
MAT 1.0 0.0 0.0 0.0
MAT 0.0 1.0 0.0 0.0
MAT 0.0 0.0 1.0 0.0
MAT 11.0649 -7.62939e-006 0.0 1.0
WORLDTM 
MAT -0.3341 0.0941314 0.937825 0.0
MAT -0.297531 -0.954658 -0.010175 0.0
MAT 0.894345 -0.282432 0.346958 0.0
MAT 19.1421 65.0048 -8.12178 1.0
VERTEX = 9
29.9656 54.258 -19.7657
30.0726 54.7326 -19.6502
29.8913 54.8809 -20.0919
29.7844 54.4063 -20.2074
20.268 55.6592 -15.5703
20.2787 55.7067 -15.5587
20.2605 55.7215 -15.6029
20.2499 55.674 -15.6144
30.1552 54.5431 -20.0307
INDEX = 14
4 5 7
6 7 5
1 2 5
6 5 2
0 1 4
5 4 1
7 6 3
2 3 6
4 7 0
3 0 7
8 1 0
8 2 1
8 3 2
8 0 3
FACE-NORMAL = 14
-0.907094 0.105211 0.407567
-0.907094 0.105211 0.407567
0.19466 0.951181 0.239504
0.19466 0.951181 0.239504
0.343319 -0.294368 0.891896
0.343319 -0.294368 0.891896
-0.381624 0.298811 -0.874686
-0.381624 0.298811 -0.874686
-0.232965 -0.946738 -0.222293
-0.232965 -0.946738 -0.222293
0.897776 -0.284163 0.336527
0.792634 0.59677 -0.124887
0.385049 0.135372 -0.912914
0.490191 -0.745561 -0.4515
BONE = 25
BONE_NAME = Bip01-L-Finger1
PARENT_ID = 20
LOCALTM 
MAT 0.979075 0.163737 0.120842 0.0
MAT -0.160805 0.986411 -0.0336948 0.0
MAT -0.124717 0.0135577 0.9921 0.0
MAT 14.7435 -2.30978 -7.30946 1.0
WORLDTM 
MAT -0.907094 0.105211 0.407567 0.0
MAT 0.362552 -0.296656 0.883488 0.0
MAT 0.21386 0.949171 0.23095 0.0
MAT 30.1552 54.5431 -20.0307 1.0
VERTEX = 9
20.0374 55.6666 -15.2185
20.4431 55.9501 -15.2898
20.2618 56.0984 -15.7315
19.8561 55.8149 -15.6602
15.1149 64.2788 -10.5613
15.1555 64.3072 -10.5685
15.1373 64.322 -10.6126
15.0968 64.2937 -10.6055
20.2643 55.6904 -15.5866
INDEX = 14
4 5 7
6 7 5
1 2 5
6 5 2
0 1 4
5 4 1
7 6 3
2 3 6
4 7 0
3 0 7
8 1 0
8 2 1
8 3 2
8 0 3
FACE-NORMAL = 14
-0.458599 0.768481 0.446232
-0.458599 0.768481 0.446232
0.801733 0.582611 -0.133375
0.801733 0.582611 -0.133375
0.353058 -0.280812 0.892466
0.353058 -0.280812 0.892466
-0.371894 0.312375 -0.874138
-0.371894 0.312375 -0.874138
-0.820568 -0.551048 0.151703
-0.820568 -0.551048 0.151703
0.580642 -0.753166 0.309187
0.897969 -0.142505 -0.416345
0.0679151 -0.333631 -0.940254
-0.249413 -0.944292 -0.214722
BONE = 26
BONE_NAME = Bip01-L-Finger11
PARENT_ID = 25
LOCALTM 
MAT 0.678715 0.0 0.734402 0.0
MAT 0.0 1.0 0.0 0.0
MAT -0.734402 0.0 0.678715 0.0
MAT 10.904 -3.8147e-006 7.62939e-006 1.0
WORLDTM 
MAT -0.458599 0.768482 0.446232 0.0
MAT 0.362552 -0.296656 0.883488 0.0
MAT 0.811322 0.566949 -0.142569 0.0
MAT 20.2643 55.6904 -15.5866 1.0
VERTEX = 9
15.0178 64.4688 -10.203
15.4794 64.4612 -10.395
15.2981 64.6095 -10.8367
14.8365 64.6171 -10.6448
16.6237 75.6351 -7.36729
16.6698 75.6344 -7.38648
16.6517 75.6492 -7.43066
16.6055 75.65 -7.41146
15.1261 64.3004 -10.587
INDEX = 14
4 5 7
6 7 5
1 2 5
6 5 2
0 1 4
5 4 1
7 6 3
2 3 6
4 7 0
3 0 7
8 1 0
8 2 1
8 3 2
8 0 3
FACE-NORMAL = 14
0.127259 0.954865 0.2684
0.127259 0.954865 0.2684
0.925523 0.00335308 -0.378677
0.925523 0.00335309 -0.378677
0.364947 -0.278127 0.888515
0.364947 -0.278127 0.888515
-0.360023 0.315073 -0.87813
-0.360023 0.315073 -0.87813
-0.920599 0.0335935 0.389062
-0.920599 0.0335935 0.389062
0.166378 -0.884959 0.434933
0.562839 -0.685885 -0.461274
-0.346349 -0.465424 -0.814507
-0.742811 -0.664498 0.0817001
BONE = 27
BONE_NAME = Bip01-L-Finger12
PARENT_ID = 26
LOCALTM 
MAT 0.795204 -2.68221e-007 0.606343 0.0
MAT 0.0 1.0 4.17233e-007 0.0
MAT -0.606342 -2.84985e-007 0.795204 0.0
MAT 11.204 3.8147e-006 -1.14441e-005 1.0
WORLDTM 
MAT 0.127259 0.954865 0.2684 0.0
MAT 0.362553 -0.296655 0.883488 0.0
MAT 0.923234 -0.015123 -0.383941 0.0
MAT 15.1261 64.3004 -10.587 1.0
VERTEX = 9
16.5293 75.8105 -7.01502
16.9909 75.8029 -7.20699
16.8097 75.9513 -7.64873
16.348 75.9588 -7.45676
17.1327 79.4546 -6.29369
17.1789 79.4538 -6.31289
17.1607 79.4687 -6.35706
17.1146 79.4694 -6.33786
16.6377 75.6422 -7.39897
INDEX = 14
4 5 7
6 7 5
1 2 5
6 5 2
0 1 4
5 4 1
7 6 3
2 3 6
4 7 0
3 0 7
8 1 0
8 2 1
8 3 2
8 0 3
FACE-NORMAL = 14
0.127259 0.954865 0.2684
0.127259 0.954865 0.2684
0.929198 0.0420932 -0.367177
0.929198 0.0420932 -0.367177
0.369524 -0.238934 0.897977
0.369524 -0.238934 0.897977
-0.35428 0.353312 -0.865827
-0.35428 0.353312 -0.865827
-0.913955 0.0722849 0.399327
-0.913955 0.0722849 0.399327
0.166378 -0.884959 0.434933
0.562839 -0.685885 -0.461274
-0.346349 -0.465424 -0.814507
-0.742811 -0.664498 0.0817001
BONE = 28
BONE_NAME = Bip01-L-Finger1Nub
PARENT_ID = 27
LOCALTM 
MAT 1.0 0.0 0.0 0.0
MAT 0.0 1.0 0.0 0.0
MAT 0.0 0.0 1.0 0.0
MAT 11.8778 -1.90735e-006 0.0 1.0
WORLDTM 
MAT 0.127259 0.954865 0.2684 0.0
MAT 0.362553 -0.296655 0.883488 0.0
MAT 0.923234 -0.015123 -0.383941 0.0
MAT 16.6377 75.6422 -7.39897 1.0
VERTEX = 9
31.9647 51.6403 -13.1609
32.1812 52.0767 -13.2737
31.9737 52.0621 -13.7284
31.7572 51.6257 -13.6156
21.9884 57.9066 -9.05692
22.0101 57.9502 -9.0682
21.9893 57.9487 -9.11367
21.9677 57.9051 -9.10239
32.1693 51.7294 -13.5321
INDEX = 14
4 5 7
6 7 5
1 2 5
6 5 2
0 1 4
5 4 1
7 6 3
2 3 6
4 7 0
3 0 7
8 1 0
8 2 1
8 3 2
8 0 3
FACE-NORMAL = 14
-0.800262 0.487231 0.349552
-0.800262 0.487231 0.349552
0.418338 0.88143 -0.219257
0.418338 0.88143 -0.219257
0.400499 0.0380211 0.915508
0.400499 0.0380211 0.915508
-0.42937 -0.0204433 -0.902897
-0.42937 -0.0204433 -0.902897
-0.447209 -0.863853 0.231868
-0.447209 -0.863853 0.231868
0.859321 -0.323851 0.395838
0.871938 0.272627 -0.406693
0.27242 -0.365198 -0.890179
0.259804 -0.961676 -0.0876479
BONE = 29
BONE_NAME = Bip01-L-Finger2
PARENT_ID = 20
LOCALTM 
MAT 0.874234 0.0314817 0.484484 0.0
MAT -0.195404 0.93632 0.291758 0.0
MAT -0.444446 -0.349735 0.824714 0.0
MAT 14.1755 4.97335 -8.22542 1.0
WORLDTM 
MAT -0.800263 0.487231 0.349552 0.0
MAT 0.415002 0.029237 0.90935 0.0
MAT 0.432844 0.872784 -0.225599 0.0
MAT 32.1693 51.7294 -13.5321 1.0
VERTEX = 9
21.7867 58.0487 -8.722
22.192 58.2696 -8.91409
21.9845 58.2549 -9.36876
21.5792 58.034 -9.17667
16.7252 69.3237 -7.02201
16.7657 69.3458 -7.04122
16.745 69.3444 -7.08669
16.7044 69.3223 -7.06748
21.9889 57.9276 -9.08529
INDEX = 14
4 5 7
6 7 5
1 2 5
6 5 2
0 1 4
5 4 1
7 6 3
2 3 6
4 7 0
3 0 7
8 1 0
8 2 1
8 3 2
8 0 3
FACE-NORMAL = 14
-0.412988 0.896634 0.159648
-0.412988 0.896634 0.159648
0.803106 0.457907 -0.381237
0.803106 0.457907 -0.381237
0.407485 0.045406 0.912082
0.407485 0.045406 0.912082
-0.422384 -0.0130583 -0.906323
-0.422384 -0.0130583 -0.906323
-0.818005 -0.42556 0.386997
-0.818005 -0.42556 0.386997
0.585478 -0.613343 0.53012
0.865269 -0.321613 -0.384544
-0.00142393 -0.65469 -0.755896
-0.281216 -0.94642 0.158768
BONE = 30
BONE_NAME = Bip01-L-Finger21
PARENT_ID = 29
LOCALTM 
MAT 0.823172 0.0 0.567792 0.0
MAT -1.9744e-007 1.0 0.0 0.0
MAT -0.567792 -2.1141e-007 0.823172 0.0
MAT 12.7213 -1.66893e-006 0.0 1.0
WORLDTM 
MAT -0.412989 0.896635 0.159648 0.0
MAT 0.415002 0.0292369 0.90935 0.0
MAT 0.810688 0.441806 -0.38418 0.0
MAT 21.9889 57.9276 -9.08529 1.0
VERTEX = 9
16.8163 69.6942 -6.82808
17.1597 69.3614 -6.97409
16.9522 69.3468 -7.42877
16.6088 69.6796 -7.28275
25.7999 80.6881 -11.5288
25.8343 80.6548 -11.5434
25.8135 80.6533 -11.5889
25.7792 80.6866 -11.5743
16.7351 69.334 -7.05435
INDEX = 14
4 5 7
6 7 5
1 2 5
6 5 2
0 1 4
5 4 1
7 6 3
2 3 6
4 7 0
3 0 7
8 1 0
8 2 1
8 3 2
8 0 3
FACE-NORMAL = 14
0.596735 0.745727 -0.296309
0.596735 0.745727 -0.296309
0.695691 -0.654314 -0.296457
0.695691 -0.654314 -0.296457
0.423934 0.0404541 0.904789
0.423934 0.0404541 0.904789
-0.405976 -0.0180133 -0.913706
-0.405976 -0.0180133 -0.913706
-0.677734 0.676755 0.28754
-0.677734 0.676755 0.28754
-0.128504 -0.506635 0.85253
0.0636791 -0.997966 0.00302459
-0.715406 -0.547982 -0.433486
-0.907589 -0.0566514 0.416019
BONE = 31
BONE_NAME = Bip01-L-Finger22
PARENT_ID = 30
LOCALTM 
MAT 0.374895 0.0 0.927067 0.0
MAT 0.0 1.0 -1.23866e-007 0.0
MAT -0.927068 0.0 0.374895 0.0
MAT 12.7214 4.76837e-006 0.0 1.0
WORLDTM 
MAT 0.596735 0.745727 -0.296309 0.0
MAT 0.415002 0.029237 0.90935 0.0
MAT 0.686791 -0.66561 -0.292032 0.0
MAT 16.7351 69.334 -7.05435 1.0
VERTEX = 9
25.888 81.0308 -11.3326
26.2314 80.698 -11.4786
26.0239 80.6834 -11.9333
25.6805 81.0162 -11.7873
28.1869 83.671 -12.7141
28.2212 83.6377 -12.7287
28.2005 83.6362 -12.7742
28.1661 83.6695 -12.7596
25.8067 80.6707 -11.5589
INDEX = 14
4 5 7
6 7 5
1 2 5
6 5 2
0 1 4
5 4 1
7 6 3
2 3 6
4 7 0
3 0 7
8 1 0
8 2 1
8 3 2
8 0 3
FACE-NORMAL = 14
0.596735 0.745727 -0.296309
0.596735 0.745727 -0.296309
0.721297 -0.619752 -0.309254
0.721298 -0.619752 -0.309254
0.449997 0.0738478 0.889972
0.449997 0.0738478 0.889972
-0.378517 0.0154788 -0.925465
-0.378517 0.0154787 -0.925465
-0.649818 0.709078 0.273761
-0.649818 0.709078 0.273761
-0.128504 -0.506635 0.85253
0.0636791 -0.997966 0.00302461
-0.715406 -0.547982 -0.433486
-0.907589 -0.0566514 0.416019
BONE = 32
BONE_NAME = Bip01-L-Finger2Nub
PARENT_ID = 31
LOCALTM 
MAT 1.0 0.0 1.19209e-007 0.0
MAT 0.0 1.0 0.0 0.0
MAT 0.0 0.0 1.0 0.0
MAT 15.2021 9.53674e-007 1.90735e-005 1.0
WORLDTM 
MAT 0.596735 0.745727 -0.296309 0.0
MAT 0.415002 0.029237 0.90935 0.0
MAT 0.686791 -0.66561 -0.292032 0.0
MAT 25.8067 80.6707 -11.5589 1.0
VERTEX = 9
32.7919 52.7762 -6.0764
32.9678 53.1634 -6.33934
32.7466 52.9846 -6.75058
32.5707 52.5975 -6.48763
23.9827 58.4314 -4.0701
24.0003 58.4702 -4.0964
23.9782 58.4523 -4.13752
23.9606 58.4136 -4.11122
32.9755 52.7499 -6.46769
INDEX = 14
4 5 7
6 7 5
1 2 5
6 5 2
0 1 4
5 4 1
7 6 3
2 3 6
4 7 0
3 0 7
8 1 0
8 2 1
8 3 2
8 0 3
FACE-NORMAL = 14
-0.824933 0.522003 0.21679
-0.824933 0.522003 0.21679
0.334319 0.785232 -0.521193
0.334319 0.785232 -0.521193
0.424877 0.368494 0.826857
0.424877 0.368494 0.826857
-0.459712 -0.346451 -0.817702
-0.459712 -0.346451 -0.817702
-0.369155 -0.763189 0.530347
-0.369155 -0.763189 0.530347
0.896135 -0.116285 0.428276
0.832087 0.178459 -0.525152
0.270497 -0.62194 -0.734862
0.334545 -0.916684 0.218565
BONE = 33
BONE_NAME = Bip01-L-Finger3
PARENT_ID = 20
LOCALTM 
MAT 0.869073 -0.107853 0.482783 0.0
MAT -0.231267 0.774142 0.589253 0.0
MAT -0.437295 -0.623756 0.647844 0.0
MAT 15.0358 11.5264 -5.41214 1.0
WORLDTM 
MAT -0.824933 0.522004 0.21679 0.0
MAT 0.442393 0.357552 0.822462 0.0
MAT 0.351815 0.774383 -0.525887 0.0
MAT 32.9755 52.7499 -6.46769 1.0
VERTEX = 9
23.774 58.5963 -3.75594
24.0937 58.855 -4.04035
23.8725 58.6762 -4.45158
23.5528 58.4175 -4.16717
16.4487 67.7444 -4.06627
16.4806 67.7702 -4.09471
16.4585 67.7523 -4.13583
16.4265 67.7265 -4.10739
23.9804 58.4419 -4.10382
INDEX = 14
4 5 7
6 7 5
1 2 5
6 5 2
0 1 4
5 4 1
7 6 3
2 3 6
4 7 0
3 0 7
8 1 0
8 2 1
8 3 2
8 0 3
FACE-NORMAL = 14
-0.628846 0.777529 0.000231247
-0.628846 0.777529 0.000231247
0.627218 0.532135 -0.56871
0.627218 0.532135 -0.56871
0.43024 0.372412 0.822316
0.43024 0.372412 0.822316
-0.454383 -0.342561 -0.822307
-0.454383 -0.342561 -0.822307
-0.65136 -0.502284 0.568718
-0.65136 -0.502284 0.568718
0.757481 -0.296969 0.581406
0.89679 -0.184007 -0.402379
0.131842 -0.802624 -0.581732
-0.00746721 -0.915586 0.402052
BONE = 34
BONE_NAME = Bip01-L-Finger31
PARENT_ID = 33
LOCALTM 
MAT 0.924679 0.0 0.380746 0.0
MAT 0.0 1.0 0.0 0.0
MAT -0.380746 0.0 0.92468 0.0
MAT 10.904 -1.90735e-006 3.8147e-006 1.0
WORLDTM 
MAT -0.628846 0.777529 0.000231247 0.0
MAT 0.442393 0.357552 0.822462 0.0
MAT 0.639407 0.517305 -0.568819 0.0
MAT 23.9804 58.4419 -4.10382 1.0
VERTEX = 9
16.2698 68.0161 -3.81465
16.682 68.1156 -4.07961
16.4608 67.9368 -4.49084
16.0486 67.8374 -4.22588
11.7234 79.9521 -6.83169
11.7646 79.9621 -6.85819
11.7425 79.9442 -6.89931
11.7012 79.9342 -6.87282
16.4536 67.7484 -4.10105
INDEX = 14
4 5 7
6 7 5
1 2 5
6 5 2
0 1 4
5 4 1
7 6 3
2 3 6
4 7 0
3 0 7
8 1 0
8 2 1
8 3 2
8 0 3
FACE-NORMAL = 14
-0.353076 0.912462 -0.206762
-0.353076 0.912462 -0.206762
0.818219 0.214538 -0.533377
0.818219 0.214538 -0.533377
0.436274 0.373145 0.818796
0.436274 0.373145 0.818796
-0.448382 -0.341854 -0.825887
-0.448382 -0.341854 -0.825887
-0.830327 -0.183246 0.526286
-0.830327 -0.183246 0.526286
0.562481 -0.392381 0.727772
0.832597 -0.50455 -0.2285
-0.063157 -0.898036 -0.435366
-0.333273 -0.785867 0.520906
BONE = 35
BONE_NAME = Bip01-L-Finger32
PARENT_ID = 34
LOCALTM 
MAT 0.931449 0.0 0.363873 0.0
MAT 0.0 1.0 0.0 0.0
MAT -0.363873 0.0 0.931449 0.0
MAT 11.9693 -1.90735e-006 7.62939e-006 1.0
WORLDTM 
MAT -0.353076 0.912462 -0.206762 0.0
MAT 0.442393 0.357552 0.822462 0.0
MAT 0.824395 0.198921 -0.52991 0.0
MAT 16.4536 67.7484 -4.10105 1.0
VERTEX = 9
11.5491 80.2159 -6.5791
11.9613 80.3154 -6.84406
11.7401 80.1366 -7.25529
11.3279 80.0371 -6.99033
10.3111 83.602 -7.65874
10.3523 83.6119 -7.68524
10.3302 83.594 -7.72636
10.2889 83.5841 -7.69987
11.7329 79.9481 -6.8655
INDEX = 14
4 5 7
6 7 5
1 2 5
6 5 2
0 1 4
5 4 1
7 6 3
2 3 6
4 7 0
3 0 7
8 1 0
8 2 1
8 3 2
8 0 3
FACE-NORMAL = 14
-0.353076 0.912462 -0.206762
-0.353076 0.912462 -0.206762
0.801768 0.253213 -0.541342
0.801768 0.253213 -0.541342
0.420452 0.41156 0.808603
0.420452 0.41156 0.808603
-0.462745 -0.302261 -0.83337
-0.462745 -0.302261 -0.83337
-0.844061 -0.143915 0.516575
-0.844061 -0.143915 0.516575
0.562481 -0.392381 0.727772
0.832597 -0.50455 -0.2285
-0.0631571 -0.898036 -0.435366
-0.333273 -0.785867 0.520906
BONE = 36
BONE_NAME = Bip01-L-Finger3Nub
PARENT_ID = 35
LOCALTM 
MAT 1.0 0.0 0.0 0.0
MAT 0.0 1.0 1.93715e-007 0.0
MAT 0.0 0.0 1.0 0.0
MAT 13.3702 0.0 1.90735e-006 1.0
WORLDTM 
MAT -0.353076 0.912462 -0.206762 0.0
