EXPORTER_V17
ANIMATION_EXPORT
BONEOBJECT_COUNT = 137
VERTEX = 9
0.25 0.25 -0.25
0.25 0.25 0.25
0.25 -0.25 0.25
0.25 -0.25 -0.25
4.0 0.025 -0.025
4.0 0.025 0.025
4.0 -0.025 0.025
4.0 -0.025 -0.025
0.0 0.0 0.0
INDEX = 14
4 5 7
6 7 5
1 2 5
6 5 2
0 1 4
5 4 1
7 6 3
2 3 6
4 7 0
3 0 7
8 1 0
8 2 1
8 3 2
8 0 3
FACE-NORMAL = 14
1.0 0.0 0.0
1.0 0.0 0.0
0.0598923 -1.29276e-006 0.998205
0.0598923 -1.29276e-006 0.998205
0.0598923 0.998205 1.29276e-006
0.0598923 0.998205 1.29276e-006
0.0598923 -0.998205 -1.29276e-006
0.0598923 -0.998205 -1.29276e-006
0.0598923 1.29276e-006 -0.998205
0.0598923 1.29276e-006 -0.998205
-0.707107 0.707107 9.15763e-007
-0.707107 -9.15763e-007 0.707107
-0.707107 -0.707107 -9.15763e-007
-0.707107 9.15763e-007 -0.707107
BONE = 0
BONE_NAME = Dummy_root
PARENT_ID = -1
LOCALTM 
MAT 1.0 0.0 0.0 0.0
MAT 0.0 1.0 1.29509e-006 0.0
MAT 0.0 -1.29509e-006 1.0 0.0
MAT 0.0 0.0 0.0 1.0
WORLDTM 
MAT 1.0 0.0 0.0 0.0
MAT 0.0 1.0 1.29509e-006 0.0
MAT 0.0 -1.29509e-006 1.0 0.0
MAT 0.0 0.0 0.0 1.0
VERTEX = 9
0.25 0.25 -0.25
0.25 0.25 0.25
0.25 -0.25 0.25
0.25 -0.25 -0.25
4.0 0.025 -0.025
4.0 0.025 0.025
4.0 -0.025 0.025
4.0 -0.025 -0.025
0.0 0.0 0.0
INDEX = 14
4 5 7
6 7 5
1 2 5
6 5 2
0 1 4
5 4 1
7 6 3
2 3 6
4 7 0
3 0 7
8 1 0
8 2 1
8 3 2
8 0 3
FACE-NORMAL = 14
1.0 0.0 0.0
1.0 0.0 0.0
0.0598923 -1.29276e-006 0.998205
0.0598923 -1.29276e-006 0.998205
0.0598923 0.998205 1.29276e-006
0.0598923 0.998205 1.29276e-006
0.0598923 -0.998205 -1.29276e-006
0.0598923 -0.998205 -1.29276e-006
0.0598923 1.29276e-006 -0.998205
0.0598923 1.29276e-006 -0.998205
-0.707107 0.707107 9.15763e-007
-0.707107 -9.15763e-007 0.707107
-0.707107 -0.707107 -9.15763e-007
-0.707107 9.15763e-007 -0.707107
BONE = 1
BONE_NAME = FxBottom
PARENT_ID = 0
LOCALTM 
MAT 1.0 0.0 0.0 0.0
MAT 0.0 1.0 0.0 0.0
MAT 0.0 0.0 1.0 0.0
MAT 0.0 0.0 0.0 1.0
WORLDTM 
MAT 1.0 0.0 0.0 0.0
MAT 0.0 1.0 1.29509e-006 0.0
MAT 0.0 -1.29509e-006 1.0 0.0
MAT 0.0 0.0 0.0 1.0
VERTEX = 9
-0.572761 57.5005 4.02622
-0.284882 57.457 4.43271
-0.324087 56.9592 4.40726
-0.611966 57.0026 4.00077
2.59109 57.1277 2.02249
2.61987 57.1234 2.06314
2.61595 57.0736 2.0606
2.58717 57.078 2.01995
-0.651887 57.2384 4.36175
INDEX = 14
4 5 7
6 7 5
1 2 5
6 5 2
0 1 4
5 4 1
7 6 3
2 3 6
4 7 0
3 0 7
8 1 0
8 2 1
8 3 2
8 0 3
FACE-NORMAL = 14
0.813852 -0.0344383 -0.580051
0.813852 -0.0344383 -0.580051
0.623468 -0.0888169 0.776788
0.623468 -0.0888169 0.776788
0.127013 0.991771 0.016072
0.127013 0.991771 0.016072
-0.0295262 -0.995896 -0.0855532
-0.0295262 -0.995896 -0.0855532
-0.525981 0.0846917 -0.846269
-0.525981 0.0846917 -0.846269
-0.520036 0.728362 0.446153
-0.168358 -0.0371033 0.985027
-0.630925 -0.679659 0.374163
-0.982602 0.0858065 -0.164711
BONE = 2
BONE_NAME = Bip01
PARENT_ID = 0
LOCALTM 
MAT 0.813852 -0.0344391 -0.580051 0.0
MAT 0.0784104 0.995621 0.0509027 0.0
MAT 0.575758 -0.0869093 0.812988 0.0
MAT -0.651887 57.2384 4.36168 1.0
WORLDTM 
MAT 0.813852 -0.0344383 -0.580051 0.0
MAT 0.0784104 0.995621 0.050904 0.0
MAT 0.575758 -0.0869103 0.812988 0.0
MAT -0.651887 57.2384 4.36175 1.0
VERTEX = 9
-0.689278 57.4746 4.72275
-0.283051 57.4541 4.43196
-0.571354 57.4997 4.026
-0.977581 57.5202 4.31679
1.23142 79.0222 5.50224
1.27205 79.0202 5.47316
1.24322 79.0248 5.43256
1.20259 79.0268 5.46164
-0.651887 57.2384 4.36175
INDEX = 14
4 5 7
6 7 5
1 2 5
6 5 2
0 1 4
5 4 1
7 6 3
2 3 6
4 7 0
3 0 7
8 1 0
8 2 1
8 3 2
8 0 3
FACE-NORMAL = 14
0.0862858 0.99499 0.0504984
0.0862858 0.99499 0.0504984
0.813307 -0.0305945 -0.58103
0.813307 -0.0305945 -0.58103
0.577471 -0.0808629 0.812397
0.577471 -0.0808629 0.812397
-0.575677 0.101548 -0.811347
-0.575677 0.101548 -0.811347
-0.811513 0.0512795 0.58208
-0.811513 0.0512795 0.58208
0.346708 -0.768059 0.538403
0.513478 -0.732512 -0.446952
-0.468735 -0.639069 -0.609819
-0.635505 -0.674616 0.375536
BONE = 3
BONE_NAME = Bip01-Pelvis
PARENT_ID = 2
LOCALTM 
MAT 0.00666641 0.999969 0.00425936 0.0
MAT 0.00146004 -0.00426925 0.99999 0.0
MAT 0.999977 -0.00666022 -0.0014885 0.0
MAT 0.0 0.0 0.0 1.0
WORLDTM 
MAT 0.0862858 0.99499 0.0504984 0.0
MAT 0.576605 -0.0912103 0.811916 0.0
MAT 0.812454 -0.0409392 -0.581587 0.0
MAT -0.651887 57.2384 4.36175 1.0
VERTEX = 9
3.55387 79.0214 4.13705
3.92788 78.8124 3.87934
3.67432 78.8829 3.4542
3.30031 79.0919 3.71191
13.0965 98.849 1.46666
13.1339 98.8281 1.44089
13.1086 98.8352 1.39838
13.0712 98.8561 1.42415
3.50707 78.7278 3.82228
INDEX = 14
4 5 7
6 7 5
1 2 5
6 5 2
0 1 4
5 4 1
7 6 3
2 3 6
4 7 0
3 0 7
8 1 0
8 2 1
8 3 2
8 0 3
FACE-NORMAL = 14
0.42811 0.897415 -0.106621
0.42811 0.897415 -0.106621
0.752337 -0.408951 -0.516476
0.752337 -0.408951 -0.516476
0.511442 -0.131784 0.849152
0.511442 -0.131784 0.849152
-0.502751 0.150004 -0.851317
-0.502751 0.150004 -0.851317
-0.743645 0.427171 0.514312
-0.743645 0.427171 0.514312
0.0558704 -0.7342 0.67663
0.226217 -0.930197 -0.289065
-0.661309 -0.534936 -0.525845
-0.831656 -0.338939 0.43985
BONE = 4
BONE_NAME = Bip01-Spine
PARENT_ID = 3
LOCALTM 
MAT 0.924475 0.0784298 0.37309 0.0
MAT -0.0534999 0.995616 -0.0767286 0.0
MAT -0.377472 0.0509734 0.924617 0.0
MAT 21.7133 2.09808e-005 2.81295 1.0
WORLDTM 
MAT 0.42811 0.897415 -0.106621 0.0
MAT 0.507123 -0.140901 0.850279 0.0
MAT 0.74803 -0.418083 -0.515421 0.0
MAT 3.50707 78.7278 3.82228 1.0
VERTEX = 9
13.2012 99.1519 1.7299
13.521 98.8576 1.48279
13.2703 98.9415 1.05839
12.9505 99.2358 1.3055
25.2894 115.423 -2.4594
25.3214 115.394 -2.48411
25.2963 115.402 -2.52655
25.2643 115.431 -2.50184
13.0901 98.849 1.4411
INDEX = 14
4 5 7
6 7 5
1 2 5
6 5 2
0 1 4
5 4 1
7 6 3
2 3 6
4 7 0
3 0 7
8 1 0
8 2 1
8 3 2
8 0 3
FACE-NORMAL = 14
0.582585 0.790771 -0.187821
0.582585 0.790771 -0.187821
0.645992 -0.580038 -0.496236
0.645992 -0.580039 -0.496236
0.507685 -0.159172 0.846711
0.507685 -0.159172 0.846711
-0.495018 0.176365 -0.850795
-0.495018 0.176365 -0.850795
-0.633325 0.597232 0.492152
-0.633325 0.597232 0.492152
-0.0574197 -0.677797 0.733004
0.0403838 -0.975412 -0.216659
-0.76648 -0.440522 -0.467385
-0.864283 -0.142907 0.482278
BONE = 5
BONE_NAME = Bip01-Spine1
PARENT_ID = 4
LOCALTM 
MAT 0.979086 0.0243218 0.20199 0.0
MAT -0.0264212 0.999621 0.00770278 0.0
MAT -0.201726 -0.0128785 0.979357 0.0
MAT 22.4136 4.76837e-007 -0.0166435 1.0
WORLDTM 
MAT 0.582585 0.790771 -0.187821 0.0
MAT 0.501381 -0.167779 0.848803 0.0
MAT 0.639697 -0.58867 -0.494223 0.0
MAT 13.0901 98.849 1.4411 1.0
VERTEX = 9
25.5543 115.662 -2.24851
25.6899 115.304 -2.56926
25.3654 115.482 -2.90546
25.2298 115.84 -2.5847
39.2107 127.155 -9.68259
39.2243 127.119 -9.71467
39.1918 127.137 -9.74829
39.1783 127.173 -9.71621
25.2821 115.422 -2.48467
INDEX = 14
4 5 7
6 7 5
1 2 5
6 5 2
0 1 4
5 4 1
7 6 3
2 3 6
4 7 0
3 0 7
8 1 0
8 2 1
8 3 2
8 0 3
FACE-NORMAL = 14
0.710794 0.59869 -0.369245
0.710794 0.59869 -0.369245
0.279408 -0.710571 -0.64577
0.279408 -0.710571 -0.64577
0.657263 -0.348873 0.668052
0.657263 -0.348873 0.668052
-0.640719 0.362807 -0.676646
-0.640719 0.362807 -0.676646
-0.262864 0.724506 0.637176
-0.262864 0.724506 0.637176
-0.0436705 -0.674971 0.736551
-0.310872 -0.930748 -0.192525
-0.961545 -0.171704 -0.214359
-0.694343 0.0840734 0.714716
BONE = 6
BONE_NAME = Bip01-Spine2
PARENT_ID = 5
LOCALTM 
MAT 0.956876 -0.0574849 0.284751 0.0
MAT -0.0295781 0.955851 0.292359 0.0
MAT -0.288986 -0.288174 0.912931 0.0
MAT 20.9459 1.90735e-006 -0.0167999 1.0
WORLDTM 
MAT 0.710794 0.59869 -0.369245 0.0
MAT 0.649035 -0.355864 0.672395 0.0
MAT 0.271155 -0.717587 -0.641517 0.0
MAT 25.2821 115.422 -2.48467 1.0
VERTEX = 9
26.9146 110.221 -21.1483
26.871 109.791 -21.3988
26.5341 110.002 -21.7022
26.5777 110.432 -21.4517
32.3605 112.302 -26.1214
32.3562 112.259 -26.1464
32.3225 112.28 -26.1768
32.3268 112.323 -26.1517
26.5409 110.04 -21.271
INDEX = 14
4 5 7
6 7 5
1 2 5
6 5 2
0 1 4
5 4 1
7 6 3
2 3 6
4 7 0
3 0 7
8 1 0
8 2 1
8 3 2
8 0 3
FACE-NORMAL = 14
0.733668 0.284696 -0.616993
0.733668 0.284696 -0.616993
-0.0656564 -0.852282 -0.518946
-0.0656563 -0.852282 -0.518946
0.695145 -0.412881 0.588475
0.695145 -0.412881 0.588475
-0.652042 0.429607 -0.624723
-0.652042 0.429607 -0.624723
0.108759 0.869008 0.482698
0.108759 0.869008 0.482698
-0.0422731 -0.499303 0.865395
-0.580473 -0.810141 0.0819922
-0.99529 0.0966825 0.0071643
-0.457089 0.40752 0.790567
BONE = 7
BONE_NAME = Bip01-Neck
PARENT_ID = 6
LOCALTM 
MAT 0.919753 -0.0399997 0.390454 0.0
MAT 0.0026097 0.995395 0.095825 0.0
MAT -0.392489 -0.0871164 0.915621 0.0
MAT 4.60931 -9.89953 16.2552 1.0
WORLDTM 
MAT 0.733668 0.284696 -0.616993 0.0
MAT 0.673884 -0.421426 0.606861 0.0
MAT -0.0872455 -0.861016 -0.501038 0.0
MAT 26.5409 110.04 -21.271 1.0
VERTEX = 9
32.7645 112.373 -26.105
32.5372 111.947 -25.9735
32.2868 111.947 -26.4063
32.5141 112.373 -26.5378
46.7609 102.05 -34.463
46.7381 102.008 -34.4499
46.7131 102.008 -34.4932
46.7358 102.05 -34.5063
32.3415 112.291 -26.1491
INDEX = 14
4 5 7
6 7 5
1 2 5
6 5 2
0 1 4
5 4 1
7 6 3
2 3 6
4 7 0
3 0 7
8 1 0
8 2 1
8 3 2
8 0 3
FACE-NORMAL = 14
0.736623 -0.525111 -0.426199
0.736623 -0.525111 -0.426199
-0.445859 -0.857099 0.25805
-0.445859 -0.857099 0.25805
0.50939 -0.00606317 0.860514
0.50939 -0.00606317 0.860514
-0.492209 -0.00618425 -0.870455
-0.492209 -0.00618424 -0.870455
0.46304 0.844852 -0.26799
0.46304 0.844852 -0.26799
-0.166728 0.371352 0.9134
-0.842237 -0.230462 0.487364
-0.875014 0.371267 -0.310664
-0.199505 0.973081 0.115372
BONE = 8
BONE_NAME = Bip01-Head
PARENT_ID = 7
LOCALTM 
MAT 0.653901 0.45905 0.601404 0.0
MAT -0.166572 0.862743 -0.477418 0.0
MAT -0.738016 0.212007 0.640613 0.0
MAT 7.90626 0.0 0.0 1.0
WORLDTM 
MAT 0.736623 -0.525111 -0.426199 0.0
MAT 0.500834 6.05434e-005 0.865544 0.0
MAT -0.454481 -0.851033 0.263038 0.0
MAT 32.3415 112.291 -26.1491 1.0
VERTEX = 9
47.16 102.111 -34.434
46.9327 101.685 -34.3025
46.6823 101.685 -34.7353
46.9096 102.111 -34.8668
49.7074 99.95 -36.1678
49.6846 99.9074 -36.1547
49.6596 99.9074 -36.198
49.6823 99.9499 -36.2111
46.737 102.029 -34.4781
INDEX = 14
4 5 7
6 7 5
1 2 5
6 5 2
0 1 4
5 4 1
7 6 3
2 3 6
4 7 0
3 0 7
8 1 0
8 2 1
8 3 2
8 0 3
FACE-NORMAL = 14
0.736623 -0.525111 -0.426199
0.736623 -0.525111 -0.426199
-0.409547 -0.880956 0.23704
-0.409547 -0.880956 0.23704
0.544053 -0.0313897 0.838464
0.544053 -0.0313897 0.838464
-0.455816 -0.0315106 -0.889516
-0.455816 -0.0315106 -0.889516
0.497783 0.818056 -0.288092
0.497783 0.818056 -0.288092
-0.166728 0.371352 0.9134
-0.842237 -0.230462 0.487364
-0.875014 0.371267 -0.310664
-0.199505 0.973081 0.115372
BONE = 9
BONE_NAME = Bip01-HeadNub
PARENT_ID = 8
LOCALTM 
MAT 1.0 0.0 0.0 0.0
MAT 0.0 1.0 0.0 0.0
MAT 0.0 0.0 1.0 0.0
MAT 19.5426 1.43051e-006 7.62939e-006 1.0
WORLDTM 
MAT 0.736623 -0.525111 -0.426199 0.0
MAT 0.500834 6.05509e-005 0.865544 0.0
MAT -0.454481 -0.851033 0.263038 0.0
MAT 46.737 102.029 -34.4781 1.0
VERTEX = 9
44.648 110.228 -37.8235
44.3156 109.922 -37.6093
43.9671 110.073 -37.9345
44.2995 110.379 -38.1487
45.3491 107.417 -40.2258
45.3159 107.387 -40.2044
45.2811 107.402 -40.2369
45.3143 107.432 -40.2583
44.2404 110.334 -37.7222
INDEX = 14
4 5 7
6 7 5
1 2 5
6 5 2
0 1 4
5 4 1
7 6 3
2 3 6
4 7 0
3 0 7
8 1 0
8 2 1
8 3 2
8 0 3
FACE-NORMAL = 14
0.268677 -0.730967 -0.627295
0.268677 -0.730967 -0.627295
-0.647455 -0.654692 0.390103
-0.647455 -0.654692 0.390103
0.711929 -0.345113 0.611599
0.711929 -0.345113 0.611599
-0.679746 0.257554 -0.68674
-0.679746 0.257554 -0.68674
0.679639 0.567133 -0.465244
0.679639 0.567133 -0.465244
0.302933 0.303414 0.903422
-0.660026 0.0841148 0.746519
-0.6829 0.73033 -0.0162928
0.280059 0.949629 0.14061
BONE = 10
BONE_NAME = Facial_Eyelid_Lower_R
PARENT_ID = 8
LOCALTM 
MAT 0.849105 -0.408433 0.334967 0.0
MAT 0.394837 0.912002 0.111156 0.0
MAT -0.35089 0.0378742 0.935651 0.0
MAT 14.7254 -4.05777 -6.78599 1.0
WORLDTM 
MAT 0.268677 -0.730967 -0.627295 0.0
MAT 0.697089 -0.301876 0.650337 0.0
MAT -0.66474 -0.612011 0.428443 0.0
MAT 44.2404 110.334 -37.7222 1.0
VERTEX = 9
48.9658 110.495 -30.0429
48.6107 110.2 -29.8507
48.4462 110.098 -30.3116
48.8013 110.392 -30.5038
51.0655 107.386 -30.3464
51.03 107.357 -30.3272
51.0135 107.346 -30.3733
51.049 107.376 -30.3925
48.5504 110.491 -30.1651
INDEX = 14
4 5 7
6 7 5
1 2 5
6 5 2
0 1 4
5 4 1
7 6 3
2 3 6
4 7 0
3 0 7
8 1 0
8 2 1
8 3 2
8 0 3
FACE-NORMAL = 14
0.622273 -0.781284 -0.0486895
0.622273 -0.781284 -0.0486895
-0.671736 -0.635412 0.380818
-0.671736 -0.635412 0.380818
0.365735 0.157473 0.917301
0.365735 0.157473 0.917301
-0.291196 -0.251059 -0.923133
-0.291196 -0.251059 -0.923133
0.746275 0.541826 -0.386651
0.746275 0.541826 -0.386651
-0.207336 0.697149 0.68629
-0.942258 0.135486 0.306258
-0.672691 0.407754 -0.617433
0.0622304 0.969416 -0.2374
BONE = 11
BONE_NAME = Facial_Eyelid_Lower_L
PARENT_ID = 8
LOCALTM 
MAT 0.889393 0.269465 0.369281 0.0
MAT -0.257966 0.962735 -0.0812125 0.0
MAT -0.377404 -0.0230321 0.925763 0.0
MAT 14.5965 4.64184 -6.89142 1.0
WORLDTM 
MAT 0.622273 -0.781284 -0.0486895 0.0
MAT 0.329056 0.204634 0.921872 0.0
MAT -0.71028 -0.589677 0.384424 0.0
MAT 48.5504 110.491 -30.1651 1.0
VERTEX = 9
49.4508 110.522 -30.7009
49.594 110.876 -31.024
49.8208 111.123 -30.6531
49.6776 110.769 -30.33
52.7821 108.897 -31.3522
52.7964 108.932 -31.3845
52.8191 108.957 -31.3474
52.8048 108.921 -31.3151
49.4248 110.949 -30.6322
INDEX = 14
4 5 7
6 7 5
1 2 5
6 5 2
0 1 4
5 4 1
7 6 3
2 3 6
4 7 0
3 0 7
8 1 0
8 2 1
8 3 2
8 0 3
FACE-NORMAL = 14
0.843951 -0.505527 -0.179414
0.843951 -0.505527 -0.179414
0.336408 0.675874 -0.655762
0.336408 0.675874 -0.655762
-0.40222 -0.523351 -0.751214
-0.40222 -0.523351 -0.751214
0.503313 0.462797 0.729723
0.503313 0.462797 0.729723
-0.235316 -0.736429 0.634271
-0.235316 -0.736429 0.634271
-0.917493 0.00817823 -0.397667
-0.394265 0.857684 -0.330051
-0.276034 0.706745 0.651397
-0.799262 -0.142761 0.58378
BONE = 12
BONE_NAME = Facial_Eyelid_Upper_L
PARENT_ID = 8
LOCALTM 
MAT 0.963597 0.267358 -0.000531733 0.0
MAT 0.241421 -0.869259 0.4314 0.0
MAT 0.114876 -0.415824 -0.902161 0.0
MAT 15.1994 4.67549 -7.80099 1.0
WORLDTM 
MAT 0.843951 -0.505527 -0.179414 0.0
MAT -0.453581 -0.493961 -0.7418 0.0
MAT 0.286376 0.707421 -0.646176 0.0
MAT 49.4248 110.949 -30.6322 1.0
VERTEX = 9
44.9387 110.535 -38.4911
45.1894 110.958 -38.5817
45.5418 110.819 -38.2553
45.291 110.396 -38.1647
47.0922 108.957 -41.1433
47.1173 108.999 -41.1524
47.1525 108.985 -41.1198
47.1275 108.943 -41.1107
45.1148 110.791 -38.1893
INDEX = 14
4 5 7
6 7 5
1 2 5
6 5 2
0 1 4
5 4 1
7 6 3
2 3 6
4 7 0
3 0 7
8 1 0
8 2 1
8 3 2
8 0 3
FACE-NORMAL = 14
0.501906 -0.455009 -0.735566
0.501906 -0.455009 -0.735566
0.530638 0.817225 -0.22487
0.530638 0.817225 -0.22487
-0.67338 0.250204 -0.69567
-0.67338 0.250204 -0.69567
0.733501 -0.304707 0.607561
0.733501 -0.304707 0.607561
-0.470517 -0.871728 0.13676
-0.470517 -0.871728 0.13676
-0.853203 0.518283 0.0585334
-0.000302792 0.919949 0.392038
0.143401 0.125196 0.981714
-0.7095 -0.276469 0.648209
BONE = 13
BONE_NAME = Facial_Eyelid_Upper_R
PARENT_ID = 8
LOCALTM 
MAT 0.922143 -0.385321 -0.0343607 0.0
MAT -0.386842 -0.91794 -0.0879816 0.0
MAT 0.00236008 0.0944238 -0.99553 0.0
MAT 15.3283 -4.02413 -7.69559 1.0
WORLDTM 
MAT 0.501906 -0.455009 -0.735566 0.0
MAT -0.704706 0.277955 -0.652788 0.0
MAT 0.501478 0.845995 -0.18114 0.0
MAT 45.1148 110.791 -38.1893 1.0
VERTEX = 9
42.6892 109.821 -31.9295
42.6182 109.329 -31.8778
42.4394 109.306 -32.3442
42.5104 109.798 -32.3959
46.038 108.954 -33.412
46.0309 108.905 -33.4068
46.013 108.903 -33.4535
46.0201 108.952 -33.4586
42.3336 109.606 -32.0504
INDEX = 14
4 5 7
6 7 5
1 2 5
6 5 2
0 1 4
5 4 1
7 6 3
2 3 6
4 7 0
3 0 7
8 1 0
8 2 1
8 3 2
8 0 3
FACE-NORMAL = 14
0.922982 -0.169365 -0.345573
0.922982 -0.169365 -0.345573
-0.0864028 -0.992838 0.0825045
-0.0864027 -0.992838 0.0825045
0.412351 0.0361479 0.910308
0.412351 0.0361479 0.910308
-0.301792 -0.0564352 -0.951702
-0.301792 -0.0564352 -0.951702
0.196962 0.972551 -0.123899
0.196962 0.972551 -0.123899
-0.399705 0.152551 0.903861
-0.753011 -0.576361 0.317463
-0.905588 0.0869672 -0.415147
-0.552282 0.815879 0.171251
BONE = 14
BONE_NAME = Facial_Lip_Upper
PARENT_ID = 8
LOCALTM 
MAT 0.916107 0.163142 -0.366241 0.0
MAT -0.158359 0.986432 0.0432896 0.0
MAT 0.368334 0.0183395 0.929513 0.0
MAT 11.2856 -0.103683 -3.80826 1.0
WORLDTM 
MAT 0.922982 -0.169365 -0.345573 0.0
MAT 0.357713 0.0463748 0.932679 0.0
MAT -0.141937 -0.984462 0.103387 0.0
MAT 42.3336 109.606 -32.0504 1.0
VERTEX = 9
41.5678 108.929 -31.9268
41.9734 109.191 -32.0558
42.1356 109.173 -31.5832
41.7299 108.91 -31.4542
43.6475 105.849 -32.5223
43.688 105.875 -32.5352
43.7043 105.873 -32.4879
43.6637 105.847 -32.475
41.73 109.263 -31.705
INDEX = 14
4 5 7
6 7 5
1 2 5
6 5 2
0 1 4
5 4 1
7 6 3
2 3 6
4 7 0
3 0 7
8 1 0
8 2 1
8 3 2
8 0 3
FACE-NORMAL = 14
0.486456 -0.8505 -0.200026
0.486456 -0.8505 -0.200026
0.83898 0.472803 -0.269389
0.83898 0.472803 -0.269389
-0.294553 -0.0141665 -0.95553
-0.294553 -0.0141665 -0.95553
0.352823 -0.0877103 0.93157
0.352823 -0.0877103 0.93157
-0.78071 -0.57468 0.245429
-0.78071 -0.57468 0.245429
-0.57327 0.627443 -0.526951
0.2297 0.972402 -0.0409033
-0.114683 0.575346 0.80983
-0.917653 0.230387 0.323783
BONE = 15
BONE_NAME = Facial_Lip_Lower
PARENT_ID = 8
LOCALTM 
MAT 0.890193 0.0704506 0.450105 0.0
MAT 0.144654 -0.980556 -0.132612 0.0
MAT 0.43201 0.183159 -0.883074 0.0
MAT 10.8737 -0.106963 -3.1515 1.0
WORLDTM 
MAT 0.486456 -0.8505 -0.200026 0.0
MAT -0.324271 0.036838 -0.945247 0.0
MAT 0.811301 0.524683 -0.257872 0.0
MAT 41.73 109.263 -31.705 1.0
VERTEX = 9
74.6219 172.639 -37.038
74.6219 172.639 -36.538
74.6219 172.139 -36.538
74.6219 172.139 -37.038
78.3719 172.414 -36.813
78.3719 172.414 -36.763
78.3719 172.364 -36.763
78.3719 172.364 -36.813
74.3719 172.389 -36.788
INDEX = 14
4 5 7
6 7 5
1 2 5
6 5 2
0 1 4
5 4 1
7 6 3
2 3 6
4 7 0
3 0 7
8 1 0
8 2 1
8 3 2
8 0 3
FACE-NORMAL = 14
1.0 -5.83008e-007 2.09082e-007
1.0 -5.83008e-007 2.09082e-007
0.0598921 -1.06125e-006 0.998205
0.0598922 -1.06125e-006 0.998205
0.0598924 0.998205 1.06861e-006
0.0598924 0.998205 1.06861e-006
0.0598922 -0.998205 -1.04356e-006
0.0598922 -0.998205 -1.04356e-006
0.0598925 9.91417e-007 -0.998205
0.0598924 9.91417e-007 -0.998205
-0.707107 0.707107 6.00263e-007
-0.707107 -3.14784e-007 0.707107
-0.707107 -0.707107 -8.9595e-007
-0.707107 1.13928e-006 -0.707107
BONE = 16
BONE_NAME = FxTop
PARENT_ID = 8
LOCALTM 
MAT 0.736623 0.500834 -0.45448 0.0
MAT -0.525111 6.17945e-005 -0.851034 0.0
MAT -0.426198 0.865544 0.263039 0.0
MAT 3.93701 11.8455 -73.0455 1.0
WORLDTM 
MAT 1.0 -5.83008e-007 2.09082e-007 0.0
MAT 0.0 1.0 1.05798e-006 0.0
MAT -1.48546e-007 -1.02818e-006 1.0 0.0
MAT 74.3719 172.389 -36.788 1.0
VERTEX = 9
33.1193 114.838 -0.302514
33.123 115.096 0.125276
32.8869 114.72 0.354911
32.8831 114.461 -0.0728785
60.154 102.238 7.34801
60.1544 102.263 7.39079
60.1308 102.226 7.41376
60.1304 102.2 7.37098
32.7827 114.881 -0.0335166
INDEX = 14
4 5 7
6 7 5
1 2 5
6 5 2
0 1 4
5 4 1
7 6 3
2 3 6
4 7 0
3 0 7
8 1 0
8 2 1
8 3 2
8 0 3
FACE-NORMAL = 14
0.881414 -0.407499 0.238861
0.881414 -0.407499 0.238861
0.0138883 0.514627 0.857302
0.0138883 0.514627 0.857302
0.478714 0.749343 -0.457513
0.478714 0.749343 -0.457513
-0.465833 -0.755298 0.461004
-0.465833 -0.755298 0.461004
-0.001007 -0.520582 -0.853811
-0.001007 -0.520582 -0.853811
-0.289297 0.82013 -0.493654
-0.617987 0.654157 0.436086
-0.95721 -0.243839 0.155854
-0.62852 -0.0778659 -0.773886
BONE = 17
BONE_NAME = Bip01-L-Clavicle
PARENT_ID = 6
LOCALTM 
MAT 0.29434 0.877691 0.378183 0.0
MAT 0.955701 -0.270012 -0.117177 0.0
MAT -0.000731826 0.395919 -0.918285 0.0
MAT 4.10204 6.70902 0.850014 1.0
WORLDTM 
MAT 0.881414 -0.407499 0.238861 0.0
MAT 0.472286 0.75234 -0.459271 0.0
MAT 0.00744787 0.517618 0.855579 0.0
MAT 32.7827 114.881 -0.0335166 1.0
VERTEX = 9
60.1173 102.067 6.98106
60.5307 102.255 7.1907
60.4301 102.005 7.61217
60.0166 101.818 7.40253
86.6539 62.7568 -9.68106
86.6953 62.7755 -9.66009
86.6852 62.7506 -9.61794
86.6439 62.7318 -9.63891
60.1424 102.232 7.38089
INDEX = 14
4 5 7
6 7 5
1 2 5
6 5 2
0 1 4
5 4 1
7 6 3
2 3 6
4 7 0
3 0 7
8 1 0
8 2 1
8 3 2
8 0 3
FACE-NORMAL = 14
0.525086 -0.781438 -0.337104
0.525086 -0.781438 -0.337104
0.829239 0.371257 0.417769
0.829239 0.371257 0.417769
0.203659 0.495407 -0.844449
0.203659 0.495407 -0.844449
-0.198958 -0.502402 0.841432
-0.198958 -0.502402 0.841432
-0.824539 -0.378252 -0.420787
-0.824539 -0.378252 -0.420787
-0.228944 0.905343 -0.357686
0.213413 0.817554 0.534846
-0.51364 0.199778 0.834424
-0.955996 0.287566 -0.0581087
BONE = 18
BONE_NAME = Bip01-L-UpperArm
PARENT_ID = 17
LOCALTM 
MAT 0.700732 -0.185094 -0.688995 0.0
MAT -0.227215 0.857568 -0.461465 0.0
MAT 0.676275 0.479914 0.55887 0.0
MAT 31.0407 7.62939e-006 1.14441e-005 1.0
WORLDTM 
MAT 0.525086 -0.781438 -0.337104 0.0
MAT 0.20131 0.49891 -0.842949 0.0
MAT 0.826897 0.374758 0.419282 0.0
MAT 60.1424 102.232 7.38089 1.0
VERTEX = 9
86.437 63.0835 -9.80645
86.5202 62.6507 -10.0427
86.4196 62.4013 -9.62121
86.3363 62.834 -9.38498
44.1768 60.796 -20.9858
44.1851 60.7528 -21.0095
44.175 60.7278 -20.9673
44.1667 60.7711 -20.9437
86.6696 62.7537 -9.64951
INDEX = 14
4 5 7
6 7 5
1 2 5
6 5 2
0 1 4
5 4 1
7 6 3
2 3 6
4 7 0
3 0 7
8 1 0
8 2 1
8 3 2
8 0 3
FACE-NORMAL = 14
-0.965271 -0.0452439 -0.257302
-0.965271 -0.0452439 -0.257302
0.161545 -0.865693 -0.473792
0.161545 -0.865693 -0.473792
0.196346 0.498671 -0.84426
0.196346 0.498671 -0.84426
-0.20627 -0.499136 0.841615
-0.20627 -0.499136 0.841615
-0.171468 0.865228 0.471146
-0.171468 0.865228 0.471146
0.824898 0.384775 -0.414115
0.800289 -0.579989 -0.152151
0.540202 -0.32079 0.777995
0.56481 0.643974 0.51603
BONE = 19
BONE_NAME = Bip01-L-Forearm
PARENT_ID = 18
LOCALTM 
MAT -0.384758 1.19209e-007 -0.923018 0.0
MAT 0.0 1.0 1.3411e-007 0.0
MAT 0.923018 0.0 -0.384758 0.0
MAT 50.5197 0.0 0.0 1.0
WORLDTM 
MAT -0.965271 -0.0452439 -0.257302 0.0
MAT 0.201311 0.49891 -0.842949 0.0
MAT 0.166509 -0.865472 -0.472475 0.0
MAT 86.6696 62.7537 -9.64951 1.0
VERTEX = 9
43.993 60.4446 -20.7456
44.023 60.9235 -20.6051
43.8805 61.0667 -21.0625
43.8505 60.5878 -21.203
38.3465 60.5774 -19.191
38.3495 60.6253 -19.177
38.3353 60.6396 -19.2227
38.3323 60.5917 -19.2368
44.1759 60.7619 -20.9766
INDEX = 14
4 5 7
6 7 5
1 2 5
6 5 2
0 1 4
5 4 1
7 6 3
2 3 6
4 7 0
3 0 7
8 1 0
8 2 1
8 3 2
8 0 3
FACE-NORMAL = 14
-0.956652 -0.0251525 0.290146
-0.956652 -0.0251525 0.290146
0.0232433 0.956136 0.291999
0.0232433 0.956136 0.291999
0.247993 -0.287053 0.925257
0.247993 -0.287053 0.925257
-0.321535 0.285119 -0.902952
-0.321535 0.285119 -0.902952
-0.0967854 -0.95807 -0.269695
-0.0967854 -0.95807 -0.269695
0.877962 -0.184657 0.441683
0.718923 0.69506 -0.00642869
0.474947 0.220228 -0.852012
0.633987 -0.659489 -0.4039
BONE = 20
BONE_NAME = Bip01-L-Hand
PARENT_ID = 19
LOCALTM 
MAT 0.849911 -0.449711 -0.274609 0.0
MAT -0.497499 -0.856581 -0.136978 0.0
MAT -0.173624 0.253037 -0.951749 0.0
MAT 44.0225 1.52588e-005 -7.62939e-006 1.0
WORLDTM 
MAT -0.956652 -0.0251525 0.290146 0.0
MAT 0.284975 -0.286297 0.91478 0.0
MAT 0.0600587 0.957811 0.281055 0.0
MAT 44.1759 60.7619 -20.9766 1.0
VERTEX = 9
38.8303 58.386 -23.8684
38.8379 58.3712 -23.3687
38.9687 58.8536 -23.3563
38.9611 58.8684 -23.8561
28.9892 61.276 -23.4087
28.99 61.2745 -23.3587
29.003 61.3227 -23.3575
29.0023 61.3242 -23.4075
39.1407 58.5545 -23.6179
INDEX = 14
4 5 7
6 7 5
1 2 5
6 5 2
0 1 4
5 4 1
7 6 3
2 3 6
4 7 0
3 0 7
8 1 0
8 2 1
8 3 2
8 0 3
FACE-NORMAL = 14
-0.965049 0.261116 0.0223404
-0.965049 0.261116 0.0223404
-0.00603694 -0.023895 0.999696
-0.00603694 -0.023895 0.999696
-0.282724 -0.958897 -0.0241467
-0.282724 -0.958897 -0.0241467
0.240416 0.970345 0.0251261
0.240416 0.970345 0.0251261
-0.0362712 0.0353425 -0.998717
-0.0362712 0.0353425 -0.998717
0.49739 -0.866891 -0.0332218
0.693085 -0.205585 0.690919
0.867395 0.497617 0.00162774
0.671701 -0.163688 -0.722513
BONE = 21
BONE_NAME = Bip01-L-Finger0
PARENT_ID = 20
LOCALTM 
MAT 0.92313 -0.329334 0.198418 0.0
MAT 0.26741 0.179134 -0.946786 0.0
MAT 0.276266 0.927065 0.253431 0.0
MAT 4.10602 -3.21918 -3.15909 1.0
WORLDTM 
MAT -0.965049 0.261116 0.0223404 0.0
MAT -0.261633 -0.964853 -0.0246423 0.0
MAT 0.0151208 -0.0296259 0.999447 0.0
MAT 39.1407 58.5545 -23.6179 1.0
VERTEX = 9
28.6002 61.1499 -23.4748
28.8459 61.0724 -23.0463
28.9768 61.5548 -23.034
28.731 61.6324 -23.4625
21.3869 63.2172 -18.7004
21.4114 63.2094 -18.6575
21.4245 63.2577 -18.6563
21.3999 63.2654 -18.6991
28.9961 61.2993 -23.3831
INDEX = 14
4 5 7
6 7 5
1 2 5
6 5 2
0 1 4
5 4 1
7 6 3
2 3 6
4 7 0
3 0 7
8 1 0
8 2 1
8 3 2
8 0 3
FACE-NORMAL = 14
-0.830631 0.212088 0.51485
-0.830631 0.212088 0.51485
0.470351 -0.149754 0.869681
0.470351 -0.149754 0.869681
-0.282569 -0.959177 -0.0116054
-0.282569 -0.959177 -0.0116054
0.240529 0.969911 0.0376635
0.240529 0.969911 0.0376635
-0.512391 0.160488 -0.843622
-0.512391 0.160488 -0.843622
0.402342 -0.832223 -0.381479
0.934908 -0.259691 0.241884
0.772347 0.532285 -0.346629
0.239782 -0.0402468 -0.969992
BONE = 22
BONE_NAME = Bip01-L-Finger01
PARENT_ID = 21
LOCALTM 
MAT 0.868481 0.0 0.495722 0.0
MAT 0.0 1.0 0.0 0.0
MAT -0.495722 0.0 0.868481 0.0
MAT 10.512 1.52588e-005 -1.90735e-006 1.0
WORLDTM 
MAT -0.830631 0.212088 0.51485 0.0
MAT -0.261633 -0.964853 -0.0246424 0.0
MAT 0.491528 -0.15517 0.856926 0.0
MAT 28.9961 61.2993 -23.3831 1.0
VERTEX = 9
21.0495 63.0703 -18.4976
21.5188 62.9402 -18.3845
21.6496 63.4226 -18.3722
21.1803 63.5527 -18.4852
18.8911 63.6184 -7.90963
18.938 63.6054 -7.89832
18.9511 63.6536 -7.89709
18.9042 63.6666 -7.90839
21.4057 63.2374 -18.6783
INDEX = 14
4 5 7
6 7 5
1 2 5
6 5 2
0 1 4
5 4 1
7 6 3
2 3 6
4 7 0
3 0 7
8 1 0
8 2 1
8 3 2
8 0 3
FACE-NORMAL = 14
-0.224547 0.0360185 0.973797
-0.224547 0.0360185 0.973797
0.93381 -0.259506 0.246285
0.93381 -0.259506 0.246285
-0.266247 -0.963895 -0.0043819
-0.266247 -0.963895 -0.00438189
0.256905 0.965393 0.0448921
0.256905 0.965393 0.0448921
-0.943151 0.261004 -0.205775
-0.943151 0.261004 -0.205775
-0.0262234 -0.707723 -0.706003
0.822528 -0.209537 -0.528717
0.343781 0.656785 -0.671154
-0.504971 0.158599 -0.84844
BONE = 23
BONE_NAME = Bip01-L-Finger02
PARENT_ID = 22
LOCALTM 
MAT 0.695515 0.0 0.718512 0.0
MAT 0.0 1.0 0.0 0.0
MAT -0.718512 0.0 0.695515 0.0
MAT 9.13816 -1.52588e-005 -9.53674e-007 1.0
WORLDTM 
MAT -0.224547 0.0360185 0.973797 0.0
MAT -0.261633 -0.964853 -0.0246423 0.0
MAT 0.938683 -0.260311 0.226079 0.0
MAT 21.4057 63.2374 -18.6783 1.0
VERTEX = 9
18.5649 63.4689 -7.72258
19.0342 63.3387 -7.60955
19.165 63.8211 -7.59722
18.6957 63.9513 -7.71026
17.9929 63.7625 -4.01443
18.0398 63.7494 -4.00313
18.0529 63.7977 -4.00189
18.006 63.8107 -4.0132
18.9211 63.636 -7.90335
INDEX = 14
4 5 7
6 7 5
1 2 5
6 5 2
0 1 4
5 4 1
7 6 3
2 3 6
4 7 0
3 0 7
8 1 0
8 2 1
8 3 2
8 0 3
FACE-NORMAL = 14
-0.224547 0.0360185 0.973797
-0.224547 0.0360185 0.973797
0.92355 -0.257686 0.283996
0.92355 -0.257687 0.283996
-0.274612 -0.960964 0.0337248
-0.274612 -0.960964 0.0337248
0.247714 0.965278 0.082921
0.247714 0.965278 0.082921
-0.950447 0.262001 -0.16735
-0.950447 0.262001 -0.16735
-0.0262234 -0.707723 -0.706003
0.822528 -0.209537 -0.528717
0.343781 0.656785 -0.671154
-0.504971 0.158599 -0.84844
BONE = 24
BONE_NAME = Bip01-L-Finger0Nub
PARENT_ID = 23
LOCALTM 
MAT 1.0 0.0 0.0 0.0
MAT 0.0 1.0 0.0 0.0
MAT 0.0 0.0 1.0 0.0
MAT 11.0649 0.0 1.90735e-006 1.0
WORLDTM 
MAT -0.224547 0.0360185 0.973797 0.0
MAT -0.261633 -0.964853 -0.0246423 0.0
MAT 0.938683 -0.260311 0.226079 0.0
MAT 18.9211 63.636 -7.90335 1.0
VERTEX = 9
28.8068 53.7653 -20.5875
28.9269 54.2382 -20.4784
28.7083 54.3912 -20.9013
28.5883 53.9183 -21.0104
19.5279 55.1946 -15.541
19.5399 55.2419 -15.5301
19.518 55.2572 -15.5724
19.506 55.2099 -15.5833
28.9743 54.0513 -20.8661
INDEX = 14
4 5 7
6 7 5
1 2 5
6 5 2
0 1 4
5 4 1
7 6 3
2 3 6
4 7 0
3 0 7
8 1 0
8 2 1
8 3 2
8 0 3
FACE-NORMAL = 14
-0.866775 0.107721 0.486926
-0.866775 0.107721 0.486926
0.221756 0.947977 0.228392
0.221756 0.947977 0.228392
0.418692 -0.30367 0.855852
0.418692 -0.30367 0.855852
-0.455294 0.308218 -0.83529
-0.455294 0.308218 -0.83529
-0.258359 -0.943429 -0.20783
-0.258359 -0.943429 -0.20783
0.921972 -0.292554 0.253733
0.782687 0.592692 -0.190047
0.303833 0.140213 -0.942351
0.443118 -0.745032 -0.498571
BONE = 25
BONE_NAME = Bip01-L-Finger1
PARENT_ID = 20
LOCALTM 
MAT 0.967772 0.167582 0.187972 0.0
MAT -0.165052 0.985854 -0.0291457 0.0
MAT -0.190197 -0.00281852 0.981742 0.0
MAT 14.7435 -2.30978 -7.30946 1.0
WORLDTM 
MAT -0.866775 0.107721 0.486926 0.0
MAT 0.43709 -0.306012 0.845759 0.0
MAT 0.240111 0.945914 0.21816 0.0
MAT 28.9743 54.0513 -20.8661 1.0
VERTEX = 9
19.3308 55.2054 -15.1692
19.7334 55.4813 -15.2774
19.5149 55.6343 -15.7003
19.1122 55.3584 -15.5921
15.0271 63.8963 -10.0665
15.0674 63.9239 -10.0773
15.0455 63.9392 -10.1196
15.0052 63.9116 -10.1088
19.5229 55.2259 -15.5567
INDEX = 14
4 5 7
6 7 5
1 2 5
6 5 2
0 1 4
5 4 1
7 6 3
2 3 6
4 7 0
3 0 7
8 1 0
8 2 1
8 3 2
8 0 3
FACE-NORMAL = 14
-0.400451 0.775783 0.487647
-0.400451 0.775783 0.487647
0.796958 0.567646 -0.206484
0.796958 0.567646 -0.206484
0.428774 -0.290016 0.855595
0.428774 -0.290016 0.855595
-0.445222 0.321879 -0.835567
-0.445222 0.321879 -0.835567
-0.813405 -0.535783 0.226513
-0.813405 -0.535783 0.226513
0.592231 -0.764945 0.253224
0.852631 -0.158358 -0.497938
-0.0259077 -0.332178 -0.942861
-0.286308 -0.938765 -0.191699
BONE = 26
BONE_NAME = Bip01-L-Finger11
PARENT_ID = 25
LOCALTM 
MAT 0.668117 0.0 0.744056 0.0
MAT 0.0 1.0 0.0 0.0
MAT -0.744056 0.0 0.668118 0.0
MAT 10.904 -5.72205e-006 1.14441e-005 1.0
WORLDTM 
MAT -0.400451 0.775783 0.487647 0.0
MAT 0.43709 -0.306012 0.845759 0.0
MAT 0.805351 0.551831 -0.216544 0.0
MAT 19.5229 55.2259 -15.5567 1.0
VERTEX = 9
14.9694 64.0889 -9.70098
15.4103 64.0692 -9.93598
15.1918 64.2222 -10.3589
14.7509 64.242 -10.1239
17.1307 75.2094 -7.06039
17.1748 75.2074 -7.08389
17.153 75.2227 -7.12617
17.1089 75.2247 -7.10267
15.0363 63.9178 -10.0931
INDEX = 14
4 5 7
6 7 5
1 2 5
6 5 2
0 1 4
5 4 1
7 6 3
2 3 6
4 7 0
3 0 7
8 1 0
8 2 1
8 3 2
8 0 3
FACE-NORMAL = 14
0.177268 0.951206 0.252552
0.177268 0.951206 0.252552
0.88504 -0.0211282 -0.465035
0.88504 -0.0211282 -0.465035
0.440438 -0.287552 0.850487
0.440438 -0.287552 0.850487
-0.433579 0.324357 -0.840715
-0.433579 0.324357 -0.840715
-0.878181 0.0579332 0.474807
-0.878181 0.0579332 0.474807
0.183722 -0.888988 0.419461
0.498162 -0.700562 -0.510928
-0.434417 -0.456221 -0.776624
-0.748857 -0.644647 0.153765
BONE = 27
BONE_NAME = Bip01-L-Finger12
PARENT_ID = 26
LOCALTM 
MAT 0.790099 0.0 0.61298 0.0
MAT 0.0 1.0 0.0 0.0
MAT -0.61298 0.0 0.790099 0.0
MAT 11.204 3.8147e-006 -1.90735e-005 1.0
WORLDTM 
MAT 0.177268 0.951207 0.252552 0.0
MAT 0.43709 -0.306012 0.845759 0.0
MAT 0.881776 -0.0395381 -0.470009 0.0
MAT 15.0363 63.9178 -10.0931 1.0
VERTEX = 9
17.075 75.3872 -6.7012
17.5159 75.3675 -6.9362
17.2973 75.5205 -7.35908
16.8564 75.5402 -7.12408
17.8398 79.0142 -6.05018
17.8839 79.0122 -6.07368
17.862 79.0275 -6.11597
17.8179 79.0295 -6.09246
17.1418 75.216 -7.09328
INDEX = 14
4 5 7
6 7 5
1 2 5
6 5 2
0 1 4
5 4 1
7 6 3
2 3 6
4 7 0
3 0 7
8 1 0
8 2 1
8 3 2
8 0 3
FACE-NORMAL = 14
0.177268 0.951206 0.252552
0.177268 0.951206 0.252552
0.89081 0.0175028 -0.454039
0.89081 0.0175028 -0.454039
0.446923 -0.248493 0.859367
0.446923 -0.248493 0.859367
-0.425689 0.362433 -0.829115
-0.425689 0.362433 -0.829115
-0.869576 0.096437 0.484291
-0.869576 0.096437 0.484291
0.183722 -0.888988 0.419461
0.498162 -0.700562 -0.510928
-0.434417 -0.456221 -0.776624
-0.748857 -0.644647 0.153765
BONE = 28
BONE_NAME = Bip01-L-Finger1Nub
PARENT_ID = 27
LOCALTM 
MAT 1.0 0.0 0.0 0.0
MAT 0.0 1.0 0.0 0.0
MAT 0.0 0.0 1.0 0.0
MAT 11.8778 0.0 -2.86102e-006 1.0
WORLDTM 
MAT 0.177268 0.951207 0.252552 0.0
MAT 0.43709 -0.306012 0.845759 0.0
MAT 0.881776 -0.0395381 -0.470009 0.0
MAT 17.1418 75.216 -7.09328 1.0
VERTEX = 9
31.3628 51.0033 -14.2428
31.5628 51.4457 -14.3622
31.3231 51.4357 -14.8008
31.123 50.9933 -14.6815
21.6043 57.0029 -9.302
21.6243 57.0471 -9.31394
21.6003 57.0461 -9.3578
21.5803 57.0019 -9.34587
31.5382 51.1031 -14.6259
INDEX = 14
4 5 7
6 7 5
1 2 5
6 5 2
0 1 4
5 4 1
7 6 3
2 3 6
4 7 0
3 0 7
8 1 0
8 2 1
8 3 2
8 0 3
FACE-NORMAL = 14
-0.781043 0.465467 0.416308
-0.781043 0.465467 0.416308
0.385926 0.893094 -0.23118
0.385926 0.893094 -0.23118
0.46532 0.0282934 0.88469
0.46532 0.0282934 0.88469
-0.493498 -0.0115009 -0.869671
-0.493498 -0.0115009 -0.869671
-0.414104 -0.876301 0.246199
-0.414104 -0.876301 0.246199
0.891329 -0.315063 0.325987
0.83518 0.296543 -0.463181
0.213232 -0.343207 -0.914736
0.269381 -0.954812 -0.125568
BONE = 29
BONE_NAME = Bip01-L-Finger2
PARENT_ID = 20
LOCALTM 
MAT 0.856269 0.0249914 0.515926 0.0
MAT -0.20465 0.933502 0.294434 0.0
MAT -0.47426 -0.357699 0.804443 0.0
MAT 14.1755 4.97335 -8.22542 1.0
WORLDTM 
MAT -0.781043 0.465467 0.416308 0.0
MAT 0.479487 0.0199004 0.877323 0.0
MAT 0.40008 0.884842 -0.238728 0.0
MAT 31.5382 51.1031 -14.6259 1.0
VERTEX = 9
21.4261 57.1389 -8.95125
21.815 57.3656 -9.16893
21.5752 57.3556 -9.6076
21.1864 57.129 -9.38992
16.4246 68.3496 -6.72851
16.4635 68.3723 -6.75028
16.4395 68.3713 -6.79414
16.4006 68.3486 -6.77237
21.6023 57.0245 -9.3299
INDEX = 14
4 5 7
6 7 5
1 2 5
6 5 2
0 1 4
5 4 1
7 6 3
2 3 6
4 7 0
3 0 7
8 1 0
8 2 1
8 3 2
8 0 3
FACE-NORMAL = 14
-0.406423 0.891096 0.201911
-0.406423 0.891096 0.201911
0.770304 0.469378 -0.431644
0.770304 0.469378 -0.431644
0.472078 0.0359712 0.880823
0.472078 0.0359712 0.880823
-0.48674 -0.00382323 -0.873538
-0.48674 -0.00382323 -0.873538
-0.784966 -0.43723 0.438928
-0.784966 -0.43723 0.438928
0.626433 -0.616028 0.477589
0.837345 -0.309514 -0.450616
-0.0516643 -0.644172 -0.763134
-0.262576 -0.950687 0.165071
BONE = 30
BONE_NAME = Bip01-L-Finger21
PARENT_ID = 29
LOCALTM 
MAT 0.816267 0.0 0.577676 0.0
MAT 0.0 1.0 0.0 0.0
MAT -0.577675 0.0 0.816267 0.0
MAT 12.7213 -3.8147e-006 0.0 1.0
WORLDTM 
MAT -0.406423 0.891097 0.201911 0.0
MAT 0.479487 0.0199004 0.877323 0.0
MAT 0.777761 0.453378 -0.435357 0.0
MAT 21.6023 57.0245 -9.3299 1.0
VERTEX = 9
16.5273 68.7181 -6.53652
16.8612 68.3897 -6.71157
16.6214 68.3797 -7.15023
16.2875 68.7081 -6.97518
25.0815 79.8366 -11.7204
25.1149 79.8037 -11.7379
25.0909 79.8027 -11.7817
25.0575 79.8356 -11.7642
16.432 68.3605 -6.76132
INDEX = 14
4 5 7
6 7 5
1 2 5
6 5 2
0 1 4
5 4 1
7 6 3
2 3 6
4 7 0
3 0 7
8 1 0
8 2 1
8 3 2
8 0 3
FACE-NORMAL = 14
0.569274 0.753787 -0.328226
0.569274 0.753787 -0.328226
0.676336 -0.645402 -0.355001
0.676336 -0.645402 -0.355001
0.487998 0.0312399 0.872285
0.487998 0.0312399 0.872285
-0.470867 -0.00855649 -0.882163
-0.470867 -0.00855649 -0.882163
-0.659205 0.668085 0.345124
-0.659205 0.668085 0.345124
-0.0634893 -0.518936 0.852452
0.0697009 -0.997448 -0.0154685
-0.741586 -0.547079 -0.38827
-0.874777 -0.0685671 0.47965
BONE = 31
BONE_NAME = Bip01-L-Finger22
PARENT_ID = 30
LOCALTM 
MAT 0.374058 0.0 0.927405 0.0
MAT 0.0 1.0 0.0 0.0
MAT -0.927405 0.0 0.374058 0.0
MAT 12.7214 6.19888e-006 0.0 1.0
WORLDTM 
MAT 0.569274 0.753787 -0.328226 0.0
MAT 0.479487 0.0199004 0.877323 0.0
MAT 0.667847 -0.656818 -0.350102 0.0
MAT 16.432 68.3605 -6.76132 1.0
VERTEX = 9
25.1815 80.1773 -11.5263
25.5154 79.8488 -11.7013
25.2757 79.8389 -12.14
24.9417 80.1673 -11.9649
27.3586 82.8517 -13.0333
27.392 82.8188 -13.0508
27.3681 82.8179 -13.0947
27.3347 82.8507 -13.0772
25.0862 79.8196 -11.7511
INDEX = 14
4 5 7
6 7 5
1 2 5
6 5 2
0 1 4
5 4 1
7 6 3
2 3 6
4 7 0
3 0 7
8 1 0
8 2 1
8 3 2
8 0 3
FACE-NORMAL = 14
0.569274 0.753787 -0.328226
0.569274 0.753787 -0.328226
0.700743 -0.610493 -0.369131
0.700743 -0.610493 -0.369131
0.512721 0.0650107 0.85609
0.512721 0.0650107 0.85609
-0.444531 0.0252813 -0.895407
-0.444531 0.0252813 -0.895407
-0.632552 0.700785 0.329815
-0.632552 0.700785 0.329815
-0.0634894 -0.518936 0.852452
0.0697008 -0.997448 -0.0154685
-0.741586 -0.547079 -0.38827
-0.874777 -0.0685672 0.47965
BONE = 32
BONE_NAME = Bip01-L-Finger2Nub
PARENT_ID = 31
LOCALTM 
MAT 1.0 0.0 0.0 0.0
MAT 0.0 1.0 0.0 0.0
MAT 0.0 0.0 1.0 0.0
MAT 15.2022 1.90735e-006 1.90735e-005 1.0
WORLDTM 
MAT 0.569274 0.753787 -0.328226 0.0
MAT 0.479487 0.0199004 0.877323 0.0
MAT 0.667847 -0.656818 -0.350102 0.0
MAT 25.0862 79.8196 -11.7511 1.0
VERTEX = 9
32.596 51.9178 -7.18733
32.736 52.3125 -7.46039
32.4932 52.1254 -7.85541
32.3531 51.7307 -7.58234
23.7278 57.1951 -4.52007
23.7418 57.2346 -4.54738
23.7175 57.2159 -4.58688
23.7035 57.1764 -4.55957
32.7516 51.9 -7.59101
INDEX = 14
4 5 7
6 7 5
1 2 5
6 5 2
0 1 4
5 4 1
7 6 3
2 3 6
4 7 0
3 0 7
8 1 0
8 2 1
8 3 2
8 0 3
FACE-NORMAL = 14
-0.82804 0.486568 0.27857
-0.82804 0.486568 0.27857
0.262627 0.799561 -0.540119
0.262627 0.799562 -0.540119
0.468056 0.384353 0.795736
0.468056 0.384354 0.795736
-0.503022 -0.363807 -0.783973
-0.503022 -0.363807 -0.783973
-0.297594 -0.779015 0.551883
-0.297593 -0.779015 0.551883
0.928917 -0.0794822 0.361657
0.783625 0.21418 -0.583146
0.242108 -0.608629 -0.755615
0.387401 -0.902291 0.189188
BONE = 33
BONE_NAME = Bip01-L-Finger3
PARENT_ID = 20
LOCALTM 
MAT 0.860733 -0.120442 0.494602 0.0
MAT -0.244782 0.75398 0.609587 0.0
MAT -0.44634 -0.645762 0.619493 0.0
MAT 15.0357 11.5264 -5.41214 1.0
WORLDTM 
MAT -0.82804 0.486568 0.27857 0.0
MAT 0.485647 0.374163 0.790031 0.0
MAT 0.280173 0.789464 -0.546122 0.0
MAT 32.7516 51.9 -7.59101 1.0
VERTEX = 9
23.5386 57.3233 -4.17964
23.7972 57.626 -4.48203
23.5544 57.439 -4.87704
23.2958 57.1362 -4.57466
15.2872 65.6065 -3.31517
15.3131 65.6367 -3.34541
15.2888 65.618 -3.38491
15.263 65.5878 -3.35467
23.7227 57.2055 -4.55348
INDEX = 14
4 5 7
6 7 5
1 2 5
6 5 2
0 1 4
5 4 1
7 6 3
2 3 6
4 7 0
3 0 7
8 1 0
8 2 1
8 3 2
8 0 3
FACE-NORMAL = 14
-0.704687 0.702358 0.100544
-0.704687 0.702358 0.100544
0.503642 0.618924 -0.602725
0.503642 0.618924 -0.602725
0.472031 0.387577 0.791815
0.472031 0.387577 0.791815
-0.499085 -0.360612 -0.787955
-0.499085 -0.360612 -0.787955
-0.530696 -0.591959 0.606585
-0.530696 -0.591959 0.606585
0.841694 -0.232069 0.487541
0.86405 -0.0684516 -0.49873
0.154884 -0.761216 -0.629731
0.132528 -0.924833 0.356539
BONE = 34
BONE_NAME = Bip01-L-Finger31
PARENT_ID = 33
LOCALTM 
MAT 0.953262 0.0 0.302143 0.0
MAT 0.0 1.0 0.0 0.0
MAT -0.302143 -1.19209e-007 0.953262 0.0
MAT 10.904 0.0 3.8147e-006 1.0
WORLDTM 
MAT -0.704687 0.702358 0.100544 0.0
MAT 0.485647 0.374163 0.79003 0.0
MAT 0.517264 0.605553 -0.604766 0.0
MAT 23.7227 57.2055 -4.55348 1.0
VERTEX = 9
15.1033 65.8225 -3.0196
15.4519 66.0122 -3.32374
15.2091 65.8251 -3.71876
14.8605 65.6354 -3.41462
8.23135 76.9255 -4.33852
8.2662 76.9445 -4.36893
8.24192 76.9257 -4.40843
8.20706 76.9068 -4.37802
15.288 65.6123 -3.35004
INDEX = 14
4 5 7
6 7 5
1 2 5
6 5 2
0 1 4
5 4 1
7 6 3
2 3 6
4 7 0
3 0 7
8 1 0
8 2 1
8 3 2
8 0 3
FACE-NORMAL = 14
-0.527398 0.846163 -0.076546
-0.527398 0.846163 -0.076546
0.68799 0.39394 -0.609493
0.68799 0.39394 -0.609493
0.476533 0.388617 0.788602
0.476533 0.388617 0.788602
-0.494619 -0.3596 -0.791227
-0.494619 -0.3596 -0.791227
-0.706076 -0.364922 0.606868
-0.706076 -0.364922 0.606868
0.716331 -0.333754 0.612762
0.865876 -0.32999 -0.375986
0.0295226 -0.862901 -0.50451
-0.120022 -0.866665 0.484238
BONE = 35
BONE_NAME = Bip01-L-Finger32
PARENT_ID = 34
LOCALTM 
MAT 0.958264 0.0 0.285884 0.0
MAT 0.0 1.0 -2.38419e-007 0.0
MAT -0.285884 0.0 0.958264 0.0
MAT 11.9693 0.0 3.8147e-006 1.0
WORLDTM 
MAT -0.527398 0.846163 -0.076546 0.0
MAT 0.485647 0.374163 0.790031 0.0
MAT 0.697135 0.379486 -0.60827 0.0
MAT 15.288 65.6123 -3.35004 1.0
VERTEX = 9
8.05191 77.1358 -4.04303
8.40048 77.3256 -4.34717
8.15766 77.1385 -4.74218
7.80909 76.9487 -4.43805
6.12175 80.3101 -4.6447
6.15661 80.3291 -4.67511
6.13233 80.3104 -4.71461
6.09747 80.2914 -4.6842
8.23663 76.9256 -4.37347
INDEX = 14
4 5 7
6 7 5
1 2 5
6 5 2
0 1 4
5 4 1
7 6 3
2 3 6
4 7 0
3 0 7
8 1 0
8 2 1
8 3 2
8 0 3
FACE-NORMAL = 14
-0.527398 0.846163 -0.076546
-0.527398 0.846163 -0.076546
0.664297 0.429484 -0.611763
0.664297 0.429484 -0.611763
0.453188 0.42417 0.784028
0.453188 0.42417 0.784028
-0.516362 -0.322813 -0.793197
-0.516362 -0.322813 -0.793197
-0.727471 -0.328127 0.602594
-0.727471 -0.328127 0.602594
0.716331 -0.333754 0.612762
0.865876 -0.32999 -0.375986
0.0295226 -0.862901 -0.50451
-0.120022 -0.866665 0.484238
BONE = 36
BONE_NAME = Bip01-L-Finger3Nub
PARENT_ID = 35
LOCALTM 
MAT 1.0 0.0 0.0 0.0
MAT 0.0 1.0 0.0 0.0
MAT 0.0 0.0 1.0 0.0
MAT 13.3702 0.0 -3.8147e-006 1.0
WORLDTM 
MAT -0.527398 0.846163 -0.076546 0.0
MAT 0.485647 0.374163 0.790031 0.0
