EXPORTER_V17
ANIMATION_EXPORT
BONEOBJECT_COUNT = 137
VERTEX = 9
0.25 0.25 -0.25
0.25 0.25 0.25
0.25 -0.25 0.25
0.25 -0.25 -0.25
4.0 0.025 -0.025
4.0 0.025 0.025
4.0 -0.025 0.025
4.0 -0.025 -0.025
0.0 0.0 0.0
INDEX = 14
4 5 7
6 7 5
1 2 5
6 5 2
0 1 4
5 4 1
7 6 3
2 3 6
4 7 0
3 0 7
8 1 0
8 2 1
8 3 2
8 0 3
FACE-NORMAL = 14
1.0 0.0 0.0
1.0 0.0 0.0
0.0598923 -1.29276e-006 0.998205
0.0598923 -1.29276e-006 0.998205
0.0598923 0.998205 1.29276e-006
0.0598923 0.998205 1.29276e-006
0.0598923 -0.998205 -1.29276e-006
0.0598923 -0.998205 -1.29276e-006
0.0598923 1.29276e-006 -0.998205
0.0598923 1.29276e-006 -0.998205
-0.707107 0.707107 9.15763e-007
-0.707107 -9.15763e-007 0.707107
-0.707107 -0.707107 -9.15763e-007
-0.707107 9.15763e-007 -0.707107
BONE = 0
BONE_NAME = Dummy_root
PARENT_ID = -1
LOCALTM 
MAT 1.0 0.0 0.0 0.0
MAT 0.0 1.0 1.29509e-006 0.0
MAT 0.0 -1.29509e-006 1.0 0.0
MAT 0.0 0.0 0.0 1.0
WORLDTM 
MAT 1.0 0.0 0.0 0.0
MAT 0.0 1.0 1.29509e-006 0.0
MAT 0.0 -1.29509e-006 1.0 0.0
MAT 0.0 0.0 0.0 1.0
VERTEX = 9
0.25 0.25 -0.25
0.25 0.25 0.25
0.25 -0.25 0.25
0.25 -0.25 -0.25
4.0 0.025 -0.025
4.0 0.025 0.025
4.0 -0.025 0.025
4.0 -0.025 -0.025
0.0 0.0 0.0
INDEX = 14
4 5 7
6 7 5
1 2 5
6 5 2
0 1 4
5 4 1
7 6 3
2 3 6
4 7 0
3 0 7
8 1 0
8 2 1
8 3 2
8 0 3
FACE-NORMAL = 14
1.0 0.0 0.0
1.0 0.0 0.0
0.0598923 -1.29276e-006 0.998205
0.0598923 -1.29276e-006 0.998205
0.0598923 0.998205 1.29276e-006
0.0598923 0.998205 1.29276e-006
0.0598923 -0.998205 -1.29276e-006
0.0598923 -0.998205 -1.29276e-006
0.0598923 1.29276e-006 -0.998205
0.0598923 1.29276e-006 -0.998205
-0.707107 0.707107 9.15763e-007
-0.707107 -9.15763e-007 0.707107
-0.707107 -0.707107 -9.15763e-007
-0.707107 9.15763e-007 -0.707107
BONE = 1
BONE_NAME = FxBottom
PARENT_ID = 0
LOCALTM 
MAT 1.0 0.0 0.0 0.0
MAT 0.0 1.0 0.0 0.0
MAT 0.0 0.0 1.0 0.0
MAT 0.0 0.0 0.0 1.0
WORLDTM 
MAT 1.0 0.0 0.0 0.0
MAT 0.0 1.0 1.29509e-006 0.0
MAT 0.0 -1.29509e-006 1.0 0.0
MAT 0.0 0.0 0.0 1.0
VERTEX = 9
-0.566626 57.5026 4.02944
-0.2864 57.4567 4.44098
-0.324843 56.959 4.41162
-0.60507 57.005 4.00008
2.63446 57.1441 2.08309
2.66248 57.1395 2.12425
2.65864 57.0897 2.12131
2.63062 57.0943 2.08016
-0.651887 57.2384 4.36175
INDEX = 14
4 5 7
6 7 5
1 2 5
6 5 2
0 1 4
5 4 1
7 6 3
2 3 6
4 7 0
3 0 7
8 1 0
8 2 1
8 3 2
8 0 3
FACE-NORMAL = 14
0.824609 -0.0303756 -0.564887
0.824609 -0.0303756 -0.564887
0.608835 -0.0935065 0.787767
0.608835 -0.0935065 0.787767
0.126137 0.991703 0.0247802
0.126137 0.991703 0.0247801
-0.0273617 -0.995342 -0.0924449
-0.0273618 -0.995342 -0.0924449
-0.51006 0.0898679 -0.855431
-0.51006 0.0898679 -0.855431
-0.528719 0.725269 0.440955
-0.186786 -0.0434704 0.981438
-0.637454 -0.682311 0.357915
-0.979387 0.086428 -0.182568
BONE = 2
BONE_NAME = Bip01
PARENT_ID = 0
LOCALTM 
MAT 0.824609 -0.0303764 -0.564887 0.0
MAT 0.0768875 0.995309 0.0587166 0.0
MAT 0.560454 -0.091851 0.823077 0.0
MAT -0.651887 57.2384 4.36168 1.0
WORLDTM 
MAT 0.824609 -0.0303756 -0.564887 0.0
MAT 0.0768875 0.995309 0.0587179 0.0
MAT 0.560454 -0.0918521 0.823077 0.0
MAT -0.651887 57.2384 4.36175 1.0
VERTEX = 9
-0.696186 57.4723 4.72349
-0.284561 57.4539 4.44024
-0.565221 57.5019 4.02924
-0.976846 57.5203 4.31249
1.19681 79.0154 5.67636
1.23797 79.0135 5.64803
1.2099 79.0184 5.60693
1.16874 79.0202 5.63526
-0.651887 57.2384 4.36175
INDEX = 14
4 5 7
6 7 5
1 2 5
6 5 2
0 1 4
5 4 1
7 6 3
2 3 6
4 7 0
3 0 7
8 1 0
8 2 1
8 3 2
8 0 3
FACE-NORMAL = 14
0.0847344 0.994687 0.0584566
0.0847344 0.994687 0.0584566
0.824086 -0.0264974 -0.565844
0.824086 -0.0264974 -0.565844
0.56217 -0.0857804 0.822561
0.56217 -0.0857804 0.822561
-0.560408 0.106459 -0.821346
-0.560408 0.106459 -0.821346
-0.822325 0.0471761 0.56706
-0.822325 0.0471761 0.56706
0.336996 -0.771321 0.539905
0.522209 -0.729399 -0.441899
-0.456829 -0.63538 -0.622575
-0.642042 -0.677301 0.359229
BONE = 3
BONE_NAME = Bip01-Pelvis
PARENT_ID = 2
LOCALTM 
MAT 0.00663719 0.999969 0.00423984 0.0
MAT 0.00145323 -0.00424961 0.99999 0.0
MAT 0.999977 -0.00663096 -0.00148152 0.0
MAT 0.0 0.0 0.0 1.0
WORLDTM 
MAT 0.0847344 0.994687 0.0584566 0.0
MAT 0.561319 -0.096125 0.821998 0.0
MAT 0.82325 -0.0368387 -0.566483 0.0
MAT -0.651887 57.2384 4.36175 1.0
VERTEX = 9
3.54478 79.0236 4.35579
3.92343 78.8172 4.10269
3.67719 78.8914 3.67388
3.29854 79.0977 3.92698
13.1109 98.8836 2.03366
13.1488 98.863 2.00835
13.1241 98.8704 1.96547
13.0863 98.891 1.99078
3.50375 78.7328 4.03757
INDEX = 14
4 5 7
6 7 5
1 2 5
6 5 2
0 1 4
5 4 1
7 6 3
2 3 6
4 7 0
3 0 7
8 1 0
8 2 1
8 3 2
8 0 3
FACE-NORMAL = 14
0.428926 0.898752 -0.0909272
0.428926 0.898752 -0.0909272
0.76161 -0.403484 -0.507101
0.76161 -0.403484 -0.507101
0.4968 -0.139134 0.85664
0.4968 -0.139134 0.85664
-0.488091 0.157381 -0.858486
-0.488091 0.157381 -0.858486
-0.752901 0.421731 0.505255
-0.752901 0.421731 0.505255
0.0449331 -0.740353 0.670715
0.232192 -0.927286 -0.293645
-0.651526 -0.530674 -0.542125
-0.838784 -0.343741 0.422236
BONE = 4
BONE_NAME = Bip01-Spine
PARENT_ID = 3
LOCALTM 
MAT 0.925007 0.07963 0.371513 0.0
MAT -0.0556156 0.995637 -0.0749308 0.0
MAT -0.375859 0.0486495 0.925399 0.0
MAT 21.7133 2.14577e-005 2.81295 1.0
WORLDTM 
MAT 0.428926 0.898752 -0.0909272 0.0
MAT 0.492471 -0.148265 0.857607 0.0
MAT 0.757295 -0.412629 -0.506204 0.0
MAT 3.50375 78.7328 4.03757 1.0
VERTEX = 9
13.2127 99.1839 2.30106
13.5352 98.8909 2.05578
13.2907 98.9793 1.6287
12.9682 99.2723 1.87397
25.4012 115.459 -1.57032
25.4335 115.43 -1.59485
25.409 115.438 -1.63755
25.3768 115.468 -1.61303
13.1049 98.8839 2.00799
INDEX = 14
4 5 7
6 7 5
1 2 5
6 5 2
0 1 4
5 4 1
7 6 3
2 3 6
4 7 0
3 0 7
8 1 0
8 2 1
8 3 2
8 0 3
FACE-NORMAL = 14
0.587236 0.790834 -0.17244
0.587236 0.790834 -0.17244
0.651363 -0.577293 -0.492401
0.651363 -0.577293 -0.492401
0.49534 -0.168237 0.852253
0.49534 -0.168237 0.852253
-0.482572 0.185432 -0.856002
-0.482572 0.185432 -0.856002
-0.638596 0.594487 0.488652
-0.638596 0.594487 0.488652
-0.0694739 -0.684252 0.725929
0.0408578 -0.973515 -0.224941
-0.761003 -0.434156 -0.482061
-0.871335 -0.144893 0.468809
BONE = 5
BONE_NAME = Bip01-Spine1
PARENT_ID = 4
LOCALTM 
MAT 0.978323 0.0240573 0.20568 0.0
MAT -0.0268692 0.999579 0.0108888 0.0
MAT -0.205331 -0.0161791 0.978559 0.0
MAT 22.4136 0.0 -0.0166416 1.0
WORLDTM 
MAT 0.587236 0.790834 -0.17244 0.0
MAT 0.488985 -0.176845 0.854178 0.0
MAT 0.645018 -0.585925 -0.490556 0.0
MAT 13.1049 98.8839 2.00799 1.0
VERTEX = 9
25.6652 115.695 -1.35446
25.8022 115.338 -1.67676
25.4826 115.521 -2.01501
25.3456 115.878 -1.69271
39.473 127.167 -8.537
39.4867 127.131 -8.56923
39.4547 127.149 -8.60306
39.441 127.185 -8.57083
25.3943 115.458 -1.5957
INDEX = 14
4 5 7
6 7 5
1 2 5
6 5 2
0 1 4
5 4 1
7 6 3
2 3 6
4 7 0
3 0 7
8 1 0
8 2 1
8 3 2
8 0 3
FACE-NORMAL = 14
0.718475 0.597454 -0.35615
0.718475 0.597454 -0.35615
0.282327 -0.706737 -0.648702
0.282327 -0.706737 -0.648702
0.647635 -0.358573 0.672305
0.647635 -0.358573 0.672305
-0.630913 0.372479 -0.680594
-0.630913 0.372479 -0.680594
-0.265604 0.720643 0.640413
-0.265604 0.720643 0.640413
-0.0559728 -0.680947 0.730191
-0.314303 -0.927153 -0.203966
-0.960104 -0.16398 -0.226518
-0.701774 0.0822256 0.707638
BONE = 6
BONE_NAME = Bip01-Spine2
PARENT_ID = 5
LOCALTM 
MAT 0.955815 -0.0585486 0.288077 0.0
MAT -0.0303148 0.95511 0.294697 0.0
MAT -0.2924 -0.290409 0.911133 0.0
MAT 20.9459 1.90735e-006 -0.0167923 1.0
WORLDTM 
MAT 0.718475 0.597454 -0.35615 0.0
MAT 0.639317 -0.36555 0.676496 0.0
MAT 0.273984 -0.713738 -0.644601 0.0
MAT 25.3943 115.458 -1.5957 1.0
VERTEX = 9
27.2041 110.407 -20.284
27.1606 109.979 -20.5386
26.8284 110.194 -20.844
26.8718 110.622 -20.5893
32.7177 112.497 -25.1781
32.7133 112.454 -25.2036
32.6801 112.475 -25.2341
32.6844 112.518 -25.2086
26.8307 110.229 -20.4124
INDEX = 14
4 5 7
6 7 5
1 2 5
6 5 2
0 1 4
5 4 1
7 6 3
2 3 6
4 7 0
3 0 7
8 1 0
8 2 1
8 3 2
8 0 3
FACE-NORMAL = 14
0.742225 0.285449 -0.606317
0.742225 0.285449 -0.606317
-0.0649829 -0.847408 -0.52695
-0.0649829 -0.847408 -0.52695
0.686019 -0.422131 0.592608
0.686019 -0.422131 0.592608
-0.642413 0.438901 -0.628229
-0.642413 0.438901 -0.628229
0.108589 0.864178 0.491329
0.108589 0.864178 0.491329
-0.0549581 -0.506395 0.860548
-0.586226 -0.807242 0.0685594
-0.994707 0.102709 -0.00308624
-0.463439 0.403555 0.788903
BONE = 7
BONE_NAME = Bip01-Neck
PARENT_ID = 6
LOCALTM 
MAT 0.919753 -0.0399996 0.390454 0.0
MAT 0.00260976 0.995395 0.0958249 0.0
MAT -0.392489 -0.0871163 0.915622 0.0
MAT 4.60931 -9.89953 16.2552 1.0
WORLDTM 
MAT 0.742225 0.285449 -0.606317 0.0
MAT 0.664503 -0.430702 0.610682 0.0
MAT -0.0868232 -0.856163 -0.509359 0.0
MAT 26.8307 110.229 -20.4124 1.0
VERTEX = 9
33.1206 112.573 -25.16
32.8976 112.146 -25.0265
32.6499 112.139 -25.4608
32.873 112.566 -25.5943
47.2911 102.351 -33.3468
47.2688 102.309 -33.3334
47.2441 102.308 -33.3769
47.2664 102.351 -33.3902
32.6989 112.486 -25.2061
INDEX = 14
4 5 7
6 7 5
1 2 5
6 5 2
0 1 4
5 4 1
7 6 3
2 3 6
4 7 0
3 0 7
8 1 0
8 2 1
8 3 2
8 0 3
FACE-NORMAL = 14
0.745487 -0.519696 -0.417332
0.745487 -0.519696 -0.417332
-0.437324 -0.860256 0.262119
-0.437324 -0.860256 0.262119
0.503928 0.00683653 0.863718
0.503928 0.00683653 0.863718
-0.486541 -0.0189576 -0.873452
-0.486541 -0.0189576 -0.873452
0.454712 0.848135 -0.271853
0.454712 0.848135 -0.271853
-0.176931 0.376601 0.909322
-0.842542 -0.236568 0.483899
-0.877346 0.35836 -0.319126
-0.211735 0.971529 0.106298
BONE = 8
BONE_NAME = Bip01-Head
PARENT_ID = 7
LOCALTM 
MAT 0.658007 0.464355 0.592791 0.0
MAT -0.155392 0.854017 -0.496496 0.0
MAT -0.736804 0.234583 0.634107 0.0
MAT 7.90625 3.8147e-006 -7.62939e-006 1.0
WORLDTM 
MAT 0.745487 -0.519696 -0.417332 0.0
MAT 0.495268 0.012898 0.868644 0.0
MAT -0.446048 -0.854254 0.267004 0.0
MAT 32.6989 112.486 -25.2061 1.0
VERTEX = 9
47.6893 102.417 -33.3157
47.4663 101.99 -33.1822
47.2187 101.983 -33.6166
47.4417 102.41 -33.7501
50.2731 100.273 -35.0161
50.2508 100.23 -35.0028
50.226 100.229 -35.0462
50.2483 100.272 -35.0595
47.2676 102.33 -33.3618
INDEX = 14
4 5 7
6 7 5
1 2 5
6 5 2
0 1 4
5 4 1
7 6 3
2 3 6
4 7 0
3 0 7
8 1 0
8 2 1
8 3 2
8 0 3
FACE-NORMAL = 14
0.745487 -0.519696 -0.417332
0.745487 -0.519696 -0.417332
-0.400599 -0.883846 0.24153
-0.400599 -0.883846 0.24153
0.539028 -0.018251 0.84209
0.539028 -0.018251 0.84209
-0.44973 -0.0440006 -0.89208
-0.44973 -0.0440006 -0.89208
0.489897 0.821595 -0.29152
0.489897 0.821595 -0.29152
-0.176931 0.376601 0.909322
-0.842542 -0.236568 0.483899
-0.877346 0.35836 -0.319126
-0.211735 0.971529 0.106298
BONE = 9
BONE_NAME = Bip01-HeadNub
PARENT_ID = 8
LOCALTM 
MAT 1.0 0.0 0.0 0.0
MAT 0.0 1.0 0.0 0.0
MAT 0.0 0.0 1.0 0.0
MAT 19.5426 -3.33786e-006 -7.62939e-006 1.0
WORLDTM 
MAT 0.745487 -0.519696 -0.417332 0.0
MAT 0.495269 0.012898 0.868644 0.0
MAT -0.446048 -0.854254 0.267004 0.0
MAT 47.2676 102.33 -33.3618 1.0
VERTEX = 9
45.1032 110.477 -36.786
44.7731 110.168 -36.5715
44.4248 110.313 -36.9
44.7549 110.621 -37.1146
45.8528 107.655 -39.1612
45.8198 107.624 -39.1398
45.785 107.639 -39.1726
45.818 107.67 -39.1941
44.6937 110.578 -36.6881
INDEX = 14
4 5 7
6 7 5
1 2 5
6 5 2
0 1 4
5 4 1
7 6 3
2 3 6
4 7 0
3 0 7
8 1 0
8 2 1
8 3 2
8 0 3
FACE-NORMAL = 14
0.281301 -0.732691 -0.619704
0.281301 -0.732691 -0.619704
-0.642138 -0.659214 0.391274
-0.642138 -0.659214 0.391274
0.712048 -0.331752 0.618811
0.712048 -0.331752 0.618811
-0.678353 0.243987 -0.693042
-0.678353 0.243987 -0.693042
0.675834 0.571449 -0.465505
0.675834 0.571449 -0.465505
0.293555 0.31417 0.902841
-0.665721 0.0822033 0.741659
-0.691375 0.722012 -0.0264473
0.267902 0.953979 0.134735
BONE = 10
BONE_NAME = Facial_Eyelid_Lower_R
PARENT_ID = 8
LOCALTM 
MAT 0.849105 -0.408433 0.334967 0.0
MAT 0.394837 0.912002 0.111156 0.0
MAT -0.35089 0.0378744 0.93565 0.0
MAT 14.7254 -4.05777 -6.78598 1.0
WORLDTM 
MAT 0.281301 -0.732691 -0.619704 0.0
MAT 0.696451 -0.288388 0.657106 0.0
MAT -0.660171 -0.616438 0.42916 0.0
MAT 44.6937 110.578 -36.6881 1.0
VERTEX = 9
49.3678 110.856 -28.9808
49.015 110.559 -28.7885
48.8546 110.451 -29.2496
49.2074 110.748 -29.442
51.506 107.771 -29.2462
51.4707 107.741 -29.2269
51.4547 107.73 -29.2731
51.49 107.76 -29.2923
48.9533 110.847 -29.1056
INDEX = 14
4 5 7
6 7 5
1 2 5
6 5 2
0 1 4
5 4 1
7 6 3
2 3 6
4 7 0
3 0 7
8 1 0
8 2 1
8 3 2
8 0 3
FACE-NORMAL = 14
0.631771 -0.774198 -0.0385033
0.631771 -0.774198 -0.0385033
-0.666586 -0.640299 0.381681
-0.666586 -0.640299 0.381681
0.357989 0.169101 0.918286
0.357989 0.169101 0.918286
-0.282313 -0.261838 -0.922898
-0.282313 -0.261838 -0.922898
0.742262 0.547562 -0.386293
0.742262 0.547562 -0.386293
-0.219942 0.700075 0.679353
-0.945729 0.126713 0.299234
-0.673518 0.394807 -0.624901
0.0522692 0.968168 -0.244782
BONE = 11
BONE_NAME = Facial_Eyelid_Lower_L
PARENT_ID = 8
LOCALTM 
MAT 0.889393 0.269465 0.369281 0.0
MAT -0.257966 0.962735 -0.081212 0.0
MAT -0.377403 -0.0230324 0.925762 0.0
MAT 14.5965 4.64184 -6.8914 1.0
WORLDTM 
MAT 0.631771 -0.774198 -0.0385033 0.0
MAT 0.320727 0.215857 0.922248 0.0
MAT -0.705691 -0.594998 0.384678 0.0
MAT 48.9533 110.847 -29.1056 1.0
VERTEX = 9
49.8566 110.884 -29.636
49.9976 111.237 -29.961
50.2191 111.49 -29.5907
50.0781 111.137 -29.2657
53.211 109.293 -30.2533
53.2251 109.329 -30.2858
53.2472 109.354 -30.2488
53.2331 109.319 -30.2163
49.8251 111.311 -29.5709
INDEX = 14
4 5 7
6 7 5
1 2 5
6 5 2
0 1 4
5 4 1
7 6 3
2 3 6
4 7 0
3 0 7
8 1 0
8 2 1
8 3 2
8 0 3
FACE-NORMAL = 14
0.851 -0.496875 -0.170043
0.851 -0.496875 -0.170043
0.332563 0.674585 -0.659042
0.332563 0.674585 -0.659042
-0.391202 -0.534054 -0.749498
-0.391202 -0.534054 -0.749498
0.493138 0.474536 0.72913
0.493138 0.474536 0.72913
-0.230626 -0.734103 0.638674
-0.230626 -0.734103 0.638674
-0.914971 -0.00588822 -0.403476
-0.402272 0.850286 -0.339399
-0.288524 0.708575 0.643952
-0.801223 -0.147598 0.579876
BONE = 12
BONE_NAME = Facial_Eyelid_Upper_L
PARENT_ID = 8
LOCALTM 
MAT 0.963597 0.267358 -0.000531793 0.0
MAT 0.241421 -0.869258 0.4314 0.0
MAT 0.114876 -0.415824 -0.902161 0.0
MAT 15.1994 4.67549 -7.80099 1.0
WORLDTM 
MAT 0.851 -0.496875 -0.170043 0.0
MAT -0.442965 -0.505202 -0.740644 0.0
MAT 0.282101 0.705611 -0.650025 0.0
MAT 49.8251 111.311 -29.5709 1.0
VERTEX = 9
45.3944 110.782 -37.4542
45.6407 111.207 -37.5466
45.9926 111.075 -37.2169
45.7463 110.65 -37.1245
47.5834 109.208 -40.0801
47.608 109.25 -40.0894
47.6432 109.237 -40.0564
47.6186 109.195 -40.0471
45.5655 111.042 -37.1534
INDEX = 14
4 5 7
6 7 5
1 2 5
6 5 2
0 1 4
5 4 1
7 6 3
2 3 6
4 7 0
3 0 7
8 1 0
8 2 1
8 3 2
8 0 3
FACE-NORMAL = 14
0.511935 -0.454851 -0.728721
0.511935 -0.454851 -0.728721
0.522355 0.821657 -0.228088
0.522355 0.821657 -0.228088
-0.671844 0.236643 -0.701874
-0.671844 0.236643 -0.701873
0.733166 -0.291127 0.614584
0.733166 -0.291127 0.614584
-0.461033 -0.876142 0.140798
-0.461033 -0.876142 0.140798
-0.859632 0.508559 0.0490082
-0.0136868 0.92297 0.384628
0.135646 0.134698 0.981558
-0.710298 -0.279714 0.645939
BONE = 13
BONE_NAME = Facial_Eyelid_Upper_R
PARENT_ID = 8
LOCALTM 
MAT 0.922143 -0.38532 -0.0343609 0.0
MAT -0.386842 -0.917939 -0.0879818 0.0
MAT 0.00236002 0.094424 -0.995529 0.0
MAT 15.3283 -4.02413 -7.69559 1.0
WORLDTM 
MAT 0.511935 -0.454851 -0.728721 0.0
MAT -0.703768 0.26436 -0.659413 0.0
MAT 0.492579 0.850426 -0.184775 0.0
MAT 45.5655 111.042 -37.1534 1.0
VERTEX = 9
43.1107 110.095 -30.901
43.0478 109.602 -30.8469
42.8721 109.573 -31.3142
42.935 110.066 -31.3682
46.4825 109.277 -32.3587
46.4763 109.228 -32.3533
46.4587 109.225 -32.4
46.465 109.274 -32.4054
42.7595 109.873 -31.0228
INDEX = 14
4 5 7
6 7 5
1 2 5
6 5 2
0 1 4
5 4 1
7 6 3
2 3 6
4 7 0
3 0 7
8 1 0
8 2 1
8 3 2
8 0 3
FACE-NORMAL = 14
0.927791 -0.155516 -0.339144
0.927791 -0.155516 -0.339144
-0.0699964 -0.993695 0.0875791
-0.0699963 -0.993695 0.0875791
0.406193 0.0482021 0.912515
0.406193 0.0482021 0.912515
-0.295058 -0.0668306 -0.953139
-0.295058 -0.0668306 -0.953139
0.181131 0.975067 -0.128203
0.181131 0.975067 -0.128203
-0.407672 0.15071 0.900605
-0.744994 -0.587348 0.316238
-0.904423 0.0692234 -0.420984
-0.567101 0.807281 0.163383
BONE = 14
BONE_NAME = Facial_Lip_Upper
PARENT_ID = 8
LOCALTM 
MAT 0.914012 0.162905 -0.371542 0.0
MAT -0.158087 0.986461 0.0436178 0.0
MAT 0.373617 0.0188686 0.927391 0.0
MAT 11.2856 -0.103682 -3.80825 1.0
WORLDTM 
MAT 0.927791 -0.155516 -0.339144 0.0
MAT 0.351256 0.0576198 0.934505 0.0
MAT -0.12579 -0.986151 0.108085 0.0
MAT 42.7595 109.873 -31.0228 1.0
VERTEX = 9
42.0022 109.189 -30.9013
42.4045 109.457 -31.0277
42.5639 109.441 -30.554
42.1616 109.173 -30.4276
44.1329 106.142 -31.4837
44.1731 106.169 -31.4963
44.1891 106.167 -31.449
44.1488 106.14 -31.4363
42.1578 109.526 -30.6784
INDEX = 14
4 5 7
6 7 5
1 2 5
6 5 2
0 1 4
5 4 1
7 6 3
2 3 6
4 7 0
3 0 7
8 1 0
8 2 1
8 3 2
8 0 3
FACE-NORMAL = 14
0.500785 -0.842861 -0.196979
0.500785 -0.842861 -0.196979
0.833238 0.48574 -0.264143
0.833238 0.48574 -0.264143
-0.288323 -0.0186295 -0.957352
-0.288323 -0.0186295 -0.957352
0.34831 -0.0823322 0.933757
0.34831 -0.0823322 0.933757
-0.773251 -0.586702 0.240548
-0.773251 -0.586702 0.240548
-0.579597 0.618555 -0.530525
0.214893 0.97584 -0.0394711
-0.12862 0.57343 0.809095
-0.923109 0.216145 0.318041
BONE = 15
BONE_NAME = Facial_Lip_Lower
PARENT_ID = 8
LOCALTM 
MAT 0.893565 0.0660469 0.444048 0.0
MAT 0.141009 -0.980352 -0.137939 0.0
MAT 0.426213 0.185873 -0.885321 0.0
MAT 10.8737 -0.106966 -3.1515 1.0
WORLDTM 
MAT 0.500785 -0.84286 -0.196979 0.0
MAT -0.318889 0.0319087 -0.947255 0.0
MAT 0.804689 0.537185 -0.2528 0.0
MAT 42.1578 109.526 -30.6784 1.0
VERTEX = 9
74.3324 173.242 -36.3131
74.3324 173.242 -35.8131
74.3324 172.742 -35.8131
74.3324 172.742 -36.3131
78.0824 173.017 -36.0881
78.0824 173.017 -36.0381
78.0824 172.967 -36.0381
78.0824 172.967 -36.0881
74.0824 172.992 -36.0631
INDEX = 14
4 5 7
6 7 5
1 2 5
6 5 2
0 1 4
5 4 1
7 6 3
2 3 6
4 7 0
3 0 7
8 1 0
8 2 1
8 3 2
8 0 3
FACE-NORMAL = 14
1.0 0.0 1.56462e-007
1.0 0.0 1.56462e-007
0.0598924 -1.33096e-006 0.998205
0.0598924 -1.33096e-006 0.998205
0.0598926 0.998205 1.34807e-006
0.0598926 0.998205 1.34807e-006
0.059892 -0.998205 -1.32933e-006
0.059892 -0.998205 -1.32933e-006
0.0598922 1.31668e-006 -0.998205
0.0598922 1.31668e-006 -0.998205
-0.707107 0.707107 8.37668e-007
-0.707107 -8.53474e-007 0.707107
-0.707107 -0.707107 -1.05894e-006
-0.707107 1.02206e-006 -0.707107
BONE = 16
BONE_NAME = FxTop
PARENT_ID = 8
LOCALTM 
MAT 0.745487 0.495269 -0.446048 0.0
MAT -0.519697 0.0128993 -0.854254 0.0
MAT -0.417331 0.868644 0.267005 0.0
MAT 3.93701 11.8454 -73.0455 1.0
WORLDTM 
MAT 1.0 -1.19209e-007 1.56462e-007 0.0
MAT 2.98023e-007 1.0 1.3411e-006 0.0
MAT 0.0 -1.3262e-006 1.0 0.0
MAT 74.0824 172.992 -36.0631 1.0
VERTEX = 9
33.2033 114.803 0.669679
33.2055 115.057 1.10057
32.9586 114.683 1.32205
32.9564 114.429 0.891163
59.8683 101.588 8.57506
59.8685 101.613 8.61815
59.8438 101.576 8.6403
59.8436 101.55 8.59721
32.8636 114.85 0.934063
INDEX = 14
4 5 7
6 7 5
1 2 5
6 5 2
0 1 4
5 4 1
7 6 3
2 3 6
4 7 0
3 0 7
8 1 0
8 2 1
8 3 2
8 0 3
FACE-NORMAL = 14
0.869583 -0.427448 0.247211
0.869583 -0.427448 0.247211
0.0107077 0.504125 0.863565
0.0107077 0.504125 0.863565
0.500108 0.745171 -0.441149
0.500108 0.745171 -0.441149
-0.4874 -0.751418 0.444762
-0.4874 -0.751418 0.444762
0.00200076 -0.510372 -0.859952
0.00200076 -0.510372 -0.859952
-0.265742 0.831389 -0.48803
-0.61181 0.660939 0.434566
-0.964034 -0.226887 0.13842
-0.617967 -0.0564368 -0.784176
BONE = 17
BONE_NAME = Bip01-L-Clavicle
PARENT_ID = 6
LOCALTM 
MAT 0.281349 0.879431 0.383985 0.0
MAT 0.959605 -0.257538 -0.113279 0.0
MAT -0.000730395 0.400345 -0.916364 0.0
MAT 4.10204 6.70902 0.850021 1.0
WORLDTM 
MAT 0.869583 -0.427448 0.247211 0.0
MAT 0.493767 0.748314 -0.442967 0.0
MAT 0.00435358 0.507262 0.861781 0.0
MAT 32.8636 114.85 0.934063 1.0
VERTEX = 9
59.8568 101.411 8.20991
60.2525 101.615 8.43691
60.139 101.369 8.85692
59.7433 101.164 8.62992
88.5164 62.7924 -6.43218
88.556 62.8128 -6.40948
88.5447 62.7882 -6.36748
88.5051 62.7677 -6.39018
59.856 101.582 8.60768
INDEX = 14
4 5 7
6 7 5
1 2 5
6 5 2
0 1 4
5 4 1
7 6 3
2 3 6
4 7 0
3 0 7
8 1 0
8 2 1
8 3 2
8 0 3
FACE-NORMAL = 14
0.567591 -0.76785 -0.297063
0.567591 -0.76785 -0.297063
0.793932 0.405917 0.452662
0.793932 0.405917 0.452662
0.229535 0.489338 -0.841345
0.229535 0.489338 -0.841345
-0.224454 -0.496212 0.838686
-0.224454 -0.496212 0.838686
-0.788851 -0.412791 -0.455322
-0.788851 -0.412791 -0.455322
-0.240837 0.8914 -0.383932
0.158256 0.832412 0.531079
-0.561858 0.194504 0.804042
-0.960951 0.253492 -0.110969
BONE = 18
BONE_NAME = Bip01-L-UpperArm
PARENT_ID = 17
LOCALTM 
MAT 0.748346 -0.162746 -0.643033 0.0
MAT -0.220909 0.852941 -0.47296 0.0
MAT 0.625441 0.49599 0.602343 0.0
MAT 31.0407 1.52588e-005 7.62939e-006 1.0
WORLDTM 
MAT 0.567591 -0.76785 -0.297063 0.0
MAT 0.226996 0.49278 -0.840024 0.0
MAT 0.791399 0.409358 0.453996 0.0
MAT 59.856 101.582 8.60768 1.0
VERTEX = 9
88.2994 63.1147 -6.56961
88.3984 62.6807 -6.79739
88.2849 62.4343 -6.37738
88.1859 62.8683 -6.14959
46.5548 60.0488 -19.3807
46.5647 60.0054 -19.4035
46.5534 59.9808 -19.3615
46.5434 60.0241 -19.3387
88.5305 62.7903 -6.39983
INDEX = 14
4 5 7
6 7 5
1 2 5
6 5 2
0 1 4
5 4 1
7 6 3
2 3 6
4 7 0
3 0 7
8 1 0
8 2 1
8 3 2
8 0 3
FACE-NORMAL = 14
-0.953523 -0.0630472 -0.294652
-0.953523 -0.0630472 -0.294652
0.193256 -0.86818 -0.457074
0.193256 -0.86818 -0.457074
0.222092 0.492449 -0.841528
0.222092 0.492449 -0.841528
-0.231895 -0.493098 0.838498
-0.231895 -0.493098 0.838498
-0.203058 0.867531 0.454045
-0.203058 0.867531 0.454045
0.834753 0.393029 -0.385637
0.814362 -0.569094 -0.113783
0.513732 -0.303867 0.802337
0.534122 0.658256 0.530483
BONE = 19
BONE_NAME = Bip01-L-Forearm
PARENT_ID = 18
LOCALTM 
MAT -0.40527 0.0 -0.914197 0.0
MAT -1.78814e-007 1.0 0.0 0.0
MAT 0.914197 1.19209e-007 -0.40527 0.0
MAT 50.5197 0.0 -7.62939e-006 1.0
WORLDTM 
MAT -0.953522 -0.0630472 -0.294652 0.0
MAT 0.226996 0.49278 -0.840024 0.0
MAT 0.198159 -0.867867 -0.455565 0.0
MAT 88.5305 62.7903 -6.39983 1.0
VERTEX = 9
46.323 59.7102 -19.1677
46.382 60.1811 -19.0103
46.2961 60.347 -19.4741
46.2371 59.8761 -19.6315
40.59 60.32 -18.1302
40.5959 60.3671 -18.1145
40.5873 60.3837 -18.1609
40.5814 60.3366 -18.1766
46.5541 60.0148 -19.3711
INDEX = 14
4 5 7
6 7 5
1 2 5
6 5 2
0 1 4
5 4 1
7 6 3
2 3 6
4 7 0
3 0 7
8 1 0
8 2 1
8 3 2
8 0 3
FACE-NORMAL = 14
-0.978045 0.0552652 0.200934
-0.978045 0.0552652 0.200934
0.0802285 0.943203 0.322385
0.0802285 0.943203 0.322385
0.134111 -0.329303 0.934652
0.134111 -0.329303 0.934652
-0.209297 0.333552 -0.919205
-0.209297 0.333552 -0.919205
-0.155415 -0.938954 -0.306938
-0.155415 -0.938954 -0.306938
0.813085 -0.273607 0.513841
0.774956 0.626857 0.0805823
0.570079 0.19545 -0.798003
0.608208 -0.705014 -0.364745
BONE = 20
BONE_NAME = Bip01-L-Hand
PARENT_ID = 19
LOCALTM 
MAT 0.869898 -0.363568 -0.33331 0.0
MAT -0.416257 -0.903655 -0.100691 0.0
MAT -0.264589 0.226334 -0.937425 0.0
MAT 44.0225 0.0 -3.8147e-006 1.0
WORLDTM 
MAT -0.978044 0.0552652 0.200933 0.0
MAT 0.171831 -0.331673 0.927614 0.0
MAT 0.117909 0.941775 0.314894 0.0
MAT 46.5541 60.0148 -19.3711 1.0
VERTEX = 9
41.3112 58.2008 -22.8079
41.279 58.1632 -22.3103
41.4425 58.6334 -22.2642
41.4748 58.6711 -22.7617
31.6956 61.7975 -22.9325
31.6924 61.7937 -22.8828
31.7088 61.8407 -22.8781
31.712 61.8445 -22.9279
41.6126 58.3343 -22.527
INDEX = 14
4 5 7
6 7 5
1 2 5
6 5 2
0 1 4
5 4 1
7 6 3
2 3 6
4 7 0
3 0 7
8 1 0
8 2 1
8 3 2
8 0 3
FACE-NORMAL = 14
-0.942765 0.331509 -0.0359887
-0.942765 0.331509 -0.0359887
-0.0851139 -0.0680154 0.994047
-0.0851139 -0.0680154 0.994047
-0.347753 -0.93295 -0.0931271
-0.347753 -0.93295 -0.0931271
0.306422 0.947483 0.0915493
0.306422 0.947483 0.0915493
0.0437826 0.0825489 -0.995625
0.0437827 0.0825489 -0.995625
0.435294 -0.899405 -0.0398608
0.621053 -0.287658 0.729072
0.897977 0.430581 0.0907565
0.712219 -0.181167 -0.678176
BONE = 21
BONE_NAME = Bip01-L-Finger0
PARENT_ID = 20
LOCALTM 
MAT 0.933156 -0.305333 0.189713 0.0
MAT 0.249451 0.170027 -0.953344 0.0
MAT 0.258831 0.936944 0.234827 0.0
MAT 4.10602 -3.21917 -3.15909 1.0
WORLDTM 
MAT -0.942765 0.331509 -0.0359887 0.0
MAT -0.327166 -0.940442 -0.0923604 0.0
MAT -0.0644638 -0.0753003 0.995075 0.0
MAT 41.6126 58.3343 -22.527 1.0
VERTEX = 9
31.307 61.7039 -23.0398
31.5046 61.5915 -22.5945
31.6681 62.0617 -22.5483
31.4706 62.1741 -22.9936
23.8398 64.1306 -18.8622
23.8596 64.1194 -18.8176
23.8759 64.1664 -18.813
23.8562 64.1776 -18.8576
31.7022 61.8191 -22.9053
INDEX = 14
4 5 7
6 7 5
1 2 5
6 5 2
0 1 4
5 4 1
7 6 3
2 3 6
4 7 0
3 0 7
8 1 0
8 2 1
8 3 2
8 0 3
FACE-NORMAL = 14
-0.858413 0.254913 0.445137
-0.858413 0.254913 0.445137
0.373231 -0.218394 0.901666
0.373231 -0.218394 0.901666
-0.348785 -0.93369 -0.0810659
-0.348785 -0.93369 -0.0810659
0.305338 0.946592 0.103596
0.305338 0.946592 0.103596
-0.416678 0.231296 -0.879137
-0.416678 0.231296 -0.879137
0.375648 -0.845244 -0.380068
0.886354 -0.339291 0.315051
0.838331 0.484743 -0.249451
0.327625 -0.0212099 -0.94457
BONE = 22
BONE_NAME = Bip01-L-Finger01
PARENT_ID = 21
LOCALTM 
MAT 0.877768 0.0 0.479086 0.0
MAT 0.0 1.0 0.0 0.0
MAT -0.479086 0.0 0.877768 0.0
MAT 10.512 1.52588e-005 0.0 1.0
WORLDTM 
MAT -0.858413 0.254913 0.445137 0.0
MAT -0.327166 -0.940442 -0.0923604 0.0
MAT 0.395081 -0.224917 0.890687 0.0
MAT 31.7022 61.8191 -22.9053 1.0
VERTEX = 9
23.4705 64.0047 -18.7081
23.9111 63.8353 -18.5434
24.0747 64.3055 -18.4972
23.6341 64.475 -18.6619
20.0538 64.4253 -8.45081
20.0978 64.4083 -8.43434
20.1142 64.4553 -8.42972
20.0701 64.4723 -8.44619
23.8579 64.1485 -18.8376
INDEX = 14
4 5 7
6 7 5
1 2 5
6 5 2
0 1 4
5 4 1
7 6 3
2 3 6
4 7 0
3 0 7
8 1 0
8 2 1
8 3 2
8 0 3
FACE-NORMAL = 14
-0.341071 0.0263689 0.939668
-0.341071 0.0263689 0.939668
0.873983 -0.338307 0.348858
0.873983 -0.338307 0.348858
-0.33419 -0.93969 -0.0727951
-0.33419 -0.93969 -0.0727951
0.320001 0.940787 0.111886
0.320001 0.940787 0.111886
-0.888171 0.339404 -0.309768
-0.888171 0.339404 -0.309768
0.00983189 -0.683639 -0.729754
0.864324 -0.258305 -0.431535
0.472515 0.646347 -0.599137
-0.381977 0.221014 -0.897355
BONE = 23
BONE_NAME = Bip01-L-Finger02
PARENT_ID = 22
LOCALTM 
MAT 0.717782 0.0 0.696268 0.0
MAT 0.0 1.0 0.0 0.0
MAT -0.696268 0.0 0.717782 0.0
MAT 9.13816 -2.28882e-005 1.90735e-006 1.0
WORLDTM 
MAT -0.341071 0.0263689 0.939668 0.0
MAT -0.327166 -0.940443 -0.0923603 0.0
MAT 0.881268 -0.338929 0.329385 0.0
MAT 23.8579 64.1485 -18.8376 1.0
VERTEX = 9
19.6966 64.2965 -8.31079
20.1372 64.1271 -8.14609
20.3008 64.5973 -8.09991
19.8602 64.7667 -8.26461
18.6895 64.5307 -4.69214
18.7335 64.5138 -4.67567
18.7499 64.5608 -4.67105
18.7058 64.5778 -4.68752
20.084 64.4403 -8.44027
INDEX = 14
4 5 7
6 7 5
1 2 5
6 5 2
0 1 4
5 4 1
7 6 3
2 3 6
4 7 0
3 0 7
8 1 0
8 2 1
8 3 2
8 0 3
FACE-NORMAL = 14
-0.341071 0.0263689 0.939668
-0.341071 0.0263689 0.939668
0.859258 -0.336741 0.385072
0.859258 -0.336741 0.385072
-0.347006 -0.937175 -0.0359157
-0.347006 -0.937175 -0.0359157
0.306152 0.940333 0.148473
0.306151 0.940333 0.148473
-0.900113 0.3399 -0.272514
-0.900113 0.3399 -0.272514
0.00983185 -0.683639 -0.729754
0.864324 -0.258305 -0.431535
0.472515 0.646347 -0.599137
-0.381977 0.221013 -0.897355
BONE = 24
BONE_NAME = Bip01-L-Finger0Nub
PARENT_ID = 23
LOCALTM 
MAT 1.0 0.0 0.0 0.0
MAT 0.0 1.0 0.0 0.0
MAT 0.0 0.0 1.0 0.0
MAT 11.0649 -7.62939e-006 9.53674e-007 1.0
WORLDTM 
MAT -0.341071 0.0263689 0.939668 0.0
MAT -0.327166 -0.940443 -0.0923603 0.0
MAT 0.881268 -0.338929 0.329385 0.0
MAT 20.084 64.4403 -8.44027 1.0
VERTEX = 9
30.6606 54.4266 -20.6081
30.7994 54.8845 -20.4633
30.638 55.071 -20.8982
30.4992 54.613 -21.0431
21.01 56.2927 -16.4859
21.0239 56.3385 -16.4714
21.0078 56.3572 -16.5149
20.9939 56.3114 -16.5294
30.8755 54.7118 -20.853
INDEX = 14
4 5 7
6 7 5
1 2 5
6 5 2
0 1 4
5 4 1
7 6 3
2 3 6
4 7 0
3 0 7
8 1 0
8 2 1
8 3 2
8 0 3
FACE-NORMAL = 14
-0.904862 0.147941 0.399172
-0.904862 0.147941 0.399172
0.258397 0.918901 0.298079
0.258397 0.918901 0.298079
0.303596 -0.369742 0.878134
0.303596 -0.369743 0.878134
-0.341807 0.37599 -0.861278
-0.341807 0.37599 -0.861278
-0.296608 -0.912654 -0.281223
-0.296608 -0.912654 -0.281223
0.868069 -0.368325 0.332855
0.836102 0.543087 -0.0773973
0.411599 0.159105 -0.897369
0.443566 -0.752307 -0.487117
BONE = 25
BONE_NAME = Bip01-L-Finger1
PARENT_ID = 20
LOCALTM 
MAT 0.973379 0.165726 0.158333 0.0
MAT -0.161506 0.986091 -0.0392494 0.0
MAT -0.162635 0.0126328 0.986606 0.0
MAT 14.7435 -2.30978 -7.30947 1.0
WORLDTM 
MAT -0.904862 0.147941 0.399172 0.0
MAT 0.322773 -0.372949 0.8699 0.0
MAT 0.277565 0.915982 0.289716 0.0
MAT 30.8755 54.7118 -20.853 1.0
VERTEX = 9
20.7728 56.2937 -16.1388
21.1973 56.5539 -16.1848
21.0359 56.7403 -16.6197
20.6114 56.4802 -16.5737
16.3099 64.9106 -11.0472
16.3523 64.9366 -11.0518
16.3362 64.9552 -11.0953
16.2937 64.9292 -11.0907
21.0089 56.325 -16.5004
INDEX = 14
4 5 7
6 7 5
1 2 5
6 5 2
0 1 4
5 4 1
7 6 3
2 3 6
4 7 0
3 0 7
8 1 0
8 2 1
8 3 2
8 0 3
FACE-NORMAL = 14
-0.418233 0.768292 0.484571
-0.418233 0.768292 0.484571
0.840289 0.535896 -0.0820339
0.840289 0.535896 -0.0820339
0.314116 -0.357093 0.879668
0.314116 -0.357093 0.879668
-0.331294 0.388648 -0.859766
-0.331294 0.388648 -0.859766
-0.857467 -0.504341 0.101936
-0.857467 -0.504341 0.101936
0.523971 -0.806979 0.272469
0.89611 -0.175408 -0.4077
0.0675004 -0.279549 -0.957756
-0.304639 -0.911121 -0.277586
BONE = 26
BONE_NAME = Bip01-L-Finger11
PARENT_ID = 25
LOCALTM 
MAT 0.685532 0.0 0.728042 0.0
MAT 0.0 1.0 0.0 0.0
MAT -0.728042 0.0 0.685532 0.0
MAT 10.904 -3.8147e-006 7.62939e-006 1.0
WORLDTM 
MAT -0.418233 0.768292 0.484571 0.0
MAT 0.322773 -0.372949 0.8699 0.0
MAT 0.849057 0.520228 -0.0920045 0.0
MAT 21.0089 56.325 -16.5004 1.0
VERTEX = 9
16.2171 65.0843 -10.6796
16.6815 65.0582 -10.8631
16.5201 65.2447 -11.2981
16.0557 65.2708 -11.1146
18.4725 75.9283 -7.12603
18.5189 75.9257 -7.14438
18.5028 75.9444 -7.18788
18.4563 75.947 -7.16953
16.323 64.9329 -11.0713
INDEX = 14
4 5 7
6 7 5
1 2 5
6 5 2
0 1 4
5 4 1
7 6 3
2 3 6
4 7 0
3 0 7
8 1 0
8 2 1
8 3 2
8 0 3
FACE-NORMAL = 14
0.182239 0.926385 0.329546
0.182239 0.926385 0.329546
0.932118 -0.0342287 -0.360534
0.932118 -0.0342287 -0.360534
0.326239 -0.354957 0.876113
0.326239 -0.354957 0.876113
-0.319187 0.390801 -0.863362
-0.319187 0.390801 -0.863362
-0.925066 0.0700733 0.373285
-0.925066 0.0700732 0.373285
0.0993731 -0.918767 0.382088
0.527874 -0.691936 -0.492517
-0.357098 -0.391338 -0.848137
-0.785599 -0.61817 0.0264687
BONE = 27
BONE_NAME = Bip01-L-Finger12
PARENT_ID = 26
LOCALTM 
MAT 0.795204 -1.78814e-007 0.606342 0.0
MAT 0.0 1.0 3.72529e-007 0.0
MAT -0.606342 0.0 0.795204 0.0
MAT 11.204 3.8147e-006 -1.52588e-005 1.0
WORLDTM 
MAT 0.182239 0.926385 0.329546 0.0
MAT 0.322774 -0.372949 0.8699 0.0
MAT 0.928766 -0.0521607 -0.366978 0.0
MAT 16.323 64.9329 -11.0713 1.0
VERTEX = 9
18.3817 76.0877 -6.76535
18.8461 76.0617 -6.94884
18.6847 76.2481 -7.38379
18.2203 76.2742 -7.2003
19.2014 79.6339 -5.80785
19.2479 79.6312 -5.8262
19.2317 79.6499 -5.8697
19.1853 79.6525 -5.85135
18.4876 75.9363 -7.15696
INDEX = 14
4 5 7
6 7 5
1 2 5
6 5 2
0 1 4
5 4 1
7 6 3
2 3 6
4 7 0
3 0 7
8 1 0
8 2 1
8 3 2
8 0 3
FACE-NORMAL = 14
0.182239 0.926385 0.329546
0.182239 0.926385 0.329546
0.938013 0.00341618 -0.346582
0.938013 0.00341619 -0.346582
0.333109 -0.316796 0.888076
0.333109 -0.316796 0.888076
-0.311279 0.427763 -0.848601
-0.311279 0.427763 -0.848601
-0.916184 0.10755 0.386057
-0.916184 0.10755 0.386057
0.0993731 -0.918767 0.382088
0.527874 -0.691936 -0.492517
-0.357098 -0.391338 -0.848137
-0.785599 -0.61817 0.0264686
BONE = 28
BONE_NAME = Bip01-L-Finger1Nub
PARENT_ID = 27
LOCALTM 
MAT 1.0 0.0 0.0 0.0
MAT 0.0 1.0 0.0 0.0
MAT 0.0 0.0 1.0 0.0
MAT 11.8778 -1.90735e-006 1.90735e-006 1.0
WORLDTM 
MAT 0.182239 0.926385 0.329546 0.0
MAT 0.322774 -0.372949 0.8699 0.0
MAT 0.928766 -0.0521608 -0.366978 0.0
MAT 18.4876 75.9363 -7.15696 1.0
VERTEX = 9
32.3619 51.3039 -14.1355
32.6064 51.7316 -14.2204
32.402 51.758 -14.676
32.1575 51.3302 -14.591
22.7697 57.931 -9.69618
22.7942 57.9738 -9.70467
22.7737 57.9764 -9.75023
22.7493 57.9337 -9.74174
32.5746 51.4022 -14.4996
INDEX = 14
4 5 7
6 7 5
1 2 5
6 5 2
0 1 4
5 4 1
7 6 3
2 3 6
4 7 0
3 0 7
8 1 0
8 2 1
8 3 2
8 0 3
FACE-NORMAL = 14
-0.770582 0.515005 0.375463
-0.770582 0.515005 0.375463
0.475039 0.864717 -0.163101
0.475039 0.864717 -0.163101
0.394767 -0.0433872 0.917756
0.394767 -0.0433872 0.917756
-0.422567 0.061967 -0.904211
-0.422567 0.061967 -0.904211
-0.502839 -0.846138 0.176646
-0.502839 -0.846138 0.176646
0.833902 -0.401418 0.378775
0.890673 0.240813 -0.385631
0.255866 -0.326909 -0.90976
0.199096 -0.96914 -0.145354
BONE = 29
BONE_NAME = Bip01-L-Finger2
PARENT_ID = 20
LOCALTM 
MAT 0.857569 0.0450614 0.512391 0.0
MAT -0.219595 0.932886 0.285486 0.0
MAT -0.465138 -0.357342 0.80991 0.0
MAT 14.1755 4.97335 -8.22542 1.0
WORLDTM 
MAT -0.770582 0.515005 0.375463 0.0
MAT 0.408733 -0.0526856 0.911132 0.0
MAT 0.489019 0.855567 -0.169901 0.0
MAT 32.5746 51.4022 -14.4996 1.0
VERTEX = 9
22.5739 58.0628 -9.35378
22.9928 58.2718 -9.5296
22.7884 58.2981 -9.98517
22.3696 58.0892 -9.80935
18.1533 69.48 -6.95746
18.1952 69.5009 -6.97504
18.1748 69.5035 -7.0206
18.1329 69.4826 -7.00302
22.7717 57.9537 -9.72321
INDEX = 14
4 5 7
6 7 5
1 2 5
6 5 2
0 1 4
5 4 1
7 6 3
2 3 6
4 7 0
3 0 7
8 1 0
8 2 1
8 3 2
8 0 3
FACE-NORMAL = 14
-0.362199 0.906983 0.214928
-0.362199 0.906983 0.214928
0.831034 0.434153 -0.347697
0.831034 0.434153 -0.347697
0.402133 -0.0363165 0.914861
0.402133 -0.0363165 0.914861
-0.4152 0.0690376 -0.907107
-0.4152 0.0690376 -0.907107
-0.844101 -0.401432 0.355451
-0.844101 -0.401432 0.355451
0.545132 -0.678588 0.49229
0.84846 -0.345862 -0.400618
-0.0329043 -0.604079 -0.796245
-0.336232 -0.936805 0.0966637
BONE = 30
BONE_NAME = Bip01-L-Finger21
PARENT_ID = 29
LOCALTM 
MAT 0.826903 0.0 0.562345 0.0
MAT 0.0 1.0 0.0 0.0
MAT -0.562345 0.0 0.826903 0.0
MAT 12.7213 -3.57628e-006 0.0 1.0
WORLDTM 
MAT -0.362199 0.906983 0.214928 0.0
MAT 0.408733 -0.0526856 0.911132 0.0
MAT 0.837704 0.417861 -0.351631 0.0
MAT 22.7717 57.9537 -9.72321 1.0
VERTEX = 9
18.2637 69.8315 -6.73969
18.5889 69.4897 -6.90534
18.3845 69.5161 -7.36091
18.0593 69.8578 -7.19526
27.8909 80.5752 -10.6841
27.9234 80.541 -10.7007
27.903 80.5436 -10.7463
27.8704 80.5778 -10.7297
18.1641 69.4918 -6.98902
INDEX = 14
4 5 7
6 7 5
1 2 5
6 5 2
0 1 4
5 4 1
7 6 3
2 3 6
4 7 0
3 0 7
8 1 0
8 2 1
8 3 2
8 0 3
FACE-NORMAL = 14
0.640228 0.728031 -0.245109
0.640228 0.728031 -0.245109
0.659978 -0.672486 -0.334952
0.659978 -0.672486 -0.334952
0.41832 -0.0417255 0.907341
0.41832 -0.0417255 0.907341
-0.399054 0.0636338 -0.914717
-0.399054 0.0636338 -0.914717
-0.640711 0.694394 0.327576
-0.640711 0.694394 0.327576
-0.163692 -0.55205 0.817585
0.00720519 -0.998115 -0.0609473
-0.741728 -0.477541 -0.47095
-0.912625 -0.0314761 0.407584
BONE = 31
BONE_NAME = Bip01-L-Finger22
PARENT_ID = 30
LOCALTM 
MAT 0.37574 -1.82539e-007 0.926725 0.0
MAT 0.0 1.0 0.0 0.0
MAT -0.926725 0.0 0.37574 0.0
MAT 12.7214 5.96046e-006 -3.8147e-006 1.0
WORLDTM 
MAT 0.640228 0.728031 -0.245109 0.0
MAT 0.408733 -0.0526856 0.911131 0.0
MAT 0.650418 -0.683517 -0.331301 0.0
MAT 18.1641 69.4918 -6.98902 1.0
VERTEX = 9
27.9966 80.8991 -10.4659
28.3218 80.5574 -10.6315
28.1174 80.5837 -11.0871
27.7922 80.9255 -10.9214
30.4518 83.4873 -11.6646
30.4843 83.4531 -11.6811
30.4639 83.4557 -11.7267
30.4314 83.4899 -11.7101
27.8969 80.5594 -10.7152
INDEX = 14
4 5 7
6 7 5
1 2 5
6 5 2
0 1 4
5 4 1
7 6 3
2 3 6
4 7 0
3 0 7
8 1 0
8 2 1
8 3 2
8 0 3
FACE-NORMAL = 14
0.640228 0.728031 -0.245109
0.640228 0.728031 -0.245109
0.687595 -0.638687 -0.345387
0.687595 -0.638687 -0.345387
0.446344 -0.00898763 0.894816
0.446344 -0.00898761 0.894816
-0.369655 0.0961945 -0.924176
-0.369655 0.0961945 -0.924176
-0.610906 0.725893 0.316026
-0.610906 0.725893 0.316026
-0.163692 -0.55205 0.817585
0.00720528 -0.998115 -0.0609473
-0.741728 -0.477541 -0.47095
-0.912625 -0.0314761 0.407584
BONE = 32
BONE_NAME = Bip01-L-Finger2Nub
PARENT_ID = 31
LOCALTM 
MAT 1.0 0.0 0.0 0.0
MAT 0.0 1.0 0.0 0.0
MAT 0.0 0.0 1.0 0.0
MAT 15.2021 7.15256e-007 7.62939e-006 1.0
WORLDTM 
MAT 0.640228 0.728031 -0.245109 0.0
MAT 0.408733 -0.0526856 0.911132 0.0
MAT 0.650418 -0.683517 -0.331301 0.0
MAT 27.8969 80.5594 -10.7152 1.0
VERTEX = 9
33.0033 51.95 -6.97266
33.2004 52.3355 -7.22268
32.977 52.1782 -7.64141
32.7799 51.7927 -7.3914
24.435 57.9498 -4.92441
24.4547 57.9884 -4.94941
24.4323 57.9726 -4.99128
24.4126 57.9341 -4.96628
33.1909 51.9257 -7.36216
INDEX = 14
4 5 7
6 7 5
1 2 5
6 5 2
0 1 4
5 4 1
7 6 3
2 3 6
4 7 0
3 0 7
8 1 0
8 2 1
8 3 2
8 0 3
FACE-NORMAL = 14
-0.803121 0.553513 0.220498
-0.803121 0.553513 0.220498
0.377119 0.782621 -0.495262
0.377119 0.782621 -0.495262
0.429744 0.326288 0.841936
0.429744 0.326288 0.841936
-0.463658 -0.302915 -0.832625
-0.463658 -0.302915 -0.832625
-0.411034 -0.759247 0.504574
-0.411034 -0.759247 0.504574
0.883828 -0.168887 0.436263
0.846609 0.153862 -0.50949
0.251957 -0.613899 -0.748094
0.289176 -0.936647 0.197658
BONE = 33
BONE_NAME = Bip01-L-Finger3
PARENT_ID = 20
LOCALTM 
MAT 0.860384 -0.117049 0.496023 0.0
MAT -0.251325 0.749252 0.612745 0.0
MAT -0.443368 -0.65186 0.615227 0.0
MAT 15.0357 11.5264 -5.41214 1.0
WORLDTM 
MAT -0.803121 0.553513 0.220498 0.0
MAT 0.4468 0.314671 0.837467 0.0
MAT 0.394164 0.771107 -0.50003 0.0
MAT 33.1909 51.9257 -7.36216 1.0
VERTEX = 9
24.2304 58.0652 -4.58991
24.5166 58.3745 -4.85888
24.2932 58.2172 -5.27761
24.007 57.9078 -5.00865
16.2017 66.5688 -3.77036
16.2303 66.5998 -3.79726
16.208 66.584 -3.83913
16.1794 66.5531 -3.81223
24.4337 57.9612 -4.95785
INDEX = 14
4 5 7
6 7 5
1 2 5
6 5 2
0 1 4
5 4 1
7 6 3
2 3 6
4 7 0
3 0 7
8 1 0
8 2 1
8 3 2
8 0 3
FACE-NORMAL = 14
-0.687493 0.719773 0.0963384
-0.687493 0.719773 0.0963384
0.559168 0.632499 -0.535981
0.559168 0.632499 -0.535981
0.433522 0.32843 0.839162
0.433522 0.32843 0.839162
-0.459915 -0.300797 -0.835463
-0.459915 -0.300797 -0.835463
-0.585562 -0.604866 0.53968
-0.585562 -0.604866 0.53968
0.802067 -0.28645 0.524057
0.890929 -0.0714007 -0.448495
0.170195 -0.731463 -0.6603
0.0813329 -0.946511 0.312252
BONE = 34
BONE_NAME = Bip01-L-Finger31
PARENT_ID = 33
LOCALTM 
MAT 0.971786 0.0 0.235864 0.0
MAT 0.0 1.0 1.93715e-007 0.0
MAT -0.235864 -1.93715e-007 0.971786 0.0
MAT 10.904 -1.90735e-006 7.62939e-006 1.0
WORLDTM 
MAT -0.687493 0.719773 0.0963384 0.0
MAT 0.446801 0.314672 0.837467 0.0
MAT 0.572471 0.618797 -0.53793 0.0
MAT 24.4337 57.9612 -4.95785 1.0
VERTEX = 9
16.0056 66.7705 -3.47288
16.3747 66.9702 -3.7448
16.1513 66.8129 -4.16353
15.7822 66.6132 -3.89161
9.43823 78.0876 -4.49003
9.47514 78.1075 -4.51722
9.4528 78.0918 -4.55909
9.41589 78.0718 -4.5319
16.2048 66.5764 -3.80475
INDEX = 14
4 5 7
6 7 5
1 2 5
6 5 2
0 1 4
5 4 1
7 6 3
2 3 6
4 7 0
3 0 7
8 1 0
8 2 1
8 3 2
8 0 3
FACE-NORMAL = 14
-0.505553 0.861114 -0.0538371
-0.505553 0.861114 -0.0538371
0.729318 0.414037 -0.544673
0.729318 0.414037 -0.544673
0.438066 0.329391 0.836421
0.438066 0.329391 0.836421
-0.455403 -0.29986 -0.838267
-0.455403 -0.29986 -0.838267
-0.746655 -0.384506 0.542827
-0.746655 -0.384506 0.542827
0.673416 -0.386393 0.630247
0.879392 -0.326531 -0.346477
0.0415442 -0.831406 -0.55411
-0.164432 -0.891268 0.422614
BONE = 35
BONE_NAME = Bip01-L-Finger32
PARENT_ID = 34
LOCALTM 
MAT 0.962184 0.0 0.272401 0.0
MAT 0.0 1.0 -1.3411e-007 0.0
MAT -0.2724 0.0 0.962184 0.0
MAT 11.9693 3.8147e-006 7.62939e-006 1.0
WORLDTM 
MAT -0.505553 0.861114 -0.0538371 0.0
MAT 0.4468 0.314672 0.837467 0.0
MAT 0.738095 0.39933 -0.54383 0.0
MAT 16.2048 66.5764 -3.80475 1.0
VERTEX = 9
9.2463 78.2838 -4.19269
9.61535 78.4835 -4.46461
9.39195 78.3261 -4.88334
9.0229 78.1265 -4.61143
7.41602 81.532 -4.70537
7.45292 81.552 -4.73257
7.43058 81.5362 -4.77444
7.39368 81.5163 -4.74725
9.44551 78.0897 -4.52456
INDEX = 14
4 5 7
6 7 5
1 2 5
6 5 2
0 1 4
5 4 1
7 6 3
2 3 6
4 7 0
3 0 7
8 1 0
8 2 1
8 3 2
8 0 3
FACE-NORMAL = 14
-0.505553 0.861114 -0.0538371
-0.505553 0.861114 -0.0538371
0.706491 0.450187 -0.546078
0.706491 0.450187 -0.546078
0.41572 0.365681 0.832739
0.41572 0.365681 0.832739
-0.476277 -0.262533 -0.839188
-0.476277 -0.262533 -0.839188
-0.767049 -0.347039 0.539629
-0.767049 -0.347039 0.539629
0.673416 -0.386393 0.630247
0.879392 -0.326531 -0.346477
0.0415441 -0.831406 -0.55411
-0.164432 -0.891268 0.422614
BONE = 36
BONE_NAME = Bip01-L-Finger3Nub
PARENT_ID = 35
LOCALTM 
MAT 1.0 0.0 0.0 0.0
MAT 0.0 1.0 0.0 0.0
MAT 0.0 0.0 1.0 0.0
MAT 13.3702 -1.90735e-006 0.0 1.0
WORLDTM 
