EXPORTER_V17
ANIMATION_EXPORT
BONEOBJECT_COUNT = 72
VERTEX = 9
0.25 0.25 -0.25
0.25 0.25 0.25
0.25 -0.25 0.25
0.25 -0.25 -0.25
4.0 0.025 -0.025
4.0 0.025 0.025
4.0 -0.025 0.025
4.0 -0.025 -0.025
0.0 0.0 0.0
INDEX = 14
4 5 7
6 7 5
1 2 5
6 5 2
0 1 4
5 4 1
7 6 3
2 3 6
4 7 0
3 0 7
8 1 0
8 2 1
8 3 2
8 0 3
FACE-NORMAL = 14
1.0 0.0 0.0
1.0 0.0 0.0
0.0598923 0.0 0.998205
0.0598923 0.0 0.998205
0.0598923 0.998205 0.0
0.0598923 0.998205 0.0
0.0598923 -0.998205 0.0
0.0598923 -0.998205 0.0
0.0598923 0.0 -0.998205
0.0598923 0.0 -0.998205
-0.707107 0.707107 0.0
-0.707107 0.0 0.707107
-0.707107 -0.707107 0.0
-0.707107 0.0 -0.707107
BONE = 0
BONE_NAME = Dummy_root
PARENT_ID = -1
LOCALTM 
MAT 1.0 0.0 0.0 0.0
MAT 0.0 1.0 0.0 0.0
MAT 0.0 0.0 1.0 0.0
MAT 0.0 0.0 0.0 1.0
WORLDTM 
MAT 1.0 0.0 0.0 0.0
MAT 0.0 1.0 0.0 0.0
MAT 0.0 0.0 1.0 0.0
MAT 0.0 0.0 0.0 1.0
VERTEX = 9
0.25 0.25 -0.25
0.25 0.25 0.25
0.25 -0.25 0.25
0.25 -0.25 -0.25
4.0 0.025 -0.025
4.0 0.025 0.025
4.0 -0.025 0.025
4.0 -0.025 -0.025
0.0 0.0 0.0
INDEX = 14
4 5 7
6 7 5
1 2 5
6 5 2
0 1 4
5 4 1
7 6 3
2 3 6
4 7 0
3 0 7
8 1 0
8 2 1
8 3 2
8 0 3
FACE-NORMAL = 14
1.0 0.0 0.0
1.0 0.0 0.0
0.0598923 0.0 0.998205
0.0598923 0.0 0.998205
0.0598923 0.998205 0.0
0.0598923 0.998205 0.0
0.0598923 -0.998205 0.0
0.0598923 -0.998205 0.0
0.0598923 0.0 -0.998205
0.0598923 0.0 -0.998205
-0.707107 0.707107 0.0
-0.707107 0.0 0.707107
-0.707107 -0.707107 0.0
-0.707107 0.0 -0.707107
BONE = 1
BONE_NAME = FxBottom
PARENT_ID = 0
LOCALTM 
MAT 1.0 0.0 0.0 0.0
MAT 0.0 1.0 0.0 0.0
MAT 0.0 0.0 1.0 0.0
MAT 0.0 0.0 0.0 1.0
WORLDTM 
MAT 1.0 0.0 0.0 0.0
MAT 0.0 1.0 0.0 0.0
MAT 0.0 0.0 1.0 0.0
MAT 0.0 0.0 0.0 1.0
VERTEX = 9
-3.28246 41.0645 -0.230992
-3.25294 41.0021 0.26422
-3.25294 40.506 0.201709
-3.28246 40.5684 -0.293503
0.474282 40.8409 -0.255933
0.477234 40.8346 -0.206411
0.477234 40.785 -0.212663
0.474282 40.7913 -0.262184
-3.51726 40.7834 2.55792e-006
INDEX = 14
4 5 7
6 7 5
1 2 5
6 5 2
0 1 4
5 4 1
7 6 3
2 3 6
4 7 0
3 0 7
8 1 0
8 2 1
8 3 2
8 0 3
FACE-NORMAL = 14
0.998256 0.00738125 -0.058575
0.998256 0.00738125 -0.058575
0.11872 -0.124138 0.985137
0.11872 -0.124138 0.985137
0.0597876 0.990815 0.121289
0.0597877 0.990815 0.121289
0.059788 -0.989931 -0.128306
0.059788 -0.989931 -0.128306
0.00085555 0.125022 -0.992154
0.000855524 0.125022 -0.992154
-0.705873 0.696339 0.129823
-0.664127 -0.093469 0.741754
-0.705873 -0.706778 -0.046985
-0.74762 0.0830303 -0.658916
BONE = 2
BONE_NAME = Bip01
PARENT_ID = 0
LOCALTM 
MAT 0.998256 0.00738125 -0.058575 0.0
MAT -1.73692e-007 0.992154 0.125022 0.0
MAT 0.0590383 -0.124804 0.990424 0.0
MAT -3.51726 40.7834 -4.19291e-007 1.0
WORLDTM 
MAT 0.998256 0.00738125 -0.058575 0.0
MAT -1.73692e-007 0.992154 0.125022 0.0
MAT 0.0590383 -0.124804 0.990424 0.0
MAT -3.51726 40.7834 2.55792e-006 1.0
VERTEX = 9
-3.74053 40.9972 0.303245
-3.24313 41.0035 0.252774
-3.294 41.0657 -0.240729
-3.7914 41.0594 -0.190258
-3.53959 55.4295 1.87318
-3.48985 55.4302 1.86813
-3.49494 55.4364 1.81878
-3.54468 55.4357 1.82383
-3.51726 40.7834 2.55792e-006
INDEX = 14
4 5 7
6 7 5
1 2 5
6 5 2
0 1 4
5 4 1
7 6 3
2 3 6
4 7 0
3 0 7
8 1 0
8 2 1
8 3 2
8 0 3
FACE-NORMAL = 14
-1.61584e-007 0.992154 0.125021
-1.61584e-007 0.992154 0.125021
0.994691 0.0280957 -0.0989927
0.994691 0.0280957 -0.0989927
0.101729 -0.10898 0.988825
0.101729 -0.10898 0.988825
-0.101729 0.139734 -0.98495
-0.101729 0.139734 -0.98495
-0.994691 0.00265894 0.102868
-0.994691 0.00265894 0.102868
0.0719417 -0.789503 0.609516
0.703438 -0.692565 -0.15978
-0.0719415 -0.613615 -0.786321
-0.703437 -0.710553 -0.0170257
BONE = 3
BONE_NAME = Bip01-Pelvis
PARENT_ID = 2
LOCALTM 
MAT 0.0 1.0 -1.39326e-006 0.0
MAT 0.0428314 1.37091e-006 0.999082 0.0
MAT 0.999082 0.0 -0.0428314 0.0
MAT 0.0 0.0 0.0 1.0
WORLDTM 
MAT -1.61584e-007 0.992154 0.125021 0.0
MAT 0.101741 -0.124372 0.987006 0.0
MAT 0.994811 0.0127199 -0.100943 0.0
MAT -3.51726 40.7834 2.55792e-006 1.0
VERTEX = 9
-2.21168 55.716 1.95458
-1.7859 55.4564 1.91788
-1.81036 55.4868 1.4194
-2.23614 55.7463 1.4561
1.17888 60.856 1.87546
1.22146 60.8301 1.87179
1.21901 60.8331 1.82194
1.17643 60.8591 1.82561
-2.14151 55.3882 1.68042
INDEX = 14
4 5 7
6 7 5
1 2 5
6 5 2
0 1 4
5 4 1
7 6 3
2 3 6
4 7 0
3 0 7
8 1 0
8 2 1
8 3 2
8 0 3
FACE-NORMAL = 14
0.521955 0.852568 0.0262942
0.521955 0.852568 0.0262942
0.870083 -0.487561 -0.072387
0.870083 -0.487561 -0.072387
0.0679782 -0.0294897 0.997251
0.0679782 -0.0294897 0.997251
-0.0298112 0.0918322 -0.995328
-0.0298112 0.0918321 -0.995328
-0.831916 0.549904 0.0743097
-0.831916 0.549904 0.0743097
-0.334481 -0.645779 0.686362
0.233072 -0.969901 -0.0704926
-0.403675 -0.559934 -0.723547
-0.971228 -0.235812 0.033307
BONE = 4
BONE_NAME = Bip01-Spine
PARENT_ID = 3
LOCALTM 
MAT 0.849166 -0.0269787 0.527437 0.0
MAT 0.0644148 0.996529 -0.0527338 0.0
MAT -0.524183 0.0787545 0.847956 0.0
MAT 14.7003 -0.0178761 1.38476 1.0
WORLDTM 
MAT 0.521955 0.852568 0.0262942 0.0
MAT 0.0489275 -0.0607015 0.996956 0.0
MAT 0.851569 -0.51908 -0.0733974 0.0
MAT -2.14151 55.3882 1.68042 1.0
VERTEX = 9
1.12127 61.191 2.10194
1.54817 60.9313 2.08449
1.5274 60.9307 1.58492
1.1005 61.1904 1.60237
4.49541 66.329 1.73054
4.5381 66.3031 1.72879
4.53602 66.303 1.67884
4.49333 66.329 1.68058
1.1946 60.8472 1.84907
INDEX = 14
4 5 7
6 7 5
1 2 5
6 5 2
0 1 4
5 4 1
7 6 3
2 3 6
4 7 0
3 0 7
8 1 0
8 2 1
8 3 2
8 0 3
FACE-NORMAL = 14
0.518933 0.854517 -0.0225602
0.518933 0.854517 -0.0225602
0.872207 -0.487832 -0.0357039
0.872207 -0.487832 -0.0357039
0.0604882 0.0323916 0.997643
0.0604882 0.0323916 0.997643
-0.0225421 0.0300934 -0.999293
-0.0225422 0.0300934 -0.999293
-0.834261 0.550317 0.0340543
-0.834261 0.550317 0.0340543
-0.337566 -0.603422 0.722448
0.23679 -0.971522 -0.0087273
-0.396316 -0.605048 -0.690543
-0.970672 -0.236948 0.0406322
BONE = 5
BONE_NAME = Bip01-Spine1
PARENT_ID = 4
LOCALTM 
MAT 0.9988 -0.0489718 3.57628e-007 0.0
MAT 0.0489354 0.998058 -0.0385542 0.0
MAT 0.00188771 0.038508 0.999257 0.0
MAT 6.39989 -3.57628e-007 -0.00509834 1.0
WORLDTM 
MAT 0.518933 0.854517 -0.0225602 0.0
MAT 0.0415429 0.00114986 0.999136 0.0
MAT 0.853805 -0.519422 -0.0349024 0.0
MAT 1.1946 60.8472 1.84907 1.0
VERTEX = 9
4.43424 66.6701 1.94578
4.8617 66.4108 1.94211
4.84748 66.3944 1.44258
4.42002 66.6537 1.44625
9.10756 73.9471 1.34894
9.1503 73.9211 1.34857
9.14888 73.9195 1.29862
9.10614 73.9454 1.29898
4.51136 66.3187 1.70487
INDEX = 14
4 5 7
6 7 5
1 2 5
6 5 2
0 1 4
5 4 1
7 6 3
2 3 6
4 7 0
3 0 7
8 1 0
8 2 1
8 3 2
8 0 3
FACE-NORMAL = 14
0.517987 0.854319 -0.0427565
0.517987 0.854319 -0.0427565
0.868076 -0.496359 -0.00843701
0.868076 -0.496359 -0.00843701
0.0418792 0.0549267 0.997612
0.0418793 0.0549267 0.997612
-0.0149817 -0.0105644 -0.999832
-0.0149817 -0.0105644 -0.999832
-0.841179 0.540722 0.00621679
-0.841179 0.540722 0.00621679
-0.346162 -0.580933 0.736674
0.238245 -0.970882 0.0250508
-0.386382 -0.627257 -0.676208
-0.970789 -0.237308 0.0354161
BONE = 6
BONE_NAME = Bip01-Spine2
PARENT_ID = 5
LOCALTM 
MAT 0.999796 -0.0202184 0.0 0.0
MAT 0.0202107 0.999415 -0.0276018 0.0
MAT 0.000558108 0.0275962 0.999619 0.0
MAT 6.39989 2.38419e-007 -0.00510216 1.0
WORLDTM 
MAT 0.517987 0.854319 -0.0427565 0.0
MAT 0.0284401 0.0327566 0.999059 0.0
MAT 0.854916 -0.518715 -0.00732937 0.0
MAT 4.51136 66.3187 1.70487 1.0
VERTEX = 9
9.67127 73.8721 1.56056
10.0987 73.6127 1.5569
10.0845 73.5963 1.05737
9.65705 73.8557 1.06103
11.7997 76.9517 1.17379
11.8424 76.9258 1.17342
11.841 76.9241 1.12347
11.7983 76.9501 1.12383
9.74839 73.5206 1.31965
INDEX = 14
4 5 7
6 7 5
1 2 5
6 5 2
0 1 4
5 4 1
7 6 3
2 3 6
4 7 0
3 0 7
8 1 0
8 2 1
8 3 2
8 0 3
FACE-NORMAL = 14
0.517987 0.854319 -0.0427565
0.517987 0.854319 -0.0427565
0.884404 -0.466617 -0.009877
0.884404 -0.466617 -0.009877
0.0594124 0.0838649 0.994704
0.0594124 0.0838649 0.994704
0.00263443 0.0184694 -0.999826
0.00263441 0.0184694 -0.999826
-0.822357 0.568951 0.00475543
-0.822357 0.568951 0.00475543
-0.346162 -0.580933 0.736674
0.238245 -0.970882 0.0250508
-0.386382 -0.627257 -0.676208
-0.970789 -0.237308 0.0354161
BONE = 7
BONE_NAME = Bip01-Neck
PARENT_ID = 6
LOCALTM 
MAT 1.0 0.0 0.0 0.0
MAT 0.0 1.0 0.0 0.0
MAT 0.0 0.0 1.0 0.0
MAT 8.88195 1.90735e-006 0.744278 1.0
WORLDTM 
MAT 0.517987 0.85432 -0.0427565 0.0
MAT 0.0284401 0.0327566 0.999059 0.0
MAT 0.854916 -0.518715 -0.00732937 0.0
MAT 9.74839 73.5206 1.31965 1.0
VERTEX = 9
11.0825 76.2209 1.45727
11.5203 75.9793 1.45616
11.5246 75.9895 0.956283
11.0869 76.2311 0.957393
16.7168 85.9648 1.48043
16.7606 85.9406 1.48032
16.761 85.9416 1.43033
16.7172 85.9658 1.43044
11.1828 75.8864 1.20125
INDEX = 14
4 5 7
6 7 5
1 2 5
6 5 2
0 1 4
5 4 1
7 6 3
2 3 6
4 7 0
3 0 7
8 1 0
8 2 1
8 3 2
8 0 3
FACE-NORMAL = 14
0.483092 0.875291 0.0220959
0.483092 0.875291 0.0220959
0.88501 -0.465569 -0.00177763
0.88501 -0.465569 -0.00177763
0.00092773 -0.00291336 0.999995
0.000927728 -0.00291337 0.999995
0.0183902 0.0379145 -0.999112
0.0183902 0.0379145 -0.999112
-0.865692 0.50057 0.0026612
-0.865692 0.50057 0.0026612
-0.347773 -0.633362 0.691308
0.277493 -0.960574 -0.0171938
-0.335423 -0.604486 -0.722557
-0.960688 -0.277274 -0.0140545
BONE = 8
BONE_NAME = Bip01-Head
PARENT_ID = 7
LOCALTM 
MAT 0.997068 0.0644859 -0.0411853 0.0
MAT -0.0647129 0.997895 -0.00420243 0.0
MAT 0.0408278 0.00685533 0.999143 0.0
MAT 2.76918 0.0 -5.72205e-006 1.0
WORLDTM 
MAT 0.483092 0.875291 0.0220959 0.0
MAT -0.00873298 -0.020418 0.999754 0.0
MAT 0.875526 -0.483166 -0.00221986 0.0
MAT 11.1828 75.8864 1.20125 1.0
VERTEX = 9
16.6386 86.2877 1.7114
17.0764 86.0461 1.71029
17.0807 86.0564 1.21041
16.643 86.2979 1.21152
18.6491 89.466 1.56881
18.6929 89.4418 1.5687
18.6934 89.4428 1.51871
18.6496 89.467 1.51883
16.7389 85.9532 1.45538
INDEX = 14
4 5 7
6 7 5
1 2 5
6 5 2
0 1 4
5 4 1
7 6 3
2 3 6
4 7 0
3 0 7
8 1 0
8 2 1
8 3 2
8 0 3
FACE-NORMAL = 14
0.483092 0.875291 0.0220959
0.483092 0.875291 0.0220959
0.902888 -0.429876 -0.000892498
0.902888 -0.429876 -0.000892498
0.0202162 0.0320417 0.999282
0.0202162 0.0320417 0.999282
0.0376508 0.0728045 -0.996635
0.0376508 0.0728045 -0.996635
-0.845021 0.534722 0.00353924
-0.845021 0.534722 0.00353924
-0.347773 -0.633362 0.691308
0.277493 -0.960574 -0.0171938
-0.335423 -0.604486 -0.722557
-0.960688 -0.277274 -0.0140545
BONE = 9
BONE_NAME = Bip01-HeadNub
PARENT_ID = 8
LOCALTM 
MAT 1.0 0.0 0.0 0.0
MAT 0.0 1.0 0.0 0.0
MAT 0.0 0.0 1.0 0.0
MAT 11.5011 2.38419e-007 -1.14441e-005 1.0
WORLDTM 
MAT 0.483092 0.875291 0.0220959 0.0
MAT -0.00873298 -0.020418 0.999754 0.0
MAT 0.875526 -0.483166 -0.00221986 0.0
MAT 16.7389 85.9532 1.45538 1.0
VERTEX = 9
13.4582 78.1801 1.53949
13.0773 78.504 1.54278
12.7534 78.1232 1.53218
13.1343 77.7993 1.52889
13.0867 78.0273 7.76404
13.0486 78.0597 7.76437
13.0162 78.0216 7.76331
13.0543 77.9893 7.76298
13.108 78.1568 1.2859
INDEX = 14
4 5 7
6 7 5
1 2 5
6 5 2
0 1 4
5 4 1
7 6 3
2 3 6
4 7 0
3 0 7
8 1 0
8 2 1
8 3 2
8 0 3
FACE-NORMAL = 14
-0.00873305 -0.0204172 0.999753
-0.00873305 -0.0204172 0.999753
-0.761637 0.646598 0.0426564
-0.761637 0.646598 0.0426564
0.646995 0.76034 0.0572841
0.646995 0.76034 0.0572841
-0.647625 -0.761814 0.0148894
-0.647625 -0.761814 0.0148894
0.761007 -0.648072 0.029517
0.761007 -0.648072 0.029517
0.464191 0.552951 -0.691934
-0.532512 0.472471 -0.702284
-0.45184 -0.524076 -0.721931
0.544862 -0.443597 -0.711581
BONE = 10
BONE_NAME = Box_head
PARENT_ID = 8
LOCALTM 
MAT 6.81728e-007 1.0 -4.54485e-007 0.0
MAT 0.979981 -4.49829e-007 0.199093 0.0
MAT 0.199093 -5.67175e-007 -0.97998 0.0
MAT 2.91917 0.0214539 0.588413 1.0
WORLDTM 
MAT -0.00873305 -0.0204172 0.999753 0.0
MAT 0.647732 0.761573 0.0212111 0.0
MAT -0.761818 0.647757 0.00657398 0.0
MAT 13.108 78.1568 1.2859 1.0
VERTEX = 9
14.352 71.4548 1.40638
14.487 71.9361 1.41739
14.0056 72.0711 1.41594
13.8706 71.5898 1.40493
14.1634 71.6556 5.15976
14.1769 71.7037 5.16086
14.1287 71.7172 5.16071
14.1152 71.6691 5.15961
14.181 71.7681 1.16122
INDEX = 14
4 5 7
6 7 5
1 2 5
6 5 2
0 1 4
5 4 1
7 6 3
2 3 6
4 7 0
3 0 7
8 1 0
8 2 1
8 3 2
8 0 3
FACE-NORMAL = 14
-0.00873293 -0.0204167 0.999753
-0.00873293 -0.0204167 0.999753
0.268901 0.959683 0.0818544
0.268901 0.959683 0.0818544
0.960595 -0.270772 0.0627684
0.960595 -0.270772 0.0627684
-0.961641 0.268326 0.0569867
-0.961641 0.268326 0.0569867
-0.269947 -0.962129 0.0379007
-0.269947 -0.962129 0.0379007
0.68701 -0.176506 -0.704885
0.197029 0.695122 -0.691365
-0.67466 0.205379 -0.70898
-0.184679 -0.666248 -0.7225
BONE = 11
BONE_NAME = Box_lips
PARENT_ID = 10
LOCALTM 
MAT 1.0 4.66593e-007 2.34693e-007 0.0
MAT 0.0 0.418077 -0.908412 0.0
MAT -5.32717e-007 0.908412 0.418078 0.0
MAT -0.00357366 -4.17309 -4.95658 1.0
WORLDTM 
MAT -0.00873293 -0.0204167 0.999753 0.0
MAT 0.962846 -0.270034 0.00289604 0.0
MAT 0.269908 0.962634 0.0220164 0.0
MAT 14.181 71.7681 1.16122 1.0
VERTEX = 9
18.2428 90.4462 1.32084
18.2428 90.4462 1.82084
18.2428 89.9462 1.82084
18.2428 89.9462 1.32084
21.9928 90.2212 1.54584
21.9928 90.2212 1.59584
21.9928 90.1712 1.59584
21.9928 90.1712 1.54584
17.9928 90.1962 1.57084
INDEX = 14
4 5 7
6 7 5
1 2 5
6 5 2
0 1 4
5 4 1
7 6 3
2 3 6
4 7 0
3 0 7
8 1 0
8 2 1
8 3 2
8 0 3
FACE-NORMAL = 14
1.0 0.0 -1.2666e-007
1.0 0.0 -1.2666e-007
0.0598924 -3.27237e-007 0.998205
0.0598924 -3.27237e-007 0.998205
0.0598925 0.998205 1.41158e-007
0.0598926 0.998205 1.41158e-007
0.0598921 -0.998205 -1.5633e-007
0.059892 -0.998205 -1.5633e-007
0.0598922 3.27237e-007 -0.998205
0.0598922 3.27237e-007 -0.998205
-0.707107 0.707107 1.94929e-007
-0.707107 -2.31808e-007 0.707107
-0.707107 -0.707107 0.0
-0.707107 2.31808e-007 -0.707107
BONE = 12
BONE_NAME = FxTop
PARENT_ID = 8
LOCALTM 
MAT 0.483092 -0.0087331 0.875526 0.0
MAT 0.875291 -0.0204178 -0.483166 0.0
MAT 0.0220958 0.999753 -0.00221966 0.0
MAT 15.8232 0.0178456 -0.952515 1.0
WORLDTM 
MAT 1.0 0.0 -1.2666e-007 0.0
MAT 2.5332e-007 1.0 1.49012e-007 0.0
MAT 0.0 -3.27826e-007 1.0 0.0
MAT 17.9928 90.1962 1.57084 1.0
VERTEX = 9
4.30731 72.3459 21.0456
3.88037 72.602 20.9994
3.62107 72.1758 21.0334
4.04802 71.9198 21.0796
3.74497 72.8822 26.7783
3.70228 72.9078 26.7737
3.67635 72.8652 26.7771
3.71904 72.8396 26.7817
3.97517 72.2344 20.7911
INDEX = 14
4 5 7
6 7 5
1 2 5
6 5 2
0 1 4
5 4 1
7 6 3
2 3 6
4 7 0
3 0 7
8 1 0
8 2 1
8 3 2
8 0 3
FACE-NORMAL = 14
-0.0438911 0.10609 0.993387
-0.0438911 0.10609 0.993387
-0.854952 0.515921 -0.0536919
-0.854952 0.515921 -0.0536919
0.516497 0.855784 -0.0293931
0.516497 0.855784 -0.0293931
-0.519914 -0.847526 0.106723
-0.519914 -0.847526 0.106723
0.851535 -0.507662 0.131021
0.851535 -0.507662 0.131021
0.39774 0.527651 -0.750592
-0.572756 0.287149 -0.767787
-0.335669 -0.677685 -0.65427
0.634828 -0.437183 -0.637075
BONE = 13
BONE_NAME = Bip01-L-Clavicle
PARENT_ID = 6
LOCALTM 
MAT 0.0254262 0.994679 -0.0998348 0.0
MAT 0.999676 -0.0253778 0.00175568 0.0
MAT -0.000787288 -0.0998471 -0.995003 0.0
MAT 3.96008 19.2468 -3.66685 1.0
WORLDTM 
MAT -0.0438911 0.10609 0.993388 0.0
MAT 0.518599 0.852301 -0.0681094 0.0
MAT -0.853891 0.51218 -0.0924267 0.0
MAT 3.97517 72.2344 20.7911 1.0
VERTEX = 9
3.39627 72.6724 26.5583
3.88173 72.554 26.541
3.90836 72.5906 27.039
3.42289 72.709 27.0562
0.692857 60.4569 27.8272
0.741404 60.4451 27.8255
0.744066 60.4487 27.8753
0.69552 60.4606 27.877
3.71066 72.8737 26.7777
INDEX = 14
4 5 7
6 7 5
1 2 5
6 5 2
0 1 4
5 4 1
7 6 3
2 3 6
4 7 0
3 0 7
8 1 0
8 2 1
8 3 2
8 0 3
FACE-NORMAL = 14
-0.233378 -0.968774 0.0837331
-0.233378 -0.968774 0.0837331
0.966595 -0.254177 -0.0329959
0.966595 -0.254177 -0.0329959
-0.057425 -0.0905717 -0.994233
-0.057425 -0.0905717 -0.994233
0.0490723 0.055899 0.99723
0.0490723 0.055899 0.99723
-0.974947 0.219504 0.0359927
-0.974947 0.219504 0.0359927
0.127365 0.633233 -0.763409
0.851572 0.517528 -0.0836033
0.202682 0.73682 0.644993
-0.521525 0.852525 -0.0348132
BONE = 14
BONE_NAME = Bip01-L-UpperArm
PARENT_ID = 13
LOCALTM 
MAT -0.00935496 -0.95242 -0.304646 0.0
MAT -0.994739 -0.0222182 0.100007 0.0
MAT -0.102017 0.303979 -0.947201 0.0
MAT 6.02639 -7.62939e-006 0.0 1.0
WORLDTM 
MAT -0.233378 -0.968774 0.0837331 0.0
MAT -0.0532572 -0.0732471 -0.995891 0.0
MAT 0.970927 -0.236879 -0.0344998 0.0
MAT 3.71066 72.8737 26.7777 1.0
VERTEX = 9
0.449825 60.192 27.6338
0.948983 60.1786 27.6081
0.975612 60.2152 28.106
0.476454 60.2286 28.1317
0.414604 48.4044 28.7285
0.46452 48.4031 28.726
0.467183 48.4068 28.7758
0.417267 48.4081 28.7783
0.718461 60.4528 27.8512
INDEX = 14
4 5 7
6 7 5
1 2 5
6 5 2
0 1 4
5 4 1
7 6 3
2 3 6
4 7 0
3 0 7
8 1 0
8 2 1
8 3 2
8 0 3
FACE-NORMAL = 14
-0.0229697 -0.996952 0.0745535
-0.0229697 -0.996952 0.0745535
0.9977 -0.0457924 -0.0499858
0.9977 -0.0457924 -0.0499858
-0.0536842 -0.0921853 -0.994294
-0.0536842 -0.0921853 -0.994294
0.0528109 0.0542822 0.997128
0.0528109 0.0542822 0.997128
-0.998573 0.0078893 0.0528202
-0.998573 0.00788931 0.0528202
-0.0214165 0.653158 -0.756918
0.722158 0.685969 -0.0890712
0.0539005 0.756745 0.651484
-0.689674 0.723935 -0.0163633
BONE = 15
BONE_NAME = Bip01-L-Forearm
PARENT_ID = 14
LOCALTM 
MAT 0.977425 1.2666e-007 0.211283 0.0
MAT -1.3411e-007 1.0 0.0 0.0
MAT -0.211283 0.0 0.977425 0.0
MAT 12.8212 0.0 -9.53674e-007 1.0
WORLDTM 
MAT -0.0229697 -0.996953 0.0745535 0.0
MAT -0.0532572 -0.073247 -0.995891 0.0
MAT 0.998317 -0.0268457 -0.0514123 0.0
MAT 0.718461 60.4528 27.8512 1.0
VERTEX = 9
0.217707 48.1808 29.0473
0.159251 48.1445 28.5521
0.655752 48.1319 28.4944
0.714209 48.1681 28.9897
0.166585 33.3009 29.9151
0.160739 33.2973 29.8656
0.210389 33.296 29.8598
0.216235 33.2996 29.9093
0.440894 48.4056 28.7521
INDEX = 14
4 5 7
6 7 5
1 2 5
6 5 2
0 1 4
5 4 1
7 6 3
2 3 6
4 7 0
3 0 7
8 1 0
8 2 1
8 3 2
8 0 3
FACE-NORMAL = 14
-0.0166585 -0.99705 0.0749289
-0.0166585 -0.99705 0.0749289
-0.117152 -0.0875271 -0.989249
-0.117152 -0.0875271 -0.989249
-0.993141 0.0102048 0.116479
-0.993141 0.0102048 0.116479
0.992638 -0.0403099 -0.114217
0.992638 -0.0403099 -0.114217
0.116649 0.057422 0.991512
0.116649 0.057422 0.991512
-0.690379 0.722882 0.0285898
-0.0708909 0.653768 -0.753367
0.713938 0.687159 -0.134555
0.0944496 0.756274 0.647402
BONE = 16
BONE_NAME = Bip01-L-Hand
PARENT_ID = 15
LOCALTM 
MAT 0.99998 -0.00070291 0.00628386 0.0
MAT 0.00622615 -0.0638528 -0.99794 0.0
MAT 0.00110272 0.997959 -0.0638471 0.0
MAT 12.0841 -3.8147e-006 4.76837e-007 1.0
WORLDTM 
MAT -0.0166585 -0.99705 0.0749289 0.0
MAT -0.993002 0.0252602 0.115361 0.0
MAT -0.116913 -0.0724828 -0.990494 0.0
MAT 0.440894 48.4056 28.7521 1.0
VERTEX = 9
0.512272 33.0876 30.3699
0.454211 33.0513 29.8746
0.448963 33.55 29.8387
0.507024 33.5863 30.334
17.057 33.3301 28.1855
17.0512 33.3265 28.136
17.0507 33.3764 28.1324
17.0565 33.38 28.1819
0.232323 33.3183 30.1335
INDEX = 14
4 5 7
6 7 5
1 2 5
6 5 2
0 1 4
5 4 1
7 6 3
2 3 6
4 7 0
3 0 7
8 1 0
8 2 1
8 3 2
8 0 3
FACE-NORMAL = 14
0.993179 0.0020632 -0.116578
0.993179 0.0020632 -0.116578
-0.102722 -0.0724685 -0.992067
-0.102722 -0.0724685 -0.992067
0.0238853 -0.997248 0.0701906
0.0238853 -0.997248 0.0701906
0.00289537 0.997303 -0.0733341
0.00289536 0.997303 -0.0733341
0.129503 0.0725241 0.988923
0.129503 0.0725241 0.988923
-0.694862 -0.706703 0.133181
-0.784395 -0.0527262 -0.618016
-0.709706 0.703785 0.0316848
-0.620173 0.0498084 0.782882
BONE = 17
BONE_NAME = Bip01-L-Finger0
PARENT_ID = 16
LOCALTM 
MAT -0.027337 -0.999626 -0.000795899 0.0
MAT 0.999626 -0.027337 -2.17408e-005 0.0
MAT 0.0 -0.000796183 1.0 0.0
MAT 15.1498 -0.0146489 -0.250225 1.0
WORLDTM 
MAT 0.993179 0.0020632 -0.116578 0.0
MAT 0.0104959 -0.997366 0.0717689 0.0
MAT -0.116123 -0.0725029 -0.990585 0.0
MAT 0.232323 33.3183 30.1335 1.0
VERTEX = 9
17.3338 33.1225 28.3954
17.2758 33.0863 27.9001
17.2705 33.585 27.8642
17.3286 33.6212 28.3595
21.0298 33.3384 27.7192
21.0239 33.3347 27.6697
21.0234 33.3846 27.6661
21.0292 33.3882 27.7156
17.0539 33.3532 28.159
INDEX = 14
4 5 7
6 7 5
1 2 5
6 5 2
0 1 4
5 4 1
7 6 3
2 3 6
4 7 0
3 0 7
8 1 0
8 2 1
8 3 2
8 0 3
FACE-NORMAL = 14
0.993179 0.0020632 -0.116578
0.993179 0.0020632 -0.116578
-0.0564305 -0.0722492 -0.995789
-0.0564305 -0.0722492 -0.995789
0.0699609 -0.995452 0.0646579
0.0699609 -0.995452 0.0646579
0.0490067 0.995699 -0.0786221
0.0490067 0.995699 -0.0786221
0.175398 0.0724963 0.981825
0.175398 0.0724963 0.981825
-0.694862 -0.706703 0.133181
-0.784395 -0.0527262 -0.618016
-0.709706 0.703785 0.0316848
-0.620173 0.0498084 0.782882
BONE = 18
BONE_NAME = Bip01-L-Finger0Nub
PARENT_ID = 17
LOCALTM 
MAT 1.0 0.0 0.0 0.0
MAT 0.0 1.0 0.0 0.0
MAT 0.0 0.0 1.0 0.0
MAT 16.9371 0.0 -3.8147e-006 1.0
WORLDTM 
MAT 0.993179 0.0020632 -0.116578 0.0
MAT 0.0104959 -0.997366 0.0717689 0.0
MAT -0.116123 -0.0725029 -0.990585 0.0
MAT 17.0539 33.3532 28.159 1.0
VERTEX = 9
14.9744 33.2625 28.474
14.4787 33.2744 28.5387
14.4716 32.7759 28.5763
14.9673 32.764 28.5116
15.2381 33.3162 32.2279
15.1886 33.3174 32.2343
15.1879 33.2675 32.2381
15.2374 33.2663 32.2316
14.6903 33.001 28.278
INDEX = 14
4 5 7
6 7 5
1 2 5
6 5 2
0 1 4
5 4 1
7 6 3
2 3 6
4 7 0
3 0 7
8 1 0
8 2 1
8 3 2
8 0 3
FACE-NORMAL = 14
0.130671 0.0727111 0.988756
0.130671 0.0727111 0.988756
-0.981718 0.0281779 0.188242
-0.981718 0.0281779 0.188242
0.0220001 0.999632 -0.0158451
0.0220001 0.999632 -0.0158451
-0.00634771 -0.990923 0.134283
-0.00634771 -0.990923 0.134283
0.997371 -0.0194683 -0.0698045
0.997371 -0.0194683 -0.0698044
-0.0823579 0.653619 -0.75233
-0.79337 -0.0345387 -0.607759
-0.102439 -0.756448 -0.645982
0.608574 -0.0682903 -0.790553
BONE = 19
BONE_NAME = Box_water
PARENT_ID = 17
LOCALTM 
MAT 0.0146627 -0.000186242 -0.999893 0.0
MAT 0.0249261 -0.999689 0.00055173 0.0
MAT -0.999582 -0.0249315 -0.0146534 0.0
MAT 14.575 0.335032 0.182137 1.0
WORLDTM 
MAT 0.130671 0.0727111 0.988756 0.0
MAT 0.0141994 0.997068 -0.0751989 0.0
MAT -0.991324 0.0238659 0.129255 0.0
MAT 14.6903 33.001 28.278 1.0
VERTEX = 9
2.21149 34.1383 43.5812
1.71583 34.1502 43.6458
1.65045 34.1109 43.1517
2.14611 34.099 43.087
1.90876 30.3887 43.6922
1.8592 30.3899 43.6987
1.85266 30.3859 43.6493
1.90223 30.3847 43.6428
1.93432 34.3738 43.3461
INDEX = 14
4 5 7
6 7 5
1 2 5
6 5 2
0 1 4
5 4 1
7 6 3
2 3 6
4 7 0
3 0 7
8 1 0
8 2 1
8 3 2
8 0 3
FACE-NORMAL = 14
-0.0134022 -0.996611 0.0811547
-0.0134022 -0.996611 0.0811547
-0.990347 -0.0358757 0.133885
-0.990347 -0.0358757 0.133885
0.129717 0.0188876 0.991371
0.129717 0.0188876 0.991371
-0.131323 -0.138266 -0.98165
-0.131323 -0.138266 -0.98165
0.988742 -0.083503 -0.124164
0.988742 -0.083503 -0.124164
0.101934 0.760373 0.641438
-0.691495 0.72158 0.0340133
-0.0829808 0.649048 -0.756208
0.710449 0.687842 -0.148783
BONE = 20
BONE_NAME = Box_water_pump
PARENT_ID = 16
LOCALTM 
MAT 0.999975 -0.00250422 -0.00657909 0.0
MAT -0.00661314 -0.0138419 -0.999883 0.0
MAT 0.00241286 0.999901 -0.0138581 0.0
MAT 15.0591 -0.153849 -13.6128 1.0
WORLDTM 
MAT -0.0134022 -0.996611 0.0811547 0.0
MAT 0.130755 0.0787183 0.988285 0.0
MAT -0.991324 0.0238565 0.129257 0.0
MAT 1.93432 34.3738 43.3461 1.0
VERTEX = 9
16.9645 33.2068 27.8465
16.9644 33.2068 28.3465
16.9644 32.7068 28.3465
16.9645 32.7068 27.8465
20.7145 32.9818 28.0715
20.7144 32.9818 28.1215
20.7144 32.9318 28.1215
20.7144 32.9318 28.0715
16.7144 32.9568 28.0965
INDEX = 14
4 5 7
6 7 5
1 2 5
6 5 2
0 1 4
5 4 1
7 6 3
2 3 6
4 7 0
3 0 7
8 1 0
8 2 1
8 3 2
8 0 3
FACE-NORMAL = 14
1.0 -3.06964e-006 8.62835e-006
1.0 -3.06964e-006 8.62835e-006
0.0598836 1.11859e-006 0.998205
0.0598836 1.11859e-006 0.998205
0.0598954 0.998205 -8.72591e-007
0.0598954 0.998205 -8.72591e-007
0.0598892 -0.998205 1.90613e-006
0.0598892 -0.998205 1.90613e-006
0.059901 -1.48629e-006 -0.998204
0.059901 -1.48629e-006 -0.998204
-0.707105 0.707109 -7.08536e-006
-0.707113 3.09318e-006 0.707101
-0.707109 -0.707105 -5.11697e-006
-0.707101 1.24794e-006 -0.707113
BONE = 21
BONE_NAME = FxHand00
PARENT_ID = 16
LOCALTM 
MAT -0.0166547 -0.993002 -0.116922 0.0
MAT -0.99705 0.0252571 -0.0724819 0.0
MAT 0.0749277 0.11537 -0.990493 0.0
MAT 15.083 -16.6256 -0.133411 1.0
WORLDTM 
MAT 1.0 -3.06964e-006 8.62835e-006 0.0
MAT 3.09944e-006 1.0 -1.39186e-006 0.0
MAT -8.69011e-006 1.30478e-006 1.0 0.0
MAT 16.7144 32.9568 28.0965 1.0
VERTEX = 9
0.449826 60.192 27.6338
0.948984 60.1786 27.6081
0.975613 60.2152 28.106
0.476454 60.2286 28.1317
0.600293 56.4639 28.1258
0.650209 56.4625 28.1233
0.652872 56.4662 28.1731
0.602956 56.4675 28.1756
0.718462 60.4528 27.8512
INDEX = 14
4 5 7
6 7 5
1 2 5
6 5 2
0 1 4
5 4 1
7 6 3
2 3 6
4 7 0
3 0 7
8 1 0
8 2 1
8 3 2
8 0 3
FACE-NORMAL = 14
-0.0229697 -0.996952 0.0745535
-0.0229697 -0.996952 0.0745535
0.995149 -0.0865073 -0.0468546
0.995149 -0.0865073 -0.0468546
-0.054537 -0.132825 -0.989638
-0.054537 -0.132825 -0.989638
0.0517856 0.0134057 0.998568
0.0517856 0.0134057 0.998568
-0.9979 -0.0329123 0.0557849
-0.9979 -0.0329123 0.0557849
-0.0214163 0.653158 -0.756918
0.722158 0.685969 -0.0890711
0.0539003 0.756745 0.651484
-0.689674 0.723935 -0.0163634
BONE = 22
BONE_NAME = Box_L_Forearm
PARENT_ID = 15
LOCALTM 
MAT 1.0 0.0 0.0 0.0
MAT 0.0 1.0 2.74274e-007 0.0
MAT 0.0 -2.73809e-007 1.0 0.0
MAT -3.8147e-006 -7.62939e-006 2.38419e-007 1.0
WORLDTM 
MAT -0.0229697 -0.996953 0.0745535 0.0
MAT -0.0532569 -0.073247 -0.995891 0.0
MAT 0.998317 -0.0268457 -0.051412 0.0
MAT 0.718462 60.4528 27.8512 1.0
VERTEX = 9
2.93618 70.6391 -17.9781
2.51208 70.8984 -17.9246
2.7721 71.3254 -17.9333
3.19621 71.0661 -17.9868
2.28203 71.1843 -23.7003
2.23961 71.2103 -23.6949
2.26562 71.253 -23.6958
2.30803 71.227 -23.7011
2.87926 70.972 -17.7072
INDEX = 14
4 5 7
6 7 5
1 2 5
6 5 2
0 1 4
5 4 1
7 6 3
2 3 6
4 7 0
3 0 7
8 1 0
8 2 1
8 3 2
8 0 3
FACE-NORMAL = 14
-0.100464 0.0409233 -0.994099
-0.100464 0.0409233 -0.994099
-0.851479 0.519921 0.0683011
-0.851479 0.519921 0.0683011
-0.523559 -0.851723 -0.0213043
-0.523559 -0.851723 -0.0213043
0.515738 0.854909 -0.0560806
0.515738 0.854909 -0.0560806
0.843659 -0.516736 -0.145686
0.843659 -0.516736 -0.145686
-0.296687 -0.63278 0.715239
-0.528737 0.337854 0.778647
0.438765 0.574906 0.690629
0.670815 -0.395729 0.627221
BONE = 23
BONE_NAME = Bip01-R-Clavicle
PARENT_ID = 6
LOCALTM 
MAT 0.0254265 -0.99468 -0.0998299 0.0
MAT -0.999676 -0.0253781 -0.00175613 0.0
MAT -0.000786841 0.0998422 -0.995003 0.0
MAT 3.96003 -19.2878 -3.6668 1.0
WORLDTM 
MAT -0.100464 0.0409233 -0.994099 0.0
MAT -0.520043 -0.853963 0.0174013 0.0
MAT -0.848212 0.518722 0.107075 0.0
MAT 2.87926 70.972 -17.7072 1.0
VERTEX = 9
1.98694 71.133 -24.0109
2.46302 70.9803 -24.0061
2.41549 70.8472 -23.5265
1.93941 70.9999 -23.5313
-1.46427 59.5339 -27.3383
-1.41667 59.5187 -27.3378
-1.42142 59.5053 -27.2899
-1.46903 59.5206 -27.2904
2.27382 71.2186 -23.698
INDEX = 14
4 5 7
6 7 5
1 2 5
6 5 2
0 1 4
5 4 1
7 6 3
2 3 6
4 7 0
3 0 7
8 1 0
8 2 1
8 3 2
8 0 3
FACE-NORMAL = 14
-0.290439 -0.914218 -0.282577
-0.290439 -0.914218 -0.282577
0.946799 -0.321793 0.004503
0.946799 -0.321793 0.00450299
0.0898406 0.249844 -0.964109
0.0898406 0.249844 -0.964109
-0.100256 -0.282628 0.953976
-0.100256 -0.282628 0.953976
-0.957214 0.289009 -0.0146363
-0.957214 0.289009 -0.0146363
0.272591 0.834738 -0.478442
0.87865 0.430464 0.20658
0.138151 0.458163 0.878067
-0.467908 0.862436 0.193044
BONE = 24
BONE_NAME = Bip01-R-UpperArm
PARENT_ID = 23
LOCALTM 
MAT 0.272675 0.926832 -0.258128 0.0
MAT 0.954883 -0.293521 -0.045215 0.0
MAT -0.117673 -0.234153 -0.965052 0.0
MAT 6.02639 0.0 0.0 1.0
WORLDTM 
MAT -0.290439 -0.914219 -0.282577 0.0
MAT 0.0950635 0.266279 -0.959197 0.0
MAT 0.95216 -0.30545 0.00957116 0.0
MAT 2.27382 71.2186 -23.698 1.0
VERTEX = 9
-1.31146 59.2591 -27.634
-1.08399 59.6818 -27.4941
-1.13152 59.5487 -27.0145
-1.35899 59.126 -27.1544
9.24714 53.9108 -27.8377
9.26989 53.9531 -27.8237
9.26514 53.9398 -27.7758
9.24239 53.8975 -27.7898
-1.44285 59.5196 -27.3141
INDEX = 14
4 5 7
6 7 5
1 2 5
6 5 2
0 1 4
5 4 1
7 6 3
2 3 6
4 7 0
3 0 7
8 1 0
8 2 1
8 3 2
8 0 3
FACE-NORMAL = 14
0.885432 -0.462977 -0.0407723
0.885432 -0.462977 -0.0407723
0.471693 0.836473 0.278958
0.471693 0.836473 0.278958
0.111879 0.257429 -0.959799
0.111879 0.257429 -0.959799
-0.0782136 -0.275032 0.958248
-0.0782136 -0.275032 0.958248
-0.438028 -0.854076 -0.280509
-0.438028 -0.854076 -0.280509
-0.558875 0.515661 -0.649424
-0.304402 0.925182 0.226668
-0.693315 0.139087 0.707085
-0.947788 -0.270434 -0.169007
BONE = 25
BONE_NAME = Bip01-R-Forearm
PARENT_ID = 24
LOCALTM 
MAT 0.17762 0.0 0.984099 0.0
MAT 0.0 1.0 0.0 0.0
MAT -0.984099 0.0 0.17762 0.0
MAT 12.7967 -3.8147e-006 3.8147e-006 1.0
WORLDTM 
MAT 0.885432 -0.462977 -0.0407723 0.0
MAT 0.0950634 0.266279 -0.959197 0.0
MAT 0.454943 0.845428 0.279784 0.0
MAT -1.44285 59.5196 -27.3141 1.0
VERTEX = 9
9.44775 53.7855 -28.169
9.63808 54.1238 -27.8539
9.50831 53.8359 -27.4663
9.31798 53.4975 -27.7814
28.3021 44.079 -28.7777
28.3212 44.1128 -28.7462
28.3082 44.084 -28.7074
28.2892 44.0502 -28.7389
9.25614 53.9253 -27.8068
INDEX = 14
4 5 7
6 7 5
1 2 5
6 5 2
0 1 4
5 4 1
7 6 3
2 3 6
4 7 0
3 0 7
8 1 0
8 2 1
8 3 2
8 0 3
FACE-NORMAL = 14
0.887546 -0.45865 -0.0436008
0.887546 -0.45865 -0.0436008
0.390056 0.671821 0.629693
0.390056 0.671821 0.629693
0.268931 0.571024 -0.775634
0.268931 0.571024 -0.775634
-0.250104 -0.580753 0.774709
-0.250104 -0.580753 0.774709
-0.371228 -0.68155 -0.630618
-0.371228 -0.68155 -0.630618
-0.444073 0.731552 -0.51733
-0.35842 0.802831 0.476443
-0.811107 -0.0829227 0.57899
-0.89676 -0.154201 -0.414782
BONE = 26
BONE_NAME = Bip01-R-Hand
PARENT_ID = 25
LOCALTM 
MAT 0.999984 0.00406608 0.00382826 0.0
MAT -0.00523296 0.921611 0.388079 0.0
MAT -0.00195009 -0.388093 0.921618 0.0
MAT 12.0834 3.8147e-006 7.62939e-006 1.0
WORLDTM 
MAT 0.887546 -0.45865 -0.0436008 0.0
MAT 0.259532 0.575921 -0.775215 0.0
MAT 0.380664 0.676724 0.630191 0.0
MAT 9.25614 53.9253 -27.8068 1.0
VERTEX = 9
27.8666 43.8754 -29.53
28.0585 44.2174 -29.2199
28.5038 43.9915 -29.2464
28.3118 43.6495 -29.5564
29.9235 48.0822 -35.0812
29.9427 48.1164 -35.0502
29.9872 48.0938 -35.0529
29.968 48.0596 -35.0839
28.1242 43.7903 -29.1925
INDEX = 14
4 5 7
6 7 5
1 2 5
6 5 2
0 1 4
5 4 1
7 6 3
2 3 6
4 7 0
3 0 7
8 1 0
8 2 1
8 3 2
8 0 3
FACE-NORMAL = 14
0.243974 0.5726 -0.782691
0.243974 0.5726 -0.782691
0.391308 0.701528 0.595597
0.391308 0.701528 0.595597
-0.882557 0.469332 0.0286487
-0.882557 0.469332 0.0286487
0.897681 -0.433835 -0.0771689
0.897681 -0.433835 -0.0771688
-0.376184 -0.666032 -0.644117
-0.376184 -0.666032 -0.644117
-0.802227 -0.0854182 0.590876
0.0989643 0.0788484 0.991962
0.457196 -0.724361 0.516016
-0.443996 -0.888627 0.11493
BONE = 27
BONE_NAME = Bip01-R-Finger0
PARENT_ID = 26
LOCALTM 
MAT -0.0119593 0.999846 -0.0128807 0.0
MAT -0.999929 -0.011959 0.000104278 0.0
MAT -4.98295e-005 0.012881 0.999917 0.0
MAT 21.4551 0.134125 -0.549496 1.0
WORLDTM 
MAT 0.243974 0.5726 -0.782692 0.0
MAT -0.890547 0.451801 0.0529342 0.0
MAT 0.383931 0.684109 0.620156 0.0
MAT 28.1242 43.7903 -29.1925 1.0
VERTEX = 9
29.7678 48.2291 -34.7031
29.5758 47.8868 -35.0129
30.021 47.6609 -35.0394
30.2131 48.0032 -34.7296
28.9679 45.8279 -31.9178
28.9486 45.7937 -31.9487
28.9932 45.7711 -31.9514
29.0124 45.8053 -31.9204
29.9553 48.088 -35.067
INDEX = 14
4 5 7
6 7 5
1 2 5
6 5 2
0 1 4
5 4 1
7 6 3
2 3 6
4 7 0
3 0 7
8 1 0
8 2 1
8 3 2
8 0 3
FACE-NORMAL = 14
-0.243709 -0.572128 0.783119
-0.243709 -0.572128 0.783119
-0.398006 -0.717541 -0.5716
-0.398006 -0.717541 -0.5716
-0.903545 0.416724 0.099742
-0.903545 0.416724 0.099742
0.874352 -0.485256 -0.00593634
0.874352 -0.485256 -0.00593635
0.368813 0.649009 0.665405
0.368813 0.649009 0.665405
-0.457384 0.724027 -0.516319
-0.0992709 -0.0794619 -0.991883
0.80204 0.0850839 -0.591179
0.443927 0.888573 -0.115615
BONE = 28
BONE_NAME = Bip01-R-Finger0Nub
PARENT_ID = 27
LOCALTM 
MAT -1.0 0.0 0.000690639 0.0
MAT 1.19209e-007 1.0 1.49012e-007 0.0
MAT -0.00069043 1.49012e-007 -1.0 0.0
MAT 7.50557 0.0 -1.90735e-006 1.0
WORLDTM 
MAT -0.243709 -0.572128 0.78312 0.0
MAT -0.890547 0.451801 0.0529342 0.0
MAT -0.384099 -0.684504 -0.619615 0.0
MAT 29.9553 48.088 -35.067 1.0
VERTEX = 9
28.0916 44.1277 -29.3895
28.0916 44.1277 -28.8895
28.0916 43.6277 -28.8895
28.0916 43.6277 -29.3895
31.8416 43.9027 -29.1645
31.8416 43.9027 -29.1145
31.8416 43.8527 -29.1145
31.8416 43.8527 -29.1645
27.8416 43.8777 -29.1395
INDEX = 14
4 5 7
6 7 5
1 2 5
6 5 2
0 1 4
5 4 1
7 6 3
2 3 6
4 7 0
3 0 7
8 1 0
8 2 1
8 3 2
8 0 3
FACE-NORMAL = 14
1.0 -5.57304e-006 -4.90435e-006
1.0 -5.57304e-006 -4.90435e-006
0.0598973 -3.10786e-006 0.998205
0.0598973 -3.10786e-006 0.998205
0.0598984 0.998204 2.7109e-006
0.0598985 0.998204 2.7109e-006
0.0598861 -0.998205 -3.29836e-006
0.0598861 -0.998205 -3.29836e-006
0.0598873 2.4403e-006 -0.998205
0.0598873 2.4403e-006 -0.998205
-0.707103 0.707111 5.59631e-006
-0.707103 1.97564e-006 0.70711
-0.707111 -0.707103 1.33948e-006
-0.70711 5.90583e-006 -0.707103
BONE = 29
BONE_NAME = FxHand01
PARENT_ID = 26
LOCALTM 
MAT 0.887549 0.259532 0.380656 0.0
MAT -0.458645 0.57592 0.676728 0.0
MAT -0.043595 -0.775215 0.630191 0.0
MAT 21.1619 0.0699959 -0.564554 1.0
WORLDTM 
MAT 1.0 -5.57303e-006 -4.90434e-006 0.0
MAT 6.16908e-006 1.0 3.01003e-006 0.0
MAT 5.03846e-006 -2.77907e-006 1.0 0.0
MAT 27.8416 43.8777 -29.1395 1.0
VERTEX = 9
27.8666 43.8754 -29.53
28.0585 44.2174 -29.2199
28.5038 43.9916 -29.2464
28.3118 43.6495 -29.5564
29.0682 46.0749 -32.3374
29.0874 46.1091 -32.3064
29.1319 46.0865 -32.3091
29.1127 46.0523 -32.3401
28.1242 43.7903 -29.1925
INDEX = 14
4 5 7
6 7 5
1 2 5
6 5 2
0 1 4
5 4 1
7 6 3
2 3 6
4 7 0
3 0 7
8 1 0
8 2 1
8 3 2
8 0 3
FACE-NORMAL = 14
0.243973 0.5726 -0.782692
0.243973 0.5726 -0.782692
0.39785 0.717177 0.572165
0.39785 0.717177 0.572165
-0.874338 0.485281 0.00595956
-0.874338 0.485281 0.00595955
0.903562 -0.416692 -0.099714
0.903562 -0.416692 -0.0997139
-0.368625 -0.648589 -0.665919
-0.368625 -0.648589 -0.665919
-0.802228 -0.0854203 0.590875
0.098962 0.0788503 0.991962
0.457198 -0.724358 0.516018
-0.443993 -0.888629 0.114931
BONE = 30
BONE_NAME = Bip01-R-Finger1
PARENT_ID = 26
LOCALTM 
MAT -0.0119598 0.999846 -0.0128814 0.0
MAT -0.999929 -0.0119596 9.97782e-005 0.0
MAT -5.43892e-005 0.0128816 0.999917 0.0
MAT 21.4551 0.134125 -0.549498 1.0
WORLDTM 
MAT 0.243973 0.5726 -0.782692 0.0
MAT -0.890549 0.451797 0.0529318 0.0
MAT 0.383927 0.684111 0.620155 0.0
MAT 28.1242 43.7903 -29.1925 1.0
VERTEX = 9
-1.31145 59.2591 -27.634
-1.08398 59.6818 -27.4942
-1.13151 59.5487 -27.0146
-1.35898 59.126 -27.1544
2.08989 57.6532 -27.5082
2.11264 57.6955 -27.4942
2.10788 57.6822 -27.4462
2.08514 57.6399 -27.4602
-1.44284 59.5196 -27.3141
INDEX = 14
4 5 7
6 7 5
1 2 5
6 5 2
0 1 4
5 4 1
7 6 3
2 3 6
4 7 0
3 0 7
8 1 0
8 2 1
8 3 2
8 0 3
FACE-NORMAL = 14
0.885432 -0.462977 -0.0407723
0.885432 -0.462977 -0.0407723
0.507157 0.816181 0.27684
0.507157 0.816181 0.27684
0.147923 0.238072 -0.959917
0.147923 0.238072 -0.959917
-0.0418623 -0.29353 0.955033
-0.0418623 -0.29353 0.955033
-0.401096 -0.871639 -0.281724
-0.401096 -0.871639 -0.281724
-0.558875 0.515662 -0.649424
-0.304402 0.925182 0.226668
-0.693315 0.139086 0.707085
-0.947788 -0.270434 -0.169007
BONE = 31
BONE_NAME = Box_R_Forearm
PARENT_ID = 25
LOCALTM 
MAT 1.0 0.0 0.0 0.0
MAT 0.0 1.0 2.5332e-007 0.0
MAT 0.0 -3.12924e-007 1.0 0.0
MAT 5.72205e-006 7.62939e-006 0.0 1.0
WORLDTM 
MAT 0.885432 -0.462977 -0.0407723 0.0
MAT 0.0950635 0.266279 -0.959197 0.0
MAT 0.454943 0.845428 0.279784 0.0
MAT -1.44284 59.5196 -27.3141 1.0
VERTEX = 9
2.70342 70.0111 1.9034
2.33054 70.3442 1.90309
1.99774 69.9717 1.92477
2.37062 69.6386 1.92508
2.49251 70.1162 5.65949
2.45522 70.1496 5.65946
2.42194 70.1123 5.66163
2.45923 70.079 5.66166
2.34347 69.9832 1.66432
INDEX = 14
4 5 7
6 7 5
1 2 5
6 5 2
0 1 4
5 4 1
7 6 3
2 3 6
4 7 0
3 0 7
8 1 0
8 2 1
8 3 2
8 0 3
FACE-NORMAL = 14
0.0284368 0.0327581 0.999059
0.0284368 0.0327581 0.999059
-0.742725 0.666973 0.0592198
-0.742725 0.666973 0.0592199
0.666108 0.745672 0.016539
0.666108 0.745672 0.016539
-0.662702 -0.741748 0.103133
-0.662702 -0.741748 0.103133
0.746131 -0.663049 0.060452
0.746131 -0.663049 0.060452
0.450542 0.503664 -0.737112
-0.547444 0.447916 -0.706878
-0.490758 -0.549991 -0.675771
0.507229 -0.494243 -0.706005
BONE = 32
BONE_NAME = Box_back
PARENT_ID = 6
LOCALTM 
MAT -3.53903e-007 1.0 -3.63775e-006 0.0
MAT 0.983135 1.01514e-006 0.182883 0.0
MAT 0.182882 -3.51854e-006 -0.983135 0.0
MAT 2.00951 0.0178757 -3.75393 1.0
WORLDTM 
MAT 0.0284368 0.0327582 0.999059 0.0
MAT 0.6656 0.745047 -0.0433748 0.0
MAT -0.745767 0.666207 -0.000617176 0.0
MAT 2.34347 69.9832 1.66432 1.0
VERTEX = 9
3.78605 76.6894 25.725
3.28628 76.685 25.7394
3.27566 76.4494 25.2985
3.77544 76.4538 25.2842
3.63605 73.2741 27.2989
3.58607 73.2737 27.3003
3.58501 73.2501 27.2562
3.63499 73.2505 27.2548
3.52555 76.7899 25.3941
INDEX = 14
4 5 7
6 7 5
1 2 5
6 5 2
0 1 4
5 4 1
7 6 3
2 3 6
4 7 0
3 0 7
8 1 0
8 2 1
8 3 2
8 0 3
FACE-NORMAL = 14
0.0212453 -0.881948 0.470868
0.0212453 -0.881948 0.470868
-0.996482 -0.0615407 0.0568895
-0.996482 -0.0615407 0.0568895
0.0224686 0.417598 0.908354
0.0224686 0.417598 0.908354
-0.0199237 -0.523242 -0.851951
-0.0199237 -0.523242 -0.851951
0.999027 -0.0441029 -0.000486854
0.999027 -0.0441029 -0.000486856
-7.81007e-006 0.956867 0.290527
-0.721811 0.617455 -0.312632
-0.0300376 0.290396 -0.956435
0.691765 0.629807 -0.353276
BONE = 33
BONE_NAME = Box_left_armor
PARENT_ID = 6
LOCALTM 
MAT -0.762593 0.442139 0.472192 0.0
MAT 0.375911 0.896946 -0.232762 0.0
MAT -0.526444 -6.16361e-007 -0.85021 0.0
MAT 7.42226 23.9818 -6.448 1.0
WORLDTM 
MAT 0.0212453 -0.881948 0.470868 0.0
MAT 0.0212343 0.471266 0.881736 0.0
MAT -0.999549 -0.00873456 0.0287398 0.0
MAT 3.52555 76.7899 25.3941 1.0
VERTEX = 9
1.92039 75.3415 -22.1741
2.42017 75.3459 -22.1884
2.40528 75.5521 -22.6437
1.9055 75.5478 -22.6293
2.15323 78.8522 -20.8382
2.20321 78.8527 -20.8397
2.20172 78.8733 -20.8852
2.15174 78.8728 -20.8838
2.16186 75.2191 -22.512
INDEX = 14
4 5 7
6 7 5
1 2 5
6 5 2
0 1 4
5 4 1
7 6 3
2 3 6
4 7 0
3 0 7
8 1 0
8 2 1
8 3 2
8 0 3
FACE-NORMAL = 14
0.00390337 0.910915 0.412576
0.00390337 0.910915 0.412576
0.997988 0.0632749 -0.00397766
0.997988 0.0632749 -0.00397766
0.0299626 -0.357205 0.933545
0.0299626 -0.357205 0.933545
-0.0294951 0.466318 -0.884125
-0.0294951 0.466318 -0.884125
-0.997521 0.0458387 0.053398
-0.997521 0.0458387 0.053398
0.0182992 -0.935797 0.352064
0.704028 -0.637938 -0.312057
-0.0238194 -0.352431 -0.935535
-0.709548 -0.65029 -0.271413
BONE = 34
BONE_NAME = Box_right_armor
PARENT_ID = 6
LOCALTM 
MAT 0.762594 0.442137 -0.472192 0.0
MAT -0.37591 0.896947 0.232759 0.0
MAT 0.526443 9.88453e-007 0.85021 0.0
MAT 7.42223 -23.9694 -6.44792 1.0
WORLDTM 
MAT 0.00390337 0.910915 0.412576 0.0
MAT 0.0297823 -0.412502 0.91047 0.0
MAT 0.999549 0.00873381 -0.0287394 0.0
MAT 2.16186 75.2191 -22.512 1.0
VERTEX = 9
3.41404 61.4351 1.5347
3.41404 61.4351 2.0347
3.41404 60.9351 2.0347
3.41404 60.9351 1.5347
7.16404 61.2101 1.7597
7.16404 61.2101 1.8097
7.16404 61.1601 1.8097
7.16404 61.1601 1.7597
3.16404 61.1851 1.7847
INDEX = 14
4 5 7
6 7 5
1 2 5
6 5 2
0 1 4
5 4 1
7 6 3
2 3 6
4 7 0
3 0 7
8 1 0
8 2 1
8 3 2
8 0 3
FACE-NORMAL = 14
1.0 0.0 0.0
1.0 0.0 0.0
0.0598922 -3.08607e-007 0.998205
0.0598922 -3.08607e-007 0.998205
0.0598926 0.998205 2.29521e-007
0.0598926 0.998205 2.29521e-007
0.059892 -0.998205 -2.37163e-007
0.059892 -0.998205 -2.37163e-007
0.0598924 3.06822e-007 -0.998205
0.0598924 3.06822e-007 -0.998205
-0.707107 0.707107 2.10405e-007
-0.707107 -2.07441e-007 0.707107
-0.707107 -0.707107 -1.20184e-007
-0.707107 2.28515e-007 -0.707107
BONE = 35
BONE_NAME = FxCenter
PARENT_ID = 5
LOCALTM 
MAT 0.518933 0.0415429 0.853805 0.0
MAT 0.854517 0.0011502 -0.519422 0.0
MAT -0.0225604 0.999136 -0.0349024 0.0
MAT 1.31219 0.0178912 1.50825 1.0
WORLDTM 
MAT 1.0 0.0 0.0 0.0
MAT 2.68221e-007 1.0 2.33762e-007 0.0
MAT 0.0 -3.08268e-007 1.0 0.0
MAT 3.16404 61.1851 1.7847 1.0
VERTEX = 9
-2.52847 39.4364 7.89664
-2.28351 39.8599 7.99965
-2.40907 39.8153 8.48156
-2.65403 39.3918 8.37856
8.84569 32.5021 10.4522
8.87019 32.5444 10.4625
8.85763 32.54 10.5107
8.83314 32.4976 10.5004
-2.67747 39.7568 8.14684
INDEX = 14
4 5 7
6 7 5
1 2 5
6 5 2
0 1 4
5 4 1
7 6 3
2 3 6
4 7 0
3 0 7
8 1 0
8 2 1
8 3 2
8 0 3
FACE-NORMAL = 14
0.834814 -0.523937 0.169046
0.834814 -0.523937 0.169046
0.503699 0.838269 0.208791
0.503699 0.838269 0.208791
0.264949 0.0804609 -0.9609
0.264949 0.0804609 -0.9609
-0.237249 -0.0978452 0.966509
-0.237249 -0.0978452 0.966509
-0.475999 -0.855653 -0.203182
-0.475999 -0.855653 -0.203182
-0.412724 0.433529 -0.801069
-0.243879 0.969453 0.0261406
