EXPORTER_V17
ANIMATION_EXPORT
BONEOBJECT_COUNT = 72
VERTEX = 9
0.25 0.25 -0.25
0.25 0.25 0.25
0.25 -0.25 0.25
0.25 -0.25 -0.25
4.0 0.025 -0.025
4.0 0.025 0.025
4.0 -0.025 0.025
4.0 -0.025 -0.025
0.0 0.0 0.0
INDEX = 14
4 5 7
6 7 5
1 2 5
6 5 2
0 1 4
5 4 1
7 6 3
2 3 6
4 7 0
3 0 7
8 1 0
8 2 1
8 3 2
8 0 3
FACE-NORMAL = 14
1.0 0.0 0.0
1.0 0.0 0.0
0.0598923 0.0 0.998205
0.0598923 0.0 0.998205
0.0598923 0.998205 0.0
0.0598923 0.998205 0.0
0.0598923 -0.998205 0.0
0.0598923 -0.998205 0.0
0.0598923 0.0 -0.998205
0.0598923 0.0 -0.998205
-0.707107 0.707107 0.0
-0.707107 0.0 0.707107
-0.707107 -0.707107 0.0
-0.707107 0.0 -0.707107
BONE = 0
BONE_NAME = Dummy_root
PARENT_ID = -1
LOCALTM 
MAT 1.0 0.0 0.0 0.0
MAT 0.0 1.0 0.0 0.0
MAT 0.0 0.0 1.0 0.0
MAT 0.0 0.0 0.0 1.0
WORLDTM 
MAT 1.0 0.0 0.0 0.0
MAT 0.0 1.0 0.0 0.0
MAT 0.0 0.0 1.0 0.0
MAT 0.0 0.0 0.0 1.0
VERTEX = 9
0.25 0.25 -0.25
0.25 0.25 0.25
0.25 -0.25 0.25
0.25 -0.25 -0.25
4.0 0.025 -0.025
4.0 0.025 0.025
4.0 -0.025 0.025
4.0 -0.025 -0.025
0.0 0.0 0.0
INDEX = 14
4 5 7
6 7 5
1 2 5
6 5 2
0 1 4
5 4 1
7 6 3
2 3 6
4 7 0
3 0 7
8 1 0
8 2 1
8 3 2
8 0 3
FACE-NORMAL = 14
1.0 0.0 0.0
1.0 0.0 0.0
0.0598923 0.0 0.998205
0.0598923 0.0 0.998205
0.0598923 0.998205 0.0
0.0598923 0.998205 0.0
0.0598923 -0.998205 0.0
0.0598923 -0.998205 0.0
0.0598923 0.0 -0.998205
0.0598923 0.0 -0.998205
-0.707107 0.707107 0.0
-0.707107 0.0 0.707107
-0.707107 -0.707107 0.0
-0.707107 0.0 -0.707107
BONE = 1
BONE_NAME = FxBottom
PARENT_ID = 0
LOCALTM 
MAT 1.0 0.0 0.0 0.0
MAT 0.0 1.0 0.0 0.0
MAT 0.0 0.0 1.0 0.0
MAT 0.0 0.0 0.0 1.0
WORLDTM 
MAT 1.0 0.0 0.0 0.0
MAT 0.0 1.0 0.0 0.0
MAT 0.0 0.0 1.0 0.0
MAT 0.0 0.0 0.0 1.0
VERTEX = 9
-3.26726 41.0334 -0.249997
-3.26726 41.0334 0.250003
-3.26726 40.5334 0.250002
-3.26726 40.5334 -0.249998
0.482735 40.8084 -0.0249974
0.482735 40.8084 0.0250026
0.482735 40.7584 0.0250025
0.482735 40.7584 -0.0249975
-3.51726 40.7834 2.55792e-006
INDEX = 14
4 5 7
6 7 5
1 2 5
6 5 2
0 1 4
5 4 1
7 6 3
2 3 6
4 7 0
3 0 7
8 1 0
8 2 1
8 3 2
8 0 3
FACE-NORMAL = 14
1.0 0.0 0.0
1.0 0.0 0.0
0.0598923 -1.56031e-006 0.998205
0.0598923 -1.56031e-006 0.998205
0.0598923 0.998205 1.56031e-006
0.0598923 0.998205 1.56031e-006
0.0598923 -0.998205 -1.56031e-006
0.0598923 -0.998205 -1.56031e-006
0.0598923 1.56031e-006 -0.998205
0.0598923 1.56031e-006 -0.998205
-0.707107 0.707107 1.10529e-006
-0.707107 -1.10529e-006 0.707107
-0.707107 -0.707107 -1.10529e-006
-0.707107 1.10529e-006 -0.707107
BONE = 2
BONE_NAME = Bip01
PARENT_ID = 0
LOCALTM 
MAT 1.0 0.0 0.0 0.0
MAT 0.0 1.0 1.49012e-006 0.0
MAT 0.0 -1.49012e-006 1.0 0.0
MAT -3.51726 40.7834 -4.19291e-007 1.0
WORLDTM 
MAT 1.0 0.0 0.0 0.0
MAT 0.0 1.0 1.56312e-006 0.0
MAT 0.0 -1.56312e-006 1.0 0.0
MAT -3.51726 40.7834 2.55792e-006 1.0
VERTEX = 9
-3.76726 41.0334 0.250002
-3.26726 41.0334 0.250003
-3.26726 41.0334 -0.249997
-3.76726 41.0334 -0.249998
-3.54226 55.5488 0.0250045
-3.49226 55.5488 0.0250046
-3.49226 55.5488 -0.0249955
-3.54226 55.5488 -0.0249955
-3.51726 40.7834 2.55792e-006
INDEX = 14
4 5 7
6 7 5
1 2 5
6 5 2
0 1 4
5 4 1
7 6 3
2 3 6
4 7 0
3 0 7
8 1 0
8 2 1
8 3 2
8 0 3
FACE-NORMAL = 14
0.0 1.0 1.32605e-007
0.0 1.0 1.32605e-007
0.99988 0.0154989 1.43239e-006
0.99988 0.0154989 1.43239e-006
-1.43034e-006 0.0154988 0.99988
-1.43034e-006 0.0154988 0.99988
1.43034e-006 0.0154991 -0.99988
1.43034e-006 0.0154991 -0.99988
-0.99988 0.0154989 -1.42828e-006
-0.99988 0.0154989 -1.42828e-006
-1.01152e-006 -0.707107 0.707107
0.707107 -0.707107 9.17758e-007
1.01152e-006 -0.707107 -0.707107
-0.707107 -0.707107 -1.10529e-006
BONE = 3
BONE_NAME = Bip01-Pelvis
PARENT_ID = 2
LOCALTM 
MAT 0.0 1.0 -1.43051e-006 0.0
MAT -1.43051e-006 1.43051e-006 1.0 0.0
MAT 1.0 0.0 1.43051e-006 0.0
MAT 0.0 0.0 0.0 1.0
WORLDTM 
MAT 0.0 1.0 1.32605e-007 0.0
MAT -1.43051e-006 -1.32605e-007 1.0 0.0
MAT 1.0 0.0 1.43051e-006 0.0
MAT -3.51726 40.7834 2.55792e-006 1.0
VERTEX = 9
-2.21344 55.8279 0.232132
-1.78834 55.5647 0.23213
-1.78834 55.5647 -0.26787
-2.21344 55.8279 -0.267868
1.21542 60.9381 0.00713917
1.25793 60.9118 0.007139
1.25793 60.9118 -0.042861
1.21542 60.9381 -0.0428608
-2.1325 55.4837 -0.0178689
INDEX = 14
4 5 7
6 7 5
1 2 5
6 5 2
0 1 4
5 4 1
7 6 3
2 3 6
4 7 0
3 0 7
8 1 0
8 2 1
8 3 2
8 0 3
FACE-NORMAL = 14
0.526443 0.85021 1.2533e-006
0.526443 0.85021 1.2533e-006
0.868889 -0.495006 -3.468e-006
0.868889 -0.495006 -3.468e-006
0.0192499 0.0310821 0.999331
0.0192499 0.0310821 0.999331
0.0192453 0.0310879 -0.999331
0.0192453 0.0310879 -0.999331
-0.830394 0.557177 3.55965e-006
-0.830394 0.557177 3.55965e-006
-0.37225 -0.601191 0.707106
0.228938 -0.973441 -3.37253e-006
-0.372253 -0.601187 -0.707108
-0.973441 -0.228938 1.6001e-006
BONE = 4
BONE_NAME = Bip01-Spine
PARENT_ID = 3
LOCALTM 
MAT 0.85021 3.87473e-007 0.526443 0.0
MAT -2.78403e-006 1.0 3.76021e-006 0.0
MAT -0.526443 -4.6626e-006 0.85021 0.0
MAT 14.7003 -0.0178754 1.38476 1.0
WORLDTM 
MAT 0.526443 0.85021 1.2533e-006 0.0
MAT 2.3297e-006 -2.91663e-006 1.0 0.0
MAT 0.85021 -0.526443 -3.51617e-006 0.0
MAT -2.1325 55.4837 -0.0178689 1.0
VERTEX = 9
1.1514 61.2718 0.23214
1.57651 61.0086 0.232139
1.5765 61.0086 -0.267861
1.1514 61.2718 -0.26786
4.58027 66.3821 0.00714724
4.62278 66.3557 0.00714706
4.62278 66.3557 -0.0428529
4.58027 66.3821 -0.0428528
1.23234 60.9276 -0.0178609
INDEX = 14
4 5 7
6 7 5
1 2 5
6 5 2
0 1 4
5 4 1
7 6 3
2 3 6
4 7 0
3 0 7
8 1 0
8 2 1
8 3 2
8 0 3
FACE-NORMAL = 14
0.526443 0.85021 1.2533e-006
0.526443 0.85021 1.2533e-006
0.868889 -0.495007 -3.468e-006
0.868889 -0.495006 -3.468e-006
0.0192499 0.0310821 0.999331
0.0192499 0.0310821 0.999331
0.0192453 0.0310879 -0.999331
0.0192453 0.0310879 -0.999331
-0.830394 0.557177 3.55965e-006
-0.830394 0.557177 3.55965e-006
-0.37225 -0.601191 0.707106
0.228938 -0.973441 -3.37253e-006
-0.372253 -0.601187 -0.707108
-0.973441 -0.228938 1.6001e-006
BONE = 5
BONE_NAME = Bip01-Spine1
PARENT_ID = 4
LOCALTM 
MAT 1.0 0.0 0.0 0.0
MAT 0.0 1.0 0.0 0.0
MAT 0.0 0.0 1.0 0.0
MAT 6.39989 0.0 -0.00510025 1.0
WORLDTM 
MAT 0.526443 0.85021 1.2533e-006 0.0
MAT 2.3297e-006 -2.91663e-006 1.0 0.0
MAT 0.85021 -0.526443 -3.51617e-006 0.0
MAT 1.23234 60.9276 -0.0178609 1.0
VERTEX = 9
4.51624 66.7157 0.232148
4.94135 66.4525 0.232147
4.94135 66.4525 -0.267853
4.51624 66.7157 -0.267852
9.26816 73.9627 0.00715845
9.31067 73.9364 0.00715828
9.31067 73.9364 -0.0428417
9.26816 73.9627 -0.0428416
4.59718 66.3716 -0.0178528
INDEX = 14
4 5 7
6 7 5
1 2 5
6 5 2
0 1 4
5 4 1
7 6 3
2 3 6
4 7 0
3 0 7
8 1 0
8 2 1
8 3 2
8 0 3
FACE-NORMAL = 14
0.526443 0.85021 1.2533e-006
0.526443 0.85021 1.2533e-006
0.863592 -0.504192 -3.48245e-006
0.863592 -0.504192 -3.48245e-006
0.0136707 0.0220715 0.999663
0.0136707 0.0220715 0.999663
0.013666 0.0220774 -0.999663
0.013666 0.0220774 -0.999663
-0.836255 0.54834 3.54753e-006
-0.836255 0.54834 3.54753e-006
-0.37225 -0.601191 0.707106
0.228938 -0.973441 -3.37253e-006
-0.372253 -0.601187 -0.707108
-0.973441 -0.228938 1.6001e-006
BONE = 6
BONE_NAME = Bip01-Spine2
PARENT_ID = 5
LOCALTM 
MAT 1.0 0.0 0.0 0.0
MAT 0.0 1.0 0.0 0.0
MAT 0.0 0.0 1.0 0.0
MAT 6.39989 0.0 -0.00510025 1.0
WORLDTM 
MAT 0.526443 0.85021 1.2533e-006 0.0
MAT 2.3297e-006 -2.91663e-006 1.0 0.0
MAT 0.85021 -0.526443 -3.51617e-006 0.0
MAT 4.59718 66.3716 -0.0178528 1.0
VERTEX = 9
9.82488 73.8755 0.232159
10.25 73.6122 0.232157
10.25 73.6122 -0.267843
9.82488 73.8755 -0.267841
11.9903 76.9453 0.00716258
12.0328 76.919 0.0071624
12.0328 76.919 -0.0428376
11.9903 76.9453 -0.0428374
9.90582 73.5313 -0.0178425
INDEX = 14
4 5 7
6 7 5
1 2 5
6 5 2
0 1 4
5 4 1
7 6 3
2 3 6
4 7 0
3 0 7
8 1 0
8 2 1
8 3 2
8 0 3
FACE-NORMAL = 14
0.526443 0.85021 1.2533e-006
0.526443 0.85021 1.2533e-006
0.880214 -0.474577 -3.4348e-006
0.880214 -0.474577 -3.4348e-006
0.0315322 0.0509181 0.998205
0.0315322 0.0509181 0.998205
0.0315276 0.050924 -0.998205
0.0315276 0.0509239 -0.998205
-0.817154 0.576419 3.58493e-006
-0.817154 0.576419 3.58493e-006
-0.37225 -0.601191 0.707106
0.228938 -0.973441 -3.37253e-006
-0.372253 -0.601187 -0.707108
-0.973441 -0.228938 1.6001e-006
BONE = 7
BONE_NAME = Bip01-Neck
PARENT_ID = 6
LOCALTM 
MAT 1.0 0.0 0.0 0.0
MAT 0.0 1.0 0.0 0.0
MAT 0.0 0.0 1.0 0.0
MAT 8.88195 1.76765e-006 0.74427 1.0
WORLDTM 
MAT 0.526443 0.85021 1.2533e-006 0.0
MAT 2.3297e-006 -2.91663e-006 1.0 0.0
MAT 0.85021 -0.526443 -3.51617e-006 0.0
MAT 9.90582 73.5313 -0.0178425 1.0
VERTEX = 9
11.2411 76.2173 0.232162
11.6953 76.0083 0.23216
11.6953 76.0083 -0.26784
11.2411 76.2173 -0.267838
16.1493 86.3439 0.00717596
16.1947 86.323 0.00717579
16.1947 86.323 -0.0428242
16.1493 86.3439 -0.0428241
11.3636 75.8857 -0.017839
INDEX = 14
4 5 7
6 7 5
1 2 5
6 5 2
0 1 4
5 4 1
7 6 3
2 3 6
4 7 0
3 0 7
8 1 0
8 2 1
8 3 2
8 0 3
FACE-NORMAL = 14
0.418076 0.908412 1.29643e-006
0.418076 0.908412 1.29643e-006
0.916589 -0.39983 -3.30733e-006
0.916589 -0.39983 -3.30733e-006
0.00836151 0.0181602 0.9998
0.00836151 0.0181602 0.9998
0.00835654 0.0181654 -0.9998
0.00835654 0.0181654 -0.9998
-0.899871 0.436155 3.35917e-006
-0.899871 0.436155 3.35917e-006
-0.295623 -0.642346 0.707106
0.34672 -0.937969 -3.27415e-006
-0.295626 -0.642342 -0.707108
-0.937969 -0.34672 1.44072e-006
BONE = 8
BONE_NAME = Bip01-Head
PARENT_ID = 7
LOCALTM 
MAT 0.992435 -3.7908e-007 -0.122775 0.0
MAT 3.75993e-007 1.0 0.0 0.0
MAT 0.122775 0.0 0.992435 0.0
MAT 2.7692 0.0 -3.8147e-006 1.0
WORLDTM 
MAT 0.418076 0.908412 1.29643e-006 0.0
MAT 2.48656e-006 -2.57153e-006 1.0 0.0
MAT 0.908412 -0.418076 -3.33392e-006 0.0
MAT 11.3636 75.8857 -0.017839 1.0
VERTEX = 9
16.0494 86.6651 0.232177
16.5036 86.456 0.232176
16.5036 86.456 -0.267824
16.0494 86.6651 -0.267823
17.8216 89.9775 0.00718157
17.867 89.9566 0.0071814
17.867 89.9566 -0.0428186
17.8216 89.9775 -0.0428184
16.172 86.3334 -0.0178237
INDEX = 14
4 5 7
6 7 5
1 2 5
6 5 2
0 1 4
5 4 1
7 6 3
2 3 6
4 7 0
3 0 7
8 1 0
8 2 1
8 3 2
8 0 3
FACE-NORMAL = 14
0.418076 0.908412 1.29643e-006
0.418076 0.908412 1.29643e-006
0.931821 -0.362919 -3.25028e-006
0.931821 -0.362919 -3.25028e-006
0.025042 0.0544043 0.998205
0.025042 0.0544043 0.998205
0.025037 0.0544094 -0.998205
0.025037 0.0544094 -0.998205
-0.881742 0.471733 3.40558e-006
-0.881742 0.471733 3.40558e-006
-0.295623 -0.642346 0.707106
0.34672 -0.937969 -3.27415e-006
-0.295626 -0.642342 -0.707108
-0.937969 -0.34672 1.44072e-006
BONE = 9
BONE_NAME = Bip01-HeadNub
PARENT_ID = 8
LOCALTM 
MAT 1.0 0.0 0.0 0.0
MAT 0.0 1.0 0.0 0.0
MAT 0.0 0.0 1.0 0.0
MAT 11.5011 4.24683e-007 -9.53674e-006 1.0
WORLDTM 
MAT 0.418076 0.908412 1.29643e-006 0.0
MAT 2.48656e-006 -2.57153e-006 1.0 0.0
MAT 0.908412 -0.418076 -3.33392e-006 0.0
MAT 16.172 86.3334 -0.0178237 1.0
VERTEX = 9
13.468 78.3456 0.253616
13.0645 78.6409 0.253618
12.7692 78.2374 0.253617
13.1727 77.9421 0.253616
13.1535 78.2969 6.483
13.1132 78.3264 6.483
13.0837 78.2861 6.483
13.124 78.2565 6.483
13.1186 78.2915 0.00361674
INDEX = 14
4 5 7
6 7 5
1 2 5
6 5 2
0 1 4
5 4 1
7 6 3
2 3 6
4 7 0
3 0 7
8 1 0
8 2 1
8 3 2
8 0 3
FACE-NORMAL = 14
2.01748e-006 -1.89633e-006 1.0
2.01748e-006 -1.89633e-006 1.0
-0.806464 0.59018 0.0360984
-0.806464 0.59018 0.0360984
0.59018 0.806464 0.036096
0.59018 0.806464 0.036096
-0.59018 -0.806464 0.0360953
-0.59018 -0.806464 0.0360953
0.806464 -0.59018 0.0360929
0.806464 -0.59018 0.0360929
0.417591 0.57063 -0.707107
-0.57063 0.417594 -0.707105
-0.417594 -0.570627 -0.707107
0.570627 -0.417591 -0.707109
BONE = 10
BONE_NAME = Box_head
PARENT_ID = 8
LOCALTM 
MAT 4.17242e-007 1.0 -7.08402e-007 0.0
MAT 0.979981 -2.38419e-007 0.199093 0.0
MAT 0.199093 -7.74976e-007 -0.979981 0.0
MAT 2.91916 0.021454 0.588419 1.0
WORLDTM 
MAT 2.01748e-006 -1.89633e-006 1.0 0.0
MAT 0.590565 0.80699 3.68304e-007 0.0
MAT -0.80699 0.590565 2.75031e-006 0.0
MAT 13.1186 78.2915 0.00361674 1.0
VERTEX = 9
14.8492 71.7019 0.250027
14.9488 72.1919 0.250027
14.4588 72.2914 0.250029
14.3592 71.8014 0.250028
14.6735 71.9672 4.00003
14.6835 72.0162 4.00003
14.6345 72.0261 4.00003
14.6245 71.9771 4.00003
14.654 71.9967 2.77583e-005
INDEX = 14
4 5 7
6 7 5
1 2 5
6 5 2
0 1 4
5 4 1
7 6 3
2 3 6
4 7 0
3 0 7
8 1 0
8 2 1
8 3 2
8 0 3
FACE-NORMAL = 14
2.09584e-006 -1.38495e-006 1.0
2.09584e-006 -1.38495e-006 1.0
0.198734 0.978222 0.0598932
0.198734 0.978222 0.0598933
0.978222 -0.198735 0.05989
0.978222 -0.198735 0.05989
-0.978221 0.198734 0.0598946
-0.978221 0.198734 0.0598946
-0.198734 -0.978222 0.0598913
-0.198734 -0.978222 0.0598913
0.69295 -0.140778 -0.707108
0.140778 0.692952 -0.707106
-0.692953 0.14078 -0.707105
-0.140781 -0.69295 -0.707107
BONE = 11
BONE_NAME = Box_lips
PARENT_ID = 10
LOCALTM 
MAT 1.0 4.58959e-007 2.38764e-007 0.0
MAT 0.0 0.418077 -0.908412 0.0
MAT -5.16745e-007 0.908411 0.418077 0.0
MAT -0.00357381 -4.1731 -4.95657 1.0
WORLDTM 
MAT 2.09584e-006 -1.38495e-006 1.0 0.0
MAT 0.979981 -0.199092 -2.31942e-006 0.0
MAT 0.199092 0.979981 9.67668e-007 0.0
MAT 14.654 71.9967 2.77583e-005 1.0
VERTEX = 9
17.3637 90.9079 -0.24997
17.3637 90.9079 0.25003
17.3637 90.4079 0.250029
17.3637 90.4079 -0.24997
21.1137 90.6829 -0.0249758
21.1137 90.6829 0.0250242
21.1137 90.6329 0.0250241
21.1137 90.6329 -0.0249759
17.1137 90.6579 3.02829e-005
INDEX = 14
4 5 7
6 7 5
1 2 5
6 5 2
0 1 4
5 4 1
7 6 3
2 3 6
4 7 0
3 0 7
8 1 0
8 2 1
8 3 2
8 0 3
FACE-NORMAL = 14
1.0 -3.57628e-007 -1.53855e-006
1.0 -3.57628e-007 -1.53855e-006
0.0598938 -1.64273e-006 0.998205
0.0598938 -1.64273e-006 0.998205
0.0598926 0.998205 1.51429e-006
0.0598926 0.998205 1.51429e-006
0.059892 -0.998205 -1.69858e-006
0.059892 -0.998205 -1.69858e-006
0.0598908 1.59989e-006 -0.998205
0.0598908 1.59989e-006 -0.998205
-0.707107 0.707107 2.22588e-006
-0.707106 -8.95621e-007 0.707108
-0.707107 -0.707107 0.0
-0.707108 1.40138e-006 -0.707106
BONE = 12
BONE_NAME = FxTop
PARENT_ID = 8
LOCALTM 
MAT 0.418076 9.48016e-007 0.908412 0.0
MAT 0.908412 -9.62202e-007 -0.418076 0.0
MAT 4.45118e-007 1.0 -1.29869e-006 0.0
MAT 15.8232 0.0178456 -0.952513 1.0
WORLDTM 
MAT 1.0 -3.57628e-007 -1.53854e-006 0.0
MAT 2.94298e-007 1.0 1.60933e-006 0.0
MAT 1.49291e-006 -1.62423e-006 1.0 0.0
MAT 17.1137 90.6579 3.02829e-005 1.0
VERTEX = 9
3.89006 71.7688 19.4963
3.46687 72.0304 19.4464
3.20299 71.6059 19.459
3.62618 71.3443 19.509
3.16791 72.1239 25.2252
3.1256 72.1501 25.2202
3.09921 72.1076 25.2215
3.14153 72.0815 25.2265
3.5644 71.6688 19.229
INDEX = 14
4 5 7
6 7 5
1 2 5
6 5 2
0 1 4
5 4 1
7 6 3
2 3 6
4 7 0
3 0 7
8 1 0
8 2 1
8 3 2
8 0 3
FACE-NORMAL = 14
-0.0714916 0.074171 0.99468
-0.0714916 0.074171 0.99468
-0.848518 0.525633 -0.0610513
-0.848518 0.525633 -0.0610513
0.524582 0.851255 0.0133579
0.524582 0.851255 0.0133579
-0.530147 -0.845482 0.0640722
-0.530147 -0.845482 0.0640722
0.842953 -0.519859 0.138481
0.842953 -0.519859 0.138481
0.423738 0.547895 -0.721289
-0.547927 0.317471 -0.773944
-0.322634 -0.652789 -0.685401
0.649031 -0.422364 -0.632746
BONE = 13
BONE_NAME = Bip01-L-Clavicle
PARENT_ID = 6
LOCALTM 
MAT 0.0254259 0.994679 -0.0998332 0.0
MAT 0.999677 -0.0253776 0.0017539 0.0
MAT -0.000789046 -0.0998455 -0.995003 0.0
MAT 3.96008 19.2468 -3.66684 1.0
WORLDTM 
MAT -0.0714916 0.074171 0.99468 0.0
MAT 0.527764 0.849012 -0.0253764 0.0
MAT -0.846377 0.523142 -0.099842 0.0
MAT 3.5644 71.6688 19.229 1.0
VERTEX = 9
2.88525 71.8207 25.0265
3.38525 71.8222 25.0286
3.38293 71.9207 25.5187
2.88294 71.9192 25.5167
3.13605 59.5413 27.7269
3.18604 59.5415 27.7271
3.18581 59.5514 27.7761
3.13581 59.5512 27.7759
3.13356 72.1158 25.2233
INDEX = 14
4 5 7
6 7 5
1 2 5
6 5 2
0 1 4
5 4 1
7 6 3
2 3 6
4 7 0
3 0 7
8 1 0
8 2 1
8 3 2
8 0 3
FACE-NORMAL = 14
0.00213472 -0.980363 0.197189
0.00213472 -0.980363 0.197189
0.999865 -0.0145388 0.00764347
0.999865 -0.0145388 0.00764347
0.00466466 -0.21469 -0.976671
0.00466466 -0.21469 -0.976671
-0.00458826 0.179603 0.983729
-0.00458826 0.179603 0.983729
-0.999789 -0.0205487 -0.000585992
-0.999789 -0.0205487 -0.000585993
0.00176245 0.553796 -0.832651
0.705588 0.695346 -0.136524
-0.0047814 0.832647 0.553783
-0.708607 0.691096 -0.142344
BONE = 14
BONE_NAME = Bip01-L-UpperArm
PARENT_ID = 13
LOCALTM 
MAT 0.123273 -0.836217 -0.534364 0.0
MAT -0.990096 -0.140086 -0.00918772 0.0
MAT -0.0671742 0.530204 -0.845205 0.0
MAT 6.02639 -3.8147e-006 0.0 1.0
WORLDTM 
MAT 0.00213472 -0.980363 0.197189 0.0
MAT 0.0046272 -0.197178 -0.980357 0.0
MAT 0.999987 0.00300545 0.00411539 0.0
MAT 3.13356 72.1158 25.2233 1.0
VERTEX = 9
2.90992 59.2539 27.5542
3.4099 59.2501 27.5573
3.40759 59.3486 28.0475
2.90761 59.3525 28.0443
3.03096 47.6951 30.109
3.08096 47.6948 30.1093
3.08073 47.7046 30.1584
3.03073 47.705 30.1581
3.16093 59.5463 27.7515
INDEX = 14
4 5 7
6 7 5
1 2 5
6 5 2
0 1 4
5 4 1
7 6 3
2 3 6
4 7 0
3 0 7
8 1 0
8 2 1
8 3 2
8 0 3
FACE-NORMAL = 14
-0.00869617 -0.980338 0.197133
-0.00869617 -0.980338 0.197133
0.999605 -0.0262473 0.00999715
0.999605 -0.0262473 0.00999715
0.00446105 -0.215778 -0.976432
0.00446105 -0.215778 -0.976432
-0.00479167 0.178507 0.983927
-0.00479167 0.178507 0.983927
-0.999936 -0.0110242 -0.00250236
-0.999936 -0.0110241 -0.00250236
0.00942105 0.553778 -0.832611
0.713221 0.68782 -0.134974
0.0028772 0.83263 0.553823
-0.700923 0.698587 -0.143814
BONE = 15
BONE_NAME = Bip01-L-Forearm
PARENT_ID = 14
LOCALTM 
MAT 0.999941 0.0 -0.0108309 0.0
MAT 0.0 1.0 0.0 0.0
MAT 0.0108309 0.0 0.999942 0.0
MAT 12.8212 -7.62939e-006 -2.38419e-007 1.0
WORLDTM 
MAT -0.00869617 -0.980338 0.197133 0.0
MAT 0.0046272 -0.197178 -0.980357 0.0
MAT 0.999952 -0.00761295 0.00625089 0.0
MAT 3.16093 59.5463 27.7515 1.0
VERTEX = 9
2.8018 47.5042 30.4247
2.80873 47.4053 29.9346
3.30868 47.4054 29.9417
3.30175 47.5044 30.4317
2.9939 32.8526 33.1558
2.99459 32.8427 33.1068
3.04459 32.8427 33.1075
3.04389 32.8526 33.1565
3.05584 47.6999 30.1337
INDEX = 14
4 5 7
6 7 5
1 2 5
6 5 2
0 1 4
5 4 1
7 6 3
2 3 6
4 7 0
3 0 7
8 1 0
8 2 1
8 3 2
8 0 3
FACE-NORMAL = 14
-0.00241568 -0.980228 0.197857
-0.00241568 -0.980228 0.197857
0.0138222 -0.212648 -0.977031
0.0138222 -0.212648 -0.977031
-0.999824 -0.0151734 -0.0110755
-0.999824 -0.0151734 -0.0110755
0.999751 -0.0144237 0.0170497
0.999751 -0.0144237 0.0170497
-0.0138952 0.183051 0.983005
-0.0138952 0.183051 0.983005
-0.705329 0.692861 -0.149851
0.0115088 0.553209 -0.832963
0.708745 0.693391 -0.129961
-0.00809254 0.833042 0.55315
BONE = 16
BONE_NAME = Bip01-L-Hand
PARENT_ID = 15
LOCALTM 
MAT 0.99998 -0.000702858 0.00628387 0.0
MAT 0.00629009 0.00923508 -0.999938 0.0
MAT 0.000644743 0.999957 0.00923931 0.0
MAT 12.0841 -3.8147e-006 2.38419e-007 1.0
WORLDTM 
MAT -0.00241569 -0.980228 0.197857 0.0
MAT -0.999901 -0.000374897 -0.0140642 0.0
MAT 0.0138603 -0.197872 -0.98013 0.0
MAT 3.05584 47.6999 30.1337 1.0
VERTEX = 9
3.28289 32.7105 33.6736
3.29022 32.6116 33.1835
3.27776 33.1015 33.0844
3.27043 33.2004 33.5745
19.9607 33.3425 33.5658
19.9614 33.3326 33.5168
19.9602 33.3816 33.5069
19.9594 33.3915 33.5559
3.03043 32.8992 33.3767
INDEX = 14
4 5 7
6 7 5
1 2 5
6 5 2
0 1 4
5 4 1
7 6 3
2 3 6
4 7 0
3 0 7
8 1 0
8 2 1
8 3 2
8 0 3
FACE-NORMAL = 14
0.999582 0.0273286 0.00943038
0.999582 0.0273286 0.00943038
0.0281319 -0.197485 -0.979902
0.0281319 -0.197485 -0.979902
0.0383934 -0.979389 0.198298
0.0383934 -0.979389 0.198298
-0.0114401 0.980126 -0.198044
-0.0114401 0.980126 -0.198044
-0.00117858 0.198222 0.980156
-0.00117858 0.198222 0.980156
-0.689191 -0.712181 0.133473
-0.696447 -0.159241 -0.699717
-0.724432 0.673532 -0.146809
-0.717175 0.120592 0.68638
BONE = 17
BONE_NAME = Bip01-L-Finger0
PARENT_ID = 16
LOCALTM 
MAT -0.0273368 -0.999626 -0.000796074 0.0
MAT 0.999627 -0.0273368 -2.18153e-005 0.0
MAT 0.0 -0.000796373 1.0 0.0
MAT 15.1498 -0.0146487 -0.250221 1.0
WORLDTM 
MAT 0.999582 0.0273286 0.00943039 0.0
MAT 0.0249191 -0.979847 0.198189 0.0
MAT 0.0146566 -0.197872 -0.980119 0.0
MAT 3.03043 32.8992 33.3767 1.0
VERTEX = 9
20.2129 33.1734 33.8333
20.2202 33.0744 33.3433
20.2078 33.5644 33.2442
20.2004 33.6633 33.7342
23.959 33.4518 33.6036
23.9597 33.4419 33.5545
23.9585 33.4909 33.5446
23.9578 33.5008 33.5936
19.9604 33.362 33.5364
INDEX = 14
4 5 7
6 7 5
1 2 5
6 5 2
0 1 4
5 4 1
7 6 3
2 3 6
4 7 0
3 0 7
8 1 0
8 2 1
8 3 2
8 0 3
FACE-NORMAL = 14
0.999582 0.0273286 0.00943038
0.999582 0.0273286 0.00943038
0.0744975 -0.19588 -0.977794
0.0744975 -0.19588 -0.977794
0.0847416 -0.976451 0.198398
0.0847416 -0.976451 0.198398
0.034993 0.979725 -0.197269
0.034993 0.979725 -0.197269
0.045237 0.199153 0.978924
0.045237 0.199153 0.978924
-0.689191 -0.712181 0.133473
-0.696447 -0.159241 -0.699717
-0.724432 0.673532 -0.146809
-0.717175 0.120592 0.68638
BONE = 18
BONE_NAME = Bip01-L-Finger0Nub
PARENT_ID = 17
LOCALTM 
MAT 1.0 0.0 0.0 0.0
MAT 0.0 1.0 0.0 0.0
MAT 0.0 0.0 1.0 0.0
MAT 16.9371 0.0 7.62939e-006 1.0
WORLDTM 
MAT 0.999582 0.0273286 0.00943039 0.0
MAT 0.0249191 -0.979847 0.198189 0.0
MAT 0.0146566 -0.197872 -0.980119 0.0
MAT 19.9604 33.362 33.5364 1.0
VERTEX = 9
17.8604 33.2278 33.5974
17.3604 33.2278 33.5974
17.3604 32.7378 33.6966
17.8604 32.7378 33.6966
17.6354 33.7515 37.3175
17.5854 33.7515 37.3175
17.5854 33.7025 37.3274
17.6354 33.7025 37.3274
17.6104 32.9332 33.402
INDEX = 14
4 5 7
6 7 5
1 2 5
6 5 2
0 1 4
5 4 1
7 6 3
2 3 6
4 7 0
3 0 7
8 1 0
8 2 1
8 3 2
8 0 3
FACE-NORMAL = 14
-2.98262e-006 0.198446 0.980112
-2.98262e-006 0.198446 0.980112
-0.998205 0.0119099 0.058693
-0.998205 0.0119099 0.058693
2.56814e-005 0.990238 -0.139389
2.56814e-005 0.990238 -0.139389
-2.60387e-005 -0.966467 0.256791
-2.60387e-005 -0.966467 0.256791
0.998205 0.0118609 0.0587093
0.998205 0.0118609 0.0587093
2.04278e-005 0.552721 -0.833366
-0.707105 -0.140305 -0.693049
-1.62097e-005 -0.833366 -0.552721
0.707109 -0.14034 -0.693038
BONE = 19
BONE_NAME = Box_water
PARENT_ID = 17
LOCALTM 
MAT 0.0146631 -0.000199452 -0.999892 0.0
MAT 0.0249393 -0.999689 0.000565156 0.0
MAT -0.999582 -0.0249449 -0.0146534 0.0
MAT 14.575 0.33503 0.182129 1.0
WORLDTM 
MAT -2.98262e-006 0.198446 0.980112 0.0
MAT 2.59066e-005 0.980112 -0.198447 0.0
MAT -1.0 2.45585e-005 -8.1691e-006 0.0
MAT 17.6104 32.9332 33.402 1.0
VERTEX = 9
3.23462 35.4385 46.7535
2.73462 35.4385 46.7535
2.73462 35.3364 46.2641
3.23462 35.3364 46.2641
3.00961 31.7217 47.2995
2.95961 31.7217 47.2995
2.95961 31.7115 47.2506
3.00961 31.7115 47.2506
2.98462 35.6322 46.4577
INDEX = 14
4 5 7
6 7 5
1 2 5
6 5 2
0 1 4
5 4 1
7 6 3
2 3 6
4 7 0
3 0 7
8 1 0
8 2 1
8 3 2
8 0 3
FACE-NORMAL = 14
-2.8793e-006 -0.978901 0.204336
-2.8793e-006 -0.978901 0.204336
-0.998205 -0.0586265 0.0122355
-0.998205 -0.0586265 0.0122355
-2.32552e-006 0.145341 0.989382
-2.32552e-006 0.145341 0.989382
1.98062e-006 -0.262598 -0.964905
1.98062e-006 -0.262598 -0.964905
0.998205 -0.0586308 0.0122409
0.998205 -0.0586308 0.0122408
5.10784e-007 0.836675 0.5477
-0.707105 0.692189 -0.144489
3.56116e-006 0.5477 -0.836675
0.707109 0.692186 -0.144486
BONE = 20
BONE_NAME = Box_water_pump
PARENT_ID = 16
LOCALTM 
MAT 0.999975 -0.00250418 -0.00657928 0.0
MAT -0.00661328 -0.0138419 -0.999883 0.0
MAT 0.00241282 0.999901 -0.0138581 0.0
MAT 15.0591 -0.153849 -13.6128 1.0
WORLDTM 
MAT -2.8793e-006 -0.978901 0.204336 0.0
MAT -2.15694e-006 0.204336 0.978901 0.0
MAT -1.0 2.15112e-006 -2.68407e-006 0.0
MAT 2.98462 35.6322 46.4577 1.0
VERTEX = 9
19.8915 33.1978 33.2326
19.8915 33.1978 33.7326
19.8915 32.6978 33.7326
19.8915 32.6978 33.2326
23.6415 32.9728 33.4576
23.6415 32.9728 33.5076
23.6415 32.9228 33.5076
23.6415 32.9228 33.4576
19.6415 32.9478 33.4826
INDEX = 14
4 5 7
6 7 5
1 2 5
6 5 2
0 1 4
5 4 1
7 6 3
2 3 6
4 7 0
3 0 7
8 1 0
8 2 1
8 3 2
8 0 3
FACE-NORMAL = 14
1.0 -1.78102e-006 5.83856e-006
1.0 -1.78102e-006 5.83856e-006
0.0598864 -2.72456e-006 0.998205
0.0598865 -2.72456e-006 0.998205
0.0598943 0.998205 2.93039e-006
0.0598943 0.998205 2.93039e-006
0.0598903 -0.998205 -2.23102e-006
0.0598903 -0.998205 -2.23102e-006
0.0598981 2.51123e-006 -0.998204
0.0598981 2.51123e-006 -0.998204
-0.707105 0.707108 -2.30037e-006
-0.707111 -5.95092e-007 0.707103
-0.707108 -0.707105 -5.9566e-006
-0.707103 3.11383e-006 -0.707111
BONE = 21
BONE_NAME = FxHand00
PARENT_ID = 16
LOCALTM 
MAT -0.00241256 -0.999901 0.0138549 0.0
MAT -0.980227 -0.000376701 -0.197874 0.0
MAT 0.19786 -0.0140584 -0.98013 0.0
MAT 15.083 -16.6256 -0.133411 1.0
WORLDTM 
MAT 1.0 -1.78102e-006 5.83856e-006 0.0
MAT 1.99425e-006 1.0 2.58535e-006 0.0
MAT -5.84881e-006 -2.6226e-006 1.0 0.0
MAT 19.6415 32.9478 33.4826 1.0
VERTEX = 9
2.90992 59.2539 27.5542
3.4099 59.2501 27.5573
3.40759 59.3487 28.0475
2.90761 59.3525 28.0443
3.10126 55.6203 28.5154
3.15126 55.6199 28.5157
3.15103 55.6297 28.5647
3.10103 55.6301 28.5644
3.16093 59.5463 27.7515
INDEX = 14
4 5 7
6 7 5
1 2 5
6 5 2
0 1 4
5 4 1
7 6 3
2 3 6
4 7 0
3 0 7
8 1 0
8 2 1
8 3 2
8 0 3
FACE-NORMAL = 14
-0.00869617 -0.980338 0.197133
-0.00869617 -0.980338 0.197133
0.997636 -0.0663139 0.0180467
0.997636 -0.0663139 0.0180467
0.00409836 -0.255539 -0.96679
0.00409836 -0.255539 -0.96679
-0.00514003 0.138109 0.990404
-0.00514003 0.138109 0.990404
-0.998677 -0.0511155 0.00556679
-0.998677 -0.0511155 0.00556679
0.00942126 0.553778 -0.832611
0.713221 0.687821 -0.134974
0.00287698 0.83263 0.553823
-0.700923 0.698587 -0.143814
BONE = 22
BONE_NAME = Box_L_Forearm
PARENT_ID = 15
LOCALTM 
MAT 1.0 0.0 0.0 0.0
MAT 0.0 1.0 3.06405e-007 0.0
MAT 0.0 -3.07104e-007 1.0 0.0
MAT -3.8147e-006 -3.8147e-006 4.76837e-007 1.0
WORLDTM 
MAT -0.00869617 -0.980338 0.197133 0.0
MAT 0.00462751 -0.197178 -0.980357 0.0
MAT 0.999952 -0.00761289 0.00625119 0.0
MAT 3.16093 59.5463 27.7515 1.0
VERTEX = 9
3.6261 71.3444 -19.5856
3.20292 71.6059 -19.5357
3.4668 72.0304 -19.523
3.88999 71.7689 -19.5729
3.14145 72.0816 -25.3031
3.09913 72.1077 -25.2981
3.12552 72.1502 -25.2968
3.16784 72.124 -25.3018
3.56432 71.6689 -19.3056
INDEX = 14
4 5 7
6 7 5
1 2 5
6 5 2
0 1 4
5 4 1
7 6 3
2 3 6
4 7 0
3 0 7
8 1 0
8 2 1
8 3 2
8 0 3
FACE-NORMAL = 14
-0.0714918 0.0741744 -0.994679
-0.0714918 0.0741744 -0.994679
-0.848518 0.525633 0.0610533
-0.848518 0.525633 0.0610533
-0.530148 -0.845481 -0.0640749
-0.530148 -0.845481 -0.0640749
0.524582 0.851255 -0.0133552
0.524582 0.851255 -0.0133552
0.842953 -0.519859 -0.138483
0.842953 -0.519859 -0.138483
-0.322634 -0.652791 0.685399
-0.547926 0.317468 0.773945
0.423738 0.547892 0.72129
0.649031 -0.422367 0.632744
BONE = 23
BONE_NAME = Bip01-R-Clavicle
PARENT_ID = 6
LOCALTM 
MAT 0.0254262 -0.99468 -0.0998282 0.0
MAT -0.999677 -0.0253779 -0.00175443 0.0
MAT -0.000788301 0.0998405 -0.995003 0.0
MAT 3.96003 -19.2878 -3.66679 1.0
WORLDTM 
MAT -0.0714918 0.0741744 -0.994679 0.0
MAT -0.527765 -0.849011 -0.0253791 0.0
MAT -0.846376 0.523142 0.099844 0.0
MAT 3.56432 71.6689 -19.3056 1.0
VERTEX = 9
2.88424 71.9192 -25.5944
3.38421 71.9154 -25.5905
3.37965 71.8214 -25.0994
2.87968 71.8253 -25.1033
3.02979 59.5524 -27.7303
3.07979 59.552 -27.7299
3.07933 59.5426 -27.6808
3.02934 59.543 -27.6812
3.13349 72.1159 -25.2999
INDEX = 14
4 5 7
6 7 5
1 2 5
6 5 2
0 1 4
5 4 1
7 6 3
2 3 6
4 7 0
3 0 7
8 1 0
8 2 1
8 3 2
8 0 3
FACE-NORMAL = 14
-0.00616764 -0.982152 -0.187986
-0.00616764 -0.982152 -0.187986
0.999668 -0.0253811 0.00443015
0.999668 -0.0253811 0.00443015
0.00901177 0.170287 -0.985353
0.00901176 0.170287 -0.985353
-0.00923294 -0.205507 0.978612
-0.00923294 -0.205507 0.978612
-0.999889 -0.00983899 -0.0111714
-0.999889 -0.00983899 -0.0111714
0.0108127 0.827371 -0.561552
0.711425 0.688991 0.138443
-0.00209033 0.561602 0.827405
-0.702703 0.699982 0.12741
BONE = 24
BONE_NAME = Bip01-R-UpperArm
PARENT_ID = 23
LOCALTM 
MAT 0.114576 0.841884 -0.527355 0.0
MAT 0.990202 -0.139441 -0.00747061 0.0
MAT -0.0798245 -0.521332 -0.849612 0.0
MAT 6.02639 0.0 0.0 1.0
WORLDTM 
MAT -0.00616764 -0.982152 -0.187986 0.0
MAT 0.00912382 0.187927 -0.982141 0.0
MAT 0.999939 -0.00777231 0.00780201 0.0
MAT 3.13349 72.1159 -25.2999 1.0
VERTEX = 9
3.26447 59.3131 -28.003
3.34299 59.7979 -27.9095
3.33843 59.704 -27.4184
3.25991 59.2191 -27.5119
14.9838 57.6438 -27.9844
14.9917 57.6923 -27.9751
14.9912 57.6829 -27.926
14.9833 57.6344 -27.9353
3.05456 59.5475 -27.7056
INDEX = 14
4 5 7
6 7 5
1 2 5
6 5 2
0 1 4
5 4 1
7 6 3
2 3 6
4 7 0
3 0 7
8 1 0
8 2 1
8 3 2
8 0 3
FACE-NORMAL = 14
0.987552 -0.155929 -0.020662
0.987552 -0.155929 -0.020662
0.175773 0.966587 0.186584
0.175773 0.966587 0.186584
0.0278962 0.184928 -0.982356
0.0278962 0.184928 -0.982356
0.00965179 -0.190857 0.98157
0.00965178 -0.190857 0.98157
-0.138225 -0.972516 -0.187369
-0.138225 -0.972516 -0.187369
-0.691853 0.243143 -0.679868
-0.58727 0.795959 0.146846
-0.704756 -0.0226258 0.709089
-0.80934 -0.575442 -0.117626
BONE = 25
BONE_NAME = Bip01-R-Forearm
PARENT_ID = 24
LOCALTM 
MAT 0.15094 0.0 0.988543 0.0
MAT 0.0 1.0 0.0 0.0
MAT -0.988543 0.0 0.15094 0.0
MAT 12.7967 0.0 0.0 1.0
WORLDTM 
MAT 0.987552 -0.155929 -0.020662 0.0
MAT 0.00912384 0.187927 -0.982141 0.0
MAT 0.157027 0.969727 0.18701 0.0
MAT 3.05456 59.5475 -27.7056 1.0
VERTEX = 9
15.2638 57.8581 -28.2258
15.2802 57.8863 -27.7269
15.2053 57.3929 -27.6966
15.1889 57.3647 -28.1955
36.1992 54.4361 -28.4955
36.2008 54.4389 -28.4456
36.1933 54.3896 -28.4426
36.1917 54.3868 -28.4925
14.9875 57.6634 -27.9552
INDEX = 14
4 5 7
6 7 5
1 2 5
6 5 2
0 1 4
5 4 1
7 6 3
2 3 6
4 7 0
3 0 7
8 1 0
8 2 1
8 3 2
8 0 3
FACE-NORMAL = 14
0.988175 -0.15145 -0.0239393
0.988175 -0.15145 -0.0239393
0.0432793 0.054672 0.997566
0.0432793 0.054672 0.997566
0.160254 0.985199 -0.060834
0.160254 0.985199 -0.060834
-0.139292 -0.988412 0.0603262
-0.139292 -0.988412 0.0603262
-0.0223175 -0.0578847 -0.998074
-0.0223175 -0.0578847 -0.998074
-0.592834 0.804908 -0.0259114
-0.675552 0.146889 0.722533
-0.804657 -0.590725 0.0597666
-0.721938 0.0672946 -0.688677
BONE = 26
BONE_NAME = Bip01-R-Hand
PARENT_ID = 25
LOCALTM 
MAT 0.999984 0.00406612 0.003828 0.0
MAT -0.00471167 0.246326 0.969175 0.0
MAT 0.00299785 -0.969179 0.246341 0.0
MAT 12.0834 7.62939e-006 3.8147e-006 1.0
WORLDTM 
MAT 0.988174 -0.15145 -0.0239393 0.0
MAT 0.149782 0.986861 -0.0605835 0.0
MAT 0.0328002 0.0562815 0.997876 0.0
MAT 14.9875 57.6634 -27.9552 1.0
VERTEX = 9
35.9692 54.78 -29.2866
35.9865 54.8145 -28.7881
36.4815 54.7447 -28.8005
36.4641 54.7102 -29.299
37.1975 61.9312 -29.5986
37.1992 61.9346 -29.5487
37.2487 61.9276 -29.55
37.247 61.9242 -29.5998
36.191 54.5154 -29.0253
INDEX = 14
4 5 7
6 7 5
1 2 5
6 5 2
0 1 4
5 4 1
7 6 3
2 3 6
4 7 0
3 0 7
8 1 0
8 2 1
8 3 2
8 0 3
FACE-NORMAL = 14
0.137518 0.987795 -0.0731412
0.137518 0.987795 -0.0731412
0.0389235 0.0995805 0.994268
0.0389235 0.0995805 0.994268
-0.985154 0.170194 0.0224872
-0.985154 0.170194 0.0224872
0.993679 -0.108959 -0.0270213
0.993679 -0.108959 -0.0270213
-0.0303985 -0.0383456 -0.998802
-0.0303985 -0.0383456 -0.998802
-0.797199 -0.599734 0.0692309
-0.0727191 -0.649689 0.756714
0.60272 -0.79722 0.0342063
-0.121761 -0.747264 -0.653277
BONE = 27
BONE_NAME = Bip01-R-Finger0
PARENT_ID = 26
LOCALTM 
MAT -0.0119594 0.999846 -0.0128807 0.0
MAT -0.999929 -0.0119591 0.000104297 0.0
MAT -4.97466e-005 0.012881 0.999917 0.0
MAT 21.4551 0.134132 -0.549498 1.0
WORLDTM 
MAT 0.137518 0.987795 -0.0731412 0.0
MAT -0.989892 0.139643 0.0247661 0.0
MAT 0.0346777 0.0689962 0.997014 0.0
MAT 36.191 54.5154 -29.0253 1.0
VERTEX = 9
36.9499 61.7344 -29.3007
36.9326 61.7003 -29.7992
37.4276 61.6304 -29.8116
37.4449 61.6646 -29.3131
36.6491 57.9832 -29.2589
36.6473 57.9798 -29.3088
36.6968 57.9728 -29.31
36.6986 57.9762 -29.2601
37.2231 61.9294 -29.5743
INDEX = 14
4 5 7
6 7 5
1 2 5
6 5 2
0 1 4
5 4 1
7 6 3
2 3 6
4 7 0
3 0 7
8 1 0
8 2 1
8 3 2
8 0 3
FACE-NORMAL = 14
-0.137542 -0.987843 0.0724529
-0.137542 -0.987843 0.0724529
-0.0427584 -0.127356 -0.990935
-0.0427584 -0.127356 -0.990935
-0.996353 0.0802287 0.0290611
-0.996353 0.0802287 0.0290611
0.979877 -0.198557 -0.0203823
0.979877 -0.198557 -0.0203823
0.026283 0.00902743 0.999614
0.026283 0.00902746 0.999614
-0.602703 0.797253 -0.0337196
0.0728032 0.650205 -0.756263
0.797216 0.599767 -0.0687442
0.121711 0.746816 0.653799
BONE = 28
BONE_NAME = Bip01-R-Finger0Nub
PARENT_ID = 27
LOCALTM 
MAT -1.0 0.0 -0.000690386 0.0
MAT 0.0 1.0 0.0 0.0
MAT 0.000690363 0.0 -1.0 0.0
MAT 7.50558 -3.8147e-006 1.90735e-006 1.0
WORLDTM 
MAT -0.137542 -0.987843 0.0724529 0.0
MAT -0.989892 0.139643 0.0247662 0.0
MAT -0.0345828 -0.0683142 -0.997065 0.0
MAT 37.2231 61.9294 -29.5743 1.0
VERTEX = 9
36.1411 54.7457 -29.2794
36.1411 54.7457 -28.7794
36.1411 54.2457 -28.7794
36.1411 54.2457 -29.2794
39.8911 54.5207 -29.0544
39.8911 54.5207 -29.0044
39.8911 54.4707 -29.0044
39.8911 54.4707 -29.0544
35.8911 54.4957 -29.0294
INDEX = 14
4 5 7
6 7 5
1 2 5
6 5 2
0 1 4
5 4 1
7 6 3
2 3 6
4 7 0
3 0 7
8 1 0
8 2 1
8 3 2
8 0 3
FACE-NORMAL = 14
1.0 -4.14252e-006 -4.93787e-006
1.0 -4.14252e-006 -4.93787e-006
0.0598973 -3.3457e-006 0.998205
0.0598973 -3.3457e-006 0.998205
0.0598968 0.998205 2.8911e-006
0.0598968 0.998205 2.8911e-006
0.0598878 -0.998205 -3.48258e-006
0.0598878 -0.998205 -3.48258e-006
0.0598873 2.84949e-006 -0.998205
0.0598873 2.84949e-006 -0.998205
-0.707104 0.70711 5.7491e-006
-0.707103 7.34937e-007 0.70711
-0.70711 -0.707104 1.23411e-006
-0.70711 5.12348e-006 -0.707103
BONE = 29
BONE_NAME = FxHand01
PARENT_ID = 26
LOCALTM 
MAT 0.988176 0.149778 0.0327949 0.0
MAT -0.151446 0.986862 0.0562848 0.0
MAT -0.0239339 -0.0605859 0.997876 0.0
MAT 21.1619 0.0699959 -0.56455 1.0
WORLDTM 
MAT 1.0 -4.14252e-006 -4.93787e-006 0.0
MAT 4.48525e-006 1.0 3.19257e-006 0.0
MAT 5.04032e-006 -3.10317e-006 1.0 0.0
MAT 35.8911 54.4957 -29.0294 1.0
VERTEX = 9
35.9692 54.78 -29.2866
35.9865 54.8145 -28.7881
36.4815 54.7447 -28.8005
36.4641 54.7102 -29.299
36.7154 58.4684 -29.3422
36.7171 58.4718 -29.2923
36.7666 58.4648 -29.2936
36.7649 58.4614 -29.3434
36.191 54.5154 -29.0253
INDEX = 14
4 5 7
6 7 5
1 2 5
6 5 2
0 1 4
5 4 1
7 6 3
2 3 6
4 7 0
3 0 7
8 1 0
8 2 1
8 3 2
8 0 3
FACE-NORMAL = 14
0.137518 0.987795 -0.0731417
0.137518 0.987795 -0.0731417
0.0428474 0.128035 0.990844
0.0428474 0.128035 0.990844
-0.979879 0.198553 0.0203367
-0.979879 0.198553 0.0203367
0.996352 -0.0802308 -0.029098
0.996352 -0.0802308 -0.029098
-0.0263749 -0.00971214 -0.999605
-0.0263749 -0.00971214 -0.999605
-0.797199 -0.599734 0.0692282
-0.0727218 -0.649688 0.756714
0.60272 -0.797219 0.0342098
-0.121757 -0.747265 -0.653276
BONE = 30
BONE_NAME = Bip01-R-Finger1
PARENT_ID = 26
LOCALTM 
MAT -0.0119598 0.999846 -0.0128812 0.0
MAT -0.999929 -0.0119596 9.99104e-005 0.0
MAT -5.41583e-005 0.0128815 0.999917 0.0
MAT 21.4551 0.134125 -0.5495 1.0
WORLDTM 
MAT 0.137518 0.987795 -0.0731417 0.0
MAT -0.989892 0.139643 0.0247618 0.0
MAT 0.0346734 0.0689973 0.997014 0.0
MAT 36.191 54.5154 -29.0253 1.0
VERTEX = 9
3.26448 59.3131 -28.003
3.34299 59.7979 -27.9095
3.33843 59.704 -27.4184
3.25992 59.2191 -27.5119
7.00108 58.9042 -27.8174
7.00893 58.9527 -27.8081
7.00847 58.9433 -27.759
7.00062 58.8949 -27.7683
3.05457 59.5475 -27.7056
INDEX = 14
4 5 7
6 7 5
1 2 5
6 5 2
0 1 4
5 4 1
7 6 3
2 3 6
4 7 0
3 0 7
8 1 0
8 2 1
8 3 2
8 0 3
FACE-NORMAL = 14
0.987552 -0.155929 -0.020662
0.987552 -0.155929 -0.020662
0.215892 0.958647 0.185437
0.215892 0.958647 0.185437
0.0682542 0.178251 -0.981615
0.0682542 0.178251 -0.981615
0.0500393 -0.196928 0.97914
0.0500393 -0.196928 0.97914
-0.0975988 -0.977325 -0.187912
-0.0975988 -0.977325 -0.187912
-0.691853 0.243143 -0.679868
-0.58727 0.795959 0.146846
-0.704756 -0.0226259 0.709089
-0.80934 -0.575442 -0.117626
BONE = 31
BONE_NAME = Box_R_Forearm
PARENT_ID = 25
LOCALTM 
MAT 1.0 0.0 0.0 0.0
MAT 0.0 1.0 1.63913e-007 0.0
MAT 0.0 -1.93715e-007 1.0 0.0
MAT 4.29153e-006 7.62939e-006 0.0 1.0
WORLDTM 
MAT 0.987552 -0.155929 -0.020662 0.0
MAT 0.00912386 0.187927 -0.982141 0.0
MAT 0.157027 0.969727 0.18701 0.0
MAT 3.05457 59.5475 -27.7056 1.0
VERTEX = 9
2.81447 70.0142 0.250038
2.50561 70.4074 0.250039
2.11241 70.0985 0.250039
2.42128 69.7053 0.250038
2.49855 70.0521 4.00004
2.46766 70.0914 4.00004
2.42834 70.0605 4.00004
2.45923 70.0212 4.00004
2.46344 70.0563 3.85866e-005
INDEX = 14
4 5 7
6 7 5
1 2 5
6 5 2
0 1 4
5 4 1
7 6 3
2 3 6
4 7 0
3 0 7
8 1 0
8 2 1
8 3 2
8 0 3
FACE-NORMAL = 14
5.83713e-007 -2.39638e-006 1.0
5.83713e-007 -2.39638e-006 1.0
-0.616621 0.784978 0.0598945
-0.616621 0.784978 0.0598946
0.784979 0.616621 0.0598933
0.784979 0.616621 0.0598933
-0.784978 -0.616621 0.0598913
-0.784978 -0.616621 0.0598912
0.616621 -0.784979 0.0598901
0.616621 -0.784979 0.05989
0.556061 0.436803 -0.707106
-0.436802 0.556063 -0.707105
-0.556062 -0.436799 -0.707107
0.436801 -0.55606 -0.707108
BONE = 32
BONE_NAME = Box_back
PARENT_ID = 6
LOCALTM 
MAT -4.76837e-007 1.0 -1.75834e-006 0.0
MAT 0.93919 1.07288e-006 0.343397 0.0
MAT 0.343397 -1.49012e-006 -0.93919 0.0
MAT 2.00951 0.0178757 -3.75394 1.0
WORLDTM 
MAT 5.83713e-007 -2.39638e-006 1.0 0.0
MAT 0.78639 0.61773 1.04253e-006 0.0
MAT -0.61773 0.78639 2.24262e-006 0.0
MAT 2.46344 70.0563 3.85866e-005 1.0
VERTEX = 9
3.27249 75.9628 24.2988
2.77249 75.9628 24.2988
2.77249 75.7417 23.8503
3.27249 75.7417 23.8503
3.0475 72.4998 25.755
2.9975 72.4998 25.755
2.9975 72.4777 25.7102
3.0475 72.4777 25.7102
3.02249 76.0765 23.964
INDEX = 14
4 5 7
6 7 5
1 2 5
6 5 2
0 1 4
5 4 1
7 6 3
2 3 6
4 7 0
3 0 7
8 1 0
8 2 1
8 3 2
8 0 3
FACE-NORMAL = 14
1.26881e-006 -0.896948 0.442137
1.26881e-006 -0.896948 0.442137
-0.998205 -0.0537208 0.0264823
-0.998205 -0.0537208 0.0264823
1.3273e-006 0.387623 0.921818
1.3273e-006 0.387623 0.921818
-1.17532e-006 -0.495063 -0.868857
-1.17532e-006 -0.495063 -0.868857
0.998205 -0.0537196 0.0264788
0.998205 -0.0537196 0.0264788
0.0 0.946876 0.3216
-0.707108 0.634237 -0.312637
-1.78359e-006 0.3216 -0.946876
0.707106 0.634238 -0.312639
BONE = 33
BONE_NAME = Box_left_armor
PARENT_ID = 6
LOCALTM 
MAT -0.762593 0.442139 0.472192 0.0
MAT 0.375911 0.896947 -0.232762 0.0
MAT -0.526444 -6.04885e-007 -0.85021 0.0
MAT 7.42227 23.9818 -6.448 1.0
WORLDTM 
MAT 1.26881e-006 -0.896948 0.442137 0.0
MAT 1.25356e-006 0.442137 0.896948 0.0
MAT -1.0 -6.24917e-007 1.72481e-006 0.0
MAT 3.02249 76.0765 23.964 1.0
VERTEX = 9
2.77242 76.1903 -23.6524
3.27242 76.1903 -23.6524
3.27242 76.4113 -24.1009
2.77242 76.4113 -24.1009
2.99743 79.6533 -22.1962
3.04743 79.6533 -22.1962
3.04743 79.6754 -22.241
2.99743 79.6754 -22.241
3.02242 76.0766 -23.9872
INDEX = 14
4 5 7
6 7 5
1 2 5
6 5 2
0 1 4
5 4 1
7 6 3
2 3 6
4 7 0
3 0 7
8 1 0
8 2 1
8 3 2
8 0 3
FACE-NORMAL = 14
6.72417e-007 0.896946 0.44214
6.72417e-007 0.896946 0.44214
0.998205 0.0537201 0.0264795
0.998205 0.0537201 0.0264795
1.1593e-006 -0.387626 0.921817
1.1593e-006 -0.387626 0.921817
-1.07876e-006 0.495066 -0.868855
-1.07876e-006 0.495066 -0.868855
-0.998205 0.0537203 0.0264821
-0.998205 0.0537203 0.0264821
3.17225e-007 -0.946877 0.321597
0.707106 -0.634237 -0.312641
-1.26817e-006 -0.321597 -0.946877
-0.707107 -0.634237 -0.312639
BONE = 34
BONE_NAME = Box_right_armor
PARENT_ID = 6
LOCALTM 
MAT 0.762594 0.442137 -0.472192 0.0
MAT -0.37591 0.896948 0.232759 0.0
MAT 0.526443 1.01328e-006 0.85021 0.0
MAT 7.42221 -23.9693 -6.44791 1.0
WORLDTM 
MAT 6.72417e-007 0.896946 0.44214 0.0
MAT 1.12104e-006 -0.44214 0.896946 0.0
MAT 1.0 -1.19212e-007 -1.31642e-006 0.0
MAT 3.02242 76.0766 -23.9872 1.0
VERTEX = 9
3.45547 61.4993 -0.249974
3.45547 61.4993 0.250026
3.45547 60.9993 0.250026
3.45547 60.9993 -0.249974
7.20547 61.2743 -0.0249801
7.20547 61.2743 0.0250199
7.20547 61.2243 0.0250199
7.20547 61.2243 -0.0249801
3.20547 61.2493 2.64477e-005
INDEX = 14
4 5 7
6 7 5
1 2 5
6 5 2
0 1 4
5 4 1
7 6 3
2 3 6
4 7 0
3 0 7
8 1 0
8 2 1
8 3 2
8 0 3
FACE-NORMAL = 14
1.0 0.0 -1.63821e-006
1.0 0.0 -1.63821e-006
0.0598937 -1.55835e-006 0.998205
0.0598938 -1.55835e-006 0.998205
0.0598924 0.998205 1.5046e-006
0.0598924 0.998205 1.5046e-006
0.0598922 -0.998205 -1.70083e-006
0.0598922 -0.998205 -1.70083e-006
0.0598909 1.54761e-006 -0.998205
0.0598908 1.54761e-006 -0.998205
-0.707107 0.707107 2.29372e-006
-0.707106 -1.03671e-006 0.707108
-0.707107 -0.707107 0.0
-0.707108 1.16348e-006 -0.707106
BONE = 35
BONE_NAME = FxCenter
PARENT_ID = 5
LOCALTM 
MAT 0.526443 6.91482e-007 0.85021 0.0
MAT 0.85021 -1.31103e-006 -0.526443 0.0
MAT 6.97565e-007 1.0 -1.45843e-006 0.0
MAT 1.3122 0.017891 1.50825 1.0
WORLDTM 
MAT 1.0 0.0 -1.63821e-006 0.0
MAT 1.19209e-007 1.0 1.6056e-006 0.0
MAT 1.45695e-006 -1.55577e-006 1.0 0.0
MAT 3.20547 61.2493 2.64477e-005 1.0
VERTEX = 9
-3.37435 40.4084 8.09154
-3.0865 40.7638 8.29359
-3.40934 40.8098 8.67261
-3.69718 40.4544 8.47057
3.41298 31.1331 15.2949
3.44177 31.1686 15.3151
3.40948 31.1732 15.353
3.3807 31.1377 15.3328
-3.51726 40.7834 8.2541
INDEX = 14
4 5 7
6 7 5
1 2 5
6 5 2
0 1 4
5 4 1
7 6 3
2 3 6
4 7 0
3 0 7
8 1 0
8 2 1
8 3 2
8 0 3
FACE-NORMAL = 14
