EXPORTER_V17
ANIMATION_EXPORT
BONEOBJECT_COUNT = 72
VERTEX = 9
0.25 0.25 -0.25
0.25 0.25 0.25
0.25 -0.25 0.25
0.25 -0.25 -0.25
4.0 0.025 -0.025
4.0 0.025 0.025
4.0 -0.025 0.025
4.0 -0.025 -0.025
0.0 0.0 0.0
INDEX = 14
4 5 7
6 7 5
1 2 5
6 5 2
0 1 4
5 4 1
7 6 3
2 3 6
4 7 0
3 0 7
8 1 0
8 2 1
8 3 2
8 0 3
FACE-NORMAL = 14
1.0 0.0 0.0
1.0 0.0 0.0
0.0598923 0.0 0.998205
0.0598923 0.0 0.998205
0.0598923 0.998205 0.0
0.0598923 0.998205 0.0
0.0598923 -0.998205 0.0
0.0598923 -0.998205 0.0
0.0598923 0.0 -0.998205
0.0598923 0.0 -0.998205
-0.707107 0.707107 0.0
-0.707107 0.0 0.707107
-0.707107 -0.707107 0.0
-0.707107 0.0 -0.707107
BONE = 0
BONE_NAME = Dummy_root
PARENT_ID = -1
LOCALTM 
MAT 1.0 0.0 0.0 0.0
MAT 0.0 1.0 0.0 0.0
MAT 0.0 0.0 1.0 0.0
MAT 0.0 0.0 0.0 1.0
WORLDTM 
MAT 1.0 0.0 0.0 0.0
MAT 0.0 1.0 0.0 0.0
MAT 0.0 0.0 1.0 0.0
MAT 0.0 0.0 0.0 1.0
VERTEX = 9
0.25 0.25 -0.25
0.25 0.25 0.25
0.25 -0.25 0.25
0.25 -0.25 -0.25
4.0 0.025 -0.025
4.0 0.025 0.025
4.0 -0.025 0.025
4.0 -0.025 -0.025
0.0 0.0 0.0
INDEX = 14
4 5 7
6 7 5
1 2 5
6 5 2
0 1 4
5 4 1
7 6 3
2 3 6
4 7 0
3 0 7
8 1 0
8 2 1
8 3 2
8 0 3
FACE-NORMAL = 14
1.0 0.0 0.0
1.0 0.0 0.0
0.0598923 0.0 0.998205
0.0598923 0.0 0.998205
0.0598923 0.998205 0.0
0.0598923 0.998205 0.0
0.0598923 -0.998205 0.0
0.0598923 -0.998205 0.0
0.0598923 0.0 -0.998205
0.0598923 0.0 -0.998205
-0.707107 0.707107 0.0
-0.707107 0.0 0.707107
-0.707107 -0.707107 0.0
-0.707107 0.0 -0.707107
BONE = 1
BONE_NAME = FxBottom
PARENT_ID = 0
LOCALTM 
MAT 1.0 0.0 0.0 0.0
MAT 0.0 1.0 0.0 0.0
MAT 0.0 0.0 1.0 0.0
MAT 0.0 0.0 0.0 1.0
WORLDTM 
MAT 1.0 0.0 0.0 0.0
MAT 0.0 1.0 0.0 0.0
MAT 0.0 0.0 1.0 0.0
MAT 0.0 0.0 0.0 1.0
VERTEX = 9
-3.32715 41.0815 -0.249997
-3.32715 41.0815 0.250003
-3.21918 40.5933 0.250003
-3.21918 40.5933 -0.249997
0.382961 41.6716 -0.0249915
0.382961 41.6716 0.0250085
0.393758 41.6228 0.0250085
0.393758 41.6228 -0.0249915
-3.51726 40.7834 2.55792e-006
INDEX = 14
4 5 7
6 7 5
1 2 5
6 5 2
0 1 4
5 4 1
7 6 3
2 3 6
4 7 0
3 0 7
8 1 0
8 2 1
8 3 2
8 0 3
FACE-NORMAL = 14
0.976406 0.215943 1.48917e-006
0.976406 0.215943 1.48917e-006
0.0584778 0.0129329 0.998205
0.0584778 0.0129329 0.998205
-0.157076 0.987587 1.34919e-007
-0.157076 0.987587 1.34919e-007
0.274034 -0.96172 0.0
0.274034 -0.96172 0.0
0.0584807 0.0129337 -0.998205
0.0584806 0.0129337 -0.998205
-0.843118 0.537729 -1.02061e-006
-0.690424 -0.152695 0.707106
-0.537729 -0.843118 -1.0854e-006
-0.690422 -0.152694 -0.707108
BONE = 2
BONE_NAME = Bip01
PARENT_ID = 0
LOCALTM 
MAT 0.976406 0.215943 1.47341e-006 0.0
MAT -0.215943 0.976406 0.0 0.0
MAT -1.44414e-006 -2.93305e-007 1.0 0.0
MAT -3.51726 40.7834 -4.19291e-007 1.0
WORLDTM 
MAT 0.976406 0.215943 1.48917e-006 0.0
MAT -0.215943 0.976406 0.0 0.0
MAT -1.44414e-006 -3.66306e-007 1.0 0.0
MAT -3.51726 40.7834 2.55792e-006 1.0
VERTEX = 9
-3.81535 40.9735 0.250001
-3.32715 41.0815 0.250003
-3.32715 41.0815 -0.249997
-3.81535 40.9735 -0.249999
-6.73015 55.195 0.0249811
-6.68133 55.2058 0.0249813
-6.68133 55.2058 -0.0250187
-6.73015 55.195 -0.0250189
-3.51726 40.7834 2.55792e-006
INDEX = 14
4 5 7
6 7 5
1 2 5
6 5 2
0 1 4
5 4 1
7 6 3
2 3 6
4 7 0
3 0 7
8 1 0
8 2 1
8 3 2
8 0 3
FACE-NORMAL = 14
-0.215943 0.976406 -1.44541e-006
-0.215943 0.976406 -1.44541e-006
0.972942 0.23105 3.00217e-006
0.972942 0.23105 3.00217e-006
-0.00335008 0.0151341 0.99988
-0.00335008 0.0151341 0.99988
-0.00334367 0.0151324 -0.99988
-0.00334367 0.0151324 -0.99988
-0.979636 -0.200783 -3.04698e-006
-0.979636 -0.200783 -3.04698e-006
0.152692 -0.690423 0.707108
0.843118 -0.537729 3.16101e-006
0.152697 -0.690424 -0.707106
-0.537729 -0.843118 -1.11689e-006
BONE = 3
BONE_NAME = Bip01-Pelvis
PARENT_ID = 2
LOCALTM 
MAT 1.3411e-007 1.0 -1.49122e-006 0.0
MAT -1.44914e-006 1.59606e-006 1.0 0.0
MAT 1.0 0.0 1.53577e-006 0.0
MAT 0.0 0.0 0.0 1.0
WORLDTM 
MAT -0.215942 0.976406 -1.44541e-006 0.0
MAT -3.20375e-006 8.79169e-007 1.0 0.0
MAT 0.976406 0.215943 3.02494e-006 0.0
MAT -3.51726 40.7834 2.55792e-006 1.0
VERTEX = 9
-5.46028 55.8043 0.175046
-5.06158 55.5299 0.300505
-4.94192 55.4828 -0.18268
-5.34062 55.7572 -0.308139
-1.82015 60.7679 0.360249
-1.78028 60.7405 0.372795
-1.76831 60.7358 0.324476
-1.80818 60.7632 0.31193
-5.33959 55.4359 -0.0178899
INDEX = 14
4 5 7
6 7 5
1 2 5
6 5 2
0 1 4
5 4 1
7 6 3
2 3 6
4 7 0
3 0 7
8 1 0
8 2 1
8 3 2
8 0 3
FACE-NORMAL = 14
0.553973 0.830629 0.0562904
0.553973 0.830629 0.0562904
0.817119 -0.518078 0.252808
0.817119 -0.518078 0.252808
-0.218898 0.124422 0.967782
-0.218898 0.124422 0.967782
0.259407 -0.0636838 -0.963666
0.259407 -0.0636838 -0.963666
-0.776611 0.578816 -0.248692
-0.776611 0.578816 -0.248692
-0.560938 -0.520794 0.643524
0.172127 -0.975414 0.137622
-0.222499 -0.653893 -0.72313
-0.955564 -0.199273 -0.217229
BONE = 4
BONE_NAME = Bip01-Spine
PARENT_ID = 3
LOCALTM 
MAT 0.691405 0.0562892 0.720271 0.0
MAT 0.143572 0.966371 -0.21334 0.0
MAT -0.708058 0.250915 0.660073 0.0
MAT 14.7003 -0.0178754 1.38476 1.0
WORLDTM 
MAT 0.553973 0.830629 0.0562904 0.0
MAT -0.239312 0.0941158 0.96637 0.0
MAT 0.797398 -0.548814 0.250918 0.0
MAT -5.33959 55.4359 -0.0178899 1.0
VERTEX = 9
-1.91898 61.123 0.534019
-1.52028 60.8486 0.659478
-1.40062 60.8016 0.176293
-1.79932 61.076 0.0508342
1.72116 66.0866 0.719222
1.76103 66.0592 0.731768
1.77299 66.0545 0.683449
1.73312 66.0819 0.670904
-1.79829 60.7546 0.341084
INDEX = 14
4 5 7
6 7 5
1 2 5
6 5 2
0 1 4
5 4 1
7 6 3
2 3 6
4 7 0
3 0 7
8 1 0
8 2 1
8 3 2
8 0 3
FACE-NORMAL = 14
0.553973 0.830629 0.0562904
0.553973 0.830629 0.0562904
0.817119 -0.518078 0.252808
0.817119 -0.518078 0.252808
-0.218898 0.124422 0.967782
-0.218898 0.124422 0.967782
0.259407 -0.0636838 -0.963666
0.259407 -0.0636838 -0.963666
-0.776611 0.578816 -0.248692
-0.776611 0.578816 -0.248692
-0.560938 -0.520794 0.643524
0.172127 -0.975414 0.137622
-0.222499 -0.653894 -0.72313
-0.955564 -0.199273 -0.217229
BONE = 5
BONE_NAME = Bip01-Spine1
PARENT_ID = 4
LOCALTM 
MAT 1.0 0.0 0.0 0.0
MAT 0.0 1.0 0.0 0.0
MAT 1.78814e-007 0.0 1.0 0.0
MAT 6.39989 0.0 -0.00509262 1.0
WORLDTM 
MAT 0.553973 0.830629 0.0562904 0.0
MAT -0.239312 0.0941158 0.96637 0.0
MAT 0.797398 -0.548814 0.250918 0.0
MAT -1.79829 60.7546 0.341084 1.0
VERTEX = 9
1.62232 66.4418 0.892992
2.02102 66.1674 1.01845
2.14068 66.1203 0.535265
1.74198 66.3947 0.409807
6.65469 73.4929 1.21966
6.69456 73.4655 1.23221
6.70653 73.4608 1.18389
6.66666 73.4882 1.17134
1.74301 66.0734 0.700056
INDEX = 14
4 5 7
6 7 5
1 2 5
6 5 2
0 1 4
5 4 1
7 6 3
2 3 6
4 7 0
3 0 7
8 1 0
8 2 1
8 3 2
8 0 3
FACE-NORMAL = 14
0.553973 0.830629 0.0562904
0.553973 0.830629 0.0562904
0.811512 -0.527063 0.252294
0.811512 -0.527063 0.252294
-0.224849 0.11565 0.967506
-0.224849 0.11565 0.967506
0.253615 -0.0725181 -0.964583
0.253615 -0.0725181 -0.964583
-0.782746 0.570195 -0.249371
-0.782746 0.570195 -0.249371
-0.560938 -0.520794 0.643524
0.172127 -0.975414 0.137622
-0.222499 -0.653894 -0.72313
-0.955564 -0.199273 -0.217229
BONE = 6
BONE_NAME = Bip01-Spine2
PARENT_ID = 5
LOCALTM 
MAT 1.0 0.0 0.0 0.0
MAT 0.0 1.0 0.0 0.0
MAT 0.0 0.0 1.0 0.0
MAT 6.39989 4.76837e-007 -0.00510406 1.0
WORLDTM 
MAT 0.553973 0.830629 0.0562904 0.0
MAT -0.239312 0.0941159 0.96637 0.0
MAT 0.797398 -0.548814 0.250917 0.0
MAT 1.74301 66.0734 0.700056 1.0
VERTEX = 9
7.13616 73.4109 1.57971
7.53486 73.1365 1.70517
7.65452 73.0894 1.22199
7.25582 73.3638 1.09653
9.44682 76.3811 1.62982
9.48669 76.3537 1.64237
9.49866 76.3489 1.59405
9.45879 76.3764 1.58151
7.25685 73.0425 1.38678
INDEX = 14
4 5 7
6 7 5
1 2 5
6 5 2
0 1 4
5 4 1
7 6 3
2 3 6
4 7 0
3 0 7
8 1 0
8 2 1
8 3 2
8 0 3
FACE-NORMAL = 14
0.553973 0.830629 0.0562905
0.553973 0.830629 0.0562905
0.829145 -0.498081 0.253838
0.829145 -0.498081 0.253838
-0.205704 0.143695 0.968007
-0.205704 0.143695 0.968007
0.272062 -0.0441986 -0.961264
0.272062 -0.0441987 -0.961264
-0.762788 0.597577 -0.247096
-0.762788 0.597577 -0.247096
-0.560938 -0.520794 0.643524
0.172127 -0.975414 0.137622
-0.222499 -0.653893 -0.72313
-0.955564 -0.199273 -0.217229
BONE = 7
BONE_NAME = Bip01-Neck
PARENT_ID = 6
LOCALTM 
MAT 1.0 0.0 1.19209e-007 0.0
MAT 0.0 1.0 0.0 0.0
MAT -1.49012e-007 0.0 1.0 0.0
MAT 8.88195 1.90735e-006 0.74427 1.0
WORLDTM 
MAT 0.553973 0.830629 0.0562904 0.0
MAT -0.239312 0.0941159 0.96637 0.0
MAT 0.797398 -0.548814 0.250917 0.0
MAT 7.25685 73.0425 1.38678 1.0
VERTEX = 9
8.85805 75.6879 1.79529
9.13498 75.2716 1.79575
9.14003 75.2744 1.29578
8.8631 75.6907 1.29532
18.3521 81.733 1.7002
18.3797 81.6914 1.70025
18.3803 81.6916 1.65025
18.3526 81.7333 1.65021
8.7909 75.3427 1.54266
INDEX = 14
4 5 7
6 7 5
1 2 5
6 5 2
0 1 4
5 4 1
7 6 3
2 3 6
4 7 0
3 0 7
8 1 0
8 2 1
8 3 2
8 0 3
FACE-NORMAL = 14
0.832551 0.553829 0.011527
0.832551 0.553829 0.011527
0.570393 -0.821371 0.00114546
0.570393 -0.821371 0.00114546
0.00654375 0.00545231 0.999964
0.00654375 0.0054523 0.999964
0.0267483 0.0166942 -0.999503
0.0267483 0.0166943 -0.999503
-0.537101 0.843518 -0.000684516
-0.537101 0.843518 -0.000684516
-0.595847 -0.395592 0.698909
-0.197066 -0.980362 -0.0075037
-0.581557 -0.387641 -0.71521
-0.980338 0.197129 -0.00879794
BONE = 8
BONE_NAME = Bip01-Head
PARENT_ID = 7
LOCALTM 
MAT 0.921886 -0.135976 0.362817 0.0
MAT 0.046019 0.968195 0.245929 0.0
MAT -0.384718 -0.210022 0.898823 0.0
MAT 2.76918 4.76837e-007 0.0 1.0
WORLDTM 
MAT 0.83255 0.553829 0.011527 0.0
MAT -0.0101043 -0.0056221 0.999933 0.0
MAT 0.553857 -0.832611 0.000915169 0.0
MAT 8.7909 75.3427 1.54266 1.0
VERTEX = 9
18.4333 82.0575 1.92786
18.7102 81.6412 1.92832
18.7153 81.644 1.42836
18.4383 82.0603 1.4279
21.6822 83.9483 1.74631
21.7099 83.9067 1.74636
21.7104 83.907 1.69636
21.6828 83.9486 1.69632
18.3661 81.7123 1.67523
INDEX = 14
4 5 7
6 7 5
1 2 5
6 5 2
0 1 4
5 4 1
7 6 3
2 3 6
4 7 0
3 0 7
8 1 0
8 2 1
8 3 2
8 0 3
FACE-NORMAL = 14
0.832551 0.553829 0.011527
0.832551 0.553829 0.011527
0.602726 -0.797946 0.0016039
0.602726 -0.797946 0.0016039
0.0397771 0.0275581 0.998828
0.0397771 0.0275581 0.998828
0.0599495 0.0387821 -0.997448
0.0599495 0.0387821 -0.997448
-0.503 0.864286 -0.000223149
-0.503 0.864286 -0.000223149
-0.595847 -0.395592 0.698909
-0.197066 -0.980362 -0.0075037
-0.581557 -0.387641 -0.71521
-0.980338 0.197129 -0.00879794
BONE = 9
BONE_NAME = Bip01-HeadNub
PARENT_ID = 8
LOCALTM 
MAT 1.0 0.0 0.0 0.0
MAT 0.0 1.0 0.0 0.0
MAT 0.0 0.0 1.0 0.0
MAT 11.5011 1.19209e-007 -3.8147e-006 1.0
WORLDTM 
MAT 0.83255 0.553829 0.011527 0.0
MAT -0.0101043 -0.0056221 0.999933 0.0
MAT 0.553857 -0.832611 0.000915169 0.0
MAT 18.3661 81.7123 1.67523 1.0
VERTEX = 9
11.8908 76.3981 1.85158
11.6142 76.8147 1.85074
11.1978 76.5381 1.84498
11.4744 76.1215 1.84581
11.5134 76.43 8.07756
11.4857 76.4717 8.07748
11.4441 76.444 8.0769
11.4718 76.4023 8.07699
11.5469 76.4693 1.5983
INDEX = 14
4 5 7
6 7 5
1 2 5
6 5 2
0 1 4
5 4 1
7 6 3
2 3 6
4 7 0
3 0 7
8 1 0
8 2 1
8 3 2
8 0 3
FACE-NORMAL = 14
-0.0105227 -0.00499212 0.999932
-0.0105227 -0.00499212 0.999932
-0.553237 0.832312 0.0344316
-0.553237 0.832312 0.0344316
0.832048 0.552656 0.0476134
0.832048 0.552656 0.0476134
-0.832808 -0.553017 0.0245729
-0.832808 -0.553017 0.0245729
0.552477 -0.832673 0.0377547
0.552477 -0.832673 0.0377547
0.59644 0.394699 -0.698908
-0.383743 0.592575 -0.708235
-0.581559 -0.387639 -0.71521
0.398624 -0.585515 -0.705883
BONE = 10
BONE_NAME = Box_head
PARENT_ID = 8
LOCALTM 
MAT 5.39003e-007 1.0 -0.000756262 0.0
MAT 1.0 0.0 0.000759214 0.0
MAT 0.000759184 -0.000756272 -0.999999 0.0
MAT 2.91916 0.0214537 0.588417 1.0
WORLDTM 
MAT -0.0105227 -0.00499212 0.999932 0.0
MAT 0.832971 0.553197 0.0115277 0.0
MAT -0.553217 0.833035 -0.00166264 0.0
MAT 11.5469 76.4693 1.5983 1.0
VERTEX = 9
10.8917 69.6865 1.80398
11.1544 70.1119 1.80887
10.729 70.3746 1.8057
10.4663 69.9492 1.80081
10.779 69.9774 5.5545
10.8053 70.02 5.55499
10.7627 70.0463 5.55467
10.7365 70.0037 5.55418
10.813 70.0318 1.55486
INDEX = 14
4 5 7
6 7 5
1 2 5
6 5 2
0 1 4
5 4 1
7 6 3
2 3 6
4 7 0
3 0 7
8 1 0
8 2 1
8 3 2
8 0 3
FACE-NORMAL = 14
-0.0105225 -0.00499166 0.999932
-0.0105225 -0.00499166 0.999932
0.523819 0.848977 0.069647
0.523819 0.848977 0.069647
0.848637 -0.524815 0.0662067
0.848637 -0.524815 0.0662068
-0.849898 0.524217 0.0535697
-0.849898 0.524217 0.0535697
-0.52508 -0.849575 0.0501295
-0.52508 -0.849575 0.0501295
0.609043 -0.368026 -0.702583
0.378949 0.605139 -0.700146
-0.594162 0.375086 -0.711535
-0.364068 -0.598079 -0.713972
BONE = 11
BONE_NAME = Box_lips
PARENT_ID = 10
LOCALTM 
MAT 1.0 4.74742e-007 2.44007e-007 0.0
MAT 0.0 0.418077 -0.908411 0.0
MAT -5.3551e-007 0.908412 0.418077 0.0
MAT -0.00357378 -4.1731 -4.95657 1.0
WORLDTM 
MAT -0.0105225 -0.00499166 0.999932 0.0
MAT 0.850795 -0.525459 0.00632987 0.0
MAT 0.525393 0.850803 0.00977629 0.0
MAT 10.813 70.0318 1.55486 1.0
VERTEX = 9
21.6868 85.149 1.49202
21.6868 85.149 1.99202
21.6868 84.649 1.99202
21.6868 84.649 1.49202
25.4368 84.924 1.71702
25.4368 84.924 1.76702
25.4368 84.874 1.76702
25.4368 84.874 1.71702
21.4368 84.899 1.74202
INDEX = 14
4 5 7
6 7 5
1 2 5
6 5 2
0 1 4
5 4 1
7 6 3
2 3 6
4 7 0
3 0 7
8 1 0
8 2 1
8 3 2
8 0 3
FACE-NORMAL = 14
1.0 2.08616e-007 0.0
1.0 2.08616e-007 0.0
0.0598923 0.0 0.998205
0.0598924 0.0 0.998205
0.0598923 0.998205 3.52933e-007
0.0598923 0.998205 3.52933e-007
0.0598923 -0.998205 -3.53602e-007
0.0598923 -0.998205 -3.53602e-007
0.0598923 0.0 -0.998205
0.0598922 0.0 -0.998205
-0.707107 0.707107 2.54198e-007
-0.707107 -1.94929e-007 0.707107
-0.707107 -0.707107 -2.46296e-007
-0.707107 0.0 -0.707107
BONE = 12
BONE_NAME = FxTop
PARENT_ID = 8
LOCALTM 
MAT 0.83255 -0.0101044 0.553857 0.0
MAT 0.553829 -0.00562203 -0.832611 0.0
MAT 0.0115268 0.999933 0.000915471 0.0
MAT 15.8232 0.0178456 -0.952518 1.0
WORLDTM 
MAT 1.0 2.08616e-007 0.0 0.0
MAT 0.0 0.999999 3.53903e-007 0.0
MAT 0.0 0.0 1.0 0.0
MAT 21.4368 84.899 1.74202 1.0
VERTEX = 9
-3.33624 73.3017 18.9315
-3.72122 73.5697 18.7584
-4.00185 73.1562 18.7423
-3.61688 72.8882 18.9154
-5.38925 74.2155 24.2623
-5.42775 74.2423 24.245
-5.45581 74.2009 24.2434
-5.41731 74.1741 24.2607
-3.59316 73.1866 18.6025
INDEX = 14
4 5 7
6 7 5
1 2 5
6 5 2
0 1 4
5 4 1
7 6 3
2 3 6
4 7 0
3 0 7
8 1 0
8 2 1
8 3 2
8 0 3
FACE-NORMAL = 14
-0.30356 0.169525 0.93761
-0.30356 0.169525 0.93761
-0.781188 0.542211 -0.30944
-0.781188 0.542211 -0.30944
0.549025 0.832981 0.0686571
0.549025 0.832981 0.0686571
-0.572656 -0.819785 0.00433048
-0.572656 -0.819785 0.00433049
0.757557 -0.529014 0.382427
0.757557 -0.529014 0.382427
0.611524 0.464912 -0.64023
-0.329792 0.259151 -0.907788
-0.182225 -0.704656 -0.685751
0.759091 -0.498895 -0.418193
BONE = 13
BONE_NAME = Bip01-L-Clavicle
PARENT_ID = 6
LOCALTM 
MAT 0.0254262 0.994679 -0.099833 0.0
MAT 0.999676 -0.025378 0.0017536 0.0
MAT -0.000789165 -0.0998453 -0.995003 0.0
MAT 3.96008 19.2468 -3.66685 1.0
WORLDTM 
MAT -0.30356 0.169525 0.93761 0.0
MAT 0.561265 0.827009 0.0321877 0.0
MAT -0.769956 0.536019 -0.346196 0.0
MAT -3.59316 73.1866 18.6025 1.0
VERTEX = 9
-5.74287 74.0223 24.0286
-5.28398 73.8327 24.0876
-5.30011 73.9454 24.5745
-5.75899 74.135 24.5154
-10.5194 62.7054 26.7212
-10.4735 62.6865 26.7271
-10.4751 62.6977 26.7758
-10.521 62.7167 26.7699
-5.42253 74.2082 24.2529
INDEX = 14
4 5 7
6 7 5
1 2 5
6 5 2
0 1 4
5 4 1
7 6 3
2 3 6
4 7 0
3 0 7
8 1 0
8 2 1
8 3 2
8 0 3
FACE-NORMAL = 14
-0.395808 -0.897467 0.194648
-0.395808 -0.897467 0.194648
0.910537 -0.395133 0.121624
0.910537 -0.395133 0.121624
0.0251586 -0.241435 -0.970091
0.0251586 -0.241435 -0.970091
-0.0393247 0.209314 0.977057
-0.0393247 0.209314 0.977057
-0.924703 0.363012 -0.114658
-0.924703 0.363012 -0.114658
0.302681 0.475216 -0.826168
0.928838 0.366517 -0.0540856
0.257077 0.793994 0.550894
-0.36908 0.902693 -0.221189
BONE = 14
BONE_NAME = Bip01-L-UpperArm
PARENT_ID = 13
LOCALTM 
MAT 0.150513 -0.958103 -0.243691 0.0
MAT -0.960981 -0.19966 0.191448 0.0
MAT -0.232082 0.205367 -0.950769 0.0
MAT 6.0264 0.0 0.0 1.0
WORLDTM 
MAT -0.395808 -0.897467 0.194648 0.0
MAT 0.0322468 -0.22541 -0.97373 0.0
MAT 0.917767 -0.379133 0.11816 0.0
MAT -5.42253 74.2082 24.2529 1.0
VERTEX = 9
-10.6961 62.3645 26.5632
-10.2027 62.4457 26.5607
-10.2188 62.5584 27.0476
-10.7122 62.4772 27.0501
-8.5968 51.0835 29.4752
-8.54747 51.0917 29.475
-8.54908 51.1029 29.5237
-8.59842 51.0948 29.5239
-10.4973 62.7016 26.7485
INDEX = 14
4 5 7
6 7 5
1 2 5
6 5 2
0 1 4
5 4 1
7 6 3
2 3 6
4 7 0
3 0 7
8 1 0
8 2 1
8 3 2
8 0 3
FACE-NORMAL = 14
0.159246 -0.960633 0.227652
0.159246 -0.960633 0.227652
0.989561 0.144113 -0.000589854
0.989561 0.144113 -0.000589851
0.0352682 -0.243631 -0.969227
0.0352682 -0.243631 -0.969227
-0.0292138 0.207108 0.977882
-0.0292138 0.207108 0.977882
-0.983507 -0.180635 0.00924496
-0.983507 -0.180635 0.00924496
-0.0898018 0.519881 -0.849506
0.585107 0.794106 -0.164452
-0.135406 0.838659 0.527557
-0.810315 0.564433 -0.157497
BONE = 15
BONE_NAME = Bip01-L-Forearm
PARENT_ID = 14
LOCALTM 
MAT 0.843418 0.0 0.537258 0.0
MAT 0.0 1.0 0.0 0.0
MAT -0.537258 0.0 0.843418 0.0
MAT 12.8212 -7.62939e-006 1.90735e-006 1.0
WORLDTM 
MAT 0.159246 -0.960632 0.227652 0.0
MAT 0.0322468 -0.22541 -0.97373 0.0
MAT 0.986712 0.162403 -0.00491829 0.0
MAT -10.4973 62.7016 26.7485 1.0
VERTEX = 9
-8.60706 50.921 29.8953
-8.87201 50.7801 29.4953
-8.45612 50.7858 29.2178
-8.19117 50.9266 29.6178
-6.07407 36.5628 32.9925
-6.10057 36.5487 32.9525
-6.05898 36.5493 32.9248
-6.03249 36.5634 32.9648
-8.57295 51.0932 29.4995
INDEX = 14
4 5 7
6 7 5
1 2 5
6 5 2
0 1 4
5 4 1
7 6 3
2 3 6
4 7 0
3 0 7
8 1 0
8 2 1
8 3 2
8 0 3
FACE-NORMAL = 14
0.16542 -0.959435 0.228301
0.16542 -0.959435 0.228301
-0.527337 -0.296155 -0.796371
-0.527337 -0.296155 -0.796371
-0.829182 -0.0258288 0.558382
-0.829182 -0.0258288 0.558382
0.834176 -0.00314049 -0.551489
0.834176 -0.00314049 -0.551489
0.532332 0.267186 0.803265
0.532332 0.267186 0.803265
-0.705123 0.6704 0.23101
-0.491662 0.479229 -0.727054
0.471183 0.686445 -0.553877
0.257723 0.877617 0.404188
BONE = 16
BONE_NAME = Bip01-L-Hand
PARENT_ID = 15
LOCALTM 
MAT 0.99998 -0.000702843 0.00628383 0.0
MAT 0.00478915 -0.564684 -0.825294 0.0
MAT 0.00412837 0.825307 -0.564669 0.0
MAT 12.0841 -3.8147e-006 -1.90735e-006 1.0
WORLDTM 
MAT 0.16542 -0.959434 0.228301 0.0
MAT -0.831774 -0.0113455 0.554999 0.0
MAT -0.529895 -0.281703 -0.799909 0.0
MAT -8.57295 51.0932 29.4995 1.0
VERTEX = 9
-5.94467 36.4456 33.5419
-6.20928 36.3047 33.1418
-5.79749 36.3329 32.8596
-5.53288 36.4737 33.2597
-2.47377 20.4111 36.6092
-2.50023 20.397 36.5692
-2.45905 20.3999 36.541
-2.43259 20.4139 36.581
-5.92209 36.6287 33.1502
INDEX = 14
4 5 7
6 7 5
1 2 5
6 5 2
0 1 4
5 4 1
7 6 3
2 3 6
4 7 0
3 0 7
8 1 0
8 2 1
8 3 2
8 0 3
FACE-NORMAL = 14
0.204031 -0.957852 0.202213
0.204031 -0.957852 0.202213
-0.526434 -0.294582 -0.797552
-0.526434 -0.294582 -0.797552
-0.820755 -0.0691872 0.567076
-0.820755 -0.0691872 0.567076
0.826256 0.0433591 -0.561623
0.826256 0.0433591 -0.561623
0.531935 0.268754 0.803005
0.531935 0.268754 0.803005
-0.726631 0.637509 0.256105
-0.518495 0.478117 -0.70892
0.438088 0.717099 -0.542078
0.229952 0.876491 0.422947
BONE = 17
BONE_NAME = Bip01-L-Finger0
PARENT_ID = 16
LOCALTM 
MAT 0.998913 -0.0466119 -3.69549e-005 0.0
MAT 0.0466119 0.998913 0.00079548 0.0
MAT 0.0 -0.000796344 1.0 0.0
MAT 15.1498 -0.0146523 -0.250229 1.0
WORLDTM 
MAT 0.204031 -0.957852 0.202213 0.0
MAT -0.82358 -0.0562783 0.564401 0.0
MAT -0.529232 -0.281694 -0.800351 0.0
MAT -5.92209 36.6287 33.1502 1.0
VERTEX = 9
-2.48899 20.2224 36.9668
-2.7536 20.0815 36.5667
-2.34181 20.1097 36.2845
-2.0772 20.2505 36.6846
-1.65765 16.5797 37.4181
-1.68411 16.5656 37.378
-1.64293 16.5684 37.3498
-1.61647 16.5825 37.3898
-2.46641 20.4055 36.5751
INDEX = 14
4 5 7
6 7 5
1 2 5
6 5 2
0 1 4
5 4 1
7 6 3
2 3 6
4 7 0
3 0 7
8 1 0
8 2 1
8 3 2
8 0 3
FACE-NORMAL = 14
0.204031 -0.957852 0.202213
0.204031 -0.957852 0.202213
-0.516063 -0.338556 -0.786803
-0.516063 -0.338556 -0.786803
-0.809882 -0.113545 0.575498
-0.809882 -0.113545 0.575498
0.834322 -0.00119066 -0.551276
0.834322 -0.00119067 -0.551276
0.540502 0.22382 0.811025
0.540502 0.22382 0.811025
-0.726631 0.637509 0.256105
-0.518495 0.478117 -0.70892
0.438088 0.717099 -0.542078
0.229953 0.876491 0.422947
BONE = 18
BONE_NAME = Bip01-L-Finger0Nub
PARENT_ID = 17
LOCALTM 
MAT 1.0 0.0 0.0 0.0
MAT 0.0 1.0 0.0 0.0
MAT 0.0 0.0 1.0 0.0
MAT 16.9371 0.0 3.8147e-006 1.0
WORLDTM 
MAT 0.20403 -0.957852 0.202213 0.0
MAT -0.82358 -0.0562783 0.5644 0.0
MAT -0.529232 -0.281694 -0.800351 0.0
MAT -2.46641 20.4055 36.5751 1.0
VERTEX = 9
-2.93663 22.432 36.2528
-3.02446 22.9135 36.1505
-3.43851 22.8974 36.4303
-3.35069 22.4159 36.5326
-1.16627 23.645 39.3444
-1.17506 23.6932 39.3342
-1.21646 23.6916 39.3622
-1.20768 23.6434 39.3724
-3.32065 22.5978 36.1408
INDEX = 14
4 5 7
6 7 5
1 2 5
6 5 2
0 1 4
5 4 1
7 6 3
2 3 6
4 7 0
3 0 7
8 1 0
8 2 1
8 3 2
8 0 3
FACE-NORMAL = 14
0.532321 0.267629 0.803125
0.532321 0.267629 0.803125
-0.14346 0.977283 -0.156004
-0.14346 0.977283 -0.156004
0.858513 0.0482008 -0.510521
0.858513 0.0482008 -0.510521
-0.794749 -0.0161429 0.606723
-0.79475 -0.0161429 0.606723
0.207224 -0.945225 0.252206
0.207224 -0.945225 0.252206
0.20916 -0.166453 -0.963611
-0.500616 0.491689 -0.712478
-0.961975 -0.212032 -0.172179
-0.252199 -0.870174 -0.423311
BONE = 19
BONE_NAME = Box_water
PARENT_ID = 17
LOCALTM 
MAT 0.0146627 -0.000186475 -0.999893 0.0
MAT 0.0249262 -0.999689 0.000551957 0.0
MAT -0.999582 -0.0249316 -0.0146535 0.0
MAT 14.575 0.335032 0.182137 1.0
WORLDTM 
MAT 0.532321 0.267629 0.803125 0.0
MAT 0.828118 0.0322297 -0.559626 0.0
MAT -0.175657 0.962982 -0.204472 0.0
MAT -3.32065 22.5978 36.1408 1.0
VERTEX = 9
1.64324 40.3166 43.8551
1.23127 40.3118 44.1384
0.961141 40.1677 43.7431
1.37312 40.1726 43.4598
1.97749 36.6589 44.6753
1.93629 36.6584 44.7037
1.90928 36.644 44.6641
1.95048 36.6445 44.6358
1.25945 40.4815 43.7411
INDEX = 14
4 5 7
6 7 5
1 2 5
6 5 2
0 1 4
5 4 1
7 6 3
2 3 6
4 7 0
3 0 7
8 1 0
8 2 1
8 3 2
8 0 3
FACE-NORMAL = 14
0.170985 -0.957529 0.232168
0.170985 -0.957529 0.232168
-0.812229 -0.0670866 0.579468
-0.812229 -0.0670866 0.579468
0.549523 0.230306 0.803109
0.549523 0.230306 0.803109
-0.529041 -0.345003 -0.775299
-0.529041 -0.345003 -0.775299
0.832711 -0.0476106 -0.551658
0.832711 -0.0476106 -0.551658
0.261111 0.880843 0.394887
-0.703525 0.670177 0.236465
-0.502921 0.473307 -0.723223
0.461715 0.683973 -0.5648
BONE = 20
BONE_NAME = Box_water_pump
PARENT_ID = 16
LOCALTM 
MAT 0.999975 -0.0025042 -0.00657925 0.0
MAT -0.00661322 -0.0138418 -0.999883 0.0
MAT 0.00241286 0.999901 -0.0138581 0.0
MAT 15.0591 -0.153851 -13.6128 1.0
WORLDTM 
MAT 0.170985 -0.957528 0.232168 0.0
MAT 0.540252 0.288172 0.790623 0.0
MAT -0.823949 -0.00975548 0.56658 0.0
MAT 1.25945 40.4815 43.7411 1.0
VERTEX = 9
8.07148 37.0983 23.5725
8.07148 37.0983 24.0725
8.07148 36.5983 24.0725
8.07148 36.5983 23.5725
11.8215 36.8733 23.7975
11.8215 36.8733 23.8475
11.8215 36.8233 23.8475
11.8215 36.8233 23.7975
7.82148 36.8483 23.8225
INDEX = 14
4 5 7
6 7 5
1 2 5
6 5 2
0 1 4
5 4 1
7 6 3
2 3 6
4 7 0
3 0 7
8 1 0
8 2 1
8 3 2
8 0 3
FACE-NORMAL = 14
1.0 -3.50201e-006 3.7821e-006
1.0 -3.50201e-006 3.7821e-006
0.0598888 1.76992e-007 0.998205
0.0598888 1.76992e-007 0.998205
0.0598959 0.998205 -1.89965e-007
0.0598959 0.998205 -1.89965e-007
0.0598887 -0.998205 6.43003e-007
0.0598887 -0.998205 6.43002e-007
0.0598958 -5.96478e-007 -0.998205
0.0598958 -5.96478e-007 -0.998205
-0.707104 0.707109 -2.96938e-006
-0.707109 2.75025e-006 0.707104
-0.707109 -0.707104 -2.37932e-006
-0.707104 2.20234e-006 -0.707109
BONE = 21
BONE_NAME = FxHand00
PARENT_ID = 16
LOCALTM 
MAT 0.165424 -0.831771 -0.529897 0.0
MAT -0.959434 -0.0113488 -0.281704 0.0
MAT 0.2283 0.555002 -0.799907 0.0
MAT 15.083 -16.6256 -0.133411 1.0
WORLDTM 
MAT 1.0 -3.50201e-006 3.7821e-006 0.0
MAT 3.63193e-006 0.999999 -4.17233e-007 0.0
MAT -3.50981e-006 3.8743e-007 1.0 0.0
MAT 7.82148 36.8483 23.8225 1.0
VERTEX = 9
-10.6961 62.3645 26.5632
-10.2027 62.4457 26.5607
-10.2189 62.5584 27.0476
-10.7122 62.4772 27.0501
-9.88416 58.8494 27.6349
-9.83482 58.8575 27.6346
-9.83644 58.8687 27.6833
-9.88577 58.8606 27.6836
-10.4973 62.7016 26.7485
INDEX = 14
4 5 7
6 7 5
1 2 5
6 5 2
0 1 4
5 4 1
7 6 3
2 3 6
4 7 0
3 0 7
8 1 0
8 2 1
8 3 2
8 0 3
FACE-NORMAL = 14
0.159246 -0.960633 0.227652
0.159246 -0.960633 0.227652
0.994478 0.104577 0.00872533
0.994478 0.104577 0.00872533
0.0417267 -0.28254 -0.958347
0.0417267 -0.28254 -0.958347
-0.0226515 0.167471 0.985617
-0.0226515 0.167471 0.985617
-0.975403 -0.219646 0.0185439
-0.975403 -0.219646 0.0185439
-0.0898017 0.519881 -0.849506
0.585107 0.794106 -0.164452
-0.135406 0.838659 0.527557
-0.810315 0.564433 -0.157497
BONE = 22
BONE_NAME = Box_L_Forearm
PARENT_ID = 15
LOCALTM 
MAT 1.0 0.0 0.0 0.0
MAT 0.0 1.0 1.67638e-007 0.0
MAT 0.0 -1.86265e-007 1.0 0.0
MAT -7.62939e-006 0.0 -9.53674e-007 1.0
WORLDTM 
MAT 0.159246 -0.960632 0.227652 0.0
MAT 0.032247 -0.22541 -0.97373 0.0
MAT 0.986712 0.162403 -0.00491812 0.0
MAT -10.4973 62.7016 26.7485 1.0
VERTEX = 9
5.79136 69.1619 -18.6888
5.47994 69.3907 -19.0061
5.74946 69.8101 -18.9682
6.06089 69.5814 -18.6509
9.04766 67.7501 -23.2573
9.01652 67.773 -23.289
9.04347 67.8149 -23.2852
9.07461 67.7921 -23.2535
5.62867 69.5598 -18.6362
INDEX = 14
4 5 7
6 7 5
1 2 5
6 5 2
0 1 4
5 4 1
7 6 3
2 3 6
4 7 0
3 0 7
8 1 0
8 2 1
8 3 2
8 0 3
FACE-NORMAL = 14
0.56699 -0.294911 -0.769123
0.56699 -0.294911 -0.769123
-0.600313 0.445711 -0.664053
-0.600313 0.445711 -0.664053
-0.516575 -0.849704 -0.10561
-0.516575 -0.849704 -0.10561
0.560712 0.826747 0.0457385
0.560712 0.826747 0.0457385
0.64445 -0.468668 0.604181
0.64445 -0.468668 0.604181
-0.782089 -0.384631 0.490302
-0.841346 0.53206 0.0951235
-0.0197551 0.801698 0.597403
0.0395017 -0.114993 0.992581
BONE = 23
BONE_NAME = Bip01-R-Clavicle
PARENT_ID = 6
LOCALTM 
MAT 0.0258408 -0.906701 0.420981 0.0
MAT -0.999666 -0.0231332 0.0115379 0.0
MAT -0.000722855 -0.421139 -0.906996 0.0
MAT 3.96002 -19.2878 -3.66679 1.0
WORLDTM 
MAT 0.566989 -0.294911 -0.769123 0.0
MAT -0.539052 -0.838861 -0.0757317 0.0
MAT -0.622853 0.457536 -0.634598 0.0
MAT 5.62867 69.5598 -18.6362 1.0
VERTEX = 9
9.15811 67.4812 -23.5611
9.47705 67.7483 -23.2838
9.19277 67.6688 -22.8802
8.87383 67.4016 -23.1576
15.6914 57.1495 -20.7159
15.7233 57.1762 -20.6882
15.6948 57.1683 -20.6478
15.6629 57.1416 -20.6756
9.04557 67.7825 -23.2713
INDEX = 14
4 5 7
6 7 5
1 2 5
6 5 2
0 1 4
5 4 1
7 6 3
2 3 6
4 7 0
3 0 7
8 1 0
8 2 1
8 3 2
8 0 3
FACE-NORMAL = 14
0.519471 -0.830184 0.202347
0.519471 -0.830184 0.202347
0.647087 0.519351 0.558169
0.647087 0.519351 0.558169
0.577787 0.144131 -0.803361
0.577787 0.144131 -0.803361
-0.559158 -0.173902 0.810617
-0.559158 -0.173902 0.810617
-0.628459 -0.549121 -0.550913
-0.628459 -0.549121 -0.550913
0.0347137 0.699488 -0.7138
0.0837244 0.964851 0.249102
-0.769357 0.474569 0.427638
-0.818368 0.209206 -0.535264
BONE = 24
BONE_NAME = Bip01-R-UpperArm
PARENT_ID = 23
LOCALTM 
MAT 0.383735 0.401063 -0.831803 0.0
MAT 0.89624 -0.378775 0.230832 0.0
MAT -0.222488 -0.834073 -0.504799 0.0
MAT 6.02639 -1.14441e-005 0.0 1.0
WORLDTM 
MAT 0.519471 -0.830183 0.202347 0.0
MAT 0.568564 0.159042 -0.807118 0.0
MAT 0.637875 0.534322 0.55463 0.0
MAT 9.04557 67.7825 -23.2713 1.0
VERTEX = 9
15.9899 56.8842 -20.8366
16.0816 57.3502 -20.6803
15.7973 57.2707 -20.2767
15.7057 56.8047 -20.4331
25.3933 53.2042 -14.659
25.4024 53.2508 -14.6433
25.374 53.2428 -14.603
25.3649 53.1962 -14.6186
15.6931 57.1589 -20.6819
INDEX = 14
4 5 7
6 7 5
1 2 5
6 5 2
0 1 4
5 4 1
7 6 3
2 3 6
4 7 0
3 0 7
8 1 0
8 2 1
8 3 2
8 0 3
FACE-NORMAL = 14
0.801975 -0.325688 0.500763
0.801975 -0.325688 0.500763
0.19844 0.925645 0.322186
0.19844 0.925645 0.322186
0.583707 0.152822 -0.797453
0.583707 0.152822 -0.797453
-0.553215 -0.165205 0.816493
-0.553215 -0.165205 0.816493
-0.167948 -0.938028 -0.303146
-0.167948 -0.938028 -0.303146
-0.165046 0.342756 -0.924812
-0.437521 0.889323 -0.132965
-0.969117 0.117836 0.216626
-0.696643 -0.42873 -0.575221
BONE = 25
BONE_NAME = Bip01-R-Forearm
PARENT_ID = 24
LOCALTM 
MAT 0.788312 1.22935e-007 0.615276 0.0
MAT -1.19209e-007 1.0 -1.63913e-007 0.0
MAT -0.615276 0.0 0.788312 0.0
MAT 12.7967 -3.8147e-006 3.8147e-006 1.0
WORLDTM 
MAT 0.801975 -0.325688 0.500763 0.0
MAT 0.568564 0.159042 -0.807119 0.0
MAT 0.183227 0.932004 0.312722 0.0
MAT 15.6931 57.1589 -20.6819 1.0
VERTEX = 9
25.3829 53.0746 -14.2244
25.5285 52.8154 -14.6264
25.7869 53.2117 -14.7882
25.6413 53.4708 -14.3862
42.6403 46.3171 -3.90003
42.6549 46.2912 -3.94023
42.6807 46.3308 -3.95641
42.6661 46.3567 -3.91621
25.3837 53.2235 -14.631
INDEX = 14
4 5 7
6 7 5
1 2 5
6 5 2
0 1 4
5 4 1
7 6 3
2 3 6
4 7 0
3 0 7
8 1 0
8 2 1
8 3 2
8 0 3
FACE-NORMAL = 14
0.804975 -0.321469 0.498671
0.804975 -0.321469 0.498671
0.299678 -0.521673 -0.798781
0.299678 -0.521673 -0.798781
-0.508389 -0.795848 0.328886
-0.508389 -0.795848 0.328886
0.525464 0.789029 -0.318308
0.525464 0.789029 -0.318308
-0.282602 0.514854 0.809359
-0.282602 0.514854 0.809359
-0.934746 -0.333058 -0.123783
-0.363325 -0.139176 -0.921209
-0.203661 0.787683 -0.581444
-0.775082 0.593801 0.215982
BONE = 26
BONE_NAME = Bip01-R-Hand
PARENT_ID = 25
LOCALTM 
MAT 0.999984 0.00406609 0.00382799 0.0
MAT 0.00557226 -0.681156 -0.732117 0.0
MAT -0.000369355 0.732127 -0.681169 0.0
MAT 12.0834 3.8147e-006 -3.8147e-006 1.0
WORLDTM 
MAT 0.804976 -0.321469 0.498671 0.0
MAT -0.516955 -0.792483 0.323615 0.0
MAT 0.291156 -0.518293 -0.804115 0.0
MAT 25.3837 53.2235 -14.631 1.0
VERTEX = 9
42.0218 46.5242 -3.29035
42.164 46.26 -3.6903
42.5634 46.0946 -3.43901
42.4212 46.3588 -3.03906
38.4182 40.6582 -0.977714
38.4325 40.6317 -1.01771
38.4724 40.6152 -0.99258
38.4582 40.6416 -0.952585
42.4252 46.5048 -3.44667
INDEX = 14
4 5 7
6 7 5
1 2 5
6 5 2
0 1 4
5 4 1
7 6 3
2 3 6
4 7 0
3 0 7
8 1 0
8 2 1
8 3 2
8 0 3
FACE-NORMAL = 14
-0.530253 -0.78184 0.327959
-0.530253 -0.78184 0.327959
0.267861 -0.552422 -0.789355
0.267861 -0.552422 -0.789355
-0.814757 0.306476 -0.492182
-0.814757 0.306476 -0.492182
0.781886 -0.354944 0.512513
0.781886 -0.354944 0.512513
-0.300732 0.503954 0.809685
-0.300732 0.503954 0.809685
-0.189824 0.786804 -0.587287
0.57607 0.17918 -0.79752
0.939715 0.318885 0.123482
0.173821 0.92651 0.333716
BONE = 27
BONE_NAME = Bip01-R-Finger0
PARENT_ID = 26
LOCALTM 
MAT -0.0119593 0.999846 -0.0128808 0.0
MAT -0.999929 -0.0119591 0.000104338 0.0
MAT -4.96358e-005 0.012881 0.999917 0.0
MAT 21.4551 0.134129 -0.5495 1.0
WORLDTM 
MAT -0.530253 -0.78184 0.327959 0.0
MAT -0.798705 0.330869 -0.502589 0.0
MAT 0.284433 -0.528442 -0.799904 0.0
MAT 42.4252 46.5048 -3.44667 1.0
VERTEX = 9
38.4494 40.783 -1.39268
38.307 41.0469 -0.992612
38.7063 40.8815 -0.741317
38.8487 40.6175 -1.14138
40.5527 43.7606 -2.32734
40.5385 43.787 -2.28733
40.5784 43.7704 -2.2622
40.5926 43.744 -2.30221
38.4453 40.6367 -0.985145
INDEX = 14
4 5 7
6 7 5
1 2 5
6 5 2
0 1 4
5 4 1
7 6 3
2 3 6
4 7 0
3 0 7
8 1 0
8 2 1
8 3 2
8 0 3
FACE-NORMAL = 14
0.530057 0.782205 -0.327407
0.530057 0.782205 -0.327407
-0.252542 0.573802 0.779085
-0.252542 0.573802 0.779085
-0.765525 0.377123 -0.521296
-0.765525 0.377123 -0.521296
0.829018 -0.283427 0.482078
0.829018 -0.283427 0.482078
0.316034 -0.480106 -0.818303
0.316034 -0.480106 -0.818303
-0.939576 -0.319143 -0.123872
-0.57619 -0.17982 0.797289
0.189963 -0.787062 0.586896
-0.173423 -0.926386 -0.334266
BONE = 28
BONE_NAME = Bip01-R-Finger0Nub
PARENT_ID = 27
LOCALTM 
MAT -1.0 0.0 -0.000690252 0.0
MAT 0.0 1.0 0.0 0.0
MAT 0.000690401 0.0 -1.0 0.0
MAT 7.50558 -5.72205e-006 -1.90735e-006 1.0
WORLDTM 
MAT 0.530056 0.782205 -0.327407 0.0
MAT -0.798705 0.330869 -0.502589 0.0
MAT -0.284799 0.527902 0.80013 0.0
MAT 38.4453 40.6367 -0.985145 1.0
VERTEX = 9
42.4679 46.9077 -3.85153
42.4679 46.9077 -3.35153
42.4679 46.4077 -3.35153
42.4679 46.4077 -3.85153
46.2179 46.6827 -3.62653
46.2179 46.6827 -3.57653
46.2179 46.6327 -3.57653
46.2179 46.6327 -3.62653
42.2179 46.6577 -3.60153
INDEX = 14
4 5 7
6 7 5
1 2 5
6 5 2
0 1 4
5 4 1
7 6 3
2 3 6
4 7 0
3 0 7
8 1 0
8 2 1
8 3 2
8 0 3
FACE-NORMAL = 14
1.0 7.45058e-007 5.66244e-007
1.0 7.45058e-007 5.66244e-007
0.059892 0.0 0.998205
0.0598921 0.0 0.998205
0.0598913 0.998205 2.12407e-007
0.0598913 0.998205 2.12407e-007
0.0598933 -0.998205 -1.44579e-007
0.0598933 -0.998205 -1.44579e-007
0.0598925 0.0 -0.998205
0.0598925 0.0 -0.998205
-0.707107 0.707106 -2.73954e-007
-0.707107 -5.26836e-007 0.707106
-0.707106 -0.707107 -5.26836e-007
-0.707106 -5.26835e-007 -0.707107
BONE = 29
BONE_NAME = FxHand01
PARENT_ID = 26
LOCALTM 
MAT 0.804975 -0.516956 0.291155 0.0
MAT -0.321469 -0.792483 -0.518293 0.0
MAT 0.49867 0.323615 -0.804115 0.0
MAT 21.1619 0.0700035 -0.564551 1.0
WORLDTM 
MAT 1.0 7.45058e-007 5.66244e-007 0.0
MAT -9.83477e-007 0.999999 1.78814e-007 0.0
MAT -2.38419e-007 0.0 1.0 0.0
MAT 42.2179 46.6577 -3.60153 1.0
VERTEX = 9
42.0218 46.5242 -3.29035
42.164 46.26 -3.69031
42.5634 46.0946 -3.43901
42.4212 46.3588 -3.03906
40.2771 43.399 -2.1274
40.2913 43.3726 -2.1674
40.3312 43.356 -2.14227
40.317 43.3824 -2.10227
42.4252 46.5048 -3.44667
INDEX = 14
4 5 7
6 7 5
1 2 5
6 5 2
0 1 4
5 4 1
7 6 3
2 3 6
4 7 0
3 0 7
8 1 0
8 2 1
8 3 2
8 0 3
FACE-NORMAL = 14
-0.530254 -0.78184 0.327959
-0.530254 -0.78184 0.327959
0.252161 -0.574318 -0.778828
0.252161 -0.574318 -0.778828
-0.82903 0.283451 -0.482041
-0.82903 0.283451 -0.482041
0.765514 -0.377104 0.521326
0.765514 -0.377104 0.521326
-0.315677 0.480666 0.818113
-0.315677 0.480666 0.818113
-0.189825 0.786806 -0.587284
0.576068 0.17918 -0.797521
0.939716 0.318883 0.12348
0.173824 0.926509 0.333717
BONE = 30
BONE_NAME = Bip01-R-Finger1
PARENT_ID = 26
LOCALTM 
MAT -0.0119599 0.999845 -0.0128812 0.0
MAT -0.999929 -0.0119596 0.000100046 0.0
MAT -5.41955e-005 0.0128814 0.999917 0.0
MAT 21.4551 0.134129 -0.549498 1.0
WORLDTM 
MAT -0.530253 -0.78184 0.327959 0.0
MAT -0.798706 0.330872 -0.502586 0.0
MAT 0.284429 -0.528441 -0.799907 0.0
MAT 42.4252 46.5048 -3.44667 1.0
VERTEX = 9
15.9899 56.8842 -20.8367
16.0816 57.3502 -20.6803
15.7973 57.2707 -20.2767
15.7057 56.8047 -20.4331
18.9107 55.8368 -18.7068
18.9198 55.8834 -18.6912
18.8914 55.8755 -18.6508
18.8822 55.8289 -18.6665
15.6931 57.1589 -20.6819
INDEX = 14
4 5 7
6 7 5
1 2 5
6 5 2
0 1 4
5 4 1
7 6 3
2 3 6
4 7 0
3 0 7
8 1 0
8 2 1
8 3 2
8 0 3
FACE-NORMAL = 14
0.801975 -0.325688 0.500763
0.801975 -0.325688 0.500763
0.23093 0.910825 0.342153
0.23093 0.910825 0.342153
0.615575 0.139251 -0.775678
0.615575 0.139251 -0.775678
-0.519511 -0.178263 0.835662
-0.519511 -0.178263 0.835662
-0.134866 -0.949838 -0.28217
-0.134866 -0.949838 -0.28217
-0.165046 0.342756 -0.924812
-0.437521 0.889323 -0.132965
-0.969117 0.117836 0.216626
-0.696642 -0.42873 -0.575221
BONE = 31
BONE_NAME = Box_R_Forearm
PARENT_ID = 25
LOCALTM 
MAT 1.0 0.0 0.0 0.0
MAT 0.0 1.0 2.5332e-007 0.0
MAT 0.0 -2.83122e-007 1.0 0.0
MAT 3.8147e-006 7.62939e-006 0.0 1.0
WORLDTM 
MAT 0.801975 -0.325688 0.500763 0.0
MAT 0.568564 0.159042 -0.807119 0.0
MAT 0.183227 0.932004 0.312723 0.0
MAT 15.6931 57.1589 -20.6819 1.0
VERTEX = 9
0.131127 69.748 0.220214
-0.115501 70.1707 0.117966
-0.53366 69.9079 0.0400071
-0.287032 69.4852 0.142255
-1.06545 70.1729 3.76301
-1.09012 70.2152 3.75278
-1.13193 70.1889 3.74499
-1.10727 70.1466 3.75521
-0.141438 69.8044 -0.111482
INDEX = 14
4 5 7
6 7 5
1 2 5
6 5 2
0 1 4
5 4 1
7 6 3
2 3 6
4 7 0
3 0 7
8 1 0
8 2 1
8 3 2
8 0 3
FACE-NORMAL = 14
-0.239314 0.0941166 0.96637
-0.239314 0.0941166 0.96637
-0.506704 0.849625 -0.146251
-0.506704 0.849625 -0.146251
0.820483 0.5303 0.213516
0.820483 0.5303 0.213516
-0.84915 -0.519026 -0.0977599
-0.84915 -0.519026 -0.0977599
0.478038 -0.838351 0.262008
0.478038 -0.838351 0.262007
0.760587 0.305109 -0.573076
-0.179564 0.531312 -0.827928
-0.422145 -0.43821 -0.793577
0.518005 -0.664413 -0.538726
BONE = 32
BONE_NAME = Box_back
PARENT_ID = 6
LOCALTM 
MAT -3.57628e-007 1.0 -1.84774e-006 0.0
MAT 0.908658 1.05053e-006 0.41754 0.0
MAT 0.41754 -1.63168e-006 -0.908658 0.0
MAT 2.00951 0.0178752 -3.75393 1.0
WORLDTM 
MAT -0.239314 0.0941166 0.96637 0.0
MAT 0.836318 0.525606 0.155918 0.0
MAT -0.493256 0.845505 -0.204496 0.0
MAT -0.141438 69.8044 -0.111482 1.0
VERTEX = 9
-4.97545 77.9684 23.1003
-5.40965 78.0682 22.8733
-5.29798 77.7381 22.5147
-4.86379 77.6384 22.7417
-6.78096 75.1491 24.8193
-6.82438 75.159 24.7966
-6.81321 75.126 24.7607
-6.76979 75.1161 24.7834
-5.02603 78.0343 22.6753
INDEX = 14
4 5 7
6 7 5
1 2 5
6 5 2
0 1 4
5 4 1
7 6 3
2 3 6
4 7 0
3 0 7
8 1 0
8 2 1
8 3 2
8 0 3
FACE-NORMAL = 14
-0.442763 -0.724192 0.528684
-0.442763 -0.724192 0.528684
-0.893341 0.15575 -0.421525
-0.893341 0.15575 -0.421525
-0.249441 0.615557 0.747575
-0.249441 0.615557 0.747575
0.196404 -0.702304 -0.684247
0.196404 -0.702304 -0.684247
0.840305 -0.242497 0.484853
0.840305 -0.242497 0.484853
0.155168 0.978853 0.1333
-0.300958 0.653136 -0.694865
0.470995 0.045309 -0.880972
0.92712 0.371026 -0.0528064
BONE = 33
BONE_NAME = Box_left_armor
PARENT_ID = 6
LOCALTM 
MAT -0.817055 0.548705 0.177045 0.0
MAT 0.464968 0.808651 -0.360401 0.0
MAT -0.340921 -0.212147 -0.915842 0.0
MAT 7.42226 23.9818 -6.44799 1.0
WORLDTM 
MAT -0.442763 -0.724192 0.528683 0.0
MAT -0.223323 0.660115 0.717199 0.0
MAT -0.868382 0.199482 -0.454004 0.0
MAT -5.02603 78.0343 22.6753 1.0
VERTEX = 9
6.03608 73.4824 -23.54
6.41514 73.6143 -23.2418
6.58309 73.9272 -23.5937
6.20403 73.7953 -23.8919
4.18618 76.4349 -22.1173
4.22408 76.4481 -22.0875
4.24088 76.4794 -22.1227
4.20297 76.4662 -22.1525
6.44932 73.5213 -23.6633
INDEX = 14
4 5 7
6 7 5
1 2 5
6 5 2
0 1 4
5 4 1
7 6 3
2 3 6
4 7 0
3 0 7
8 1 0
8 2 1
8 3 2
8 0 3
FACE-NORMAL = 14
-0.558948 0.733967 0.385835
-0.558948 0.733967 0.385835
0.723282 0.307332 0.618393
0.723282 0.307332 0.618393
-0.368778 -0.580758 0.725757
-0.368778 -0.580758 0.725757
0.301824 0.668676 -0.67954
0.301824 0.668676 -0.67954
-0.790235 -0.219414 -0.572176
-0.790235 -0.219414 -0.572176
0.157716 -0.96153 0.224914
0.931308 -0.332425 0.14886
0.632756 -0.0764571 -0.770567
-0.140835 -0.705561 -0.694513
BONE = 34
BONE_NAME = Box_right_armor
PARENT_ID = 6
LOCALTM 
MAT 0.321731 0.575701 -0.751703 0.0
MAT -0.6663 0.701724 0.252245 0.0
MAT 0.672706 0.419705 0.609356 0.0
MAT 7.42222 -23.9693 -6.44792 1.0
WORLDTM 
MAT -0.558948 0.733967 0.385835 0.0
MAT -0.335904 -0.62584 0.703912 0.0
MAT 0.75812 0.263847 0.596355 0.0
MAT 6.44932 73.5213 -23.6633 1.0
VERTEX = 9
0.377025 61.2685 0.560684
0.377025 61.2685 1.06068
0.377025 60.7685 1.06068
0.377025 60.7685 0.560684
4.12703 61.0435 0.785684
4.12703 61.0435 0.835684
4.12703 60.9935 0.835684
4.12703 60.9935 0.785684
0.127025 61.0185 0.810684
INDEX = 14
4 5 7
6 7 5
1 2 5
6 5 2
0 1 4
5 4 1
7 6 3
2 3 6
4 7 0
3 0 7
8 1 0
8 2 1
8 3 2
8 0 3
FACE-NORMAL = 14
1.0 2.81347e-007 0.0
1.0 2.81347e-007 0.0
0.0598924 0.0 0.998205
0.0598925 0.0 0.998205
0.0598922 0.998205 0.0
0.0598922 0.998205 0.0
0.0598924 -0.998205 0.0
0.0598924 -0.998205 0.0
0.0598922 0.0 -0.998205
0.0598921 0.0 -0.998205
-0.707107 0.707107 0.0
-0.707107 -1.89723e-007 0.707107
-0.707107 -0.707107 0.0
-0.707107 -2.08162e-007 -0.707107
BONE = 35
BONE_NAME = FxCenter
PARENT_ID = 5
LOCALTM 
MAT 0.553973 -0.239312 0.797398 0.0
MAT 0.830629 0.0941159 -0.548814 0.0
MAT 0.0562903 0.96637 0.250918 0.0
MAT 1.3122 0.0178919 1.50825 1.0
WORLDTM 
MAT 1.0 2.81347e-007 0.0 0.0
MAT 0.0 0.999999 0.0 0.0
MAT 1.49013e-007 0.0 1.0 0.0
MAT 0.127025 61.0185 0.810684 1.0
VERTEX = 9
-3.42077 40.3902 8.10058
-3.11332 40.7845 8.09817
-3.24059 40.8866 8.57079
-3.54804 40.4923 8.5732
6.7816 32.7483 12.7374
6.81235 32.7878 12.7371
6.79962 32.798 12.7844
6.76887 32.7585 12.7847
-3.51728 40.7834 8.2541
INDEX = 14
4 5 7
6 7 5
1 2 5
6 5 2
0 1 4
5 4 1
7 6 3
2 3 6
4 7 0
3 0 7
8 1 0
8 2 1
8 3 2
8 0 3
FACE-NORMAL = 14
0.746384 -0.580015 0.326333
0.746384 -0.580015 0.326333
0.627211 0.778849 0.000593365
0.627211 0.778849 0.000593364
0.266891 -0.21386 -0.939699
0.266891 -0.21386 -0.939699
-0.242126 0.194615 0.950526
-0.242126 0.194615 0.950526
-0.602446 -0.798094 0.0102344
-0.602446 -0.798094 0.0102344
-0.347784 0.265695 -0.89914
-0.0929639 0.967743 -0.234162
-0.707763 0.55457 0.437635
-0.962583 -0.147478 -0.227343
BONE = 36
BONE_NAME = Bip01-L-Thigh
PARENT_ID = 3
LOCALTM 
MAT -0.727507 0.32633 0.603525 0.0
MAT -0.254411 -0.945244 0.204425 0.0
MAT 0.637188 -0.00482261 0.770693 0.0
MAT -1.14441e-005 8.2541 1.38283e-005 1.0
WORLDTM 
MAT 0.746384 -0.580015 0.326333 0.0
MAT 0.254543 -0.204265 -0.945242 0.0
MAT 0.614913 0.78858 -0.0048212 0.0
MAT -3.51728 40.7834 8.2541 1.0
VERTEX = 9
6.58955 32.4886 12.5038
