EXPORTER_V17
ANIMATION_EXPORT
BONEOBJECT_COUNT = 72
VERTEX = 9
0.25 0.25 -0.25
0.25 0.25 0.25
0.25 -0.25 0.25
0.25 -0.25 -0.25
4.0 0.025 -0.025
4.0 0.025 0.025
4.0 -0.025 0.025
4.0 -0.025 -0.025
0.0 0.0 0.0
INDEX = 14
4 5 7
6 7 5
1 2 5
6 5 2
0 1 4
5 4 1
7 6 3
2 3 6
4 7 0
3 0 7
8 1 0
8 2 1
8 3 2
8 0 3
FACE-NORMAL = 14
1.0 0.0 0.0
1.0 0.0 0.0
0.0598923 0.0 0.998205
0.0598923 0.0 0.998205
0.0598923 0.998205 0.0
0.0598923 0.998205 0.0
0.0598923 -0.998205 0.0
0.0598923 -0.998205 0.0
0.0598923 0.0 -0.998205
0.0598923 0.0 -0.998205
-0.707107 0.707107 0.0
-0.707107 0.0 0.707107
-0.707107 -0.707107 0.0
-0.707107 0.0 -0.707107
BONE = 0
BONE_NAME = Dummy_root
PARENT_ID = -1
LOCALTM 
MAT 1.0 0.0 0.0 0.0
MAT 0.0 1.0 0.0 0.0
MAT 0.0 0.0 1.0 0.0
MAT 0.0 0.0 0.0 1.0
WORLDTM 
MAT 1.0 0.0 0.0 0.0
MAT 0.0 1.0 0.0 0.0
MAT 0.0 0.0 1.0 0.0
MAT 0.0 0.0 0.0 1.0
VERTEX = 9
0.25 0.25 -0.25
0.25 0.25 0.25
0.25 -0.25 0.25
0.25 -0.25 -0.25
4.0 0.025 -0.025
4.0 0.025 0.025
4.0 -0.025 0.025
4.0 -0.025 -0.025
0.0 0.0 0.0
INDEX = 14
4 5 7
6 7 5
1 2 5
6 5 2
0 1 4
5 4 1
7 6 3
2 3 6
4 7 0
3 0 7
8 1 0
8 2 1
8 3 2
8 0 3
FACE-NORMAL = 14
1.0 0.0 0.0
1.0 0.0 0.0
0.0598923 0.0 0.998205
0.0598923 0.0 0.998205
0.0598923 0.998205 0.0
0.0598923 0.998205 0.0
0.0598923 -0.998205 0.0
0.0598923 -0.998205 0.0
0.0598923 0.0 -0.998205
0.0598923 0.0 -0.998205
-0.707107 0.707107 0.0
-0.707107 0.0 0.707107
-0.707107 -0.707107 0.0
-0.707107 0.0 -0.707107
BONE = 1
BONE_NAME = FxBottom
PARENT_ID = 0
LOCALTM 
MAT 1.0 0.0 0.0 0.0
MAT 0.0 1.0 0.0 0.0
MAT 0.0 0.0 1.0 0.0
MAT 0.0 0.0 0.0 1.0
WORLDTM 
MAT 1.0 0.0 0.0 0.0
MAT 0.0 1.0 0.0 0.0
MAT 0.0 0.0 1.0 0.0
MAT 0.0 0.0 0.0 1.0
VERTEX = 9
-3.32715 41.0815 -0.249997
-3.32715 41.0815 0.250003
-3.21918 40.5933 0.250003
-3.21918 40.5933 -0.249997
0.382961 41.6716 -0.0249915
0.382961 41.6716 0.0250085
0.393758 41.6228 0.0250085
0.393758 41.6228 -0.0249915
-3.51726 40.7834 2.55792e-006
INDEX = 14
4 5 7
6 7 5
1 2 5
6 5 2
0 1 4
5 4 1
7 6 3
2 3 6
4 7 0
3 0 7
8 1 0
8 2 1
8 3 2
8 0 3
FACE-NORMAL = 14
0.976406 0.215943 1.48917e-006
0.976406 0.215943 1.48917e-006
0.0584778 0.0129329 0.998205
0.0584778 0.0129329 0.998205
-0.157076 0.987587 1.34919e-007
-0.157076 0.987587 1.34919e-007
0.274034 -0.96172 0.0
0.274034 -0.96172 0.0
0.0584807 0.0129337 -0.998205
0.0584806 0.0129337 -0.998205
-0.843118 0.537729 -1.02061e-006
-0.690424 -0.152695 0.707106
-0.537729 -0.843118 -1.0854e-006
-0.690422 -0.152694 -0.707108
BONE = 2
BONE_NAME = Bip01
PARENT_ID = 0
LOCALTM 
MAT 0.976406 0.215943 1.47341e-006 0.0
MAT -0.215943 0.976406 0.0 0.0
MAT -1.44414e-006 -2.93305e-007 1.0 0.0
MAT -3.51726 40.7834 -4.19291e-007 1.0
WORLDTM 
MAT 0.976406 0.215943 1.48917e-006 0.0
MAT -0.215943 0.976406 0.0 0.0
MAT -1.44414e-006 -3.66306e-007 1.0 0.0
MAT -3.51726 40.7834 2.55792e-006 1.0
VERTEX = 9
-3.81535 40.9735 0.250001
-3.32715 41.0815 0.250003
-3.32715 41.0815 -0.249997
-3.81535 40.9735 -0.249999
-6.73015 55.195 0.0249811
-6.68133 55.2058 0.0249813
-6.68133 55.2058 -0.0250187
-6.73015 55.195 -0.0250189
-3.51726 40.7834 2.55792e-006
INDEX = 14
4 5 7
6 7 5
1 2 5
6 5 2
0 1 4
5 4 1
7 6 3
2 3 6
4 7 0
3 0 7
8 1 0
8 2 1
8 3 2
8 0 3
FACE-NORMAL = 14
-0.215943 0.976406 -1.44541e-006
-0.215943 0.976406 -1.44541e-006
0.972942 0.23105 3.00217e-006
0.972942 0.23105 3.00217e-006
-0.00335008 0.0151341 0.99988
-0.00335008 0.0151341 0.99988
-0.00334367 0.0151324 -0.99988
-0.00334367 0.0151324 -0.99988
-0.979636 -0.200783 -3.04698e-006
-0.979636 -0.200783 -3.04698e-006
0.152692 -0.690423 0.707108
0.843118 -0.537729 3.16101e-006
0.152697 -0.690424 -0.707106
-0.537729 -0.843118 -1.11689e-006
BONE = 3
BONE_NAME = Bip01-Pelvis
PARENT_ID = 2
LOCALTM 
MAT 1.3411e-007 1.0 -1.49122e-006 0.0
MAT -1.44914e-006 1.59606e-006 1.0 0.0
MAT 1.0 0.0 1.53577e-006 0.0
MAT 0.0 0.0 0.0 1.0
WORLDTM 
MAT -0.215942 0.976406 -1.44541e-006 0.0
MAT -3.20375e-006 8.79169e-007 1.0 0.0
MAT 0.976406 0.215943 3.02494e-006 0.0
MAT -3.51726 40.7834 2.55792e-006 1.0
VERTEX = 9
-5.50833 55.7905 0.164486
-5.07388 55.5788 0.292691
-4.95422 55.5318 -0.190494
-5.38867 55.7435 -0.318699
-2.59434 61.2154 0.124939
-2.55089 61.1943 0.13776
-2.53893 61.1896 0.0894411
-2.58237 61.2107 0.0766205
-5.33959 55.4359 -0.0178899
INDEX = 14
4 5 7
6 7 5
1 2 5
6 5 2
0 1 4
5 4 1
7 6 3
2 3 6
4 7 0
3 0 7
8 1 0
8 2 1
8 3 2
8 0 3
FACE-NORMAL = 14
0.433283 0.901046 0.0195441
0.433283 0.901046 0.0195441
0.884165 -0.390162 0.256954
0.884165 -0.390162 0.256954
-0.223311 0.126997 0.966439
-0.223311 0.126997 0.966439
0.254994 -0.0611097 -0.96501
0.254994 -0.0611097 -0.96501
-0.852482 0.456049 -0.255524
-0.852482 0.456049 -0.255524
-0.475596 -0.570586 0.669507
0.308031 -0.936517 0.16749
-0.137158 -0.703686 -0.697147
-0.920786 -0.337755 -0.195129
BONE = 4
BONE_NAME = Bip01-Spine
PARENT_ID = 3
LOCALTM 
MAT 0.786223 0.0195434 0.617634 0.0
MAT 0.143572 0.966371 -0.213339 0.0
MAT -0.601033 0.256407 0.756977 0.0
MAT 14.7003 -0.0178754 1.38476 1.0
WORLDTM 
MAT 0.433283 0.901046 0.0195441 0.0
MAT -0.239312 0.0941163 0.96637 0.0
MAT 0.868905 -0.423389 0.25641 0.0
MAT -5.33959 55.4359 -0.0178899 1.0
VERTEX = 9
-2.7398 61.5593 0.288259
-2.30534 61.3476 0.416464
-2.18569 61.3005 -0.0667207
-2.62014 61.5122 -0.194926
0.174191 66.9842 0.248712
0.217636 66.963 0.261533
0.229602 66.9583 0.213214
0.186157 66.9795 0.200394
-2.57106 61.2047 0.105883
INDEX = 14
4 5 7
6 7 5
1 2 5
6 5 2
0 1 4
5 4 1
7 6 3
2 3 6
4 7 0
3 0 7
8 1 0
8 2 1
8 3 2
8 0 3
FACE-NORMAL = 14
0.433283 0.901046 0.0195441
0.433283 0.901046 0.0195441
0.884165 -0.390162 0.256954
0.884165 -0.390162 0.256954
-0.223311 0.126997 0.966439
-0.223311 0.126997 0.966439
0.254994 -0.0611097 -0.96501
0.254994 -0.0611098 -0.96501
-0.852482 0.456049 -0.255524
-0.852482 0.456049 -0.255524
-0.475596 -0.570586 0.669507
0.308031 -0.936517 0.16749
-0.137158 -0.703686 -0.697147
-0.920786 -0.337755 -0.195129
BONE = 5
BONE_NAME = Bip01-Spine1
PARENT_ID = 4
LOCALTM 
MAT 1.0 0.0 0.0 0.0
MAT 0.0 1.0 0.0 0.0
MAT 0.0 0.0 1.0 0.0
MAT 6.39989 4.76837e-007 -0.00509834 1.0
WORLDTM 
MAT 0.433283 0.901046 0.0195441 0.0
MAT -0.239312 0.0941163 0.96637 0.0
MAT 0.868905 -0.423389 0.25641 0.0
MAT -2.57106 61.2047 0.105883 1.0
VERTEX = 9
0.0287306 67.328 0.412032
0.463183 67.1163 0.540237
0.582839 67.0693 0.0570519
0.148387 67.281 -0.0711533
4.03164 75.0174 0.421603
4.07509 74.9963 0.434424
4.08705 74.9916 0.386105
4.04361 75.0127 0.373284
0.197464 66.9734 0.229656
INDEX = 14
4 5 7
6 7 5
1 2 5
6 5 2
0 1 4
5 4 1
7 6 3
2 3 6
4 7 0
3 0 7
8 1 0
8 2 1
8 3 2
8 0 3
FACE-NORMAL = 14
0.433283 0.901046 0.0195441
0.433283 0.901046 0.0195441
0.879862 -0.399852 0.256831
0.879862 -0.399852 0.256831
-0.227982 0.117479 0.966552
-0.227982 0.117479 0.966552
0.250481 -0.0706902 -0.965537
0.250481 -0.0706902 -0.965537
-0.857362 0.44664 -0.255817
-0.857362 0.44664 -0.255817
-0.475597 -0.570586 0.669507
0.308031 -0.936517 0.16749
-0.137158 -0.703686 -0.697147
-0.920786 -0.337755 -0.195129
BONE = 6
BONE_NAME = Bip01-Spine2
PARENT_ID = 5
LOCALTM 
MAT 1.0 0.0 0.0 0.0
MAT 0.0 1.0 0.0 0.0
MAT 0.0 0.0 1.0 0.0
MAT 6.39988 0.0 -0.00510025 1.0
WORLDTM 
MAT 0.433283 0.901046 0.0195441 0.0
MAT -0.239312 0.0941163 0.96637 0.0
MAT 0.868905 -0.423389 0.25641 0.0
MAT 0.197464 66.9734 0.229656 1.0
VERTEX = 9
4.52383 75.016 0.776463
4.95828 74.8043 0.904668
5.07793 74.7572 0.421483
4.64348 74.9689 0.293277
6.39798 78.2785 0.690012
6.44143 78.2573 0.702833
6.45339 78.2526 0.654514
6.40995 78.2737 0.641693
4.69256 74.6613 0.594087
INDEX = 14
4 5 7
6 7 5
1 2 5
6 5 2
0 1 4
5 4 1
7 6 3
2 3 6
4 7 0
3 0 7
8 1 0
8 2 1
8 3 2
8 0 3
FACE-NORMAL = 14
0.433283 0.901046 0.0195441
0.433283 0.901046 0.0195441
0.893295 -0.368663 0.257121
0.893295 -0.368663 0.257121
-0.212932 0.147913 0.965806
-0.212932 0.147913 0.965806
0.264833 -0.0399816 -0.963465
0.264833 -0.0399816 -0.963465
-0.841395 0.476594 -0.25478
-0.841395 0.476594 -0.25478
-0.475596 -0.570586 0.669507
0.308031 -0.936517 0.16749
-0.137158 -0.703686 -0.697147
-0.920786 -0.337755 -0.195129
BONE = 7
BONE_NAME = Bip01-Neck
PARENT_ID = 6
LOCALTM 
MAT 1.0 0.0 0.0 0.0
MAT 0.0 1.0 0.0 0.0
MAT 1.19209e-007 0.0 1.0 0.0
MAT 8.88195 1.90735e-006 0.744272 1.0
WORLDTM 
MAT 0.433283 0.901046 0.0195441 0.0
MAT -0.239312 0.0941163 0.966371 0.0
MAT 0.868905 -0.423389 0.25641 0.0
MAT 4.69256 74.6613 0.594087 1.0
VERTEX = 9
5.95954 77.5017 0.900844
6.23647 77.0854 0.901301
6.24152 77.0882 0.401334
5.9646 77.5045 0.400877
15.4536 83.5468 0.805756
15.4812 83.5052 0.805801
15.4817 83.5055 0.755805
15.4541 83.5471 0.755759
5.8924 77.1565 0.648207
INDEX = 14
4 5 7
6 7 5
1 2 5
6 5 2
0 1 4
5 4 1
7 6 3
2 3 6
4 7 0
3 0 7
8 1 0
8 2 1
8 3 2
8 0 3
FACE-NORMAL = 14
0.83255 0.553829 0.011527
0.83255 0.553829 0.011527
0.570393 -0.821371 0.00114543
0.570393 -0.821371 0.00114543
0.00654374 0.00545219 0.999964
0.00654374 0.00545219 0.999964
0.0267483 0.0166944 -0.999503
0.0267483 0.0166944 -0.999503
-0.537101 0.843518 -0.000684487
-0.537101 0.843518 -0.000684487
-0.595847 -0.395592 0.698909
-0.197066 -0.980362 -0.00750369
-0.581557 -0.387641 -0.71521
-0.980338 0.197128 -0.00879789
BONE = 8
BONE_NAME = Bip01-Head
PARENT_ID = 7
LOCALTM 
MAT 0.859981 -0.135976 0.491878 0.0
MAT 0.0100987 0.968195 0.249994 0.0
MAT -0.510226 -0.210023 0.834002 0.0
MAT 2.76918 -4.76837e-007 0.0 1.0
WORLDTM 
MAT 0.83255 0.553829 0.011527 0.0
MAT -0.0101043 -0.00562222 0.999934 0.0
MAT 0.553857 -0.832611 0.00091514 0.0
MAT 5.8924 77.1565 0.648207 1.0
VERTEX = 9
15.5348 83.8713 1.03342
15.8117 83.455 1.03387
15.8168 83.4578 0.533908
15.5398 83.8742 0.53345
18.7837 85.7621 0.851864
18.8114 85.7205 0.85191
18.8119 85.7208 0.801913
18.7843 85.7624 0.801867
15.4676 83.5261 0.78078
INDEX = 14
4 5 7
6 7 5
1 2 5
6 5 2
0 1 4
5 4 1
7 6 3
2 3 6
4 7 0
3 0 7
8 1 0
8 2 1
8 3 2
8 0 3
FACE-NORMAL = 14
0.83255 0.553829 0.011527
0.83255 0.553829 0.011527
0.602726 -0.797946 0.00160387
0.602726 -0.797946 0.00160387
0.0397771 0.027558 0.998828
0.0397771 0.027558 0.998828
0.0599495 0.0387822 -0.997448
0.0599495 0.0387822 -0.997448
-0.503 0.864287 -0.000223122
-0.503 0.864287 -0.000223122
-0.595847 -0.395592 0.698909
-0.197066 -0.980362 -0.00750369
-0.581557 -0.387641 -0.71521
-0.980338 0.197128 -0.00879789
BONE = 9
BONE_NAME = Bip01-HeadNub
PARENT_ID = 8
LOCALTM 
MAT 1.0 0.0 0.0 0.0
MAT 0.0 1.0 0.0 0.0
MAT 0.0 0.0 1.0 0.0
MAT 11.5011 3.8743e-007 -3.8147e-006 1.0
WORLDTM 
MAT 0.83255 0.553829 0.011527 0.0
MAT -0.0101043 -0.00562222 0.999934 0.0
MAT 0.553857 -0.832611 0.00091514 0.0
MAT 15.4676 83.5261 0.78078 1.0
VERTEX = 9
8.99235 78.212 0.957128
8.71574 78.6285 0.956297
8.29925 78.3519 0.950533
8.57586 77.9354 0.951364
8.6149 78.2438 7.18312
8.58724 78.2855 7.18304
8.54559 78.2578 7.18246
8.57326 78.2162 7.18254
8.64843 78.2832 0.703847
INDEX = 14
4 5 7
6 7 5
1 2 5
6 5 2
0 1 4
5 4 1
7 6 3
2 3 6
4 7 0
3 0 7
8 1 0
8 2 1
8 3 2
8 0 3
FACE-NORMAL = 14
-0.0105227 -0.00499226 0.999932
-0.0105227 -0.00499226 0.999932
-0.553237 0.832312 0.0344317
-0.553237 0.832312 0.0344317
0.832048 0.552656 0.0476134
0.832048 0.552656 0.0476134
-0.832808 -0.553017 0.024573
-0.832808 -0.553017 0.024573
0.552477 -0.832673 0.0377547
0.552477 -0.832673 0.0377547
0.59644 0.394699 -0.698908
-0.383743 0.592575 -0.708234
-0.581559 -0.387639 -0.71521
0.398624 -0.585515 -0.705883
BONE = 10
BONE_NAME = Box_head
PARENT_ID = 8
LOCALTM 
MAT 5.36907e-007 1.0 -0.000756244 0.0
MAT 1.0 0.0 0.000759363 0.0
MAT 0.000759214 -0.000756243 -1.0 0.0
MAT 2.91917 0.0214539 0.588421 1.0
WORLDTM 
MAT -0.0105227 -0.00499226 0.999933 0.0
MAT 0.832971 0.553197 0.0115277 0.0
MAT -0.553217 0.833035 -0.00166258 0.0
MAT 8.64843 78.2832 0.703847 1.0
VERTEX = 9
7.99318 71.5003 0.90953
8.25588 71.9257 0.914418
7.83048 72.1885 0.911253
7.56778 71.7631 0.906365
7.88051 71.7913 4.66005
7.90678 71.8338 4.66054
7.86424 71.8601 4.66022
7.83797 71.8175 4.65974
7.91446 71.8456 0.660408
INDEX = 14
4 5 7
6 7 5
1 2 5
6 5 2
0 1 4
5 4 1
7 6 3
2 3 6
4 7 0
3 0 7
8 1 0
8 2 1
8 3 2
8 0 3
FACE-NORMAL = 14
-0.0105225 -0.00499179 0.999932
-0.0105225 -0.00499179 0.999932
0.523819 0.848978 0.069647
0.523819 0.848978 0.069647
0.848638 -0.524815 0.0662067
0.848638 -0.524815 0.0662067
-0.849898 0.524217 0.0535698
-0.849898 0.524217 0.0535698
-0.525079 -0.849576 0.0501295
-0.52508 -0.849576 0.0501295
0.609043 -0.368026 -0.702583
0.378949 0.605139 -0.700146
-0.594162 0.375086 -0.711535
-0.364068 -0.598079 -0.713972
BONE = 11
BONE_NAME = Box_lips
PARENT_ID = 10
LOCALTM 
MAT 1.0 4.76371e-007 2.45869e-007 0.0
MAT 0.0 0.418077 -0.908412 0.0
MAT -5.34113e-007 0.908411 0.418077 0.0
MAT -0.00357386 -4.1731 -4.95657 1.0
WORLDTM 
MAT -0.0105225 -0.00499179 0.999933 0.0
MAT 0.850795 -0.52546 0.00632981 0.0
MAT 0.525392 0.850804 0.00977628 0.0
MAT 7.91446 71.8456 0.660408 1.0
VERTEX = 9
18.7883 86.9628 0.597573
18.7883 86.9628 1.09757
18.7883 86.4628 1.09757
18.7883 86.4628 0.597573
22.5383 86.7378 0.822573
22.5383 86.7378 0.872573
22.5383 86.6878 0.872573
22.5383 86.6878 0.822573
18.5383 86.7128 0.847574
INDEX = 14
4 5 7
6 7 5
1 2 5
6 5 2
0 1 4
5 4 1
7 6 3
2 3 6
4 7 0
3 0 7
8 1 0
8 2 1
8 3 2
8 0 3
FACE-NORMAL = 14
1.0 1.88127e-007 0.0
1.0 1.88127e-007 0.0
0.0598922 -2.01158e-007 0.998205
0.0598922 -2.01158e-007 0.998205
0.059892 0.998205 3.53752e-007
0.0598921 0.998205 3.53752e-007
0.0598926 -0.998205 -3.58593e-007
0.0598926 -0.998205 -3.58593e-007
0.0598924 2.23692e-007 -0.998205
0.0598924 2.23692e-007 -0.998205
-0.707107 0.707107 2.8088e-007
-0.707107 -2.83503e-007 0.707107
-0.707107 -0.707107 -2.2373e-007
-0.707107 0.0 -0.707107
BONE = 12
BONE_NAME = FxTop
PARENT_ID = 8
LOCALTM 
MAT 0.83255 -0.0101043 0.553857 0.0
MAT 0.553829 -0.00562203 -0.832611 0.0
MAT 0.0115267 0.999933 0.000915431 0.0
MAT 15.8232 0.0178456 -0.952511 1.0
WORLDTM 
MAT 1.0 1.88127e-007 0.0 0.0
MAT -2.66358e-007 1.0 3.56813e-007 0.0
MAT 0.0 -2.12807e-007 1.0 0.0
MAT 18.5383 86.7128 0.847574 1.0
VERTEX = 9
-5.63685 74.0669 18.2872
-6.05736 74.2725 18.1114
-6.27773 73.8236 18.1137
-5.85722 73.6181 18.2895
-7.73769 74.8747 23.6165
-7.77974 74.8952 23.599
-7.80178 74.8503 23.5992
-7.75973 74.8298 23.6168
-5.87885 73.9056 17.9664
INDEX = 14
4 5 7
6 7 5
1 2 5
6 5 2
0 1 4
5 4 1
7 6 3
2 3 6
4 7 0
3 0 7
8 1 0
8 2 1
8 3 2
8 0 3
FACE-NORMAL = 14
-0.313768 0.158794 0.936127
-0.313768 0.158794 0.936127
-0.852586 0.417034 -0.31493
-0.852586 0.417034 -0.31493
0.428193 0.903124 0.0319027
0.428193 0.903124 0.0319027
-0.452618 -0.890763 0.0409694
-0.452618 -0.890763 0.0409694
0.828161 -0.404673 0.387802
0.828161 -0.404673 0.387802
0.533517 0.522432 -0.66515
-0.372817 0.178453 -0.910583
-0.0897828 -0.747 -0.658734
0.816551 -0.403022 -0.4133
BONE = 13
BONE_NAME = Bip01-L-Clavicle
PARENT_ID = 6
LOCALTM 
MAT 0.0254261 0.994679 -0.0998331 0.0
MAT 0.999676 -0.0253777 0.00175399 0.0
MAT -0.000788987 -0.0998453 -0.995003 0.0
MAT 3.96008 19.2468 -3.66685 1.0
WORLDTM 
MAT -0.313768 0.158794 0.936127 0.0
MAT 0.44074 0.897623 -0.00453679 0.0
MAT -0.84101 0.411165 -0.351632 0.0
MAT -5.87885 73.9056 17.9664 1.0
VERTEX = 9
-8.09007 74.6766 23.3836
-7.63119 74.487 23.4426
-7.64731 74.5997 23.9295
-8.10619 74.7893 23.8704
-12.8666 63.3597 26.0762
-12.8207 63.3408 26.0821
-12.8223 63.352 26.1308
-12.8682 63.371 26.1249
-7.76974 74.8625 23.6079
INDEX = 14
4 5 7
6 7 5
1 2 5
6 5 2
0 1 4
5 4 1
7 6 3
2 3 6
4 7 0
3 0 7
8 1 0
8 2 1
8 3 2
8 0 3
FACE-NORMAL = 14
-0.395809 -0.897467 0.194648
-0.395809 -0.897467 0.194648
0.910537 -0.395134 0.121624
0.910537 -0.395134 0.121624
0.0251586 -0.241434 -0.970091
0.0251586 -0.241434 -0.970091
-0.0393247 0.209313 0.977058
-0.0393247 0.209313 0.977058
-0.924703 0.363013 -0.114657
-0.924703 0.363013 -0.114657
0.302681 0.475217 -0.826168
0.928838 0.366517 -0.0540853
0.257077 0.793994 0.550895
-0.36908 0.902694 -0.221188
BONE = 14
BONE_NAME = Bip01-L-UpperArm
PARENT_ID = 13
LOCALTM 
MAT 0.163895 -0.980919 -0.104572 0.0
MAT -0.957447 -0.183703 0.222594 0.0
MAT -0.237557 0.0636404 -0.969286 0.0
MAT 6.02639 -7.62939e-006 -1.90735e-006 1.0
WORLDTM 
MAT -0.395809 -0.897467 0.194648 0.0
MAT 0.0322468 -0.22541 -0.97373 0.0
MAT 0.917766 -0.379134 0.118159 0.0
MAT -7.76974 74.8625 23.6079 1.0
VERTEX = 9
-13.0433 63.0188 25.9182
-12.5499 63.1 25.9157
-12.5661 63.2127 26.4026
-13.0594 63.1315 26.4051
-10.944 51.7379 28.8302
-10.8947 51.746 28.83
-10.8963 51.7572 28.8787
-10.9456 51.7491 28.8789
-12.8445 63.3559 26.1035
INDEX = 14
4 5 7
6 7 5
1 2 5
6 5 2
0 1 4
5 4 1
7 6 3
2 3 6
4 7 0
3 0 7
8 1 0
8 2 1
8 3 2
8 0 3
FACE-NORMAL = 14
0.159245 -0.960633 0.227651
0.159245 -0.960633 0.227651
0.989561 0.144112 -0.000589795
0.989561 0.144112 -0.000589794
0.0352682 -0.24363 -0.969227
0.0352682 -0.24363 -0.969227
-0.0292138 0.207108 0.977882
-0.0292138 0.207108 0.977882
-0.983507 -0.180635 0.00924487
-0.983507 -0.180635 0.00924487
-0.0898013 0.519881 -0.849505
0.585108 0.794106 -0.164452
-0.135405 0.838659 0.527557
-0.810314 0.564434 -0.157496
BONE = 15
BONE_NAME = Bip01-L-Forearm
PARENT_ID = 14
LOCALTM 
MAT 0.843418 0.0 0.537258 0.0
MAT 0.0 1.0 0.0 0.0
MAT -0.537258 0.0 0.843418 0.0
MAT 12.8212 3.8147e-006 3.8147e-006 1.0
WORLDTM 
MAT 0.159245 -0.960633 0.227651 0.0
MAT 0.0322468 -0.22541 -0.97373 0.0
MAT 0.986712 0.162403 -0.00491822 0.0
MAT -12.8445 63.3559 26.1035 1.0
VERTEX = 9
-10.9543 51.5753 29.2502
-11.2192 51.4344 28.8503
-10.8033 51.4401 28.5728
-10.5384 51.581 28.9727
-8.42129 37.2171 32.3475
-8.44778 37.203 32.3075
-8.40619 37.2036 32.2797
-8.3797 37.2177 32.3197
-10.9202 51.7475 28.8544
INDEX = 14
4 5 7
6 7 5
1 2 5
6 5 2
0 1 4
5 4 1
7 6 3
2 3 6
4 7 0
3 0 7
8 1 0
8 2 1
8 3 2
8 0 3
FACE-NORMAL = 14
0.16542 -0.959435 0.2283
0.16542 -0.959435 0.2283
-0.527337 -0.296155 -0.796372
-0.527337 -0.296155 -0.796372
-0.829181 -0.0258289 0.558383
-0.829181 -0.0258289 0.558383
0.834176 -0.00314047 -0.551489
0.834176 -0.00314047 -0.551489
0.532332 0.267185 0.803265
0.532332 0.267185 0.803265
-0.705122 0.6704 0.231011
-0.491662 0.47923 -0.727054
0.471183 0.686445 -0.553876
0.257723 0.877616 0.404189
BONE = 16
BONE_NAME = Bip01-L-Hand
PARENT_ID = 15
LOCALTM 
MAT 0.99998 -0.000702828 0.00628385 0.0
MAT 0.00478921 -0.564684 -0.825294 0.0
MAT 0.00412837 0.825307 -0.564669 0.0
MAT 12.0841 0.0 1.90735e-006 1.0
WORLDTM 
MAT 0.16542 -0.959435 0.2283 0.0
MAT -0.831774 -0.0113455 0.554999 0.0
MAT -0.529895 -0.281702 -0.799909 0.0
MAT -10.9202 51.7475 28.8544 1.0
VERTEX = 9
-8.29189 37.0999 32.8969
-8.5565 36.959 32.4967
-8.14471 36.9872 32.2145
-7.8801 37.128 32.6147
-4.821 21.0654 35.9642
-4.84746 21.0513 35.9241
-4.80628 21.0541 35.8959
-4.77982 21.0682 35.9359
-8.26931 37.283 32.5052
INDEX = 14
4 5 7
6 7 5
1 2 5
6 5 2
0 1 4
5 4 1
7 6 3
2 3 6
4 7 0
3 0 7
8 1 0
8 2 1
8 3 2
8 0 3
FACE-NORMAL = 14
0.20403 -0.957853 0.202212
0.20403 -0.957853 0.202212
-0.526434 -0.294581 -0.797552
-0.526434 -0.294581 -0.797552
-0.820755 -0.0691872 0.567076
-0.820755 -0.0691872 0.567076
0.826256 0.0433592 -0.561623
0.826256 0.0433592 -0.561623
0.531935 0.268753 0.803005
0.531935 0.268753 0.803005
-0.72663 0.637509 0.256106
-0.518495 0.478117 -0.70892
0.438088 0.717099 -0.542077
0.229953 0.876491 0.422948
BONE = 17
BONE_NAME = Bip01-L-Finger0
PARENT_ID = 16
LOCALTM 
MAT 0.998913 -0.0466119 -3.70145e-005 0.0
MAT 0.0466119 0.998913 0.000795409 0.0
MAT 0.0 -0.000796302 1.0 0.0
MAT 15.1498 -0.0146484 -0.250221 1.0
WORLDTM 
MAT 0.20403 -0.957853 0.202212 0.0
MAT -0.82358 -0.0562783 0.564401 0.0
MAT -0.529232 -0.281693 -0.800351 0.0
MAT -8.26931 37.283 32.5052 1.0
VERTEX = 9
-4.83622 20.8767 36.3218
-5.10084 20.7358 35.9216
-4.68905 20.764 35.6394
-4.42443 20.9048 36.0396
-4.00488 17.234 36.773
-4.03134 17.2199 36.733
-3.99016 17.2227 36.7048
-3.9637 17.2368 36.7448
-4.81364 21.0598 35.93
INDEX = 14
4 5 7
6 7 5
1 2 5
6 5 2
0 1 4
5 4 1
7 6 3
2 3 6
4 7 0
3 0 7
8 1 0
8 2 1
8 3 2
8 0 3
FACE-NORMAL = 14
0.20403 -0.957853 0.202212
0.20403 -0.957853 0.202212
-0.516063 -0.338555 -0.786804
-0.516062 -0.338555 -0.786804
-0.809882 -0.113545 0.575499
-0.809882 -0.113545 0.575499
0.834322 -0.00119071 -0.551277
0.834322 -0.00119071 -0.551277
0.540502 0.223819 0.811026
0.540502 0.223819 0.811026
-0.72663 0.637509 0.256106
-0.518495 0.478117 -0.70892
0.438088 0.717099 -0.542077
0.229953 0.876491 0.422948
BONE = 18
BONE_NAME = Bip01-L-Finger0Nub
PARENT_ID = 17
LOCALTM 
MAT 1.0 0.0 0.0 0.0
MAT 0.0 1.0 0.0 0.0
MAT 0.0 0.0 1.0 0.0
MAT 16.9371 3.8147e-006 3.8147e-006 1.0
WORLDTM 
MAT 0.20403 -0.957853 0.202212 0.0
MAT -0.82358 -0.0562783 0.564401 0.0
MAT -0.529232 -0.281693 -0.800351 0.0
MAT -4.81364 21.0598 35.93 1.0
VERTEX = 9
-5.28385 23.0863 35.6077
-5.37168 23.5678 35.5055
-5.78574 23.5517 35.7853
-5.69791 23.0702 35.8875
-3.5135 24.2993 38.6993
-3.52228 24.3475 38.6891
-3.56369 24.3459 38.7171
-3.5549 24.2977 38.7273
-5.66788 23.2521 35.4957
INDEX = 14
4 5 7
6 7 5
1 2 5
6 5 2
0 1 4
5 4 1
7 6 3
2 3 6
4 7 0
3 0 7
8 1 0
8 2 1
8 3 2
8 0 3
FACE-NORMAL = 14
0.532321 0.267628 0.803125
0.532321 0.267628 0.803125
-0.143459 0.977283 -0.156003
-0.143459 0.977283 -0.156003
0.858513 0.0482007 -0.510521
0.858513 0.0482007 -0.510522
-0.794749 -0.016143 0.606723
-0.794749 -0.016143 0.606723
0.207223 -0.945225 0.252205
0.207223 -0.945225 0.252205
0.20916 -0.166452 -0.963611
-0.500616 0.49169 -0.712478
-0.961976 -0.212032 -0.172179
-0.2522 -0.870174 -0.423312
BONE = 19
BONE_NAME = Box_water
PARENT_ID = 17
LOCALTM 
MAT 0.0146627 -0.000186542 -0.999893 0.0
MAT 0.0249262 -0.999689 0.000552097 0.0
MAT -0.999582 -0.0249316 -0.0146534 0.0
MAT 14.575 0.33503 0.182138 1.0
WORLDTM 
MAT 0.532321 0.267628 0.803125 0.0
MAT 0.828118 0.0322297 -0.559627 0.0
MAT -0.175656 0.962983 -0.204471 0.0
MAT -5.66788 23.2521 35.4957 1.0
VERTEX = 9
-0.703979 40.9709 43.2101
-1.11595 40.9661 43.4934
-1.38608 40.822 43.0981
-0.974105 40.8268 42.8148
-0.369731 37.3132 44.0303
-0.410929 37.3127 44.0586
-0.437941 37.2983 44.0191
-0.396744 37.2988 43.9908
-1.08778 41.1358 43.096
INDEX = 14
4 5 7
6 7 5
1 2 5
6 5 2
0 1 4
5 4 1
7 6 3
2 3 6
4 7 0
3 0 7
8 1 0
8 2 1
8 3 2
8 0 3
FACE-NORMAL = 14
0.170985 -0.957529 0.232168
0.170985 -0.957529 0.232168
-0.812229 -0.0670866 0.579468
-0.812229 -0.0670866 0.579468
0.549523 0.230305 0.803109
0.549523 0.230305 0.803109
-0.529041 -0.345002 -0.775299
-0.529041 -0.345002 -0.775299
0.83271 -0.0476107 -0.551658
0.83271 -0.0476106 -0.551658
0.261111 0.880843 0.394888
-0.703524 0.670177 0.236466
-0.50292 0.473308 -0.723222
0.461715 0.683974 -0.5648
BONE = 20
BONE_NAME = Box_water_pump
PARENT_ID = 16
LOCALTM 
MAT 0.999975 -0.00250422 -0.00657922 0.0
MAT -0.00661322 -0.0138418 -0.999883 0.0
MAT 0.00241284 0.999901 -0.0138581 0.0
MAT 15.0591 -0.153851 -13.6128 1.0
WORLDTM 
MAT 0.170985 -0.957529 0.232168 0.0
MAT 0.540252 0.288171 0.790623 0.0
MAT -0.823949 -0.00975549 0.56658 0.0
MAT -1.08778 41.1358 43.096 1.0
VERTEX = 9
5.72426 37.7526 22.9274
5.72426 37.7526 23.4274
5.72426 37.2526 23.4274
5.72426 37.2526 22.9274
9.47426 37.5276 23.1524
9.47426 37.5276 23.2024
9.47426 37.4776 23.2024
9.47426 37.4776 23.1524
5.47426 37.5026 23.1774
INDEX = 14
4 5 7
6 7 5
1 2 5
6 5 2
0 1 4
5 4 1
7 6 3
2 3 6
4 7 0
3 0 7
8 1 0
8 2 1
8 3 2
8 0 3
FACE-NORMAL = 14
1.0 -3.94881e-006 3.34036e-006
1.0 -3.94881e-006 3.34036e-006
0.0598886 -5.52468e-007 0.998205
0.0598886 -5.52468e-007 0.998205
0.0598964 0.998205 5.66345e-007
0.0598964 0.998205 5.66345e-007
0.0598882 -0.998205 -1.6622e-007
0.0598882 -0.998205 -1.6622e-007
0.059896 0.0 -0.998205
0.059896 0.0 -0.998205
-0.707104 0.70711 -2.10253e-006
-0.707109 2.56841e-006 0.707104
-0.70711 -0.707104 -2.62146e-006
-0.707104 3.01605e-006 -0.707109
BONE = 21
BONE_NAME = FxHand00
PARENT_ID = 16
LOCALTM 
MAT 0.165424 -0.831772 -0.529897 0.0
MAT -0.959434 -0.0113488 -0.281704 0.0
MAT 0.2283 0.555002 -0.799907 0.0
MAT 15.083 -16.6256 -0.133408 1.0
WORLDTM 
MAT 1.0 -3.94881e-006 3.34036e-006 0.0
MAT 4.11272e-006 1.0 3.66941e-007 0.0
MAT -3.72273e-006 -3.16533e-007 1.0 0.0
MAT 5.47426 37.5026 23.1774 1.0
VERTEX = 9
-13.0433 63.0188 25.9182
-12.5499 63.1 25.9157
-12.5661 63.2127 26.4026
-13.0594 63.1315 26.4051
-12.2314 59.5037 26.9899
-12.182 59.5118 26.9896
-12.1836 59.5231 27.0383
-12.233 59.5149 27.0386
-12.8445 63.3559 26.1035
INDEX = 14
4 5 7
6 7 5
1 2 5
6 5 2
0 1 4
5 4 1
7 6 3
2 3 6
4 7 0
3 0 7
8 1 0
8 2 1
8 3 2
8 0 3
FACE-NORMAL = 14
0.159245 -0.960633 0.227651
0.159245 -0.960633 0.227651
0.994479 0.104577 0.00872535
0.994479 0.104577 0.00872536
0.0417267 -0.28254 -0.958348
0.0417267 -0.28254 -0.958348
-0.0226516 0.16747 0.985617
-0.0226516 0.16747 0.985617
-0.975403 -0.219646 0.0185438
-0.975403 -0.219646 0.0185438
-0.0898012 0.519882 -0.849505
0.585108 0.794106 -0.164451
-0.135405 0.838659 0.527557
-0.810314 0.564434 -0.157496
BONE = 22
BONE_NAME = Box_L_Forearm
PARENT_ID = 15
LOCALTM 
MAT 1.0 0.0 0.0 0.0
MAT 0.0 1.0 1.82539e-007 0.0
MAT 0.0 -1.86265e-007 1.0 0.0
MAT 0.0 -3.8147e-006 0.0 1.0
WORLDTM 
MAT 0.159245 -0.960633 0.227651 0.0
MAT 0.032247 -0.22541 -0.97373 0.0
MAT 0.986712 0.162403 -0.00491804 0.0
MAT -12.8445 63.3559 26.1035 1.0
VERTEX = 9
3.55899 69.9058 -19.3141
3.21518 70.0777 -19.6339
3.42396 70.5316 -19.6144
3.76778 70.3597 -19.2946
6.92925 68.7994 -23.8841
6.89487 68.8166 -23.9161
6.91575 68.862 -23.9141
6.95013 68.8448 -23.8822
3.34298 70.2788 -19.2723
INDEX = 14
4 5 7
6 7 5
1 2 5
6 5 2
0 1 4
5 4 1
7 6 3
2 3 6
4 7 0
3 0 7
8 1 0
8 2 1
8 3 2
8 0 3
FACE-NORMAL = 14
0.593974 -0.24029 -0.76776
0.593974 -0.24029 -0.76776
-0.663983 0.334111 -0.668952
-0.663983 0.334111 -0.668952
-0.394141 -0.916472 -0.0687878
-0.394141 -0.916472 -0.0687878
0.440379 0.897767 0.00902206
0.440379 0.897767 0.00902206
0.71022 -0.352817 0.609186
0.71022 -0.352817 0.609186
-0.715274 -0.472006 0.515358
-0.906226 0.412961 0.090656
-0.124732 0.811827 0.570419
0.0662198 -0.0731391 0.995121
BONE = 23
BONE_NAME = Bip01-R-Clavicle
PARENT_ID = 6
LOCALTM 
MAT 0.025841 -0.906701 0.420981 0.0
MAT -0.999666 -0.0231333 0.011538 0.0
MAT -0.000722855 -0.421139 -0.906996 0.0
MAT 3.96003 -19.2878 -3.66679 1.0
WORLDTM 
MAT 0.593974 -0.24029 -0.76776 0.0
MAT -0.417576 -0.907807 -0.0389344 0.0
MAT -0.687623 0.343724 -0.639553 0.0
MAT 3.34298 70.2788 -19.2723 1.0
VERTEX = 9
7.03505 68.5293 -24.189
7.35398 68.7965 -23.9117
7.0697 68.717 -23.5081
6.75077 68.4498 -23.7854
13.5683 58.1977 -21.3438
13.6002 58.2244 -21.316
13.5718 58.2164 -21.2757
13.5399 58.1897 -21.3034
6.92251 68.8307 -23.8991
INDEX = 14
4 5 7
6 7 5
1 2 5
6 5 2
0 1 4
5 4 1
7 6 3
2 3 6
4 7 0
3 0 7
8 1 0
8 2 1
8 3 2
8 0 3
FACE-NORMAL = 14
0.519471 -0.830184 0.202347
0.519471 -0.830184 0.202347
0.647087 0.519351 0.558169
0.647087 0.519351 0.558169
0.577786 0.144131 -0.803361
0.577787 0.144131 -0.803361
-0.559158 -0.173902 0.810617
-0.559158 -0.173902 0.810617
-0.628458 -0.549122 -0.550913
-0.628458 -0.549122 -0.550913
0.0347136 0.699488 -0.7138
0.0837242 0.964852 0.249102
-0.769357 0.474569 0.427638
-0.818368 0.209206 -0.535264
BONE = 24
BONE_NAME = Bip01-R-UpperArm
PARENT_ID = 23
LOCALTM 
MAT 0.352683 0.52885 -0.771967 0.0
MAT 0.919169 -0.350374 0.179905 0.0
MAT -0.175334 -0.773018 -0.609673 0.0
MAT 6.02639 -7.62939e-006 0.0 1.0
WORLDTM 
MAT 0.519471 -0.830184 0.202347 0.0
MAT 0.568564 0.159042 -0.807119 0.0
MAT 0.637875 0.534322 0.55463 0.0
MAT 6.92251 68.8307 -23.8991 1.0
VERTEX = 9
13.8669 57.9324 -21.4645
13.9585 58.3984 -21.3081
13.6742 58.3189 -20.9046
13.5826 57.8529 -21.0609
23.2702 54.2523 -15.2868
23.2794 54.2989 -15.2712
23.2509 54.291 -15.2308
23.2418 54.2444 -15.2465
13.57 58.207 -21.3097
INDEX = 14
4 5 7
6 7 5
1 2 5
6 5 2
0 1 4
5 4 1
7 6 3
2 3 6
4 7 0
3 0 7
8 1 0
8 2 1
8 3 2
8 0 3
FACE-NORMAL = 14
0.801975 -0.325688 0.500763
0.801975 -0.325688 0.500763
0.19844 0.925645 0.322186
0.19844 0.925645 0.322186
0.583707 0.152822 -0.797453
0.583707 0.152822 -0.797453
-0.553215 -0.165205 0.816493
-0.553215 -0.165205 0.816493
-0.167947 -0.938028 -0.303146
-0.167947 -0.938028 -0.303146
-0.165046 0.342756 -0.924812
-0.437521 0.889323 -0.132965
-0.969117 0.117836 0.216626
-0.696642 -0.428731 -0.575221
BONE = 25
BONE_NAME = Bip01-R-Forearm
PARENT_ID = 24
LOCALTM 
MAT 0.788312 0.0 0.615276 0.0
MAT 0.0 1.0 0.0 0.0
MAT -0.615276 0.0 0.788312 0.0
MAT 12.7967 0.0 -1.90735e-006 1.0
WORLDTM 
MAT 0.801975 -0.325688 0.500763 0.0
MAT 0.568564 0.159042 -0.807119 0.0
MAT 0.183227 0.932005 0.312722 0.0
MAT 13.57 58.207 -21.3097 1.0
VERTEX = 9
23.2598 54.1227 -14.8522
23.4054 53.8636 -15.2543
23.6639 54.2598 -15.4161
23.5183 54.519 -15.014
40.5172 47.3653 -4.52789
40.5318 47.3393 -4.56809
40.5576 47.379 -4.58427
40.5431 47.4049 -4.54407
23.2606 54.2716 -15.2588
INDEX = 14
4 5 7
6 7 5
1 2 5
6 5 2
0 1 4
5 4 1
7 6 3
2 3 6
4 7 0
3 0 7
8 1 0
8 2 1
8 3 2
8 0 3
FACE-NORMAL = 14
0.804975 -0.321468 0.498671
0.804975 -0.321468 0.498671
0.299678 -0.521673 -0.79878
0.299677 -0.521673 -0.79878
-0.508388 -0.795849 0.328886
-0.508388 -0.795849 0.328886
0.525464 0.789029 -0.318308
0.525464 0.789029 -0.318308
-0.282602 0.514854 0.809359
-0.282602 0.514854 0.809359
-0.934746 -0.333058 -0.123783
-0.363325 -0.139176 -0.921208
-0.203661 0.787683 -0.581444
-0.775082 0.593801 0.215981
BONE = 26
BONE_NAME = Bip01-R-Hand
PARENT_ID = 25
LOCALTM 
MAT 0.999984 0.00406616 0.00382811 0.0
MAT 0.00557241 -0.681157 -0.732117 0.0
MAT -0.00036937 0.732126 -0.681169 0.0
MAT 12.0834 7.62939e-006 7.62939e-006 1.0
WORLDTM 
MAT 0.804975 -0.321468 0.498671 0.0
MAT -0.516955 -0.792484 0.323616 0.0
MAT 0.291156 -0.518293 -0.804115 0.0
MAT 23.2606 54.2716 -15.2588 1.0
VERTEX = 9
39.8987 47.5724 -3.91821
40.041 47.3082 -4.31816
40.4403 47.1427 -4.06687
40.2981 47.4069 -3.66692
36.2952 41.7063 -1.60557
36.3094 41.6799 -1.64557
36.3493 41.6634 -1.62044
36.3351 41.6898 -1.58044
40.3021 47.553 -4.07453
INDEX = 14
4 5 7
6 7 5
1 2 5
6 5 2
0 1 4
5 4 1
7 6 3
2 3 6
4 7 0
3 0 7
8 1 0
8 2 1
8 3 2
8 0 3
FACE-NORMAL = 14
-0.530253 -0.781841 0.32796
-0.530253 -0.781841 0.32796
0.267861 -0.552422 -0.789355
0.267861 -0.552422 -0.789355
-0.814757 0.306476 -0.492183
-0.814757 0.306476 -0.492183
0.781886 -0.354943 0.512513
0.781886 -0.354943 0.512513
-0.300732 0.503955 0.809685
-0.300732 0.503954 0.809685
-0.189825 0.786804 -0.587287
0.57607 0.17918 -0.79752
0.939715 0.318885 0.123482
0.173821 0.92651 0.333715
BONE = 27
BONE_NAME = Bip01-R-Finger0
PARENT_ID = 26
LOCALTM 
MAT -0.0119592 0.999846 -0.0128808 0.0
MAT -0.999929 -0.0119592 0.000104293 0.0
MAT -4.96954e-005 0.0128811 0.999917 0.0
MAT 21.4551 0.134125 -0.549496 1.0
WORLDTM 
MAT -0.530253 -0.781841 0.32796 0.0
MAT -0.798705 0.330869 -0.502589 0.0
MAT 0.284433 -0.528442 -0.799904 0.0
MAT 40.3021 47.553 -4.07453 1.0
VERTEX = 9
36.3263 41.8311 -2.02054
36.1839 42.0951 -1.62047
36.5832 41.9297 -1.36918
36.7256 41.6657 -1.76924
38.4296 44.8087 -2.9552
38.4154 44.8351 -2.91519
38.4553 44.8186 -2.89007
38.4696 44.7922 -2.93007
36.3222 41.6848 -1.613
INDEX = 14
4 5 7
6 7 5
1 2 5
6 5 2
0 1 4
5 4 1
7 6 3
2 3 6
4 7 0
3 0 7
8 1 0
8 2 1
8 3 2
8 0 3
FACE-NORMAL = 14
0.530056 0.782205 -0.327407
0.530056 0.782205 -0.327407
-0.252541 0.573803 0.779085
-0.252541 0.573803 0.779085
-0.765525 0.377123 -0.521296
-0.765525 0.377123 -0.521296
0.829018 -0.283427 0.482078
0.829018 -0.283427 0.482078
0.316034 -0.480106 -0.818303
0.316034 -0.480107 -0.818303
-0.939576 -0.319143 -0.123873
-0.57619 -0.179819 0.79729
0.189964 -0.787062 0.586896
-0.173423 -0.926386 -0.334266
BONE = 28
BONE_NAME = Bip01-R-Finger0Nub
PARENT_ID = 27
LOCALTM 
MAT -1.0 0.0 -0.00069043 0.0
MAT 0.0 1.0 0.0 0.0
MAT 0.00069046 0.0 -1.0 0.0
MAT 7.50558 -1.90735e-006 9.53674e-007 1.0
WORLDTM 
MAT 0.530056 0.782205 -0.327407 0.0
MAT -0.798705 0.330869 -0.502589 0.0
MAT -0.284799 0.527902 0.800131 0.0
MAT 36.3222 41.6848 -1.613 1.0
VERTEX = 9
40.3448 47.9559 -4.47939
40.3448 47.9559 -3.97939
40.3448 47.4559 -3.97939
40.3448 47.4559 -4.47939
44.0948 47.7309 -4.25439
44.0948 47.7309 -4.20439
44.0948 47.6809 -4.20439
44.0948 47.6809 -4.25439
40.0948 47.7059 -4.22939
INDEX = 14
4 5 7
6 7 5
1 2 5
6 5 2
0 1 4
5 4 1
7 6 3
2 3 6
4 7 0
3 0 7
8 1 0
8 2 1
8 3 2
8 0 3
FACE-NORMAL = 14
1.0 1.2666e-006 3.09199e-007
1.0 1.2666e-006 3.09199e-007
0.059892 2.98976e-007 0.998205
0.059892 2.98976e-007 0.998205
0.0598915 0.998205 -1.30226e-007
0.0598915 0.998205 -1.30226e-007
0.0598931 -0.998205 1.67263e-007
0.0598931 -0.998205 1.67263e-007
0.0598925 -1.47257e-007 -0.998205
0.0598925 -1.47257e-007 -0.998205
-0.707108 0.707106 -3.24004e-007
-0.707107 -7.3757e-007 0.707107
-0.707106 -0.707108 0.0
-0.707107 -1.05367e-006 -0.707107
BONE = 29
BONE_NAME = FxHand01
PARENT_ID = 26
LOCALTM 
MAT 0.804975 -0.516956 0.291155 0.0
MAT -0.321469 -0.792483 -0.518293 0.0
MAT 0.49867 0.323616 -0.804115 0.0
MAT 21.1619 0.0699997 -0.564548 1.0
WORLDTM 
MAT 1.0 1.2666e-006 3.09199e-007 0.0
MAT -8.34465e-007 1.0 -1.49012e-007 0.0
MAT -2.55182e-007 2.23517e-007 1.0 0.0
MAT 40.0948 47.7059 -4.22939 1.0
VERTEX = 9
39.8987 47.5724 -3.91822
40.041 47.3082 -4.31817
40.4403 47.1427 -4.06688
40.2981 47.4069 -3.66692
38.154 44.4471 -2.75526
38.1682 44.4207 -2.79526
38.2082 44.4042 -2.77013
38.1939 44.4306 -2.73013
40.3021 47.553 -4.07454
INDEX = 14
4 5 7
6 7 5
1 2 5
6 5 2
0 1 4
5 4 1
7 6 3
2 3 6
4 7 0
3 0 7
8 1 0
8 2 1
8 3 2
8 0 3
FACE-NORMAL = 14
-0.530253 -0.78184 0.32796
-0.530253 -0.78184 0.32796
0.252161 -0.574319 -0.778828
0.252161 -0.574319 -0.778828
-0.82903 0.283451 -0.482042
-0.82903 0.283451 -0.482042
0.765514 -0.377104 0.521326
0.765514 -0.377104 0.521326
-0.315677 0.480666 0.818113
-0.315677 0.480666 0.818113
-0.189825 0.786806 -0.587284
0.576067 0.17918 -0.797522
0.939716 0.318883 0.123479
0.173824 0.926509 0.333717
BONE = 30
BONE_NAME = Bip01-R-Finger1
PARENT_ID = 26
LOCALTM 
MAT -0.0119598 0.999845 -0.0128812 0.0
MAT -0.999928 -0.0119595 9.99421e-005 0.0
MAT -5.41359e-005 0.0128815 0.999917 0.0
MAT 21.4551 0.134125 -0.549497 1.0
WORLDTM 
MAT -0.530253 -0.78184 0.32796 0.0
MAT -0.798706 0.330871 -0.502586 0.0
MAT 0.284429 -0.528441 -0.799906 0.0
MAT 40.3021 47.553 -4.07454 1.0
VERTEX = 9
13.8669 57.9324 -21.4645
13.9585 58.3984 -21.3081
13.6742 58.3189 -20.9046
13.5826 57.8529 -21.061
16.7876 56.885 -19.3347
16.7967 56.9316 -19.319
16.7683 56.9236 -19.2787
16.7592 56.877 -19.2943
13.5701 58.207 -21.3097
INDEX = 14
4 5 7
6 7 5
1 2 5
6 5 2
0 1 4
5 4 1
7 6 3
2 3 6
4 7 0
3 0 7
8 1 0
8 2 1
8 3 2
8 0 3
FACE-NORMAL = 14
0.801975 -0.325688 0.500764
0.801975 -0.325688 0.500764
0.23093 0.910825 0.342153
0.23093 0.910825 0.342153
0.615575 0.139251 -0.775678
0.615575 0.139251 -0.775678
-0.519511 -0.178263 0.835662
-0.519511 -0.178263 0.835662
-0.134865 -0.949838 -0.282169
-0.134865 -0.949838 -0.282169
-0.165047 0.342756 -0.924812
-0.437521 0.889323 -0.132965
-0.969117 0.117836 0.216626
-0.696642 -0.428731 -0.575221
BONE = 31
BONE_NAME = Box_R_Forearm
PARENT_ID = 25
LOCALTM 
MAT 1.0 0.0 0.0 0.0
MAT 0.0 1.0 2.23517e-007 0.0
MAT 0.0 -2.08616e-007 1.0 0.0
MAT 3.8147e-006 1.14441e-005 3.8147e-006 1.0
WORLDTM 
MAT 0.801975 -0.325688 0.500764 0.0
MAT 0.568564 0.159042 -0.807119 0.0
MAT 0.183226 0.932005 0.312723 0.0
MAT 13.5701 58.207 -21.3097 1.0
VERTEX = 9
-1.91649 70.3689 -0.347339
-2.2208 70.7494 -0.459754
-2.59905 70.4284 -0.522165
-2.29474 70.0479 -0.40975
-3.12107 70.7486 3.19788
-3.1515 70.7867 3.18664
-3.18933 70.7546 3.18039
-3.1589 70.7165 3.19164
-2.19794 70.3751 -0.676344
INDEX = 14
4 5 7
6 7 5
1 2 5
6 5 2
0 1 4
5 4 1
7 6 3
2 3 6
4 7 0
3 0 7
8 1 0
8 2 1
8 3 2
8 0 3
FACE-NORMAL = 14
-0.239314 0.0941169 0.96637
-0.239314 0.0941169 0.96637
-0.621865 0.765209 -0.166549
-0.621865 0.76521 -0.166549
0.740818 0.646445 0.182476
0.740818 0.646445 0.182476
-0.769484 -0.635172 -0.0667197
-0.769484 -0.635172 -0.0667197
0.593199 -0.753936 0.282305
0.593199 -0.753936 0.282305
0.704153 0.387384 -0.595064
-0.261142 0.471514 -0.842306
-0.365712 -0.520486 -0.771589
0.599583 -0.604616 -0.524347
BONE = 32
BONE_NAME = Box_back
PARENT_ID = 6
LOCALTM 
MAT -4.09782e-007 1.0 -2.13087e-006 0.0
MAT 0.908658 1.17347e-006 0.417541 0.0
MAT 0.41754 -1.80304e-006 -0.908659 0.0
MAT 2.00951 0.0178752 -3.75394 1.0
WORLDTM 
MAT -0.239314 0.0941169 0.96637 0.0
MAT 0.756509 0.641961 0.124822 0.0
MAT -0.608624 0.760939 -0.224831 0.0
MAT -2.19794 70.3751 -0.676344 1.0
VERTEX = 9
-7.86444 78.6052 22.3228
-8.31081 78.6355 22.0996
-8.1582 78.3117 21.7505
-7.71184 78.2814 21.9737
-9.23973 75.6249 24.1641
-9.28437 75.6279 24.1417
-9.26911 75.5955 24.1068
-9.22447 75.5925 24.1292
-7.92845 78.6483 21.8967
INDEX = 14
4 5 7
6 7 5
1 2 5
6 5 2
0 1 4
5 4 1
7 6 3
2 3 6
4 7 0
3 0 7
8 1 0
8 2 1
8 3 2
8 0 3
FACE-NORMAL = 14
-0.331493 -0.75952 0.55968
-0.331493 -0.75952 0.55968
-0.910976 0.0150073 -0.412185
-0.910976 0.0150073 -0.412185
-0.324518 0.601002 0.730401
-0.324518 0.601002 0.730401
0.28481 -0.691981 -0.66336
0.28481 -0.691981 -0.66336
0.871269 -0.105986 0.479226
0.871269 -0.105986 0.479226
0.0185835 0.995023 0.0979016
-0.396851 0.579916 -0.711482
0.450218 0.0791016 -0.889408
0.865653 0.494207 -0.0800249
BONE = 33
BONE_NAME = Box_left_armor
PARENT_ID = 6
LOCALTM 
MAT -0.817055 0.548705 0.177044 0.0
MAT 0.464967 0.808651 -0.360401 0.0
MAT -0.340921 -0.212147 -0.915842 0.0
MAT 7.42226 23.9819 -6.448 1.0
WORLDTM 
MAT -0.331493 -0.75952 0.55968 0.0
MAT -0.305212 0.647654 0.698133 0.0
MAT -0.892725 0.0606055 -0.446507 0.0
MAT -7.92845 78.6483 21.8967 1.0
VERTEX = 9
3.14454 74.0436 -24.3107
3.5048 74.2374 -24.0232
3.62352 74.558 -24.3881
3.26327 74.3642 -24.6756
0.916849 76.7589 -22.9585
0.952874 76.7783 -22.9297
0.964746 76.8103 -22.9662
0.928721 76.7909 -22.995
3.54692 74.1352 -24.4419
INDEX = 14
4 5 7
6 7 5
1 2 5
6 5 2
0 1 4
5 4 1
7 6 3
2 3 6
4 7 0
3 0 7
8 1 0
8 2 1
8 3 2
8 0 3
FACE-NORMAL = 14
-0.65153 0.66234 0.369884
-0.65153 0.66234 0.369884
0.680189 0.426618 0.596104
0.680189 0.426618 0.596104
-0.276046 -0.600301 0.750625
-0.276046 -0.600301 0.750625
0.198003 0.679639 -0.706318
0.198003 0.679639 -0.706318
-0.758232 -0.34728 -0.551798
-0.758232 -0.34728 -0.551798
0.292798 -0.921686 0.254486
0.970174 -0.194239 0.145027
0.628604 -0.0150043 -0.777581
-0.0487717 -0.742452 -0.668122
BONE = 34
BONE_NAME = Box_right_armor
PARENT_ID = 6
LOCALTM 
MAT 0.321731 0.575701 -0.751703 0.0
MAT -0.6663 0.701724 0.252245 0.0
MAT 0.672706 0.419705 0.609356 0.0
MAT 7.42222 -23.9694 -6.44792 1.0
WORLDTM 
MAT -0.65153 0.66234 0.369884 0.0
MAT -0.237451 -0.641121 0.729782 0.0
MAT 0.720504 0.387645 0.574983 0.0
MAT 3.54692 74.1352 -24.4419 1.0
VERTEX = 9
-0.446267 62.0001 0.28555
-0.446267 62.0001 0.78555
-0.446267 61.5001 0.78555
-0.446267 61.5001 0.28555
3.30373 61.7751 0.51055
3.30373 61.7751 0.56055
3.30373 61.7251 0.56055
3.30373 61.7251 0.51055
-0.696267 61.7501 0.53555
INDEX = 14
4 5 7
6 7 5
1 2 5
6 5 2
0 1 4
5 4 1
7 6 3
2 3 6
4 7 0
3 0 7
8 1 0
8 2 1
8 3 2
8 0 3
FACE-NORMAL = 14
1.0 1.78814e-007 0.0
1.0 1.78814e-007 0.0
0.0598923 0.0 0.998205
0.0598923 0.0 0.998205
0.0598919 0.998205 2.17827e-007
0.0598919 0.998205 2.17827e-007
0.0598927 -0.998205 -2.13532e-007
0.0598927 -0.998205 -2.13532e-007
0.0598923 0.0 -0.998205
0.0598923 0.0 -0.998205
-0.707107 0.707107 1.27428e-007
-0.707107 -1.65953e-007 0.707107
-0.707107 -0.707107 -1.78136e-007
-0.707107 0.0 -0.707107
BONE = 35
BONE_NAME = FxCenter
PARENT_ID = 5
LOCALTM 
MAT 0.433283 -0.239312 0.868905 0.0
MAT 0.901046 0.0941165 -0.423389 0.0
MAT 0.0195439 0.966371 0.256411 0.0
MAT 1.31219 0.0178914 1.50825 1.0
WORLDTM 
MAT 1.0 1.78814e-007 0.0 0.0
MAT -4.17233e-007 1.0 2.16067e-007 0.0
MAT 0.0 0.0 1.0 0.0
MAT -0.696267 61.7501 0.53555 1.0
VERTEX = 9
-3.42077 40.3902 8.10058
-3.11332 40.7845 8.09817
-3.24059 40.8866 8.57079
-3.54804 40.4923 8.5732
6.7816 32.7483 12.7374
6.81235 32.7878 12.7371
6.79962 32.798 12.7844
6.76887 32.7585 12.7846
-3.51728 40.7834 8.2541
INDEX = 14
4 5 7
6 7 5
1 2 5
6 5 2
0 1 4
5 4 1
7 6 3
2 3 6
4 7 0
3 0 7
8 1 0
8 2 1
8 3 2
8 0 3
FACE-NORMAL = 14
0.746384 -0.580015 0.326332
0.746384 -0.580015 0.326332
0.627211 0.778849 0.000593771
0.627211 0.778849 0.000593769
0.26689 -0.213859 -0.939699
0.26689 -0.213859 -0.939699
-0.242125 0.194614 0.950527
-0.242125 0.194614 0.950527
-0.602446 -0.798094 0.010234
-0.602446 -0.798094 0.010234
-0.347784 0.265696 -0.899139
-0.0929638 0.967743 -0.234161
-0.707762 0.554569 0.437636
-0.962583 -0.147477 -0.227343
BONE = 36
BONE_NAME = Bip01-L-Thigh
PARENT_ID = 3
LOCALTM 
MAT -0.727507 0.326329 0.603525 0.0
MAT -0.25441 -0.945244 0.204425 0.0
MAT 0.637188 -0.00482219 0.770693 0.0
MAT -1.14441e-005 8.2541 1.38283e-005 1.0
WORLDTM 
MAT 0.746384 -0.580015 0.326332 0.0
