EXPORTER_V17
ANIMATION_EXPORT
BONEOBJECT_COUNT = 72
VERTEX = 9
0.25 0.25 -0.25
0.25 0.25 0.25
0.25 -0.25 0.25
0.25 -0.25 -0.25
4.0 0.025 -0.025
4.0 0.025 0.025
4.0 -0.025 0.025
4.0 -0.025 -0.025
0.0 0.0 0.0
INDEX = 14
4 5 7
6 7 5
1 2 5
6 5 2
0 1 4
5 4 1
7 6 3
2 3 6
4 7 0
3 0 7
8 1 0
8 2 1
8 3 2
8 0 3
FACE-NORMAL = 14
1.0 0.0 0.0
1.0 0.0 0.0
0.0598923 0.0 0.998205
0.0598923 0.0 0.998205
0.0598923 0.998205 0.0
0.0598923 0.998205 0.0
0.0598923 -0.998205 0.0
0.0598923 -0.998205 0.0
0.0598923 0.0 -0.998205
0.0598923 0.0 -0.998205
-0.707107 0.707107 0.0
-0.707107 0.0 0.707107
-0.707107 -0.707107 0.0
-0.707107 0.0 -0.707107
BONE = 0
BONE_NAME = Dummy_root
PARENT_ID = -1
LOCALTM 
MAT 1.0 0.0 0.0 0.0
MAT 0.0 1.0 0.0 0.0
MAT 0.0 0.0 1.0 0.0
MAT 0.0 0.0 0.0 1.0
WORLDTM 
MAT 1.0 0.0 0.0 0.0
MAT 0.0 1.0 0.0 0.0
MAT 0.0 0.0 1.0 0.0
MAT 0.0 0.0 0.0 1.0
VERTEX = 9
0.25 0.25 -0.25
0.25 0.25 0.25
0.25 -0.25 0.25
0.25 -0.25 -0.25
4.0 0.025 -0.025
4.0 0.025 0.025
4.0 -0.025 0.025
4.0 -0.025 -0.025
0.0 0.0 0.0
INDEX = 14
4 5 7
6 7 5
1 2 5
6 5 2
0 1 4
5 4 1
7 6 3
2 3 6
4 7 0
3 0 7
8 1 0
8 2 1
8 3 2
8 0 3
FACE-NORMAL = 14
1.0 0.0 0.0
1.0 0.0 0.0
0.0598923 0.0 0.998205
0.0598923 0.0 0.998205
0.0598923 0.998205 0.0
0.0598923 0.998205 0.0
0.0598923 -0.998205 0.0
0.0598923 -0.998205 0.0
0.0598923 0.0 -0.998205
0.0598923 0.0 -0.998205
-0.707107 0.707107 0.0
-0.707107 0.0 0.707107
-0.707107 -0.707107 0.0
-0.707107 0.0 -0.707107
BONE = 1
BONE_NAME = FxBottom
PARENT_ID = 0
LOCALTM 
MAT 1.0 0.0 0.0 0.0
MAT 0.0 1.0 0.0 0.0
MAT 0.0 0.0 1.0 0.0
MAT 0.0 0.0 0.0 1.0
WORLDTM 
MAT 1.0 0.0 0.0 0.0
MAT 0.0 1.0 0.0 0.0
MAT 0.0 0.0 1.0 0.0
MAT 0.0 0.0 0.0 1.0
VERTEX = 9
-3.31201 41.0713 -0.249997
-3.31201 41.0713 0.250003
-3.22939 40.5782 0.250003
-3.22939 40.5782 -0.249997
0.423612 41.4691 -0.0249914
0.423612 41.4691 0.0250086
0.431875 41.4197 0.0250086
0.431875 41.4197 -0.0249914
-3.51726 40.7834 2.55792e-006
INDEX = 14
4 5 7
6 7 5
1 2 5
6 5 2
0 1 4
5 4 1
7 6 3
2 3 6
4 7 0
3 0 7
8 1 0
8 2 1
8 3 2
8 0 3
FACE-NORMAL = 14
0.986252 0.165248 1.50635e-006
0.986252 0.165248 1.50635e-006
0.0590674 0.00989716 0.998205
0.0590674 0.00989716 0.998205
-0.105882 0.994379 -2.56997e-007
-0.105882 0.994379 -2.56997e-007
0.22402 -0.974585 4.37435e-007
0.22402 -0.974585 4.37435e-007
0.0590705 0.00989697 -0.998205
0.0590704 0.00989697 -0.998205
-0.814233 0.580538 -1.31111e-006
-0.697387 -0.116848 0.707106
-0.580538 -0.814233 -8.19191e-007
-0.697384 -0.116848 -0.707108
BONE = 2
BONE_NAME = Bip01
PARENT_ID = 0
LOCALTM 
MAT 0.986252 0.165248 1.49429e-006 0.0
MAT -0.165248 0.986252 -4.19837e-007 0.0
MAT -1.54312e-006 1.67138e-007 1.0 0.0
MAT -3.51726 40.7834 -4.19291e-007 1.0
WORLDTM 
MAT 0.986252 0.165248 1.50635e-006 0.0
MAT -0.165248 0.986252 -3.47841e-007 0.0
MAT -1.54312e-006 0.0 1.0 0.0
MAT -3.51726 40.7834 2.55792e-006 1.0
VERTEX = 9
-3.79467 41.0026 0.250001
-3.29807 41.0608 0.250003
-3.29807 41.0608 -0.249997
-3.79467 41.0026 -0.249999
-5.26095 55.4455 0.0249737
-5.21129 55.4513 0.0249738
-5.21129 55.4513 -0.0250262
-5.26095 55.4455 -0.0250263
-3.51726 40.7834 2.55792e-006
INDEX = 14
4 5 7
6 7 5
1 2 5
6 5 2
0 1 4
5 4 1
7 6 3
2 3 6
4 7 0
3 0 7
8 1 0
8 2 1
8 3 2
8 0 3
FACE-NORMAL = 14
-0.116411 0.993201 -1.95205e-006
-0.116411 0.993201 -1.95205e-006
0.991278 0.131791 3.03157e-006
0.991278 0.13179 3.03157e-006
-0.00180756 0.0153952 0.99988
-0.00180756 0.0153952 0.99988
-0.00180093 0.0153919 -0.99988
-0.00180093 0.0153919 -0.99988
-0.994886 -0.101003 -3.09208e-006
-0.994886 -0.101003 -3.09208e-006
0.0823126 -0.702298 0.707108
0.784614 -0.619984 3.5456e-006
0.0823173 -0.7023 -0.707105
-0.619984 -0.784614 -7.84986e-007
BONE = 3
BONE_NAME = Bip01-Pelvis
PARENT_ID = 2
LOCALTM 
MAT 0.0493137 0.998784 -1.67892e-006 0.0
MAT -1.49271e-006 1.81663e-006 1.0 0.0
MAT 0.998783 -0.0493137 1.54052e-006 0.0
MAT 0.0 0.0 0.0 1.0
WORLDTM 
MAT -0.116411 0.993201 -1.95205e-006 0.0
MAT -3.31551e-006 1.63913e-006 1.0 0.0
MAT 0.993201 0.116411 3.06219e-006 0.0
MAT -3.51726 40.7834 2.55792e-006 1.0
VERTEX = 9
-3.98594 55.8742 0.230019
-3.53149 55.6663 0.24532
-3.51279 55.6704 -0.254314
-3.96724 55.8783 -0.269614
-1.21889 61.3751 0.153514
-1.17344 61.3544 0.155044
-1.17157 61.3548 0.105081
-1.21702 61.3756 0.103551
-3.85319 55.545 -0.0178973
INDEX = 14
4 5 7
6 7 5
1 2 5
6 5 2
0 1 4
5 4 1
7 6 3
2 3 6
4 7 0
3 0 7
8 1 0
8 2 1
8 3 2
8 0 3
FACE-NORMAL = 14
0.415314 0.909387 0.0229996
0.415314 0.909387 0.0229996
0.923486 -0.382343 0.0314217
0.923486 -0.382343 0.0314217
-0.0221838 0.0250587 0.99944
-0.0221837 0.0250587 0.99944
0.0525528 0.0414385 -0.997758
0.0525528 0.0414385 -0.997758
-0.893117 0.44884 -0.0297399
-0.893117 0.44884 -0.0297399
-0.320112 -0.648829 0.690325
0.349024 -0.937098 0.00537517
-0.26723 -0.637239 -0.722852
-0.936367 -0.34897 -0.0379015
BONE = 4
BONE_NAME = Bip01-Spine
PARENT_ID = 3
LOCALTM 
MAT 0.854858 0.0229997 0.518353 0.0
MAT -0.00378869 0.999267 -0.03809 0.0
MAT -0.518849 0.0305976 0.854318 0.0
MAT 14.7003 -0.0178754 1.38476 1.0
WORLDTM 
MAT 0.415314 0.909388 0.0229996 0.0
MAT -0.0373933 -0.00819539 0.999267 0.0
MAT 0.908909 -0.41587 0.0306013 0.0
MAT -3.85319 55.545 -0.0178973 1.0
VERTEX = 9
-1.33261 61.6963 0.377058
-0.878155 61.4884 0.392359
-0.859458 61.4925 -0.107275
-1.31391 61.7004 -0.122575
1.43444 67.1972 0.300553
1.47989 67.1765 0.302083
1.48176 67.1769 0.25212
1.43631 67.1977 0.25059
-1.19986 61.3671 0.129142
INDEX = 14
4 5 7
6 7 5
1 2 5
6 5 2
0 1 4
5 4 1
7 6 3
2 3 6
4 7 0
3 0 7
8 1 0
8 2 1
8 3 2
8 0 3
FACE-NORMAL = 14
0.415314 0.909387 0.0229996
0.415314 0.909387 0.0229996
0.923486 -0.382343 0.0314217
0.923486 -0.382343 0.0314217
-0.0221837 0.0250587 0.99944
-0.0221837 0.0250587 0.99944
0.0525528 0.0414385 -0.997758
0.0525528 0.0414385 -0.997758
-0.893117 0.44884 -0.0297399
-0.893117 0.44884 -0.0297399
-0.320112 -0.648829 0.690325
0.349025 -0.937098 0.00537517
-0.26723 -0.637239 -0.722852
-0.936367 -0.34897 -0.0379016
BONE = 5
BONE_NAME = Bip01-Spine1
PARENT_ID = 4
LOCALTM 
MAT 1.0 0.0 0.0 0.0
MAT 0.0 1.0 0.0 0.0
MAT 0.0 0.0 1.0 0.0
MAT 6.39989 0.0 -0.00509644 1.0
WORLDTM 
MAT 0.415314 0.909387 0.0229996 0.0
MAT -0.0373933 -0.00819538 0.999267 0.0
MAT 0.908909 -0.41587 0.0306013 0.0
MAT -1.19986 61.3671 0.129142 1.0
VERTEX = 9
1.32072 67.5184 0.524097
1.77517 67.3105 0.539398
1.79387 67.3146 0.0397641
1.33942 67.5225 0.0244635
5.13153 75.3048 0.505395
5.17698 75.284 0.506925
5.17885 75.2844 0.456961
5.1334 75.3052 0.455431
1.45347 67.1892 0.276181
INDEX = 14
4 5 7
6 7 5
1 2 5
6 5 2
0 1 4
5 4 1
7 6 3
2 3 6
4 7 0
3 0 7
8 1 0
8 2 1
8 3 2
8 0 3
FACE-NORMAL = 14
0.415314 0.909387 0.0229996
0.415314 0.909387 0.0229996
0.919386 -0.392119 0.0311881
0.919386 -0.392119 0.0311881
-0.0265976 0.0154183 0.999527
-0.0265976 0.0154183 0.999527
0.0481637 0.0318036 -0.998333
0.0481637 0.0318035 -0.998333
-0.89782 0.439341 -0.0299938
-0.89782 0.439341 -0.0299938
-0.320112 -0.648829 0.690325
0.349025 -0.937098 0.00537514
-0.26723 -0.637239 -0.722852
-0.936367 -0.34897 -0.0379015
BONE = 6
BONE_NAME = Bip01-Spine2
PARENT_ID = 5
LOCALTM 
MAT 1.0 0.0 0.0 0.0
MAT 0.0 1.0 0.0 0.0
MAT 0.0 0.0 1.0 0.0
MAT 6.39989 0.0 -0.00510216 1.0
WORLDTM 
MAT 0.415314 0.909387 0.0229996 0.0
MAT -0.0373932 -0.0081954 0.999267 0.0
MAT 0.908909 -0.41587 0.0306012 0.0
MAT 1.45347 67.1892 0.276181 1.0
VERTEX = 9
5.68599 75.286 0.751156
6.14044 75.0781 0.766456
6.15914 75.0822 0.266823
5.70468 75.2902 0.251522
7.45633 78.6045 0.619455
7.50178 78.5837 0.620985
7.50365 78.5841 0.571021
7.4582 78.6049 0.569491
5.81874 74.9568 0.503239
INDEX = 14
4 5 7
6 7 5
1 2 5
6 5 2
0 1 4
5 4 1
7 6 3
2 3 6
4 7 0
3 0 7
8 1 0
8 2 1
8 3 2
8 0 3
FACE-NORMAL = 14
0.415314 0.909387 0.0229996
0.415314 0.909387 0.0229996
0.932152 -0.360658 0.0319237
0.932152 -0.360658 0.0319237
-0.012452 0.0462846 0.998851
-0.012452 0.0462846 0.998851
0.0622002 0.062646 -0.996096
0.0622002 0.062646 -0.996096
-0.882403 0.469589 -0.0291687
-0.882403 0.469589 -0.0291687
-0.320112 -0.648829 0.690325
0.349025 -0.937098 0.00537511
-0.26723 -0.637239 -0.722852
-0.936367 -0.34897 -0.0379015
BONE = 7
BONE_NAME = Bip01-Neck
PARENT_ID = 6
LOCALTM 
MAT 1.0 0.0 0.0 0.0
MAT 0.0 1.0 0.0 0.0
MAT 0.0 0.0 1.0 0.0
MAT 8.88195 1.69873e-006 0.744268 1.0
WORLDTM 
MAT 0.415314 0.909387 0.0229996 0.0
MAT -0.0373932 -0.00819542 0.999267 0.0
MAT 0.908909 -0.41587 0.0306012 0.0
MAT 5.81874 74.9568 0.503239 1.0
VERTEX = 9
6.92932 77.8245 0.819565
7.31838 77.5104 0.820023
7.32235 77.5146 0.320057
6.93329 77.8287 0.319599
14.1726 86.4393 0.724465
14.2115 86.4079 0.72451
14.2119 86.4083 0.674514
14.173 86.4397 0.674468
6.96882 77.475 0.56693
INDEX = 14
4 5 7
6 7 5
1 2 5
6 5 2
0 1 4
5 4 1
7 6 3
2 3 6
4 7 0
3 0 7
8 1 0
8 2 1
8 3 2
8 0 3
FACE-NORMAL = 14
0.628066 0.778075 0.0115258
0.628066 0.778075 0.0115258
0.790521 -0.612434 0.00114593
0.790521 -0.612434 0.00114593
0.00460712 0.00716523 0.999964
0.00460711 0.00716523 0.999964
0.020508 0.0239485 -0.999503
0.020508 0.0239485 -0.999503
-0.765406 0.643547 -0.000685039
-0.765406 0.643547 -0.000685039
-0.449733 -0.556117 0.69891
0.106104 -0.994327 -0.0075025
-0.438487 -0.544247 -0.715209
-0.994323 -0.106037 -0.00879745
BONE = 8
BONE_NAME = Bip01-Head
PARENT_ID = 7
LOCALTM 
MAT 0.968681 -0.0183447 0.24763 0.0
MAT 0.0120627 0.999566 0.026862 0.0
MAT -0.248016 -0.0230336 0.968482 0.0
MAT 2.76918 0.0 0.0 1.0
WORLDTM 
MAT 0.628066 0.778075 0.0115258 0.0
MAT -0.00795205 -0.00839329 0.999933 0.0
MAT 0.778119 -0.628116 0.000915669 0.0
MAT 6.96882 77.475 0.56693 1.0
VERTEX = 9
14.1528 86.7732 0.952125
14.5418 86.4592 0.952583
14.5458 86.4634 0.452617
14.1567 86.7774 0.452159
16.6849 89.5516 0.770568
16.7238 89.5202 0.770614
16.7242 89.5206 0.720617
16.6853 89.552 0.720572
14.1923 86.4238 0.69949
INDEX = 14
4 5 7
6 7 5
1 2 5
6 5 2
0 1 4
5 4 1
7 6 3
2 3 6
4 7 0
3 0 7
8 1 0
8 2 1
8 3 2
8 0 3
FACE-NORMAL = 14
0.628066 0.778075 0.0115258
0.628066 0.778075 0.0115258
0.814339 -0.580388 0.00160433
0.814339 -0.580388 0.00160433
0.0296785 0.0382224 0.998828
0.0296785 0.0382224 0.998828
0.045554 0.0549789 -0.997448
0.045554 0.0549789 -0.997448
-0.739106 0.673589 -0.000223719
-0.739106 0.673589 -0.000223719
-0.449733 -0.556117 0.69891
0.106104 -0.994327 -0.0075025
-0.438487 -0.544247 -0.71521
-0.994323 -0.106037 -0.00879745
BONE = 9
BONE_NAME = Bip01-HeadNub
PARENT_ID = 8
LOCALTM 
MAT 1.0 0.0 0.0 0.0
MAT 0.0 1.0 0.0 0.0
MAT 0.0 0.0 1.0 0.0
MAT 11.5011 5.36442e-007 -3.8147e-006 1.0
WORLDTM 
MAT 0.628066 0.778075 0.0115258 0.0
MAT -0.00795205 -0.0083933 0.999933 0.0
MAT 0.778119 -0.628116 0.000915669 0.0
MAT 14.1923 86.4238 0.69949 1.0
VERTEX = 9
9.60939 79.4119 0.875817
9.22053 79.7262 0.875045
8.90625 79.3373 0.869282
9.29511 79.023 0.870054
9.24036 79.3285 7.10183
9.20148 79.36 7.10176
9.17005 79.3211 7.10118
9.20894 79.2896 7.10126
9.25993 79.3766 0.622567
INDEX = 14
4 5 7
6 7 5
1 2 5
6 5 2
0 1 4
5 4 1
7 6 3
2 3 6
4 7 0
3 0 7
8 1 0
8 2 1
8 3 2
8 0 3
FACE-NORMAL = 14
-0.00844599 -0.00799387 0.999932
-0.00844599 -0.00799387 0.999932
-0.777511 0.627919 0.0345507
-0.777511 0.627919 0.0345507
0.627848 0.776878 0.047612
0.627848 0.776878 0.047612
-0.628458 -0.777455 0.0245744
-0.628458 -0.777456 0.0245744
0.776901 -0.628496 0.0376357
0.776901 -0.628496 0.0376357
0.450433 0.555551 -0.698909
-0.543954 0.450152 -0.70815
-0.438489 -0.544246 -0.715209
0.555898 -0.438847 -0.705968
BONE = 10
BONE_NAME = Box_head
PARENT_ID = 8
LOCALTM 
MAT 5.43427e-007 1.0 -0.000635228 0.0
MAT 1.0 0.0 0.000638127 0.0
MAT 0.000638098 -0.000635229 -1.0 0.0
MAT 2.91917 0.021454 0.588417 1.0
WORLDTM 
MAT -0.00844599 -0.00799387 0.999932 0.0
MAT 0.628563 0.777674 0.0115263 0.0
MAT -0.777713 0.628617 -0.0015435 0.0
MAT 9.25993 79.3766 0.622567 1.0
VERTEX = 9
10.6704 72.7097 0.827625
10.7934 73.1944 0.832538
10.3087 73.3173 0.829427
10.1858 72.8327 0.824515
10.476 72.9532 4.57818
10.4883 73.0016 4.57867
10.4398 73.0139 4.57836
10.4275 72.9655 4.57787
10.4917 73.0155 0.578543
INDEX = 14
4 5 7
6 7 5
1 2 5
6 5 2
0 1 4
5 4 1
7 6 3
2 3 6
4 7 0
3 0 7
8 1 0
8 2 1
8 3 2
8 0 3
FACE-NORMAL = 14
-0.00844588 -0.00799333 0.999932
-0.00844588 -0.00799333 0.999932
0.244902 0.96704 0.0696954
0.244902 0.96704 0.0696954
0.967026 -0.245953 0.0660981
0.967026 -0.245953 0.0660981
-0.968037 0.244995 0.0536784
-0.968037 0.244995 0.0536784
-0.245914 -0.967997 0.0500812
-0.245914 -0.967997 0.0500811
0.69135 -0.168236 -0.70266
0.179814 0.691021 -0.700112
-0.679406 0.179541 -0.711458
-0.16787 -0.679717 -0.714006
BONE = 11
BONE_NAME = Box_lips
PARENT_ID = 10
LOCALTM 
MAT 1.0 4.88013e-007 2.5332e-007 0.0
MAT 0.0 0.418077 -0.908411 0.0
MAT -5.49015e-007 0.908412 0.418077 0.0
MAT -0.00357378 -4.17311 -4.95658 1.0
WORLDTM 
MAT -0.00844588 -0.00799333 0.999932 0.0
MAT 0.969271 -0.245915 0.00622104 0.0
MAT 0.245849 0.969259 0.00982475 0.0
MAT 10.4917 73.0155 0.578543 1.0
VERTEX = 9
16.4155 90.6348 0.516277
16.4155 90.6348 1.01628
16.4155 90.1348 1.01628
16.4155 90.1348 0.516277
20.1655 90.4098 0.741277
20.1655 90.4098 0.791277
20.1655 90.3598 0.791277
20.1655 90.3598 0.741277
16.1655 90.3848 0.766277
INDEX = 14
4 5 7
6 7 5
1 2 5
6 5 2
0 1 4
5 4 1
7 6 3
2 3 6
4 7 0
3 0 7
8 1 0
8 2 1
8 3 2
8 0 3
FACE-NORMAL = 14
1.0 2.84585e-007 0.0
1.0 2.84585e-007 0.0
0.0598923 0.0 0.998205
0.0598923 0.0 0.998205
0.0598923 0.998205 0.0
0.0598923 0.998205 0.0
0.0598923 -0.998205 0.0
0.0598923 -0.998205 0.0
0.0598923 0.0 -0.998205
0.0598923 0.0 -0.998205
-0.707107 0.707107 0.0
-0.707107 -2.32842e-007 0.707107
-0.707107 -0.707107 0.0
-0.707107 -1.69622e-007 -0.707107
BONE = 12
BONE_NAME = FxTop
PARENT_ID = 8
LOCALTM 
MAT 0.628066 -0.00795203 0.778119 0.0
MAT 0.778075 -0.00839329 -0.628116 0.0
MAT 0.0115258 0.999933 0.000915766 0.0
MAT 15.8232 0.0178456 -0.952515 1.0
WORLDTM 
MAT 1.0 2.84585e-007 0.0 0.0
MAT 0.0 1.0 0.0 0.0
MAT 0.0 0.0 1.0 0.0
MAT 16.1655 90.3848 0.766277 1.0
VERTEX = 9
-0.654065 72.2954 19.7676
-1.10455 72.5023 19.7025
-1.31341 72.0481 19.7037
-0.862926 71.8411 19.7688
-1.62876 72.5104 25.466
-1.67381 72.5311 25.4595
-1.6947 72.4857 25.4596
-1.64965 72.465 25.4661
-0.954393 72.1576 19.4878
INDEX = 14
4 5 7
6 7 5
1 2 5
6 5 2
0 1 4
5 4 1
7 6 3
2 3 6
4 7 0
3 0 7
8 1 0
8 2 1
8 3 2
8 0 3
FACE-NORMAL = 14
-0.117374 0.056488 0.99148
-0.117374 0.056488 0.99148
-0.904847 0.415777 -0.0915493
-0.904847 0.415777 -0.0915493
0.412838 0.910082 0.0362787
0.412838 0.910082 0.0362787
-0.421975 -0.905685 0.0409023
-0.421975 -0.905685 0.0409023
0.89571 -0.41138 0.16873
0.89571 -0.41138 0.16873
0.37837 0.602514 -0.702718
-0.55408 0.252723 -0.793175
-0.212379 -0.6824 -0.699446
0.720071 -0.332609 -0.60899
BONE = 13
BONE_NAME = Bip01-L-Clavicle
PARENT_ID = 6
LOCALTM 
MAT 0.0254261 0.994679 -0.099833 0.0
MAT 0.999676 -0.025378 0.00175372 0.0
MAT -0.000789165 -0.0998453 -0.995003 0.0
MAT 3.96008 19.2468 -3.66685 1.0
WORLDTM 
MAT -0.117374 0.0564879 0.99148 0.0
MAT 0.417723 0.908572 -0.00231355 0.0
MAT -0.900961 0.413892 -0.130239 0.0
MAT -0.954393 72.1576 19.4878 1.0
VERTEX = 9
-2.02921 72.4653 25.2361
-1.66896 72.119 25.2535
-1.63976 72.1743 25.7496
-2.00001 72.5206 25.7322
-10.5407 63.3737 26.9777
-10.5047 63.339 26.9794
-10.5018 63.3446 27.029
-10.5378 63.3792 27.0273
-1.66173 72.498 25.4628
INDEX = 14
4 5 7
6 7 5
1 2 5
6 5 2
0 1 4
5 4 1
7 6 3
2 3 6
4 7 0
3 0 7
8 1 0
8 2 1
8 3 2
8 0 3
FACE-NORMAL = 14
-0.691003 -0.712796 0.120155
-0.691003 -0.712796 0.120155
0.708009 -0.705235 0.0369708
0.708009 -0.705235 0.0369708
-0.0707502 -0.123373 -0.989835
-0.0707502 -0.123373 -0.989835
0.046019 0.0978618 0.994135
0.046019 0.0978618 0.994135
-0.73274 0.679724 -0.0326704
-0.73274 0.679724 -0.0326704
0.447322 0.425792 -0.786514
0.998076 0.0142874 -0.0603363
0.529903 0.582254 0.61659
-0.0208504 0.993758 -0.109588
BONE = 14
BONE_NAME = Bip01-L-UpperArm
PARENT_ID = 13
LOCALTM 
MAT 0.159972 -0.936552 0.311897 0.0
MAT -0.983087 -0.122617 0.136035 0.0
MAT -0.08916 -0.328384 -0.940327 0.0
MAT 6.02639 -7.62939e-006 0.0 1.0
WORLDTM 
MAT -0.691003 -0.712796 0.120155 0.0
MAT -0.058394 -0.110635 -0.992144 0.0
MAT 0.72049 -0.692591 0.0348262 0.0
MAT -1.66173 72.498 25.4628 1.0
VERTEX = 9
-10.6922 63.0175 26.7995
-10.2194 63.1737 26.7543
-10.1902 63.229 27.2503
-10.663 63.0728 27.2956
-6.6787 51.9478 28.0245
-6.63142 51.9634 28.0199
-6.6285 51.969 28.0696
-6.67578 51.9533 28.0741
-10.5212 63.3591 27.0033
INDEX = 14
4 5 7
6 7 5
1 2 5
6 5 2
0 1 4
5 4 1
7 6 3
2 3 6
4 7 0
3 0 7
8 1 0
8 2 1
8 3 2
8 0 3
FACE-NORMAL = 14
0.32006 -0.943452 0.0863677
0.32006 -0.943452 0.0863677
0.951509 0.294512 -0.0888437
0.951509 0.294512 -0.0888437
-0.0522992 -0.12855 -0.990323
-0.0522992 -0.12855 -0.990323
0.0644676 0.0926805 0.993607
0.0644676 0.0926805 0.993607
-0.939341 -0.330381 0.0921273
-0.939341 -0.330381 0.0921273
-0.267607 0.588891 -0.762623
0.44232 0.888094 -0.125066
-0.185026 0.745352 0.640481
-0.894954 0.446149 0.00292323
BONE = 15
BONE_NAME = Bip01-L-Forearm
PARENT_ID = 14
LOCALTM 
MAT 0.461704 0.0 0.887034 0.0
MAT 0.0 1.0 0.0 0.0
MAT -0.887034 0.0 0.461704 0.0
MAT 12.8212 3.8147e-006 0.0 1.0
WORLDTM 
MAT 0.32006 -0.943452 0.0863678 0.0
MAT -0.058394 -0.110635 -0.992144 0.0
MAT 0.945596 0.312503 -0.0905018 0.0
MAT -10.5212 63.3591 27.0033 1.0
VERTEX = 9
-6.83297 51.6846 28.3305
-6.85397 51.6397 27.833
-6.36622 51.7456 27.8028
-6.34523 51.7904 28.3004
-3.4041 37.2092 29.2648
-3.4062 37.2048 29.215
-3.35743 37.2153 29.212
-3.35533 37.2198 29.2618
-6.6536 51.9584 28.047
INDEX = 14
4 5 7
6 7 5
1 2 5
6 5 2
0 1 4
5 4 1
7 6 3
2 3 6
4 7 0
3 0 7
8 1 0
8 2 1
8 3 2
8 0 3
FACE-NORMAL = 14
0.216002 -0.973222 0.0786297
0.216002 -0.973222 0.0786297
-0.0387168 -0.104396 -0.993782
-0.0387168 -0.104396 -0.993782
-0.972118 -0.226308 0.061417
-0.972118 -0.226308 0.061417
0.97864 0.196922 -0.0590429
0.97864 0.196922 -0.0590429
0.0452388 0.0750108 0.996156
0.0452388 0.0750108 0.996156
-0.842512 0.53852 -0.0130057
-0.182423 0.624734 -0.759229
0.537039 0.837823 -0.0981934
-0.123051 0.751609 0.64803
BONE = 16
BONE_NAME = Bip01-L-Hand
PARENT_ID = 15
LOCALTM 
MAT 0.994113 0.0170471 -0.106999 0.0
MAT -0.107342 0.0206138 -0.994009 0.0
MAT -0.0147393 0.999642 0.0223224 0.0
MAT 12.0841 -7.62939e-006 0.0 1.0
WORLDTM 
MAT 0.216002 -0.973222 0.0786297 0.0
MAT -0.97549 -0.211639 0.0602368 0.0
MAT -0.0419826 -0.0897138 -0.995082 0.0
MAT -6.6536 51.9584 28.047 1.0
VERTEX = 9
-3.02582 37.1125 29.7353
-3.04643 37.0678 29.2378
-3.21773 37.5362 29.2027
-3.19712 37.581 29.7003
12.5499 42.9442 28.3395
12.5478 42.9397 28.2898
12.5307 42.9865 28.2863
12.5328 42.991 28.336
-3.35642 37.2399 29.4864
INDEX = 14
4 5 7
6 7 5
1 2 5
6 5 2
0 1 4
5 4 1
7 6 3
2 3 6
4 7 0
3 0 7
8 1 0
8 2 1
8 3 2
8 0 3
FACE-NORMAL = 14
0.938576 0.338045 -0.0692826
0.938576 0.338045 -0.0692826
-0.028548 -0.0849795 -0.995974
-0.0285479 -0.0849795 -0.995974
0.355225 -0.932218 0.0691752
0.355225 -0.932218 0.0691752
-0.329917 0.941333 -0.0710433
-0.329917 0.941333 -0.0710433
0.0538562 0.0940947 0.994105
0.0538562 0.0940947 0.994105
-0.421417 -0.901494 0.0985694
-0.692811 -0.302352 -0.654673
-0.90593 0.423427 -0.000589054
-0.634537 -0.175716 0.752653
BONE = 17
BONE_NAME = Bip01-L-Finger0
PARENT_ID = 16
LOCALTM 
MAT -0.131705 -0.991288 -0.000789331 0.0
MAT 0.991289 -0.131705 -0.000104874 0.0
MAT 0.0 -0.000796277 1.0 0.0
MAT 15.1498 -0.0146489 -0.250225 1.0
WORLDTM 
MAT 0.938576 0.338045 -0.0692825 0.0
MAT 0.342602 -0.93686 0.0701156 0.0
MAT -0.0412058 -0.0895453 -0.99513 0.0
MAT -3.35642 37.2399 29.4864 1.0
VERTEX = 9
12.8709 42.838 28.5619
12.8503 42.7933 28.0643
12.679 43.2617 28.0293
12.6996 43.3065 28.5269
16.3042 44.2963 28.0624
16.3021 44.2919 28.0127
16.285 44.3387 28.0092
16.2871 44.3432 28.0589
12.5403 42.9653 28.3129
INDEX = 14
4 5 7
6 7 5
1 2 5
6 5 2
0 1 4
5 4 1
7 6 3
2 3 6
4 7 0
3 0 7
8 1 0
8 2 1
8 3 2
8 0 3
FACE-NORMAL = 14
0.938576 0.338045 -0.0692826
0.938576 0.338045 -0.0692826
0.0150816 -0.0691382 -0.997493
0.0150816 -0.0691382 -0.997493
0.398201 -0.914932 0.0658403
0.398201 -0.914932 0.0658403
-0.285774 0.955425 -0.0741393
-0.285774 0.955425 -0.0741393
0.0973454 0.109631 0.989194
0.0973454 0.109631 0.989194
-0.421417 -0.901494 0.0985694
-0.692811 -0.302352 -0.654673
-0.90593 0.423427 -0.000589058
-0.634537 -0.175716 0.752653
BONE = 18
BONE_NAME = Bip01-L-Finger0Nub
PARENT_ID = 17
LOCALTM 
MAT 1.0 0.0 0.0 0.0
MAT 0.0 1.0 0.0 0.0
MAT 0.0 0.0 1.0 0.0
MAT 16.9371 0.0 0.0 1.0
WORLDTM 
MAT 0.938576 0.338045 -0.0692825 0.0
MAT 0.342602 -0.936861 0.0701156 0.0
MAT -0.0412058 -0.0895453 -0.99513 0.0
MAT 12.5403 42.9653 28.3129 1.0
VERTEX = 9
10.6011 42.1749 28.5287
10.1281 42.0183 28.5697
10.2876 41.5458 28.6059
10.7607 41.7024 28.5649
10.6659 42.2468 32.2909
10.6186 42.2311 32.295
10.6346 42.1839 32.2986
10.6819 42.1996 32.2945
10.4306 41.8367 28.3188
INDEX = 14
4 5 7
6 7 5
1 2 5
6 5 2
0 1 4
5 4 1
7 6 3
2 3 6
4 7 0
3 0 7
8 1 0
8 2 1
8 3 2
8 0 3
FACE-NORMAL = 14
0.0548996 0.0946668 0.993994
0.0548996 0.0946668 0.993994
-0.941135 -0.307002 0.141473
-0.941135 -0.307002 0.141473
-0.315263 0.948919 -0.0127074
-0.315263 0.948919 -0.0127074
0.321839 -0.93758 0.131772
0.321839 -0.93758 0.131772
0.947711 0.318342 -0.0224077
0.947711 0.318342 -0.0224077
-0.264474 0.601238 -0.754033
-0.707829 -0.28843 -0.644815
0.186834 -0.735117 -0.651687
0.630189 0.154551 -0.760905
BONE = 19
BONE_NAME = Box_water
PARENT_ID = 17
LOCALTM 
MAT 0.0146627 -0.000186265 -0.999893 0.0
MAT 0.024926 -0.999689 0.000551768 0.0
MAT -0.999582 -0.0249314 -0.0146534 0.0
MAT 14.575 0.335026 0.182137 1.0
WORLDTM 
MAT 0.0548996 0.0946668 0.993994 0.0
MAT -0.319124 0.944946 -0.0723699 0.0
MAT -0.946121 -0.313234 0.0820875 0.0
MAT 10.4306 41.8367 28.3188 1.0
VERTEX = 9
-2.36746 38.3913 43.0188
-2.8546 38.2849 43.0559
-2.88163 38.2354 42.5591
-2.39448 38.3418 42.522
-1.77865 34.6758 43.1308
-1.82736 34.6652 43.1345
-1.83007 34.6603 43.0848
-1.78135 34.6709 43.0811
-2.67922 38.5564 42.7677
INDEX = 14
4 5 7
6 7 5
1 2 5
6 5 2
0 1 4
5 4 1
7 6 3
2 3 6
4 7 0
3 0 7
8 1 0
8 2 1
8 3 2
8 0 3
FACE-NORMAL = 14
0.218716 -0.972077 0.0850238
0.218716 -0.972077 0.0850238
-0.959442 -0.270561 0.0791695
-0.959442 -0.270561 0.0791695
0.0670542 0.0406711 0.99692
0.0670542 0.0406711 0.99692
-0.0408553 -0.157111 -0.986736
-0.0408553 -0.157111 -0.986736
0.985641 0.154122 -0.068985
0.985641 0.154122 -0.068985
-0.116435 0.757415 0.642469
-0.843583 0.536944 -0.00764613
-0.192876 0.61731 -0.76271
0.534272 0.83778 -0.112596
BONE = 20
BONE_NAME = Box_water_pump
PARENT_ID = 16
LOCALTM 
MAT 0.999975 -0.00250427 -0.0065792 0.0
MAT -0.00661325 -0.0138419 -0.999882 0.0
MAT 0.0024129 0.999901 -0.0138581 0.0
MAT 15.0591 -0.153849 -13.6128 1.0
WORLDTM 
MAT 0.218716 -0.972077 0.0850238 0.0
MAT 0.0540518 0.0990689 0.993612 0.0
MAT -0.97429 -0.212723 0.0742105 0.0
MAT -2.67922 38.5564 42.7677 1.0
VERTEX = 9
13.078 41.0599 28.1143
13.078 41.0599 28.6143
13.078 40.5599 28.6143
13.078 40.5599 28.1143
16.828 40.8349 28.3393
16.828 40.8349 28.3893
16.828 40.7849 28.3893
16.828 40.7849 28.3393
12.828 40.8099 28.3643
INDEX = 14
4 5 7
6 7 5
1 2 5
6 5 2
0 1 4
5 4 1
7 6 3
2 3 6
4 7 0
3 0 7
8 1 0
8 2 1
8 3 2
8 0 3
FACE-NORMAL = 14
1.0 -3.91528e-006 6.68411e-006
1.0 -3.91528e-006 6.68411e-006
0.0598856 -4.04234e-006 0.998205
0.0598856 -4.04235e-006 0.998205
0.0598963 0.998205 4.1338e-006
0.0598963 0.998205 4.1338e-006
0.0598883 -0.998205 -3.33315e-006
0.0598883 -0.998205 -3.33315e-006
0.059899 3.57335e-006 -0.998204
0.059899 3.57335e-006 -0.998204
-0.707104 0.70711 -2.08166e-006
-0.707111 0.0 0.707102
-0.70711 -0.707104 -7.37109e-006
-0.707102 5.46592e-006 -0.707111
BONE = 21
BONE_NAME = FxHand00
PARENT_ID = 16
LOCALTM 
MAT 0.216007 -0.975488 -0.0419889 0.0
MAT -0.97322 -0.211643 -0.0897177 0.0
MAT 0.078632 0.0602441 -0.995082 0.0
MAT 15.083 -16.6256 -0.133408 1.0
WORLDTM 
MAT 1.0 -3.91528e-006 6.6841e-006 0.0
MAT 3.97861e-006 1.0 3.74019e-006 0.0
MAT -6.6841e-006 -3.8147e-006 1.0 0.0
MAT 12.828 40.8099 28.3643 1.0
VERTEX = 9
-10.6922 63.0175 26.7995
-10.2194 63.1737 26.7543
-10.1902 63.229 27.2504
-10.663 63.0728 27.2956
-9.26608 59.5747 27.3263
-9.2188 59.5904 27.3218
-9.21588 59.5959 27.3714
-9.26316 59.5803 27.3759
-10.5212 63.3591 27.0033
INDEX = 14
4 5 7
6 7 5
1 2 5
6 5 2
0 1 4
5 4 1
7 6 3
2 3 6
4 7 0
3 0 7
8 1 0
8 2 1
8 3 2
8 0 3
FACE-NORMAL = 14
0.32006 -0.943452 0.0863677
0.32006 -0.943452 0.0863677
0.963067 0.255436 -0.0851664
0.963067 0.255436 -0.0851664
-0.0391198 -0.166942 -0.98519
-0.0391198 -0.166942 -0.98519
0.0774581 0.0539308 0.995536
0.0774581 0.0539308 0.995536
-0.924729 -0.368447 0.0955119
-0.924729 -0.368447 0.0955119
-0.267607 0.588891 -0.762623
0.44232 0.888094 -0.125065
-0.185026 0.745352 0.640481
-0.894954 0.446149 0.00292308
BONE = 22
BONE_NAME = Box_L_Forearm
PARENT_ID = 15
LOCALTM 
MAT 1.0 0.0 0.0 0.0
MAT 0.0 1.0 2.30968e-007 0.0
MAT 0.0 -2.08616e-007 1.0 0.0
MAT -3.8147e-006 -7.62939e-006 -9.53674e-007 1.0
WORLDTM 
MAT 0.32006 -0.943453 0.0863678 0.0
MAT -0.0583937 -0.110635 -0.992144 0.0
MAT 0.945596 0.312503 -0.0905016 0.0
MAT -10.5212 63.3591 27.0033 1.0
VERTEX = 9
0.601696 72.1601 -19.2945
0.147212 72.3665 -19.2654
0.354996 72.8207 -19.2412
0.80948 72.6143 -19.2703
0.300677 72.8514 -25.0303
0.255229 72.872 -25.0274
0.276007 72.9174 -25.025
0.321456 72.8968 -25.0279
0.486569 72.4734 -19.0186
INDEX = 14
4 5 7
6 7 5
1 2 5
6 5 2
0 1 4
5 4 1
7 6 3
2 3 6
4 7 0
3 0 7
8 1 0
8 2 1
8 3 2
8 0 3
FACE-NORMAL = 14
-0.0328931 0.0682103 -0.997129
-0.0328931 0.0682103 -0.997129
-0.909559 0.415124 0.0193675
-0.909559 0.415124 0.0193675
-0.416533 -0.904929 -0.0871968
-0.416533 -0.904929 -0.0871968
0.413972 0.910239 0.00957609
0.413972 0.910239 0.00957609
0.906998 -0.409814 -0.0969882
0.906998 -0.409814 -0.0969882
-0.270592 -0.690477 0.670836
-0.619478 0.243649 0.746246
0.31711 0.594014 0.739317
0.665996 -0.340113 0.663907
BONE = 23
BONE_NAME = Bip01-R-Clavicle
PARENT_ID = 6
LOCALTM 
MAT 0.025435 -0.995727 -0.0887769 0.0
MAT -0.999676 -0.0254046 -0.00147194 0.0
MAT -0.000789672 0.0887856 -0.99605 0.0
MAT 3.96002 -19.2878 -3.66679 1.0
WORLDTM 
MAT -0.0328931 0.0682103 -0.997129 0.0
MAT -0.415568 -0.908273 -0.0484232 0.0
MAT -0.908967 0.412781 0.058222 0.0
MAT 0.486569 72.4734 -19.0186 1.0
VERTEX = 9
0.316991 72.5182 -24.7984
-0.0949117 72.7976 -24.8458
-0.0110434 72.838 -25.3371
0.400859 72.5586 -25.2897
-6.62452 62.3074 -27.0516
-6.66571 62.3353 -27.0564
-6.65732 62.3394 -27.1055
-6.61613 62.3114 -27.1008
0.288346 72.8844 -25.0277
INDEX = 14
4 5 7
6 7 5
1 2 5
6 5 2
0 1 4
5 4 1
7 6 3
2 3 6
4 7 0
3 0 7
8 1 0
8 2 1
8 3 2
8 0 3
FACE-NORMAL = 14
-0.541487 -0.825292 -0.160266
-0.541487 -0.825292 -0.160266
-0.833382 0.544017 -0.097568
-0.833382 0.544017 -0.097568
-0.177418 -0.0955287 0.979488
-0.177418 -0.0955287 0.979488
0.158001 0.0659336 -0.985235
0.158001 0.0659336 -0.985235
0.813964 -0.573612 0.0918209
0.813964 -0.573612 0.0918209
0.264282 0.526475 0.808072
-0.199629 0.978774 0.0463554
0.501497 0.640664 -0.581421
0.965408 0.188364 0.180295
BONE = 24
BONE_NAME = Bip01-R-UpperArm
PARENT_ID = 23
LOCALTM 
MAT 0.121324 0.982375 0.142198 0.0
MAT -0.979689 0.0954668 0.176342 0.0
MAT 0.159658 -0.160704 0.974004 0.0
MAT 6.02639 0.0 1.90735e-006 1.0
WORLDTM 
MAT -0.541487 -0.825292 -0.160266 0.0
MAT -0.167737 -0.0807442 0.98252 0.0
MAT -0.823805 0.558904 -0.0947096 0.0
MAT 0.288346 72.8844 -25.0277 1.0
VERTEX = 9
-6.36233 62.4371 -26.7672
-6.54595 61.9772 -26.8363
-6.46208 62.0176 -27.3276
-6.27846 62.4775 -27.2585
4.41884 57.7042 -25.5446
4.40048 57.6582 -25.5515
4.40886 57.6622 -25.6006
4.42723 57.7082 -25.5937
-6.64092 62.3234 -27.0786
INDEX = 14
4 5 7
6 7 5
1 2 5
6 5 2
0 1 4
5 4 1
7 6 3
2 3 6
4 7 0
3 0 7
8 1 0
8 2 1
8 3 2
8 0 3
FACE-NORMAL = 14
0.914877 -0.384015 0.12463
0.914877 -0.384015 0.12463
-0.34978 -0.926924 -0.13589
-0.34978 -0.926924 -0.13589
-0.150314 -0.08803 0.984711
-0.150314 -0.08803 0.984711
0.185099 0.0734292 -0.979973
0.185099 0.0734292 -0.979973
0.384565 0.912323 0.140629
0.384565 0.912323 0.140629
-0.765523 0.214445 0.60662
-0.906593 -0.37885 -0.185908
-0.528308 0.328634 -0.782873
-0.387238 0.921929 0.00965513
BONE = 25
BONE_NAME = Bip01-R-Forearm
PARENT_ID = 24
LOCALTM 
MAT -0.198444 0.0 -0.980112 0.0
MAT 0.0 1.0 0.0 0.0
MAT 0.980112 0.0 -0.198444 0.0
MAT 12.7967 1.90735e-006 0.0 1.0
WORLDTM 
MAT 0.914877 -0.384015 0.12463 0.0
MAT -0.167737 -0.0807442 0.98252 0.0
MAT -0.367239 -0.91979 -0.138284 0.0
MAT -6.64092 62.3234 -27.0786 1.0
VERTEX = 9
4.76479 57.8827 -25.7292
4.64763 57.8425 -25.2448
4.536 57.3598 -25.3119
4.65316 57.4 -25.7963
24.7327 52.3922 -21.1236
24.7209 52.3881 -21.0751
24.7098 52.3399 -21.0818
24.7215 52.3439 -21.1303
4.41385 57.6832 -25.5726
INDEX = 14
4 5 7
6 7 5
1 2 5
6 5 2
0 1 4
5 4 1
7 6 3
2 3 6
4 7 0
3 0 7
8 1 0
8 2 1
8 3 2
8 0 3
FACE-NORMAL = 14
0.946176 -0.247742 0.208266
0.946176 -0.247742 0.208266
-0.224275 -0.0831073 0.970976
-0.224275 -0.0831073 0.970976
0.233279 0.962795 0.136405
0.233279 0.962795 0.136405
-0.213208 -0.968051 -0.131988
-0.213208 -0.968051 -0.131988
0.244346 0.077852 -0.966558
0.244346 0.077852 -0.966558
-0.511182 0.857875 -0.0523694
-0.834739 0.118269 0.537794
-0.826913 -0.507516 -0.242163
-0.503356 0.232091 -0.832326
BONE = 26
BONE_NAME = Bip01-R-Hand
PARENT_ID = 25
LOCALTM 
MAT 0.986727 0.0659203 -0.148402 0.0
MAT -0.149781 0.0164533 -0.988582 0.0
MAT -0.0627259 0.997689 0.0261084 0.0
MAT 12.0834 3.8147e-006 0.0 1.0
WORLDTM 
MAT 0.946176 -0.247742 0.208265 0.0
MAT 0.223256 0.965477 0.134204 0.0
MAT -0.234324 -0.0804842 0.968822 0.0
MAT 4.41385 57.6832 -25.5726 1.0
VERTEX = 9
24.7473 52.86 -21.8839
24.6315 52.826 -21.3986
25.1059 52.7079 -21.2938
25.2217 52.7419 -21.779
26.4681 59.8246 -20.7534
26.4565 59.8212 -20.7048
26.5039 59.8094 -20.6943
26.5155 59.8128 -20.7429
24.8729 52.5416 -21.6186
INDEX = 14
4 5 7
6 7 5
1 2 5
6 5 2
0 1 4
5 4 1
7 6 3
2 3 6
4 7 0
3 0 7
8 1 0
8 2 1
8 3 2
8 0 3
FACE-NORMAL = 14
0.214924 0.969328 0.119214
0.214924 0.969328 0.119214
-0.224702 -0.0379512 0.973688
-0.224702 -0.0379512 0.973688
-0.941685 0.266101 -0.205959
-0.941685 0.266101 -0.205959
0.955009 -0.206011 0.213349
0.955009 -0.206011 0.213349
0.238026 0.0980412 -0.966298
0.238026 0.0980412 -0.966298
-0.822879 -0.518421 -0.232616
-0.315652 -0.733522 0.601922
0.518931 -0.852415 0.0640222
0.0117037 -0.637314 -0.770515
BONE = 27
BONE_NAME = Bip01-R-Finger0
PARENT_ID = 26
LOCALTM 
MAT -0.0119593 0.999846 -0.0128807 0.0
MAT -0.999929 -0.011959 0.000104334 0.0
MAT -4.9673e-005 0.012881 0.999917 0.0
MAT 21.4551 0.134132 -0.549501 1.0
WORLDTM 
MAT 0.214924 0.969328 0.119214 0.0
MAT -0.948802 0.236169 -0.209755 0.0
MAT -0.231475 -0.0680289 0.97046 0.0
MAT 24.8729 52.5416 -21.6186 1.0
VERTEX = 9
26.1372 59.6165 -20.5637
26.253 59.6509 -21.0489
26.7274 59.5328 -20.944
26.6116 59.4984 -20.4588
25.5974 55.944 -21.1844
25.609 55.9475 -21.2329
25.6565 55.9357 -21.2224
25.6449 55.9322 -21.1739
26.486 59.817 -20.7238
INDEX = 14
4 5 7
6 7 5
1 2 5
6 5 2
0 1 4
5 4 1
7 6 3
2 3 6
4 7 0
3 0 7
8 1 0
8 2 1
8 3 2
8 0 3
FACE-NORMAL = 14
-0.214764 -0.96928 -0.119883
-0.214764 -0.96928 -0.119883
0.218345 0.0105223 -0.975815
0.218345 0.0105223 -0.975815
-0.959962 0.177693 -0.216558
-0.959962 0.177693 -0.216558
0.934237 -0.293798 0.202198
0.934237 -0.293798 0.202198
-0.244071 -0.126627 0.961455
-0.244071 -0.126627 0.961455
-0.519044 0.852382 -0.0635486
0.315644 0.733962 -0.60139
0.822766 0.518388 0.233089
-0.0119216 0.636808 0.77093
BONE = 28
BONE_NAME = Bip01-R-Finger0Nub
PARENT_ID = 27
LOCALTM 
MAT -1.0 0.0 -0.000690356 0.0
MAT 0.0 1.0 0.0 0.0
MAT 0.000690378 0.0 -1.0 0.0
MAT 7.50558 -1.90735e-006 0.0 1.0
WORLDTM 
MAT -0.214764 -0.969281 -0.119884 0.0
MAT -0.948802 0.236169 -0.209755 0.0
MAT 0.231624 0.0686981 -0.970377 0.0
MAT 26.486 59.817 -20.7238 1.0
VERTEX = 9
24.8347 52.8035 -21.9529
24.8347 52.8035 -21.4529
24.8347 52.3035 -21.4529
24.8347 52.3035 -21.9529
28.5847 52.5785 -21.7279
28.5847 52.5785 -21.6779
28.5847 52.5285 -21.6779
28.5847 52.5285 -21.7279
24.5847 52.5535 -21.7029
INDEX = 14
4 5 7
6 7 5
1 2 5
6 5 2
0 1 4
5 4 1
7 6 3
2 3 6
4 7 0
3 0 7
8 1 0
8 2 1
8 3 2
8 0 3
FACE-NORMAL = 14
1.0 -3.28385e-006 -3.26545e-006
1.0 -3.28385e-006 -3.26545e-006
0.0598953 -1.63949e-006 0.998205
0.0598953 -1.63949e-006 0.998205
0.0598961 0.998205 1.38111e-006
0.0598961 0.998205 1.38111e-006
0.0598885 -0.998205 -1.77226e-006
0.0598885 -0.998205 -1.77226e-006
0.0598892 1.24614e-006 -0.998205
0.0598892 1.24614e-006 -0.998205
-0.707104 0.707109 3.42592e-006
-0.707105 1.29997e-006 0.707109
-0.707109 -0.707104 1.19213e-006
-0.707109 3.34409e-006 -0.707105
BONE = 29
BONE_NAME = FxHand01
PARENT_ID = 26
LOCALTM 
MAT 0.946176 0.223252 -0.234326 0.0
MAT -0.247738 0.965479 -0.0804836 0.0
MAT 0.208269 0.134203 0.968821 0.0
MAT 21.1619 0.0700035 -0.56455 1.0
WORLDTM 
MAT 0.999999 -3.28384e-006 -3.26545e-006 0.0
MAT 3.84171e-006 1.0 1.57952e-006 0.0
MAT 3.04938e-006 -1.44541e-006 1.0 0.0
MAT 24.5847 52.5535 -21.7029 1.0
VERTEX = 9
24.7473 52.86 -21.8839
24.6315 52.826 -21.3986
25.1059 52.7079 -21.2938
25.2217 52.7419 -21.779
25.7146 56.4265 -21.1713
25.7031 56.4231 -21.1227
25.7505 56.4113 -21.1123
25.7621 56.4147 -21.1608
24.8729 52.5416 -21.6186
INDEX = 14
4 5 7
6 7 5
1 2 5
6 5 2
0 1 4
5 4 1
7 6 3
2 3 6
4 7 0
3 0 7
8 1 0
8 2 1
8 3 2
8 0 3
FACE-NORMAL = 14
0.214924 0.969328 0.119213
0.214924 0.969328 0.119213
-0.218192 -0.00984992 0.975856
-0.218192 -0.00984992 0.975856
-0.934226 0.293801 -0.202243
-0.934226 0.293801 -0.202243
0.959971 -0.17769 0.216522
0.959971 -0.17769 0.216522
0.243936 0.12596 -0.961576
0.243936 0.12596 -0.961576
-0.822878 -0.518421 -0.232618
-0.315655 -0.733521 0.601921
0.51893 -0.852415 0.0640258
0.0117068 -0.637316 -0.770514
BONE = 30
BONE_NAME = Bip01-R-Finger1
PARENT_ID = 26
LOCALTM 
MAT -0.0119596 0.999846 -0.0128812 0.0
MAT -0.999928 -0.0119594 9.98061e-005 0.0
MAT -5.42514e-005 0.0128815 0.999917 0.0
MAT 21.4551 0.134129 -0.549501 1.0
WORLDTM 
MAT 0.214924 0.969328 0.119213 0.0
MAT -0.948801 0.236169 -0.209759 0.0
MAT -0.23148 -0.0680273 0.970459 0.0
MAT 24.8729 52.5416 -21.6186 1.0
VERTEX = 9
-6.36232 62.4371 -26.7672
-6.54594 61.9772 -26.8363
-6.46208 62.0176 -27.3276
-6.27846 62.4775 -27.2585
-2.97642 60.8083 -26.552
-2.99479 60.7623 -26.5589
-2.9864 60.7663 -26.6081
-2.96804 60.8123 -26.6011
-6.64092 62.3234 -27.0786
INDEX = 14
4 5 7
6 7 5
1 2 5
6 5 2
0 1 4
5 4 1
7 6 3
2 3 6
4 7 0
3 0 7
8 1 0
8 2 1
8 3 2
8 0 3
FACE-NORMAL = 14
0.914877 -0.384015 0.12463
0.914877 -0.384015 0.12463
-0.311786 -0.941138 -0.130572
-0.311786 -0.941138 -0.130572
-0.112641 -0.103599 0.98822
-0.112641 -0.103599 0.98822
0.22223 0.0576 -0.973291
0.22223 0.0576 -0.973291
0.421374 0.895139 0.145501
0.421374 0.895139 0.145501
-0.765523 0.214445 0.60662
-0.906593 -0.37885 -0.185909
-0.528308 0.328635 -0.782873
-0.387238 0.921929 0.00965532
BONE = 31
BONE_NAME = Box_R_Forearm
PARENT_ID = 25
LOCALTM 
MAT 1.0 0.0 0.0 0.0
MAT 0.0 1.0 2.83122e-007 0.0
MAT 0.0 -2.90573e-007 1.0 0.0
MAT 3.8147e-006 7.62939e-006 0.0 1.0
WORLDTM 
MAT 0.914876 -0.384015 0.12463 0.0
MAT -0.167737 -0.0807445 0.98252 0.0
MAT -0.367239 -0.91979 -0.138285 0.0
MAT -6.64092 62.3234 -27.0786 1.0
VERTEX = 9
-0.781622 70.5493 0.488173
-1.10786 70.9281 0.479071
-1.4863 70.6018 0.462233
-1.16006 70.223 0.471335
-1.23896 70.5422 4.22375
-1.27158 70.5801 4.22284
-1.30943 70.5474 4.22116
-1.2768 70.5096 4.22207
-1.12461 70.5776 0.225386
INDEX = 14
4 5 7
6 7 5
1 2 5
6 5 2
0 1 4
5 4 1
7 6 3
2 3 6
4 7 0
3 0 7
8 1 0
8 2 1
8 3 2
8 0 3
FACE-NORMAL = 14
-0.0373951 -0.00819497 0.999267
-0.0373951 -0.00819497 0.999267
-0.653546 0.755739 0.0416767
-0.653546 0.755739 0.0416768
0.753286 0.651018 0.093465
0.753286 0.651018 0.093465
-0.757766 -0.651999 0.0262318
-0.757766 -0.651999 0.0262318
0.649066 -0.75672 0.0780201
0.649066 -0.75672 0.07802
0.561641 0.467309 -0.682775
-0.434929 0.541491 -0.719461
-0.508756 -0.45572 -0.730402
0.487813 -0.529902 -0.693716
BONE = 32
BONE_NAME = Box_back
PARENT_ID = 6
LOCALTM 
MAT -3.58559e-007 1.0 -1.82656e-006 0.0
MAT 0.908658 1.01095e-006 0.41754 0.0
MAT 0.41754 -1.55624e-006 -0.908658 0.0
MAT 2.00951 0.0178756 -3.75394 1.0
WORLDTM 
MAT -0.0373951 -0.00819497 0.999267 0.0
MAT 0.756885 0.65268 0.0336771 0.0
MAT -0.652477 0.757589 -0.0182043 0.0
MAT -1.12461 70.5776 0.225386 1.0
VERTEX = 9
-2.14593 76.2363 24.5968
-2.52348 76.5488 24.4978
-2.61234 76.3059 24.0699
-2.23479 75.9934 24.1688
-4.72228 73.9762 26.1517
-4.76004 74.0074 26.1418
-4.76892 73.9831 26.0991
-4.73117 73.9519 26.109
-2.22137 76.4239 24.2138
INDEX = 14
4 5 7
6 7 5
1 2 5
6 5 2
0 1 4
5 4 1
7 6 3
2 3 6
4 7 0
3 0 7
8 1 0
8 2 1
8 3 2
8 0 3
FACE-NORMAL = 14
-0.631058 -0.611055 0.477889
-0.631058 -0.611055 0.477889
-0.791543 0.587288 -0.168977
-0.791543 0.587288 -0.168977
0.139609 0.448307 0.88291
0.139609 0.448307 0.88291
-0.2152 -0.521501 -0.825667
-0.2152 -0.521501 -0.825667
0.715952 -0.660483 0.22622
0.715952 -0.660483 0.22622
0.571895 0.775576 0.267241
-0.0877129 0.874028 -0.477893
0.320556 0.0885855 -0.943078
0.980164 -0.00986615 -0.197944
BONE = 33
BONE_NAME = Box_left_armor
PARENT_ID = 6
LOCALTM 
MAT -0.806781 0.506144 -0.304831 0.0
MAT 0.535253 0.844571 -0.0142955 0.0
MAT 0.250216 -0.174695 -0.952299 0.0
MAT 7.42226 23.9818 -6.448 1.0
WORLDTM 
MAT -0.631058 -0.611055 0.477889 0.0
MAT 0.177724 0.485776 0.855825 0.0
MAT -0.755102 0.625007 -0.197954 0.0
MAT -2.22137 76.4239 24.2138 1.0
VERTEX = 9
-0.72371 76.9185 -23.4025
-0.230531 76.8923 -23.3245
-0.150052 77.1454 -23.7481
-0.643232 77.1717 -23.8261
-0.594888 80.2486 -21.6538
-0.54557 80.246 -21.646
-0.537522 80.2713 -21.6884
-0.58684 80.274 -21.6962
-0.42826 76.8168 -23.7022
INDEX = 14
4 5 7
6 7 5
1 2 5
6 5 2
0 1 4
5 4 1
7 6 3
2 3 6
4 7 0
3 0 7
8 1 0
8 2 1
8 3 2
8 0 3
FACE-NORMAL = 14
-0.0344863 0.860802 0.50777
-0.0344863 0.860802 0.50777
0.982523 -0.000860628 0.186141
0.982523 -0.000860624 0.186141
-0.162733 -0.45376 0.876139
-0.162733 -0.45376 0.876139
0.158602 0.556871 -0.815316
0.158602 0.556871 -0.815316
-0.986654 0.103972 -0.125318
-0.986654 0.103972 -0.125318
-0.089428 -0.966633 0.240048
0.721847 -0.645809 -0.248732
0.138199 -0.250725 -0.958143
-0.673075 -0.571549 -0.469363
BONE = 34
BONE_NAME = Box_right_armor
PARENT_ID = 6
LOCALTM 
MAT 0.780158 0.501633 -0.373788 0.0
MAT -0.507715 0.856795 0.0901551 0.0
MAT 0.365485 0.119442 0.923122 0.0
MAT 7.42222 -23.9694 -6.44792 1.0
WORLDTM 
MAT -0.0344863 0.860802 0.50777 0.0
MAT -0.160957 -0.506224 0.847249 0.0
MAT 0.986358 -0.0525103 0.15601 0.0
MAT -0.42826 76.8168 -23.7022 1.0
VERTEX = 9
0.965306 62.183 -0.026646
0.965306 62.183 0.473354
0.965306 61.683 0.473354
0.965306 61.683 -0.026646
4.71531 61.958 0.198354
4.71531 61.958 0.248354
4.71531 61.908 0.248354
4.71531 61.908 0.198354
0.715306 61.933 0.223354
INDEX = 14
4 5 7
6 7 5
1 2 5
6 5 2
0 1 4
5 4 1
7 6 3
2 3 6
4 7 0
3 0 7
8 1 0
8 2 1
8 3 2
8 0 3
FACE-NORMAL = 14
1.0 0.0 0.0
1.0 0.0 0.0
0.0598921 0.0 0.998205
0.0598921 0.0 0.998205
0.0598923 0.998205 0.0
0.0598923 0.998205 0.0
0.0598923 -0.998205 0.0
0.0598923 -0.998205 0.0
0.0598925 0.0 -0.998205
0.0598925 0.0 -0.998205
-0.707107 0.707107 0.0
-0.707107 0.0 0.707107
-0.707107 -0.707107 0.0
-0.707107 0.0 -0.707107
BONE = 35
BONE_NAME = FxCenter
PARENT_ID = 5
LOCALTM 
MAT 0.415314 -0.0373933 0.908909 0.0
MAT 0.909387 -0.00819554 -0.41587 0.0
MAT 0.0229996 0.999267 0.0306011 0.0
MAT 1.3122 0.017891 1.50825 1.0
WORLDTM 
MAT 1.0 0.0 0.0 0.0
MAT 0.0 1.0 0.0 0.0
MAT -2.00234e-007 0.0 1.0 0.0
MAT 0.715306 61.933 0.223354 1.0
VERTEX = 9
-3.52556 40.4783 7.94694
-3.13059 40.7632 8.06029
-3.21396 40.6851 8.54706
-3.60892 40.4002 8.43371
4.6165 29.6303 7.83191
4.65599 29.6588 7.84324
4.64766 29.6509 7.89192
4.60816 29.6225 7.88058
-3.51728 40.7834 8.2541
INDEX = 14
4 5 7
6 7 5
1 2 5
6 5 2
0 1 4
5 4 1
7 6 3
2 3 6
4 7 0
3 0 7
8 1 0
8 2 1
8 3 2
8 0 3
FACE-NORMAL = 14
0.590087 -0.80684 -0.0283977
0.590087 -0.80684 -0.0283977
0.799616 0.55628 0.226199
0.799616 0.55628 0.226199
0.176499 0.142799 -0.973887
0.176499 0.142799 -0.973887
-0.15692 -0.16957 0.972945
-0.15692 -0.16957 0.972945
-0.780037 -0.583052 -0.227141
-0.780037 -0.583052 -0.227141
-0.299357 0.680976 -0.668324
0.141314 0.973392 0.180382
-0.535152 0.460068 0.708484
-0.975823 0.167652 -0.140222
BONE = 36
BONE_NAME = Bip01-L-Thigh
PARENT_ID = 3
LOCALTM 
MAT -0.870047 -0.028401 0.49215 0.0
MAT 0.135736 -0.97355 0.18378 0.0
MAT 0.473913 0.2267 0.85089 0.0
MAT -1.14441e-005 8.2541 1.3113e-005 1.0
WORLDTM 
MAT 0.590087 -0.80684 -0.0283978 0.0
