EXPORTER_V17
ANIMATION_EXPORT
BONEOBJECT_COUNT = 72
VERTEX = 9
0.25 0.25 -0.25
0.25 0.25 0.25
0.25 -0.25 0.25
0.25 -0.25 -0.25
4.0 0.025 -0.025
4.0 0.025 0.025
4.0 -0.025 0.025
4.0 -0.025 -0.025
0.0 0.0 0.0
INDEX = 14
4 5 7
6 7 5
1 2 5
6 5 2
0 1 4
5 4 1
7 6 3
2 3 6
4 7 0
3 0 7
8 1 0
8 2 1
8 3 2
8 0 3
FACE-NORMAL = 14
1.0 0.0 0.0
1.0 0.0 0.0
0.0598923 -1.75922e-007 0.998205
0.0598923 -1.75922e-007 0.998205
0.0598923 0.998205 1.75922e-007
0.0598923 0.998205 1.75922e-007
0.0598923 -0.998205 -1.75922e-007
0.0598923 -0.998205 -1.75922e-007
0.0598923 1.75922e-007 -0.998205
0.0598923 1.75922e-007 -0.998205
-0.707107 0.707107 1.2462e-007
-0.707107 -1.2462e-007 0.707107
-0.707107 -0.707107 -1.2462e-007
-0.707107 1.2462e-007 -0.707107
BONE = 0
BONE_NAME = Dummy_root
PARENT_ID = -1
LOCALTM 
MAT 1.0 0.0 0.0 0.0
MAT 0.0 1.0 1.76239e-007 0.0
MAT 0.0 -1.76239e-007 1.0 0.0
MAT 0.0 0.0 0.0 1.0
WORLDTM 
MAT 1.0 0.0 0.0 0.0
MAT 0.0 1.0 1.76239e-007 0.0
MAT 0.0 -1.76239e-007 1.0 0.0
MAT 0.0 0.0 0.0 1.0
VERTEX = 9
0.25 0.25 -0.25
0.25 0.25 0.25
0.25 -0.25 0.25
0.25 -0.25 -0.25
4.0 0.025 -0.025
4.0 0.025 0.025
4.0 -0.025 0.025
4.0 -0.025 -0.025
0.0 0.0 0.0
INDEX = 14
4 5 7
6 7 5
1 2 5
6 5 2
0 1 4
5 4 1
7 6 3
2 3 6
4 7 0
3 0 7
8 1 0
8 2 1
8 3 2
8 0 3
FACE-NORMAL = 14
1.0 0.0 0.0
1.0 0.0 0.0
0.0598923 -1.75922e-007 0.998205
0.0598923 -1.75922e-007 0.998205
0.0598923 0.998205 1.75922e-007
0.0598923 0.998205 1.75922e-007
0.0598923 -0.998205 -1.75922e-007
0.0598923 -0.998205 -1.75922e-007
0.0598923 1.75922e-007 -0.998205
0.0598923 1.75922e-007 -0.998205
-0.707107 0.707107 1.2462e-007
-0.707107 -1.2462e-007 0.707107
-0.707107 -0.707107 -1.2462e-007
-0.707107 1.2462e-007 -0.707107
BONE = 1
BONE_NAME = FxBottom
PARENT_ID = 0
LOCALTM 
MAT 1.0 0.0 0.0 0.0
MAT 0.0 1.0 0.0 0.0
MAT 0.0 0.0 1.0 0.0
MAT 0.0 0.0 0.0 1.0
WORLDTM 
MAT 1.0 0.0 0.0 0.0
MAT 0.0 1.0 1.76239e-007 0.0
MAT 0.0 -1.76239e-007 1.0 0.0
MAT 0.0 0.0 0.0 1.0
VERTEX = 9
-3.32784 41.0819 -0.249993
-3.32784 41.0819 0.250007
-3.21874 40.594 0.250007
-3.21874 40.594 -0.249993
0.380884 41.6807 -0.0249872
0.380884 41.6807 0.0250128
0.391794 41.6319 0.0250128
0.391795 41.6319 -0.0249872
-3.51726 40.7834 6.76833e-006
INDEX = 14
4 5 7
6 7 5
1 2 5
6 5 2
0 1 4
5 4 1
7 6 3
2 3 6
4 7 0
3 0 7
8 1 0
8 2 1
8 3 2
8 0 3
FACE-NORMAL = 14
0.975901 0.218214 1.51261e-006
0.975901 0.218214 1.51261e-006
0.0584475 0.0130689 0.998205
0.0584475 0.0130689 0.998205
-0.159373 0.987218 2.38654e-007
-0.159373 0.987218 2.38654e-007
0.276271 -0.96108 0.0
0.276271 -0.96108 0.0
0.0584504 0.0130698 -0.998205
0.0584504 0.0130698 -0.998205
-0.844367 0.535766 -9.64697e-007
-0.690067 -0.154301 0.707106
-0.535766 -0.844367 -1.17446e-006
-0.690065 -0.1543 -0.707108
BONE = 2
BONE_NAME = Bip01
PARENT_ID = 0
LOCALTM 
MAT 0.975901 0.218214 1.47416e-006 0.0
MAT -0.218214 0.975901 0.0 0.0
MAT -1.44379e-006 -2.98587e-007 1.0 0.0
MAT -3.51726 40.7834 -4.19291e-007 1.0
WORLDTM 
MAT 0.975901 0.218214 1.51261e-006 0.0
MAT -0.218214 0.975901 1.48327e-007 0.0
MAT -1.44379e-006 -4.74826e-007 1.0 0.0
MAT -3.51726 40.7834 6.76833e-006 1.0
VERTEX = 9
-3.79849 40.9976 0.250064
-3.30299 41.0646 0.250086
-3.30299 41.0647 -0.249914
-3.79849 40.9978 -0.249936
-5.51905 55.4125 0.0290331
-5.4695 55.4192 0.0290353
-5.4695 55.4192 -0.0209648
-5.51905 55.4125 -0.020967
-3.51726 40.7834 6.76833e-006
INDEX = 14
4 5 7
6 7 5
1 2 5
6 5 2
0 1 4
5 4 1
7 6 3
2 3 6
4 7 0
3 0 7
8 1 0
8 2 1
8 3 2
8 0 3
FACE-NORMAL = 14
-0.133895 0.990996 0.000272758
-0.133895 0.990996 0.000272758
0.988801 0.149238 4.82742e-005
0.988801 0.149238 4.82742e-005
-0.00208235 0.0150832 0.999884
-0.00208235 0.0150832 0.999884
-0.0020681 0.0156356 -0.999876
-0.0020681 0.0156356 -0.999876
-0.992952 -0.118519 -3.98193e-005
-0.992952 -0.118519 -3.98193e-005
0.0946728 -0.700935 0.706914
0.795417 -0.606062 -0.00016172
0.0946828 -0.700544 -0.7073
-0.606062 -0.795417 -0.000224019
BONE = 3
BONE_NAME = Bip01-Pelvis
PARENT_ID = 2
LOCALTM 
MAT 0.0855812 0.996331 0.000272481 0.0
MAT -6.57167e-005 -0.000267871 1.0 0.0
MAT 0.996331 -0.0855812 4.25577e-005 0.0
MAT 0.0 0.0 0.0 1.0
WORLDTM 
MAT -0.133895 0.990996 0.000272758 0.0
MAT -7.12369e-006 -0.00027623 1.0 0.0
MAT 0.990996 0.133895 4.4052e-005 0.0
MAT -3.51726 40.7834 6.76833e-006 1.0
VERTEX = 9
-4.23378 55.9047 0.180081
-3.8339 55.631 0.303327
-3.7165 55.5847 -0.180482
-4.11639 55.8584 -0.303728
-0.603264 60.8758 0.352325
-0.563275 60.8485 0.364649
-0.551536 60.8438 0.316268
-0.591524 60.8712 0.303944
-4.11326 55.5368 -0.013798
INDEX = 14
4 5 7
6 7 5
1 2 5
6 5 2
0 1 4
5 4 1
7 6 3
2 3 6
4 7 0
3 0 7
8 1 0
8 2 1
8 3 2
8 0 3
FACE-NORMAL = 14
0.552488 0.831744 0.0543907
0.552488 0.831744 0.0543907
0.819434 -0.516592 0.248315
0.819434 -0.516592 0.248315
-0.214432 0.123031 0.968959
-0.214432 0.123031 0.968959
0.254832 -0.0622113 -0.964982
0.254832 -0.0622113 -0.964982
-0.779035 0.577412 -0.244337
-0.779035 0.577412 -0.244337
-0.556689 -0.522595 0.645749
0.174854 -0.975179 0.135835
-0.224647 -0.653669 -0.722669
-0.95619 -0.201085 -0.212755
BONE = 4
BONE_NAME = Bip01-Spine
PARENT_ID = 3
LOCALTM 
MAT 0.750295 0.0541571 0.658882 0.0
MAT 0.12355 0.967594 -0.220223 0.0
MAT -0.649457 0.246636 0.719289 0.0
MAT 14.7003 -0.0178754 1.38476 1.0
WORLDTM 
MAT 0.552488 0.831744 0.0543907 0.0
MAT -0.234789 0.0926832 0.967618 0.0
MAT 0.799769 -0.547368 0.246491 0.0
MAT -4.11326 55.5368 -0.013798 1.0
VERTEX = 9
-0.702323 61.2307 0.526436
-0.303418 60.9564 0.651455
-0.183887 60.91 0.168178
-0.582791 61.1843 0.0431596
2.93486 66.1963 0.716175
2.97475 66.1689 0.728677
2.9867 66.1643 0.680349
2.94681 66.1917 0.667848
-0.581477 60.8626 0.33304
INDEX = 14
4 5 7
6 7 5
1 2 5
6 5 2
0 1 4
5 4 1
7 6 3
2 3 6
4 7 0
3 0 7
8 1 0
8 2 1
8 3 2
8 0 3
FACE-NORMAL = 14
0.553488 0.8309 0.0570669
0.553488 0.8309 0.0570669
0.817513 -0.517872 0.251955
0.817513 -0.517872 0.251955
-0.218667 0.12318 0.967993
-0.218667 0.12318 0.967993
0.25914 -0.0624222 -0.963821
0.25914 -0.0624223 -0.963821
-0.77704 0.57863 -0.247783
-0.77704 0.57863 -0.247783
-0.560418 -0.521871 0.643104
0.172762 -0.975466 0.13645
-0.222332 -0.653199 -0.723809
-0.955511 -0.199604 -0.217155
BONE = 5
BONE_NAME = Bip01-Spine1
PARENT_ID = 4
LOCALTM 
MAT 0.999996 0.00227665 0.00192097 0.0
MAT -0.00226938 0.999991 -0.00377917 0.0
MAT -0.00192958 0.00377481 0.999991 0.0
MAT 6.39989 4.76837e-007 -0.00510025 1.0
WORLDTM 
MAT 0.553488 0.8309 0.057067 0.0
MAT -0.239063 0.0928634 0.966554 0.0
MAT 0.79781 -0.548618 0.250036 0.0
MAT -0.581477 60.8626 0.33304 1.0
VERTEX = 9
2.83694 66.5514 0.890652
3.23531 66.2761 1.01516
3.35425 66.2296 0.531748
2.95588 66.5049 0.407238
7.88228 73.5931 1.22165
7.92212 73.5655 1.2341
7.93401 73.5609 1.18576
7.89417 73.5884 1.17331
2.95672 66.1831 0.696987
INDEX = 14
4 5 7
6 7 5
1 2 5
6 5 2
0 1 4
5 4 1
7 6 3
2 3 6
4 7 0
3 0 7
8 1 0
8 2 1
8 3 2
8 0 3
FACE-NORMAL = 14
0.555524 0.829555 0.0568511
0.555524 0.829555 0.0568511
0.810903 -0.528896 0.250412
0.810903 -0.528896 0.250412
-0.223375 0.114547 0.967979
-0.223375 0.114547 0.967979
0.252222 -0.0714707 -0.965026
0.252222 -0.0714707 -0.965026
-0.782056 0.571972 -0.24746
-0.782056 0.571972 -0.24746
-0.56102 -0.520794 0.643451
0.170571 -0.975931 0.135884
-0.224609 -0.652373 -0.723851
-0.9562 -0.197237 -0.216283
BONE = 6
BONE_NAME = Bip01-Spine2
PARENT_ID = 5
LOCALTM 
MAT 0.999997 -0.000820339 0.0023087 0.0
MAT 0.000818186 0.999999 0.000916567 0.0
MAT -0.00230923 -0.00091473 0.999997 0.0
MAT 6.39989 -4.76837e-007 -0.00509644 1.0
WORLDTM 
MAT 0.555524 0.829555 0.0568511 0.0
MAT -0.237879 0.0930403 0.966829 0.0
MAT 0.796748 -0.55062 0.24902 0.0
MAT 2.95672 66.1831 0.696987 1.0
VERTEX = 9
8.36407 73.5096 1.58094
8.76245 73.2343 1.70545
8.88138 73.1878 1.22204
8.48301 73.4631 1.09753
10.6801 76.4757 1.63263
10.7199 76.4481 1.64508
10.7318 76.4435 1.59674
10.692 76.471 1.58429
8.48385 73.1413 1.38728
INDEX = 14
4 5 7
6 7 5
1 2 5
6 5 2
0 1 4
5 4 1
7 6 3
2 3 6
4 7 0
3 0 7
8 1 0
8 2 1
8 3 2
8 0 3
FACE-NORMAL = 14
0.555524 0.829555 0.0568511
0.555524 0.829555 0.0568511
0.828589 -0.499947 0.251977
0.828589 -0.499947 0.251977
-0.20418 0.142557 0.968498
-0.20418 0.142557 0.968498
0.270723 -0.0431893 -0.961688
0.270723 -0.0431893 -0.961688
-0.762046 0.599315 -0.245168
-0.762046 0.599315 -0.245168
-0.56102 -0.520794 0.643451
0.170571 -0.975931 0.135884
-0.224609 -0.652373 -0.723851
-0.9562 -0.197237 -0.216283
BONE = 7
BONE_NAME = Bip01-Neck
PARENT_ID = 6
LOCALTM 
MAT 1.0 0.0 0.0 0.0
MAT 0.0 1.0 0.0 0.0
MAT 0.0 0.0 1.0 0.0
MAT 8.88195 2.86102e-006 0.744274 1.0
WORLDTM 
MAT 0.555524 0.829555 0.0568511 0.0
MAT -0.237879 0.0930403 0.966828 0.0
MAT 0.796748 -0.55062 0.24902 0.0
MAT 8.48385 73.1413 1.38728 1.0
VERTEX = 9
10.0866 75.784 1.79764
10.3652 75.3689 1.7996
10.3729 75.3716 1.29967
10.0942 75.7868 1.2977
19.556 81.8682 1.75113
19.5839 81.8266 1.75133
19.5847 81.8269 1.70133
19.5568 81.8684 1.70114
10.0222 75.4385 1.54471
INDEX = 14
4 5 7
6 7 5
1 2 5
6 5 2
0 1 4
5 4 1
7 6 3
2 3 6
4 7 0
3 0 7
8 1 0
8 2 1
8 3 2
8 0 3
FACE-NORMAL = 14
0.830194 0.557251 0.0157831
0.830194 0.557251 0.0157831
0.573753 -0.819018 0.00424417
0.573753 -0.819018 0.00424417
0.00130721 0.00560958 0.999983
0.00130721 0.00560958 0.999983
0.0318906 0.0166738 -0.999352
0.0318906 0.0166738 -0.999352
-0.540555 0.841301 -0.00361304
-0.540555 0.841301 -0.00361304
-0.597851 -0.397949 0.695853
-0.19299 -0.981165 -0.00838184
-0.576221 -0.390124 -0.718174
-0.981082 0.193093 -0.0139388
BONE = 8
BONE_NAME = Bip01-Head
PARENT_ID = 7
LOCALTM 
MAT 0.92436 -0.130379 0.358552 0.0
MAT 0.0437568 0.969824 0.239847 0.0
MAT -0.379003 -0.206016 0.902172 0.0
MAT 2.76918 -4.76837e-007 0.0 1.0
WORLDTM 
MAT 0.830194 0.557252 0.0157831 0.0
MAT -0.0152948 -0.00553323 0.999868 0.0
MAT 0.557265 -0.830325 0.00392939 0.0
MAT 10.0222 75.4385 1.54471 1.0
VERTEX = 9
19.6347 82.1931 1.97916
19.9134 81.7779 1.98113
19.921 81.7807 1.48119
19.6424 82.1958 1.47923
22.8768 84.0972 1.81426
22.9047 84.0557 1.81446
22.9054 84.0559 1.76447
22.8776 84.0975 1.76427
19.5703 81.8475 1.72623
INDEX = 14
4 5 7
6 7 5
1 2 5
6 5 2
0 1 4
5 4 1
7 6 3
2 3 6
4 7 0
3 0 7
8 1 0
8 2 1
8 3 2
8 0 3
FACE-NORMAL = 14
0.830194 0.557251 0.0157831
0.830194 0.557251 0.0157831
0.605987 -0.79546 0.00486762
0.605987 -0.79546 0.00486762
0.0344548 0.0278517 0.999018
0.0344549 0.0278517 0.999018
0.0649895 0.0388983 -0.997128
0.0649895 0.0388983 -0.997128
-0.506543 0.86221 -0.00297705
-0.506543 0.86221 -0.00297705
-0.597851 -0.397949 0.695853
-0.19299 -0.981165 -0.00838184
-0.576221 -0.390124 -0.718174
-0.981082 0.193093 -0.0139388
BONE = 9
BONE_NAME = Bip01-HeadNub
PARENT_ID = 8
LOCALTM 
MAT 1.0 0.0 0.0 0.0
MAT 0.0 1.0 0.0 0.0
MAT 0.0 0.0 1.0 0.0
MAT 11.5011 4.76837e-007 -1.14441e-005 1.0
WORLDTM 
MAT 0.830194 0.557252 0.0157831 0.0
MAT -0.0152948 -0.00553323 0.999868 0.0
MAT 0.557265 -0.830325 0.00392939 0.0
MAT 19.5703 81.8475 1.72623 1.0
VERTEX = 9
13.1184 76.5052 1.86611
12.8394 76.9201 1.86965
12.4245 76.6412 1.86292
12.7035 76.2263 1.85939
12.7612 76.4831 8.09334
12.7333 76.5246 8.09369
12.6918 76.4967 8.09302
12.7197 76.4552 8.09266
12.7732 76.5765 1.61455
INDEX = 14
4 5 7
6 7 5
1 2 5
6 5 2
0 1 4
5 4 1
7 6 3
2 3 6
4 7 0
3 0 7
8 1 0
8 2 1
8 3 2
8 0 3
FACE-NORMAL = 14
-0.00721475 -0.0133693 0.999885
-0.00721475 -0.0133693 0.999885
-0.557909 0.828779 0.0431556
-0.557909 0.828779 0.0431556
0.829 0.557051 0.0495295
0.829 0.557051 0.0495295
-0.829521 -0.558016 0.0226534
-0.829521 -0.558016 0.0226534
0.557388 -0.829745 0.0290274
0.557388 -0.829745 0.0290274
0.59186 0.403946 -0.697517
-0.389473 0.596213 -0.702027
-0.581657 -0.385039 -0.716534
0.399676 -0.577306 -0.712023
BONE = 10
BONE_NAME = Box_head
PARENT_ID = 8
LOCALTM 
MAT 0.0023416 0.999937 0.0110092 0.0
MAT 0.999997 -0.00233356 -0.000763655 0.0
MAT -0.000737876 0.011011 -0.999939 0.0
MAT 2.91917 0.0214542 0.588417 1.0
WORLDTM 
MAT -0.00721475 -0.0133693 0.999885 0.0
MAT 0.829802 0.557897 0.0134468 0.0
MAT -0.558012 0.829803 0.00706872 0.0
MAT 12.7732 76.5765 1.61455 1.0
VERTEX = 9
12.1578 69.7886 1.7658
12.418 70.2154 1.77338
11.9911 70.4757 1.77378
11.7309 70.0488 1.7662
12.0557 70.0476 5.51896
12.0818 70.0903 5.51972
12.0391 70.1163 5.51976
12.013 70.0737 5.519
12.0763 70.1355 1.51982
INDEX = 14
4 5 7
6 7 5
1 2 5
6 5 2
0 1 4
5 4 1
7 6 3
2 3 6
4 7 0
3 0 7
8 1 0
8 2 1
8 3 2
8 0 3
FACE-NORMAL = 14
-0.00721449 -0.0133688 0.999885
-0.00721449 -0.0133688 0.999885
0.519142 0.851388 0.0750281
0.519142 0.851388 0.0750281
0.851861 -0.520424 0.0590873
0.851861 -0.520424 0.0590874
-0.852725 0.518823 0.0606834
-0.852725 0.518823 0.0606834
-0.520006 -0.85299 0.0447427
-0.520007 -0.85299 0.0447426
0.608847 -0.358637 -0.70759
0.373157 0.613125 -0.696298
-0.598645 0.377543 -0.70646
-0.362954 -0.594219 -0.717752
BONE = 11
BONE_NAME = Box_lips
PARENT_ID = 10
LOCALTM 
MAT 1.0 4.78234e-007 2.44007e-007 0.0
MAT 0.0 0.418078 -0.908412 0.0
MAT -5.33648e-007 0.908411 0.418077 0.0
MAT -0.00357413 -4.17309 -4.95657 1.0
WORLDTM 
MAT -0.00721449 -0.0133688 0.999885 0.0
MAT 0.853826 -0.520558 -0.000799472 0.0
MAT 0.520509 0.853722 0.01517 0.0
MAT 12.0763 70.1355 1.51982 1.0
VERTEX = 9
22.8774 85.2968 1.55855
22.8774 85.2968 2.05855
22.8774 84.7968 2.05855
22.8774 84.7968 1.55855
26.6274 85.0718 1.78355
26.6274 85.0718 1.83355
26.6274 85.0218 1.83355
26.6274 85.0218 1.78355
22.6274 85.0468 1.80855
INDEX = 14
4 5 7
6 7 5
1 2 5
6 5 2
0 1 4
5 4 1
7 6 3
2 3 6
4 7 0
3 0 7
8 1 0
8 2 1
8 3 2
8 0 3
FACE-NORMAL = 14
1.0 1.56462e-007 2.10071e-007
1.0 1.56462e-007 2.10071e-007
0.0598921 0.0 0.998205
0.0598921 0.0 0.998205
0.0598925 0.998205 0.0
0.0598925 0.998205 0.0
0.0598921 -0.998205 0.0
0.0598921 -0.998205 0.0
0.0598925 0.0 -0.998205
0.0598925 0.0 -0.998205
-0.707107 0.707107 -1.46897e-007
-0.707107 0.0 0.707107
-0.707107 -0.707107 -1.50189e-007
-0.707107 0.0 -0.707107
BONE = 12
BONE_NAME = FxTop
PARENT_ID = 8
LOCALTM 
MAT 0.830194 -0.0152946 0.557265 0.0
MAT 0.557252 -0.00553322 -0.830325 0.0
MAT 0.0157829 0.999868 0.00392926 0.0
MAT 15.8232 0.0178459 -0.952511 1.0
WORLDTM 
MAT 1.0 1.56462e-007 2.10071e-007 0.0
MAT 1.71363e-007 1.0 0.0 0.0
MAT -2.01806e-007 0.0 1.0 0.0
MAT 22.6274 85.0468 1.80855 1.0
VERTEX = 9
-2.08578 73.3921 18.9462
-2.47051 73.6611 18.774
-2.75189 73.2481 18.7577
-2.36717 72.9791 18.9299
-4.13018 74.3013 24.2812
-4.16865 74.3282 24.264
-4.19679 74.2869 24.2623
-4.15832 74.26 24.2796
-2.34333 73.278 18.6174
INDEX = 14
4 5 7
6 7 5
1 2 5
6 5 2
0 1 4
5 4 1
7 6 3
2 3 6
4 7 0
3 0 7
8 1 0
8 2 1
8 3 2
8 0 3
FACE-NORMAL = 14
-0.30203 0.168608 0.938269
-0.30203 0.168608 0.938269
-0.780626 0.544079 -0.307573
-0.780626 0.544079 -0.307573
0.550596 0.831896 0.0692279
0.550596 0.831896 0.0692279
-0.574108 -0.818771 0.00381097
-0.574108 -0.818771 0.00381098
0.757115 -0.530954 0.380612
0.757115 -0.530954 0.380612
0.611512 0.464818 -0.64031
-0.330518 0.261146 -0.906951
-0.184377 -0.703265 -0.686602
0.757653 -0.499593 -0.419962
BONE = 13
BONE_NAME = Bip01-L-Clavicle
PARENT_ID = 6
LOCALTM 
MAT 0.0254261 0.994679 -0.0998335 0.0
MAT 0.999676 -0.025378 0.00175372 0.0
MAT -0.000789195 -0.0998457 -0.995003 0.0
MAT 3.96008 19.2468 -3.66685 1.0
WORLDTM 
MAT -0.30203 0.168608 0.938269 0.0
MAT 0.562778 0.82596 0.0327333 0.0
MAT -0.769454 0.537924 -0.344354 0.0
MAT -2.34333 73.278 18.6174 1.0
VERTEX = 9
-4.48235 74.1055 24.0475
-4.02126 73.9208 24.1047
-4.03735 74.0313 24.592
-4.49843 74.2161 24.5349
-9.12754 62.7263 26.7069
-9.08143 62.7078 26.7126
-9.08304 62.7189 26.7614
-9.12915 62.7374 26.7557
-4.16349 74.2941 24.2718
INDEX = 14
4 5 7
6 7 5
1 2 5
6 5 2
0 1 4
5 4 1
7 6 3
2 3 6
4 7 0
3 0 7
8 1 0
8 2 1
8 3 2
8 0 3
FACE-NORMAL = 14
-0.38544 -0.902525 0.192055
-0.38544 -0.902525 0.192055
0.915127 -0.385604 0.117697
0.915127 -0.385604 0.117697
0.02527 -0.237271 -0.971115
0.02527 -0.237271 -0.971115
-0.0390651 0.204969 0.977989
-0.039065 0.204969 0.977989
-0.928922 0.353302 -0.110824
-0.928922 0.353302 -0.110824
0.295297 0.481801 -0.825026
0.924621 0.376897 -0.0549964
0.249798 0.794562 0.553419
-0.379527 0.899466 -0.216611
BONE = 14
BONE_NAME = Bip01-L-UpperArm
PARENT_ID = 13
LOCALTM 
MAT 0.144441 -0.956079 -0.255046 0.0
MAT -0.961544 -0.196465 0.191924 0.0
MAT -0.233602 0.217517 -0.94769 0.0
MAT 6.02639 -7.62939e-006 0.0 1.0
WORLDTM 
MAT -0.38544 -0.902525 0.192055 0.0
MAT 0.0321727 -0.221155 -0.974708 0.0
MAT 0.922172 -0.369512 0.114279 0.0
MAT -4.16349 74.2941 24.2718 1.0
VERTEX = 9
-9.30562 62.3874 26.5471
-8.81185 62.466 26.5456
-8.82794 62.5766 27.0329
-9.32171 62.4979 27.0345
-7.26753 51.0827 29.4102
-7.21815 51.0906 29.41
-7.21976 51.1016 29.4588
-7.26913 51.0938 29.4589
-9.10529 62.7226 26.7341
INDEX = 14
4 5 7
6 7 5
1 2 5
6 5 2
0 1 4
5 4 1
7 6 3
2 3 6
4 7 0
3 0 7
8 1 0
8 2 1
8 3 2
8 0 3
FACE-NORMAL = 14
0.154059 -0.962461 0.223462
0.154059 -0.962461 0.223462
0.990288 0.139027 0.00114237
0.990288 0.139027 0.00114237
0.0350954 -0.239411 -0.970284
0.0350954 -0.239411 -0.970284
-0.0292383 0.20282 0.978779
-0.0292383 0.20282 0.978779
-0.984431 -0.175619 0.00735343
-0.984431 -0.175619 0.00735343
-0.0861863 0.524182 -0.847234
0.589359 0.791827 -0.160208
-0.131685 0.836943 0.531211
-0.80723 0.569298 -0.155815
BONE = 15
BONE_NAME = Bip01-L-Forearm
PARENT_ID = 14
LOCALTM 
MAT 0.852181 0.0 0.523247 0.0
MAT 0.0 1.0 0.0 0.0
MAT -0.523246 0.0 0.852181 0.0
MAT 12.8212 0.0 0.0 1.0
WORLDTM 
MAT 0.154059 -0.962461 0.223462 0.0
MAT 0.0321727 -0.221155 -0.974708 0.0
MAT 0.987538 0.157351 -0.00310609 0.0
MAT -9.10529 62.7226 26.7341 1.0
VERTEX = 9
-7.29 50.9142 29.8265
-7.54421 50.7809 29.4171
-7.12054 50.7883 29.1516
-6.86634 50.9215 29.5611
-4.92659 36.4961 32.7762
-4.95201 36.4828 32.7352
-4.90964 36.4836 32.7087
-4.88422 36.4969 32.7496
-7.24364 51.0922 29.4345
INDEX = 14
4 5 7
6 7 5
1 2 5
6 5 2
0 1 4
5 4 1
7 6 3
2 3 6
4 7 0
3 0 7
8 1 0
8 2 1
8 3 2
8 0 3
FACE-NORMAL = 14
0.153482 -0.963732 0.218319
0.153482 -0.963732 0.218319
-0.50604 -0.280985 -0.815458
-0.50604 -0.280985 -0.815457
-0.84491 -0.0292293 0.534109
-0.84491 -0.0292293 0.534109
0.849544 0.000130233 -0.527517
0.849544 0.000130232 -0.527517
0.510674 0.251886 0.822049
0.510674 0.251886 0.822049
-0.707676 0.67108 0.22101
-0.468032 0.493042 -0.733387
0.49062 0.691843 -0.529759
0.250976 0.869882 0.424638
BONE = 16
BONE_NAME = Bip01-L-Hand
PARENT_ID = 15
LOCALTM 
MAT 0.999986 0.00527596 -0.000753969 0.0
MAT 0.00222295 -0.541461 -0.840723 0.0
MAT -0.00484389 0.84071 -0.541465 0.0
MAT 12.0841 -7.62939e-006 0.0 1.0
WORLDTM 
MAT 0.153482 -0.963732 0.218319 0.0
MAT -0.847324 -0.0146815 0.530874 0.0
MAT -0.508415 -0.266466 -0.818847 0.0
MAT -7.24364 51.0922 29.4345 1.0
VERTEX = 9
-4.81554 36.3716 33.3279
-5.06941 36.2384 32.9182
-4.64886 36.2646 32.6491
-4.39499 36.3979 33.0587
-1.63006 20.2635 36.3179
-1.65545 20.2502 36.277
-1.61339 20.2528 36.25
-1.58801 20.2661 36.291
-4.7788 36.5587 32.9391
INDEX = 14
4 5 7
6 7 5
1 2 5
6 5 2
0 1 4
5 4 1
7 6 3
2 3 6
4 7 0
3 0 7
8 1 0
8 2 1
8 3 2
8 0 3
FACE-NORMAL = 14
0.1864 -0.96242 0.197491
0.1864 -0.96242 0.197491
-0.505181 -0.279405 -0.816532
-0.505181 -0.279405 -0.816532
-0.838514 -0.0654092 0.54094
-0.838514 -0.0654092 0.54094
0.84354 0.039458 -0.535615
0.84354 0.039458 -0.535615
0.510207 0.253454 0.821857
0.510207 0.253454 0.821857
-0.726555 0.643454 0.241007
-0.490831 0.492122 -0.718958
0.462945 0.717613 -0.520301
0.227222 0.868945 0.439664
BONE = 17
BONE_NAME = Bip01-L-Finger0
PARENT_ID = 16
LOCALTM 
MAT 0.99924 -0.0389693 -3.1054e-005 0.0
MAT 0.0389693 0.99924 0.00079573 0.0
MAT 0.0 -0.000796389 1.0 0.0
MAT 15.1498 -0.0146465 -0.250225 1.0
WORLDTM 
MAT 0.1864 -0.96242 0.19749 0.0
MAT -0.841103 -0.0524383 0.538327 0.0
MAT -0.50774 -0.266454 -0.819269 0.0
MAT -4.7788 36.5587 32.9391 1.0
VERTEX = 9
-1.65847 20.0711 36.6728
-1.91234 19.9378 36.2631
-1.49179 19.9641 35.994
-1.23792 20.0973 36.4036
-0.884461 16.4138 37.1079
-0.909847 16.4005 37.0669
-0.867792 16.4031 37.04
-0.842405 16.4165 37.081
-1.62173 20.2582 36.284
INDEX = 14
4 5 7
6 7 5
1 2 5
6 5 2
0 1 4
5 4 1
7 6 3
2 3 6
4 7 0
3 0 7
8 1 0
8 2 1
8 3 2
8 0 3
FACE-NORMAL = 14
0.1864 -0.96242 0.197491
0.1864 -0.96242 0.197491
-0.495665 -0.323617 -0.80597
-0.495665 -0.323617 -0.80597
-0.828429 -0.109986 0.549188
-0.828429 -0.109986 0.549188
0.850757 -0.00529731 -0.525532
0.850757 -0.00529731 -0.525532
0.517993 0.208334 0.829627
0.517993 0.208334 0.829627
-0.726555 0.643454 0.241007
-0.490831 0.492122 -0.718958
0.462945 0.717613 -0.520301
0.227222 0.868945 0.439664
BONE = 18
BONE_NAME = Bip01-L-Finger0Nub
PARENT_ID = 17
LOCALTM 
MAT 1.0 0.0 0.0 0.0
MAT 0.0 1.0 0.0 0.0
MAT 0.0 0.0 1.0 0.0
MAT 16.9371 0.0 0.0 1.0
WORLDTM 
MAT 0.1864 -0.96242 0.19749 0.0
MAT -0.841104 -0.0524384 0.538327 0.0
MAT -0.50774 -0.266454 -0.81927 0.0
MAT -1.62173 20.2582 36.284 1.0
VERTEX = 9
-2.05786 22.2937 35.9704
-2.13681 22.7773 35.871
-2.55942 22.7631 36.1379
-2.48046 22.2795 36.2373
-0.368898 23.4511 39.1282
-0.376794 23.4995 39.1182
-0.419054 23.4981 39.1449
-0.411158 23.4497 39.1549
-2.43628 22.4653 35.8486
INDEX = 14
4 5 7
6 7 5
1 2 5
6 5 2
0 1 4
5 4 1
7 6 3
2 3 6
4 7 0
3 0 7
8 1 0
8 2 1
8 3 2
8 0 3
FACE-NORMAL = 14
0.510576 0.252323 0.821976
0.510576 0.252323 0.821976
-0.127049 0.980605 -0.149237
-0.127049 0.980605 -0.149237
0.87427 0.0433468 -0.483501
0.87427 0.0433468 -0.483501
-0.813111 -0.0131224 0.581961
-0.813111 -0.0131224 0.581961
0.188208 -0.950381 0.247697
0.188208 -0.950381 0.247697
0.23662 -0.158419 -0.9586
-0.472693 0.505515 -0.721815
-0.958684 -0.19842 -0.20385
-0.249371 -0.862354 -0.440635
BONE = 19
BONE_NAME = Box_water
PARENT_ID = 17
LOCALTM 
MAT 0.0146627 -0.00018704 -0.999893 0.0
MAT 0.0249262 -0.999689 0.000552394 0.0
MAT -0.999582 -0.0249316 -0.0146534 0.0
MAT 14.575 0.335028 0.18214 1.0
WORLDTM 
MAT 0.510576 0.252323 0.821977 0.0
MAT 0.845208 0.0282854 -0.533689 0.0
MAT -0.157912 0.967229 -0.198824 0.0
MAT -2.43628 22.4653 35.8486 1.0
VERTEX = 9
2.49841 40.0399 43.9097
2.0785 40.0333 44.181
1.81897 39.8968 43.776
2.23888 39.9034 43.5047
2.7887 36.3683 44.6834
2.74671 36.3676 44.7106
2.72076 36.354 44.6701
2.76275 36.3547 44.6429
2.11895 40.2088 43.7873
INDEX = 14
4 5 7
6 7 5
1 2 5
6 5 2
0 1 4
5 4 1
7 6 3
2 3 6
4 7 0
3 0 7
8 1 0
8 2 1
8 3 2
8 0 3
FACE-NORMAL = 14
0.158945 -0.961919 0.222371
0.158945 -0.961919 0.222371
-0.828797 -0.0709003 0.55504
-0.828797 -0.0709003 0.55504
0.527657 0.214909 0.821823
0.527657 0.214909 0.821823
-0.508618 -0.330132 -0.795186
-0.508618 -0.330132 -0.795186
0.847836 -0.0443227 -0.528403
0.847836 -0.0443227 -0.528403
0.254646 0.873227 0.415487
-0.706236 0.670766 0.226504
-0.479428 0.487131 -0.729967
0.481454 0.689593 -0.540984
BONE = 20
BONE_NAME = Box_water_pump
PARENT_ID = 16
LOCALTM 
MAT 0.999975 -0.00250418 -0.00657922 0.0
MAT -0.00661325 -0.0138419 -0.999882 0.0
MAT 0.00241287 0.999901 -0.0138581 0.0
MAT 15.0591 -0.153849 -13.6128 1.0
WORLDTM 
MAT 0.158945 -0.961918 0.222371 0.0
MAT 0.519069 0.273011 0.809959 0.0
MAT -0.839824 -0.0133127 0.542696 0.0
MAT 2.11895 40.2088 43.7873 1.0
VERTEX = 9
9.47638 37.0859 23.7605
9.47637 37.0859 24.2605
9.47637 36.5859 24.2605
9.47638 36.5859 23.7605
13.2264 36.8609 23.9856
13.2264 36.8609 24.0356
13.2264 36.8109 24.0356
13.2264 36.8109 23.9856
9.22638 36.8359 24.0105
INDEX = 14
4 5 7
6 7 5
1 2 5
6 5 2
0 1 4
5 4 1
7 6 3
2 3 6
4 7 0
3 0 7
8 1 0
8 2 1
8 3 2
8 0 3
FACE-NORMAL = 14
1.0 1.04174e-005 1.38941e-005
1.0 1.04174e-005 1.38941e-005
0.0598785 9.57831e-006 0.998206
0.0598785 9.57831e-006 0.998206
0.059882 0.998205 -8.38999e-006
0.059882 0.998205 -8.38999e-006
0.0599026 -0.998204 1.00543e-005
0.0599026 -0.998204 1.00543e-005
0.0599061 -8.33047e-006 -0.998204
0.0599061 -8.33047e-006 -0.998204
-0.707114 0.707099 -1.63574e-005
-0.707117 -1.02313e-006 0.707097
-0.707099 -0.707114 -3.29182e-006
-0.707097 -1.37093e-005 -0.707117
BONE = 21
BONE_NAME = FxHand00
PARENT_ID = 16
LOCALTM 
MAT 0.153475 -0.847316 -0.508429 0.0
MAT -0.963736 -0.0146775 -0.266453 0.0
MAT 0.218308 0.530886 -0.818842 0.0
MAT 15.083 -16.6256 -0.133408 1.0
WORLDTM 
MAT 1.0 1.04174e-005 1.38941e-005 0.0
MAT -1.03217e-005 1.0 -9.23872e-006 0.0
MAT -1.37889e-005 8.9705e-006 1.0 0.0
MAT 9.22638 36.8359 24.0105 1.0
VERTEX = 9
-9.30562 62.3874 26.5471
-8.81185 62.466 26.5456
-8.82794 62.5766 27.0329
-9.32171 62.4979 27.0345
-8.51295 58.8633 27.6037
-8.46357 58.8712 27.6036
-8.46518 58.8822 27.6523
-8.51455 58.8744 27.6524
-9.1053 62.7226 26.7341
INDEX = 14
4 5 7
6 7 5
1 2 5
6 5 2
0 1 4
5 4 1
7 6 3
2 3 6
4 7 0
3 0 7
8 1 0
8 2 1
8 3 2
8 0 3
FACE-NORMAL = 14
0.154059 -0.962461 0.223462
0.154059 -0.962461 0.223462
0.994992 0.0994249 0.0102837
0.994992 0.0994249 0.0102837
0.0413424 -0.278402 -0.959574
0.0413424 -0.278402 -0.959574
-0.0228885 0.163114 0.986342
-0.0228885 0.163114 0.986342
-0.976538 -0.214713 0.0164837
-0.976538 -0.214713 0.0164836
-0.086186 0.524182 -0.847234
0.589359 0.791827 -0.160208
-0.131686 0.836943 0.531211
-0.80723 0.569298 -0.155816
BONE = 22
BONE_NAME = Box_L_Forearm
PARENT_ID = 15
LOCALTM 
MAT 1.0 0.0 0.0 0.0
MAT 0.0 1.0 5.40167e-007 0.0
MAT 0.0 -5.43892e-007 1.0 0.0
MAT -3.8147e-006 -7.62939e-006 -9.53674e-007 1.0
WORLDTM 
MAT 0.154059 -0.962461 0.223462 0.0
MAT 0.0321732 -0.221155 -0.974708 0.0
MAT 0.987538 0.157351 -0.00310557 0.0
MAT -9.1053 62.7226 26.7341 1.0
VERTEX = 9
6.98517 69.2946 -18.6924
6.67373 69.5244 -19.0089
6.94406 69.9433 -18.9707
7.25549 69.7135 -18.6542
10.233 67.884 -23.2673
10.2018 67.907 -23.299
10.2289 67.9489 -23.2951
10.26 67.9259 -23.2635
6.82325 69.6926 -18.639
INDEX = 14
4 5 7
6 7 5
1 2 5
6 5 2
0 1 4
5 4 1
7 6 3
2 3 6
4 7 0
3 0 7
8 1 0
8 2 1
8 3 2
8 0 3
FACE-NORMAL = 14
0.565456 -0.294724 -0.770323
0.565456 -0.294724 -0.770323
-0.600388 0.447808 -0.662573
-0.600388 0.447808 -0.662573
-0.518224 -0.848619 -0.106249
-0.518224 -0.848619 -0.106249
0.562242 0.825677 0.0462843
0.562242 0.825677 0.0462843
0.644405 -0.47075 0.602608
0.644405 -0.47075 0.602608
-0.78213 -0.384 0.49073
-0.840272 0.533407 0.0970521
-0.017546 0.800804 0.59867
0.0405965 -0.116604 0.992348
BONE = 23
BONE_NAME = Bip01-R-Clavicle
PARENT_ID = 6
LOCALTM 
MAT 0.0258408 -0.906701 0.420982 0.0
MAT -0.999666 -0.0231332 0.011538 0.0
MAT -0.000722855 -0.421139 -0.906996 0.0
MAT 3.96002 -19.2878 -3.66679 1.0
WORLDTM 
MAT 0.565456 -0.294724 -0.770323 0.0
MAT -0.540643 -0.837783 -0.0763247 0.0
MAT -0.622869 0.459627 -0.63307 0.0
MAT 6.82325 69.6926 -18.639 1.0
VERTEX = 9
10.3182 67.627 -23.5912
10.659 67.8559 -23.3057
10.3779 67.7699 -22.9012
10.0371 67.541 -23.1867
16.2237 56.7471 -21.5238
16.2578 56.77 -21.4953
16.2297 56.7614 -21.4548
16.1956 56.7385 -21.4833
10.2309 67.9165 -23.2812
INDEX = 14
4 5 7
6 7 5
1 2 5
6 5 2
0 1 4
5 4 1
7 6 3
2 3 6
4 7 0
3 0 7
8 1 0
8 2 1
8 3 2
8 0 3
FACE-NORMAL = 14
0.468541 -0.872274 0.140029
0.468541 -0.872274 0.140029
0.689872 0.442043 0.573301
0.689872 0.442043 0.573301
0.570376 0.156373 -0.806362
0.570376 0.156373 -0.806362
-0.553574 -0.187653 0.811383
-0.553574 -0.187653 0.811383
-0.67307 -0.473323 -0.56828
-0.67307 -0.473323 -0.56828
0.0661318 0.738442 -0.671067
0.150642 0.940473 0.304659
-0.728748 0.49514 0.473035
-0.813259 0.293108 -0.502691
BONE = 24
BONE_NAME = Bip01-R-UpperArm
PARENT_ID = 23
LOCALTM 
MAT 0.414152 0.466775 -0.781408 0.0
MAT 0.890311 -0.386262 0.241137 0.0
MAT -0.189271 -0.795564 -0.575546 0.0
MAT 6.02639 0.0 -3.8147e-006 1.0
WORLDTM 
MAT 0.468541 -0.872274 0.140029 0.0
MAT 0.562065 0.17204 -0.809003 0.0
MAT 0.681581 0.457756 0.570883 0.0
MAT 10.2309 67.9165 -23.2812 1.0
VERTEX = 9
16.5089 56.4747 -21.6617
16.623 56.9287 -21.4859
16.342 56.8426 -21.0814
16.2279 56.3887 -21.2572
25.8412 52.1171 -15.8265
25.8526 52.1625 -15.809
25.8245 52.1539 -15.7685
25.8131 52.1085 -15.7861
16.2267 56.7542 -21.4893
INDEX = 14
4 5 7
6 7 5
1 2 5
6 5 2
0 1 4
5 4 1
7 6 3
2 3 6
4 7 0
3 0 7
8 1 0
8 2 1
8 3 2
8 0 3
FACE-NORMAL = 14
0.79499 -0.382242 0.471043
0.79499 -0.382242 0.471043
0.243269 0.900475 0.360507
0.243269 0.900475 0.360507
0.577077 0.164743 -0.799901
0.577077 0.164743 -0.799901
-0.54685 -0.179276 0.817811
-0.54685 -0.179276 0.817811
-0.213042 -0.915008 -0.342597
-0.213042 -0.915008 -0.342597
-0.164703 0.391937 -0.905129
-0.400784 0.912272 -0.0844482
-0.959583 0.148635 0.238973
-0.723502 -0.3717 -0.581707
BONE = 25
BONE_NAME = Bip01-R-Forearm
PARENT_ID = 24
LOCALTM 
MAT 0.771865 0.0 0.635787 0.0
MAT 0.0 1.0 0.0 0.0
MAT -0.635787 0.0 0.771865 0.0
MAT 12.7967 0.0 3.8147e-006 1.0
WORLDTM 
MAT 0.79499 -0.382242 0.471043 0.0
MAT 0.562065 0.17204 -0.809003 0.0
MAT 0.228197 0.907906 0.351615 0.0
MAT 16.2267 56.7542 -21.4893 1.0
VERTEX = 9
25.8371 52.0 -15.3863
25.9565 51.7207 -15.7834
26.2299 52.0974 -15.9661
26.1105 52.3767 -15.5689
43.0365 44.6822 -5.35115
43.0485 44.6543 -5.39086
43.0758 44.692 -5.40913
43.0639 44.7199 -5.36942
25.8329 52.1355 -15.7975
INDEX = 14
4 5 7
6 7 5
1 2 5
6 5 2
0 1 4
5 4 1
7 6 3
2 3 6
4 7 0
3 0 7
8 1 0
8 2 1
8 3 2
8 0 3
FACE-NORMAL = 14
0.802481 -0.34704 0.485374
0.802481 -0.34704 0.485374
0.247369 -0.562228 -0.789119
0.247369 -0.562228 -0.789119
-0.538236 -0.757 0.370478
-0.538236 -0.757 0.370478
0.555258 0.749638 -0.360182
0.555258 0.749638 -0.360182
-0.230346 0.554866 0.799415
-0.230346 0.554866 0.799415
-0.954069 -0.287313 -0.0848697
-0.398532 -0.14958 -0.904874
-0.180809 0.778101 -0.601553
-0.736347 0.640369 0.218452
BONE = 26
BONE_NAME = Bip01-R-Hand
PARENT_ID = 25
LOCALTM 
MAT 0.99925 -0.00132754 0.0387086 0.0
MAT 0.0253797 -0.732503 -0.680291 0.0
MAT 0.0292573 0.680763 -0.731919 0.0
MAT 12.0833 0.0 -3.8147e-006 1.0
WORLDTM 
MAT 0.802481 -0.34704 0.485374 0.0
MAT -0.546778 -0.753362 0.365351 0.0
MAT 0.238871 -0.558579 -0.794312 0.0
MAT 25.8329 52.1355 -15.7975 1.0
VERTEX = 9
42.4488 44.9411 -4.73091
42.5647 44.657 -5.12569
42.9626 44.4791 -4.8808
42.8468 44.7632 -4.48602
38.6215 39.3503 -2.11582
38.6331 39.3219 -2.1553
38.6729 39.3041 -2.13081
38.6613 39.3325 -2.09133
42.8456 44.8956 -4.89828
INDEX = 14
4 5 7
6 7 5
1 2 5
6 5 2
0 1 4
5 4 1
7 6 3
2 3 6
4 7 0
3 0 7
8 1 0
8 2 1
8 3 2
8 0 3
FACE-NORMAL = 14
-0.559367 -0.7419 0.369721
-0.559367 -0.7419 0.369721
0.214319 -0.590942 -0.777725
0.214319 -0.590942 -0.777725
-0.812815 0.332799 -0.478097
-0.812815 0.332799 -0.478097
0.778139 -0.378791 0.501016
0.778139 -0.378791 0.501016
-0.248995 0.54495 0.800644
-0.248995 0.54495 0.800644
-0.167225 0.776309 -0.607767
0.559417 0.122811 -0.819738
0.95829 0.272896 0.0849031
0.231647 0.926394 0.296874
BONE = 27
BONE_NAME = Bip01-R-Finger0
PARENT_ID = 26
LOCALTM 
MAT -0.0119593 0.999846 -0.0128807 0.0
MAT -0.999929 -0.0119588 0.000104368 0.0
MAT -4.96507e-005 0.0128809 0.999917 0.0
MAT 21.4551 0.134125 -0.549497 1.0
WORLDTM 
MAT -0.559368 -0.7419 0.369721 0.0
MAT -0.79586 0.355966 -0.489792 0.0
MAT 0.231768 -0.568219 -0.789564 0.0
MAT 42.8456 44.8956 -4.89828 1.0
VERTEX = 9
38.6461 39.4598 -2.53551
38.53 39.7437 -2.1406
38.9279 39.5657 -1.89571
39.044 39.2818 -2.29062
40.8699 42.2911 -3.63201
40.8583 42.3194 -3.59252
40.8981 42.3017 -3.56803
40.9097 42.2733 -3.60752
38.6472 39.3272 -2.12332
INDEX = 14
4 5 7
6 7 5
1 2 5
6 5 2
0 1 4
5 4 1
7 6 3
2 3 6
4 7 0
3 0 7
8 1 0
8 2 1
8 3 2
8 0 3
FACE-NORMAL = 14
0.559207 0.742292 -0.369175
0.559207 0.742292 -0.369175
-0.198245 0.611145 0.76629
-0.198245 0.611145 0.76629
-0.760939 0.399785 -0.511023
-0.760939 0.399785 -0.511023
0.827923 -0.31087 0.466801
0.827923 -0.31087 0.466801
0.265229 -0.52223 -0.810512
0.265229 -0.52223 -0.810512
-0.958177 -0.273173 -0.0852884
-0.559577 -0.12345 0.819533
0.167339 -0.776586 0.607381
-0.231262 -0.926309 -0.29744
BONE = 28
BONE_NAME = Bip01-R-Finger0Nub
PARENT_ID = 27
LOCALTM 
MAT -1.0 -1.19209e-007 -0.000690311 0.0
MAT 0.0 1.0 -4.17233e-007 0.0
MAT 0.000690401 -4.76837e-007 -1.0 0.0
MAT 7.50558 -3.8147e-006 9.53674e-007 1.0
WORLDTM 
MAT 0.559208 0.742292 -0.369176 0.0
MAT -0.79586 0.355967 -0.489792 0.0
MAT -0.232154 0.567707 0.789819 0.0
MAT 38.6472 39.3272 -2.12332 1.0
VERTEX = 9
42.8918 45.304 -5.30207
42.8918 45.304 -4.80207
42.8918 44.804 -4.80207
42.8918 44.804 -5.30207
46.6418 45.079 -5.07706
46.6418 45.079 -5.02706
46.6418 45.029 -5.02706
46.6418 45.029 -5.07706
42.6418 45.054 -5.05207
INDEX = 14
4 5 7
6 7 5
1 2 5
6 5 2
0 1 4
5 4 1
7 6 3
2 3 6
4 7 0
3 0 7
8 1 0
8 2 1
8 3 2
8 0 3
FACE-NORMAL = 14
1.0 7.89761e-007 1.02073e-006
1.0 7.89761e-007 1.02073e-006
0.0598913 1.36547e-007 0.998205
0.0598914 1.36547e-007 0.998205
0.0598919 0.998205 0.0
0.0598919 0.998205 0.0
0.0598927 -0.998205 1.80129e-007
0.0598927 -0.998205 1.80129e-007
0.0598932 0.0 -0.998205
0.0598932 0.0 -0.998205
-0.707107 0.707106 -8.06058e-007
-0.707107 -4.95225e-007 0.707106
-0.707106 -0.707107 -6.37471e-007
-0.707106 -6.21666e-007 -0.707107
BONE = 29
BONE_NAME = FxHand01
PARENT_ID = 26
LOCALTM 
MAT 0.802481 -0.546778 0.23887 0.0
MAT -0.347041 -0.753361 -0.558578 0.0
MAT 0.485373 0.365351 -0.794312 0.0
MAT 21.1619 0.0700035 -0.564552 1.0
WORLDTM 
MAT 1.0 7.89762e-007 1.02073e-006 0.0
MAT -4.32134e-007 1.0 -1.19209e-007 0.0
MAT -9.38773e-007 0.0 1.0 0.0
MAT 42.6418 45.054 -5.05207 1.0
VERTEX = 9
42.4488 44.9411 -4.73091
42.5647 44.657 -5.1257
42.9626 44.4791 -4.8808
42.8468 44.7632 -4.48602
40.5824 41.9511 -3.41191
40.594 41.9227 -3.45139
40.6338 41.9049 -3.4269
40.6222 41.9333 -3.38742
42.8456 44.8956 -4.89829
INDEX = 14
4 5 7
6 7 5
1 2 5
6 5 2
0 1 4
5 4 1
7 6 3
2 3 6
4 7 0
3 0 7
8 1 0
8 2 1
8 3 2
8 0 3
FACE-NORMAL = 14
-0.559368 -0.741899 0.369721
-0.559368 -0.741899 0.369721
0.197846 -0.611632 -0.766005
0.197846 -0.611632 -0.766005
-0.827933 0.310896 -0.466766
-0.827933 0.310896 -0.466766
0.76093 -0.399764 0.511053
0.76093 -0.399764 0.511053
-0.26485 0.522764 0.810292
-0.26485 0.522764 0.810292
-0.167225 0.77631 -0.607765
0.559415 0.122811 -0.819739
0.958291 0.272894 0.0849008
0.231651 0.926393 0.296875
BONE = 30
BONE_NAME = Bip01-R-Finger1
PARENT_ID = 26
LOCALTM 
MAT -0.0119598 0.999845 -0.0128811 0.0
MAT -0.999928 -0.0119596 9.99421e-005 0.0
MAT -5.41806e-005 0.0128814 0.999917 0.0
MAT 21.4551 0.134129 -0.549496 1.0
WORLDTM 
MAT -0.559368 -0.7419 0.369721 0.0
MAT -0.79586 0.355969 -0.489788 0.0
MAT 0.231764 -0.568218 -0.789566 0.0
MAT 42.8456 44.8956 -4.89829 1.0
VERTEX = 9
16.5089 56.4747 -21.6617
16.623 56.9287 -21.4859
16.342 56.8426 -21.0814
16.2279 56.3887 -21.2572
19.415 55.2069 -19.6341
19.4264 55.2523 -19.6166
19.3983 55.2437 -19.5761
19.3869 55.1983 -19.5937
16.2267 56.7542 -21.4893
INDEX = 14
4 5 7
6 7 5
1 2 5
6 5 2
0 1 4
5 4 1
7 6 3
2 3 6
4 7 0
3 0 7
8 1 0
8 2 1
8 3 2
8 0 3
FACE-NORMAL = 14
0.79499 -0.382242 0.471043
0.79499 -0.382242 0.471043
0.2754 0.883382 0.379197
0.2754 0.883382 0.379197
0.60867 0.148839 -0.779338
0.60867 0.148839 -0.779338
-0.513442 -0.194625 0.835762
-0.513443 -0.194625 0.835762
-0.180173 -0.929169 -0.322773
-0.180173 -0.929169 -0.322773
-0.164703 0.391937 -0.905129
-0.400784 0.912272 -0.0844478
-0.959583 0.148635 0.238973
-0.723502 -0.3717 -0.581708
BONE = 31
BONE_NAME = Box_R_Forearm
PARENT_ID = 25
LOCALTM 
MAT 1.0 0.0 -1.78814e-007 0.0
MAT 0.0 1.0 6.25849e-007 0.0
MAT 0.0 -6.10948e-007 1.0 0.0
MAT 3.8147e-006 1.14441e-005 0.0 1.0
WORLDTM 
MAT 0.79499 -0.382242 0.471043 0.0
MAT 0.562065 0.172041 -0.809002 0.0
MAT 0.228196 0.907906 0.351616 0.0
MAT 16.2267 56.7542 -21.4893 1.0
VERTEX = 9
1.35077 69.8614 0.224958
1.1047 70.2847 0.123679
0.686004 70.0227 0.0458754
0.932072 69.5993 0.147155
0.159571 70.2828 3.76998
0.134964 70.3252 3.75985
0.0930944 70.299 3.75207
0.117701 70.2566 3.7622
1.07785 69.9187 -0.10629
INDEX = 14
4 5 7
6 7 5
1 2 5
6 5 2
0 1 4
5 4 1
7 6 3
2 3 6
4 7 0
3 0 7
8 1 0
8 2 1
8 3 2
8 0 3
FACE-NORMAL = 14
-0.237881 0.093041 0.966828
-0.237881 0.093041 0.966828
-0.505499 0.850677 -0.14429
-0.505499 0.850677 -0.14429
0.821636 0.528627 0.213233
0.821636 0.528627 0.213233
-0.85013 -0.517482 -0.0974217
-0.85013 -0.517482 -0.0974217
0.477005 -0.839532 0.260102
0.477005 -0.839532 0.260102
0.760328 0.304731 -0.57362
-0.179785 0.532864 -0.826882
-0.423914 -0.436311 -0.793681
0.516199 -0.664443 -0.540419
BONE = 32
BONE_NAME = Box_back
PARENT_ID = 6
LOCALTM 
MAT -4.84288e-007 1.0 -2.02656e-006 0.0
MAT 0.908717 1.2368e-006 0.417412 0.0
MAT 0.417412 -1.65403e-006 -0.908717 0.0
MAT 2.00951 0.0178761 -3.75394 1.0
WORLDTM 
MAT -0.237881 0.093041 0.966828 0.0
MAT 0.837386 0.523995 0.155607 0.0
MAT -0.492135 0.846624 -0.20256 0.0
MAT 1.07785 69.9187 -0.10629 1.0
VERTEX = 9
-3.71134 78.055 23.1244
-4.14558 78.156 22.8981
-4.03491 77.8266 22.5386
-3.60067 77.7255 22.7649
-5.52025 75.2351 24.8389
-5.56368 75.2452 24.8163
-5.55261 75.2122 24.7803
-5.50919 75.2021 24.803
-3.76224 78.1219 22.6996
INDEX = 14
4 5 7
6 7 5
1 2 5
6 5 2
0 1 4
5 4 1
7 6 3
2 3 6
4 7 0
3 0 7
8 1 0
8 2 1
8 3 2
8 0 3
FACE-NORMAL = 14
-0.443548 -0.724574 0.527502
-0.443548 -0.724574 0.527502
-0.893494 0.158363 -0.420225
-0.893494 0.158363 -0.420225
-0.247512 0.614313 0.749237
-0.247512 0.614313 0.749237
0.194382 -0.701106 -0.686051
0.194382 -0.701106 -0.686051
0.840364 -0.245156 0.483412
0.840364 -0.245156 0.483412
0.157121 0.978258 0.135364
-0.300478 0.655273 -0.693058
0.47015 0.0464436 -0.881364
0.92775 0.369429 -0.0529416
BONE = 33
BONE_NAME = Box_left_armor
PARENT_ID = 6
LOCALTM 
MAT -0.817486 0.5481 0.176927 0.0
MAT 0.464498 0.809043 -0.360127 0.0
MAT -0.340527 -0.212216 -0.915973 0.0
MAT 7.42226 23.9818 -6.44799 1.0
WORLDTM 
MAT -0.443548 -0.724574 0.527502 0.0
MAT -0.221345 0.658893 0.718935 0.0
MAT -0.868488 0.202122 -0.452631 0.0
MAT -3.76224 78.1219 22.6996 1.0
VERTEX = 9
7.23059 73.628 -23.5375
7.61161 73.7547 -23.2396
7.78425 74.0644 -23.5921
7.40324 73.9378 -23.89
5.4255 76.6104 -22.1197
5.4636 76.6231 -22.0899
5.48087 76.6541 -22.1252
5.44276 76.6414 -22.1549
7.64437 73.6605 -23.661
INDEX = 14
4 5 7
6 7 5
1 2 5
6 5 2
0 1 4
5 4 1
7 6 3
2 3 6
4 7 0
3 0 7
8 1 0
8 2 1
8 3 2
8 0 3
FACE-NORMAL = 14
-0.547798 0.74295 0.384633
-0.547798 0.74295 0.384633
0.727857 0.297399 0.617882
0.727857 0.297399 0.617882
-0.377475 -0.573936 0.726712
-0.377475 -0.573936 0.726712
0.311857 0.66293 -0.680639
0.311857 0.66293 -0.680639
-0.793474 -0.208405 -0.571809
-0.793474 -0.208405 -0.571809
0.143197 -0.963429 0.226492
0.926191 -0.346195 0.149399
0.631506 -0.0872606 -0.770445
-0.151487 -0.704495 -0.693353
BONE = 34
BONE_NAME = Box_right_armor
PARENT_ID = 6
LOCALTM 
MAT 0.33387 0.571308 -0.749759 0.0
MAT -0.665684 0.70605 0.241572 0.0
MAT 0.667379 0.418449 0.61604 0.0
MAT 7.42223 -23.9694 -6.44792 1.0
WORLDTM 
MAT -0.547798 0.74295 0.384634 0.0
MAT -0.345286 -0.619545 0.704941 0.0
MAT 0.762033 0.253357 0.595916 0.0
MAT 7.64437 73.6605 -23.661 1.0
VERTEX = 9
1.59383 61.3771 0.552334
1.59383 61.3771 1.05233
1.59383 60.8771 1.05233
1.59383 60.8771 0.552334
5.34383 61.1521 0.777335
5.34383 61.1521 0.827335
5.34383 61.1021 0.827335
5.34383 61.1021 0.777335
1.34383 61.1271 0.802334
INDEX = 14
4 5 7
6 7 5
1 2 5
6 5 2
0 1 4
5 4 1
7 6 3
2 3 6
4 7 0
3 0 7
8 1 0
8 2 1
8 3 2
8 0 3
FACE-NORMAL = 14
1.0 0.0 1.93715e-007
1.0 0.0 1.93715e-007
0.0598919 0.0 0.998205
0.0598919 0.0 0.998205
0.0598924 0.998205 0.0
0.0598924 0.998205 0.0
0.0598922 -0.998205 0.0
0.0598922 -0.998205 0.0
0.0598927 1.22565e-007 -0.998205
0.0598927 1.22565e-007 -0.998205
-0.707107 0.707107 0.0
-0.707107 -1.2644e-007 0.707107
-0.707107 -0.707107 -1.79124e-007
-0.707107 0.0 -0.707107
BONE = 35
BONE_NAME = FxCenter
PARENT_ID = 5
LOCALTM 
MAT 0.553488 -0.239063 0.79781 0.0
MAT 0.8309 0.0928634 -0.548618 0.0
MAT 0.0570666 0.966553 0.250036 0.0
MAT 1.31221 0.0178905 1.50825 1.0
WORLDTM 
MAT 1.0 0.0 1.93715e-007 0.0
MAT 0.0 1.0 0.0 0.0
MAT -3.8743e-007 -1.19209e-007 1.0 0.0
MAT 1.34383 61.1271 0.802334 1.0
VERTEX = 9
-3.40378 40.3903 8.10619
-3.11517 40.7984 8.09447
-3.24311 40.9025 8.5665
-3.53172 40.4943 8.57822
7.18402 33.3126 12.7742
7.21288 33.3534 12.7731
7.20009 33.3638 12.8203
7.17123 33.323 12.8214
-3.51731 40.7811 8.2541
INDEX = 14
4 5 7
6 7 5
1 2 5
6 5 2
0 1 4
5 4 1
7 6 3
2 3 6
4 7 0
3 0 7
8 1 0
8 2 1
8 3 2
8 0 3
FACE-NORMAL = 14
0.775455 -0.538937 0.328964
0.775455 -0.538937 0.328964
0.590014 0.807193 -0.0179768
0.590014 0.807193 -0.0179768
0.268714 -0.216975 -0.938464
0.268714 -0.216975 -0.938464
-0.242984 0.199093 0.949379
-0.242984 0.199093 0.949379
-0.564285 -0.825075 0.028892
-0.564285 -0.825075 0.028892
-0.367392 0.233963 -0.900158
-0.140167 0.958259 -0.249186
-0.729267 0.528208 0.434932
-0.956492 -0.196087 -0.21604
BONE = 36
BONE_NAME = Bip01-L-Thigh
PARENT_ID = 3
LOCALTM 
MAT -0.637823 0.329108 0.696326 0.0
MAT -0.240708 -0.943996 0.22568 0.0
