EXPORTER_V17
ANIMATION_EXPORT
BONEOBJECT_COUNT = 72
VERTEX = 9
0.25 0.25 -0.25
0.25 0.25 0.25
0.25 -0.25 0.25
0.25 -0.25 -0.25
4.0 0.025 -0.025
4.0 0.025 0.025
4.0 -0.025 0.025
4.0 -0.025 -0.025
0.0 0.0 0.0
INDEX = 14
4 5 7
6 7 5
1 2 5
6 5 2
0 1 4
5 4 1
7 6 3
2 3 6
4 7 0
3 0 7
8 1 0
8 2 1
8 3 2
8 0 3
FACE-NORMAL = 14
1.0 0.0 0.0
1.0 0.0 0.0
0.0598923 -1.75922e-007 0.998205
0.0598923 -1.75922e-007 0.998205
0.0598923 0.998205 1.75922e-007
0.0598923 0.998205 1.75922e-007
0.0598923 -0.998205 -1.75922e-007
0.0598923 -0.998205 -1.75922e-007
0.0598923 1.75922e-007 -0.998205
0.0598923 1.75922e-007 -0.998205
-0.707107 0.707107 1.2462e-007
-0.707107 -1.2462e-007 0.707107
-0.707107 -0.707107 -1.2462e-007
-0.707107 1.2462e-007 -0.707107
BONE = 0
BONE_NAME = Dummy_root
PARENT_ID = -1
LOCALTM 
MAT 1.0 0.0 0.0 0.0
MAT 0.0 1.0 1.76239e-007 0.0
MAT 0.0 -1.76239e-007 1.0 0.0
MAT 0.0 0.0 0.0 1.0
WORLDTM 
MAT 1.0 0.0 0.0 0.0
MAT 0.0 1.0 1.76239e-007 0.0
MAT 0.0 -1.76239e-007 1.0 0.0
MAT 0.0 0.0 0.0 1.0
VERTEX = 9
0.25 0.25 -0.25
0.25 0.25 0.25
0.25 -0.25 0.25
0.25 -0.25 -0.25
4.0 0.025 -0.025
4.0 0.025 0.025
4.0 -0.025 0.025
4.0 -0.025 -0.025
0.0 0.0 0.0
INDEX = 14
4 5 7
6 7 5
1 2 5
6 5 2
0 1 4
5 4 1
7 6 3
2 3 6
4 7 0
3 0 7
8 1 0
8 2 1
8 3 2
8 0 3
FACE-NORMAL = 14
1.0 0.0 0.0
1.0 0.0 0.0
0.0598923 -1.75922e-007 0.998205
0.0598923 -1.75922e-007 0.998205
0.0598923 0.998205 1.75922e-007
0.0598923 0.998205 1.75922e-007
0.0598923 -0.998205 -1.75922e-007
0.0598923 -0.998205 -1.75922e-007
0.0598923 1.75922e-007 -0.998205
0.0598923 1.75922e-007 -0.998205
-0.707107 0.707107 1.2462e-007
-0.707107 -1.2462e-007 0.707107
-0.707107 -0.707107 -1.2462e-007
-0.707107 1.2462e-007 -0.707107
BONE = 1
BONE_NAME = FxBottom
PARENT_ID = 0
LOCALTM 
MAT 1.0 0.0 0.0 0.0
MAT 0.0 1.0 0.0 0.0
MAT 0.0 0.0 1.0 0.0
MAT 0.0 0.0 0.0 1.0
WORLDTM 
MAT 1.0 0.0 0.0 0.0
MAT 0.0 1.0 1.76239e-007 0.0
MAT 0.0 -1.76239e-007 1.0 0.0
MAT 0.0 0.0 0.0 1.0
VERTEX = 9
-3.33022 41.0804 -0.253557
-3.32378 41.0823 0.246398
-3.21608 40.5941 0.24687
-3.22253 40.5922 -0.253085
0.382794 41.6692 -0.0786208
0.383438 41.6694 -0.0286253
0.394208 41.6206 -0.0285781
0.393564 41.6204 -0.0785736
-3.51726 40.7834 6.76833e-006
INDEX = 14
4 5 7
6 7 5
1 2 5
6 5 2
0 1 4
5 4 1
7 6 3
2 3 6
4 7 0
3 0 7
8 1 0
8 2 1
8 3 2
8 0 3
FACE-NORMAL = 14
0.976441 0.215366 -0.0134016
0.976441 0.215366 -0.0134016
0.0713419 0.0167003 0.997312
0.0713419 0.0167003 0.997312
-0.15653 0.987672 -0.00174486
-0.15653 0.987672 -0.00174486
0.273493 -0.961874 0.000139562
0.273493 -0.961874 0.000139562
0.0456208 0.00909729 -0.998917
0.0456208 0.00909728 -0.998917
-0.842758 0.538221 0.00880889
-0.681338 -0.149594 0.716519
-0.538139 -0.842795 0.0101438
-0.699558 -0.15498 -0.697567
BONE = 2
BONE_NAME = Bip01
PARENT_ID = 0
LOCALTM 
MAT 0.976441 0.215366 -0.0134016 0.0
MAT -0.215398 0.976526 -0.000944079 0.0
MAT 0.0128837 0.00380851 0.99991 0.0
MAT -3.51726 40.7834 -4.19291e-007 1.0
WORLDTM 
MAT 0.976441 0.215366 -0.0134016 0.0
MAT -0.215398 0.976526 -0.000943907 0.0
MAT 0.0128837 0.00380834 0.99991 0.0
MAT -3.51726 40.7834 6.76833e-006 1.0
VERTEX = 9
-3.81239 40.9764 0.251345
-3.32417 41.084 0.244644
-3.32986 41.0787 -0.255295
-3.81808 40.971 -0.248595
-6.72254 55.1965 -0.0917195
-6.67371 55.2072 -0.0923896
-6.67428 55.2067 -0.142384
-6.7231 55.1959 -0.141713
-3.51726 40.7834 6.76833e-006
INDEX = 14
4 5 7
6 7 5
1 2 5
6 5 2
0 1 4
5 4 1
7 6 3
2 3 6
4 7 0
3 0 7
8 1 0
8 2 1
8 3 2
8 0 3
FACE-NORMAL = 14
-0.215446 0.976484 -0.00792788
-0.215446 0.976484 -0.00792788
0.972993 0.230438 -0.0135224
0.972993 0.230438 -0.0135224
0.00803846 0.0257616 0.999636
0.00803846 0.0257616 0.999636
-0.0147168 0.00450729 -0.999882
-0.0147168 0.00450729 -0.999882
-0.979671 -0.200169 0.0132766
-0.979671 -0.200169 0.0132766
0.160389 -0.682963 0.712627
0.842797 -0.538217 -0.00387014
0.144297 -0.697994 -0.701415
-0.538111 -0.842739 0.0150819
BONE = 3
BONE_NAME = Bip01-Pelvis
PARENT_ID = 2
LOCALTM 
MAT 3.76105e-005 0.999976 -0.00698412 0.0
MAT 0.0 0.00698413 0.999976 0.0
MAT 1.0 -3.7685e-005 4.35335e-007 0.0
MAT 0.0 0.0 0.0 1.0
WORLDTM 
MAT -0.215446 0.976484 -0.00792788 0.0
MAT 0.011379 0.0106284 0.999879 0.0
MAT 0.97645 0.21533 -0.0134011 0.0
MAT -3.51726 40.7834 6.76833e-006 1.0
VERTEX = 9
-5.45083 55.8059 0.0385579
-5.0514 55.5317 0.162238
-4.93622 55.4812 -0.321687
-5.33565 55.7554 -0.445367
-1.80203 60.7652 0.156916
-1.76208 60.7378 0.169284
-1.75057 60.7327 0.120892
-1.79051 60.7601 0.108524
-5.33244 55.436 -0.152966
INDEX = 14
4 5 7
6 7 5
1 2 5
6 5 2
0 1 4
5 4 1
7 6 3
2 3 6
4 7 0
3 0 7
8 1 0
8 2 1
8 3 2
8 0 3
FACE-NORMAL = 14
0.555657 0.83016 0.0456055
0.555657 0.83016 0.0456055
0.818645 -0.517579 0.248861
0.818645 -0.517579 0.248861
-0.209884 0.131299 0.96887
-0.209884 0.131299 0.96887
0.250515 -0.070595 -0.965535
0.250515 -0.070595 -0.965535
-0.778014 0.578283 -0.245527
-0.778014 0.578283 -0.245527
-0.555793 -0.515584 0.652125
0.171973 -0.974717 0.142662
-0.230024 -0.65844 -0.716621
-0.95779 -0.199307 -0.207158
BONE = 4
BONE_NAME = Bip01-Spine
PARENT_ID = 3
LOCALTM 
MAT 0.690562 0.060746 0.720718 0.0
MAT 0.140595 0.966185 -0.216147 0.0
MAT -0.709477 0.250592 0.65867 0.0
MAT 14.7003 -0.0178755 1.38476 1.0
WORLDTM 
MAT 0.555657 0.83016 0.0456055 0.0
MAT -0.230353 0.101015 0.96785 0.0
MAT 0.798863 -0.548298 0.247359 0.0
MAT -5.33244 55.436 -0.152966 1.0
VERTEX = 9
-1.8988 61.1221 0.328259
-1.50033 60.8474 0.453768
-1.38345 60.796 -0.0296616
-1.78192 61.0707 -0.155171
1.7585 66.0749 0.453913
1.79835 66.0474 0.466464
1.81004 66.0423 0.418121
1.77019 66.0698 0.40557
-1.78037 60.7517 0.137643
INDEX = 14
4 5 7
6 7 5
1 2 5
6 5 2
0 1 4
5 4 1
7 6 3
2 3 6
4 7 0
3 0 7
8 1 0
8 2 1
8 3 2
8 0 3
FACE-NORMAL = 14
0.556984 0.829213 0.0466217
0.556984 0.829213 0.0466217
0.816778 -0.518739 0.252555
0.816778 -0.518739 0.252555
-0.213242 0.132907 0.967917
-0.213242 0.132907 0.967917
0.253971 -0.0722725 -0.964508
0.253971 -0.0722726 -0.964508
-0.776049 0.579374 -0.249146
-0.776049 0.579374 -0.249146
-0.559143 -0.513752 0.650706
0.169679 -0.974844 0.14453
-0.228552 -0.658933 -0.716639
-0.957373 -0.197841 -0.210463
BONE = 5
BONE_NAME = Bip01-Spine1
PARENT_ID = 4
LOCALTM 
MAT 0.999998 0.000582129 0.00183073 0.0
MAT -0.000574976 0.999992 -0.00387037 0.0
MAT -0.00183302 0.00386923 0.999991 0.0
MAT 6.39989 9.53674e-007 -0.00510025 1.0
WORLDTM 
MAT 0.556984 0.829213 0.0466217 0.0
MAT -0.233763 0.102659 0.966859 0.0
MAT 0.796946 -0.549424 0.251018 0.0
MAT -1.78037 60.7517 0.137643 1.0
VERTEX = 9
1.66187 66.4305 0.627746
2.05912 66.1538 0.752797
2.17795 66.106 0.269483
1.7807 66.3827 0.144432
6.73535 73.4525 0.947436
6.77507 73.4248 0.959941
6.78695 73.42 0.91161
6.74723 73.4477 0.899105
1.7802 66.0614 0.434736
INDEX = 14
4 5 7
6 7 5
1 2 5
6 5 2
0 1 4
5 4 1
7 6 3
2 3 6
4 7 0
3 0 7
8 1 0
8 2 1
8 3 2
8 0 3
FACE-NORMAL = 14
0.558836 0.827418 0.0555124
0.558836 0.827418 0.0555124
0.808736 -0.531709 0.251459
0.808736 -0.531709 0.251459
-0.223069 0.117112 0.967742
-0.223069 0.117112 0.967742
0.252088 -0.074147 -0.96486
0.252088 -0.074147 -0.96486
-0.779717 0.574675 -0.248577
-0.779717 0.574675 -0.248577
-0.563207 -0.51743 0.644255
0.166635 -0.976371 0.137596
-0.227107 -0.652716 -0.722762
-0.956949 -0.193775 -0.216102
BONE = 6
BONE_NAME = Bip01-Spine2
PARENT_ID = 5
LOCALTM 
MAT 0.999957 0.00797894 0.00469381 0.0
MAT -0.00798225 0.999968 0.00068124 0.0
MAT -0.00468808 -0.000718717 0.999989 0.0
MAT 6.39988 0.0 -0.00510025 1.0
WORLDTM 
MAT 0.558836 0.827418 0.0555124 0.0
MAT -0.237658 0.0956619 0.966627 0.0
MAT 0.794494 -0.553379 0.250102 0.0
MAT 1.7802 66.0614 0.434736 1.0
VERTEX = 9
7.21674 73.3677 1.30695
7.61399 73.091 1.432
7.73282 73.0432 0.948687
7.33557 73.3199 0.823636
9.54461 76.3245 1.3539
9.58434 76.2969 1.36641
9.59622 76.2921 1.31808
9.55649 76.3197 1.30557
7.33507 72.9986 1.11394
INDEX = 14
4 5 7
6 7 5
1 2 5
6 5 2
0 1 4
5 4 1
7 6 3
2 3 6
4 7 0
3 0 7
8 1 0
8 2 1
8 3 2
8 0 3
FACE-NORMAL = 14
0.558836 0.827418 0.0555124
0.558836 0.827418 0.0555124
0.826538 -0.502829 0.252978
0.826538 -0.502829 0.252978
-0.203762 0.145046 0.968216
-0.203762 0.145046 0.968216
0.270702 -0.0459341 -0.961567
0.270702 -0.0459341 -0.961567
-0.759598 0.601941 -0.246328
-0.759598 0.601941 -0.246328
-0.563207 -0.51743 0.644255
0.166635 -0.976371 0.137596
-0.227107 -0.652716 -0.722762
-0.956949 -0.193775 -0.216102
BONE = 7
BONE_NAME = Bip01-Neck
PARENT_ID = 6
LOCALTM 
MAT 1.0 0.0 0.0 0.0
MAT 0.0 1.0 2.08616e-007 0.0
MAT 0.0 -2.04891e-007 1.0 0.0
MAT 8.88195 1.90735e-006 0.744274 1.0
WORLDTM 
MAT 0.558836 0.827418 0.0555124 0.0
MAT -0.237658 0.0956618 0.966627 0.0
MAT 0.794494 -0.553379 0.250102 0.0
MAT 7.33507 72.9986 1.11394 1.0
VERTEX = 9
8.94932 75.6357 1.51956
9.22847 75.2209 1.51887
9.23067 75.2232 1.01888
8.95151 75.638 1.01957
18.4101 81.7315 1.36438
18.438 81.69 1.36431
18.4382 81.6902 1.31431
18.4103 81.7317 1.31438
8.88258 75.2899 1.26766
INDEX = 14
4 5 7
6 7 5
1 2 5
6 5 2
0 1 4
5 4 1
7 6 3
2 3 6
4 7 0
3 0 7
8 1 0
8 2 1
8 3 2
8 0 3
FACE-NORMAL = 14
0.829623 0.558289 0.00623272
0.829623 0.558289 0.00623272
0.574782 -0.818306 -0.00126376
0.574782 -0.818306 -0.00126376
0.0121928 0.00653176 0.999904
0.0121928 0.00653176 0.999904
0.0209822 0.0157931 -0.999655
0.0209822 0.0157931 -0.999655
-0.541607 0.84063 0.00151299
-0.541607 0.84063 0.00151299
-0.58974 -0.398045 0.702685
-0.19185 -0.981409 -0.00538912
-0.583524 -0.391495 -0.711499
-0.981414 0.19187 -0.00342527
BONE = 8
BONE_NAME = Bip01-Head
PARENT_ID = 7
LOCALTM 
MAT 0.925908 -0.137735 0.351744 0.0
MAT 0.0492225 0.967209 0.249168 0.0
MAT -0.37453 -0.213393 0.902326 0.0
MAT 2.76917 -4.76837e-007 3.8147e-006 1.0
WORLDTM 
MAT 0.829623 0.558289 0.00623272 0.0
MAT -0.00439557 -0.00463161 0.999979 0.0
MAT 0.558306 -0.829634 -0.00138865 0.0
MAT 8.88258 75.2899 1.26766 1.0
VERTEX = 9
18.4909 82.0567 1.59125
18.7701 81.6418 1.59055
18.7722 81.6441 1.09056
18.4931 82.059 1.09126
21.7286 83.9646 1.38931
21.7565 83.9231 1.38924
21.7567 83.9234 1.33924
21.7288 83.9648 1.33931
18.4242 81.7108 1.33935
INDEX = 14
4 5 7
6 7 5
1 2 5
6 5 2
0 1 4
5 4 1
7 6 3
2 3 6
4 7 0
3 0 7
8 1 0
8 2 1
8 3 2
8 0 3
FACE-NORMAL = 14
0.829623 0.558289 0.00623272
0.829623 0.558289 0.00623272
0.606992 -0.794707 -0.00101299
0.606992 -0.794707 -0.00101299
0.0453004 0.0288138 0.998558
0.0453004 0.0288138 0.998558
0.0540756 0.0380605 -0.997811
0.0540756 0.0380605 -0.997811
-0.507616 0.861582 0.00175957
-0.507616 0.861582 0.00175957
-0.58974 -0.398045 0.702685
-0.19185 -0.981409 -0.0053892
-0.583524 -0.391495 -0.7115
-0.981414 0.19187 -0.00342519
BONE = 9
BONE_NAME = Bip01-HeadNub
PARENT_ID = 8
LOCALTM 
MAT 1.0 0.0 0.0 0.0
MAT 0.0 1.0 0.0 0.0
MAT 0.0 0.0 1.0 0.0
MAT 11.5011 2.38419e-007 -1.14441e-005 1.0
WORLDTM 
MAT 0.829623 0.558289 0.00623272 0.0
MAT -0.00439551 -0.0046317 0.999979 0.0
MAT 0.558306 -0.829634 -0.00138877 0.0
MAT 18.4242 81.7108 1.33935 1.0
VERTEX = 9
11.9582 76.2946 1.5573
11.7673 76.7567 1.5586
11.3052 76.5658 1.55568
11.4962 76.1037 1.55438
11.637 76.3878 7.78582
11.6179 76.434 7.78595
11.5717 76.4149 7.78566
11.5908 76.3687 7.78553
11.6328 76.4314 1.30649
INDEX = 14
4 5 7
6 7 5
1 2 5
6 5 2
0 1 4
5 4 1
7 6 3
2 3 6
4 7 0
3 0 7
8 1 0
8 2 1
8 3 2
8 0 3
FACE-NORMAL = 14
-0.00439586 -0.00463055 0.99998
-0.00439586 -0.00463055 0.99998
-0.381868 0.923407 0.0386938
-0.381868 0.923407 0.0386938
0.923408 0.381523 0.0419224
0.923408 0.381523 0.0419224
-0.923726 -0.381857 0.0302673
-0.923726 -0.381857 0.0302673
0.38155 -0.923741 0.033496
0.38155 -0.923741 0.033496
0.656595 0.273346 -0.702969
-0.266977 0.656766 -0.705254
-0.650378 -0.266797 -0.711216
0.273193 -0.650217 -0.708931
BONE = 10
BONE_NAME = Box_head
PARENT_ID = 8
LOCALTM 
MAT 3.51807e-007 1.0 -1.04122e-006 0.0
MAT 0.979981 -1.23749e-007 0.199092 0.0
MAT 0.199092 -1.10362e-006 -0.979981 0.0
MAT 2.91916 0.0214539 0.588417 1.0
WORLDTM 
MAT -0.00439586 -0.00463055 0.99998 0.0
MAT 0.924169 0.381939 0.00583135 0.0
MAT -0.381958 0.924176 0.00260064 0.0
MAT 11.6328 76.4314 1.30649 1.0
VERTEX = 9
9.68166 69.9023 1.51411
10.0216 70.269 1.51731
9.65491 70.6089 1.51727
9.31499 70.2422 1.51408
9.65314 70.2029 5.26546
9.68713 70.2396 5.26578
9.65046 70.2736 5.26577
9.61647 70.2369 5.26545
9.66938 70.2568 1.2657
INDEX = 14
4 5 7
6 7 5
1 2 5
6 5 2
0 1 4
5 4 1
7 6 3
2 3 6
4 7 0
3 0 7
8 1 0
8 2 1
8 3 2
8 0 3
FACE-NORMAL = 14
-0.00439551 -0.00463015 0.99998
-0.00439551 -0.00463015 0.99998
0.678354 0.731741 0.0662636
0.678354 0.731741 0.0662636
0.731769 -0.678909 0.0599665
0.731769 -0.678909 0.0599665
-0.732296 0.678354 0.0598157
-0.732296 0.678354 0.0598157
-0.678881 -0.732296 0.0535186
-0.678881 -0.732296 0.0535185
0.521664 -0.477454 -0.707039
0.483826 0.52182 -0.702578
-0.515448 0.484002 -0.707146
-0.47761 -0.515272 -0.711607
BONE = 11
BONE_NAME = Box_lips
PARENT_ID = 10
LOCALTM 
MAT 1.0 4.79049e-007 2.37953e-007 0.0
MAT 0.0 0.418077 -0.908411 0.0
MAT -5.33648e-007 0.908412 0.418077 0.0
MAT -0.00357383 -4.1731 -4.95656 1.0
WORLDTM 
MAT -0.00439551 -0.00463015 0.99998 0.0
MAT 0.733349 -0.679852 7.55247e-005 0.0
MAT 0.679838 0.733335 0.006384 0.0
MAT 9.66938 70.2568 1.2657 1.0
VERTEX = 9
21.728 85.164 1.13545
21.728 85.164 1.63545
21.728 84.664 1.63545
21.728 84.664 1.13545
25.478 84.939 1.36045
25.478 84.939 1.41045
25.478 84.889 1.41045
25.478 84.889 1.36045
21.478 84.914 1.38545
INDEX = 14
4 5 7
6 7 5
1 2 5
6 5 2
0 1 4
5 4 1
7 6 3
2 3 6
4 7 0
3 0 7
8 1 0
8 2 1
8 3 2
8 0 3
FACE-NORMAL = 14
1.0 -3.57628e-007 0.0
1.0 -3.57628e-007 0.0
0.0598925 -5.94084e-007 0.998205
0.0598925 -5.94084e-007 0.998205
0.0598927 0.998205 7.7002e-007
0.0598927 0.998205 7.7002e-007
0.0598919 -0.998205 -7.732e-007
0.0598919 -0.998205 -7.732e-007
0.0598921 5.51246e-007 -0.998205
0.0598921 5.51246e-007 -0.998205
-0.707107 0.707107 5.6536e-007
-0.707107 -1.52782e-007 0.707107
-0.707107 -0.707107 -5.27823e-007
-0.707107 6.58545e-007 -0.707107
BONE = 12
BONE_NAME = FxTop
PARENT_ID = 8
LOCALTM 
MAT 0.829623 -0.00439563 0.558306 0.0
MAT 0.558289 -0.00463105 -0.829634 0.0
MAT 0.00623243 0.999979 -0.00138789 0.0
MAT 15.8232 0.0178452 -0.952522 1.0
WORLDTM 
MAT 1.0 -3.57628e-007 0.0 0.0
MAT 3.8743e-007 1.0 7.72998e-007 0.0
MAT 2.16067e-007 -5.73695e-007 1.0 0.0
MAT 21.478 84.914 1.38545 1.0
VERTEX = 9
-3.23679 73.3221 18.6711
-3.62022 73.5923 18.4978
-3.90313 73.1803 18.4816
-3.51971 72.9102 18.6549
-5.28665 74.248 24.001
-5.325 74.275 23.9837
-5.35329 74.2338 23.9821
-5.31495 74.2068 23.9994
-3.49422 73.2084 18.342
INDEX = 14
4 5 7
6 7 5
1 2 5
6 5 2
0 1 4
5 4 1
7 6 3
2 3 6
4 7 0
3 0 7
8 1 0
8 2 1
8 3 2
8 0 3
FACE-NORMAL = 14
-0.302959 0.171334 0.937476
-0.302959 0.171334 0.937476
-0.77806 0.546485 -0.3098
-0.77806 0.546485 -0.3098
0.553604 0.829938 0.0687427
0.553604 0.829938 0.0687427
-0.577188 -0.816601 0.00423439
-0.577188 -0.816601 0.00423439
0.754477 -0.533148 0.382777
0.754477 -0.533148 0.382777
0.614323 0.461429 -0.640071
-0.328021 0.260846 -0.907944
-0.185874 -0.703732 -0.68572
0.756469 -0.503149 -0.417847
BONE = 13
BONE_NAME = Bip01-L-Clavicle
PARENT_ID = 6
LOCALTM 
MAT 0.0245022 0.99458 -0.101047 0.0
MAT 0.9997 -0.0244565 0.00169194 0.0
MAT -0.000788361 -0.101058 -0.99488 0.0
MAT 3.96008 19.2468 -3.66684 1.0
WORLDTM 
MAT -0.302959 0.171334 0.937476 0.0
MAT 0.565825 0.823894 0.0322786 0.0
MAT -0.76685 0.540226 -0.346551 0.0
MAT -3.49422 73.2084 18.342 1.0
VERTEX = 9
-5.64243 74.0463 23.7779
-5.17858 73.8662 23.827
-5.18412 73.9843 24.3128
-5.64796 74.1644 24.2637
-10.1278 62.6733 26.7228
-10.0814 62.6553 26.7277
-10.082 62.6671 26.7763
-10.1284 62.6851 26.7713
-5.31997 74.2409 23.9916
INDEX = 14
4 5 7
6 7 5
1 2 5
6 5 2
0 1 4
5 4 1
7 6 3
2 3 6
4 7 0
3 0 7
8 1 0
8 2 1
8 3 2
8 0 3
FACE-NORMAL = 14
-0.373203 -0.902468 0.215107
-0.373203 -0.902468 0.215107
0.920857 -0.376331 0.101972
0.920857 -0.376331 0.101972
0.00439673 -0.252289 -0.967642
0.00439673 -0.252289 -0.967642
-0.0177538 0.21999 0.975341
-0.0177538 0.21999 0.975341
-0.934214 0.344031 -0.0942735
-0.934214 0.344031 -0.0942735
0.271727 0.471139 -0.839162
0.919866 0.383414 -0.0827092
0.256061 0.805144 0.534954
-0.392077 0.892868 -0.221498
BONE = 14
BONE_NAME = Bip01-L-UpperArm
PARENT_ID = 13
LOCALTM 
MAT 0.160099 -0.947762 -0.275892 0.0
MAT -0.954717 -0.219681 0.200642 0.0
MAT -0.250768 0.231276 -0.940014 0.0
MAT 6.02639 -1.52588e-005 -3.8147e-006 1.0
WORLDTM 
MAT -0.373203 -0.902468 0.215107 0.0
MAT 0.011077 -0.236177 -0.971647 0.0
MAT 0.927684 -0.360238 0.0981386 0.0
MAT -5.31997 74.2409 23.9916 1.0
VERTEX = 9
-10.317 62.3378 26.5706
-9.82142 62.403 26.5604
-9.82696 62.5211 27.0462
-10.3226 62.4559 27.0564
-8.54003 51.025 29.5722
-8.49047 51.0315 29.5712
-8.49102 51.0434 29.6198
-8.54058 51.0368 29.6208
-10.1049 62.6702 26.7495
INDEX = 14
4 5 7
6 7 5
1 2 5
6 5 2
0 1 4
5 4 1
7 6 3
2 3 6
4 7 0
3 0 7
8 1 0
8 2 1
8 3 2
8 0 3
FACE-NORMAL = 14
0.131525 -0.96292 0.235555
0.131525 -0.96292 0.235555
0.993572 0.112078 -0.0159155
0.993572 0.112078 -0.0159155
0.0135753 -0.254439 -0.966993
0.0135753 -0.254439 -0.966993
-0.0085748 0.21783 0.975949
-0.0085748 0.21783 0.975949
-0.988572 -0.148687 0.0248711
-0.988572 -0.148687 0.0248711
-0.0851699 0.513885 -0.853621
0.607918 0.773098 -0.180986
-0.100835 0.84789 0.520495
-0.793923 0.588676 -0.15214
BONE = 15
BONE_NAME = Bip01-L-Forearm
PARENT_ID = 14
LOCALTM 
MAT 0.870588 -1.63913e-007 0.492012 0.0
MAT 1.78814e-007 1.0 0.0 0.0
MAT -0.492012 0.0 0.870589 0.0
MAT 12.8212 -3.8147e-006 0.0 1.0
WORLDTM 
MAT 0.131525 -0.96292 0.235555 0.0
MAT 0.011077 -0.236177 -0.971647 0.0
MAT 0.991251 0.130406 -0.020397 0.0
MAT -10.1049 62.6702 26.7495 1.0
VERTEX = 9
-8.55148 50.8639 29.9925
-8.83326 50.74 29.5985
-8.42399 50.7205 29.3119
-8.1422 50.8443 29.7059
-6.83753 36.3739 33.037
-6.86571 36.3615 32.9976
-6.82479 36.3596 32.9689
-6.79661 36.372 33.0083
-8.51552 51.0342 29.596
INDEX = 14
4 5 7
6 7 5
1 2 5
6 5 2
0 1 4
5 4 1
7 6 3
2 3 6
4 7 0
3 0 7
8 1 0
8 2 1
8 3 2
8 0 3
FACE-NORMAL = 14
0.111166 -0.96803 0.224856
0.111166 -0.96803 0.224856
-0.561827 -0.262352 -0.784552
-0.561827 -0.262352 -0.784552
-0.816783 0.0245004 0.576424
-0.816783 0.0245004 0.576424
0.82014 -0.0537292 -0.569635
0.82014 -0.0537292 -0.569635
0.565183 0.233123 0.791342
0.565183 0.233123 0.791342
-0.657412 0.712162 0.246242
-0.47711 0.509304 -0.716223
0.500199 0.656839 -0.564237
0.319897 0.859697 0.398229
BONE = 16
BONE_NAME = Bip01-L-Hand
PARENT_ID = 15
LOCALTM 
MAT 0.999722 0.0113775 -0.0206297 0.0
MAT -0.0103338 -0.575152 -0.817981 0.0
MAT -0.0211718 0.817967 -0.574875 0.0
MAT 12.0841 0.0 1.43051e-006 1.0
WORLDTM 
MAT 0.111166 -0.96803 0.224856 0.0
MAT -0.818555 0.0391193 0.573095 0.0
MAT -0.563569 -0.247766 -0.788037 0.0
MAT -8.51552 51.0342 29.596 1.0
VERTEX = 9
-6.70662 36.2515 33.5847
-6.98808 36.1276 33.1904
-6.5807 36.1245 32.9006
-6.29924 36.2484 33.2948
-4.33239 20.028 36.7028
-4.36053 20.0156 36.6634
-4.31979 20.0153 36.6344
-4.29165 20.0277 36.6738
-6.67838 36.4302 33.1913
INDEX = 14
4 5 7
6 7 5
1 2 5
6 5 2
0 1 4
5 4 1
7 6 3
2 3 6
4 7 0
3 0 7
8 1 0
8 2 1
8 3 2
8 0 3
FACE-NORMAL = 14
0.138884 -0.968793 0.205307
0.138884 -0.968793 0.205307
-0.560993 -0.260836 -0.785653
-0.560993 -0.260836 -0.785653
-0.812814 -0.00700015 0.582481
-0.812814 -0.00700015 0.582481
0.816559 -0.0191229 -0.576945
0.816559 -0.0191229 -0.576945
0.564739 0.234713 0.791189
0.564739 0.234713 0.791189
-0.674329 0.689327 0.264782
-0.496249 0.509821 -0.702723
0.477917 0.680754 -0.55513
0.299837 0.860259 0.412374
BONE = 17
BONE_NAME = Bip01-L-Finger0
PARENT_ID = 16
LOCALTM 
MAT 0.999424 -0.0339222 -2.70903e-005 0.0
MAT 0.0339221 0.999424 0.000795881 0.0
MAT 0.0 -0.000796357 1.0 0.0
MAT 15.1498 -0.0146503 -0.250223 1.0
WORLDTM 
MAT 0.138884 -0.968793 0.205307 0.0
MAT -0.814761 0.00606193 0.579766 0.0
MAT -0.562917 -0.247797 -0.788493 0.0
MAT -6.67838 36.4302 33.1913 1.0
VERTEX = 9
-4.35433 19.8429 37.062
-4.63579 19.719 36.6677
-4.2284 19.716 36.3779
-3.94695 19.8399 36.7721
-3.77685 16.1529 37.524
-3.80499 16.1405 37.4846
-3.76425 16.1402 37.4556
-3.73611 16.1525 37.495
-4.32609 20.0217 36.6686
INDEX = 14
4 5 7
6 7 5
1 2 5
6 5 2
0 1 4
5 4 1
7 6 3
2 3 6
4 7 0
3 0 7
8 1 0
8 2 1
8 3 2
8 0 3
FACE-NORMAL = 14
0.138884 -0.968793 0.205307
0.138884 -0.968793 0.205307
-0.553589 -0.305375 -0.774781
-0.553589 -0.305375 -0.774781
-0.80498 -0.0519722 0.591021
-0.80498 -0.0519722 0.591021
0.821616 -0.0640743 -0.566428
0.821616 -0.0640743 -0.566428
0.570225 0.189329 0.799374
0.570225 0.189329 0.799374
-0.674329 0.689327 0.264782
-0.496249 0.509821 -0.702723
0.477917 0.680754 -0.55513
0.299837 0.860259 0.412374
BONE = 18
BONE_NAME = Bip01-L-Finger0Nub
PARENT_ID = 17
LOCALTM 
MAT 1.0 0.0 0.0 0.0
MAT 0.0 1.0 0.0 0.0
MAT 0.0 0.0 1.0 0.0
MAT 16.9371 -1.90735e-006 -1.90735e-006 1.0
WORLDTM 
MAT 0.138884 -0.968793 0.205307 0.0
MAT -0.814761 0.00606193 0.579766 0.0
MAT -0.562917 -0.247797 -0.788493 0.0
MAT -4.32609 20.0217 36.6686 1.0
VERTEX = 9
-4.65639 22.0747 36.3404
-4.71152 22.5607 36.2363
-5.12035 22.5758 36.5238
-5.06522 22.0899 36.6279
-2.74625 23.1761 39.3904
-2.75177 23.2247 39.3799
-2.79265 23.2262 39.4087
-2.78714 23.1776 39.4191
-5.02963 22.2669 36.2343
INDEX = 14
4 5 7
6 7 5
1 2 5
6 5 2
0 1 4
5 4 1
7 6 3
2 3 6
4 7 0
3 0 7
8 1 0
8 2 1
8 3 2
8 0 3
FACE-NORMAL = 14
0.565045 0.233564 0.79131
0.565045 0.233564 0.79131
-0.0762241 0.984112 -0.160355
-0.0762241 0.984112 -0.160355
0.850033 -0.0163023 -0.526478
0.850033 -0.0163023 -0.526478
-0.782349 0.0442797 0.621264
-0.782349 0.0442797 0.621264
0.143908 -0.956135 0.255142
0.143908 -0.956135 0.255142
0.178625 -0.186612 -0.966059
-0.477515 0.52206 -0.706705
-0.977719 -0.143697 -0.153023
-0.321579 -0.852369 -0.412376
BONE = 19
BONE_NAME = Box_water
PARENT_ID = 17
LOCALTM 
MAT 0.0146626 -0.000186484 -0.999893 0.0
MAT 0.0249265 -0.999689 0.000551959 0.0
MAT -0.999582 -0.0249319 -0.0146534 0.0
MAT 14.575 0.335028 0.182135 1.0
WORLDTM 
MAT 0.565045 0.233564 0.791311 0.0
MAT 0.817659 -0.0303455 -0.574903 0.0
MAT -0.110264 0.971868 -0.208122 0.0
MAT -5.02963 22.2669 36.2343 1.0
VERTEX = 9
1.33156 39.635 43.727
0.926362 39.6551 44.0192
0.639313 39.5283 43.63
1.04451 39.5082 43.3377
1.4585 35.9627 44.5406
1.41798 35.9648 44.5698
1.38928 35.9521 44.5309
1.4298 35.9501 44.5016
0.956206 39.8233 43.6213
INDEX = 14
4 5 7
6 7 5
1 2 5
6 5 2
0 1 4
5 4 1
7 6 3
2 3 6
4 7 0
3 0 7
8 1 0
8 2 1
8 3 2
8 0 3
FACE-NORMAL = 14
0.116921 -0.966474 0.2286
0.116921 -0.966474 0.2286
-0.801938 -0.0177434 0.597144
-0.801938 -0.0177434 0.597144
0.58007 0.195257 0.790818
0.58007 0.195257 0.790818
-0.566065 -0.311026 -0.763435
-0.566065 -0.311026 -0.763435
0.815943 -0.0980253 -0.569761
0.815943 -0.0980253 -0.569761
0.323273 0.86272 0.388855
-0.655712 0.711835 0.251661
-0.488624 0.50408 -0.712144
0.490361 0.654965 -0.57495
BONE = 20
BONE_NAME = Box_water_pump
PARENT_ID = 16
LOCALTM 
MAT 0.999975 -0.0025043 -0.00657921 0.0
MAT -0.00661333 -0.0138418 -0.999883 0.0
MAT 0.00241292 0.999901 -0.013858 0.0
MAT 15.0591 -0.153851 -13.6128 1.0
WORLDTM 
MAT 0.116921 -0.966474 0.2286 0.0
MAT 0.574098 0.253597 0.778525 0.0
MAT -0.810396 0.0402131 0.584502 0.0
MAT 0.956206 39.8233 43.6213 1.0
VERTEX = 9
7.0953 36.0661 23.3146
7.09529 36.0661 23.8146
7.0953 35.5661 23.8146
7.09531 35.5661 23.3146
10.8453 35.8412 23.5396
10.8453 35.8412 23.5896
10.8453 35.7912 23.5896
10.8453 35.7912 23.5396
6.8453 35.8161 23.5646
INDEX = 14
4 5 7
6 7 5
1 2 5
6 5 2
0 1 4
5 4 1
7 6 3
2 3 6
4 7 0
3 0 7
8 1 0
8 2 1
8 3 2
8 0 3
FACE-NORMAL = 14
1.0 1.42455e-005 1.58418e-005
1.0 1.42455e-005 1.58418e-005
0.0598762 1.2723e-005 0.998206
0.0598763 1.2723e-005 0.998206
0.0598782 0.998206 -1.05937e-005
0.0598782 0.998206 -1.05937e-005
0.0599064 -0.998204 1.24913e-005
0.0599064 -0.998204 1.24913e-005
0.0599084 -1.10166e-005 -0.998204
0.0599083 -1.10166e-005 -0.998204
-0.707117 0.707097 -1.93783e-005
-0.707118 -1.6648e-006 0.707096
-0.707097 -0.707117 -3.02535e-006
-0.707096 -1.84814e-005 -0.707118
BONE = 21
BONE_NAME = FxHand00
PARENT_ID = 16
LOCALTM 
MAT 0.111156 -0.818545 -0.563585 0.0
MAT -0.968034 0.0391241 -0.247748 0.0
MAT 0.224843 0.573109 -0.788031 0.0
MAT 15.083 -16.6256 -0.133408 1.0
WORLDTM 
MAT 1.0 1.42455e-005 1.58418e-005 0.0
MAT -1.41412e-005 1.0 -1.15633e-005 0.0
MAT -1.6083e-005 1.18911e-005 1.0 0.0
MAT 6.8453 35.8161 23.5646 1.0
VERTEX = 9
-10.317 62.3378 26.5706
-9.82142 62.403 26.5604
-9.82696 62.5211 27.0462
-10.3226 62.4559 27.0564
-9.60329 58.8093 27.668
-9.55373 58.8158 27.6669
-9.55428 58.8277 27.7155
-9.60384 58.8211 27.7165
-10.1049 62.6702 26.7495
INDEX = 14
4 5 7
6 7 5
1 2 5
6 5 2
0 1 4
5 4 1
7 6 3
2 3 6
4 7 0
3 0 7
8 1 0
8 2 1
8 3 2
8 0 3
FACE-NORMAL = 14
0.131525 -0.96292 0.235555
0.131525 -0.96292 0.235555
0.997349 0.0725002 -0.00625189
0.997349 0.0725002 -0.00625188
0.018935 -0.293425 -0.955795
0.018935 -0.293425 -0.955795
-0.0031803 0.178082 0.984011
-0.00318031 0.178082 0.984011
-0.981594 -0.187843 0.0344678
-0.981594 -0.187843 0.0344678
-0.0851695 0.513885 -0.853621
0.607918 0.773098 -0.180985
-0.100836 0.84789 0.520495
-0.793923 0.588676 -0.15214
BONE = 22
BONE_NAME = Box_L_Forearm
PARENT_ID = 15
LOCALTM 
MAT 1.0 0.0 0.0 0.0
MAT 0.0 1.0 5.30854e-007 0.0
MAT 0.0 -5.27129e-007 1.0 0.0
MAT -3.8147e-006 0.0 9.53674e-007 1.0
WORLDTM 
MAT 0.131525 -0.96292 0.235555 0.0
MAT 0.0110776 -0.236177 -0.971647 0.0
MAT 0.991251 0.130406 -0.0203965 0.0
MAT -10.1049 62.6702 26.7495 1.0
VERTEX = 9
5.8242 69.1233 -18.9593
5.51374 69.3538 -19.2762
5.78573 69.7716 -19.2388
6.09619 69.5411 -18.9218
9.06704 67.6918 -23.5312
9.036 67.7149 -23.5629
9.0632 67.7567 -23.5592
9.09424 67.7336 -23.5275
5.66386 69.522 -18.9066
INDEX = 14
4 5 7
6 7 5
1 2 5
6 5 2
0 1 4
5 4 1
7 6 3
2 3 6
4 7 0
3 0 7
8 1 0
8 2 1
8 3 2
8 0 3
FACE-NORMAL = 14
0.564394 -0.298318 -0.769718
0.564394 -0.298318 -0.769718
-0.598481 0.449067 -0.663445
-0.598481 0.449067 -0.663445
-0.521605 -0.846717 -0.104872
-0.521605 -0.846717 -0.104872
0.56554 0.823495 0.0449536
0.56554 0.823495 0.0449536
0.642416 -0.472289 0.603527
0.642416 -0.472289 0.603527
-0.783742 -0.380014 0.491262
-0.838143 0.536938 0.0959913
-0.0144312 0.8019 0.597284
0.0399697 -0.115053 0.992555
BONE = 23
BONE_NAME = Bip01-R-Clavicle
PARENT_ID = 6
LOCALTM 
MAT 0.025841 -0.906701 0.420982 0.0
MAT -0.999666 -0.0231333 0.0115379 0.0
MAT -0.000722677 -0.421139 -0.906996 0.0
MAT 3.96003 -19.2878 -3.6668 1.0
WORLDTM 
MAT 0.564393 -0.298318 -0.769718 0.0
MAT -0.543985 -0.835739 -0.0749695 0.0
MAT -0.620919 0.461027 -0.633966 0.0
MAT 5.66386 69.522 -18.9066 1.0
VERTEX = 9
9.18222 67.4222 -23.8325
9.49663 67.6884 -23.5492
9.20416 67.6104 -23.1513
8.88975 67.3441 -23.4345
15.6194 57.0691 -20.8494
15.6508 57.0957 -20.8211
15.6216 57.0879 -20.7813
15.5901 57.0613 -20.8096
9.06512 67.7243 -23.5452
INDEX = 14
4 5 7
6 7 5
1 2 5
6 5 2
0 1 4
5 4 1
7 6 3
2 3 6
4 7 0
3 0 7
8 1 0
8 2 1
8 3 2
8 0 3
FACE-NORMAL = 14
0.512268 -0.83191 0.213324
0.512268 -0.83191 0.213324
0.637909 0.5175 0.57032
0.637909 0.5175 0.57032
0.594035 0.14116 -0.791957
0.594035 0.14116 -0.791957
-0.575665 -0.170992 0.799607
-0.575665 -0.170992 0.799607
-0.619539 -0.547332 -0.562671
-0.619539 -0.547332 -0.562671
0.0513897 0.698629 -0.713636
0.0824185 0.964785 0.249795
-0.775846 0.477869 0.411951
-0.806875 0.211714 -0.55148
BONE = 24
BONE_NAME = Bip01-R-UpperArm
PARENT_ID = 23
LOCALTM 
MAT 0.373095 0.400601 -0.83685 0.0
MAT 0.896197 -0.388992 0.213344 0.0
MAT -0.240062 -0.829581 -0.504149 0.0
MAT 6.02639 -3.8147e-006 0.0 1.0
WORLDTM 
MAT 0.512268 -0.83191 0.213324 0.0
MAT 0.584944 0.156101 -0.79591 0.0
MAT 0.628826 0.532502 0.566587 0.0
MAT 9.06512 67.7243 -23.5452 1.0
VERTEX = 9
15.9196 56.8028 -20.9637
16.0093 57.2688 -20.8064
15.7169 57.1908 -20.4084
15.6271 56.7247 -20.5658
25.1881 53.1082 -14.5939
25.197 53.1548 -14.5782
25.1678 53.147 -14.5384
25.1588 53.1004 -14.5541
15.6205 57.0785 -20.8154
INDEX = 14
4 5 7
6 7 5
1 2 5
6 5 2
0 1 4
5 4 1
7 6 3
2 3 6
4 7 0
3 0 7
8 1 0
8 2 1
8 3 2
8 0 3
FACE-NORMAL = 14
0.79096 -0.32697 0.517178
0.79096 -0.32697 0.517178
0.194511 0.925669 0.324504
0.194511 0.925669 0.324504
0.599875 0.149857 -0.785934
0.599875 0.149857 -0.785934
-0.569802 -0.162289 0.805598
-0.569802 -0.162289 0.805598
-0.164438 -0.938101 -0.30484
-0.164438 -0.938101 -0.30484
-0.145675 0.341583 -0.928493
-0.432362 0.890264 -0.143153
-0.972911 0.120823 0.197093
-0.686224 -0.427858 -0.588247
BONE = 25
BONE_NAME = Bip01-R-Forearm
PARENT_ID = 24
LOCALTM 
MAT 0.78752 1.22935e-007 0.616289 0.0
MAT 0.0 1.0 0.0 0.0
MAT -0.61629 0.0 0.78752 0.0
MAT 12.7967 3.8147e-006 3.8147e-006 1.0
WORLDTM 
MAT 0.79096 -0.32697 0.517178 0.0
MAT 0.584944 0.156101 -0.79591 0.0
MAT 0.179507 0.932053 0.314729 0.0
MAT 15.6205 57.0785 -20.8154 1.0
VERTEX = 9
25.1655 52.9775 -14.1602
25.3258 52.7207 -14.5581
25.5861 53.1195 -14.7106
25.4258 53.3762 -14.3126
42.1403 46.3244 -3.31277
42.1563 46.2987 -3.35257
42.1823 46.3386 -3.36781
42.1663 46.3643 -3.32802
25.1779 53.1276 -14.5661
INDEX = 14
4 5 7
6 7 5
1 2 5
6 5 2
0 1 4
5 4 1
7 6 3
2 3 6
4 7 0
3 0 7
8 1 0
8 2 1
8 3 2
8 0 3
FACE-NORMAL = 14
0.791302 -0.316651 0.523042
0.791302 -0.316651 0.523042
0.328971 -0.516869 -0.790332
0.328971 -0.516869 -0.790332
-0.512211 -0.800815 0.310378
-0.512211 -0.800815 0.310378
0.528997 0.794098 -0.299283
0.528997 0.794098 -0.299283
-0.312186 0.510152 0.801427
-0.312186 0.510152 0.801427
-0.927678 -0.340012 -0.154287
-0.332839 -0.139221 -0.93265
-0.191391 0.787825 -0.585407
-0.786231 0.587034 0.192956
BONE = 26
BONE_NAME = Bip01-R-Hand
PARENT_ID = 25
LOCALTM 
MAT 0.999929 -0.0028569 0.0115249 0.0
MAT 0.00661963 -0.671664 -0.740827 0.0
MAT 0.0098573 0.740851 -0.671597 0.0
MAT 12.0834 3.8147e-006 0.0 1.0
WORLDTM 
MAT 0.791302 -0.316651 0.523042 0.0
MAT -0.520633 -0.797502 0.304848 0.0
MAT 0.320597 -0.51354 -0.795924 0.0
MAT 25.1779 53.1276 -14.5661 1.0
VERTEX = 9
41.5012 46.5248 -2.72244
41.6581 46.2629 -3.11842
42.0506 46.0999 -2.85505
41.8937 46.3617 -2.45907
37.8729 40.6236 -0.541612
37.8886 40.5974 -0.58121
37.9278 40.5811 -0.554873
37.9121 40.6073 -0.515275
41.9094 46.5091 -2.86595
INDEX = 14
4 5 7
6 7 5
1 2 5
6 5 2
0 1 4
5 4 1
7 6 3
2 3 6
4 7 0
3 0 7
8 1 0
8 2 1
8 3 2
8 0 3
FACE-NORMAL = 14
-0.534146 -0.786977 0.308797
-0.534146 -0.786977 0.308797
0.297117 -0.547895 -0.782005
0.297117 -0.547895 -0.782005
-0.801165 0.301563 -0.516909
-0.801165 0.301563 -0.516909
0.768052 -0.350349 0.536052
0.768052 -0.350349 0.536052
-0.33023 0.499109 0.801148
-0.33023 0.499109 0.801148
-0.17737 0.787073 -0.59081
0.599605 0.186127 -0.778351
0.932767 0.32588 0.154104
0.155791 0.926827 0.341645
BONE = 27
BONE_NAME = Bip01-R-Finger0
PARENT_ID = 26
LOCALTM 
MAT -0.011959 0.999845 -0.0128807 0.0
MAT -0.999928 -0.011959 0.000104353 0.0
MAT -4.97699e-005 0.0128812 0.999917 0.0
MAT 21.4551 0.134132 -0.549498 1.0
WORLDTM 
MAT -0.534146 -0.786977 0.308797 0.0
MAT -0.784985 0.326112 -0.526734 0.0
MAT 0.313824 -0.523754 -0.791957 0.0
MAT 41.9094 46.5091 -2.86595 1.0
VERTEX = 9
37.9161 40.7499 -0.955028
37.759 41.0115 -0.558943
38.1515 40.8485 -0.295576
38.3086 40.5869 -0.691661
40.0243 43.7468 -1.81421
40.0086 43.7729 -1.77461
40.0478 43.7566 -1.74827
40.0635 43.7305 -1.78788
37.9003 40.6024 -0.548239
INDEX = 14
4 5 7
6 7 5
1 2 5
6 5 2
0 1 4
5 4 1
7 6 3
2 3 6
4 7 0
3 0 7
8 1 0
8 2 1
8 3 2
8 0 3
FACE-NORMAL = 14
0.533929 0.787338 -0.308251
0.533929 0.787338 -0.308251
-0.28165 0.569427 0.772286
-0.28165 0.569427 0.772286
-0.751598 0.372683 -0.54425
-0.751598 0.372683 -0.54425
0.815555 -0.278372 0.507326
0.815555 -0.278372 0.507326
0.345607 -0.475116 -0.80921
0.345607 -0.475116 -0.80921
-0.932614 -0.326136 -0.154491
-0.599713 -0.186766 0.778115
0.177524 -0.787329 0.590423
-0.155377 -0.926698 -0.342183
BONE = 28
BONE_NAME = Bip01-R-Finger0Nub
PARENT_ID = 27
LOCALTM 
MAT -1.0 -1.19209e-007 -0.000690371 0.0
MAT -1.19209e-007 1.0 -4.32134e-007 0.0
MAT 0.000690311 -4.47035e-007 -1.0 0.0
MAT 7.50557 -3.8147e-006 -1.90735e-006 1.0
WORLDTM 
MAT 0.533929 0.787338 -0.308251 0.0
MAT -0.784985 0.326113 -0.526733 0.0
MAT -0.314192 0.52321 0.79217 0.0
MAT 37.9003 40.6024 -0.548239 1.0
VERTEX = 9
41.956 46.9108 -3.27687
41.956 46.9108 -2.77687
41.956 46.4108 -2.77687
41.956 46.4108 -3.27687
45.706 46.6858 -3.05187
45.706 46.6858 -3.00187
45.706 46.6358 -3.00187
45.706 46.6358 -3.05187
41.706 46.6608 -3.02687
INDEX = 14
4 5 7
6 7 5
1 2 5
6 5 2
0 1 4
5 4 1
7 6 3
2 3 6
4 7 0
3 0 7
8 1 0
8 2 1
8 3 2
8 0 3
FACE-NORMAL = 14
1.0 9.05246e-007 1.14177e-006
1.0 9.05246e-007 1.14177e-006
0.0598912 -2.25608e-007 0.998205
0.0598912 -2.25608e-007 0.998205
0.0598916 0.998205 1.5763e-007
0.0598916 0.998205 1.5763e-007
0.059893 -0.998205 0.0
0.059893 -0.998205 0.0
0.0598933 3.34042e-007 -0.998205
0.0598933 3.34042e-007 -0.998205
-0.707107 0.707106 -7.44135e-007
-0.707108 -8.38327e-007 0.707106
-0.707106 -0.707107 -8.70575e-007
-0.707106 -4.41883e-007 -0.707108
BONE = 29
BONE_NAME = FxHand01
PARENT_ID = 26
LOCALTM 
MAT 0.791302 -0.520634 0.320595 0.0
MAT -0.316652 -0.797501 -0.51354 0.0
MAT 0.523041 0.304848 -0.795924 0.0
MAT 21.1619 0.0700073 -0.564549 1.0
WORLDTM 
MAT 1.0 9.05246e-007 1.14177e-006 0.0
MAT -6.85453e-007 1.0 0.0 0.0
MAT -1.04515e-006 -2.80328e-007 1.0 0.0
MAT 41.706 46.6608 -3.02687 1.0
VERTEX = 9
41.5012 46.5248 -2.72244
41.6581 46.2629 -3.11842
42.0506 46.0999 -2.85506
41.8937 46.3617 -2.45908
39.7453 43.3824 -1.62413
39.761 43.3562 -1.66373
39.8003 43.3399 -1.63739
39.7846 43.3661 -1.59779
41.9094 46.5091 -2.86595
INDEX = 14
4 5 7
6 7 5
1 2 5
6 5 2
0 1 4
5 4 1
7 6 3
2 3 6
4 7 0
3 0 7
8 1 0
8 2 1
8 3 2
8 0 3
FACE-NORMAL = 14
-0.534146 -0.786976 0.308798
-0.534146 -0.786976 0.308798
0.281266 -0.569947 -0.772043
0.281266 -0.569947 -0.772043
-0.815569 0.278396 -0.50729
-0.815569 0.278396 -0.50729
0.751586 -0.372664 0.544279
0.751586 -0.372664 0.544279
-0.345248 0.475679 0.809032
-0.345248 0.475679 0.809032
-0.177371 0.787074 -0.590807
0.599603 0.186127 -0.778353
0.932768 0.325878 0.154102
0.155794 0.926826 0.341647
BONE = 30
BONE_NAME = Bip01-R-Finger1
PARENT_ID = 26
LOCALTM 
MAT -0.0119598 0.999846 -0.0128812 0.0
MAT -0.999928 -0.0119596 9.97931e-005 0.0
MAT -5.427e-005 0.0128816 0.999917 0.0
MAT 21.4551 0.134132 -0.549496 1.0
WORLDTM 
MAT -0.534147 -0.786976 0.308798 0.0
MAT -0.784987 0.326115 -0.52673 0.0
MAT 0.31382 -0.523753 -0.791959 0.0
MAT 41.9094 46.5091 -2.86595 1.0
VERTEX = 9
15.9196 56.8028 -20.9637
16.0093 57.2688 -20.8064
15.7169 57.1908 -20.4084
15.6271 56.7247 -20.5658
18.7945 55.7512 -18.7744
18.8034 55.7979 -18.7587
18.7742 55.79 -18.7189
18.7652 55.7434 -18.7346
15.6205 57.0785 -20.8154
INDEX = 14
4 5 7
6 7 5
1 2 5
6 5 2
0 1 4
5 4 1
7 6 3
2 3 6
4 7 0
3 0 7
8 1 0
8 2 1
8 3 2
8 0 3
FACE-NORMAL = 14
0.79096 -0.32697 0.517178
0.79096 -0.32697 0.517178
0.226557 0.910797 0.345139
0.226557 0.910797 0.345139
0.631267 0.136238 -0.763506
0.631267 0.136238 -0.763506
-0.536522 -0.175404 0.825456
-0.536522 -0.175404 0.825456
-0.131812 -0.949963 -0.28319
-0.131812 -0.949963 -0.28319
-0.145675 0.341583 -0.928493
-0.432363 0.890264 -0.143153
-0.972911 0.120822 0.197093
-0.686224 -0.427858 -0.588247
BONE = 31
BONE_NAME = Box_R_Forearm
PARENT_ID = 25
LOCALTM 
MAT 1.0 0.0 0.0 0.0
MAT 0.0 1.0 5.21541e-007 0.0
MAT 0.0 -4.76837e-007 1.0 0.0
MAT 3.8147e-006 7.62939e-006 0.0 1.0
WORLDTM 
MAT 0.79096 -0.32697 0.517178 0.0
MAT 0.584944 0.156102 -0.79591 0.0
MAT 0.179507 0.932053 0.314729 0.0
MAT 15.6205 57.0785 -20.8154 1.0
VERTEX = 9
0.195038 69.7729 -0.0451789
-0.0821007 70.1748 -0.153095
-0.480941 69.8813 -0.222106
-0.203802 69.4794 -0.11419
-1.00038 70.1804 3.50005
-1.02809 70.2206 3.48926
-1.06798 70.1912 3.48236
-1.04026 70.1511 3.49315
-0.083536 69.8032 -0.375299
INDEX = 14
4 5 7
6 7 5
1 2 5
6 5 2
0 1 4
5 4 1
7 6 3
2 3 6
4 7 0
3 0 7
8 1 0
8 2 1
8 3 2
8 0 3
FACE-NORMAL = 14
-0.23766 0.0956629 0.966626
-0.23766 0.0956629 0.966626
-0.567517 0.808147 -0.157552
-0.567517 0.808147 -0.157552
0.782014 0.59175 0.195668
0.782014 0.59175 0.195668
-0.810482 -0.580291 -0.0798809
-0.810482 -0.580291 -0.079881
0.539049 -0.796688 0.273339
0.539049 -0.796688 0.273339
0.732096 0.347481 -0.585912
-0.223883 0.500771 -0.836125
-0.395994 -0.482768 -0.781104
0.559985 -0.636059 -0.530891
BONE = 32
BONE_NAME = Box_back
PARENT_ID = 6
LOCALTM 
MAT -3.50177e-007 1.0 -2.22772e-006 0.0
MAT 0.93919 1.13994e-006 0.343397 0.0
MAT 0.343397 -1.96695e-006 -0.93919 0.0
MAT 2.00952 0.0178757 -3.75394 1.0
WORLDTM 
MAT -0.23766 0.0956629 0.966626 0.0
MAT 0.79768 0.587075 0.138022 0.0
MAT -0.554278 0.80386 -0.215833 0.0
MAT -0.083536 69.8032 -0.375299 1.0
VERTEX = 9
-4.73801 77.9744 22.8091
-5.22282 77.9916 22.688
-5.12835 77.73 22.2725
-4.64354 77.7128 22.3936
-5.49602 74.6714 24.4459
-5.54451 74.6731 24.4338
-5.53506 74.6469 24.3923
-5.48658 74.6452 24.4044
-4.89436 78.0651 22.4156
INDEX = 14
4 5 7
6 7 5
1 2 5
6 5 2
0 1 4
5 4 1
7 6 3
2 3 6
4 7 0
3 0 7
8 1 0
8 2 1
8 3 2
8 0 3
FACE-NORMAL = 14
-0.155296 -0.851472 0.500877
-0.155296 -0.851472 0.500877
-0.977193 -0.0166463 -0.211701
-0.977193 -0.0166463 -0.211701
-0.197896 0.471333 0.859466
-0.197896 0.471333 0.859466
0.179294 -0.573327 -0.799469
0.179294 -0.573327 -0.799469
0.958591 -0.0853469 0.271698
0.958591 -0.0853469 0.271698
-0.0237856 0.972089 0.233403
-0.575823 0.626415 -0.525388
0.243408 0.232075 -0.941751
0.795445 0.577749 -0.182959
BONE = 33
BONE_NAME = Box_left_armor
PARENT_ID = 6
LOCALTM 
MAT -0.763504 0.439615 0.473075 0.0
MAT 0.373508 0.898186 -0.231849 0.0
MAT -0.526834 -0.000319988 -0.849969 0.0
MAT 7.42226 23.9818 -6.448 1.0
WORLDTM 
MAT -0.155296 -0.851472 0.500877 0.0
MAT -0.188934 0.523269 0.830959 0.0
MAT -0.969633 0.0344121 -0.242134 0.0
MAT -4.89436 78.0651 22.4156 1.0
VERTEX = 9
6.18597 73.6314 -23.6818
6.67081 73.6145 -23.5608
6.78984 73.7916 -24.013
6.30499 73.8085 -24.134
6.2509 77.2079 -22.5122
6.29939 77.2062 -22.5001
6.31129 77.2239 -22.5453
6.26281 77.2256 -22.5574
6.50169 73.4779 -23.9353
INDEX = 14
4 5 7
6 7 5
1 2 5
6 5 2
0 1 4
5 4 1
7 6 3
2 3 6
4 7 0
3 0 7
8 1 0
8 2 1
8 3 2
8 0 3
FACE-NORMAL = 14
-0.0551486 0.934508 0.351644
-0.0551486 0.934508 0.351644
0.964642 0.0221935 0.262627
0.964642 0.0221935 0.262627
-0.240926 -0.297724 0.923751
-0.240926 -0.297724 0.923751
0.23432 0.409664 -0.881629
0.23432 0.409664 -0.881629
-0.971248 0.0897463 -0.220505
-0.971248 0.0897463 -0.220505
-0.129331 -0.911346 0.390796
0.724668 -0.684723 -0.0775297
0.207323 -0.410248 -0.888096
-0.646676 -0.63687 -0.41977
BONE = 34
BONE_NAME = Box_right_armor
PARENT_ID = 6
LOCALTM 
MAT 0.76193 0.442412 -0.473005 0.0
MAT -0.37601 0.896812 0.23312 0.0
MAT 0.527332 0.00023308 0.849659 0.0
MAT 7.42222 -23.9693 -6.44792 1.0
WORLDTM 
MAT -0.0551486 0.934508 0.351644 0.0
MAT -0.23805 -0.35433 0.904313 0.0
MAT 0.969686 -0.0338372 0.242 0.0
MAT 6.50169 73.4779 -23.9353 1.0
VERTEX = 9
0.398319 61.263 0.344717
0.398319 61.263 0.844717
0.398318 60.763 0.844717
0.398318 60.763 0.344717
4.14832 61.038 0.569717
4.14832 61.038 0.619717
4.14832 60.988 0.619717
4.14832 60.988 0.569717
0.148319 61.013 0.594717
INDEX = 14
4 5 7
6 7 5
1 2 5
6 5 2
0 1 4
5 4 1
7 6 3
2 3 6
4 7 0
3 0 7
8 1 0
8 2 1
8 3 2
8 0 3
FACE-NORMAL = 14
1.0 -5.0664e-007 0.0
1.0 -5.0664e-007 0.0
0.0598924 -4.76576e-007 0.998205
0.0598924 -4.76576e-007 0.998205
0.0598925 0.998205 5.65228e-007
0.0598925 0.998205 5.65228e-007
0.0598921 -0.998205 -5.65228e-007
0.0598921 -0.998205 -5.65228e-007
0.0598922 4.15889e-007 -0.998205
0.0598922 4.15889e-007 -0.998205
-0.707107 0.707107 4.00395e-007
-0.707107 0.0 0.707107
-0.707107 -0.707107 -4.00395e-007
-0.707107 6.7435e-007 -0.707107
BONE = 35
BONE_NAME = FxCenter
PARENT_ID = 5
LOCALTM 
MAT 0.556984 -0.233763 0.796946 0.0
MAT 0.829214 0.102659 -0.549423 0.0
MAT 0.0466212 0.966859 0.251019 0.0
MAT 1.3122 0.0178914 1.50825 1.0
WORLDTM 
MAT 1.0 -5.06639e-007 0.0 0.0
MAT 1.78814e-007 1.0 5.66244e-007 0.0
MAT 0.0 -4.47035e-007 1.0 0.0
MAT 0.148319 61.013 0.594717 1.0
VERTEX = 9
-3.32071 40.477 8.10589
-3.02187 40.8776 8.09096
-3.14419 40.9865 8.56339
-3.44304 40.5859 8.57831
7.11197 33.1474 12.7343
7.14185 33.1875 12.7328
7.12962 33.1984 12.7801
7.09974 33.1583 12.7815
-3.42332 40.8711 8.2531
INDEX = 14
4 5 7
6 7 5
1 2 5
6 5 2
0 1 4
5 4 1
7 6 3
2 3 6
4 7 0
3 0 7
8 1 0
8 2 1
8 3 2
8 0 3
FACE-NORMAL = 14
0.763489 -0.557422 0.326136
0.763489 -0.557422 0.326136
0.610272 0.791815 -0.0244395
0.610272 0.791815 -0.0244395
0.257282 -0.226938 -0.939311
0.257282 -0.226938 -0.939311
-0.23195 0.208443 0.950132
