EXPORTER_V17
ANIMATION_EXPORT
BONEOBJECT_COUNT = 77
VERTEX = 9
0.25 0.25 -0.25
0.25 0.25 0.25
0.25 -0.25 0.25
0.25 -0.25 -0.25
4.0 0.025 -0.025
4.0 0.025 0.025
4.0 -0.025 0.025
4.0 -0.025 -0.025
0.0 0.0 0.0
INDEX = 14
4 5 7
6 7 5
1 2 5
6 5 2
0 1 4
5 4 1
7 6 3
2 3 6
4 7 0
3 0 7
8 1 0
8 2 1
8 3 2
8 0 3
FACE-NORMAL = 14
1.0 0.0 0.0
1.0 0.0 0.0
0.0598923 0.0 0.998205
0.0598923 0.0 0.998205
0.0598923 0.998205 0.0
0.0598923 0.998205 0.0
0.0598923 -0.998205 0.0
0.0598923 -0.998205 0.0
0.0598923 0.0 -0.998205
0.0598923 0.0 -0.998205
-0.707107 0.707107 0.0
-0.707107 0.0 0.707107
-0.707107 -0.707107 0.0
-0.707107 0.0 -0.707107
BONE = 0
BONE_NAME = Dummy_root
PARENT_ID = -1
LOCALTM 
MAT 1.0 0.0 0.0 0.0
MAT 0.0 1.0 0.0 0.0
MAT 0.0 0.0 1.0 0.0
MAT 0.0 0.0 0.0 1.0
WORLDTM 
MAT 1.0 0.0 0.0 0.0
MAT 0.0 1.0 0.0 0.0
MAT 0.0 0.0 1.0 0.0
MAT 0.0 0.0 0.0 1.0
VERTEX = 9
0.25 -0.0615444 -0.25
0.25 -0.0615445 0.25
0.25 -0.561545 0.25
0.25 -0.561544 -0.25
4.0 -0.286544 -0.025
4.0 -0.286544 0.025
4.0 -0.336544 0.025
4.0 -0.336544 -0.025
0.0 -0.311544 0.0
INDEX = 14
4 5 7
6 7 5
1 2 5
6 5 2
0 1 4
5 4 1
7 6 3
2 3 6
4 7 0
3 0 7
8 1 0
8 2 1
8 3 2
8 0 3
FACE-NORMAL = 14
1.0 0.0 0.0
1.0 0.0 0.0
0.0598923 0.0 0.998205
0.0598923 0.0 0.998205
0.0598923 0.998205 0.0
0.0598923 0.998205 0.0
0.0598923 -0.998205 0.0
0.0598923 -0.998205 0.0
0.0598923 0.0 -0.998205
0.0598923 0.0 -0.998205
-0.707107 0.707107 0.0
-0.707107 0.0 0.707107
-0.707107 -0.707107 0.0
-0.707107 0.0 -0.707107
BONE = 1
BONE_NAME = FxBottom
PARENT_ID = 0
LOCALTM 
MAT 1.0 0.0 0.0 0.0
MAT 0.0 1.0 0.0 0.0
MAT 0.0 0.0 1.0 0.0
MAT 0.0 -0.311544 0.0 1.0
WORLDTM 
MAT 1.0 0.0 0.0 0.0
MAT 0.0 1.0 0.0 0.0
MAT 0.0 0.0 1.0 0.0
MAT 0.0 -0.311544 0.0 1.0
VERTEX = 9
-0.0729104 3.36382 -0.262043
-0.0723862 3.38852 0.237346
-0.0830024 2.88924 0.262045
-0.0835267 2.86455 -0.237345
3.6717 3.07054 -0.0261976
3.67175 3.07301 0.0237414
3.67069 3.02308 0.0262112
3.67064 3.02061 -0.0237277
-0.3279 3.13185 1.89538e-007
INDEX = 14
4 5 7
6 7 5
1 2 5
6 5 2
0 1 4
5 4 1
7 6 3
2 3 6
4 7 0
3 0 7
8 1 0
8 2 1
8 3 2
8 0 3
FACE-NORMAL = 14
0.999774 -0.0212584 1.66037e-006
0.999774 -0.0212584 1.66037e-006
0.0609253 0.0480239 0.996986
0.0609253 0.0480239 0.996986
0.0810731 0.995488 -0.0493081
0.0810731 0.995488 -0.0493081
0.0386844 -0.998034 0.0493083
0.0386844 -0.998034 0.0493083
0.0588322 -0.0505703 -0.996986
0.0588322 -0.0505703 -0.996986
-0.691933 0.721116 -0.0349301
-0.706206 0.0499529 0.706242
-0.721961 -0.691052 0.0349277
-0.707688 -0.0198891 -0.706245
BONE = 2
BONE_NAME = Bip01
PARENT_ID = 0
LOCALTM 
MAT 0.999774 -0.0212584 1.66193e-006 0.0
MAT 0.0212325 0.998553 -0.049397 0.0
MAT 0.00104844 0.0493858 0.998779 0.0
MAT -0.3279 3.13185 0.0 1.0
WORLDTM 
MAT 0.999774 -0.0212584 1.66037e-006 0.0
MAT 0.0212325 0.998553 -0.0493969 0.0
MAT 0.00104844 0.0493858 0.998779 0.0
MAT -0.3279 3.13185 1.89538e-007 1.0
VERTEX = 9
-0.530818 3.4223 0.248922
-0.0354928 3.35837 0.225137
-0.0622264 3.33682 -0.273682
-0.557551 3.40075 -0.249897
0.150715 7.09954 -0.171953
0.200248 7.09315 -0.174331
0.197575 7.09099 -0.224213
0.148042 7.09739 -0.221835
-0.3279 3.13185 1.89538e-007
INDEX = 14
4 5 7
6 7 5
1 2 5
6 5 2
0 1 4
5 4 1
7 6 3
2 3 6
4 7 0
3 0 7
8 1 0
8 2 1
8 3 2
8 0 3
FACE-NORMAL = 14
0.125511 0.990856 -0.0495208
0.125511 0.990856 -0.0495208
0.996389 -0.0682886 -0.0504507
0.996389 -0.0682886 -0.0504507
0.0608882 0.102354 0.992883
0.0608882 0.102354 0.992883
-0.0458539 0.0163349 -0.998815
-0.0458539 0.0163349 -0.998815
-0.981355 0.186978 0.0445188
-0.981355 0.186978 0.0445188
-0.050943 -0.670173 0.740454
0.611746 -0.791053 0.00137935
-0.126557 -0.731108 -0.670421
-0.789245 -0.610228 0.0686537
BONE = 3
BONE_NAME = Bip01-Pelvis
PARENT_ID = 2
LOCALTM 
MAT 0.104419 0.994533 -0.000394613 0.0
MAT 0.0525406 -0.00512029 0.998606 0.0
MAT 0.993144 -0.104294 -0.052788 0.0
MAT 0.0 0.0 0.0 1.0
WORLDTM 
MAT 0.125511 0.990855 -0.0495208 0.0
MAT 0.053467 0.0430871 0.99764 0.0
MAT 0.99065 -0.127863 -0.0475701 0.0
MAT -0.3279 3.13185 1.89538e-007 1.0
VERTEX = 9
-0.0203871 4.07419 0.173172
0.479299 4.07635 0.190761
0.496942 4.06199 -0.308721
-0.00274347 4.05983 -0.32631
0.200017 7.81712 -0.1519
0.249986 7.81733 -0.150141
0.25175 7.8159 -0.20009
0.201782 7.81568 -0.201848
0.239104 3.8182 -0.0605596
INDEX = 14
4 5 7
6 7 5
1 2 5
6 5 2
0 1 4
5 4 1
7 6 3
2 3 6
4 7 0
3 0 7
8 1 0
8 2 1
8 3 2
8 0 3
FACE-NORMAL = 14
-0.00330498 0.999578 -0.0288588
-0.00330498 0.999578 -0.0288588
0.99738 0.0641791 0.0333859
0.99738 0.0641791 0.0333859
-0.0354219 0.0885397 0.995443
-0.0354219 0.0885397 0.995443
0.035026 0.0311943 -0.998899
0.035026 0.0311943 -0.998899
-0.997776 0.0555549 -0.0368427
-0.997776 0.0555549 -0.0368427
-0.0226149 -0.686497 0.726781
0.709 -0.703754 0.0452805
0.0272889 -0.72712 -0.685968
-0.704326 -0.709863 -0.00446798
BONE = 4
BONE_NAME = Bip01-Spine
PARENT_ID = 3
LOCALTM 
MAT 0.991452 0.0141017 -0.12971 0.0
MAT -0.0254367 0.995957 -0.086151 0.0
MAT 0.127971 0.088714 0.987802 0.0
MAT 0.754237 -0.000527985 0.476825 1.0
WORLDTM 
MAT -0.00330498 0.999578 -0.0288588 0.0
MAT -0.0352873 0.0287243 0.998964 0.0
MAT 0.999372 0.00431986 0.0351775 0.0
MAT 0.239104 3.8182 -0.0605596 1.0
VERTEX = 9
-0.0236064 6.04946 0.130072
0.476296 6.04894 0.139944
0.486173 6.05486 -0.359923
-0.013729 6.05538 -0.369795
0.20881 9.80163 -0.0459419
0.2588 9.80157 -0.0449547
0.259788 9.80217 -0.0949414
0.209798 9.80222 -0.0959286
0.231082 5.80218 -0.117891
INDEX = 14
4 5 7
6 7 5
1 2 5
6 5 2
0 1 4
5 4 1
7 6 3
2 3 6
4 7 0
3 0 7
8 1 0
8 2 1
8 3 2
8 0 3
FACE-NORMAL = 14
0.000804162 0.999929 0.0118623
0.000804162 0.999929 0.0118623
0.998058 0.0588516 0.020419
0.998058 0.0588516 0.020419
-0.0196712 0.0480651 0.99865
-0.0196712 0.0480651 0.99865
0.0197676 0.071711 -0.99723
0.0197676 0.071711 -0.99723
-0.997962 0.0609245 -0.0189981
-0.997962 0.0609245 -0.0189981
-0.0145374 -0.715432 0.698531
0.7064 -0.707791 0.00557321
0.0134002 -0.698682 -0.715307
-0.707537 -0.706323 -0.022349
BONE = 5
BONE_NAME = Bip01-Spine1
PARENT_ID = 4
LOCALTM 
MAT 0.999163 0.040544 0.00554055 0.0
MAT -0.0406249 0.999056 0.0153745 0.0
MAT -0.00491197 -0.0155867 0.999866 0.0
MAT 1.98483 0.0 -0.00146264 1.0
WORLDTM 
MAT 0.000804162 0.999929 0.0118623 0.0
MAT -0.0197549 -0.0118442 0.999734 0.0
MAT 0.999804 -0.00103833 0.019744 0.0
MAT 0.231082 5.80218 -0.117891 1.0
VERTEX = 9
-0.0225851 7.88617 0.151852
0.477317 7.88565 0.161724
0.487194 7.89157 -0.338143
-0.0127077 7.89209 -0.348015
0.209831 11.6383 -0.0241619
0.259822 11.6383 -0.0231747
0.260809 11.6389 -0.0731614
0.210819 11.6389 -0.0741486
0.232104 7.63888 -0.0961107
INDEX = 14
4 5 7
6 7 5
1 2 5
6 5 2
0 1 4
5 4 1
7 6 3
2 3 6
4 7 0
3 0 7
8 1 0
8 2 1
8 3 2
8 0 3
FACE-NORMAL = 14
0.000804162 0.999929 0.0118623
0.000804162 0.999929 0.0118623
0.998058 0.0588516 0.020419
0.998058 0.0588516 0.020419
-0.0196713 0.0480651 0.99865
-0.0196713 0.0480651 0.99865
0.0197676 0.071711 -0.99723
0.0197676 0.071711 -0.99723
-0.997962 0.0609245 -0.0189981
-0.997962 0.0609245 -0.0189981
-0.0145374 -0.715432 0.698531
0.7064 -0.707791 0.00557321
0.0134002 -0.698682 -0.715307
-0.707537 -0.706323 -0.022349
BONE = 6
BONE_NAME = Bip01-Neck
PARENT_ID = 5
LOCALTM 
MAT 1.0 0.0 0.0 0.0
MAT 0.0 1.0 0.0 0.0
MAT 0.0 0.0 1.0 0.0
MAT 1.83684 0.0 -0.000455886 1.0
WORLDTM 
MAT 0.000804162 0.999929 0.0118623 0.0
MAT -0.0197549 -0.0118442 0.999734 0.0
MAT 0.999804 -0.00103833 0.019744 0.0
MAT 0.232104 7.63888 -0.0961107 1.0
VERTEX = 9
-0.0280302 8.42311 0.184115
0.471427 8.44639 0.184946
0.469915 8.4966 -0.312523
-0.0295423 8.47332 -0.313355
-0.146029 15.7694 0.699854
-0.0960834 15.7718 0.699937
-0.0962346 15.7768 0.65019
-0.14618 15.7745 0.650107
0.232564 8.21139 -0.0893191
INDEX = 14
4 5 7
6 7 5
1 2 5
6 5 2
0 1 4
5 4 1
7 6 3
2 3 6
4 7 0
3 0 7
8 1 0
8 2 1
8 3 2
8 0 3
FACE-NORMAL = 14
-0.0464871 0.993855 0.100459
-0.0464871 0.993855 0.100459
0.997027 0.0769088 0.00473253
0.997027 0.0769088 0.00473253
0.00160202 -0.0700058 0.997545
0.00160202 -0.0700058 0.997545
-0.00444356 0.130756 -0.991405
-0.00444356 0.130756 -0.991405
-0.999868 -0.016159 0.00140808
-0.999868 -0.016159 0.00140808
0.0350098 -0.773774 0.632493
0.73921 -0.669841 -0.0698594
0.0307329 -0.631748 -0.774564
-0.673468 -0.735681 -0.0722113
BONE = 7
BONE_NAME = Bip01-Head
PARENT_ID = 6
LOCALTM 
MAT 0.994939 0.0895796 -0.0455265 0.0
MAT -0.0886157 0.995806 0.0227719 0.0
MAT 0.0473754 -0.0186223 0.998704 0.0
MAT 0.572545 0.0 0.0 1.0
WORLDTM 
MAT -0.0464871 0.993855 0.100459 0.0
MAT 0.0030242 -0.100428 0.994939 0.0
MAT 0.998914 0.0465557 0.001663 0.0
MAT 0.232564 8.21139 -0.0893191 1.0
VERTEX = 9
-0.381726 15.9848 0.948456
0.117731 16.0081 0.949287
0.116219 16.0583 0.451817
-0.383238 16.035 0.450986
-0.331978 19.7449 1.10169
-0.282032 19.7472 1.10177
-0.282183 19.7522 1.05203
-0.332129 19.7499 1.05194
-0.121132 15.7731 0.675022
INDEX = 14
4 5 7
6 7 5
1 2 5
6 5 2
0 1 4
5 4 1
7 6 3
2 3 6
4 7 0
3 0 7
8 1 0
8 2 1
8 3 2
8 0 3
FACE-NORMAL = 14
-0.0464871 0.993855 0.100459
-0.0464871 0.993855 0.100459
0.994337 0.105996 0.00767674
0.994337 0.105996 0.00767675
0.000234557 -0.0407231 0.99917
0.000234556 -0.0407231 0.99917
-0.005803 0.159772 -0.987137
-0.005803 0.159772 -0.987137
-0.999905 0.0130521 0.00435671
-0.999905 0.0130521 0.00435671
0.0350098 -0.773774 0.632493
0.73921 -0.669841 -0.0698594
0.0307329 -0.631748 -0.774564
-0.673468 -0.735681 -0.0722113
BONE = 8
BONE_NAME = Bip01-HeadNub
PARENT_ID = 7
LOCALTM 
MAT 1.0 0.0 0.0 0.0
MAT 0.0 1.0 0.0 0.0
MAT 0.0 0.0 1.0 0.0
MAT 7.60847 0.0 0.0 1.0
WORLDTM 
MAT -0.0464871 0.993855 0.100459 0.0
MAT 0.0030242 -0.100428 0.99494 0.0
MAT 0.998914 0.0465557 0.001663 0.0
MAT -0.121132 15.7731 0.675022 1.0
VERTEX = 9
0.448404 12.2444 -1.64057
0.456231 11.7539 -1.73751
0.00752052 11.7898 -1.95516
-0.000306673 12.2803 -1.85823
1.90338 12.7178 -5.07899
1.90416 12.6687 -5.08868
1.85929 12.6723 -5.11045
1.8585 12.7214 -5.10075
0.117737 11.9719 -1.57808
INDEX = 14
4 5 7
6 7 5
1 2 5
6 5 2
0 1 4
5 4 1
7 6 3
2 3 6
4 7 0
3 0 7
8 1 0
8 2 1
8 3 2
8 0 3
FACE-NORMAL = 14
0.440899 0.180791 -0.87916
0.440899 0.180791 -0.87916
0.0420327 -0.968315 -0.24617
0.0420327 -0.968315 -0.24617
0.922216 -0.0607545 0.381873
0.922216 -0.0607545 0.381873
-0.869403 0.0824106 -0.487183
-0.869403 0.0824106 -0.487183
0.0107801 0.989971 0.14086
0.0107801 0.989971 0.14086
0.32281 -0.178546 0.92947
-0.300693 -0.821442 0.484578
-0.946334 -0.0771313 0.31385
-0.322832 0.565765 0.758742
BONE = 9
BONE_NAME = OMG_EyeR_B04
PARENT_ID = 7
LOCALTM 
MAT 0.0708644 -0.891535 0.447375 0.0
MAT -0.0692582 0.443022 0.893832 0.0
MAT -0.995079 -0.0943252 -0.0303516 0.0
MAT 3.59318 -1.85923 0.0578954 1.0
WORLDTM 
MAT 0.440898 0.180791 -0.87916 0.0
MAT 0.89742 -0.0717113 0.435309 0.0
MAT 0.0156544 -0.980904 -0.193863 0.0
MAT 0.117737 11.9719 -1.57808 1.0
VERTEX = 9
0.468291 11.3532 2.23219
0.460179 11.8532 2.23527
0.0128082 11.8445 2.45839
0.0209202 11.3446 2.45531
1.93691 11.5808 5.68981
1.93609 11.6308 5.69012
1.89136 11.6299 5.71243
1.89217 11.5799 5.71212
0.128978 11.5985 2.12157
INDEX = 14
4 5 7
6 7 5
1 2 5
6 5 2
0 1 4
5 4 1
7 6 3
2 3 6
4 7 0
3 0 7
8 1 0
8 2 1
8 3 2
8 0 3
FACE-NORMAL = 14
0.446288 0.00172175 0.894888
0.446288 0.00172175 0.894888
0.0105343 0.998158 0.0597531
0.0105343 0.998158 0.0597531
0.919865 0.0173433 -0.391851
0.919865 0.0173433 -0.391851
-0.866407 -0.0171371 0.499045
-0.866407 -0.0171371 0.499045
0.0429242 -0.997951 0.0474406
0.0429242 -0.997951 0.0474406
0.317105 0.0109951 -0.948327
-0.327046 0.705783 -0.62842
-0.948252 -0.01343 -0.317235
-0.304101 -0.708218 -0.637142
BONE = 10
BONE_NAME = OMG_EyeL_B01
PARENT_ID = 7
LOCALTM 
MAT 0.0708643 0.891536 0.447372 0.0
MAT -0.0692588 -0.44302 0.893833 0.0
MAT 0.995079 -0.0943253 0.0303525 0.0
MAT 3.59318 1.85923 0.0578903 1.0
WORLDTM 
MAT 0.446288 0.00172175 0.894887 0.0
MAT 0.894742 0.0172712 -0.446249 0.0
MAT -0.0162241 0.99985 0.00616732 0.0
MAT 0.128978 11.5985 2.12157 1.0
VERTEX = 9
0.370493 11.8346 -1.25439
0.351091 12.3037 -1.4265
-0.148354 12.2809 -1.43235
-0.128953 11.8118 -1.26024
0.0369891 13.3231 2.18609
0.035049 13.37 2.16888
-0.0148956 13.3677 2.16829
-0.0129554 13.3208 2.1855
0.117737 11.9719 -1.57808
INDEX = 14
4 5 7
6 7 5
1 2 5
6 5 2
0 1 4
5 4 1
7 6 3
2 3 6
4 7 0
3 0 7
8 1 0
8 2 1
8 3 2
8 0 3
FACE-NORMAL = 14
-0.0266727 0.343382 0.938817
-0.0266727 0.343382 0.938817
-0.0403312 0.95697 -0.287371
-0.0403312 0.95697 -0.287371
0.9955 0.0660944 0.0679038
0.9955 0.0660944 0.0679039
-0.998695 -0.0249625 0.044552
-0.998695 -0.0249625 0.044552
0.0371362 -0.915838 0.399827
0.0371362 -0.915838 0.399827
0.725183 -0.210556 -0.655573
-0.00857768 0.420521 -0.907242
-0.687462 -0.275059 -0.672115
0.0462985 -0.906136 -0.420446
BONE = 11
BONE_NAME = OMG_EyeR_B02
PARENT_ID = 7
LOCALTM 
MAT 0.436824 0.899501 -0.00909612 0.0
MAT 6.95474e-005 0.010078 0.999949 0.0
MAT 0.899547 -0.436803 0.00433969 0.0
MAT 3.59318 -1.85923 0.0578954 1.0
WORLDTM 
MAT -0.0266727 0.343382 0.938817 0.0
MAT 0.998891 0.0456103 0.0116969 0.0
MAT -0.0388034 0.938088 -0.344217 0.0
MAT 0.117737 11.9719 -1.57808 1.0
VERTEX = 9
0.329395 11.976 2.0525
0.375694 11.5682 1.76701
-0.119803 11.5026 1.78038
-0.166102 11.9104 2.06587
-0.235465 13.8756 -1.14691
-0.230835 13.8348 -1.17546
-0.280385 13.8283 -1.17412
-0.285014 13.8691 -1.14557
0.128978 11.5985 2.12157
INDEX = 14
4 5 7
6 7 5
1 2 5
6 5 2
0 1 4
5 4 1
7 6 3
2 3 6
4 7 0
3 0 7
8 1 0
8 2 1
8 3 2
8 0 3
FACE-NORMAL = 14
-0.0967256 0.563372 -0.820522
-0.0967256 0.563372 -0.820522
0.0866383 -0.780513 -0.619107
0.0866383 -0.780513 -0.619107
0.983422 0.164714 -0.075829
0.983422 0.164714 -0.075829
-0.995009 -0.0972305 -0.0224569
-0.995008 -0.0972305 -0.0224569
-0.0982245 0.847996 0.520821
-0.0982245 0.847996 0.520821
0.769134 -0.305586 0.561293
0.133872 -0.975164 0.176447
-0.632344 -0.491142 0.599101
0.00291891 0.178437 0.983947
BONE = 12
BONE_NAME = OMG_EyeL_B02
PARENT_ID = 7
LOCALTM 
MAT 0.481977 -0.873241 -0.0717569 0.0
MAT 0.0816472 -0.0367787 0.995983 0.0
MAT -0.872372 -0.485899 0.0535712 0.0
MAT 3.59318 1.85924 0.0578902 1.0
WORLDTM 
MAT -0.0967256 0.563372 -0.820522 0.0
MAT 0.990994 0.131208 -0.0267341 0.0
MAT 0.0925976 -0.815719 -0.570989 0.0
MAT 0.128978 11.5985 2.12157 1.0
VERTEX = 9
1.95424 9.12679 0.992291
1.88493 9.58621 1.17703
1.47871 9.42678 1.42109
1.54802 8.96736 1.23635
3.86396 8.38988 4.15041
3.85702 8.43582 4.16888
3.8164 8.41988 4.19329
3.82333 8.37393 4.17482
1.5749 9.33491 1.00901
INDEX = 14
4 5 7
6 7 5
1 2 5
6 5 2
0 1 4
5 4 1
7 6 3
2 3 6
4 7 0
3 0 7
8 1 0
8 2 1
8 3 2
8 0 3
FACE-NORMAL = 14
0.566321 -0.232508 0.790709
0.566321 -0.232508 0.790709
-0.104463 0.903266 0.416169
-0.104463 0.903266 0.416169
0.844902 0.304361 -0.439892
0.844902 0.304361 -0.439892
-0.777065 -0.332211 0.534607
-0.777066 -0.332211 0.534607
0.1723 -0.931117 -0.321455
0.1723 -0.931117 -0.321455
0.174034 0.389875 -0.904273
-0.498476 0.814127 -0.297857
-0.974933 -0.0610586 -0.213958
-0.302423 -0.485311 -0.820374
BONE = 13
BONE_NAME = OMG_Mouth_B01
PARENT_ID = 7
LOCALTM 
MAT -0.177972 0.811771 0.556196 0.0
MAT 0.230094 -0.515221 0.825593 0.0
MAT 0.956757 0.27491 -0.0950884 0.0
MAT 1.16455 0.984003 1.39501 1.0
WORLDTM 
MAT 0.566321 -0.232508 0.790709 0.0
MAT 0.812442 0.318858 -0.488126 0.0
MAT -0.138631 0.918842 0.369475 0.0
MAT 1.5749 9.33491 1.00901 1.0
VERTEX = 9
1.10951 8.98637 -0.979464
1.2656 9.45903 -0.932229
1.44911 9.35317 -0.479332
1.29303 8.88051 -0.526567
4.54833 8.2211 -2.30336
4.56393 8.26837 -2.29863
4.58228 8.25778 -2.25334
4.56668 8.21051 -2.25807
1.06025 9.23179 -0.626134
INDEX = 14
4 5 7
6 7 5
1 2 5
6 5 2
0 1 4
5 4 1
7 6 3
2 3 6
4 7 0
3 0 7
8 1 0
8 2 1
8 3 2
8 0 3
FACE-NORMAL = 14
0.876264 -0.248088 -0.413054
0.876264 -0.248088 -0.413054
0.36409 0.928762 0.0695621
0.36409 0.928762 0.0695621
-0.31389 0.196485 -0.928906
-0.31389 0.196485 -0.928906
0.418853 -0.226203 0.879429
0.418853 -0.226203 0.879429
-0.259127 -0.958479 -0.11904
-0.259127 -0.958479 -0.11904
-0.879142 0.325136 -0.34842
-0.398875 0.843865 0.358874
-0.360083 0.0257131 0.932566
-0.84035 -0.493016 0.225272
BONE = 14
BONE_NAME = OMG_Mouth_B04
PARENT_ID = 7
LOCALTM 
MAT -0.328793 -0.383399 0.863077 0.0
MAT 0.13649 -0.923584 -0.358281 0.0
MAT 0.934487 5.88596e-007 0.355998 0.0
MAT 0.921726 -0.634073 0.873397 1.0
WORLDTM 
MAT 0.876264 -0.248088 -0.413054 0.0
MAT -0.36703 0.211724 -0.905794 0.0
MAT 0.312169 0.945318 0.0944704 0.0
MAT 1.06025 9.23179 -0.626134 1.0
VERTEX = 9
2.23823 9.99319 -1.20009
2.47612 9.87525 -0.776421
2.2988 9.40873 -0.80672
2.06091 9.52667 -1.23039
5.28384 8.71138 -3.00149
5.30762 8.69959 -2.95912
5.28989 8.65294 -2.96215
5.2661 8.66473 -3.00452
2.06729 9.76888 -0.871512
INDEX = 14
4 5 7
6 7 5
1 2 5
6 5 2
0 1 4
5 4 1
7 6 3
2 3 6
4 7 0
3 0 7
8 1 0
8 2 1
8 3 2
8 0 3
FACE-NORMAL = 14
0.804893 -0.271679 -0.527577
0.804893 -0.271679 -0.527577
0.523136 -0.251731 0.814224
0.523136 -0.251731 0.814224
0.402222 0.915086 0.0288932
0.402222 0.915086 0.0288932
-0.305808 -0.947629 -0.0920888
-0.305808 -0.947629 -0.0920888
-0.426722 0.219188 -0.877419
-0.426722 0.219188 -0.877419
-0.318369 0.85186 0.415904
-0.232716 0.0253117 0.972215
-0.819922 -0.467648 0.330203
-0.905575 0.3589 -0.226108
BONE = 15
BONE_NAME = OMG_Mouth_B06
PARENT_ID = 7
LOCALTM 
MAT -0.360427 -0.49519 0.790494 0.0
MAT 0.9169 -0.0323364 0.397805 0.0
MAT -0.171427 0.868183 0.465694 0.0
MAT 1.38405 -0.929101 1.90395 1.0
WORLDTM 
MAT 0.804893 -0.271679 -0.527577 0.0
MAT 0.354652 0.933033 0.0605998 0.0
MAT 0.475783 -0.235883 0.847342 0.0
MAT 2.06729 9.76888 -0.871512 1.0
VERTEX = 9
1.27141 9.26605 0.979612
1.11532 8.79339 0.932377
1.29605 8.78028 0.466365
1.45213 9.25294 0.5136
4.57718 7.82835 2.06064
4.56157 7.78108 2.05592
4.57964 7.77977 2.00932
4.59525 7.82704 2.01404
1.06408 9.10444 0.635522
INDEX = 14
4 5 7
6 7 5
1 2 5
6 5 2
0 1 4
5 4 1
7 6 3
2 3 6
4 7 0
3 0 7
8 1 0
8 2 1
8 3 2
8 0 3
FACE-NORMAL = 14
0.878583 -0.325095 0.349865
0.878583 -0.325095 0.349865
-0.258988 -0.963092 -0.0733466
-0.258988 -0.963092 -0.0733466
-0.308176 0.0066991 0.951306
-0.308176 0.0066991 0.951306
0.413417 -0.0456405 -0.909397
0.413417 -0.0456405 -0.909397
0.364229 0.92415 0.115255
0.364229 0.92415 0.115255
-0.876832 0.248415 0.411649
-0.841989 -0.438564 -0.314192
-0.365671 0.211339 -0.906433
-0.400515 0.898318 -0.180591
BONE = 16
BONE_NAME = OMG_Mouth_B08
PARENT_ID = 7
LOCALTM 
MAT -0.328793 0.3834 0.863076 0.0
MAT 0.136489 0.923583 -0.358283 0.0
MAT -0.934487 -5.51343e-007 -0.355997 0.0
MAT 0.921724 0.634002 0.873396 1.0
WORLDTM 
MAT 0.878583 -0.325095 0.349865 0.0
MAT -0.361445 0.0262169 0.932024 0.0
MAT -0.312169 -0.945318 -0.0944704 0.0
MAT 1.06408 9.10444 0.635522 1.0
VERTEX = 9
2.48123 9.70575 0.902815
2.24596 9.7365 1.34293
2.06854 9.27323 1.28046
2.3038 9.24248 0.840341
5.32509 8.11933 2.78948
5.30156 8.12241 2.83349
5.28382 8.07608 2.82724
5.30735 8.07301 2.78323
2.07291 9.58227 0.977189
INDEX = 14
4 5 7
6 7 5
1 2 5
6 5 2
0 1 4
5 4 1
7 6 3
2 3 6
4 7 0
3 0 7
8 1 0
8 2 1
8 3 2
8 0 3
FACE-NORMAL = 14
0.807886 -0.371141 0.457792
0.807886 -0.371141 0.457792
-0.421304 0.0391648 0.906073
-0.421304 0.0391648 0.906073
0.402597 0.902646 0.152141
0.402597 0.902646 0.152141
-0.305824 -0.947103 -0.097304
-0.305824 -0.947103 -0.097304
0.518076 -0.0836218 -0.851237
0.518076 -0.0836218 -0.851237
-0.320347 0.917597 -0.235358
-0.90398 0.305926 0.298712
-0.822177 -0.392725 -0.412059
-0.238544 0.218947 -0.946129
BONE = 17
BONE_NAME = OMG_Mouth_B10
PARENT_ID = 7
LOCALTM 
MAT -0.360427 0.495192 0.790492 0.0
MAT 0.9169 0.0323377 0.397806 0.0
MAT 0.171427 0.868182 -0.465697 0.0
MAT 1.38405 0.929003 1.90394 1.0
WORLDTM 
MAT 0.807886 -0.371141 0.457792 0.0
MAT 0.354847 0.926538 0.124947 0.0
MAT -0.470535 0.0615037 0.880235 0.0
MAT 2.07291 9.58227 0.977189 1.0
VERTEX = 9
1.37393 9.31038 0.269416
1.23105 8.83361 0.221726
1.22954 8.88383 -0.275744
1.37242 9.3606 -0.228053
4.90257 8.05334 -0.0943307
4.88828 8.00566 -0.0990998
4.88813 8.01068 -0.148847
4.90242 8.05836 -0.144078
1.06216 9.16811 0.00473107
INDEX = 14
4 5 7
6 7 5
1 2 5
6 5 2
0 1 4
5 4 1
7 6 3
2 3 6
4 7 0
3 0 7
8 1 0
8 2 1
8 3 2
8 0 3
FACE-NORMAL = 14
0.958296 -0.284026 -0.03158
0.958296 -0.284026 -0.03158
-0.227853 -0.968842 -0.0971019
-0.227853 -0.968842 -0.0971019
0.0604111 -0.117259 0.991262
0.0604111 -0.117259 0.991262
0.054378 0.0832372 -0.995045
0.054378 0.0832372 -0.995045
0.342642 0.93482 0.0933191
0.342642 0.93482 0.0933191
-0.675481 0.129823 0.725859
-0.879681 -0.47342 -0.0451146
-0.679755 0.271851 -0.681198
-0.475555 0.875093 0.0897754
BONE = 18
BONE_NAME = OMG_Mouth_B12
PARENT_ID = 7
LOCALTM 
MAT -0.330002 1.90176e-006 0.94398 0.0
MAT -7.37607e-007 1.0 -2.26358e-006 0.0
MAT -0.943981 -1.43051e-006 -0.330002 0.0
MAT 0.921725 1.96695e-006 0.873396 1.0
WORLDTM 
MAT 0.958296 -0.284026 -0.03158 0.0
MAT 0.00302198 -0.100428 0.994939 0.0
MAT -0.28576 -0.953543 -0.0953817 0.0
MAT 1.06216 9.16811 0.00473107 1.0
VERTEX = 9
2.39359 9.84101 -0.182664
2.3951 9.7908 0.314806
2.21181 9.3279 0.268639
2.21029 9.37811 -0.228831
5.8007 8.2434 -0.128132
5.80085 8.23838 -0.078385
5.78252 8.19209 -0.0830017
5.78237 8.19711 -0.132749
2.0701 9.67557 0.0528912
INDEX = 14
4 5 7
6 7 5
1 2 5
6 5 2
0 1 4
5 4 1
7 6 3
2 3 6
4 7 0
3 0 7
8 1 0
8 2 1
8 3 2
8 0 3
FACE-NORMAL = 14
0.930378 -0.364456 -0.0396145
0.930378 -0.364456 -0.0396145
0.0587402 -0.122075 0.990781
0.0587402 -0.122075 0.990781
0.421654 0.9023 0.0897949
0.421654 0.9023 0.0897949
-0.310209 -0.945956 -0.0945401
-0.310209 -0.945956 -0.0945401
0.0527047 0.0784191 -0.995526
0.0527047 0.0784191 -0.995526
-0.398658 0.912341 0.0933011
-0.655739 0.186696 0.73154
-0.917095 -0.396923 -0.0372778
-0.660014 0.328722 -0.675517
BONE = 19
BONE_NAME = OMG_Mouth_B14
PARENT_ID = 7
LOCALTM 
MAT -0.409446 9.16421e-007 0.912335 0.0
MAT 0.912335 0.0 0.409446 0.0
MAT 2.23517e-007 1.0 -9.87668e-007 0.0
MAT 1.38405 3.8743e-006 1.90395 1.0
WORLDTM 
MAT 0.930378 -0.364456 -0.0396145 0.0
MAT 0.36659 0.92579 0.0923333 0.0
MAT 0.00302321 -0.100427 0.99494 0.0
MAT 2.0701 9.67557 0.0528912 1.0
VERTEX = 9
4.29566 9.79232 -0.193359
4.27591 10.2894 -0.143125
4.27742 10.2392 0.354345
4.29717 9.74211 0.304111
8.03451 10.1419 0.056713
8.03253 10.1916 0.0617364
8.03268 10.1866 0.111483
8.03466 10.1369 0.10646
4.03674 10.0059 0.0802528
INDEX = 14
4 5 7
6 7 5
1 2 5
6 5 2
0 1 4
5 4 1
7 6 3
2 3 6
4 7 0
3 0 7
8 1 0
8 2 1
8 3 2
8 0 3
FACE-NORMAL = 14
0.999215 0.039604 0.000961341
0.999215 0.039604 0.000961341
0.0204159 0.994743 0.100346
0.0204159 0.994743 0.100346
0.0568276 0.10262 -0.993096
0.0568276 0.10262 -0.993096
0.062863 -0.0978757 0.993211
0.062863 -0.0978757 0.993211
0.0992747 -0.989999 -0.10023
0.0992746 -0.989999 -0.10023
-0.708689 0.043009 -0.704208
-0.734483 0.67497 0.0703621
-0.704414 -0.0990175 0.702849
-0.678621 -0.730979 -0.0717217
BONE = 20
BONE_NAME = OMG_Nose_B01
PARENT_ID = 19
LOCALTM 
MAT 0.915175 0.403056 0.0 0.0
MAT 0.0 4.76837e-007 -1.0 0.0
MAT -0.403056 0.915175 4.76837e-007 0.0
MAT 1.70825 1.02925 -4.76837e-007 1.0
WORLDTM 
MAT 0.999215 0.039604 0.000961341 0.0
MAT -0.00302313 0.100428 -0.99494 0.0
MAT -0.0395003 0.994156 0.100468 0.0
MAT 4.03674 10.0059 0.0802528 1.0
VERTEX = 9
1.87804 9.8126 -1.06537
1.94827 9.32556 -0.97671
1.5404 9.21788 -1.24512
1.47016 9.70492 -1.33377
3.83017 9.28533 -4.23947
3.83719 9.23663 -4.2306
3.79641 9.22586 -4.25744
3.78938 9.27456 -4.26631
1.56895 9.53255 -0.949028
INDEX = 14
4 5 7
6 7 5
1 2 5
6 5 2
0 1 4
5 4 1
7 6 3
2 3 6
4 7 0
3 0 7
8 1 0
8 2 1
8 3 2
8 0 3
FACE-NORMAL = 14
0.561086 -0.0692392 -0.824857
0.561086 -0.0692392 -0.824857
0.173818 -0.976477 0.127592
0.173818 -0.976477 0.127592
0.847893 0.210818 0.48645
0.847893 0.210818 0.48645
-0.780684 -0.219111 -0.585255
-0.780684 -0.219111 -0.585255
-0.106608 0.968183 -0.226397
-0.106608 0.968183 -0.226397
0.180077 0.201236 0.962848
-0.297424 -0.639818 0.708641
-0.973572 -0.103317 0.203676
-0.496071 0.737737 0.457883
BONE = 21
BONE_NAME = OMG_Mouth_B16
PARENT_ID = 7
LOCALTM 
MAT -0.177761 -0.812033 0.555881 0.0
MAT 0.230034 0.51494 0.825786 0.0
MAT -0.95681 0.274664 0.0952586 0.0
MAT 1.16455 -0.983998 1.39501 1.0
WORLDTM 
MAT 0.561086 -0.0692392 -0.824857 0.0
MAT 0.815753 0.215351 0.536816 0.0
MAT 0.140465 -0.974079 0.177312 0.0
MAT 1.56895 9.53255 -0.949028 1.0
VERTEX = 9
0.466397 11.3489 2.22822
0.462181 11.8488 2.23911
0.0148102 11.8401 2.46224
0.0190264 11.3403 2.45135
1.93757 11.511 5.68844
1.93715 11.561 5.68953
1.89242 11.5601 5.71184
1.89284 11.5101 5.71075
0.128978 11.5985 2.12157
INDEX = 14
4 5 7
6 7 5
1 2 5
6 5 2
0 1 4
5 4 1
7 6 3
2 3 6
4 7 0
3 0 7
8 1 0
8 2 1
8 3 2
8 0 3
FACE-NORMAL = 14
0.446504 -0.0157286 0.894643
0.446504 -0.0157286 0.894643
0.018325 0.99699 0.0753273
0.018325 0.99699 0.0753273
0.919878 0.0162976 -0.391867
0.919878 0.0162976 -0.391867
-0.866393 -0.0181816 0.499031
-0.866393 -0.0181816 0.499031
0.0351593 -0.998874 0.0318371
0.0351593 -0.998874 0.0318371
0.316952 0.0233339 -0.948155
-0.321689 0.718036 -0.617204
-0.948404 -0.00109038 -0.317062
-0.309764 -0.695792 -0.648012
BONE = 22
BONE_NAME = Point08
PARENT_ID = 7
LOCALTM 
MAT 0.0534867 0.893046 0.446775 0.0
MAT -0.0692595 -0.44302 0.893832 0.0
MAT 0.996164 -0.0787516 0.0381561 0.0
MAT 3.59318 1.85923 0.0578902 1.0
WORLDTM 
MAT 0.446504 -0.0157286 0.894643 0.0
MAT 0.894742 0.0172706 -0.44625 0.0
MAT -0.0084323 0.999728 0.0217842 0.0
MAT 0.128978 11.5985 2.12157 1.0
VERTEX = 9
0.448403 12.2444 -1.64057
0.456231 11.7539 -1.73751
0.00752068 11.7898 -1.95516
-0.000306629 12.2803 -1.85823
1.90338 12.7178 -5.07899
1.90416 12.6687 -5.08868
1.85929 12.6723 -5.11045
1.85851 12.7214 -5.10075
0.117737 11.9719 -1.57808
INDEX = 14
4 5 7
6 7 5
1 2 5
6 5 2
0 1 4
5 4 1
7 6 3
2 3 6
4 7 0
3 0 7
8 1 0
8 2 1
8 3 2
8 0 3
FACE-NORMAL = 14
0.440899 0.180791 -0.87916
0.440899 0.180791 -0.87916
0.0420329 -0.968315 -0.24617
0.042033 -0.968315 -0.24617
0.922216 -0.0607543 0.381873
0.922216 -0.0607543 0.381873
-0.869403 0.0824103 -0.487183
-0.869403 0.0824103 -0.487183
0.0107799 0.989971 0.14086
0.0107799 0.989971 0.14086
0.32281 -0.178546 0.92947
-0.300693 -0.821442 0.484578
-0.946334 -0.0771313 0.31385
-0.322832 0.565765 0.758742
BONE = 23
BONE_NAME = Point07
PARENT_ID = 7
LOCALTM 
MAT 0.0708641 -0.891535 0.447375 0.0
MAT -0.0692579 0.443022 0.893831 0.0
MAT -0.995079 -0.0943249 -0.0303514 0.0
MAT 3.59318 -1.85923 0.0578954 1.0
WORLDTM 
MAT 0.440899 0.180791 -0.87916 0.0
MAT 0.89742 -0.071711 0.435309 0.0
MAT 0.0156546 -0.980904 -0.193863 0.0
MAT 0.117737 11.9719 -1.57808 1.0
VERTEX = 9
-2.44026 14.6035 0.312885
-2.88762 14.3812 0.29144
-2.88647 14.3309 0.788901
-2.43911 14.5532 0.810346
-4.31586 17.8187 0.86851
-4.3606 17.7964 0.866366
-4.36048 17.7914 0.916112
-4.31575 17.8136 0.918257
-2.55171 14.2447 0.528132
INDEX = 14
4 5 7
6 7 5
1 2 5
6 5 2
0 1 4
5 4 1
7 6 3
2 3 6
4 7 0
3 0 7
8 1 0
8 2 1
8 3 2
8 0 3
FACE-NORMAL = 14
-0.446615 0.890082 0.0910449
-0.446615 0.890082 0.0910449
-0.919866 -0.390449 -0.0373596
-0.919866 -0.390449 -0.0373596
-0.0290442 0.153744 -0.987684
-0.0290442 0.153744 -0.987684
-0.0244534 -0.0471256 0.99859
-0.0244534 -0.0471257 0.99859
0.866368 0.497068 0.0482653
0.866368 0.497068 0.0482653
0.314178 -0.558237 -0.767895
-0.316861 -0.943732 -0.0947059
0.31743 -0.700529 0.639138
0.948469 -0.315034 -0.0340511
BONE = 24
BONE_NAME = OMG_Horn_B
PARENT_ID = 7
LOCALTM 
MAT 0.91452 -0.000155039 -0.40454 0.0
MAT 0.00015457 -1.0 0.000732658 0.0
MAT -0.40454 -0.000732552 -0.91452 0.0
MAT 6.1877 -3.8743e-006 -2.49934 1.0
WORLDTM 
MAT -0.446615 0.890082 0.0910449 0.0
MAT -0.00229953 0.100615 -0.994923 0.0
MAT -0.894723 -0.444557 -0.0428894 0.0
MAT -2.55171 14.2447 0.528132 1.0
VERTEX = 9
5.13766 18.2795 0.637564
5.13766 18.2795 1.13756
5.13766 17.7795 1.13756
5.13766 17.7795 0.637564
8.88766 18.0545 0.862564
8.88766 18.0545 0.912564
8.88766 18.0045 0.912564
8.88766 18.0045 0.862564
4.88766 18.0295 0.887564
INDEX = 14
4 5 7
6 7 5
1 2 5
6 5 2
0 1 4
5 4 1
7 6 3
2 3 6
4 7 0
3 0 7
8 1 0
8 2 1
8 3 2
8 0 3
FACE-NORMAL = 14
1.0 3.59432e-007 0.0
1.0 3.59432e-007 0.0
0.0598923 -2.31338e-007 0.998205
0.0598923 -2.31338e-007 0.998205
0.0598919 0.998205 0.0
0.059892 0.998205 0.0
0.0598927 -0.998205 0.0
0.0598927 -0.998205 0.0
0.0598923 2.74392e-007 -0.998205
0.0598923 2.74392e-007 -0.998205
-0.707107 0.707107 0.0
-0.707107 -4.33281e-007 0.707107
-0.707107 -0.707107 0.0
-0.707107 0.0 -0.707107
BONE = 25
BONE_NAME = FxTop
PARENT_ID = 7
LOCALTM 
MAT -0.0464867 0.00302413 0.998915 0.0
MAT 0.993855 -0.100427 0.0465554 0.0
MAT 0.100459 0.99494 0.00166297 0.0
MAT 9.63953 8.82149e-006 5.10875 1.0
WORLDTM 
MAT 1.0 3.59432e-007 0.0 0.0
MAT -3.58763e-007 1.0 0.0 0.0
MAT 0.0 -2.5332e-007 1.0 0.0
MAT 4.88766 18.0295 0.887564 1.0
VERTEX = 9
-0.257892 7.34048 -0.657285
-0.756627 7.34007 -0.621733
-0.76924 7.80958 -0.793194
-0.270506 7.80999 -0.828746
-0.737309 6.26215 -4.23095
-0.787183 6.2621 -4.2274
-0.788444 6.30906 -4.24454
-0.738571 6.3091 -4.2481
-0.496945 7.66099 -0.491072
INDEX = 14
4 5 7
6 7 5
1 2 5
6 5 2
0 1 4
5 4 1
7 6 3
2 3 6
4 7 0
3 0 7
8 1 0
8 2 1
8 3 2
8 0 3
FACE-NORMAL = 14
-0.0664828 -0.343848 -0.936669
-0.0664828 -0.343848 -0.936669
-0.99966 -0.0214226 0.0148761
-0.99966 -0.0214226 0.0148761
0.0211992 -0.957933 0.286207
0.0211992 -0.957933 0.286207
-0.0291629 0.916746 -0.398406
-0.0291629 0.916746 -0.398406
0.991696 -0.019765 -0.127075
0.991696 -0.019765 -0.127075
0.0648482 -0.420854 0.904808
-0.658306 0.24255 0.712602
0.0291727 0.907128 0.419842
0.752327 0.243724 0.612047
BONE = 26
BONE_NAME = Bip01-R-Clavicle
PARENT_ID = 5
LOCALTM 
MAT -0.354988 -0.931035 -0.0846064 0.0
MAT -0.934871 0.353455 0.032967 0.0
MAT -0.000788935 0.0907989 -0.995869 0.0
MAT 1.85367 -0.380717 -0.737184 1.0
WORLDTM 
MAT -0.0664828 -0.343848 -0.936669 0.0
MAT 0.0252263 -0.939025 0.342922 0.0
MAT -0.997469 -0.000830275 0.071103 0.0
MAT -0.496945 7.66099 -0.491072 1.0
VERTEX = 9
-0.322615 6.97071 -1.33165
-0.822008 6.97911 -1.35479
-0.797962 7.2462 -1.77679
-0.298568 7.2378 -1.75365
-0.496989 3.92519 -3.53578
-0.546928 3.92603 -3.53809
-0.544523 3.95274 -3.58029
-0.494584 3.9519 -3.57798
-0.562924 7.31975 -1.42063
INDEX = 14
4 5 7
6 7 5
1 2 5
6 5 2
0 1 4
5 4 1
7 6 3
2 3 6
4 7 0
3 0 7
8 1 0
8 2 1
8 3 2
8 0 3
FACE-NORMAL = 14
0.010542 -0.845197 -0.53435
0.010542 -0.845197 -0.53435
-0.996363 -0.0338494 -0.0782005
-0.996363 -0.0338494 -0.0782006
-0.0473761 -0.583852 0.810476
-0.0473761 -0.583852 0.810476
0.0486388 0.482611 -0.874483
0.0486388 0.482611 -0.874483
0.997626 -0.0673922 0.0141936
0.997626 -0.0673922 0.0141936
-0.0414618 0.219915 0.974638
-0.713704 0.609525 0.345118
0.0265531 0.975374 -0.218952
0.698795 0.585764 0.410568
BONE = 27
BONE_NAME = Bip01-R-UpperArm
PARENT_ID = 26
LOCALTM 
MAT 0.790428 0.610687 -0.0478075 0.0
MAT -0.603666 0.789829 0.108426 0.0
MAT 0.103974 -0.0568433 0.992954 0.0
MAT 0.992413 0.0 0.0 1.0
WORLDTM 
MAT 0.010542 -0.845197 -0.53435 0.0
MAT -0.0480938 -0.53419 0.843994 0.0
MAT -0.998787 0.0168015 -0.0462801 0.0
MAT -0.562924 7.31975 -1.42063 1.0
VERTEX = 9
-0.249783 5.99002 -1.94821
-0.727134 5.87811 -2.04624
-0.703087 6.1452 -2.46824
-0.225736 6.25712 -2.3702
0.647427 3.00288 -4.05432
0.599692 2.99169 -4.06413
0.602097 3.0184 -4.10633
0.649832 3.02959 -4.09652
-0.549848 6.27141 -2.08342
INDEX = 14
4 5 7
6 7 5
1 2 5
6 5 2
0 1 4
5 4 1
7 6 3
2 3 6
4 7 0
3 0 7
8 1 0
8 2 1
8 3 2
8 0 3
FACE-NORMAL = 14
0.293653 -0.815193 -0.499227
0.293653 -0.815193 -0.499227
-0.9354 -0.272254 -0.22562
-0.9354 -0.272254 -0.22562
-0.0304199 -0.582055 0.81258
-0.0304199 -0.582055 0.81258
0.065595 0.484408 -0.87238
0.065595 0.484408 -0.87238
0.970575 0.174606 0.16582
0.970575 0.174606 0.16582
-0.241651 0.198699 0.949802
-0.88272 0.418156 0.214363
-0.173636 0.954158 -0.243787
0.467432 0.734702 0.491651
BONE = 28
BONE_NAME = Bip01-R-Forearm
PARENT_ID = 27
LOCALTM 
MAT 0.958857 0.0 -0.283889 0.0
MAT 0.0 1.0 0.0 0.0
MAT 0.283889 0.0 0.958857 0.0
MAT 1.24035 0.0 0.0 1.0
WORLDTM 
MAT 0.293653 -0.815193 -0.499227 0.0
MAT -0.0480938 -0.53419 0.843994 0.0
MAT -0.954701 -0.223832 -0.196072 0.0
MAT -0.549848 6.27141 -2.08342 1.0
VERTEX = 9
-0.0306925 5.40573 -2.84603
0.0159901 5.28599 -2.36283
-0.476964 5.20721 -2.33472
-0.523647 5.32695 -2.81792
0.288999 1.72377 -3.55645
0.293667 1.71179 -3.50813
0.244372 1.70391 -3.50532
0.239704 1.71589 -3.55364
-0.288529 5.54598 -2.52768
INDEX = 14
4 5 7
6 7 5
1 2 5
6 5 2
0 1 4
5 4 1
7 6 3
2 3 6
4 7 0
3 0 7
8 1 0
8 2 1
8 3 2
8 0 3
FACE-NORMAL = 14
0.138804 -0.958035 -0.250803
0.138804 -0.958035 -0.250803
0.101511 -0.296416 0.949649
0.101511 -0.296416 0.949649
0.992452 0.0998952 -0.0711284
0.992452 0.0998952 -0.0711284
-0.975826 -0.214653 0.0410861
-0.975826 -0.214653 0.0410861
-0.0848844 0.181658 -0.979691
-0.0848844 0.181658 -0.979691
0.598994 0.788843 0.137599
-0.0321299 0.508105 0.860696
-0.795292 0.566024 0.21709
-0.164168 0.846762 -0.506007
BONE = 29
BONE_NAME = Bip01-R-Hand
PARENT_ID = 28
LOCALTM 
MAT 0.946952 0.293421 0.131098 0.0
MAT 0.189136 -0.179021 -0.965494 0.0
MAT -0.259827 0.939072 -0.225021 0.0
MAT 0.889892 -9.53674e-007 2.38419e-007 1.0
WORLDTM 
MAT 0.138804 -0.958035 -0.250803 0.0
MAT 0.985909 0.157557 -0.0562082 0.0
MAT 0.0933652 -0.239467 0.966405 0.0
MAT -0.288529 5.54598 -2.52768 1.0
VERTEX = 9
0.826218 4.99023 -2.65549
0.450399 4.83622 -2.36388
0.261208 4.57477 -2.74577
0.637027 4.72878 -3.03739
2.59789 1.82282 -1.65927
2.56031 1.80742 -1.63011
2.54139 1.78128 -1.6683
2.57897 1.79668 -1.69746
0.408651 4.98119 -2.76976
INDEX = 14
4 5 7
6 7 5
1 2 5
6 5 2
0 1 4
5 4 1
7 6 3
2 3 6
4 7 0
3 0 7
8 1 0
8 2 1
8 3 2
8 0 3
FACE-NORMAL = 14
0.540247 -0.794786 0.276492
0.540247 -0.794786 0.276492
-0.717932 -0.355068 0.598749
-0.717932 -0.355068 0.598749
0.410061 0.474374 0.778986
0.410061 0.474374 0.778987
-0.345347 -0.569577 -0.745867
-0.345347 -0.569577 -0.745867
0.782645 0.259865 -0.565629
0.782645 0.259865 -0.565629
-0.114455 0.931755 0.344577
-0.913501 0.344196 0.216901
-0.64957 0.192243 -0.735596
0.149476 0.779802 -0.60792
BONE = 30
BONE_NAME = Bip01-R-Finger0
PARENT_ID = 29
LOCALTM 
MAT 0.767076 0.391869 0.507969 0.0
MAT -0.640012 0.412508 0.648246 0.0
MAT 0.0444863 -0.82236 0.567226 0.0
MAT 0.69857 0.611978 -0.0336099 1.0
WORLDTM 
MAT 0.540247 -0.794786 0.276492 0.0
MAT 0.378383 0.522914 0.763798 0.0
MAT -0.751638 -0.30802 0.583236 0.0
MAT 0.408651 4.98119 -2.76976 1.0
VERTEX = 9
0.861542 4.44698 -2.30107
0.44311 4.71992 -2.28064
0.253918 4.45847 -2.66254
0.672351 4.18553 -2.68297
-0.895309 1.99719 -0.0481322
-0.937152 2.02449 -0.0460894
-0.956071 1.99834 -0.0842793
-0.914228 1.97105 -0.0863221
0.656625 4.61639 -2.64285
INDEX = 14
4 5 7
6 7 5
1 2 5
6 5 2
0 1 4
5 4 1
7 6 3
2 3 6
4 7 0
3 0 7
8 1 0
8 2 1
8 3 2
8 0 3
FACE-NORMAL = 14
-0.395579 -0.654656 0.644161
-0.395579 -0.654656 0.644161
-0.859055 0.505693 0.0793638
-0.859055 0.505693 0.0793638
0.354012 0.482766 0.801007
0.354012 0.482766 0.801007
-0.401396 -0.561184 -0.723846
-0.401396 -0.561184 -0.723846
0.811671 -0.584111 -0.00220327
0.811671 -0.584111 -0.00220327
0.547274 0.832667 0.0845961
-0.312037 0.848908 -0.4266
0.0121592 0.0931556 -0.995577
0.87147 0.0769149 -0.484381
BONE = 31
BONE_NAME = Bip01-R-Finger01
PARENT_ID = 30
LOCALTM 
MAT 0.484707 0.0 0.874677 0.0
MAT 0.0 1.0 0.0 0.0
MAT -0.874677 -1.19209e-007 0.484707 0.0
MAT 0.458999 4.76837e-007 -7.15256e-007 1.0
WORLDTM 
MAT -0.395579 -0.654656 0.644161 0.0
MAT 0.378383 0.522914 0.763798 0.0
MAT -0.836865 0.545882 0.0408569 0.0
MAT 0.656625 4.61639 -2.64285 1.0
VERTEX = 9
0.431505 4.70105 -2.26198
0.850074 4.42834 -2.28263
0.660883 4.16688 -2.66453
0.242314 4.4396 -2.64387
2.01598 6.91705 -4.85862
2.05783 6.88978 -4.86068
2.03892 6.86363 -4.89887
1.99706 6.8909 -4.89681
0.447444 4.27021 -2.30222
INDEX = 14
4 5 7
6 7 5
1 2 5
6 5 2
0 1 4
5 4 1
7 6 3
2 3 6
4 7 0
3 0 7
8 1 0
8 2 1
8 3 2
8 0 3
FACE-NORMAL = 14
0.395001 0.655033 -0.644132
0.395001 0.655033 -0.644132
0.859293 -0.505219 -0.0798061
0.859293 -0.505219 -0.0798061
0.401361 0.561207 0.723848
0.401361 0.561207 0.723848
-0.354046 -0.482744 -0.801005
-0.354046 -0.482744 -0.801005
-0.811978 0.583682 0.00264898
-0.811978 0.583682 0.002649
-0.0117504 -0.093422 0.995557
0.312639 -0.848855 0.426266
-0.546865 -0.832934 -0.0846162
-0.871254 -0.0775011 0.484675
BONE = 32
BONE_NAME = Bip01-R-Finger0Nub
PARENT_ID = 31
LOCALTM 
MAT -1.0 0.0 0.000690609 0.0
MAT 0.0 1.0 0.0 0.0
MAT -0.00069055 0.0 -1.0 0.0
MAT 0.528797 -1.19209e-007 1.19209e-007 1.0
WORLDTM 
MAT 0.395001 0.655032 -0.644132 0.0
MAT 0.378383 0.522914 0.763798 0.0
MAT 0.837138 -0.545429 -0.0413017 0.0
MAT 0.447444 4.27021 -2.30222 1.0
VERTEX = 9
0.447248 4.3477 -2.92942
0.366497 4.5729 -2.49037
-0.113226 4.43291 -2.5068
-0.0324743 4.20771 -2.94585
1.06145 1.20682 -0.949161
1.05338 1.22934 -0.905256
1.0054 1.21534 -0.906899
1.01348 1.19282 -0.950804
0.10925 4.60225 -2.83745
INDEX = 14
4 5 7
6 7 5
1 2 5
6 5 2
0 1 4
5 4 1
7 6 3
2 3 6
4 7 0
3 0 7
8 1 0
8 2 1
8 3 2
8 0 3
FACE-NORMAL = 14
0.231044 -0.847792 0.477354
0.231044 -0.847792 0.477354
-0.147375 0.398819 0.90511
-0.147375 0.398819 0.90511
0.971561 0.228694 0.0613884
0.971561 0.228694 0.0613884
-0.943885 -0.330247 -0.00420865
-0.943885 -0.330247 -0.00420867
0.175051 -0.500372 -0.84793
0.175051 -0.500372 -0.84793
0.515057 0.79745 -0.314307
-0.277573 0.917963 0.283367
-0.841803 0.401508 -0.360774
-0.0491734 0.280996 -0.958448
BONE = 33
BONE_NAME = Bip01-R-Finger1
PARENT_ID = 29
LOCALTM 
MAT 0.724563 0.0673819 0.685907 0.0
MAT -0.14329 0.988191 0.0542882 0.0
MAT -0.674149 -0.137619 0.725661 0.0
MAT 1.03703 0.260895 -0.0362349 1.0
WORLDTM 
MAT 0.231044 -0.847792 0.477354 0.0
MAT 0.959445 0.279973 0.0328575 0.0
MAT -0.161503 0.450404 0.878096 0.0
MAT 0.10925 4.60225 -2.83745 1.0
VERTEX = 9
0.459843 4.22084 -2.21623
0.376399 4.54988 -2.58334
-0.103324 4.40989 -2.59977
-0.0198793 4.08085 -2.23266
-0.645523 6.92701 0.15412
-0.653868 6.95991 0.11741
-0.70184 6.94591 0.115767
-0.693495 6.91301 0.152478
0.235056 4.14063 -2.57753
INDEX = 14
4 5 7
6 7 5
1 2 5
6 5 2
0 1 4
5 4 1
7 6 3
2 3 6
4 7 0
3 0 7
8 1 0
8 2 1
8 3 2
8 0 3
FACE-NORMAL = 14
-0.227184 0.698959 0.678118
-0.227184 0.698959 0.678118
-0.180196 0.698762 -0.692286
-0.180196 0.698762 -0.692286
0.944116 0.321333 0.0734126
0.944116 0.321333 0.0734126
-0.97133 -0.237608 0.00781547
-0.97133 -0.237608 0.00781545
0.152983 -0.615038 0.773514
0.152983 -0.615038 0.773514
0.839074 -0.296268 -0.456268
0.0426354 -0.0289046 -0.998672
-0.517787 -0.69221 -0.502735
0.278652 -0.959573 0.0396692
BONE = 34
BONE_NAME = Bip01-R-Finger11
PARENT_ID = 33
LOCALTM 
MAT -0.321359 0.0 0.946957 0.0
MAT 0.0 1.0 0.0 0.0
MAT -0.946957 0.0 -0.321359 0.0
MAT 0.544504 9.53674e-007 -4.76837e-007 1.0
WORLDTM 
MAT -0.227184 0.698959 0.678117 0.0
MAT 0.959445 0.279973 0.0328576 0.0
MAT -0.166889 0.658081 -0.734218 0.0
MAT 0.235056 4.14063 -2.57753 1.0
VERTEX = 9
0.35211 4.62458 -2.51063
0.435476 4.29578 -2.14328
-0.0442465 4.15579 -2.15971
-0.127612 4.48459 -2.52706
1.02612 1.79083 -4.89375
1.03446 1.75795 -4.85702
0.986488 1.74395 -4.85866
0.978151 1.77683 -4.8954
0.097107 4.56504 -2.16577
INDEX = 14
4 5 7
6 7 5
1 2 5
6 5 2
0 1 4
5 4 1
7 6 3
2 3 6
4 7 0
3 0 7
8 1 0
8 2 1
8 3 2
8 0 3
FACE-NORMAL = 14
0.2273 -0.699413 -0.677611
0.2273 -0.699413 -0.677611
0.180046 -0.698308 0.692784
0.180046 -0.698308 0.692784
0.971336 0.237581 -0.00778508
0.971336 0.237581 -0.0077851
-0.944109 -0.32136 -0.0733822
-0.944109 -0.32136 -0.0733822
-0.152819 0.614529 -0.773951
-0.152819 0.614529 -0.773951
0.517705 0.692531 0.502377
-0.0428278 0.0295671 0.998645
-0.839155 0.296589 0.455909
-0.278622 0.959552 -0.0403586
BONE = 35
BONE_NAME = Bip01-R-Finger1Nub
PARENT_ID = 34
LOCALTM 
MAT -1.0 0.0 -0.000690371 0.0
MAT 0.0 1.0 0.0 0.0
MAT 0.000690371 0.0 -1.0 0.0
MAT 0.607209 -5.96046e-007 0.0 1.0
WORLDTM 
MAT 0.2273 -0.699413 -0.67761 0.0
MAT 0.959445 0.279973 0.0328576 0.0
MAT 0.166732 -0.657598 0.734686 0.0
MAT 0.097107 4.56504 -2.16577 1.0
VERTEX = 9
-0.135095 4.13274 -2.9665
-0.100788 4.3921 -2.5404
-0.598565 4.38226 -2.49434
-0.632871 4.12291 -2.92043
-0.101618 1.03982 -0.822562
-0.0981875 1.06575 -0.779952
-0.147965 1.06477 -0.775346
-0.151396 1.03883 -0.817955
-0.382966 4.47118 -2.85918
INDEX = 14
4 5 7
6 7 5
1 2 5
6 5 2
0 1 4
5 4 1
7 6 3
2 3 6
4 7 0
3 0 7
8 1 0
8 2 1
8 3 2
8 0 3
FACE-NORMAL = 14
0.0645435 -0.854722 0.515057
0.0645435 -0.854722 0.515057
0.0723552 0.466591 0.881509
0.0723552 0.466591 0.881509
