EXPORTER_V17
ANIMATION_EXPORT
BONEOBJECT_COUNT = 77
VERTEX = 9
0.25 0.25 -0.25
0.25 0.25 0.25
0.25 -0.25 0.25
0.25 -0.25 -0.25
4.0 0.025 -0.025
4.0 0.025 0.025
4.0 -0.025 0.025
4.0 -0.025 -0.025
0.0 0.0 0.0
INDEX = 14
4 5 7
6 7 5
1 2 5
6 5 2
0 1 4
5 4 1
7 6 3
2 3 6
4 7 0
3 0 7
8 1 0
8 2 1
8 3 2
8 0 3
FACE-NORMAL = 14
1.0 0.0 0.0
1.0 0.0 0.0
0.0598923 -1.75922e-007 0.998205
0.0598923 -1.75922e-007 0.998205
0.0598923 0.998205 1.75922e-007
0.0598923 0.998205 1.75922e-007
0.0598923 -0.998205 -1.75922e-007
0.0598923 -0.998205 -1.75922e-007
0.0598923 1.75922e-007 -0.998205
0.0598923 1.75922e-007 -0.998205
-0.707107 0.707107 1.2462e-007
-0.707107 -1.2462e-007 0.707107
-0.707107 -0.707107 -1.2462e-007
-0.707107 1.2462e-007 -0.707107
BONE = 0
BONE_NAME = Dummy_root
PARENT_ID = -1
LOCALTM 
MAT 1.0 0.0 0.0 0.0
MAT 0.0 1.0 1.76239e-007 0.0
MAT 0.0 -1.76239e-007 1.0 0.0
MAT 0.0 0.0 0.0 1.0
WORLDTM 
MAT 1.0 0.0 0.0 0.0
MAT 0.0 1.0 1.76239e-007 0.0
MAT 0.0 -1.76239e-007 1.0 0.0
MAT 0.0 0.0 0.0 1.0
VERTEX = 9
0.25 -0.0615444 -0.25
0.25 -0.0615445 0.25
0.25 -0.561545 0.25
0.25 -0.561544 -0.25
4.0 -0.286544 -0.0250001
4.0 -0.286544 0.025
4.0 -0.336544 0.0249999
4.0 -0.336544 -0.0250001
0.0 -0.311544 0.0
INDEX = 14
4 5 7
6 7 5
1 2 5
6 5 2
0 1 4
5 4 1
7 6 3
2 3 6
4 7 0
3 0 7
8 1 0
8 2 1
8 3 2
8 0 3
FACE-NORMAL = 14
1.0 0.0 0.0
1.0 0.0 0.0
0.0598923 -1.75922e-007 0.998205
0.0598923 -1.75922e-007 0.998205
0.0598923 0.998205 1.75922e-007
0.0598923 0.998205 1.75922e-007
0.0598923 -0.998205 -1.75922e-007
0.0598923 -0.998205 -1.75922e-007
0.0598923 1.75922e-007 -0.998205
0.0598923 1.75922e-007 -0.998205
-0.707107 0.707107 1.2462e-007
-0.707107 -1.2462e-007 0.707107
-0.707107 -0.707107 -1.2462e-007
-0.707107 1.2462e-007 -0.707107
BONE = 1
BONE_NAME = FxBottom
PARENT_ID = 0
LOCALTM 
MAT 1.0 0.0 0.0 0.0
MAT 0.0 1.0 0.0 0.0
MAT 0.0 0.0 1.0 0.0
MAT 0.0 -0.311544 0.0 1.0
WORLDTM 
MAT 1.0 0.0 0.0 0.0
MAT 0.0 1.0 1.76239e-007 0.0
MAT 0.0 -1.76239e-007 1.0 0.0
MAT 0.0 -0.311544 0.0 1.0
VERTEX = 9
-0.0946141 3.33147 -0.305332
-0.105691 3.45794 0.178282
-0.0631242 2.97621 0.305238
-0.0520474 2.84973 -0.178376
3.65502 3.50148 -0.0312862
3.65391 3.51413 0.0170752
3.65817 3.46596 0.0297708
3.65928 3.45331 -0.0185906
-0.3279 3.13185 5.12864e-007
INDEX = 14
4 5 7
6 7 5
1 2 5
6 5 2
0 1 4
5 4 1
7 6 3
2 3 6
4 7 0
3 0 7
8 1 0
8 2 1
8 3 2
8 0 3
FACE-NORMAL = 14
0.996123 0.0879684 -0.000189557
0.996123 0.0879684 -0.000189557
0.0375463 0.257758 0.96548
0.0375463 0.257758 0.96548
-0.0253205 0.967013 -0.253467
-0.0253205 0.967013 -0.253467
0.144641 -0.956475 0.253444
0.144641 -0.956475 0.253444
0.0817739 -0.247221 -0.965502
0.0817739 -0.247221 -0.965502
-0.764564 0.619076 -0.179409
-0.72003 0.116655 0.684067
-0.644167 -0.743482 0.179677
-0.688701 -0.241061 -0.683799
BONE = 2
BONE_NAME = Bip01
PARENT_ID = 0
LOCALTM 
MAT 0.996123 0.0879684 -0.000189573 0.0
MAT -0.0851334 0.963473 -0.253912 0.0
MAT -0.0221536 0.252944 0.967227 0.0
MAT -0.3279 3.13185 0.0 1.0
WORLDTM 
MAT 0.996123 0.0879684 -0.000189557 0.0
MAT -0.0851334 0.963473 -0.253912 0.0
MAT -0.0221536 0.252943 0.967227 0.0
MAT -0.3279 3.13185 5.12864e-007 1.0
VERTEX = 9
-0.435462 3.46348 0.25681
0.0118781 3.39669 0.0436746
-0.211293 3.28237 -0.388904
-0.658633 3.34915 -0.175768
-0.266747 6.99811 -1.02447
-0.222013 6.99143 -1.04578
-0.24433 6.98 -1.08904
-0.289064 6.98668 -1.06773
-0.3279 3.13185 5.12864e-007
INDEX = 14
4 5 7
6 7 5
1 2 5
6 5 2
0 1 4
5 4 1
7 6 3
2 3 6
4 7 0
3 0 7
8 1 0
8 2 1
8 3 2
8 0 3
FACE-NORMAL = 14
0.0180903 0.964301 -0.264189
0.0180903 0.964301 -0.264189
0.894157 -0.0755757 -0.441329
0.894157 -0.0755756 -0.441329
0.446624 0.285997 0.847781
0.446624 0.285997 0.847781
-0.444457 -0.170488 -0.879427
-0.444457 -0.170488 -0.879427
-0.89199 0.191084 0.409684
-0.89199 0.191084 0.409684
0.30282 -0.520182 0.798568
0.619842 -0.776312 -0.11461
-0.328403 -0.843546 -0.424949
-0.645426 -0.587416 0.488229
BONE = 3
BONE_NAME = Bip01-Pelvis
PARENT_ID = 2
LOCALTM 
MAT 0.102898 0.994619 -0.012018 0.0
MAT 0.464562 -0.0373709 0.884752 0.0
MAT 0.879542 -0.0966227 -0.465908 0.0
MAT 0.0 0.0 0.0 1.0
WORLDTM 
MAT 0.0180903 0.964301 -0.264189 0.0
MAT 0.446342 0.228653 0.865157 0.0
MAT 0.89468 -0.13357 -0.426272 0.0
MAT -0.3279 3.13185 5.12864e-007 1.0
VERTEX = 9
-0.165887 4.05056 -0.190645
0.332007 4.06776 -0.148142
0.37545 4.03902 -0.645421
-0.122443 4.02181 -0.687924
-0.0322782 7.78694 -0.621174
0.0175111 7.78866 -0.616924
0.0218555 7.78578 -0.666652
-0.0279339 7.78406 -0.670902
0.112114 3.79535 -0.402974
INDEX = 14
4 5 7
6 7 5
1 2 5
6 5 2
0 1 4
5 4 1
7 6 3
2 3 6
4 7 0
3 0 7
8 1 0
8 2 1
8 3 2
8 0 3
FACE-NORMAL = 14
-0.0293315 0.997753 -0.0602347
-0.0293315 0.997753 -0.0602347
0.992242 0.0941012 0.0812447
0.992242 0.0941012 0.0812447
-0.0884874 0.117142 0.989165
-0.0884874 0.117142 0.989165
0.0849739 0.00237346 -0.99638
0.0849739 0.00237345 -0.99638
-0.995755 0.0254142 -0.0884598
-0.995755 0.0254142 -0.0884598
-0.0406977 -0.664868 0.745851
0.724868 -0.68119 0.1027
0.0821786 -0.746168 -0.660667
-0.683387 -0.729846 -0.0175152
BONE = 4
BONE_NAME = Bip01-Spine
PARENT_ID = 3
LOCALTM 
MAT 0.977517 0.162935 -0.133835 0.0
MAT -0.208888 0.834812 -0.509366 0.0
MAT 0.0287339 0.525871 0.850079 0.0
MAT 0.754237 -0.000527978 0.476825 1.0
WORLDTM 
MAT -0.0293315 0.997753 -0.0602347 0.0
MAT -0.0868866 0.0574875 0.994558 0.0
MAT 0.995786 0.0344053 0.0850049 0.0
MAT 0.112114 3.79535 -0.402974 1.0
VERTEX = 9
-0.292194 5.9463 -0.323628
0.184361 6.02682 -0.195518
0.302387 6.09392 -0.676733
-0.174168 6.0134 -0.804843
-0.734786 9.67941 -0.145417
-0.68713 9.68746 -0.132606
-0.675328 9.69417 -0.180728
-0.722983 9.68612 -0.193539
0.0524402 5.77566 -0.522654
INDEX = 14
4 5 7
6 7 5
1 2 5
6 5 2
0 1 4
5 4 1
7 6 3
2 3 6
4 7 0
3 0 7
8 1 0
8 2 1
8 3 2
8 0 3
FACE-NORMAL = 14
-0.189374 0.977781 0.0898954
-0.189374 0.977781 0.0898954
0.940056 0.219312 0.261144
0.940056 0.219312 0.261144
-0.246969 -0.0753992 0.966085
-0.246969 -0.0753992 0.966085
0.224285 0.192522 -0.955317
0.224285 0.192522 -0.955317
-0.96274 -0.102188 -0.250376
-0.96274 -0.102188 -0.250376
-0.0330055 -0.786291 0.616975
0.807858 -0.577524 0.117609
0.300821 -0.596501 -0.744106
-0.540042 -0.805268 -0.244741
BONE = 5
BONE_NAME = Bip01-Spine1
PARENT_ID = 4
LOCALTM 
MAT 0.975724 0.16207 -0.147294 0.0
MAT -0.184948 0.969987 -0.157862 0.0
MAT 0.117288 0.181272 0.976414 0.0
MAT 1.98483 0.0 -0.00146265 1.0
WORLDTM 
MAT -0.189374 0.977781 0.0898954 0.0
MAT -0.236051 -0.134202 0.962429 0.0
MAT 0.95311 0.161039 0.25622 0.0
MAT 0.0524402 5.77566 -0.522654 1.0
VERTEX = 9
-0.640477 7.74225 -0.158622
-0.163923 7.82277 -0.0305117
-0.0458972 7.88987 -0.511726
-0.522452 7.80935 -0.639836
-1.08307 11.4754 0.0195887
-1.03541 11.4834 0.0323997
-1.02361 11.4901 -0.0157218
-1.07127 11.4821 -0.0285328
-0.295844 7.57162 -0.357648
INDEX = 14
4 5 7
6 7 5
1 2 5
6 5 2
0 1 4
5 4 1
7 6 3
2 3 6
4 7 0
3 0 7
8 1 0
8 2 1
8 3 2
8 0 3
FACE-NORMAL = 14
-0.189374 0.977781 0.0898953
-0.189374 0.977781 0.0898953
0.940056 0.219312 0.261144
0.940056 0.219312 0.261144
-0.246969 -0.0753992 0.966085
-0.246969 -0.0753992 0.966085
0.224285 0.192522 -0.955317
0.224285 0.192522 -0.955317
-0.96274 -0.102188 -0.250376
-0.96274 -0.102188 -0.250376
-0.0330056 -0.786291 0.616975
0.807858 -0.577524 0.117609
0.300821 -0.596501 -0.744106
-0.540042 -0.805268 -0.244741
BONE = 6
BONE_NAME = Bip01-Neck
PARENT_ID = 5
LOCALTM 
MAT 1.0 0.0 0.0 0.0
MAT 0.0 1.0 0.0 0.0
MAT 0.0 0.0 1.0 0.0
MAT 1.83684 -1.19209e-007 -0.000455916 1.0
WORLDTM 
MAT -0.189374 0.977781 0.0898953 0.0
MAT -0.236051 -0.134202 0.962429 0.0
MAT 0.95311 0.161039 0.25622 0.0
MAT -0.295844 7.57162 -0.357648 1.0
VERTEX = 9
-0.698249 8.28578 -0.0282304
-0.209537 8.39106 -0.0195143
-0.215748 8.46088 -0.514577
-0.704461 8.3556 -0.523293
-2.03317 15.4843 0.776485
-1.98429 15.4948 0.777356
-1.98492 15.5018 0.72785
-2.03379 15.4913 0.726978
-0.404269 8.13144 -0.306179
INDEX = 14
4 5 7
6 7 5
1 2 5
6 5 2
0 1 4
5 4 1
7 6 3
2 3 6
4 7 0
3 0 7
8 1 0
8 2 1
8 3 2
8 0 3
FACE-NORMAL = 14
-0.210919 0.967556 0.139101
-0.210919 0.967556 0.139101
0.970522 0.240037 0.0216755
0.970522 0.240037 0.0216755
0.00597047 -0.110001 0.993914
0.00597047 -0.110001 0.993914
-0.018863 0.169144 -0.985411
-0.018863 0.169144 -0.985411
-0.983414 -0.180894 -0.0131729
-0.983414 -0.180894 -0.0131729
0.157926 -0.782904 0.601765
0.840286 -0.535274 -0.0860327
0.140358 -0.585426 -0.798483
-0.542001 -0.833057 -0.110686
BONE = 7
BONE_NAME = Bip01-Head
PARENT_ID = 6
LOCALTM 
MAT 0.998505 0.053815 -0.00957388 0.0
MAT -0.04988 0.968732 0.243043 0.0
MAT 0.0223539 -0.242202 0.969968 0.0
MAT 0.572545 -1.19209e-007 1.19209e-007 1.0
WORLDTM 
MAT -0.210919 0.967556 0.139101 0.0
MAT 0.0124225 -0.139638 0.990125 0.0
MAT 0.977425 0.210564 0.0174323 0.0
MAT -0.404269 8.13144 -0.306179 1.0
VERTEX = 9
-2.30302 15.6474 1.03012
-1.81431 15.7527 1.03883
-1.82052 15.8225 0.543769
-2.30923 15.7172 0.535053
-2.87684 19.3545 1.33289
-2.82797 19.3651 1.33376
-2.82859 19.372 1.28425
-2.87746 19.3615 1.28338
-2.00904 15.4931 0.752167
INDEX = 14
4 5 7
6 7 5
1 2 5
6 5 2
0 1 4
5 4 1
7 6 3
2 3 6
4 7 0
3 0 7
8 1 0
8 2 1
8 3 2
8 0 3
FACE-NORMAL = 14
-0.210919 0.967556 0.139101
-0.210919 0.967556 0.139101
0.963038 0.268135 0.0257321
0.963038 0.268135 0.0257321
-0.000232194 -0.0814379 0.996678
-0.000232199 -0.0814379 0.996678
-0.0250327 0.197336 -0.980016
-0.0250327 0.197336 -0.980016
-0.988302 -0.152237 -0.00906997
-0.988302 -0.152237 -0.00906997
0.157926 -0.782904 0.601765
0.840286 -0.535274 -0.0860327
0.140358 -0.585426 -0.798483
-0.542001 -0.833057 -0.110686
BONE = 8
BONE_NAME = Bip01-HeadNub
PARENT_ID = 7
LOCALTM 
MAT 1.0 0.0 0.0 0.0
MAT 0.0 1.0 0.0 0.0
MAT 0.0 0.0 1.0 0.0
MAT 7.60847 -1.19209e-007 1.19209e-007 1.0
WORLDTM 
MAT -0.210919 0.967556 0.139101 0.0
MAT 0.0124225 -0.139638 0.990125 0.0
MAT 0.977425 0.210564 0.0174323 0.0
MAT -2.00904 15.4931 0.752167 1.0
VERTEX = 9
-0.847153 12.2055 -1.69326
-0.757631 11.7275 -1.80943
-1.20451 11.6978 -2.03173
-1.29403 12.1758 -1.91556
0.534235 13.0543 -5.0896
0.543187 13.0065 -5.10122
0.498499 13.0035 -5.12345
0.489547 13.0513 -5.11183
-1.12865 11.8798 -1.64623
INDEX = 14
4 5 7
6 7 5
1 2 5
6 5 2
0 1 4
5 4 1
7 6 3
2 3 6
4 7 0
3 0 7
8 1 0
8 2 1
8 3 2
8 0 3
FACE-NORMAL = 14
0.411253 0.287258 -0.865074
0.411253 0.287258 -0.865074
0.203353 -0.937093 -0.283733
0.203353 -0.937093 -0.283733
0.916791 0.0764333 0.391985
0.916791 0.0764333 0.391985
-0.867529 -0.0420242 -0.495608
-0.867529 -0.0420242 -0.495608
-0.154091 0.971502 0.180111
-0.154091 0.971502 0.180111
0.341187 -0.161166 0.926076
-0.164197 -0.879126 0.447411
-0.922787 -0.245078 0.297324
-0.417403 0.472882 0.775988
BONE = 9
BONE_NAME = OMG_EyeR_B04
PARENT_ID = 7
LOCALTM 
MAT 0.0708644 -0.891535 0.447375 0.0
MAT -0.0692579 0.443022 0.893831 0.0
MAT -0.995079 -0.094325 -0.0303514 0.0
MAT 3.59318 -1.85923 0.0578957 1.0
WORLDTM 
MAT 0.411253 0.287258 -0.865074 0.0
MAT 0.893764 0.0593352 0.444595 0.0
MAT 0.179043 -0.956014 -0.232339 0.0
MAT -1.12865 11.8798 -1.64623 1.0
VERTEX = 9
-0.708072 11.1704 2.14105
-0.798765 11.6615 2.16383
-1.24014 11.57 2.38018
-1.14945 11.0788 2.3574
0.677749 11.4937 5.62511
0.66868 11.5428 5.62739
0.624542 11.5337 5.64902
0.633611 11.4846 5.64675
-1.08246 11.3606 2.03552
INDEX = 14
4 5 7
6 7 5
1 2 5
6 5 2
0 1 4
5 4 1
7 6 3
2 3 6
4 7 0
3 0 7
8 1 0
8 2 1
8 3 2
8 0 3
FACE-NORMAL = 14
0.433401 0.0382736 0.900388
0.433401 0.0382736 0.900388
-0.155102 0.982885 0.0993963
-0.155102 0.982885 0.0993963
0.907131 0.185023 -0.377994
0.907131 0.185023 -0.377994
-0.855217 -0.180438 0.485846
-0.855217 -0.180438 0.485846
0.207017 -0.978301 0.00845633
0.207017 -0.978301 0.00845631
0.317744 0.102379 -0.942633
-0.43472 0.667567 -0.60446
-0.930666 -0.156506 -0.330708
-0.178202 -0.721695 -0.66888
BONE = 10
BONE_NAME = OMG_EyeL_B01
PARENT_ID = 7
LOCALTM 
MAT 0.0708643 0.891536 0.447372 0.0
MAT -0.0692589 -0.44302 0.893833 0.0
MAT 0.995079 -0.0943253 0.0303526 0.0
MAT 3.59318 1.85923 0.0578903 1.0
WORLDTM 
MAT 0.433401 0.0382735 0.900388 0.0
MAT 0.882759 0.183059 -0.432697 0.0
MAT -0.181385 0.982356 0.0455518 0.0
MAT -1.08246 11.3606 2.03552 1.0
VERTEX = 9
-0.857612 11.7722 -1.32613
-0.956163 12.2389 -1.47633
-1.44432 12.1315 -1.4896
-1.34577 11.6649 -1.3394
-1.45641 13.0141 2.17572
-1.46626 13.0608 2.1607
-1.51508 13.05 2.15937
-1.50522 13.0034 2.17439
-1.12865 11.8798 -1.64623
INDEX = 14
4 5 7
6 7 5
1 2 5
6 5 2
0 1 4
5 4 1
7 6 3
2 3 6
4 7 0
3 0 7
8 1 0
8 2 1
8 3 2
8 0 3
FACE-NORMAL = 14
-0.0892738 0.288056 0.953443
-0.0892738 0.288056 0.953443
-0.202096 0.948802 -0.24276
-0.202096 0.948802 -0.24276
0.969211 0.231611 0.0835917
0.96921 0.231611 0.0835917
-0.979904 -0.197106 0.0306161
-0.979904 -0.197106 0.0306161
0.191402 -0.914297 0.356968
0.191402 -0.914297 0.356968
0.753481 -0.0518396 -0.655423
-0.0762464 0.456203 -0.886603
-0.627229 -0.355533 -0.69295
0.202499 -0.863576 -0.461769
BONE = 11
BONE_NAME = OMG_EyeR_B02
PARENT_ID = 7
LOCALTM 
MAT 0.430165 0.902695 -0.00998292 0.0
MAT 0.00554557 0.00841571 0.999949 0.0
MAT 0.902733 -0.430199 -0.001386 0.0
MAT 3.59318 -1.85923 0.0578957 1.0
WORLDTM 
MAT -0.0892738 0.288056 0.953443 0.0
MAT 0.97631 0.214744 0.0265355 0.0
MAT -0.197103 0.933225 -0.300403 0.0
MAT -1.12865 11.8798 -1.64623 1.0
VERTEX = 9
-0.912962 11.7532 1.96733
-0.819754 11.3467 1.69158
-1.30781 11.2381 1.68665
-1.40101 11.6446 1.9624
-1.50951 13.547 -1.28692
-1.50019 13.5063 -1.3145
-1.549 13.4955 -1.31499
-1.55832 13.5361 -1.28741
-1.08246 11.3606 2.03552
INDEX = 14
4 5 7
6 7 5
1 2 5
6 5 2
0 1 4
5 4 1
7 6 3
2 3 6
4 7 0
3 0 7
8 1 0
8 2 1
8 3 2
8 0 3
FACE-NORMAL = 14
-0.111699 0.540157 -0.834119
-0.111699 0.540157 -0.834119
0.17939 -0.779271 -0.600464
0.17939 -0.779271 -0.600464
0.967659 0.249055 -0.040103
0.967659 0.249055 -0.0401031
-0.981039 -0.184352 -0.0598115
-0.981039 -0.184352 -0.0598115
-0.19277 0.843973 0.500549
-0.19277 0.843973 0.500549
0.769191 -0.22844 0.596792
0.210798 -0.956884 0.199844
-0.611224 -0.535456 0.58283
-0.0528316 0.192987 0.979778
BONE = 12
BONE_NAME = OMG_EyeL_B02
PARENT_ID = 7
LOCALTM 
MAT 0.430164 -0.902696 -0.00998095 0.0
MAT 0.0055449 -0.0084139 0.999949 0.0
MAT -0.902734 -0.430198 0.00138606 0.0
MAT 3.59318 1.85923 0.0578903 1.0
WORLDTM 
MAT -0.111699 0.540157 -0.834119 0.0
MAT 0.976101 0.217093 0.00987196 0.0
MAT 0.186414 -0.813081 -0.551497 0.0
MAT -1.08246 11.3606 2.03552 1.0
VERTEX = 9
1.1345 9.27271 0.834749
0.988834 9.70636 1.03656
0.612822 9.47216 1.26843
0.758484 9.0385 1.06662
3.11698 8.73082 3.98751
3.10241 8.77419 4.00769
3.06481 8.75077 4.03087
3.07937 8.7074 4.01069
0.725844 9.41454 0.854415
INDEX = 14
4 5 7
6 7 5
1 2 5
6 5 2
0 1 4
5 4 1
7 6 3
2 3 6
4 7 0
3 0 7
8 1 0
8 2 1
8 3 2
8 0 3
FACE-NORMAL = 14
0.591262 -0.168437 0.788694
0.591262 -0.168437 0.788694
-0.255389 0.85566 0.450135
-0.255389 0.85566 0.450135
0.786086 0.457484 -0.415666
0.786086 0.457484 -0.415666
-0.715261 -0.47766 0.510139
-0.715261 -0.47766 0.510139
0.326214 -0.875836 -0.355662
0.326214 -0.875836 -0.355662
0.113675 0.450321 -0.885601
-0.624083 0.73238 -0.272286
-0.949846 -0.212115 -0.229781
-0.212088 -0.494175 -0.843095
BONE = 13
BONE_NAME = OMG_Mouth_B01
PARENT_ID = 7
LOCALTM 
MAT -0.177972 0.811771 0.556196 0.0
MAT 0.230094 -0.515221 0.825593 0.0
MAT 0.956757 0.27491 -0.095088 0.0
MAT 1.16455 0.984003 1.39501 1.0
WORLDTM 
MAT 0.591262 -0.168437 0.788694 0.0
MAT 0.752024 0.468413 -0.463735 0.0
MAT -0.291324 0.867305 0.403623 0.0
MAT 0.725844 9.41454 0.854415 1.0
VERTEX = 9
0.299061 9.06559 -1.15366
0.445326 9.53928 -1.08869
0.634361 9.41959 -0.641546
0.488097 8.94589 -0.706517
3.74374 8.4281 -2.529
3.75837 8.47546 -2.5225
3.77727 8.4635 -2.47779
3.76264 8.41613 -2.48428
0.247125 9.29571 -0.790551
INDEX = 14
4 5 7
6 7 5
1 2 5
6 5 2
0 1 4
5 4 1
7 6 3
2 3 6
4 7 0
3 0 7
8 1 0
8 2 1
8 3 2
8 0 3
FACE-NORMAL = 14
0.878345 -0.212478 -0.42821
0.878345 -0.212478 -0.42821
0.34461 0.932961 0.104061
0.34461 0.932961 0.104061
-0.324786 0.226241 -0.918329
-0.324786 0.226241 -0.918329
0.429999 -0.251693 0.867036
0.429999 -0.251693 0.867036
-0.239397 -0.958412 -0.155354
-0.239397 -0.958412 -0.155354
-0.88842 0.319524 -0.329567
-0.414234 0.820149 0.394672
-0.353747 -0.0190343 0.935148
-0.827932 -0.519659 0.210908
BONE = 14
BONE_NAME = OMG_Mouth_B04
PARENT_ID = 7
LOCALTM 
MAT -0.450408 -0.3834 0.806311 0.0
MAT 0.186975 -0.923582 -0.334717 0.0
MAT 0.873025 8.04663e-007 0.487676 0.0
MAT 0.921725 -0.634072 0.873398 1.0
WORLDTM 
MAT 0.878345 -0.212478 -0.42821 0.0
MAT -0.378071 0.239397 -0.894288 0.0
MAT 0.292529 0.947387 0.129941 0.0
MAT 0.247125 9.29571 -0.790551 1.0
VERTEX = 9
1.27285 10.2724 -1.31605
1.52564 10.1937 -0.891906
1.45998 9.7008 -0.944266
1.20719 9.77953 -1.36841
4.5548 9.79602 -3.09526
4.58008 9.78815 -3.05285
4.57351 9.73886 -3.05808
4.54824 9.74673 -3.1005
1.15323 10.0012 -1.00039
INDEX = 14
4 5 7
6 7 5
1 2 5
6 5 2
0 1 4
5 4 1
7 6 3
2 3 6
4 7 0
3 0 7
8 1 0
8 2 1
8 3 2
8 0 3
FACE-NORMAL = 14
0.852731 -0.0584464 -0.51907
0.852731 -0.0584464 -0.51907
0.55574 -0.160676 0.815681
0.55574 -0.160676 0.815681
0.182148 0.980524 0.0734443
0.182148 0.980524 0.0734443
-0.0800037 -0.987525 -0.135621
-0.0800038 -0.987525 -0.135621
-0.453596 0.153675 -0.877858
-0.453596 0.153675 -0.877858
-0.510121 0.73839 0.441086
-0.245476 -0.0700121 0.966871
-0.695823 -0.655734 0.292989
-0.960468 0.152668 -0.232796
BONE = 15
BONE_NAME = OMG_Mouth_B06
PARENT_ID = 7
LOCALTM 
MAT -0.308611 -0.495189 0.812125 0.0
MAT 0.940682 -0.0323363 0.337746 0.0
MAT -0.140987 0.868183 0.475795 0.0
MAT 1.38405 -0.929101 1.90395 1.0
WORLDTM 
MAT 0.852732 -0.0584464 -0.51907 0.0
MAT 0.131311 0.985794 0.104721 0.0
MAT 0.505576 -0.157458 0.848292 0.0
MAT 1.15323 10.0012 -1.00039 1.0
VERTEX = 9
0.469195 9.27096 0.813898
0.322931 8.79727 0.748928
0.500493 8.80654 0.281611
0.646757 9.28023 0.346581
3.81279 7.86365 1.81568
3.79817 7.81628 1.80919
3.81592 7.8172 1.76246
3.83055 7.86457 1.76895
0.262876 9.11864 0.465
INDEX = 14
4 5 7
6 7 5
1 2 5
6 5 2
0 1 4
5 4 1
7 6 3
2 3 6
4 7 0
3 0 7
8 1 0
8 2 1
8 3 2
8 0 3
FACE-NORMAL = 14
0.88787 -0.319553 0.331017
0.88787 -0.319553 0.331017
-0.238827 -0.964825 -0.109881
-0.238827 -0.964825 -0.109881
-0.301311 -0.0376433 0.952783
-0.301311 -0.0376433 0.952783
0.407664 -0.000634216 -0.913132
0.407664 -0.000634214 -0.913132
0.34518 0.926548 0.149532
0.34518 0.926548 0.149532
-0.87893 0.21285 0.426822
-0.834668 -0.443946 -0.325946
-0.376708 0.239066 -0.894952
-0.42097 0.895862 -0.142183
BONE = 16
BONE_NAME = OMG_Mouth_B08
PARENT_ID = 7
LOCALTM 
MAT -0.450409 0.3834 0.806311 0.0
MAT 0.186975 0.923582 -0.334718 0.0
MAT -0.873025 0.0 -0.487676 0.0
MAT 0.921725 0.634002 0.873396 1.0
WORLDTM 
MAT 0.88787 -0.319553 0.331017 0.0
MAT -0.355125 -0.0185378 0.934635 0.0
MAT -0.292529 -0.947387 -0.12994 0.0
MAT 0.262876 9.11864 0.465 1.0
VERTEX = 9
1.5466 9.95802 0.779202
1.3046 9.91551 1.21466
1.23854 9.42713 1.13029
1.48054 9.46964 0.694824
4.65185 8.98134 2.66793
4.62765 8.97709 2.71148
4.62104 8.92825 2.70304
4.64524 8.9325 2.65949
1.17631 9.74176 0.839362
INDEX = 14
4 5 7
6 7 5
1 2 5
6 5 2
0 1 4
5 4 1
7 6 3
2 3 6
4 7 0
3 0 7
8 1 0
8 2 1
8 3 2
8 0 3
FACE-NORMAL = 14
0.865033 -0.196742 0.461531
0.865033 -0.196742 0.461531
-0.431331 -0.0966351 0.897004
-0.431331 -0.0966351 0.897004
0.183687 0.963227 0.196095
0.183687 0.963227 0.196095
-0.0800693 -0.986793 -0.140811
-0.0800693 -0.986793 -0.140811
0.534948 0.0730685 -0.841719
0.534948 0.0730685 -0.841719
-0.518251 0.829794 -0.207023
-0.953916 0.0790102 0.289485
-0.70509 -0.551559 -0.44568
-0.269425 0.199225 -0.942189
BONE = 17
BONE_NAME = OMG_Mouth_B10
PARENT_ID = 7
LOCALTM 
MAT -0.308611 0.495192 0.812123 0.0
MAT 0.940682 0.0323379 0.337746 0.0
MAT 0.140987 0.868182 -0.475798 0.0
MAT 1.38405 0.929003 1.90394 1.0
WORLDTM 
MAT 0.865033 -0.196742 0.461531 0.0
MAT 0.132115 0.976763 0.168756 0.0
MAT -0.484008 -0.0850044 0.870925 0.0
MAT 1.17631 9.74176 0.839362 1.0
VERTEX = 9
0.566246 9.3444 0.105204
0.431399 8.86741 0.0396263
0.425189 8.93723 -0.455436
0.560036 9.41422 -0.389858
4.11352 8.16592 -0.332741
4.10003 8.11822 -0.339299
4.09941 8.1252 -0.388805
4.1129 8.1729 -0.382247
0.255001 9.20717 -0.162739
INDEX = 14
4 5 7
6 7 5
1 2 5
6 5 2
0 1 4
5 4 1
7 6 3
2 3 6
4 7 0
3 0 7
8 1 0
8 2 1
8 3 2
8 0 3
FACE-NORMAL = 14
0.962866 -0.265402 -0.0495086
0.962866 -0.265402 -0.0495086
-0.211542 -0.968155 -0.133886
-0.211542 -0.968155 -0.133886
0.0700663 -0.155283 0.985382
0.0700663 -0.155283 0.985382
0.0452702 0.123492 -0.991312
0.0452702 0.123492 -0.991312
0.326878 0.936364 0.127956
0.326878 0.936364 0.127956
-0.672066 0.0889281 0.735132
-0.871552 -0.486893 -0.0577336
-0.689632 0.286406 -0.665116
-0.490147 0.862228 0.127749
BONE = 18
BONE_NAME = OMG_Mouth_B12
PARENT_ID = 7
LOCALTM 
MAT -0.466764 1.96695e-006 0.884382 0.0
MAT 0.0 1.0 -2.22214e-006 0.0
MAT -0.884382 -1.02818e-006 -0.466764 0.0
MAT 0.921726 1.90735e-006 0.873397 1.0
WORLDTM 
MAT 0.962866 -0.265402 -0.0495086 0.0
MAT 0.0124204 -0.139638 0.990125 0.0
MAT -0.269694 -0.953972 -0.131156 0.0
MAT 0.255001 9.20717 -0.162739 1.0
VERTEX = 9
1.47401 10.0709 -0.308707
1.48022 10.0011 0.186355
1.33348 9.52756 0.121411
1.32727 9.59738 -0.373652
4.99535 8.74283 -0.312943
4.99598 8.73585 -0.263437
4.9813 8.6885 -0.269931
4.98068 8.69548 -0.319437
1.16477 9.87148 -0.0804626
INDEX = 14
4 5 7
6 7 5
1 2 5
6 5 2
0 1 4
5 4 1
7 6 3
2 3 6
4 7 0
3 0 7
8 1 0
8 2 1
8 3 2
8 0 3
FACE-NORMAL = 14
0.955889 -0.288955 -0.0527436
0.955889 -0.288955 -0.0527436
0.0696496 -0.156693 0.985188
0.0696496 -0.156693 0.985188
0.35019 0.928098 0.126496
0.35019 0.928098 0.126496
-0.235689 -0.96271 -0.132814
-0.235689 -0.96271 -0.132814
0.0448512 0.122081 -0.991506
0.0448512 0.122081 -0.991506
-0.468403 0.874026 0.12914
-0.667132 0.105583 0.737419
-0.883428 -0.465382 -0.0545497
-0.684699 0.303061 -0.662829
BONE = 19
BONE_NAME = OMG_Mouth_B14
PARENT_ID = 7
LOCALTM 
MAT -0.488532 1.13994e-006 0.872546 0.0
MAT 0.872546 2.5332e-007 0.488532 0.0
MAT 4.32134e-007 1.0 -9.62988e-007 0.0
MAT 1.38405 3.57628e-006 1.90395 1.0
WORLDTM 
MAT 0.955889 -0.288955 -0.0527436 0.0
MAT 0.293467 0.947104 0.129889 0.0
MAT 0.0124215 -0.139637 0.990125 0.0
MAT 1.16477 9.87148 -0.0804626 1.0
VERTEX = 9
3.37407 10.1711 -0.318418
3.31572 10.6627 -0.248353
3.32193 10.5929 0.246709
3.38028 10.1013 0.176644
7.07469 10.8008 -0.0488001
7.06886 10.8499 -0.0417935
7.06948 10.8429 0.0077127
7.07531 10.7938 0.000706192
3.09972 10.3527 -0.0368751
INDEX = 14
4 5 7
6 7 5
1 2 5
6 5 2
0 1 4
5 4 1
7 6 3
2 3 6
4 7 0
3 0 7
8 1 0
8 2 1
8 3 2
8 0 3
FACE-NORMAL = 14
0.993089 0.117292 0.00408287
0.993089 0.117292 0.00408287
-0.0570159 0.988491 0.140123
-0.0570159 0.988491 0.140123
0.0470792 0.146412 -0.988103
0.0470793 0.146412 -0.988103
0.0718775 -0.132363 0.988592
0.0718775 -0.132363 0.988592
0.175973 -0.974441 -0.139634
0.175973 -0.974441 -0.139634
-0.711003 0.0158014 -0.703011
-0.784742 0.612312 0.0961999
-0.693437 -0.181677 0.697237
-0.619698 -0.778187 -0.101974
BONE = 20
BONE_NAME = OMG_Nose_B01
PARENT_ID = 19
LOCALTM 
MAT 0.915175 0.403056 1.3411e-007 0.0
MAT -1.37836e-007 6.70552e-007 -1.0 0.0
MAT -0.403056 0.915175 6.4075e-007 0.0
MAT 1.70826 1.02925 -4.76837e-007 1.0
WORLDTM 
MAT 0.993089 0.117292 0.00408287 0.0
MAT -0.0124214 0.139638 -0.990125 0.0
MAT -0.116704 0.983231 0.14013 0.0
MAT 3.09972 10.3527 -0.0368751 1.0
VERTEX = 9
0.960756 10.0211 -1.19498
1.10992 9.54908 -1.12472
0.72741 9.38681 -1.40285
0.578245 9.85884 -1.4731
2.99602 9.95485 -4.35996
3.01094 9.90764 -4.35293
2.97268 9.89142 -4.38074
2.95777 9.93862 -4.38777
0.701399 9.68935 -1.09415
INDEX = 14
4 5 7
6 7 5
1 2 5
6 5 2
0 1 4
5 4 1
7 6 3
2 3 6
4 7 0
3 0 7
8 1 0
8 2 1
8 3 2
8 0 3
FACE-NORMAL = 14
0.570738 0.0584449 -0.819049
0.570738 0.0584449 -0.819049
0.331977 -0.938867 0.0912125
0.331977 -0.938867 0.0912125
0.797831 0.327464 0.506194
0.797831 0.327464 0.506194
-0.729465 -0.320464 -0.604304
-0.729465 -0.320464 -0.604304
-0.263611 0.945868 -0.189322
-0.263611 0.945868 -0.189322
0.137379 0.188162 0.972482
-0.192622 -0.70888 0.678518
-0.944524 -0.270816 0.185829
-0.614524 0.626226 0.479793
BONE = 21
BONE_NAME = OMG_Mouth_B16
PARENT_ID = 7
LOCALTM 
MAT -0.177761 -0.812032 0.555882 0.0
MAT 0.230034 0.51494 0.825785 0.0
MAT -0.95681 0.274665 0.0952587 0.0
MAT 1.16455 -0.983998 1.39501 1.0
WORLDTM 
MAT 0.570738 0.0584449 -0.81905 0.0
MAT 0.765021 0.324547 0.556248 0.0
MAT 0.29833 -0.944062 0.140519 0.0
MAT 0.701399 9.68935 -1.09415 1.0
VERTEX = 9
-0.709195 11.1659 2.13689
-0.796092 11.6574 2.16752
-1.23747 11.5658 2.38387
-1.15057 11.0744 2.35324
0.68996 11.4251 5.62099
0.681271 11.4742 5.62405
0.637133 11.4651 5.64569
0.645822 11.416 5.64263
-1.08246 11.3606 2.03552
INDEX = 14
4 5 7
6 7 5
1 2 5
6 5 2
0 1 4
5 4 1
7 6 3
2 3 6
4 7 0
3 0 7
8 1 0
8 2 1
8 3 2
8 0 3
FACE-NORMAL = 14
0.436501 0.0211231 0.899456
0.436501 0.0211231 0.899456
-0.147338 0.982376 0.115019
-0.147338 0.982376 0.115019
0.907317 0.183995 -0.37805
0.907317 0.183995 -0.37805
-0.855031 -0.181465 0.485791
-0.855031 -0.181465 0.485791
0.199625 -0.979845 -0.00727836
0.199625 -0.979845 -0.00727837
0.315552 0.114506 -0.941974
-0.431544 0.680061 -0.592695
-0.932858 -0.144378 -0.330048
-0.185763 -0.709934 -0.679328
BONE = 22
BONE_NAME = Point08
PARENT_ID = 7
LOCALTM 
MAT 0.0534866 0.893046 0.446775 0.0
MAT -0.0692594 -0.44302 0.893833 0.0
MAT 0.996164 -0.0787515 0.0381562 0.0
MAT 3.59318 1.85923 0.0578903 1.0
WORLDTM 
MAT 0.436501 0.0211231 0.899455 0.0
MAT 0.882759 0.183059 -0.432698 0.0
MAT -0.173793 0.982875 0.0612588 0.0
MAT -1.08246 11.3606 2.03552 1.0
VERTEX = 9
-0.847153 12.2055 -1.69326
-0.757631 11.7275 -1.80943
-1.20451 11.6978 -2.03173
-1.29403 12.1758 -1.91556
0.534236 13.0543 -5.0896
0.543188 13.0065 -5.10122
0.4985 13.0035 -5.12345
0.489547 13.0513 -5.11183
-1.12865 11.8798 -1.64622
INDEX = 14
4 5 7
6 7 5
1 2 5
6 5 2
0 1 4
5 4 1
7 6 3
2 3 6
4 7 0
3 0 7
8 1 0
8 2 1
8 3 2
8 0 3
FACE-NORMAL = 14
0.411253 0.287258 -0.865074
0.411253 0.287258 -0.865074
0.203352 -0.937093 -0.283733
0.203352 -0.937093 -0.283733
0.916791 0.0764334 0.391985
0.916791 0.0764334 0.391985
-0.867529 -0.0420244 -0.495608
-0.867529 -0.0420244 -0.495608
-0.154091 0.971502 0.18011
-0.154091 0.971502 0.18011
0.341187 -0.161165 0.926076
-0.164198 -0.879126 0.447412
-0.922787 -0.245078 0.297324
-0.417403 0.472882 0.775988
BONE = 23
BONE_NAME = Point07
PARENT_ID = 7
LOCALTM 
MAT 0.0708639 -0.891535 0.447375 0.0
MAT -0.0692577 0.443022 0.893832 0.0
MAT -0.995079 -0.0943247 -0.0303517 0.0
MAT 3.59318 -1.85923 0.0578958 1.0
WORLDTM 
MAT 0.411253 0.287258 -0.865075 0.0
MAT 0.893764 0.0593354 0.444595 0.0
MAT 0.179043 -0.956014 -0.232339 0.0
MAT -1.12865 11.8798 -1.64622 1.0
VERTEX = 9
-4.07349 13.9607 0.297869
-4.49812 13.6979 0.272845
-4.49506 13.6456 0.770092
-4.07042 13.9084 0.795116
-6.24288 16.985 0.85563
-6.28534 16.9588 0.853127
-6.28503 16.9535 0.902852
-6.24257 16.9798 0.905354
-4.15229 13.5921 0.510963
INDEX = 14
4 5 7
6 7 5
1 2 5
6 5 2
0 1 4
5 4 1
7 6 3
2 3 6
4 7 0
3 0 7
8 1 0
8 2 1
8 3 2
8 0 3
FACE-NORMAL = 14
-0.527916 0.844292 0.0920695
-0.527916 0.844292 0.0920695
-0.879368 -0.474063 -0.0444435
-0.879368 -0.474063 -0.0444435
-0.0377412 0.154992 -0.987195
-0.0377412 0.154992 -0.987195
-0.025495 -0.0538589 0.998223
-0.0254949 -0.053859 0.998223
0.816132 0.575197 0.055472
0.816132 0.575197 0.055472
0.368955 -0.523032 -0.768316
-0.227235 -0.968641 -0.100492
0.37763 -0.670977 0.638111
0.973821 -0.225368 -0.029714
BONE = 24
BONE_NAME = OMG_Horn_B
PARENT_ID = 7
LOCALTM 
MAT 0.941054 -0.0332928 -0.336615 0.0
MAT -0.0358222 -0.999357 -0.00130463 0.0
MAT -0.336356 0.013286 -0.941642 0.0
MAT 6.1877 -3.8147e-006 -2.49934 1.0
WORLDTM 
MAT -0.527916 0.844292 0.0920695 0.0
MAT -0.00613414 0.104613 -0.994494 0.0
MAT -0.849275 -0.525574 -0.0500476 0.0
MAT -4.15229 13.5921 0.510963 1.0
VERTEX = 9
2.80599 18.7839 0.873755
2.80599 18.7839 1.37375
2.806 18.2839 1.37375
2.80599 18.2839 0.873755
6.55599 18.5589 1.09875
6.55599 18.5589 1.14875
6.55599 18.5089 1.14875
6.55599 18.5089 1.09875
2.55599 18.5339 1.12375
INDEX = 14
4 5 7
6 7 5
1 2 5
6 5 2
0 1 4
5 4 1
7 6 3
2 3 6
4 7 0
3 0 7
8 1 0
8 2 1
8 3 2
8 0 3
FACE-NORMAL = 14
1.0 8.27014e-007 -9.98378e-007
1.0 8.27014e-007 -9.98378e-007
0.0598929 -5.75194e-007 0.998205
0.0598929 -5.75194e-007 0.998205
0.0598914 0.998205 4.16186e-007
0.0598914 0.998205 4.16186e-007
0.0598932 -0.998205 -5.35776e-007
0.0598932 -0.998205 -5.35776e-007
0.0598917 6.74257e-007 -0.998205
0.0598917 6.74257e-007 -0.998205
-0.707107 0.707106 1.04313e-006
-0.707106 -1.02733e-006 0.707107
-0.707106 -0.707107 3.68785e-007
-0.707107 -1.42245e-007 -0.707106
BONE = 25
BONE_NAME = FxTop
PARENT_ID = 7
LOCALTM 
MAT -0.210918 0.0124218 0.977425 0.0
MAT 0.967556 -0.139637 0.210563 0.0
MAT 0.1391 0.990125 0.0174332 0.0
MAT 9.63953 8.46386e-006 5.10875 1.0
WORLDTM 
MAT 1.0 8.27014e-007 -9.98378e-007 0.0
MAT -9.0152e-007 1.0 4.76837e-007 0.0
MAT 6.25849e-007 -6.25849e-007 1.0 0.0
MAT 2.55599 18.5339 1.12375 1.0
VERTEX = 9
-0.600294 7.2264 -0.846209
-0.972606 7.18437 -1.17729
-0.897269 7.657 -1.32201
-0.524957 7.69903 -0.990931
1.70452 6.23781 -3.65232
1.66729 6.2336 -3.68543
1.67482 6.28087 -3.6999
1.71206 6.28507 -3.66679
-0.911345 7.52053 -0.911312
INDEX = 14
4 5 7
6 7 5
1 2 5
6 5 2
0 1 4
5 4 1
7 6 3
2 3 6
4 7 0
3 0 7
8 1 0
8 2 1
8 3 2
8 0 3
FACE-NORMAL = 14
0.650255 -0.315298 -0.691199
0.650255 -0.315298 -0.691199
-0.704343 -0.102799 -0.702377
-0.704343 -0.102799 -0.702377
-0.111458 -0.962449 0.247526
-0.111458 -0.962449 0.247526
0.189349 0.924681 -0.330321
0.189349 0.924681 -0.330321
0.782234 0.065031 0.619582
0.782234 0.065031 0.619582
-0.566342 -0.445452 0.693419
-0.986329 0.163506 0.0205283
-0.353257 0.89135 0.284085
0.0667302 0.282393 0.956975
BONE = 26
BONE_NAME = Bip01-R-Clavicle
PARENT_ID = 5
LOCALTM 
MAT -0.493569 -0.77641 0.391889 0.0
MAT -0.869706 0.440991 -0.221672 0.0
MAT -0.00071124 -0.450239 -0.892908 0.0
MAT 1.85367 -0.380717 -0.737184 1.0
WORLDTM 
MAT 0.650255 -0.315298 -0.691199 0.0
MAT -0.150674 -0.945262 0.289443 0.0
MAT -0.744625 -0.0840658 -0.662168 0.0
MAT -0.911345 7.52053 -0.911312 1.0
VERTEX = 9
0.0963444 7.18119 -1.3617
-0.0787332 6.82282 -1.66324
-0.168786 7.16449 -2.01701
0.00629154 7.52285 -1.71548
3.42409 6.65191 -3.03794
3.40658 6.61608 -3.06809
3.39757 6.65024 -3.10347
3.41508 6.68608 -3.07331
-0.266024 7.20762 -1.59727
INDEX = 14
4 5 7
6 7 5
1 2 5
6 5 2
0 1 4
5 4 1
7 6 3
2 3 6
4 7 0
3 0 7
8 1 0
8 2 1
8 3 2
8 0 3
FACE-NORMAL = 14
0.919213 -0.139136 -0.368359
0.919213 -0.139136 -0.368359
-0.294473 -0.723778 -0.624044
-0.294473 -0.723778 -0.624044
0.234836 -0.690435 0.684216
0.234836 -0.690435 0.684216
-0.124729 0.673768 -0.72834
-0.124729 0.673768 -0.72834
0.404581 0.707111 0.579921
0.404581 0.707111 0.579921
-0.522628 -0.384802 0.760781
-0.897579 -0.408421 -0.165963
-0.777336 0.58157 -0.239843
-0.402385 0.60519 0.6869
BONE = 27
BONE_NAME = Bip01-R-UpperArm
PARENT_ID = 26
LOCALTM 
MAT 0.896201 -0.1136 -0.428858 0.0
MAT -0.15649 0.823582 -0.545182 0.0
MAT 0.415132 0.555705 0.720317 0.0
MAT 0.992413 0.0 -2.98023e-007 1.0
WORLDTM 
MAT 0.919214 -0.139136 -0.368359 0.0
MAT 0.180106 -0.683328 0.707548 0.0
MAT -0.350155 -0.716731 -0.603065 0.0
MAT -0.266024 7.20762 -1.59727 1.0
VERTEX = 9
1.1196 7.09753 -1.70297
1.20334 6.75378 -2.05627
1.11329 7.09544 -2.41004
1.02955 7.43919 -2.05674
4.75157 8.01822 -2.05631
4.75995 7.98384 -2.09164
4.75094 8.01801 -2.12702
4.74257 8.05239 -2.09169
0.874123 7.03504 -2.05416
INDEX = 14
4 5 7
6 7 5
1 2 5
6 5 2
0 1 4
5 4 1
7 6 3
2 3 6
4 7 0
3 0 7
8 1 0
8 2 1
8 3 2
8 0 3
FACE-NORMAL = 14
0.969283 0.245768 -0.00937553
0.969283 0.245768 -0.00937553
0.225238 -0.671549 -0.705896
0.225238 -0.671549 -0.705896
0.237835 -0.667382 0.705716
0.237835 -0.667382 0.705716
-0.12173 0.696821 -0.706839
-0.12173 0.696821 -0.70684
-0.109133 0.700989 0.704773
-0.109133 0.700989 0.704773
-0.558033 -0.65697 0.506942
-0.566956 -0.659922 -0.493014
-0.812741 0.309402 -0.493683
-0.803817 0.312354 0.506273
BONE = 28
BONE_NAME = Bip01-R-Forearm
PARENT_ID = 27
LOCALTM 
MAT 0.860237 0.0 -0.509895 0.0
MAT 0.0 1.0 0.0 0.0
MAT 0.509895 0.0 0.860237 0.0
MAT 1.24035 -4.76837e-007 0.0 1.0
WORLDTM 
MAT 0.969284 0.245768 -0.00937553 0.0
MAT 0.180106 -0.683328 0.707548 0.0
MAT 0.167486 -0.687503 -0.706603 0.0
MAT 0.874123 7.03504 -2.05416 1.0
VERTEX = 9
1.74558 7.68646 -2.07603
1.71516 7.41123 -1.65972
2.07432 7.10955 -1.83292
2.10473 7.38478 -2.24924
4.4925 9.59065 -0.346233
4.48946 9.56313 -0.304602
4.52537 9.53296 -0.321922
4.52842 9.56048 -0.363554
1.73668 7.25375 -2.0625
INDEX = 14
4 5 7
6 7 5
1 2 5
6 5 2
0 1 4
5 4 1
7 6 3
2 3 6
4 7 0
3 0 7
8 1 0
8 2 1
8 3 2
8 0 3
FACE-NORMAL = 14
0.693065 0.577014 0.432107
0.693065 0.577014 0.432107
-0.0192108 -0.514924 0.857021
-0.0192108 -0.514924 0.857021
-0.675506 0.63683 0.37167
-0.675506 0.63683 0.37167
0.758524 -0.567713 -0.319911
0.758524 -0.567713 -0.319911
0.102229 0.584041 -0.805261
0.102229 0.584041 -0.805261
-0.997989 0.0186258 -0.0605951
-0.533083 -0.797252 0.283217
0.0178473 -0.834647 -0.550496
-0.447058 -0.0187691 -0.894308
BONE = 29
BONE_NAME = Bip01-R-Hand
PARENT_ID = 28
LOCALTM 
MAT 0.809536 0.0362716 -0.585948 0.0
MAT -0.551203 -0.296557 -0.779891 0.0
MAT -0.202055 0.954326 -0.220081 0.0
MAT 0.889891 -9.53674e-007 -4.76837e-007 1.0
WORLDTM 
MAT 0.693064 0.577014 0.432107 0.0
MAT -0.718305 0.603355 0.346412 0.0
MAT -0.0608292 -0.55047 0.832635 0.0
MAT 1.73668 7.25375 -2.0625 1.0
VERTEX = 9
1.49169 8.22303 -1.31088
1.78776 7.83658 -1.19688
2.17742 8.0752 -1.39992
1.88135 8.46165 -1.51393
2.56922 9.72461 1.96752
2.59883 9.68597 1.97892
2.63779 9.70983 1.95862
2.60818 9.74847 1.94722
1.78329 8.04458 -1.57664
INDEX = 14
4 5 7
6 7 5
1 2 5
6 5 2
0 1 4
5 4 1
7 6 3
2 3 6
4 7 0
3 0 7
8 1 0
8 2 1
8 3 2
8 0 3
FACE-NORMAL = 14
0.205053 0.418161 0.884926
0.205053 0.418161 0.884926
0.603361 -0.746469 0.280606
0.603361 -0.746469 0.280606
-0.765628 -0.451346 0.458368
-0.765628 -0.451346 0.458368
0.79019 0.501435 -0.352368
0.79019 0.501435 -0.352368
-0.578799 0.796558 -0.174605
-0.578799 0.796558 -0.174605
-0.696048 -0.633149 -0.338584
0.273714 -0.842208 -0.464507
0.406059 0.0417802 -0.912891
-0.563703 0.250839 -0.786968
BONE = 30
BONE_NAME = Bip01-R-Finger0
PARENT_ID = 29
LOCALTM 
MAT 0.765783 0.411558 0.494163 0.0
MAT -0.640012 0.412508 0.648246 0.0
MAT 0.0629451 -0.812685 0.579293 0.0
MAT 0.698571 0.611978 -0.0336094 1.0
WORLDTM 
MAT 0.205053 0.418161 0.884926 0.0
MAT -0.779308 -0.477247 0.406097 0.0
MAT 0.592143 -0.772901 0.228015 0.0
MAT 1.78329 8.04458 -1.57664 1.0
VERTEX = 9
1.78731 8.21992 -0.747246
1.87782 7.82398 -1.03886
2.26748 8.06261 -1.2419
2.17696 8.45855 -0.950294
4.25309 6.72042 1.66836
4.26214 6.68083 1.6392
4.30111 6.70469 1.6189
4.29205 6.74429 1.64806
1.87741 8.23651 -1.17045
INDEX = 14
4 5 7
6 7 5
1 2 5
6 5 2
0 1 4
5 4 1
7 6 3
2 3 6
4 7 0
3 0 7
8 1 0
8 2 1
8 3 2
8 0 3
FACE-NORMAL = 14
0.599922 -0.380989 0.703521
0.599922 -0.380989 0.703521
0.216642 -0.813282 -0.540036
0.216642 -0.813282 -0.540036
-0.741978 -0.499209 0.447503
-0.741978 -0.499209 0.447503
0.813839 0.453572 -0.363232
0.813839 0.453572 -0.363232
-0.14478 0.767646 0.624306
-0.14478 0.767646 0.624306
-0.975262 -0.0680652 -0.210311
-0.296197 -0.290548 -0.909862
0.126845 0.606864 -0.784618
-0.55222 0.829347 -0.0850671
BONE = 31
BONE_NAME = Bip01-R-Finger01
PARENT_ID = 30
LOCALTM 
MAT 0.586266 0.0 0.810119 0.0
MAT 0.0 1.0 0.0 0.0
MAT -0.810119 0.0 0.586266 0.0
MAT 0.458999 4.76837e-007 -4.76837e-007 1.0
WORLDTM 
MAT 0.599921 -0.380988 0.703521 0.0
MAT -0.779308 -0.477247 0.406097 0.0
MAT 0.181036 -0.791885 -0.583218 0.0
MAT 1.87741 8.23651 -1.17045 1.0
VERTEX = 9
1.89496 7.81321 -1.01862
1.80465 8.20902 -0.726764
2.19431 8.44765 -0.929813
2.28462 8.05184 -1.22166
-0.220504 9.52946 -3.61535
-0.229535 9.56905 -3.58616
-0.19057 9.59291 -3.60647
-0.181539 9.55333 -3.63565
2.19465 8.03505 -0.798435
INDEX = 14
4 5 7
6 7 5
1 2 5
6 5 2
0 1 4
5 4 1
7 6 3
2 3 6
4 7 0
3 0 7
8 1 0
8 2 1
8 3 2
8 0 3
FACE-NORMAL = 14
-0.600046 0.381535 -0.703118
-0.600046 0.381535 -0.703118
-0.216235 0.813053 0.540544
-0.216235 0.813053 0.540544
-0.813847 -0.453539 0.363257
-0.813847 -0.453539 0.363257
0.741971 0.499241 -0.44748
0.741971 0.499241 -0.44748
0.144359 -0.767351 -0.624767
0.144359 -0.767351 -0.624767
-0.126757 -0.607251 0.784334
0.296578 0.289976 0.909921
0.975351 0.0676783 0.210026
0.552015 -0.829548 0.0844391
BONE = 32
BONE_NAME = Bip01-R-Finger0Nub
PARENT_ID = 31
LOCALTM 
MAT -1.0 0.0 -0.000690401 0.0
MAT 0.0 1.0 -5.96046e-007 0.0
MAT 0.000690401 -6.55651e-007 -1.0 0.0
MAT 0.528798 0.0 9.53674e-007 1.0
WORLDTM 
MAT -0.600046 0.381535 -0.703118 0.0
MAT -0.779308 -0.477247 0.406097 0.0
MAT -0.180621 0.791623 0.583703 0.0
MAT 2.19465 8.03505 -0.798435 1.0
VERTEX = 9
2.27272 8.40218 -1.33375
2.08183 7.9705 -1.16879
2.48805 7.72867 -1.33159
2.67893 8.16035 -1.49655
4.02221 8.63812 1.99
4.00312 8.59495 2.0065
4.04375 8.57076 1.99022
4.06283 8.61393 1.97372
2.27021 8.02949 -1.55419
INDEX = 14
4 5 7
6 7 5
1 2 5
6 5 2
0 1 4
5 4 1
7 6 3
2 3 6
4 7 0
3 0 7
8 1 0
8 2 1
8 3 2
8 0 3
FACE-NORMAL = 14
0.440692 0.143738 0.886075
0.440692 0.143738 0.886075
-0.354682 -0.853211 0.382402
-0.354682 -0.853211 0.382402
-0.784581 0.491405 0.378092
-0.784581 0.491405 0.378092
0.837369 -0.474188 -0.271953
0.837369 -0.474188 -0.271953
0.40747 0.870429 -0.276263
0.40747 0.870429 -0.276263
-0.886094 0.240365 -0.396311
-0.581563 -0.712133 -0.393258
0.262861 -0.443641 -0.856789
-0.0416702 0.508857 -0.859842
BONE = 33
BONE_NAME = Bip01-R-Finger1
PARENT_ID = 29
LOCALTM 
MAT 0.771246 0.077121 0.631848 0.0
MAT -0.14329 0.988191 0.0542882 0.0
MAT -0.620199 -0.132407 0.773189 0.0
MAT 1.03703 0.260895 -0.0362339 1.0
WORLDTM 
MAT 0.440692 0.143738 0.886075 0.0
MAT -0.812434 0.483665 0.325607 0.0
MAT -0.381762 -0.86337 0.329925 0.0
MAT 2.27021 8.02949 -1.55419 1.0
VERTEX = 9
2.29662 8.01942 -0.705528
2.10118 8.0007 -1.16537
2.5074 7.75887 -1.32817
2.70284 7.77759 -0.868332
0.769115 4.62297 -0.162721
0.749571 4.6211 -0.208705
0.790193 4.59692 -0.224986
0.809736 4.59879 -0.179002
2.51017 8.10776 -1.07172
INDEX = 14
4 5 7
6 7 5
1 2 5
6 5 2
0 1 4
5 4 1
7 6 3
2 3 6
4 7 0
3 0 7
8 1 0
8 2 1
8 3 2
8 0 3
FACE-NORMAL = 14
-0.432629 -0.874452 0.219466
-0.432629 -0.874452 0.219466
-0.416085 -0.0897401 -0.904887
-0.416085 -0.0897401 -0.904887
-0.836886 0.430424 0.338167
-0.836886 0.430423 0.338167
0.785064 -0.535169 -0.311878
0.785064 -0.535169 -0.311878
0.364263 -0.0150059 0.931175
0.364263 -0.0150058 0.931175
-0.268563 0.960334 0.0750531
0.029524 0.591861 -0.805499
0.880392 0.276329 -0.385425
0.582306 0.644801 0.495128
BONE = 34
BONE_NAME = Bip01-R-Finger11
PARENT_ID = 33
LOCALTM 
MAT -0.121885 -2.08616e-007 0.992544 0.0
MAT 0.0 1.0 2.38419e-007 0.0
MAT -0.992544 0.0 -0.121885 0.0
MAT 0.544504 7.15256e-007 0.0 1.0
WORLDTM 
MAT -0.432629 -0.874452 0.219466 0.0
MAT -0.812434 0.483665 0.325607 0.0
MAT -0.390875 -0.0374343 -0.919682 0.0
MAT 2.51017 8.10776 -1.07172 1.0
VERTEX = 9
2.05466 7.90679 -1.14196
2.25025 7.92581 -0.682197
2.65647 7.68398 -0.845
2.46088 7.66496 -1.30476
3.94682 11.0856 -1.83371
3.96638 11.0875 -1.78773
4.007 11.0633 -1.80401
3.98744 11.0614 -1.84999
2.24747 7.57678 -0.938456
INDEX = 14
4 5 7
6 7 5
1 2 5
6 5 2
0 1 4
5 4 1
7 6 3
2 3 6
4 7 0
3 0 7
8 1 0
8 2 1
8 3 2
8 0 3
FACE-NORMAL = 14
0.432359 0.874426 -0.220101
0.432359 0.874426 -0.220101
0.416367 0.0903414 0.904697
0.416367 0.0903414 0.904697
-0.78508 0.535168 0.31184
-0.78508 0.535168 0.31184
0.83687 -0.430425 -0.338205
0.83687 -0.430425 -0.338205
-0.364577 0.0144015 -0.931062
-0.364577 0.0144014 -0.931062
-0.880201 -0.27631 0.385874
-0.0291219 -0.591416 0.805841
0.268754 -0.960315 -0.074604
-0.582326 -0.64521 -0.494571
BONE = 35
BONE_NAME = Bip01-R-Finger1Nub
PARENT_ID = 34
LOCALTM 
MAT -1.0 0.0 0.000690646 0.0
MAT 0.0 1.0 0.0 0.0
MAT -0.000690594 0.0 -1.0 0.0
MAT 0.60721 -7.15256e-007 0.0 1.0
WORLDTM 
MAT 0.432359 0.874426 -0.220101 0.0
MAT -0.812434 0.483665 0.325607 0.0
MAT 0.391174 0.0380382 0.91953 0.0
MAT 2.24747 7.57678 -0.938456 1.0
VERTEX = 9
2.80486 8.13544 -1.51783
2.52324 7.76877 -1.32746
2.82934 7.42885 -1.52935
3.11096 7.79552 -1.71971
4.89691 7.83869 1.5965
4.86875 7.80202 1.61554
4.89936 7.76803 1.59535
4.92752 7.8047 1.57631
2.67836 7.78073 -1.73155
INDEX = 14
4 5 7
6 7 5
1 2 5
6 5 2
0 1 4
5 4 1
7 6 3
2 3 6
4 7 0
