EXPORTER_V17
ANIMATION_EXPORT
BONEOBJECT_COUNT = 77
VERTEX = 9
0.25 0.25 -0.25
0.25 0.25 0.25
0.25 -0.25 0.25
0.25 -0.25 -0.25
4.0 0.025 -0.025
4.0 0.025 0.025
4.0 -0.025 0.025
4.0 -0.025 -0.025
0.0 0.0 0.0
INDEX = 14
4 5 7
6 7 5
1 2 5
6 5 2
0 1 4
5 4 1
7 6 3
2 3 6
4 7 0
3 0 7
8 1 0
8 2 1
8 3 2
8 0 3
FACE-NORMAL = 14
1.0 0.0 0.0
1.0 0.0 0.0
0.0598923 -1.75922e-007 0.998205
0.0598923 -1.75922e-007 0.998205
0.0598923 0.998205 1.75922e-007
0.0598923 0.998205 1.75922e-007
0.0598923 -0.998205 -1.75922e-007
0.0598923 -0.998205 -1.75922e-007
0.0598923 1.75922e-007 -0.998205
0.0598923 1.75922e-007 -0.998205
-0.707107 0.707107 1.2462e-007
-0.707107 -1.2462e-007 0.707107
-0.707107 -0.707107 -1.2462e-007
-0.707107 1.2462e-007 -0.707107
BONE = 0
BONE_NAME = Dummy_root
PARENT_ID = -1
LOCALTM 
MAT 1.0 0.0 0.0 0.0
MAT 0.0 1.0 1.76239e-007 0.0
MAT 0.0 -1.76239e-007 1.0 0.0
MAT 0.0 0.0 0.0 1.0
WORLDTM 
MAT 1.0 0.0 0.0 0.0
MAT 0.0 1.0 1.76239e-007 0.0
MAT 0.0 -1.76239e-007 1.0 0.0
MAT 0.0 0.0 0.0 1.0
VERTEX = 9
0.25 -0.0615444 -0.25
0.25 -0.0615445 0.25
0.25 -0.561545 0.25
0.25 -0.561544 -0.25
4.0 -0.286544 -0.0250001
4.0 -0.286544 0.025
4.0 -0.336544 0.0249999
4.0 -0.336544 -0.0250001
0.0 -0.311544 0.0
INDEX = 14
4 5 7
6 7 5
1 2 5
6 5 2
0 1 4
5 4 1
7 6 3
2 3 6
4 7 0
3 0 7
8 1 0
8 2 1
8 3 2
8 0 3
FACE-NORMAL = 14
1.0 0.0 0.0
1.0 0.0 0.0
0.0598923 -1.75922e-007 0.998205
0.0598923 -1.75922e-007 0.998205
0.0598923 0.998205 1.75922e-007
0.0598923 0.998205 1.75922e-007
0.0598923 -0.998205 -1.75922e-007
0.0598923 -0.998205 -1.75922e-007
0.0598923 1.75922e-007 -0.998205
0.0598923 1.75922e-007 -0.998205
-0.707107 0.707107 1.2462e-007
-0.707107 -1.2462e-007 0.707107
-0.707107 -0.707107 -1.2462e-007
-0.707107 1.2462e-007 -0.707107
BONE = 1
BONE_NAME = FxBottom
PARENT_ID = 0
LOCALTM 
MAT 1.0 0.0 0.0 0.0
MAT 0.0 1.0 0.0 0.0
MAT 0.0 0.0 1.0 0.0
MAT 0.0 -0.311544 0.0 1.0
WORLDTM 
MAT 1.0 0.0 0.0 0.0
MAT 0.0 1.0 1.76239e-007 0.0
MAT 0.0 -1.76239e-007 1.0 0.0
MAT 0.0 -0.311544 0.0 1.0
VERTEX = 9
-0.0728729 3.36559 -0.260436
-0.0724204 3.38691 0.239109
-0.08304 2.88748 0.260438
-0.0834924 2.86615 -0.239107
3.6717 3.07072 -0.0260357
3.67175 3.07285 0.0239188
3.67069 3.02291 0.0260517
3.67064 3.02078 -0.0239028
-0.3279 3.13185 5.12864e-007
INDEX = 14
4 5 7
6 7 5
1 2 5
6 5 2
0 1 4
5 4 1
7 6 3
2 3 6
4 7 0
3 0 7
8 1 0
8 2 1
8 3 2
8 0 3
FACE-NORMAL = 14
0.999774 -0.0212584 1.87269e-006
0.999774 -0.0212584 1.87269e-006
0.0607821 0.0412975 0.997296
0.0607821 0.0412975 0.997296
0.0810798 0.995798 -0.0425802
0.0810798 0.995798 -0.0425802
0.0386778 -0.998344 0.0425804
0.0386778 -0.998344 0.0425804
0.0589755 -0.043844 -0.997296
0.0589754 -0.043844 -0.997296
-0.691929 0.721335 -0.0301643
-0.706307 0.0451881 0.706462
-0.721965 -0.691272 0.0301617
-0.707587 -0.0151242 -0.706464
BONE = 2
BONE_NAME = Bip01
PARENT_ID = 0
LOCALTM 
MAT 0.999774 -0.0212584 1.87644e-006 0.0
MAT 0.0212391 0.998864 -0.0426571 0.0
MAT 0.000904946 0.0426475 0.99909 0.0
MAT -0.3279 3.13185 0.0 1.0
WORLDTM 
MAT 0.999774 -0.0212584 1.87269e-006 0.0
MAT 0.0212391 0.998864 -0.0426569 0.0
MAT 0.000904946 0.0426473 0.99909 0.0
MAT -0.3279 3.13185 5.12864e-007 1.0
VERTEX = 9
-0.530854 3.42061 0.250847
-0.0355252 3.35684 0.226703
-0.062187 3.33866 -0.272255
-0.557516 3.40243 -0.24811
0.150739 7.10061 -0.145115
0.200271 7.09423 -0.14753
0.197605 7.09242 -0.197426
0.148072 7.09879 -0.195011
-0.3279 3.13185 5.12864e-007
INDEX = 14
4 5 7
6 7 5
1 2 5
6 5 2
0 1 4
5 4 1
7 6 3
2 3 6
4 7 0
3 0 7
8 1 0
8 2 1
8 3 2
8 0 3
FACE-NORMAL = 14
0.125518 0.991167 -0.0428178
0.125518 0.991167 -0.0428178
0.996396 -0.0679472 -0.050767
0.996396 -0.0679472 -0.050767
0.0607454 0.0956545 0.993559
0.0607454 0.0956545 0.993559
-0.0457103 0.023072 -0.998688
-0.0457103 0.023072 -0.998688
-0.981361 0.186674 0.0456381
-0.981361 0.186674 0.0456381
-0.0510491 -0.675153 0.735909
0.611746 -0.791045 -0.00386891
-0.12646 -0.726569 -0.675356
-0.789255 -0.610677 0.0644224
BONE = 3
BONE_NAME = Bip01-Pelvis
PARENT_ID = 2
LOCALTM 
MAT 0.104419 0.994533 -0.000394627 0.0
MAT 0.0525405 -0.00512018 0.998606 0.0
MAT 0.993145 -0.104294 -0.052788 0.0
MAT 0.0 0.0 0.0 1.0
WORLDTM 
MAT 0.125518 0.991167 -0.0428178 0.0
MAT 0.0533236 0.0363565 0.997915 0.0
MAT 0.990657 -0.127539 -0.0482892 0.0
MAT -0.3279 3.13185 5.12864e-007 1.0
VERTEX = 9
-0.0188218 4.07441 0.179795
0.480857 4.07312 0.19767
0.498701 4.06266 -0.301902
-0.000977963 4.06394 -0.319776
0.22647 7.81829 -0.115067
0.276438 7.81816 -0.113279
0.278222 7.81711 -0.163237
0.228254 7.81724 -0.165024
0.239112 3.81859 -0.0558467
INDEX = 14
4 5 7
6 7 5
1 2 5
6 5 2
0 1 4
5 4 1
7 6 3
2 3 6
4 7 0
3 0 7
8 1 0
8 2 1
8 3 2
8 0 3
FACE-NORMAL = 14
0.00330832 0.999778 -0.0208263
0.00330832 0.999778 -0.0208263
0.997762 0.0573213 0.0344374
0.997762 0.0573213 0.0344374
-0.0354255 0.0807725 0.996103
-0.0354255 0.0807725 0.996103
0.0358217 0.0389854 -0.998598
0.0358217 0.0389854 -0.998598
-0.997365 0.0624367 -0.0369321
-0.997365 0.0624367 -0.0369321
-0.0275743 -0.692149 0.721228
0.704313 -0.708761 0.0400047
0.0228957 -0.72175 -0.691775
-0.708992 -0.705138 -0.0105519
BONE = 4
BONE_NAME = Bip01-Spine
PARENT_ID = 3
LOCALTM 
MAT 0.992254 0.015742 -0.123228 0.0
MAT -0.0265143 0.995919 -0.0862716 0.0
MAT 0.121367 0.0888707 0.988622 0.0
MAT 0.754237 -0.000528008 0.476825 1.0
WORLDTM 
MAT 0.00330832 0.999778 -0.0208263 0.0
MAT -0.0356877 0.0209311 0.999144 0.0
MAT 0.999358 -0.0025623 0.0357489 0.0
MAT 0.239112 3.81859 -0.0558467 1.0
VERTEX = 9
-0.0125317 6.05174 0.147095
0.487341 6.05441 0.158053
0.498301 6.05421 -0.341827
-0.00157188 6.05154 -0.352785
0.197355 9.8028 -0.0748806
0.247342 9.80306 -0.0737847
0.248438 9.80304 -0.123773
0.198451 9.80278 -0.124869
0.244217 5.80298 -0.0972355
INDEX = 14
4 5 7
6 7 5
1 2 5
6 5 2
0 1 4
5 4 1
7 6 3
2 3 6
4 7 0
3 0 7
8 1 0
8 2 1
8 3 2
8 0 3
FACE-NORMAL = 14
-0.00533017 0.999986 -0.000522783
-0.00533017 0.999986 -0.000522783
0.997632 0.0652221 0.0218464
0.997632 0.0652221 0.0218464
-0.0221994 0.0602965 0.997934
-0.0221994 0.0602965 0.997934
0.021561 0.0594864 -0.997996
0.021561 0.0594864 -0.997996
-0.99827 0.0545607 -0.021909
-0.99827 0.0545607 -0.021909
-0.0117305 -0.70681 0.707307
0.710696 -0.703321 0.0158673
0.0192685 -0.707384 -0.706567
-0.703158 -0.710873 -0.015128
BONE = 5
BONE_NAME = Bip01-Spine1
PARENT_ID = 4
LOCALTM 
MAT 0.999757 0.0205988 -0.00790764 0.0
MAT -0.0204881 0.999695 0.0138339 0.0
MAT 0.00819018 -0.0136685 0.999873 0.0
MAT 1.98483 0.0 -0.00146264 1.0
WORLDTM 
MAT -0.00533017 0.999986 -0.000522783 0.0
MAT -0.0219196 0.000405796 0.99976 0.0
MAT 0.999746 0.00534029 0.021917 0.0
MAT 0.244217 5.80298 -0.0972355 1.0
VERTEX = 9
-0.0227781 7.88855 0.146124
0.477095 7.89122 0.157083
0.488055 7.89102 -0.342797
-0.0118183 7.88834 -0.353756
0.187108 11.6396 -0.0758508
0.237096 11.6399 -0.074755
0.238192 11.6399 -0.124743
0.188204 11.6396 -0.125839
0.233971 7.63978 -0.0982058
INDEX = 14
4 5 7
6 7 5
1 2 5
6 5 2
0 1 4
5 4 1
7 6 3
2 3 6
4 7 0
3 0 7
8 1 0
8 2 1
8 3 2
8 0 3
FACE-NORMAL = 14
-0.00533017 0.999986 -0.000522783
-0.00533017 0.999986 -0.000522783
0.997632 0.0652221 0.0218464
0.997632 0.0652221 0.0218464
-0.0221994 0.0602965 0.997934
-0.0221994 0.0602965 0.997934
0.021561 0.0594864 -0.997996
0.021561 0.0594864 -0.997996
-0.99827 0.0545607 -0.021909
-0.99827 0.0545607 -0.021909
-0.0117305 -0.70681 0.707307
0.710696 -0.703321 0.0158673
0.0192685 -0.707384 -0.706567
-0.703158 -0.710873 -0.015128
BONE = 6
BONE_NAME = Bip01-Neck
PARENT_ID = 5
LOCALTM 
MAT 1.0 0.0 0.0 0.0
MAT 0.0 1.0 0.0 0.0
MAT 0.0 0.0 1.0 0.0
MAT 1.83684 0.0 -0.000455886 1.0
WORLDTM 
MAT -0.00533017 0.999986 -0.000522783 0.0
MAT -0.0219196 0.000405796 0.99976 0.0
MAT 0.999746 0.00534029 0.021917 0.0
MAT 0.233971 7.63978 -0.0982058 1.0
VERTEX = 9
-0.0294079 8.42932 0.171017
0.470095 8.45159 0.171762
0.468987 8.4931 -0.326511
-0.0305157 8.47083 -0.327256
-0.132708 15.7838 0.558108
-0.0827575 15.786 0.558183
-0.0828683 15.7901 0.508355
-0.132819 15.7879 0.508281
0.230919 8.21232 -0.0985051
INDEX = 14
4 5 7
6 7 5
1 2 5
6 5 2
0 1 4
5 4 1
7 6 3
2 3 6
4 7 0
3 0 7
8 1 0
8 2 1
8 3 2
8 0 3
FACE-NORMAL = 14
-0.0445171 0.995552 0.0830307
-0.0445171 0.995552 0.0830307
0.997179 0.0749532 0.00402668
0.997179 0.0749532 0.00402668
0.000854025 -0.052549 0.998618
0.000854025 -0.052549 0.998618
-0.00357515 0.113403 -0.993543
-0.00357515 0.113403 -0.993543
-0.9999 -0.0140996 0.0010486
-0.9999 -0.0140996 0.0010486
0.033045 -0.762662 0.645953
0.737882 -0.672462 -0.0576582
0.0299117 -0.645262 -0.763376
-0.674926 -0.735461 -0.059765
BONE = 7
BONE_NAME = Bip01-Head
PARENT_ID = 6
LOCALTM 
MAT 0.995732 0.0843906 -0.0373694 0.0
MAT -0.0835461 0.996224 0.0236131 0.0
MAT 0.039221 -0.0203902 0.999022 0.0
MAT 0.572545 0.0 0.0 1.0
WORLDTM 
MAT -0.0445171 0.995552 0.0830307 0.0
MAT 0.00221562 -0.0830145 0.996546 0.0
MAT 0.999006 0.0445472 0.00148974 0.0
MAT 0.230919 8.21232 -0.0985051 1.0
VERTEX = 9
-0.368115 16.004 0.802754
0.131388 16.0262 0.803498
0.13028 16.0677 0.305225
-0.369223 16.0455 0.304481
-0.310776 19.766 0.890231
-0.260826 19.7682 0.890306
-0.260937 19.7724 0.840478
-0.310887 19.7701 0.840404
-0.107788 15.787 0.533232
INDEX = 14
4 5 7
6 7 5
1 2 5
6 5 2
0 1 4
5 4 1
7 6 3
2 3 6
4 7 0
3 0 7
8 1 0
8 2 1
8 3 2
8 0 3
FACE-NORMAL = 14
-0.0445171 0.995552 0.0830307
-0.0445171 0.995552 0.0830307
0.994547 0.104093 0.00645996
0.994547 0.104093 0.00645996
-0.000454585 -0.0232396 0.99973
-0.000454586 -0.0232396 0.99973
-0.00487788 0.142491 -0.989784
-0.00487788 0.142491 -0.989784
-0.999879 0.0151587 0.00348584
-0.999879 0.0151587 0.00348583
0.033045 -0.762662 0.645953
0.737882 -0.672462 -0.0576582
0.0299117 -0.645262 -0.763376
-0.674926 -0.735461 -0.059765
BONE = 8
BONE_NAME = Bip01-HeadNub
PARENT_ID = 7
LOCALTM 
MAT 1.0 0.0 0.0 0.0
MAT 0.0 1.0 0.0 0.0
MAT 0.0 0.0 1.0 0.0
MAT 7.60847 0.0 0.0 1.0
WORLDTM 
MAT -0.0445171 0.995552 0.0830307 0.0
MAT 0.00221562 -0.0830145 0.996546 0.0
MAT 0.999006 0.0445472 0.00148974 0.0
MAT -0.107788 15.787 0.533232 1.0
VERTEX = 9
0.455825 12.2174 -1.71954
0.46315 11.7253 -1.8079
0.0148646 11.7579 -2.02693
0.00754035 12.25 -1.93857
1.91737 12.6288 -5.16314
1.9181 12.5796 -5.17197
1.87327 12.5829 -5.19388
1.87254 12.6321 -5.18504
0.12468 11.9464 -1.65288
INDEX = 14
4 5 7
6 7 5
1 2 5
6 5 2
0 1 4
5 4 1
7 6 3
2 3 6
4 7 0
3 0 7
8 1 0
8 2 1
8 3 2
8 0 3
FACE-NORMAL = 14
0.442661 0.164851 -0.881406
0.442661 0.164851 -0.881406
0.0411341 -0.972514 -0.229184
0.0411341 -0.972514 -0.229184
0.921472 -0.0553214 0.384485
0.921472 -0.0553214 0.384485
-0.868448 0.075068 -0.490064
-0.868448 0.075068 -0.490064
0.0118898 0.99226 0.123605
0.0118898 0.99226 0.123605
0.320962 -0.16275 0.933004
-0.30265 -0.812469 0.498294
-0.946979 -0.0703847 0.313492
-0.323366 0.579335 0.748202
BONE = 9
BONE_NAME = OMG_EyeR_B04
PARENT_ID = 7
LOCALTM 
MAT 0.071228 -0.891065 0.448251 0.0
MAT -0.0685616 0.443956 0.893422 0.0
MAT -0.995101 -0.0943695 -0.0294708 0.0
MAT 3.59317 -1.85923 0.0578954 1.0
WORLDTM 
MAT 0.442661 0.164851 -0.881406 0.0
MAT 0.89657 -0.065312 0.438061 0.0
MAT 0.0146484 -0.984154 -0.176711 0.0
MAT 0.12468 11.9464 -1.65288 1.0
VERTEX = 9
0.4717 11.3941 2.16821
0.464266 11.894 2.16255
0.0164981 11.8898 2.38501
0.0239326 11.3899 2.39067
1.93465 11.68 5.6239
1.9339 11.7299 5.62334
1.88913 11.7295 5.64558
1.88987 11.6795 5.64615
0.132913 11.6378 2.05274
INDEX = 14
4 5 7
6 7 5
1 2 5
6 5 2
0 1 4
5 4 1
7 6 3
2 3 6
4 7 0
3 0 7
8 1 0
8 2 1
8 3 2
8 0 3
FACE-NORMAL = 14
0.444743 0.0167485 0.895501
0.444743 0.0167485 0.895501
0.0117944 0.999034 0.0423388
0.0117944 0.999034 0.0423388
0.920564 0.009271 -0.390482
0.920564 0.009271 -0.390482
-0.86729 -0.00726479 0.49775
-0.86729 -0.00726479 0.49775
0.041479 -0.997027 0.0649285
0.041479 -0.997027 0.0649285
0.318758 -0.00598616 -0.947817
-0.324995 0.69514 -0.641216
-0.94772 -0.0176998 -0.318613
-0.303967 -0.718826 -0.625214
BONE = 10
BONE_NAME = OMG_EyeL_B01
PARENT_ID = 7
LOCALTM 
MAT 0.0712295 0.892003 0.446381 0.0
MAT -0.0685622 -0.442081 0.894351 0.0
MAT 0.995101 -0.094309 0.0296685 0.0
MAT 3.59318 1.85923 0.0578902 1.0
WORLDTM 
MAT 0.444743 0.0167485 0.895502 0.0
MAT 0.895535 0.00828276 -0.444915 0.0
MAT -0.014869 0.999826 -0.0113152 0.0
MAT 0.132913 11.6378 2.05274 1.0
VERTEX = 9
0.376958 11.8143 -1.32669
0.35862 12.2803 -1.50699
-0.140868 12.2584 -1.51276
-0.12253 11.7924 -1.33246
0.0444134 13.3635 2.08702
0.0425795 13.4101 2.06899
-0.00736923 13.4079 2.06841
-0.00553539 13.3613 2.08644
0.12468 11.9464 -1.65288
INDEX = 14
4 5 7
6 7 5
1 2 5
6 5 2
0 1 4
5 4 1
7 6 3
2 3 6
4 7 0
3 0 7
8 1 0
8 2 1
8 3 2
8 0 3
FACE-NORMAL = 14
-0.0265394 0.359805 0.93265
-0.0265394 0.359805 0.93265
-0.0382003 0.951877 -0.304091
-0.0382003 0.951877 -0.304091
0.995592 0.0652474 0.0673761
0.995592 0.0652474 0.0673761
-0.998771 -0.0221484 0.044341
-0.998771 -0.0221484 0.044341
0.0350213 -0.908778 0.415809
0.0350213 -0.908778 0.415809
0.725148 -0.223466 -0.651324
-0.00716812 0.404603 -0.914464
-0.687616 -0.285375 -0.667642
0.0447005 -0.913444 -0.404502
BONE = 11
BONE_NAME = OMG_EyeR_B02
PARENT_ID = 7
LOCALTM 
MAT 0.436824 0.899501 -0.00909525 0.0
MAT 6.84299e-005 0.0100777 0.999949 0.0
MAT 0.899547 -0.436803 0.00434066 0.0
MAT 3.59317 -1.85923 0.0578954 1.0
WORLDTM 
MAT -0.0265394 0.359805 0.93265 0.0
MAT 0.998975 0.0437765 0.0115383 0.0
MAT -0.0366767 0.932001 -0.360597 0.0
MAT 0.12468 11.9464 -1.65288 1.0
VERTEX = 9
0.334144 12.0137 1.97721
0.379782 11.6008 1.69892
-0.115856 11.5364 1.71311
-0.161495 11.9493 1.9914
-0.224895 13.8581 -1.25531
-0.220331 13.8168 -1.28314
-0.269895 13.8104 -1.28172
-0.274459 13.8517 -1.25389
0.132913 11.6378 2.05274
INDEX = 14
4 5 7
6 7 5
1 2 5
6 5 2
0 1 4
5 4 1
7 6 3
2 3 6
4 7 0
3 0 7
8 1 0
8 2 1
8 3 2
8 0 3
FACE-NORMAL = 14
-0.0950771 0.549128 -0.830312
-0.0950771 0.549128 -0.830312
0.0854192 -0.791397 -0.605305
0.0854192 -0.791397 -0.605305
0.983802 0.161364 -0.0780669
0.983802 0.161364 -0.0780669
-0.995191 -0.0955866 -0.0213917
-0.995191 -0.0955866 -0.0213917
-0.096808 0.857174 0.505846
-0.096808 0.857174 0.505846
0.768168 -0.297283 0.567046
0.131773 -0.972198 0.193562
-0.633709 -0.479301 0.607193
0.00268674 0.195614 0.980677
BONE = 12
BONE_NAME = OMG_EyeL_B02
PARENT_ID = 7
LOCALTM 
MAT 0.481977 -0.873241 -0.0717574 0.0
MAT 0.081648 -0.0367787 0.995982 0.0
MAT -0.872371 -0.485899 0.0535718 0.0
MAT 3.59318 1.85924 0.0578901 1.0
WORLDTM 
MAT -0.0950771 0.549128 -0.830312 0.0
MAT 0.991277 0.128706 -0.0283886 0.0
MAT 0.0912775 -0.825768 -0.556575 0.0
MAT 0.132913 11.6378 2.05274 1.0
VERTEX = 9
1.95382 9.14302 0.968037
1.88531 9.60574 1.14467
1.47862 9.4514 1.39122
1.54714 8.98869 1.21459
3.86014 8.45771 4.1398
3.85328 8.50398 4.15746
3.81262 8.48855 4.18212
3.81947 8.44228 4.16445
1.57488 9.35215 0.980871
INDEX = 14
4 5 7
6 7 5
1 2 5
6 5 2
0 1 4
5 4 1
7 6 3
2 3 6
4 7 0
3 0 7
8 1 0
8 2 1
8 3 2
8 0 3
FACE-NORMAL = 14
0.565374 -0.219756 0.795022
0.565374 -0.219756 0.795022
-0.10293 0.910612 0.400239
-0.10293 0.910612 0.400239
0.845773 0.294955 -0.444601
0.845773 0.294955 -0.444601
-0.77805 -0.321278 0.539833
-0.77805 -0.321278 0.539832
0.170653 -0.936935 -0.305008
0.170653 -0.936935 -0.305008
0.17536 0.373654 -0.910841
-0.49668 0.809772 -0.312374
-0.97492 -0.0628722 -0.213489
-0.30288 -0.49899 -0.811956
BONE = 13
BONE_NAME = OMG_Mouth_B01
PARENT_ID = 7
LOCALTM 
MAT -0.177936 0.811771 0.556207 0.0
MAT 0.230146 -0.515221 0.825579 0.0
MAT 0.956751 0.274909 -0.0951497 0.0
MAT 1.16455 0.984003 1.39501 1.0
WORLDTM 
MAT 0.565374 -0.219756 0.795022 0.0
MAT 0.813371 0.308671 -0.493102 0.0
MAT -0.137038 0.925435 0.353258 0.0
MAT 1.57488 9.35215 0.980871 1.0
VERTEX = 9
1.10997 8.96983 -1.00151
1.26702 9.44291 -0.962446
1.45004 9.34461 -0.50765
1.29299 8.87152 -0.54671
4.54796 8.17432 -2.30962
4.56367 8.22163 -2.30571
4.58197 8.2118 -2.26023
4.56627 8.16449 -2.26414
1.06101 9.22149 -0.652555
INDEX = 14
4 5 7
6 7 5
1 2 5
6 5 2
0 1 4
5 4 1
7 6 3
2 3 6
4 7 0
3 0 7
8 1 0
8 2 1
8 3 2
8 0 3
FACE-NORMAL = 14
0.875988 -0.257108 -0.408093
0.875988 -0.257108 -0.408093
0.366001 0.929073 0.0535386
0.366001 0.929073 0.0535386
-0.312918 0.180863 -0.932401
-0.312918 0.180863 -0.932401
0.417848 -0.211661 0.883517
0.417848 -0.21166 0.883517
-0.261071 -0.959871 -0.102422
-0.261071 -0.959871 -0.102422
-0.878247 0.32083 -0.354613
-0.397315 0.850846 0.343805
-0.360588 0.0427749 0.931744
-0.84152 -0.487241 0.233326
BONE = 14
BONE_NAME = OMG_Mouth_B04
PARENT_ID = 7
LOCALTM 
MAT -0.328845 -0.383399 0.863057 0.0
MAT 0.136511 -0.923583 -0.358273 0.0
MAT 0.934466 7.45058e-007 0.356053 0.0
MAT 0.921726 -0.634072 0.873398 1.0
WORLDTM 
MAT 0.875989 -0.257108 -0.408093 0.0
MAT -0.36604 0.196615 -0.909592 0.0
MAT 0.3141 0.946171 0.0781205 0.0
MAT 1.06101 9.22149 -0.652555 1.0
VERTEX = 9
2.2409 9.97033 -1.23899
2.4783 9.85933 -0.813164
2.30002 9.39272 -0.835413
2.06263 9.50372 -1.26123
5.28494 8.65096 -3.01574
5.30868 8.63986 -2.97316
5.29085 8.5932 -2.97538
5.26711 8.6043 -3.01797
2.0693 9.75216 -0.906642
INDEX = 14
4 5 7
6 7 5
1 2 5
6 5 2
0 1 4
5 4 1
7 6 3
2 3 6
4 7 0
3 0 7
8 1 0
8 2 1
8 3 2
8 0 3
FACE-NORMAL = 14
0.804648 -0.28252 -0.52223
0.804648 -0.28252 -0.52223
0.522123 -0.238525 0.818837
0.522123 -0.238525 0.818837
0.404095 0.914623 0.0131406
0.404095 0.914623 0.0131406
-0.30771 -0.948464 -0.0756957
-0.30771 -0.948464 -0.0756957
-0.425739 0.204683 -0.881392
-0.425739 0.204683 -0.881392
-0.316858 0.859657 0.400737
-0.23325 0.0427924 0.971475
-0.821086 -0.460113 0.337807
-0.904694 0.356752 -0.23293
BONE = 15
BONE_NAME = OMG_Mouth_B06
PARENT_ID = 7
LOCALTM 
MAT -0.360445 -0.49519 0.790485 0.0
MAT 0.916891 -0.0323364 0.397827 0.0
MAT -0.171439 0.868183 0.46569 0.0
MAT 1.38405 -0.929101 1.90395 1.0
WORLDTM 
MAT 0.804648 -0.28252 -0.52223 0.0
MAT 0.356543 0.933219 0.044498 0.0
MAT 0.474783 -0.222003 0.851643 0.0
MAT 2.0693 9.75216 -0.906642 1.0
VERTEX = 9
1.27128 9.28339 0.952482
1.11423 8.81031 0.913422
1.2952 8.78867 0.447825
1.45225 9.26176 0.486885
4.57337 7.85791 2.0606
4.55767 7.8106 2.05669
4.57577 7.80844 2.01013
4.59147 7.85575 2.01404
1.06382 9.11622 0.611139
INDEX = 14
4 5 7
6 7 5
1 2 5
6 5 2
0 1 4
5 4 1
7 6 3
2 3 6
4 7 0
3 0 7
8 1 0
8 2 1
8 3 2
8 0 3
FACE-NORMAL = 14
0.877687 -0.320763 0.356057
0.877687 -0.320763 0.356057
-0.260969 -0.963683 -0.0566549
-0.260969 -0.963683 -0.0566549
-0.308733 0.0239833 0.950846
-0.308733 0.0239833 0.950846
0.413866 -0.0624057 -0.908196
0.413866 -0.0624057 -0.908196
0.366102 0.925261 0.099305
0.366102 0.925261 0.099305
-0.876555 0.257411 0.406683
-0.84272 -0.44223 -0.30701
-0.364682 0.196215 -0.910223
-0.398517 0.895857 -0.196531
BONE = 16
BONE_NAME = OMG_Mouth_B08
PARENT_ID = 7
LOCALTM 
MAT -0.328844 0.3834 0.863056 0.0
MAT 0.13651 0.923582 -0.358274 0.0
MAT -0.934466 -4.39584e-007 -0.356053 0.0
MAT 0.921725 0.634002 0.873396 1.0
WORLDTM 
MAT 0.877688 -0.320763 0.356057 0.0
MAT -0.361949 0.0432722 0.931193 0.0
MAT -0.314099 -0.946171 -0.0781202 0.0
MAT 1.06382 9.11622 0.611139 1.0
VERTEX = 9
2.48203 9.71922 0.868782
2.24656 9.75815 1.30814
2.06822 9.29423 1.25367
2.30369 9.2553 0.814308
5.32147 8.16021 2.78472
5.29792 8.1641 2.82866
5.28009 8.11771 2.82321
5.30364 8.11382 2.77927
2.07342 9.59791 0.945043
INDEX = 14
4 5 7
6 7 5
1 2 5
6 5 2
0 1 4
5 4 1
7 6 3
2 3 6
4 7 0
3 0 7
8 1 0
8 2 1
8 3 2
8 0 3
FACE-NORMAL = 14
0.806841 -0.364737 0.46473
0.806841 -0.364737 0.46473
-0.421769 0.055874 0.90498
-0.421769 0.055874 0.90498
0.404369 0.904339 0.136587
0.404369 0.904339 0.136587
-0.307722 -0.948029 -0.0809194
-0.307722 -0.948029 -0.0809194
0.518416 -0.0995638 -0.849313
0.518416 -0.0995638 -0.849313
-0.318308 0.913997 -0.251576
-0.903526 0.312962 0.292737
-0.822738 -0.398181 -0.405652
-0.23752 0.202854 -0.949966
BONE = 17
BONE_NAME = OMG_Mouth_B10
PARENT_ID = 7
LOCALTM 
MAT -0.360446 0.495191 0.790484 0.0
MAT 0.91689 0.0323378 0.397827 0.0
MAT 0.171438 0.868182 -0.465692 0.0
MAT 1.38405 0.929003 1.90394 1.0
WORLDTM 
MAT 0.806841 -0.364737 0.464731 0.0
MAT 0.356686 0.92785 0.108949 0.0
MAT -0.470938 0.0778587 0.878724 0.0
MAT 2.07342 9.59791 0.945043 1.0
VERTEX = 9
1.37433 9.31507 0.241683
1.23046 8.83784 0.202248
1.22935 8.87935 -0.296025
1.37323 9.35658 -0.25659
4.90047 8.0443 -0.0977876
4.88609 7.99658 -0.101731
4.88597 8.00073 -0.151558
4.90036 8.04845 -0.147615
1.06242 9.16886 -0.0206706
INDEX = 14
4 5 7
6 7 5
1 2 5
6 5 2
0 1 4
5 4 1
7 6 3
2 3 6
4 7 0
3 0 7
8 1 0
8 2 1
8 3 2
8 0 3
FACE-NORMAL = 14
0.957702 -0.286586 -0.0260006
0.957702 -0.286586 -0.0260006
-0.229879 -0.969902 -0.0802851
-0.229879 -0.969902 -0.0802851
0.0595684 -0.10003 0.9932
0.0595684 -0.10003 0.9932
0.0551495 0.0657019 -0.996314
0.0551495 0.0657019 -0.996314
0.344597 0.935574 0.0771706
0.344597 0.935574 0.0771706
-0.675632 0.143946 0.72305
-0.88067 -0.472252 -0.0373839
-0.678762 0.261347 -0.686279
-0.473724 0.877546 0.0741543
BONE = 18
BONE_NAME = OMG_Mouth_B12
PARENT_ID = 7
LOCALTM 
MAT -0.330104 1.91107e-006 0.943945 0.0
MAT -6.03497e-007 1.0 -2.23937e-006 0.0
MAT -0.943945 -1.2964e-006 -0.330104 0.0
MAT 0.921724 1.90735e-006 0.873397 1.0
WORLDTM 
MAT 0.957702 -0.286586 -0.0260006 0.0
MAT 0.00221341 -0.0830152 0.996546 0.0
MAT -0.287754 -0.954452 -0.0788695 0.0
MAT 1.06242 9.16886 -0.0206706 1.0
VERTEX = 9
2.39534 9.83564 -0.218954
2.39644 9.79413 0.279319
2.2122 9.33089 0.24114
2.21109 9.3724 -0.257133
5.79903 8.23207 -0.134319
5.79914 8.22791 -0.0844919
5.78072 8.18159 -0.0883099
5.78061 8.18574 -0.138137
2.07136 9.67503 0.0192535
INDEX = 14
4 5 7
6 7 5
1 2 5
6 5 2
0 1 4
5 4 1
7 6 3
2 3 6
4 7 0
3 0 7
8 1 0
8 2 1
8 3 2
8 0 3
FACE-NORMAL = 14
0.929628 -0.36705 -0.032642
0.929628 -0.36705 -0.032642
0.0578882 -0.104849 0.992802
0.0578883 -0.104849 0.992802
0.423508 0.902843 0.0742674
0.423508 0.902843 0.0742674
-0.312152 -0.94681 -0.0781774
-0.312152 -0.94681 -0.0781774
0.0534669 0.0608819 -0.996712
0.0534669 0.0608819 -0.996712
-0.396784 0.91467 0.0770757
-0.655781 0.200843 0.727746
-0.91791 -0.395584 -0.0309129
-0.658913 0.318243 -0.681583
BONE = 19
BONE_NAME = OMG_Mouth_B14
PARENT_ID = 7
LOCALTM 
MAT -0.409512 9.55537e-007 0.912305 0.0
MAT 0.912305 0.0 0.409512 0.0
MAT 2.23517e-007 1.0 -9.69972e-007 0.0
MAT 1.38404 3.8743e-006 1.90395 1.0
WORLDTM 
MAT 0.929629 -0.36705 -0.032642 0.0
MAT 0.368492 0.92649 0.0763595 0.0
MAT 0.00221464 -0.0830143 0.996546 0.0
MAT 2.07136 9.67503 0.0192535 1.0
VERTEX = 9
4.29731 9.78277 -0.227586
4.27858 10.2807 -0.186066
4.27968 10.2392 0.312207
4.29841 9.74126 0.270688
8.03674 10.1288 0.0187112
8.03487 10.1786 0.0228631
8.03498 10.1745 0.0726905
8.03685 10.1247 0.0685385
4.03867 10.0016 0.0420849
INDEX = 14
4 5 7
6 7 5
1 2 5
6 5 2
0 1 4
5 4 1
7 6 3
2 3 6
4 7 0
3 0 7
8 1 0
8 2 1
8 3 2
8 0 3
FACE-NORMAL = 14
0.999296 0.0375124 0.000903986
0.999296 0.0375124 0.000903986
0.0224594 0.996301 0.0829442
0.0224594 0.996301 0.0829442
0.0576394 0.0851123 -0.994703
0.0576394 0.0851123 -0.994703
0.0620608 -0.0806189 0.994811
0.0620608 -0.0806189 0.994811
0.0972409 -0.991808 -0.0828359
0.0972408 -0.991808 -0.0828359
-0.708175 0.0321749 -0.705304
-0.733096 0.677641 0.0580783
-0.705043 -0.0852255 0.704025
-0.680122 -0.730692 -0.0593567
BONE = 20
BONE_NAME = OMG_Nose_B01
PARENT_ID = 19
LOCALTM 
MAT 0.915175 0.403056 0.0 0.0
MAT 0.0 2.98023e-007 -1.0 0.0
MAT -0.403056 0.915175 2.68221e-007 0.0
MAT 1.70825 1.02925 -4.76837e-007 1.0
WORLDTM 
MAT 0.999296 0.0375124 0.000903986 0.0
MAT -0.00221464 0.0830147 -0.996547 0.0
MAT -0.037458 0.995843 0.0830392 0.0
MAT 4.03867 10.0016 0.0420849 1.0
VERTEX = 9
1.88024 9.79289 -1.10135
1.94945 9.30733 -1.00414
1.54153 9.19578 -1.27089
1.47231 9.68133 -1.3681
3.83327 9.20634 -4.26448
3.84019 9.15778 -4.25476
3.7994 9.14663 -4.28143
3.79248 9.19518 -4.29115
1.57052 9.51552 -0.980332
INDEX = 14
4 5 7
6 7 5
1 2 5
6 5 2
0 1 4
5 4 1
7 6 3
2 3 6
4 7 0
3 0 7
8 1 0
8 2 1
8 3 2
8 0 3
FACE-NORMAL = 14
0.561453 -0.084761 -0.823156
0.561453 -0.084761 -0.823156
0.171807 -0.974436 0.144764
0.171807 -0.974436 0.144764
0.84801 0.217625 0.483237
0.84801 0.217625 0.483237
-0.780757 -0.227778 -0.581838
-0.780757 -0.227778 -0.581838
-0.104553 0.964283 -0.243365
-0.104553 0.964283 -0.243365
0.179884 0.217692 0.959298
-0.299124 -0.626738 0.71953
-0.973899 -0.0978219 0.204821
-0.494891 0.746608 0.444588
BONE = 21
BONE_NAME = OMG_Mouth_B16
PARENT_ID = 7
LOCALTM 
MAT -0.177725 -0.812032 0.555893 0.0
MAT 0.230087 0.51494 0.825771 0.0
MAT -0.956804 0.274664 0.0953204 0.0
MAT 1.16455 -0.983998 1.39501 1.0
WORLDTM 
MAT 0.561453 -0.084761 -0.823156 0.0
MAT 0.815848 0.223102 0.533495 0.0
MAT 0.138428 -0.971103 0.194413 0.0
MAT 1.57052 9.51552 -0.980332 1.0
VERTEX = 9
0.469757 11.3894 2.16395
0.466556 11.8894 2.1661
0.0190331 11.8856 2.38905
0.0222343 11.3856 2.38691
1.93916 11.609 5.62176
1.93884 11.659 5.62197
1.89409 11.6586 5.64427
1.89441 11.6086 5.64405
0.132913 11.6378 2.05274
INDEX = 14
4 5 7
6 7 5
1 2 5
6 5 2
0 1 4
5 4 1
7 6 3
2 3 6
4 7 0
3 0 7
8 1 0
8 2 1
8 3 2
8 0 3
FACE-NORMAL = 14
0.445928 -0.000984587 0.895068
0.445928 -0.000984587 0.895068
0.0203168 0.998116 0.0578896
0.0203168 0.998116 0.0578896
0.920147 0.00757065 -0.3915
0.920147 0.00757065 -0.3915
-0.866732 -0.00768859 0.498716
-0.866732 -0.00768859 0.498716
0.0330985 -0.998234 0.0493257
0.0330985 -0.998234 0.0493257
0.317574 0.00610087 -0.948214
-0.319846 0.707782 -0.629876
-0.948212 -0.00470845 -0.317604
-0.310792 -0.70639 -0.635942
BONE = 22
BONE_NAME = Point08
PARENT_ID = 7
LOCALTM 
MAT 0.0534865 0.893046 0.446774 0.0
MAT -0.0692595 -0.44302 0.893833 0.0
MAT 0.996164 -0.0787514 0.0381564 0.0
MAT 3.59318 1.85923 0.0578901 1.0
WORLDTM 
MAT 0.445928 -0.000984587 0.895068 0.0
MAT 0.895046 0.00764335 -0.445908 0.0
MAT -0.00640235 0.99997 0.00428966 0.0
MAT 0.132913 11.6378 2.05274 1.0
VERTEX = 9
0.45594 12.2171 -1.71992
0.462824 11.725 -1.80826
0.0143199 11.758 -2.02679
0.00743599 12.2501 -1.93846
1.91396 12.6273 -5.16516
1.91465 12.5781 -5.17399
1.8698 12.5814 -5.19585
1.86911 12.6306 -5.18701
0.12468 11.9464 -1.65288
INDEX = 14
4 5 7
6 7 5
1 2 5
6 5 2
0 1 4
5 4 1
7 6 3
2 3 6
4 7 0
3 0 7
8 1 0
8 2 1
8 3 2
8 0 3
FACE-NORMAL = 14
0.441801 0.164488 -0.881905
0.441801 0.164488 -0.881905
0.0402035 -0.972556 -0.229168
0.0402035 -0.972556 -0.229168
0.921858 -0.0559393 0.38347
0.921858 -0.0559393 0.383469
-0.868937 0.0756425 -0.489108
-0.868937 0.0756425 -0.489108
0.0127174 0.992259 0.123529
0.0127174 0.992259 0.123529
0.32188 -0.162915 0.932658
-0.302665 -0.812227 0.498679
-0.94668 -0.0697057 0.314543
-0.322136 0.579606 0.748522
BONE = 23
BONE_NAME = Point07
PARENT_ID = 7
LOCALTM 
MAT 0.0708636 -0.891534 0.447375 0.0
MAT -0.0692576 0.443023 0.893831 0.0
MAT -0.995079 -0.0943243 -0.0303514 0.0
MAT 3.59317 -1.85923 0.0578954 1.0
WORLDTM 
MAT 0.441801 0.164488 -0.881905 0.0
MAT 0.897008 -0.0659092 0.437073 0.0
MAT 0.0137678 -0.984175 -0.176666 0.0
MAT 0.12468 11.9464 -1.65288 1.0
VERTEX = 9
-2.43111 14.6181 0.192681
-2.87855 14.3957 0.17544
-2.87481 14.3496 0.673297
-2.42738 14.5721 0.690538
-4.30421 17.8377 0.730745
-4.34895 17.8155 0.729021
-4.34858 17.8109 0.778807
-4.30384 17.8331 0.780531
-2.5414 14.2612 0.411537
INDEX = 14
4 5 7
6 7 5
1 2 5
6 5 2
0 1 4
5 4 1
7 6 3
2 3 6
4 7 0
3 0 7
8 1 0
8 2 1
8 3 2
8 0 3
FACE-NORMAL = 14
-0.446248 0.890786 0.0858098
-0.446248 0.890786 0.0858098
-0.919998 -0.390827 -0.0292817
-0.919998 -0.390827 -0.0292817
-0.0341799 0.145363 -0.988788
-0.0341799 0.145363 -0.988788
-0.0192738 -0.0386606 0.999067
-0.0192738 -0.0386606 0.999067
0.866545 0.497529 0.0395604
0.866545 0.497529 0.0395604
0.310266 -0.564701 -0.764753
-0.317229 -0.944527 -0.0850598
0.320825 -0.69506 0.6434
0.94832 -0.315234 -0.0362936
BONE = 24
BONE_NAME = OMG_Horn_B
PARENT_ID = 7
LOCALTM 
MAT 0.913814 0.0105765 -0.405995 0.0
MAT 0.00942478 -0.999944 -0.00483617 0.0
MAT -0.406023 0.000592954 -0.913862 0.0
MAT 6.1877 -3.93391e-006 -2.49934 1.0
WORLDTM 
MAT -0.446249 0.890786 0.0858098 0.0
MAT -0.00746642 0.0921773 -0.995714 0.0
MAT -0.894878 -0.444977 -0.0344829 0.0
MAT -2.5414 14.2612 0.411537 1.0
VERTEX = 9
5.15547 18.2866 0.459491
5.15547 18.2866 0.959491
5.15547 17.7866 0.959491
5.15547 17.7866 0.459491
8.90547 18.0616 0.684492
8.90547 18.0616 0.734492
8.90547 18.0116 0.734492
8.90547 18.0116 0.684492
4.90547 18.0366 0.709491
INDEX = 14
4 5 7
6 7 5
1 2 5
6 5 2
0 1 4
5 4 1
7 6 3
2 3 6
4 7 0
3 0 7
8 1 0
8 2 1
8 3 2
8 0 3
FACE-NORMAL = 14
1.0 4.32134e-007 1.37836e-007
1.0 4.32134e-007 1.37836e-007
0.0598921 -2.12109e-007 0.998205
0.0598921 -2.12109e-007 0.998205
0.0598918 0.998205 3.35492e-007
0.0598918 0.998205 3.35492e-007
0.0598928 -0.998205 -3.18982e-007
0.0598928 -0.998205 -3.18982e-007
0.0598925 2.63872e-007 -0.998205
0.0598925 2.63872e-007 -0.998205
-0.707107 0.707106 1.34343e-007
-0.707107 -4.74152e-007 0.707107
-0.707106 -0.707107 -3.29272e-007
-0.707107 -1.36977e-007 -0.707107
BONE = 25
BONE_NAME = FxTop
PARENT_ID = 7
LOCALTM 
MAT -0.0445166 0.00221578 0.999006 0.0
MAT 0.995552 -0.0830142 0.0445468 0.0
MAT 0.0830305 0.996546 0.00148959 0.0
MAT 9.63952 9.05991e-006 5.10875 1.0
WORLDTM 
MAT 1.0 4.32134e-007 1.37836e-007 0.0
MAT -5.21541e-007 1.0 3.27826e-007 0.0
MAT -1.9744e-007 -2.38419e-007 1.0 0.0
MAT 4.90547 18.0366 0.709491 1.0
VERTEX = 9
-0.252897 7.33122 -0.656161
-0.751698 7.32818 -0.621687
-0.766848 7.79515 -0.799755
-0.268047 7.79819 -0.83423
-0.717542 6.19985 -4.21535
-0.767422 6.19954 -4.21191
-0.768937 6.24624 -4.22971
-0.719057 6.24654 -4.23316
-0.494314 7.65253 -0.494987
INDEX = 14
4 5 7
6 7 5
1 2 5
6 5 2
0 1 4
5 4 1
7 6 3
2 3 6
4 7 0
3 0 7
8 1 0
8 2 1
8 3 2
8 0 3
FACE-NORMAL = 14
-0.0622313 -0.357372 -0.931887
-0.0622313 -0.357372 -0.931887
-0.999538 -0.0274663 0.0130123
-0.999538 -0.0274663 0.0130123
0.0265186 -0.95367 0.299685
0.0265186 -0.95367 0.299685
-0.0339729 0.910862 -0.41131
-0.0339729 0.910862 -0.41131
0.992084 -0.0153413 -0.124638
0.992084 -0.0153413 -0.124638
0.0654296 -0.407697 0.91077
-0.661407 0.248406 0.707698
0.0225787 0.913097 0.407117
0.749415 0.256995 0.610189
BONE = 26
BONE_NAME = Bip01-R-Clavicle
PARENT_ID = 5
LOCALTM 
MAT -0.356548 -0.930444 -0.0845481 0.0
MAT -0.934277 0.355008 0.0331103 0.0
MAT -0.000792008 0.0907968 -0.995869 0.0
MAT 1.85367 -0.380717 -0.737184 1.0
WORLDTM 
MAT -0.0622313 -0.357372 -0.931887 0.0
MAT 0.0303001 -0.933942 0.356137 0.0
MAT -0.997602 -0.00607338 0.0689489 0.0
MAT -0.494314 7.65253 -0.494987 1.0
VERTEX = 9
-0.315753 6.94829 -1.33295
-0.815144 6.9568 -1.35611
-0.791056 7.22651 -1.77644
-0.291665 7.218 -1.75328
-0.489602 3.91648 -3.55593
-0.539541 3.91733 -3.55825
-0.537132 3.9443 -3.60028
-0.487193 3.94345 -3.59796
-0.556073 7.29787 -1.4198
INDEX = 14
4 5 7
6 7 5
1 2 5
6 5 2
0 1 4
5 4 1
7 6 3
2 3 6
4 7 0
3 0 7
8 1 0
8 2 1
8 3 2
8 0 3
FACE-NORMAL = 14
0.0106767 -0.841869 -0.539576
0.0106767 -0.841869 -0.539576
-0.996349 -0.0334326 -0.0785507
-0.996349 -0.0334326 -0.0785507
-0.0474506 -0.588866 0.806837
-0.0474506 -0.588866 0.806837
0.0487295 0.488023 -0.871469
0.0487295 0.488023 -0.871469
0.997628 -0.0674104 0.0139179
0.997628 -0.0674104 0.0139179
-0.0416155 0.213869 0.975976
-0.713795 0.607326 0.348786
0.0265164 0.976714 -0.2129
0.698696 0.583257 0.414289
BONE = 27
BONE_NAME = Bip01-R-UpperArm
PARENT_ID = 26
LOCALTM 
MAT 0.80302 0.594418 -0.0427412 0.0
MAT -0.587633 0.801712 0.1093 0.0
MAT 0.0992358 -0.0626538 0.993089 0.0
MAT 0.992413 -4.76837e-007 0.0 1.0
WORLDTM 
MAT 0.0106767 -0.841869 -0.539576 0.0
MAT -0.0481765 -0.539413 0.840662 0.0
MAT -0.998782 0.0170195 -0.0463175 0.0
MAT -0.556073 7.29787 -1.4198 1.0
VERTEX = 9
-0.242994 5.9711 -1.9558
-0.720526 5.86032 -2.05425
-0.696438 6.13003 -2.47458
-0.218906 6.2408 -2.37613
0.649671 2.99622 -4.08113
0.601918 2.98514 -4.09097
0.604326 3.01211 -4.13301
0.65208 3.02319 -4.12316
-0.542831 6.25366 -2.08907
INDEX = 14
4 5 7
6 7 5
1 2 5
6 5 2
0 1 4
5 4 1
7 6 3
2 3 6
4 7 0
3 0 7
8 1 0
8 2 1
8 3 2
8 0 3
FACE-NORMAL = 14
0.292457 -0.812372 -0.5045
0.292457 -0.812372 -0.5045
-0.935834 -0.26981 -0.226755
-0.935834 -0.26981 -0.226755
-0.0305741 -0.587099 0.808937
-0.0305741 -0.587099 0.808937
0.065606 0.48979 -0.869369
0.065606 0.48979 -0.869369
0.970866 0.1725 0.166323
0.970866 0.1725 0.166323
-0.240864 0.193011 0.951173
-0.882131 0.417772 0.217512
-0.172733 0.955856 -0.237702
0.468534 0.731095 0.49596
BONE = 28
BONE_NAME = Bip01-R-Forearm
PARENT_ID = 27
LOCALTM 
MAT 0.95925 1.19209e-007 -0.28256 0.0
MAT 0.0 1.0 0.0 0.0
MAT 0.28256 0.0 0.95925 0.0
MAT 1.24035 4.76837e-007 -1.19209e-007 1.0
WORLDTM 
MAT 0.292457 -0.812372 -0.5045 0.0
MAT -0.0481765 -0.539413 0.840662 0.0
MAT -0.955064 -0.221553 -0.196893 0.0
MAT -0.542831 6.25366 -2.08907 1.0
VERTEX = 9
-0.0247216 5.39062 -2.85642
0.0220865 5.27088 -2.37323
-0.470828 5.19187 -2.34506
-0.517636 5.31161 -2.82825
0.296538 1.70884 -3.56711
0.301219 1.69687 -3.51879
0.251927 1.68897 -3.51597
0.247247 1.70094 -3.56429
-0.282575 5.53073 -2.53802
INDEX = 14
4 5 7
6 7 5
1 2 5
6 5 2
0 1 4
5 4 1
7 6 3
2 3 6
4 7 0
3 0 7
8 1 0
8 2 1
8 3 2
8 0 3
FACE-NORMAL = 14
0.139202 -0.957957 -0.250881
0.139202 -0.957957 -0.250881
0.101785 -0.296427 0.949616
0.101785 -0.296427 0.949616
0.992396 0.10035 -0.0712686
0.992396 0.10035 -0.0712686
-0.975722 -0.215099 0.041217
-0.975722 -0.215099 0.041217
-0.085111 0.181678 -0.979668
-0.085111 0.181678 -0.979668
0.598656 0.789106 0.137558
-0.0322341 0.508038 0.860731
-0.795517 0.565649 0.217241
-0.164627 0.846718 -0.505932
BONE = 29
BONE_NAME = Bip01-R-Hand
PARENT_ID = 28
LOCALTM 
MAT 0.945498 0.299122 0.128688 0.0
MAT 0.188377 -0.180092 -0.965443 0.0
MAT -0.26561 0.937066 -0.226624 0.0
MAT 0.889892 -9.53674e-007 0.0 1.0
WORLDTM 
MAT 0.139202 -0.957957 -0.250881 0.0
MAT 0.985829 0.158008 -0.0563439 0.0
MAT 0.0936162 -0.239482 0.966377 0.0
MAT -0.282575 5.53073 -2.53802 1.0
VERTEX = 9
0.832479 4.97588 -2.66633
0.457148 4.82113 -2.37448
0.268019 4.55961 -2.75636
0.64335 4.71436 -3.04822
2.60981 1.81058 -1.67351
2.57227 1.7951 -1.64432
2.55336 1.76895 -1.68251
2.59089 1.78442 -1.7117
0.414826 4.96628 -2.78024
INDEX = 14
4 5 7
6 7 5
1 2 5
6 5 2
0 1 4
5 4 1
7 6 3
2 3 6
4 7 0
3 0 7
8 1 0
8 2 1
8 3 2
8 0 3
FACE-NORMAL = 14
0.541689 -0.794129 0.275557
0.541689 -0.794129 0.275557
-0.716872 -0.356503 0.599167
-0.716872 -0.356503 0.599167
0.410022 0.474539 0.778906
0.410022 0.474539 0.778906
-0.345136 -0.569663 -0.745899
-0.345136 -0.569663 -0.745899
0.781758 0.261379 -0.566159
0.781758 0.261379 -0.566159
-0.115564 0.931379 0.345222
-0.913831 0.342687 0.217898
-0.650501 0.191689 -0.734918
0.147766 0.780381 -0.607594
BONE = 30
BONE_NAME = Bip01-R-Finger0
PARENT_ID = 29
LOCALTM 
MAT 0.767014 0.393008 0.507182 0.0
MAT -0.640012 0.412508 0.648246 0.0
MAT 0.0455491 -0.821816 0.567929 0.0
MAT 0.698569 0.611978 -0.0336096 1.0
WORLDTM 
MAT 0.54169 -0.794129 0.275557 0.0
MAT 0.378258 0.52304 0.763774 0.0
MAT -0.750663 -0.309497 0.583711 0.0
MAT 0.414826 4.96628 -2.78024 1.0
VERTEX = 9
0.871064 4.43268 -2.31345
0.450882 4.7027 -2.29027
0.261753 4.44118 -2.67215
0.681935 4.17116 -2.69534
-0.858929 1.96381 -0.0605531
-0.900948 1.99081 -0.0582347
-0.91986 1.96466 -0.0964236
-0.877842 1.93765 -0.098742
0.663462 4.60178 -2.65376
INDEX = 14
4 5 7
6 7 5
1 2 5
6 5 2
0 1 4
5 4 1
7 6 3
2 3 6
4 7 0
3 0 7
8 1 0
8 2 1
8 3 2
8 0 3
FACE-NORMAL = 14
-0.388214 -0.659386 0.643817
-0.388214 -0.659386 0.643817
-0.862106 0.499575 0.0848431
-0.862106 0.499575 0.0848431
0.354328 0.482609 0.800962
0.354328 0.482609 0.800962
-0.40083 -0.561593 -0.723843
-0.40083 -0.561593 -0.723843
0.815604 -0.578559 -0.00772376
0.815604 -0.578559 -0.00772377
0.541977 0.836101 0.0848226
-0.319718 0.84812 -0.422461
0.00704017 0.0964114 -0.995317
0.868736 0.084393 -0.488033
BONE = 31
BONE_NAME = Bip01-R-Finger01
PARENT_ID = 30
LOCALTM 
MAT 0.490754 0.0 0.871298 0.0
MAT 0.0 1.0 0.0 0.0
MAT -0.871298 0.0 0.490754 0.0
MAT 0.458999 5.96046e-007 -4.76837e-007 1.0
WORLDTM 
MAT -0.388214 -0.659386 0.643817 0.0
MAT 0.378258 0.52304 0.763774 0.0
MAT -0.840364 0.540036 0.0463667 0.0
MAT 0.663462 4.60178 -2.65376 1.0
VERTEX = 9
0.439914 4.68373 -2.27184
0.859962 4.41349 -2.29481
0.670833 4.15197 -2.67669
0.250785 4.42221 -2.65373
2.00181 6.91574 -4.86846
2.04381 6.88871 -4.87076
2.0249 6.86256 -4.90894
1.98289 6.88958 -4.90665
0.458175 4.25309 -2.31331
INDEX = 14
4 5 7
6 7 5
1 2 5
6 5 2
0 1 4
5 4 1
7 6 3
2 3 6
4 7 0
3 0 7
8 1 0
8 2 1
8 3 2
8 0 3
FACE-NORMAL = 14
0.388794 0.659013 -0.643848
0.388794 0.659013 -0.643848
0.861873 -0.500051 -0.0844018
0.861873 -0.500051 -0.0844018
0.400865 0.56157 0.723841
0.400865 0.56157 0.723841
-0.354293 -0.482631 -0.800964
-0.354293 -0.482631 -0.800964
-0.815301 0.578991 0.00727864
-0.815301 0.578991 0.00727865
-0.0074501 -0.0961479 0.995339
0.319118 -0.848178 0.422797
-0.542388 -0.835837 -0.0848
-0.868956 -0.0838074 0.487742
BONE = 32
BONE_NAME = Bip01-R-Finger0Nub
PARENT_ID = 31
LOCALTM 
MAT -1.0 0.0 -0.000690371 0.0
MAT 0.0 1.0 -4.76837e-007 0.0
MAT 0.000690222 -5.66244e-007 -1.0 0.0
MAT 0.528798 -1.19209e-007 2.38419e-007 1.0
WORLDTM 
MAT 0.388794 0.659013 -0.643849 0.0
MAT 0.378258 0.52304 0.763774 0.0
MAT 0.840096 -0.540492 -0.0459227 0.0
MAT 0.458175 4.25309 -2.31331 1.0
VERTEX = 9
0.453735 4.33254 -2.93902
0.372632 4.55883 -2.5006
-0.10703 4.41863 -2.51696
-0.025927 4.19234 -2.95539
1.06787 1.19694 -0.950399
1.05976 1.21957 -0.906557
1.01179 1.20555 -0.908194
1.0199 1.18292 -0.952036
0.115587 4.5872 -2.8479
INDEX = 14
4 5 7
6 7 5
1 2 5
6 5 2
0 1 4
5 4 1
7 6 3
2 3 6
4 7 0
3 0 7
8 1 0
8 2 1
8 3 2
8 0 3
FACE-NORMAL = 14
0.23106 -0.84649 0.479652
0.23106 -0.84649 0.479652
-0.148076 0.401067 0.904001
-0.148076 0.401067 0.904001
0.971439 0.229206 0.0614017
0.971439 0.229206 0.0614017
-0.943762 -0.330602 -0.00394673
-0.943762 -0.330602 -0.00394674
0.175754 -0.502464 -0.846546
0.175754 -0.502464 -0.846547
0.51496 0.796836 -0.31602
-0.278081 0.91858 0.28086
-0.841728 0.400281 -0.362311
-0.0486871 0.278538 -0.95919
BONE = 33
BONE_NAME = Bip01-R-Finger1
PARENT_ID = 29
LOCALTM 
MAT 0.722729 0.067008 0.687875 0.0
MAT -0.14329 0.988191 0.054288 0.0
MAT -0.676114 -0.137801 0.723796 0.0
MAT 1.03703 0.260895 -0.0362349 1.0
WORLDTM 
MAT 0.23106 -0.84649 0.479652 0.0
MAT 0.959323 0.280407 0.032733 0.0
MAT -0.162206 0.452578 0.876848 0.0
MAT 0.115587 4.5872 -2.8479 1.0
VERTEX = 9
0.458459 4.23334 -2.22767
0.384053 4.53374 -2.62038
-0.0956088 4.39354 -2.63675
-0.0212025 4.09314 -2.24404
-0.690516 7.1127 -0.0939186
-0.697956 7.14274 -0.13319
-0.745922 7.12872 -0.134826
-0.738482 7.09868 -0.0955551
0.241401 4.12629 -2.58673
INDEX = 14
4 5 7
6 7 5
1 2 5
6 5 2
0 1 4
5 4 1
7 6 3
2 3 6
4 7 0
3 0 7
8 1 0
8 2 1
8 3 2
8 0 3
FACE-NORMAL = 14
-0.239905 0.748606 0.61809
-0.239905 0.748606 0.61809
-0.162914 0.644558 -0.746997
-0.162914 0.644558 -0.746997
0.943232 0.32474 0.0696931
0.943232 0.32474 0.0696931
-0.971969 -0.235068 0.00434459
-0.971969 -0.235068 0.00434458
0.134177 -0.554886 0.821035
0.134177 -0.554886 0.821035
0.847982 -0.331066 -0.41391
0.0644121 -0.104514 -0.992435
-0.508705 -0.727622 -0.460201
0.274865 -0.954174 0.118324
BONE = 34
BONE_NAME = Bip01-R-Finger11
PARENT_ID = 33
LOCALTM 
MAT -0.392652 0.0 0.919687 0.0
MAT -1.19209e-007 1.0 1.19209e-007 0.0
MAT -0.919687 0.0 -0.392652 0.0
MAT 0.544504 9.53674e-007 -1.19209e-007 1.0
WORLDTM 
MAT -0.239905 0.748606 0.61809 0.0
MAT 0.959323 0.280407 0.032733 0.0
MAT -0.148813 0.600801 -0.785426 0.0
MAT 0.241401 4.12629 -2.58673 1.0
VERTEX = 9
0.3584 4.61377 -2.55409
0.432723 4.31362 -2.16116
-0.0469389 4.17342 -2.17753
-0.121262 4.47356 -2.57046
1.07603 1.60678 -4.70044
1.08346 1.57677 -4.66115
1.03549 1.56275 -4.66279
1.02806 1.59276 -4.70208
0.0957284 4.58085 -2.21142
INDEX = 14
4 5 7
6 7 5
1 2 5
6 5 2
0 1 4
5 4 1
7 6 3
2 3 6
4 7 0
3 0 7
8 1 0
8 2 1
8 3 2
8 0 3
FACE-NORMAL = 14
0.240008 -0.74902 -0.617548
0.240008 -0.74902 -0.617548
0.162754 -0.644067 0.747455
0.162754 -0.644067 0.747455
0.971975 0.235043 -0.00431169
0.971975 0.235043 -0.0043117
-0.943226 -0.324764 -0.069661
-0.943226 -0.324764 -0.069661
-0.134005 0.554345 -0.821428
-0.134005 0.554345 -0.821428
0.508633 0.727915 0.459818
-0.0646022 0.105173 0.992353
-0.848055 0.33136 0.413526
-0.27482 0.954102 -0.11901
BONE = 35
BONE_NAME = Bip01-R-Finger1Nub
PARENT_ID = 34
LOCALTM 
MAT -1.0 0.0 -0.000690252 0.0
MAT 0.0 1.0 -4.91738e-007 0.0
MAT 0.00069046 -4.91738e-007 -1.0 0.0
MAT 0.607209 -3.57628e-007 0.0 1.0
WORLDTM 
MAT 0.240008 -0.749021 -0.617548 0.0
MAT 0.959323 0.280407 0.0327334 0.0
MAT 0.148646 -0.600284 0.785852 0.0
