EXPORTER_V17
ANIMATION_EXPORT
BONEOBJECT_COUNT = 77
VERTEX = 9
0.25 0.25 -0.25
0.25 0.25 0.25
0.25 -0.25 0.25
0.25 -0.25 -0.25
4.0 0.025 -0.025
4.0 0.025 0.025
4.0 -0.025 0.025
4.0 -0.025 -0.025
0.0 0.0 0.0
INDEX = 14
4 5 7
6 7 5
1 2 5
6 5 2
0 1 4
5 4 1
7 6 3
2 3 6
4 7 0
3 0 7
8 1 0
8 2 1
8 3 2
8 0 3
FACE-NORMAL = 14
1.0 0.0 0.0
1.0 0.0 0.0
0.0598923 -1.75922e-007 0.998205
0.0598923 -1.75922e-007 0.998205
0.0598923 0.998205 1.75922e-007
0.0598923 0.998205 1.75922e-007
0.0598923 -0.998205 -1.75922e-007
0.0598923 -0.998205 -1.75922e-007
0.0598923 1.75922e-007 -0.998205
0.0598923 1.75922e-007 -0.998205
-0.707107 0.707107 1.2462e-007
-0.707107 -1.2462e-007 0.707107
-0.707107 -0.707107 -1.2462e-007
-0.707107 1.2462e-007 -0.707107
BONE = 0
BONE_NAME = Dummy_root
PARENT_ID = -1
LOCALTM 
MAT 1.0 0.0 0.0 0.0
MAT 0.0 1.0 1.76239e-007 0.0
MAT 0.0 -1.76239e-007 1.0 0.0
MAT 0.0 0.0 0.0 1.0
WORLDTM 
MAT 1.0 0.0 0.0 0.0
MAT 0.0 1.0 1.76239e-007 0.0
MAT 0.0 -1.76239e-007 1.0 0.0
MAT 0.0 0.0 0.0 1.0
VERTEX = 9
0.25 -0.0615444 -0.25
0.25 -0.0615445 0.25
0.25 -0.561545 0.25
0.25 -0.561544 -0.25
4.0 -0.286544 -0.0250001
4.0 -0.286544 0.025
4.0 -0.336544 0.0249999
4.0 -0.336544 -0.0250001
0.0 -0.311544 0.0
INDEX = 14
4 5 7
6 7 5
1 2 5
6 5 2
0 1 4
5 4 1
7 6 3
2 3 6
4 7 0
3 0 7
8 1 0
8 2 1
8 3 2
8 0 3
FACE-NORMAL = 14
1.0 0.0 0.0
1.0 0.0 0.0
0.0598923 -1.75922e-007 0.998205
0.0598923 -1.75922e-007 0.998205
0.0598923 0.998205 1.75922e-007
0.0598923 0.998205 1.75922e-007
0.0598923 -0.998205 -1.75922e-007
0.0598923 -0.998205 -1.75922e-007
0.0598923 1.75922e-007 -0.998205
0.0598923 1.75922e-007 -0.998205
-0.707107 0.707107 1.2462e-007
-0.707107 -1.2462e-007 0.707107
-0.707107 -0.707107 -1.2462e-007
-0.707107 1.2462e-007 -0.707107
BONE = 1
BONE_NAME = FxBottom
PARENT_ID = 0
LOCALTM 
MAT 1.0 0.0 0.0 0.0
MAT 0.0 1.0 0.0 0.0
MAT 0.0 0.0 1.0 0.0
MAT 0.0 -0.311544 0.0 1.0
WORLDTM 
MAT 1.0 0.0 0.0 0.0
MAT 0.0 1.0 1.76239e-007 0.0
MAT 0.0 -1.76239e-007 1.0 0.0
MAT 0.0 -0.311544 0.0 1.0
VERTEX = 9
-0.0730561 3.36478 -0.261335
-0.0722951 3.38769 0.238139
-0.0828559 2.88833 0.26106
-0.0836169 2.86542 -0.238414
3.67169 3.07099 -0.0283285
3.67177 3.07328 0.0216189
3.67071 3.02335 0.023911
3.67064 3.02106 -0.0260364
-0.3279 3.13185 5.12864e-007
INDEX = 14
4 5 7
6 7 5
1 2 5
6 5 2
0 1 4
5 4 1
7 6 3
2 3 6
4 7 0
3 0 7
8 1 0
8 2 1
8 3 2
8 0 3
FACE-NORMAL = 14
0.999776 -0.0211691 -0.000552314
0.999776 -0.0211691 -0.000552314
0.0613982 0.0444702 0.997122
0.0613982 0.0444702 0.997122
0.0809625 0.995665 -0.0457931
0.0809625 0.995665 -0.0457931
0.0387953 -0.9982 0.0457269
0.0387952 -0.9982 0.0457269
0.0583596 -0.047006 -0.997188
0.0583595 -0.047006 -0.997188
-0.692013 0.721174 -0.0320249
-0.705872 0.0473687 0.706754
-0.721883 -0.691237 0.0328059
-0.708025 -0.0174311 -0.705973
BONE = 2
BONE_NAME = Bip01
PARENT_ID = 0
LOCALTM 
MAT 0.999776 -0.0211691 -0.000552311 0.0
MAT 0.0211215 0.998725 -0.0458425 0.0
MAT 0.00152205 0.0458205 0.998949 0.0
MAT -0.3279 3.13185 0.0 1.0
WORLDTM 
MAT 0.999776 -0.0211691 -0.000552314 0.0
MAT 0.0211215 0.998725 -0.0458423 0.0
MAT 0.00152205 0.0458204 0.998949 0.0
MAT -0.3279 3.13185 5.12864e-007 1.0
VERTEX = 9
-0.530724 3.42139 0.250055
-0.0354049 3.35759 0.225805
-0.0623751 3.33782 -0.273076
-0.557694 3.40162 -0.248826
0.150287 7.10017 -0.158018
0.199819 7.09379 -0.160442
0.197122 7.09182 -0.210331
0.14759 7.0982 -0.207906
-0.3279 3.13185 5.12864e-007
INDEX = 14
4 5 7
6 7 5
1 2 5
6 5 2
0 1 4
5 4 1
7 6 3
2 3 6
4 7 0
3 0 7
8 1 0
8 2 1
8 3 2
8 0 3
FACE-NORMAL = 14
0.125401 0.991037 -0.0460436
0.125401 0.991037 -0.0460436
0.996371 -0.0680194 -0.0511705
0.996371 -0.0680194 -0.0511705
0.0613543 0.0988151 0.993213
0.0613543 0.0988152 0.993213
-0.0463331 0.0198959 -0.998728
-0.0463331 0.0198958 -0.998728
-0.98135 0.18673 0.0456552
-0.98135 0.18673 0.0456552
-0.0505302 -0.672817 0.738082
0.611815 -0.790999 -0.00173687
-0.126814 -0.728721 -0.672966
-0.789159 -0.610539 0.0668524
BONE = 3
BONE_NAME = Bip01-Pelvis
PARENT_ID = 2
LOCALTM 
MAT 0.104419 0.994533 -0.000394672 0.0
MAT 0.0525405 -0.00512016 0.998606 0.0
MAT 0.993145 -0.104294 -0.052788 0.0
MAT 0.0 0.0 0.0 1.0
WORLDTM 
MAT 0.125401 0.991037 -0.0460436 0.0
MAT 0.0539405 0.0395306 0.997761 0.0
MAT 0.990639 -0.127604 -0.0484999 0.0
MAT -0.3279 3.13185 5.12864e-007 1.0
VERTEX = 9
-0.0204025 4.07308 0.176926
0.479292 4.07522 0.194283
0.496693 4.0637 -0.305281
-0.00300105 4.06156 -0.322638
0.199244 7.81783 -0.127027
0.249213 7.81804 -0.125291
0.250953 7.81689 -0.175248
0.200984 7.81668 -0.176983
0.239015 3.81846 -0.0583801
INDEX = 14
4 5 7
6 7 5
1 2 5
6 5 2
0 1 4
5 4 1
7 6 3
2 3 6
4 7 0
3 0 7
8 1 0
8 2 1
8 3 2
8 0 3
FACE-NORMAL = 14
-0.00347918 0.999725 -0.0231893
-0.00347918 0.999725 -0.0231893
0.997386 0.0641513 0.033262
0.997386 0.0641513 0.033262
-0.0349489 0.0828887 0.995946
-0.0349489 0.0828887 0.995946
0.0345321 0.0368629 -0.998724
0.0345321 0.0368629 -0.998724
-0.997802 0.0556003 -0.0360397
-0.997802 0.0556003 -0.0360397
-0.0221493 -0.69061 0.722888
0.709134 -0.703884 0.0409432
0.0270696 -0.723214 -0.690093
-0.704214 -0.709941 -0.00814858
BONE = 4
BONE_NAME = Bip01-Spine
PARENT_ID = 3
LOCALTM 
MAT 0.991396 0.0161947 -0.129891 0.0
MAT -0.0275201 0.995926 -0.0858766 0.0
MAT 0.127971 0.0887123 0.987802 0.0
MAT 0.754238 -0.000527985 0.476825 1.0
WORLDTM 
MAT -0.00347918 0.999725 -0.0231893 0.0
MAT -0.034803 0.0230543 0.999128 0.0
MAT 0.999388 0.00428317 0.0347131 0.0
MAT 0.239015 3.81846 -0.0583801 1.0
VERTEX = 9
-0.0251914 6.04269 0.14945
0.474665 6.04204 0.161418
0.48665 6.06237 -0.338025
-0.0132063 6.06302 -0.349993
0.20636 9.79844 0.0826365
0.256346 9.79837 0.0838334
0.257544 9.80041 0.0338891
0.207559 9.80047 0.0326922
0.230648 5.80273 -0.104458
INDEX = 14
4 5 7
6 7 5
1 2 5
6 5 2
0 1 4
5 4 1
7 6 3
2 3 6
4 7 0
3 0 7
8 1 0
8 2 1
8 3 2
8 0 3
FACE-NORMAL = 14
0.000326156 0.999172 0.0406801
0.000326156 0.999172 0.0406801
0.997938 0.0585441 0.0263304
0.997938 0.0585441 0.0263304
-0.0239076 0.019255 0.999529
-0.0239076 0.019255 0.999529
0.0239466 0.10043 -0.994656
0.0239466 0.10043 -0.994656
-0.997898 0.0611413 -0.0214576
-0.997898 0.0611413 -0.0214576
-0.0171801 -0.735273 0.677554
0.706673 -0.707441 -0.0118392
0.0167188 -0.67777 -0.735084
-0.707134 -0.705602 -0.0456912
BONE = 5
BONE_NAME = Bip01-Spine1
PARENT_ID = 4
LOCALTM 
MAT 0.997953 0.0636686 0.00601775 0.0
MAT -0.0637295 0.997912 0.0105449 0.0
MAT -0.0053338 -0.0109068 0.999926 0.0
MAT 1.98483 0.0 -0.00146261 1.0
WORLDTM 
MAT 0.000326156 0.999172 0.0406801 0.0
MAT -0.0239701 -0.0406607 0.998885 0.0
MAT 0.999713 -0.00130093 0.023937 0.0
MAT 0.230648 5.80273 -0.104458 1.0
VERTEX = 9
-0.025048 7.878 0.224161
0.474808 7.87735 0.23613
0.486793 7.89768 -0.263313
-0.013063 7.89833 -0.275281
0.206504 11.6338 0.157348
0.256489 11.6337 0.158545
0.257688 11.6357 0.108601
0.207702 11.6358 0.107404
0.230791 7.63805 -0.0297458
INDEX = 14
4 5 7
6 7 5
1 2 5
6 5 2
0 1 4
5 4 1
7 6 3
2 3 6
4 7 0
3 0 7
8 1 0
8 2 1
8 3 2
8 0 3
FACE-NORMAL = 14
0.000326156 0.999172 0.0406801
0.000326156 0.999172 0.0406801
0.997938 0.0585441 0.0263304
0.997938 0.0585441 0.0263304
-0.0239076 0.019255 0.999529
-0.0239076 0.019255 0.999529
0.0239466 0.10043 -0.994656
0.0239466 0.10043 -0.994656
-0.997898 0.0611413 -0.0214576
-0.997898 0.0611413 -0.0214576
-0.0171801 -0.735273 0.677553
0.706673 -0.707441 -0.0118392
0.0167188 -0.67777 -0.735084
-0.707134 -0.705602 -0.0456912
BONE = 6
BONE_NAME = Bip01-Neck
PARENT_ID = 5
LOCALTM 
MAT 1.0 0.0 0.0 0.0
MAT 0.0 1.0 0.0 0.0
MAT 0.0 0.0 1.0 0.0
MAT 1.83684 0.0 -0.000455901 1.0
WORLDTM 
MAT 0.000326156 0.999172 0.0406801 0.0
MAT -0.0239701 -0.0406607 0.998885 0.0
MAT 0.999712 -0.00130093 0.023937 0.0
MAT 0.230791 7.63805 -0.0297458 1.0
VERTEX = 9
-0.0298895 8.4293 0.260771
0.469566 8.45262 0.261447
0.468539 8.48907 -0.237222
-0.0309167 8.46575 -0.237897
-0.148594 15.7871 0.573238
-0.0986488 15.7894 0.573305
-0.0987515 15.793 0.523438
-0.148697 15.7907 0.523371
0.230978 8.21012 -0.00645464
INDEX = 14
4 5 7
6 7 5
1 2 5
6 5 2
0 1 4
5 4 1
7 6 3
2 3 6
4 7 0
3 0 7
8 1 0
8 2 1
8 3 2
8 0 3
FACE-NORMAL = 14
-0.0466126 0.996248 0.0729178
-0.0466126 0.996248 0.0729178
0.99702 0.0770645 0.0035794
0.99702 0.0770645 0.0035794
0.00062873 -0.0424193 0.9991
0.00062873 -0.0424193 0.9991
-0.00347795 0.103315 -0.994643
-0.00347795 0.103315 -0.994643
-0.999869 -0.0161684 0.00087773
-0.999869 -0.0161684 0.000877729
0.0344127 -0.756003 0.653663
0.739297 -0.671476 -0.050605
0.0315075 -0.652905 -0.756784
-0.673377 -0.737432 -0.0525163
BONE = 7
BONE_NAME = Bip01-Head
PARENT_ID = 6
LOCALTM 
MAT 0.998374 0.0334458 -0.0461498 0.0
MAT -0.0322686 0.999141 0.0260218 0.0
MAT 0.0469805 -0.0244903 0.998596 0.0
MAT 0.572546 0.0 0.0 1.0
WORLDTM 
MAT -0.0466126 0.996248 0.0729178 0.0
MAT 0.0020543 -0.0729014 0.997337 0.0
MAT 0.998911 0.0466383 0.00135147 0.0
MAT 0.230978 8.21012 -0.00645464 1.0
VERTEX = 9
-0.38454 16.0092 0.815564
0.114915 16.0325 0.81624
0.113888 16.069 0.317571
-0.385567 16.0457 0.316895
-0.335045 19.772 0.864909
-0.285099 19.7744 0.864976
-0.285202 19.778 0.815109
-0.335148 19.7757 0.815042
-0.123673 15.79 0.548338
INDEX = 14
4 5 7
6 7 5
1 2 5
6 5 2
0 1 4
5 4 1
7 6 3
2 3 6
4 7 0
3 0 7
8 1 0
8 2 1
8 3 2
8 0 3
FACE-NORMAL = 14
-0.0466126 0.996248 0.0729178
-0.0466126 0.996248 0.0729178
0.994326 0.106222 0.00571625
0.994326 0.106222 0.00571625
-0.000741127 -0.013103 0.999914
-0.000741128 -0.0131029 0.999914
-0.00484235 0.132438 -0.991179
-0.00484235 0.132438 -0.991179
-0.999909 0.0131131 0.00301817
-0.999909 0.013113 0.00301817
0.0344127 -0.756003 0.653663
0.739297 -0.671476 -0.050605
0.0315075 -0.652905 -0.756784
-0.673377 -0.737432 -0.0525163
BONE = 8
BONE_NAME = Bip01-HeadNub
PARENT_ID = 7
LOCALTM 
MAT 1.0 0.0 0.0 0.0
MAT 0.0 1.0 0.0 0.0
MAT 0.0 0.0 1.0 0.0
MAT 7.60847 0.0 -1.19209e-007 1.0
WORLDTM 
MAT -0.0466126 0.996248 0.0729178 0.0
MAT 0.0020543 -0.0729014 0.997337 0.0
MAT 0.998911 0.0466383 0.00135147 0.0
MAT -0.123673 15.79 0.548338 1.0
VERTEX = 9
0.448223 12.1987 -1.66833
0.456159 11.7058 -1.75167
0.00766037 11.7356 -1.97067
-0.000275597 12.2285 -1.88733
1.90654 12.577 -5.11709
1.90734 12.5277 -5.12542
1.86249 12.5307 -5.14732
1.86169 12.58 -5.13899
0.117503 11.9281 -1.59865
INDEX = 14
4 5 7
6 7 5
1 2 5
6 5 2
0 1 4
5 4 1
7 6 3
2 3 6
4 7 0
3 0 7
8 1 0
8 2 1
8 3 2
8 0 3
FACE-NORMAL = 14
0.441752 0.156458 -0.883389
0.441752 0.156458 -0.883389
0.042301 -0.974744 -0.219283
0.042301 -0.974744 -0.219283
0.921844 -0.0501299 0.384306
0.921844 -0.0501299 0.384306
-0.868929 0.0688711 -0.490122
-0.868929 0.0688711 -0.490122
0.0106141 0.993485 0.113466
0.0106141 0.993485 0.113466
0.321906 -0.152781 0.934363
-0.301143 -0.807758 0.506794
-0.946639 -0.0684834 0.314937
-0.323589 0.586493 0.742506
BONE = 9
BONE_NAME = OMG_EyeR_B04
PARENT_ID = 7
LOCALTM 
MAT 0.0708647 -0.891535 0.447374 0.0
MAT -0.0692572 0.443022 0.893832 0.0
MAT -0.995079 -0.094325 -0.0303506 0.0
MAT 3.59318 -1.85923 0.0578954 1.0
WORLDTM 
MAT 0.441753 0.156458 -0.883389 0.0
MAT 0.896997 -0.0596075 0.438 0.0
MAT 0.0158719 -0.985884 -0.166674 0.0
MAT 0.117503 11.9281 -1.59865 1.0
VERTEX = 9
0.464349 11.4149 2.22759
0.45622 11.9147 2.21686
0.00863155 11.9123 2.4397
0.0167602 11.4124 2.45043
1.92958 11.738 5.67904
1.92876 11.788 5.67797
1.884 11.7877 5.70025
1.88482 11.7377 5.70133
0.125137 11.657 2.10991
INDEX = 14
4 5 7
6 7 5
1 2 5
6 5 2
0 1 4
5 4 1
7 6 3
2 3 6
4 7 0
3 0 7
8 1 0
8 2 1
8 3 2
8 0 3
FACE-NORMAL = 14
0.445413 0.0264688 0.894934
0.445413 0.0264688 0.894934
0.0104488 0.999428 0.0321638
0.0104488 0.999428 0.0321638
0.920247 0.00656047 -0.391282
0.920247 0.00656047 -0.391282
-0.866894 -0.00338992 0.498481
-0.866894 -0.00338992 0.498481
0.0429048 -0.996257 0.0750355
0.0429048 -0.996257 0.0750355
0.318032 -0.0151919 -0.947958
-0.32645 0.688134 -0.647998
-0.947941 -0.0222406 -0.317669
-0.303459 -0.725567 -0.617629
BONE = 10
BONE_NAME = OMG_EyeL_B01
PARENT_ID = 7
LOCALTM 
MAT 0.0708643 0.891536 0.447372 0.0
MAT -0.0692593 -0.443019 0.893833 0.0
MAT 0.995079 -0.0943255 0.0303528 0.0
MAT 3.59317 1.85923 0.0578901 1.0
WORLDTM 
MAT 0.445413 0.0264688 0.894934 0.0
MAT 0.895178 0.00498414 -0.445682 0.0
MAT -0.0162572 0.999637 -0.0214744 0.0
MAT 0.125137 11.657 2.10991 1.0
VERTEX = 9
0.369948 11.7998 -1.27104
0.350695 12.2639 -1.4561
-0.148744 12.2409 -1.4618
-0.129491 11.7768 -1.27674
0.0330173 13.383 2.12656
0.031092 13.4294 2.10805
-0.0188518 13.4271 2.10748
-0.0169266 13.3807 2.12599
0.117503 11.9281 -1.59865
INDEX = 14
4 5 7
6 7 5
1 2 5
6 5 2
0 1 4
5 4 1
7 6 3
2 3 6
4 7 0
3 0 7
8 1 0
8 2 1
8 3 2
8 0 3
FACE-NORMAL = 14
-0.0276051 0.369256 0.928918
-0.0276051 0.369256 0.928918
-0.0400895 0.948638 -0.313812
-0.0400895 0.948638 -0.313812
0.995431 0.0680182 0.067019
0.995431 0.0680182 0.067019
-0.998737 -0.023787 0.044251
-0.998737 -0.023787 0.044251
0.0367828 -0.904407 0.425082
0.0367828 -0.904407 0.425082
0.725832 -0.228587 -0.64878
-0.00770757 0.395225 -0.918552
-0.686793 -0.29362 -0.664908
0.0467472 -0.917433 -0.395136
BONE = 11
BONE_NAME = OMG_EyeR_B02
PARENT_ID = 7
LOCALTM 
MAT 0.436892 0.899468 -0.00909814 0.0
MAT 8.39755e-005 0.0100738 0.999949 0.0
MAT 0.899514 -0.436871 0.00432556 0.0
MAT 3.59318 -1.85923 0.0578953 1.0
WORLDTM 
MAT -0.0276051 0.369256 0.928917 0.0
MAT 0.998877 0.0459852 0.0114045 0.0
MAT -0.0385053 0.928189 -0.370112 0.0
MAT 0.117503 11.9281 -1.59865 1.0
VERTEX = 9
0.325797 12.0324 2.0306
0.3722 11.6168 1.75658
-0.12334 11.5518 1.77126
-0.169743 11.9674 2.04527
-0.234942 13.8427 -1.22088
-0.230301 13.8011 -1.24828
-0.279855 13.7946 -1.24681
-0.284496 13.8362 -1.21941
0.125137 11.657 2.10991
INDEX = 14
4 5 7
6 7 5
1 2 5
6 5 2
0 1 4
5 4 1
7 6 3
2 3 6
4 7 0
3 0 7
8 1 0
8 2 1
8 3 2
8 0 3
FACE-NORMAL = 14
-0.0956339 0.540425 -0.83594
-0.0956339 0.540425 -0.83594
0.0869128 -0.79743 -0.597119
0.0869128 -0.79743 -0.597119
0.983574 0.162126 -0.0793579
0.983574 0.162126 -0.0793579
-0.995029 -0.0973915 -0.0207748
-0.995029 -0.0973915 -0.0207748
-0.0983683 0.862165 0.496987
-0.0983683 0.862165 0.496987
0.768423 -0.29022 0.570349
0.133248 -0.969949 0.203578
-0.633177 -0.474056 0.611848
0.00199883 0.205672 0.978619
BONE = 12
BONE_NAME = OMG_EyeL_B02
PARENT_ID = 7
LOCALTM 
MAT 0.4819 -0.873308 -0.071455 0.0
MAT 0.0811678 -0.0367067 0.996024 0.0
MAT -0.872458 -0.485784 0.0531954 0.0
MAT 3.59318 1.85923 0.0578902 1.0
WORLDTM 
MAT -0.0956339 0.540425 -0.83594 0.0
MAT 0.991081 0.129992 -0.0293443 0.0
MAT 0.0928071 -0.83129 -0.548037 0.0
MAT 0.125137 11.657 2.10991 1.0
VERTEX = 9
1.96421 9.17998 1.05128
1.86492 9.63893 1.22306
1.46906 9.4605 1.47097
1.56835 9.00155 1.29919
3.90779 8.6554 4.23107
3.89786 8.70129 4.24825
3.85827 8.68345 4.27304
3.8682 8.63756 4.25586
1.5722 9.36363 1.06173
INDEX = 14
4 5 7
6 7 5
1 2 5
6 5 2
0 1 4
5 4 1
7 6 3
2 3 6
4 7 0
3 0 7
8 1 0
8 2 1
8 3 2
8 0 3
FACE-NORMAL = 14
0.577706 -0.173551 0.797581
0.577706 -0.173551 0.797581
-0.163622 0.905852 0.390718
-0.163622 0.905852 0.390718
0.8249 0.345827 -0.44715
0.8249 0.345827 -0.44715
-0.7557 -0.366616 0.542688
-0.7557 -0.366616 0.542688
0.232822 -0.926641 -0.29518
0.232822 -0.926641 -0.29518
0.151331 0.375059 -0.914565
-0.548916 0.771768 -0.321037
-0.968331 -0.12962 -0.213385
-0.268084 -0.52633 -0.806913
BONE = 13
BONE_NAME = OMG_Mouth_B01
PARENT_ID = 7
LOCALTM 
MAT -0.141671 0.809296 0.570061 0.0
MAT 0.282466 -0.518878 0.806832 0.0
MAT 0.948758 0.275327 -0.155089 0.0
MAT 1.16455 0.984003 1.39501 1.0
WORLDTM 
MAT 0.577706 -0.173551 0.797581 0.0
MAT 0.791721 0.356862 -0.495809 0.0
MAT -0.198578 0.917894 0.343566 0.0
MAT 1.5722 9.36363 1.06173 1.0
VERTEX = 9
1.11886 8.96226 -0.916689
1.2576 9.44137 -0.881953
1.44272 9.35468 -0.425646
1.30398 8.87557 -0.460382
4.58909 8.28575 -2.20651
4.60296 8.33366 -2.20304
4.62147 8.32499 -2.1574
4.6076 8.27708 -2.16088
1.05916 9.21535 -0.570448
INDEX = 14
4 5 7
6 7 5
1 2 5
6 5 2
0 1 4
5 4 1
7 6 3
2 3 6
4 7 0
3 0 7
8 1 0
8 2 1
8 3 2
8 0 3
FACE-NORMAL = 14
0.88653 -0.227494 -0.402877
0.88653 -0.227494 -0.402877
0.330061 0.942876 0.0452176
0.330061 0.942876 0.0452176
-0.31648 0.159436 -0.935105
-0.31648 0.159436 -0.935105
0.422673 -0.186686 0.886846
0.422673 -0.186686 0.886846
-0.223868 -0.970126 -0.0934761
-0.223868 -0.970126 -0.0934761
-0.888672 0.283455 -0.360438
-0.430676 0.838428 0.334001
-0.365072 0.0382704 0.930193
-0.823067 -0.516702 0.235753
BONE = 14
BONE_NAME = OMG_Mouth_B04
PARENT_ID = 7
LOCALTM 
MAT -0.297341 -0.383399 0.87441 0.0
MAT 0.123434 -0.923583 -0.362986 0.0
MAT 0.946759 9.68575e-007 0.321944 0.0
MAT 0.921725 -0.634072 0.873398 1.0
WORLDTM 
MAT 0.88653 -0.227494 -0.402877 0.0
MAT -0.370241 0.173372 -0.912614 0.0
MAT 0.277462 0.958221 0.0694716 0.0
MAT 1.05916 9.21535 -0.570448 1.0
VERTEX = 9
2.23682 9.96143 -1.16401
2.47464 9.85632 -0.736936
2.29947 9.38834 -0.754571
2.06165 9.49345 -1.18165
5.29078 8.6443 -2.92534
5.31456 8.63379 -2.88263
5.29704 8.58699 -2.8844
5.27326 8.5975 -2.92711
2.06643 9.7455 -0.829587
INDEX = 14
4 5 7
6 7 5
1 2 5
6 5 2
0 1 4
5 4 1
7 6 3
2 3 6
4 7 0
3 0 7
8 1 0
8 2 1
8 3 2
8 0 3
FACE-NORMAL = 14
0.80687 -0.282464 -0.518821
0.80687 -0.282464 -0.518821
0.523104 -0.226759 0.821549
0.523104 -0.226759 0.821549
0.398031 0.917363 0.00413362
0.398031 0.917363 0.00413361
-0.30138 -0.951198 -0.0662804
-0.30138 -0.951198 -0.0662803
-0.426454 0.192924 -0.883695
-0.426454 0.192924 -0.883695
-0.32282 0.861556 0.391802
-0.23422 0.0510848 0.970841
-0.818267 -0.462092 0.341922
-0.906867 0.348379 -0.237117
BONE = 15
BONE_NAME = OMG_Mouth_B06
PARENT_ID = 7
LOCALTM 
MAT -0.356846 -0.49519 0.792117 0.0
MAT 0.918691 -0.0323367 0.393652 0.0
MAT -0.169318 0.868183 0.466465 0.0
MAT 1.38405 -0.929101 1.90395 1.0
WORLDTM 
MAT 0.80687 -0.282464 -0.518821 0.0
MAT 0.350334 0.93596 0.0352703 0.0
MAT 0.475633 -0.210219 0.854155 0.0
MAT 2.06643 9.7455 -0.829587 1.0
VERTEX = 9
1.26154 9.30128 1.0345
1.12281 8.82217 0.99976
1.30603 8.80282 0.534943
1.44476 9.28193 0.569679
4.61196 8.01424 2.16674
4.59808 7.96633 2.16327
4.61641 7.9644 2.11679
4.63028 8.01231 2.12026
1.06176 9.1229 0.694249
INDEX = 14
4 5 7
6 7 5
1 2 5
6 5 2
0 1 4
5 4 1
7 6 3
2 3 6
4 7 0
3 0 7
8 1 0
8 2 1
8 3 2
8 0 3
FACE-NORMAL = 14
0.888105 -0.283395 0.361879
0.888105 -0.283395 0.361879
-0.223773 -0.973475 -0.0476726
-0.223773 -0.973475 -0.0476726
-0.3126 0.0216674 0.949638
-0.3126 0.0216674 0.949638
0.418981 -0.0556138 -0.90629
0.418981 -0.0556137 -0.90629
0.330154 0.939528 0.0910202
0.330154 0.939528 0.0910202
-0.887103 0.227763 0.401462
-0.82418 -0.477174 -0.305011
-0.368867 0.173019 -0.913237
-0.43179 0.877956 -0.206764
BONE = 16
BONE_NAME = OMG_Mouth_B08
PARENT_ID = 7
LOCALTM 
MAT -0.297342 0.3834 0.87441 0.0
MAT 0.123433 0.923582 -0.362988 0.0
MAT -0.946759 -4.61936e-007 -0.321943 0.0
MAT 0.921725 0.634002 0.873396 1.0
WORLDTM 
MAT 0.888105 -0.283395 0.361879 0.0
MAT -0.366449 0.03871 0.929633 0.0
MAT -0.277462 -0.958221 -0.0694711 0.0
MAT 1.06176 9.1229 0.694249 1.0
VERTEX = 9
2.4781 9.73328 0.946346
2.24207 9.7751 1.38514
2.06683 9.30948 1.33525
2.30287 9.26766 0.89646
5.32642 8.21258 2.87982
5.30281 8.21676 2.9237
5.28529 8.1702 2.91871
5.30889 8.16602 2.87483
2.07024 9.61005 1.02357
INDEX = 14
4 5 7
6 7 5
1 2 5
6 5 2
0 1 4
5 4 1
7 6 3
2 3 6
4 7 0
3 0 7
8 1 0
8 2 1
8 3 2
8 0 3
FACE-NORMAL = 14
0.808903 -0.354664 0.468923
0.808903 -0.354664 0.468923
-0.422774 0.0622439 0.904095
-0.422774 0.0622439 0.904095
0.398285 0.908332 0.127678
0.398285 0.908332 0.127678
-0.301391 -0.950815 -0.0715084
-0.301391 -0.950815 -0.0715084
0.519668 -0.104727 -0.847925
0.519668 -0.104727 -0.847925
-0.324163 0.909276 -0.261029
-0.905784 0.309925 0.288968
-0.819799 -0.407704 -0.402129
-0.238178 0.191646 -0.952125
BONE = 17
BONE_NAME = OMG_Mouth_B10
PARENT_ID = 7
LOCALTM 
MAT -0.356846 0.495192 0.792115 0.0
MAT 0.918691 0.0323377 0.393652 0.0
MAT 0.169318 0.868182 -0.466468 0.0
MAT 1.38405 0.929003 1.90394 1.0
WORLDTM 
MAT 0.808903 -0.354664 0.468923 0.0
MAT 0.350467 0.931245 0.0997724 0.0
MAT -0.472069 0.0836358 0.877586 0.0
MAT 2.07024 9.61005 1.02357 1.0
VERTEX = 9
1.36965 9.32286 0.323207
1.23335 8.84306 0.288416
1.23233 8.87951 -0.210253
1.36863 9.35931 -0.175461
4.91582 8.10434 0.0012414
4.90219 8.05636 -0.00223776
4.90209 8.06 -0.0521046
4.91572 8.10798 -0.0486255
1.06046 9.16912 0.0619378
INDEX = 14
4 5 7
6 7 5
1 2 5
6 5 2
0 1 4
5 4 1
7 6 3
2 3 6
4 7 0
3 0 7
8 1 0
8 2 1
8 3 2
8 0 3
FACE-NORMAL = 14
0.962124 -0.271737 -0.0218423
0.962124 -0.271737 -0.0218423
-0.214493 -0.974159 -0.0707666
-0.214493 -0.974159 -0.0707666
0.0596717 -0.0890463 0.994238
0.0596717 -0.0890463 0.994238
0.0555759 0.0564963 -0.996855
0.0555759 0.0564963 -0.996855
0.329741 0.941609 0.0681502
0.329741 0.941609 0.0681502
-0.678873 0.140598 0.720669
-0.873086 -0.486397 -0.033758
-0.681775 0.243697 -0.689779
-0.487562 0.870691 0.0646477
BONE = 18
BONE_NAME = OMG_Mouth_B12
PARENT_ID = 7
LOCALTM 
MAT -0.317158 2.39722e-006 0.948373 0.0
MAT -6.25849e-007 1.0 -2.73599e-006 0.0
MAT -0.948373 -1.45286e-006 -0.317158 0.0
MAT 0.921726 1.90735e-006 0.873397 1.0
WORLDTM 
MAT 0.962124 -0.271737 -0.0218423 0.0
MAT 0.00205159 -0.0729022 0.997337 0.0
MAT -0.272606 -0.959606 -0.0695833 0.0
MAT 1.06046 9.16912 0.0619378 1.0
VERTEX = 9
2.39455 9.83078 -0.143111
2.39557 9.79433 0.355558
2.20395 9.33371 0.322283
2.20292 9.37016 -0.176386
5.77243 8.17424 -0.0455511
5.77253 8.1706 0.00431574
5.75337 8.12453 0.000988252
5.75327 8.12818 -0.0488786
2.06834 9.67777 0.0970439
INDEX = 14
4 5 7
6 7 5
1 2 5
6 5 2
0 1 4
5 4 1
7 6 3
2 3 6
4 7 0
3 0 7
8 1 0
8 2 1
8 3 2
8 0 3
FACE-NORMAL = 14
0.923641 -0.382096 -0.0298313
0.923641 -0.382096 -0.0298313
0.0573687 -0.095655 0.99376
0.0573687 -0.095655 0.99376
0.437884 0.896704 0.0646437
0.437884 0.896704 0.0646437
-0.327246 -0.942474 -0.068217
-0.327246 -0.942474 -0.068217
0.0532693 0.0498858 -0.997333
0.0532693 0.0498858 -0.997333
-0.382112 0.9216 0.0681518
-0.651661 0.218634 0.726318
-0.924114 -0.381234 -0.0259639
-0.654565 0.321732 -0.68413
BONE = 19
BONE_NAME = OMG_Mouth_B14
PARENT_ID = 7
LOCALTM 
MAT -0.425891 9.12696e-007 0.904775 0.0
MAT 0.904775 0.0 0.425891 0.0
MAT 1.41561e-007 1.0 -9.1223e-007 0.0
MAT 1.38405 3.75509e-006 1.90395 1.0
WORLDTM 
MAT 0.923641 -0.382096 -0.0298313 0.0
MAT 0.383253 0.921243 0.0665498 0.0
MAT 0.00205338 -0.0729013 0.997337 0.0
MAT 2.06834 9.67777 0.0970439 1.0
VERTEX = 9
4.29542 9.7476 -0.153106
4.28466 10.2461 -0.116641
4.28568 10.2097 0.382027
4.29645 9.71115 0.345563
8.04016 10.0366 0.0859131
8.03909 10.0865 0.0895595
8.03919 10.0829 0.139426
8.04027 10.033 0.13578
4.04061 9.97324 0.11458
INDEX = 14
4 5 7
6 7 5
1 2 5
6 5 2
0 1 4
5 4 1
7 6 3
2 3 6
4 7 0
3 0 7
8 1 0
8 2 1
8 3 2
8 0 3
FACE-NORMAL = 14
0.999766 0.0216275 -0.000477575
0.999766 0.0216275 -0.000477575
0.0383819 0.99661 0.0727693
0.0383819 0.99661 0.0727693
0.0578285 0.0740661 -0.995575
0.0578285 0.0740661 -0.995575
0.061928 -0.0714755 0.995518
0.061928 -0.0714755 0.995518
0.0813747 -0.994019 -0.0728265
0.0813746 -0.994019 -0.0728265
-0.708393 0.0362563 -0.704886
-0.722169 0.689767 0.0519061
-0.705489 -0.0668422 0.705561
-0.691714 -0.720352 -0.0512307
BONE = 20
BONE_NAME = OMG_Nose_B01
PARENT_ID = 19
LOCALTM 
MAT 0.915175 0.403056 0.0 0.0
MAT -1.71363e-007 3.12924e-007 -1.0 0.0
MAT -0.403056 0.915175 3.50177e-007 0.0
MAT 1.70825 1.02925 -4.76837e-007 1.0
WORLDTM 
MAT 0.999766 0.0216275 -0.000477575 0.0
MAT -0.00205342 0.0729017 -0.997337 0.0
MAT -0.021535 0.997104 0.0729288 0.0
MAT 4.04061 9.97324 0.11458 1.0
VERTEX = 9
1.85895 9.80313 -1.02476
1.9601 9.32428 -0.922457
1.56082 9.18315 -1.18826
1.45966 9.662 -1.29056
3.85057 9.31475 -4.18049
3.86069 9.26686 -4.17026
3.82076 9.25275 -4.19684
3.81064 9.30063 -4.20707
1.56816 9.5071 -0.901031
INDEX = 14
4 5 7
6 7 5
1 2 5
6 5 2
0 1 4
5 4 1
7 6 3
2 3 6
4 7 0
3 0 7
8 1 0
8 2 1
8 3 2
8 0 3
FACE-NORMAL = 14
0.566875 -0.055838 -0.821909
0.566875 -0.055838 -0.821909
0.235894 -0.959337 0.155002
0.235894 -0.959337 0.155002
0.831095 0.278406 0.481427
0.831095 0.278406 0.481427
-0.763192 -0.285094 -0.579879
-0.763192 -0.285094 -0.579879
-0.167991 0.952649 -0.253454
-0.167991 0.952649 -0.253454
0.163838 0.239069 0.957081
-0.25779 -0.637722 0.725848
-0.96552 -0.160102 0.205275
-0.543893 0.716688 0.436507
BONE = 21
BONE_NAME = OMG_Mouth_B16
PARENT_ID = 7
LOCALTM 
MAT -0.141984 -0.814485 0.562543 0.0
MAT 0.282738 0.511255 0.81159 0.0
MAT -0.948631 0.274285 0.157696 0.0
MAT 1.16455 -0.983998 1.39501 1.0
WORLDTM 
MAT 0.566875 -0.055838 -0.821909 0.0
MAT 0.798577 0.282257 0.531607 0.0
MAT 0.202306 -0.957712 0.204595 0.0
MAT 1.56816 9.5071 -0.901031 1.0
VERTEX = 9
0.462459 11.4105 2.22375
0.458219 11.9105 2.22082
0.0106299 11.908 2.44366
0.0148704 11.408 2.44659
1.93025 11.6682 5.6796
1.92982 11.7182 5.67931
1.88507 11.7179 5.7016
1.88549 11.6679 5.70189
0.125137 11.657 2.10991
INDEX = 14
4 5 7
6 7 5
1 2 5
6 5 2
0 1 4
5 4 1
7 6 3
2 3 6
4 7 0
3 0 7
8 1 0
8 2 1
8 3 2
8 0 3
FACE-NORMAL = 14
0.44563 0.00901851 0.895172
0.44563 0.00901851 0.895172
0.018224 0.998692 0.0477722
0.018224 0.998692 0.0477722
0.92026 0.00551529 -0.391269
0.92026 0.00551529 -0.391269
-0.86688 -0.00443502 0.498497
-0.86688 -0.00443502 0.498497
0.0351556 -0.997612 0.0594556
0.0351556 -0.997612 0.0594556
0.317878 -0.00285276 -0.948127
-0.321105 0.700692 -0.63712
-0.948094 -0.00990134 -0.317837
-0.309111 -0.713446 -0.628844
BONE = 22
BONE_NAME = Point08
PARENT_ID = 7
LOCALTM 
MAT 0.0534867 0.893046 0.446775 0.0
MAT -0.0692594 -0.44302 0.893832 0.0
MAT 0.996164 -0.0787515 0.0381561 0.0
MAT 3.59318 1.85923 0.0578902 1.0
WORLDTM 
MAT 0.44563 0.00901851 0.895172 0.0
MAT 0.895177 0.0049841 -0.445683 0.0
MAT -0.00848105 0.999947 -0.00585218 0.0
MAT 0.125137 11.657 2.10991 1.0
VERTEX = 9
0.448223 12.1987 -1.66833
0.456158 11.7058 -1.75166
0.00766028 11.7356 -1.97066
-0.000275269 12.2285 -1.88733
1.90654 12.577 -5.11709
1.90734 12.5277 -5.12542
1.86249 12.5307 -5.14732
1.86169 12.58 -5.13899
0.117503 11.9281 -1.59865
INDEX = 14
4 5 7
6 7 5
1 2 5
6 5 2
0 1 4
5 4 1
7 6 3
2 3 6
4 7 0
3 0 7
8 1 0
8 2 1
8 3 2
8 0 3
FACE-NORMAL = 14
0.441753 0.156457 -0.883389
0.441753 0.156457 -0.883389
0.0423002 -0.974744 -0.219282
0.0423002 -0.974744 -0.219282
0.921844 -0.0501305 0.384306
0.921844 -0.0501305 0.384306
-0.868928 0.0688716 -0.490123
-0.868928 0.0688716 -0.490122
0.010615 0.993485 0.113466
0.010615 0.993485 0.113466
0.321905 -0.152781 0.934363
-0.301144 -0.807757 0.506794
-0.946639 -0.0684825 0.314937
-0.323589 0.586494 0.742506
BONE = 23
BONE_NAME = Point07
PARENT_ID = 7
LOCALTM 
MAT 0.070864 -0.891535 0.447375 0.0
MAT -0.0692577 0.443023 0.893831 0.0
MAT -0.995079 -0.0943246 -0.0303514 0.0
MAT 3.59318 -1.85923 0.0578954 1.0
WORLDTM 
MAT 0.441753 0.156457 -0.883389 0.0
MAT 0.896996 -0.0596081 0.438001 0.0
MAT 0.0158711 -0.985884 -0.166673 0.0
MAT 0.117503 11.9281 -1.59865 1.0
VERTEX = 9
-2.44618 14.6197 0.229059
-2.89335 14.3967 0.210822
-2.88551 14.3404 0.707572
-2.43833 14.5633 0.725809
-4.32047 17.8239 0.848767
-4.36519 17.8016 0.846943
-4.3644 17.7959 0.896618
-4.31968 17.8182 0.898442
-2.55407 14.258 0.441357
INDEX = 14
4 5 7
6 7 5
1 2 5
6 5 2
0 1 4
5 4 1
7 6 3
2 3 6
4 7 0
3 0 7
8 1 0
8 2 1
8 3 2
8 0 3
FACE-NORMAL = 14
-0.447092 0.887964 0.107834
-0.447092 0.887964 0.107834
-0.919522 -0.391895 -0.0299496
-0.919522 -0.391895 -0.0299496
-0.0424426 0.165728 -0.985258
-0.0424426 0.165728 -0.985258
-0.0111121 -0.0593637 0.998175
-0.0111121 -0.0593637 0.998175
0.865968 0.498259 0.0428665
0.865968 0.498259 0.0428665
0.305045 -0.548161 -0.77876
-0.31626 -0.943169 -0.102041
0.327239 -0.707611 0.62626
0.948543 -0.312603 -0.0504594
BONE = 24
BONE_NAME = OMG_Horn_B
PARENT_ID = 7
LOCALTM 
MAT 0.913336 0.0418944 -0.405046 0.0
MAT 0.040613 -0.999106 -0.0117607 0.0
MAT -0.405176 -0.00570866 -0.914221 0.0
MAT 6.1877 -3.69549e-006 -2.49934 1.0
WORLDTM 
MAT -0.447092 0.887964 0.107834 0.0
MAT -0.0156934 0.112748 -0.9935 0.0
MAT -0.89435 -0.445877 -0.0364735 0.0
MAT -2.55407 14.258 0.441357 1.0
VERTEX = 9
5.13484 18.3017 0.453351
5.13484 18.3017 0.953351
5.13484 17.8017 0.953351
5.13484 17.8017 0.453351
8.88484 18.0767 0.678352
8.88484 18.0767 0.728352
8.88484 18.0267 0.728352
8.88484 18.0267 0.678352
4.88484 18.0517 0.703351
INDEX = 14
4 5 7
6 7 5
1 2 5
6 5 2
0 1 4
5 4 1
7 6 3
2 3 6
4 7 0
3 0 7
8 1 0
8 2 1
8 3 2
8 0 3
FACE-NORMAL = 14
1.0 2.09431e-007 1.72282e-007
1.0 2.09431e-007 1.72282e-007
0.0598921 0.0 0.998205
0.0598922 0.0 0.998205
0.0598921 0.998205 0.0
0.0598921 0.998205 0.0
0.0598926 -0.998205 0.0
0.0598925 -0.998205 0.0
0.0598925 0.0 -0.998205
0.0598924 0.0 -0.998205
-0.707107 0.707107 -1.37627e-007
-0.707107 -2.08676e-007 0.707107
-0.707107 -0.707107 0.0
-0.707107 0.0 -0.707107
BONE = 25
BONE_NAME = FxTop
PARENT_ID = 7
LOCALTM 
MAT -0.0466124 0.00205452 0.998911 0.0
MAT 0.996248 -0.0729014 0.046638 0.0
MAT 0.0729178 0.997337 0.00135138 0.0
MAT 9.63952 9.05991e-006 5.10875 1.0
WORLDTM 
MAT 1.0 2.09431e-007 1.72282e-007 0.0
MAT -2.39117e-007 1.0 0.0 0.0
MAT -1.51518e-007 0.0 1.0 0.0
MAT 4.88484 18.0517 0.703351 1.0
VERTEX = 9
-0.257815 7.3643 -0.617324
-0.756691 7.3627 -0.583863
-0.767185 7.84444 -0.717343
-0.268309 7.84604 -0.750804
-0.725627 6.57625 -4.26751
-0.775514 6.57609 -4.26417
-0.776564 6.62426 -4.27751
-0.726676 6.62442 -4.28086
-0.496594 7.67131 -0.426988
INDEX = 14
4 5 7
6 7 5
1 2 5
6 5 2
0 1 4
5 4 1
7 6 3
2 3 6
4 7 0
3 0 7
8 1 0
8 2 1
8 3 2
8 0 3
FACE-NORMAL = 14
-0.0636254 -0.267764 -0.961381
-0.0636254 -0.267764 -0.961381
-0.999773 -0.0192235 0.00922222
-0.999773 -0.0192235 0.00922221
0.0171398 -0.977787 0.2089
0.0171398 -0.977787 0.2089
-0.0247612 0.945713 -0.324059
-0.0247612 0.945713 -0.324059
0.992151 -0.0128505 -0.124381
0.992151 -0.0128505 -0.124381
0.0598308 -0.491945 0.868568
-0.660528 0.18708 0.72712
0.0301491 0.87062 0.491031
0.750508 0.191595 0.632479
BONE = 26
BONE_NAME = Bip01-R-Clavicle
PARENT_ID = 5
LOCALTM 
MAT -0.306672 -0.947897 -0.0862714 0.0
MAT -0.951815 0.305334 0.0286257 0.0
MAT -0.000792658 0.0908931 -0.99586 0.0
MAT 1.85367 -0.380717 -0.737184 1.0
WORLDTM 
MAT -0.0636254 -0.267764 -0.961381 0.0
MAT 0.0209882 -0.963479 0.266959 0.0
MAT -0.997753 -0.00319223 0.0669217 0.0
MAT -0.496594 7.67131 -0.426988 1.0
VERTEX = 9
-0.267486 7.08607 -1.37833
-0.761148 7.0262 -1.32624
-0.839526 7.34248 -1.70548
-0.345864 7.40236 -1.75757
-0.431452 4.33198 -3.93799
-0.480818 4.32599 -3.93278
-0.488656 4.35762 -3.9707
-0.43929 4.36361 -3.97591
-0.559736 7.40558 -1.38108
INDEX = 14
4 5 7
6 7 5
1 2 5
6 5 2
0 1 4
5 4 1
7 6 3
2 3 6
4 7 0
3 0 7
8 1 0
8 2 1
8 3 2
8 0 3
FACE-NORMAL = 14
0.0249205 -0.765194 -0.643318
0.0249205 -0.765194 -0.643318
-0.984058 -0.16536 0.0654679
-0.984058 -0.16536 0.0654679
0.157967 -0.677259 0.718586
0.157967 -0.67726 0.718586
-0.154982 0.585601 -0.795646
-0.154982 0.585601 -0.795646
0.987043 0.0737012 -0.142527
0.987043 0.0737012 -0.142527
0.0932216 0.093782 0.991219
-0.715764 0.456401 0.528564
-0.128465 0.988365 -0.0814303
0.680521 0.625746 0.381225
BONE = 27
BONE_NAME = Bip01-R-UpperArm
PARENT_ID = 26
LOCALTM 
MAT 0.821779 0.566032 -0.0654737 0.0
MAT -0.569782 0.815237 -0.103626 0.0
MAT -0.00527887 0.122463 0.992459 0.0
MAT 0.992413 -4.76837e-007 0.0 1.0
WORLDTM 
MAT 0.0249205 -0.765194 -0.643318 0.0
MAT 0.156756 -0.632566 0.758477 0.0
MAT -0.987323 -0.119745 0.104185 0.0
MAT -0.559736 7.40558 -1.38108 1.0
VERTEX = 9
-0.141085 6.31745 -2.04548
-0.51061 6.02517 -2.21288
-0.588988 6.34145 -2.59211
-0.219463 6.63373 -2.42472
2.1142 4.42298 -4.38821
2.07725 4.39375 -4.40495
2.06941 4.42538 -4.44288
2.10636 4.4546 -4.42614
-0.528826 6.45647 -2.17902
INDEX = 14
4 5 7
6 7 5
1 2 5
6 5 2
0 1 4
5 4 1
7 6 3
2 3 6
4 7 0
3 0 7
8 1 0
8 2 1
8 3 2
8 0 3
FACE-NORMAL = 14
0.655158 -0.508073 -0.559133
0.655158 -0.508073 -0.559133
-0.698485 -0.61395 -0.367674
-0.698485 -0.61395 -0.367674
0.195713 -0.66186 0.723628
0.195713 -0.66186 0.723628
-0.117235 0.601001 -0.790604
-0.117235 0.601001 -0.790604
0.776963 0.553091 0.300699
0.776963 0.553091 0.300699
-0.352424 -0.0880297 0.931691
-0.985854 -0.0540915 0.158636
-0.57411 0.806553 -0.140958
0.0593205 0.772615 0.632097
BONE = 28
BONE_NAME = Bip01-R-Forearm
PARENT_ID = 27
LOCALTM 
MAT 0.764801 1.19209e-007 -0.644267 0.0
MAT 0.0 1.0 0.0 0.0
MAT 0.644267 0.0 0.764801 0.0
MAT 1.24035 0.0 0.0 1.0
WORLDTM 
MAT 0.655158 -0.508073 -0.559133 0.0
MAT 0.156756 -0.632566 0.758477 0.0
MAT -0.73905 -0.58457 -0.334787 0.0
MAT -0.528826 6.45647 -2.17902 1.0
VERTEX = 9
0.445175 6.03415 -2.86028
0.355635 5.86757 -2.39743
-0.0241763 5.59201 -2.57008
0.0653642 5.75859 -3.03293
2.57855 2.96635 -3.30862
2.5696 2.94969 -3.26233
2.53162 2.92213 -3.2796
2.54057 2.93879 -3.32588
0.0541937 6.00434 -2.67658
INDEX = 14
4 5 7
6 7 5
1 2 5
6 5 2
0 1 4
5 4 1
7 6 3
2 3 6
4 7 0
3 0 7
8 1 0
8 2 1
8 3 2
8 0 3
FACE-NORMAL = 14
0.625223 -0.765024 -0.154381
0.625223 -0.765024 -0.154381
-0.141314 -0.378383 0.914799
-0.141314 -0.378383 0.914799
0.795705 0.504318 0.335436
0.795705 0.504318 0.335436
-0.720812 -0.595956 -0.353928
-0.720812 -0.595956 -0.353928
0.216206 0.286745 -0.933291
0.216206 0.286745 -0.933291
0.0950343 0.930659 0.353329
-0.568729 0.305373 0.763737
-0.979234 0.151249 -0.135002
-0.31547 0.776535 -0.54541
BONE = 29
BONE_NAME = Bip01-R-Hand
PARENT_ID = 28
LOCALTM 
MAT 0.884628 0.464841 0.0368238 0.0
MAT 0.0245904 0.032355 -0.999174 0.0
MAT -0.465649 0.884803 0.0171915 0.0
MAT 0.889891 -9.53674e-007 0.0 1.0
WORLDTM 
MAT 0.625223 -0.765024 -0.154381 0.0
MAT 0.759622 0.551127 0.345302 0.0
MAT -0.179081 -0.333162 0.925707 0.0
MAT 0.0541937 6.00434 -2.67658 1.0
VERTEX = 9
1.2287 5.97796 -2.30285
0.87196 5.63724 -2.22133
1.01486 5.3895 -2.63146
1.3716 5.73022 -2.71298
3.53147 3.69323 -0.394699
3.49579 3.65916 -0.386547
3.51008 3.63439 -0.42756
3.54576 3.66846 -0.435712
0.961847 5.81839 -2.60422
INDEX = 14
4 5 7
6 7 5
1 2 5
6 5 2
0 1 4
5 4 1
7 6 3
2 3 6
4 7 0
3 0 7
8 1 0
8 2 1
8 3 2
8 0 3
FACE-NORMAL = 14
0.639732 -0.538645 0.548274
0.639732 -0.538645 0.548274
-0.673893 -0.71247 0.195585
-0.673893 -0.71247 0.195585
-0.246963 0.462339 0.851617
-0.246963 0.462339 0.851617
0.323593 -0.526861 -0.785942
0.323593 -0.526861 -0.785942
0.750523 0.647949 -0.12991
0.750523 0.647949 -0.12991
-0.654444 0.731244 0.192318
-0.956872 -0.100966 -0.272401
-0.250274 0.030516 -0.967694
0.0521543 0.862726 -0.502975
BONE = 30
BONE_NAME = Bip01-R-Finger0
PARENT_ID = 29
LOCALTM 
MAT 0.727409 0.378413 0.572433 0.0
MAT -0.684376 0.339219 0.645415 0.0
MAT 0.0500527 -0.86124 0.505728 0.0
MAT 0.69857 0.611978 -0.0336099 1.0
WORLDTM 
MAT 0.639732 -0.538645 0.548274 0.0
MAT -0.285791 0.495489 0.820252 0.0
MAT -0.713489 -0.681433 0.16304 0.0
MAT 0.961847 5.81839 -2.60422 1.0
VERTEX = 9
1.36572 5.46761 -1.94682
0.898059 5.48865 -2.12248
1.04095 5.24091 -2.5326
1.50861 5.21986 -2.35695
0.437356 2.11211 -0.517639
0.39059 2.11422 -0.535205
0.404879 2.08944 -0.576217
0.451645 2.08734 -0.558652
1.25548 5.57115 -2.35257
INDEX = 14
4 5 7
6 7 5
1 2 5
6 5 2
0 1 4
5 4 1
7 6 3
2 3 6
4 7 0
3 0 7
8 1 0
8 2 1
8 3 2
8 0 3
FACE-NORMAL = 14
-0.208592 -0.867594 0.45141
-0.208592 -0.867594 0.45141
-0.946128 -0.00994924 -0.323639
-0.946128 -0.00994924 -0.323639
-0.297771 0.442638 0.845816
-0.297771 0.442638 0.845816
0.272785 -0.546562 -0.791744
0.272785 -0.546562 -0.791744
0.921142 -0.0939751 0.377711
0.921142 -0.0939751 0.377711
-0.0545883 0.963845 0.260811
-0.513871 0.643243 -0.567605
0.349581 0.263118 -0.899201
0.808864 0.58372 -0.0707846
BONE = 31
BONE_NAME = Bip01-R-Finger01
PARENT_ID = 30
LOCALTM 
MAT 0.581379 -1.49012e-007 0.813633 0.0
MAT 0.0 1.0 0.0 0.0
MAT -0.813633 0.0 0.581379 0.0
MAT 0.458999 7.15256e-007 -4.76837e-007 1.0
WORLDTM 
MAT -0.208591 -0.867594 0.45141 0.0
MAT -0.285791 0.495489 0.820252 0.0
MAT -0.935315 0.0420885 -0.351305 0.0
MAT 1.25548 5.57115 -2.35257 1.0
VERTEX = 9
0.891855 5.46352 -2.10946
1.35958 5.44278 -1.93396
1.50248 5.19503 -2.34409
1.03475 5.21578 -2.51959
1.94643 8.59629 -3.90874
1.9932 8.59421 -3.89119
2.00749 8.56944 -3.9322
1.96072 8.57151 -3.94975
1.14518 5.11237 -2.11386
INDEX = 14
4 5 7
6 7 5
1 2 5
6 5 2
0 1 4
5 4 1
7 6 3
2 3 6
4 7 0
3 0 7
8 1 0
8 2 1
8 3 2
8 0 3
FACE-NORMAL = 14
0.207946 0.867622 -0.451652
0.207946 0.867622 -0.451652
0.946233 0.0105491 0.323313
0.946233 0.0105491 0.323313
-0.272824 0.546564 0.791729
-0.272824 0.546564 0.791729
0.297732 -0.442636 -0.84583
0.297732 -0.442636 -0.84583
-0.921325 0.0933787 -0.377414
-0.921325 0.0933787 -0.377414
-0.349125 -0.263138 0.899372
0.514429 -0.642839 0.567556
0.055045 -0.963866 -0.26064
-0.808509 -0.584164 0.0711765
BONE = 32
BONE_NAME = Bip01-R-Finger0Nub
PARENT_ID = 31
LOCALTM 
MAT -1.0 -1.19209e-007 0.000690505 0.0
MAT -1.78814e-007 1.0 0.0 0.0
MAT -0.000690594 1.546e-007 -1.0 0.0
MAT 0.528798 2.38419e-007 1.49012e-007 1.0
WORLDTM 
MAT 0.207946 0.867622 -0.451652 0.0
MAT -0.285791 0.495489 0.820252 0.0
MAT 0.935458 -0.0414893 0.350994 0.0
MAT 1.14518 5.11237 -2.11386 1.0
VERTEX = 9
1.33645 5.31433 -2.80304
1.07349 5.36114 -2.38035
0.733518 5.03945 -2.55623
0.996469 4.99265 -2.97892
2.98126 2.34136 -1.18448
2.95497 2.34604 -1.14221
2.92097 2.31387 -1.1598
2.94727 2.30919 -1.20207
0.90724 5.36684 -2.78014
INDEX = 14
4 5 7
6 7 5
1 2 5
6 5 2
0 1 4
5 4 1
7 6 3
2 3 6
4 7 0
3 0 7
8 1 0
8 2 1
8 3 2
8 0 3
FACE-NORMAL = 14
0.510969 -0.759807 0.402
0.510969 -0.759807 0.402
-0.494356 0.0479298 0.867937
-0.494356 0.0479298 0.867937
0.709336 0.596713 0.375201
0.709336 0.596713 0.375201
-0.64813 -0.687726 -0.327048
-0.64813 -0.687726 -0.327048
0.555562 -0.138943 -0.819784
0.555562 -0.138943 -0.819784
0.11949 0.9922 -0.0355277
-0.733179 0.603453 0.313516
-0.842109 0.0823301 -0.532985
0.0105597 0.471076 -0.882029
BONE = 33
BONE_NAME = Bip01-R-Finger1
PARENT_ID = 29
LOCALTM 
MAT 0.83868 0.108205 0.533768 0.0
MAT -0.121379 0.992551 -0.0104922 0.0
MAT -0.530927 -0.0559887 0.845566 0.0
MAT 1.03703 0.260895 -0.0362349 1.0
WORLDTM 
MAT 0.510969 -0.759807 0.401999 0.0
MAT 0.679954 0.643375 0.351756 0.0
MAT -0.525903 0.0936045 0.845378 0.0
MAT 0.90724 5.36684 -2.78014 1.0
VERTEX = 9
1.28538 5.0077 -2.14346
1.10586 5.3629 -2.44613
0.765883 5.04121 -2.62201
0.945399 4.68601 -2.31934
-1.34594 6.09268 0.318802
-1.36389 6.1282 0.288535
-1.39788 6.09603 0.270948
-1.37993 6.06051 0.301214
1.18547 4.95313 -2.56124
INDEX = 14
4 5 7
6 7 5
1 2 5
6 5 2
0 1 4
5 4 1
7 6 3
2 3 6
4 7 0
3 0 7
8 1 0
8 2 1
8 3 2
8 0 3
FACE-NORMAL = 14
-0.639344 0.285308 0.71403
-0.639344 0.285308 0.71403
-0.396678 0.726212 -0.561482
-0.396678 0.726212 -0.561482
0.640441 0.659307 0.393889
0.640441 0.659307 0.393889
-0.717025 -0.625132 -0.308359
-0.717025 -0.625132 -0.308359
0.320094 -0.692037 0.647012
0.320094 -0.692037 0.647012
0.932884 0.253192 -0.256166
0.198212 0.300586 -0.932931
-0.0287154 -0.656678 -0.753624
0.705957 -0.704072 -0.0768598
BONE = 34
BONE_NAME = Bip01-R-Finger11
PARENT_ID = 33
LOCALTM 
MAT -0.256424 -1.19209e-007 0.966564 0.0
MAT 1.49012e-007 1.0 0.0 0.0
MAT -0.966564 0.0 -0.256424 0.0
MAT 0.544505 7.15256e-007 2.38419e-007 1.0
WORLDTM 
MAT -0.639344 0.285308 0.71403 0.0
MAT 0.679954 0.643375 0.351756 0.0
MAT -0.35903 0.7104 -0.605334 0.0
MAT 1.18547 4.95313 -2.56124 1.0
VERTEX = 9
1.03714 5.39366 -2.36956
1.21688 5.03836 -2.06714
0.876903 4.71667 -2.24302
0.697168 5.07197 -2.54544
3.36164 4.02095 -4.9918
3.37962 3.98542 -4.96156
3.34562 3.95325 -4.97914
3.32765 3.98878 -5.00939
0.79725 5.12637 -2.12768
INDEX = 14
4 5 7
6 7 5
1 2 5
6 5 2
0 1 4
5 4 1
7 6 3
2 3 6
4 7 0
3 0 7
8 1 0
8 2 1
8 3 2
8 0 3
FACE-NORMAL = 14
0.639096 -0.284817 -0.714448
0.639096 -0.284817 -0.714448
0.397104 -0.726379 0.560965
0.397104 -0.72638 0.560965
0.71701 0.625161 0.308334
0.71701 0.625161 0.308334
-0.640456 -0.659278 -0.393914
-0.640456 -0.659278 -0.393914
-0.32055 0.692263 -0.646545
-0.32055 0.692263 -0.646545
0.0288908 0.656331 0.75392
-0.197724 -0.301072 0.932878
-0.932709 -0.253539 0.256462
-0.706094 0.703864 0.0775041
BONE = 35
BONE_NAME = Bip01-R-Finger1Nub
PARENT_ID = 34
LOCALTM 
MAT -1.0 0.0 0.000690669 0.0
MAT 0.0 1.0 0.0 0.0
MAT -0.000690594 1.49012e-007 -1.0 0.0
MAT 0.607209 -4.76837e-007 0.0 1.0
WORLDTM 
MAT 0.639096 -0.284817 -0.714448 0.0
MAT 0.679954 0.643375 0.351756 0.0
MAT 0.359472 -0.710597 0.604841 0.0
MAT 0.79725 5.12637 -2.12768 1.0
VERTEX = 9
0.966333 4.87975 -3.00677
0.751618 5.0873 -2.60574
0.3275 4.84219 -2.70597
0.542214 4.63464 -3.107
1.84126 1.98881 -0.761616
1.81979 2.00957 -0.721514
1.77738 1.98506 -0.731536
