EXPORTER_V17
ANIMATION_EXPORT
BONEOBJECT_COUNT = 77
VERTEX = 9
0.25 0.25 -0.25
0.25 0.25 0.25
0.25 -0.25 0.25
0.25 -0.25 -0.25
4.0 0.025 -0.025
4.0 0.025 0.025
4.0 -0.025 0.025
4.0 -0.025 -0.025
0.0 0.0 0.0
INDEX = 14
4 5 7
6 7 5
1 2 5
6 5 2
0 1 4
5 4 1
7 6 3
2 3 6
4 7 0
3 0 7
8 1 0
8 2 1
8 3 2
8 0 3
FACE-NORMAL = 14
1.0 0.0 0.0
1.0 0.0 0.0
0.0598923 0.0 0.998205
0.0598923 0.0 0.998205
0.0598923 0.998205 0.0
0.0598923 0.998205 0.0
0.0598923 -0.998205 0.0
0.0598923 -0.998205 0.0
0.0598923 0.0 -0.998205
0.0598923 0.0 -0.998205
-0.707107 0.707107 0.0
-0.707107 0.0 0.707107
-0.707107 -0.707107 0.0
-0.707107 0.0 -0.707107
BONE = 0
BONE_NAME = Dummy_root
PARENT_ID = -1
LOCALTM 
MAT 1.0 0.0 0.0 0.0
MAT 0.0 1.0 0.0 0.0
MAT 0.0 0.0 1.0 0.0
MAT 0.0 0.0 0.0 1.0
WORLDTM 
MAT 1.0 0.0 0.0 0.0
MAT 0.0 1.0 0.0 0.0
MAT 0.0 0.0 1.0 0.0
MAT 0.0 0.0 0.0 1.0
VERTEX = 9
0.25 -0.0615444 -0.25
0.25 -0.0615445 0.25
0.25 -0.561545 0.25
0.25 -0.561544 -0.25
4.0 -0.286544 -0.025
4.0 -0.286544 0.025
4.0 -0.336544 0.025
4.0 -0.336544 -0.025
0.0 -0.311544 0.0
INDEX = 14
4 5 7
6 7 5
1 2 5
6 5 2
0 1 4
5 4 1
7 6 3
2 3 6
4 7 0
3 0 7
8 1 0
8 2 1
8 3 2
8 0 3
FACE-NORMAL = 14
1.0 0.0 0.0
1.0 0.0 0.0
0.0598923 0.0 0.998205
0.0598923 0.0 0.998205
0.0598923 0.998205 0.0
0.0598923 0.998205 0.0
0.0598923 -0.998205 0.0
0.0598923 -0.998205 0.0
0.0598923 0.0 -0.998205
0.0598923 0.0 -0.998205
-0.707107 0.707107 0.0
-0.707107 0.0 0.707107
-0.707107 -0.707107 0.0
-0.707107 0.0 -0.707107
BONE = 1
BONE_NAME = FxBottom
PARENT_ID = 0
LOCALTM 
MAT 1.0 0.0 0.0 0.0
MAT 0.0 1.0 0.0 0.0
MAT 0.0 0.0 1.0 0.0
MAT 0.0 -0.311544 0.0 1.0
WORLDTM 
MAT 1.0 0.0 0.0 0.0
MAT 0.0 1.0 0.0 0.0
MAT 0.0 0.0 1.0 0.0
MAT 0.0 -0.311544 0.0 1.0
VERTEX = 9
-0.140105 3.42137 -0.261551
-0.14851 3.44615 0.237764
-0.0300126 2.9611 0.263833
-0.021607 2.93631 -0.235482
3.55206 4.10505 -0.00801924
3.55122 4.10753 0.0419123
3.56307 4.05902 0.0445191
3.56391 4.05654 -0.00541236
-0.3279 3.13185 1.89538e-007
INDEX = 14
4 5 7
6 7 5
1 2 5
6 5 2
0 1 4
5 4 1
7 6 3
2 3 6
4 7 0
3 0 7
8 1 0
8 2 1
8 3 2
8 0 3
FACE-NORMAL = 14
0.971365 0.237547 0.00456244
0.971365 0.237547 0.00456244
0.0413963 0.0637017 0.99711
0.0413963 0.0637017 0.99711
-0.178392 0.982597 -0.0517708
-0.178392 0.982597 -0.0517708
0.294747 -0.954142 0.0523173
0.294747 -0.954142 0.0523173
0.0749583 -0.0352472 -0.996564
0.0749583 -0.0352472 -0.996564
-0.85444 0.518001 -0.040093
-0.698746 -0.132924 0.702911
-0.519278 -0.853943 0.0336407
-0.674972 -0.203018 -0.709364
BONE = 2
BONE_NAME = Bip01
PARENT_ID = 0
LOCALTM 
MAT 0.971365 0.237547 0.00456242 0.0
MAT -0.236995 0.970111 -0.0521377 0.0
MAT -0.0168112 0.0495635 0.99863 0.0
MAT -0.3279 3.13185 0.0 1.0
WORLDTM 
MAT 0.971365 0.237547 0.00456244 0.0
MAT -0.236995 0.970111 -0.0521376 0.0
MAT -0.0168112 0.0495634 0.99863 0.0
MAT -0.3279 3.13185 1.89538e-007 1.0
VERTEX = 9
-0.625863 3.35541 0.220764
-0.131596 3.42409 0.252108
-0.097075 3.4031 -0.246257
-0.591343 3.33442 -0.277601
-0.891448 7.08799 -0.18059
-0.842022 7.09486 -0.177456
-0.83857 7.09276 -0.227292
-0.887996 7.08589 -0.230427
-0.3279 3.13185 1.89538e-007
INDEX = 14
4 5 7
6 7 5
1 2 5
6 5 2
0 1 4
5 4 1
7 6 3
2 3 6
4 7 0
3 0 7
8 1 0
8 2 1
8 3 2
8 0 3
FACE-NORMAL = 14
-0.134277 0.989631 -0.0509854
-0.134277 0.989631 -0.0509854
0.978719 0.196383 0.0595216
0.978719 0.196383 0.0595216
-0.0769593 0.101179 0.991887
-0.0769593 0.101179 0.991887
0.0608749 0.0173633 -0.997994
0.060875 0.0173633 -0.997994
-0.994803 -0.0778403 -0.0656288
-0.994803 -0.0778403 -0.0656288
0.046129 -0.670088 0.740847
0.793949 -0.602648 0.080379
0.143768 -0.729462 -0.668742
-0.604052 -0.796902 -0.0082748
BONE = 3
BONE_NAME = Bip01-Pelvis
PARENT_ID = 2
LOCALTM 
MAT 0.104419 0.994534 0.000391345 0.0
MAT -0.0525436 0.00512375 0.998606 0.0
MAT 0.993144 -0.104294 0.0527913 0.0
MAT 0.0 0.0 0.0 1.0
WORLDTM 
MAT -0.134277 0.989631 -0.0509854 0.0
MAT -0.0690411 0.0419834 0.99673 0.0
MAT 0.988536 0.137358 0.0626877 0.0
MAT -0.3279 3.13185 1.89538e-007 1.0
VERTEX = 9
-0.0523091 4.17049 0.347489
0.400206 4.1385 0.137233
0.195933 4.21071 -0.313388
-0.256582 4.24269 -0.103132
0.503305 7.89152 0.442205
0.548556 7.88832 0.421179
0.528129 7.89554 0.376117
0.482877 7.89874 0.397143
0.0422182 3.94374 -0.00909008
INDEX = 14
4 5 7
6 7 5
1 2 5
6 5 2
0 1 4
5 4 1
7 6 3
2 3 6
4 7 0
3 0 7
8 1 0
8 2 1
8 3 2
8 0 3
FACE-NORMAL = 14
0.118375 0.987448 0.104563
0.118375 0.987448 0.104563
0.910494 -0.00471022 -0.413495
0.910494 -0.00471021 -0.413495
0.414902 -0.0850105 0.905886
0.414902 -0.0850105 0.905886
-0.400722 0.203292 -0.893361
-0.400722 0.203292 -0.893361
-0.896315 0.122991 0.42602
-0.896315 0.122991 0.42602
0.205182 -0.800345 0.563337
0.556249 -0.743462 -0.371284
-0.372589 -0.596118 -0.711211
-0.723656 -0.653001 0.22341
BONE = 4
BONE_NAME = Bip01-Spine
PARENT_ID = 3
LOCALTM 
MAT 0.955984 0.137504 0.259207 0.0
MAT -0.243721 0.864025 0.440523 0.0
MAT -0.163387 -0.484307 0.859507 0.0
MAT 0.754237 -0.000527993 0.476825 1.0
WORLDTM 
MAT 0.118375 0.987448 0.104563 0.0
MAT 0.408545 -0.14441 0.901242 0.0
MAT 0.905029 -0.0639656 -0.420512 0.0
MAT 0.0422182 3.94374 -0.00909008 1.0
VERTEX = 9
0.46833 6.23325 0.403697
0.701447 5.82844 0.225415
0.440591 5.86538 -0.199544
0.207473 6.27019 -0.0212608
3.13504 8.25128 -1.32256
3.15835 8.2108 -1.34039
3.13227 8.21449 -1.38289
3.10895 8.25497 -1.36506
0.275848 5.90374 0.199064
INDEX = 14
4 5 7
6 7 5
1 2 5
6 5 2
0 1 4
5 4 1
7 6 3
2 3 6
4 7 0
3 0 7
8 1 0
8 2 1
8 3 2
8 0 3
FACE-NORMAL = 14
0.714451 0.582285 -0.387948
0.714451 0.582285 -0.387948
0.508188 -0.773293 -0.37916
0.508188 -0.773293 -0.37916
0.563567 -0.0388669 0.825156
0.563567 -0.0388668 0.825156
-0.477986 0.108616 -0.871626
-0.477986 0.108616 -0.871626
-0.422608 0.843042 0.33269
-0.422608 0.843042 0.33269
-0.136286 -0.463975 0.875302
-0.175515 -0.984227 0.0221905
-0.8741 -0.359501 -0.326661
-0.834871 0.160751 0.52645
BONE = 5
BONE_NAME = Bip01-Spine1
PARENT_ID = 4
LOCALTM 
MAT 0.618985 -0.141837 0.77249 0.0
MAT 0.0776806 0.989792 0.119491 0.0
MAT -0.781552 -0.0139557 0.623684 0.0
MAT 1.98483 0.0 -0.00146261 1.0
WORLDTM 
MAT 0.714451 0.582285 -0.387948 0.0
MAT 0.521713 -0.0738739 0.849917 0.0
MAT 0.466235 -0.809621 -0.356565 0.0
MAT 0.275848 5.90374 0.199064 1.0
VERTEX = 9
1.78045 7.30318 -0.308736
2.01356 6.89837 -0.487019
1.75271 6.93531 -0.911977
1.51959 7.34012 -0.733695
4.44716 9.32121 -2.035
4.47047 9.28073 -2.05283
4.44438 9.28442 -2.09532
4.42107 9.32491 -2.07749
1.58797 6.97368 -0.51337
INDEX = 14
4 5 7
6 7 5
1 2 5
6 5 2
0 1 4
5 4 1
7 6 3
2 3 6
4 7 0
3 0 7
8 1 0
8 2 1
8 3 2
8 0 3
FACE-NORMAL = 14
0.714451 0.582285 -0.387948
0.714451 0.582285 -0.387948
0.508188 -0.773293 -0.37916
0.508188 -0.773293 -0.37916
0.563567 -0.0388668 0.825156
0.563567 -0.0388668 0.825156
-0.477986 0.108616 -0.871626
-0.477986 0.108616 -0.871626
-0.422608 0.843042 0.33269
-0.422608 0.843042 0.33269
-0.136286 -0.463975 0.875302
-0.175515 -0.984227 0.0221905
-0.8741 -0.359501 -0.326662
-0.834871 0.16075 0.52645
BONE = 6
BONE_NAME = Bip01-Neck
PARENT_ID = 5
LOCALTM 
MAT 1.0 0.0 0.0 0.0
MAT 0.0 1.0 0.0 0.0
MAT 0.0 0.0 1.0 0.0
MAT 1.83684 0.0 -0.000455856 1.0
WORLDTM 
MAT 0.714451 0.582285 -0.387948 0.0
MAT 0.521713 -0.0738739 0.849917 0.0
MAT 0.466235 -0.809621 -0.356565 0.0
MAT 1.58797 6.97368 -0.51337 1.0
VERTEX = 9
2.16709 7.59134 -0.456631
2.35996 7.14308 -0.565543
2.28153 7.22754 -1.05208
2.08867 7.6758 -0.943165
8.90874 10.4411 -1.27988
8.92802 10.3962 -1.29078
8.92018 10.4047 -1.33943
8.90089 10.4495 -1.32854
1.99702 7.30706 -0.735487
INDEX = 14
4 5 7
6 7 5
1 2 5
6 5 2
0 1 4
5 4 1
7 6 3
2 3 6
4 7 0
3 0 7
8 1 0
8 2 1
8 3 2
8 0 3
FACE-NORMAL = 14
0.909176 0.409518 -0.0754644
0.909176 0.409518 -0.0754644
0.413346 -0.883591 -0.220028
0.413346 -0.883591 -0.220028
0.184571 -0.156335 0.970306
0.184571 -0.156335 0.970306
-0.128998 0.181367 -0.974918
-0.128998 0.181367 -0.974918
-0.357773 0.908623 0.215415
-0.357773 0.908623 0.215415
-0.531969 -0.409024 0.741423
-0.370125 -0.923512 -0.100663
-0.7538 -0.170121 -0.6347
-0.915643 0.344367 0.207385
BONE = 7
BONE_NAME = Bip01-Head
PARENT_ID = 6
LOCALTM 
MAT 0.917294 0.379938 0.119243 0.0
MAT -0.363797 0.92134 -0.13706 0.0
MAT -0.161938 0.0823441 0.98336 0.0
MAT 0.572545 0.0 0.0 1.0
WORLDTM 
MAT 0.909176 0.409518 -0.0754644 0.0
MAT 0.156858 -0.16893 0.973067 0.0
MAT 0.38574 -0.896526 -0.217823 0.0
MAT 1.99702 7.30706 -0.735487 1.0
VERTEX = 9
9.08453 10.7071 -1.0308
9.2774 10.2589 -1.13971
9.19897 10.3433 -1.62625
9.0061 10.7916 -1.51733
12.5454 12.0791 -1.58174
12.5647 12.0343 -1.59263
12.5569 12.0427 -1.64129
12.5376 12.0876 -1.6304
8.91446 10.4229 -1.30966
INDEX = 14
4 5 7
6 7 5
1 2 5
6 5 2
0 1 4
5 4 1
7 6 3
2 3 6
4 7 0
3 0 7
8 1 0
8 2 1
8 3 2
8 0 3
FACE-NORMAL = 14
0.909176 0.409518 -0.0754644
0.909176 0.409518 -0.0754644
0.4395 -0.870389 -0.221952
0.4395 -0.870389 -0.221952
0.211029 -0.144099 0.9668
0.211029 -0.144099 0.9668
-0.102124 0.193153 -0.975839
-0.102124 0.193153 -0.975839
-0.330595 0.919443 0.212912
-0.330595 0.919443 0.212912
-0.531969 -0.409024 0.741423
-0.370125 -0.923512 -0.100663
-0.7538 -0.170121 -0.634701
-0.915643 0.344367 0.207385
BONE = 8
BONE_NAME = Bip01-HeadNub
PARENT_ID = 7
LOCALTM 
MAT 1.0 0.0 0.0 0.0
MAT 0.0 1.0 0.0 0.0
MAT 0.0 0.0 1.0 0.0
MAT 7.60847 -1.19209e-007 4.76837e-007 1.0
WORLDTM 
MAT 0.909176 0.409518 -0.0754644 0.0
MAT 0.156858 -0.16893 0.973067 0.0
MAT 0.38574 -0.896526 -0.217823 0.0
MAT 8.91446 10.4229 -1.30966 1.0
VERTEX = 9
5.25278 8.72473 -2.97325
4.75415 8.70015 -2.9456
4.72064 9.15858 -3.14239
5.21927 9.18315 -3.17004
4.89576 7.43419 -6.49046
4.8459 7.43174 -6.4877
4.84255 7.47758 -6.50738
4.89241 7.48003 -6.51014
4.99455 9.0407 -2.82841
INDEX = 14
4 5 7
6 7 5
1 2 5
6 5 2
0 1 4
5 4 1
7 6 3
2 3 6
4 7 0
3 0 7
8 1 0
8 2 1
8 3 2
8 0 3
FACE-NORMAL = 14
-0.0313487 -0.396204 -0.917627
-0.0313487 -0.396204 -0.917627
-0.997347 -0.0727893 0.000231799
-0.997347 -0.0727893 0.000231773
0.0650078 -0.93893 0.337913
0.0650078 -0.93893 0.337913
-0.0687629 0.89147 -0.44783
-0.0687629 0.89147 -0.44783
0.993592 0.0253301 -0.110149
0.993592 0.0253301 -0.110149
0.069547 -0.368149 0.927162
-0.683002 0.245406 0.687956
-0.0252133 0.928467 0.370559
0.727336 0.314912 0.609765
BONE = 9
BONE_NAME = OMG_EyeR_B04
PARENT_ID = 7
LOCALTM 
MAT -0.121506 -0.830899 0.542995 0.0
MAT -0.344246 0.54837 0.762092 0.0
MAT -0.930984 -0.094325 -0.352664 0.0
MAT 3.59318 -1.85923 0.0578961 1.0
WORLDTM 
MAT -0.0313487 -0.396204 -0.917628 0.0
MAT 0.0670056 -0.916846 0.393578 0.0
MAT -0.99726 -0.0491479 0.0552898 0.0
MAT 4.99455 9.0407 -2.82841 1.0
VERTEX = 9
5.36697 8.04017 0.856066
5.85081 8.08068 0.736636
5.90332 8.44647 1.07345
5.41949 8.40596 1.19288
6.46827 5.68452 3.57669
6.51665 5.68857 3.56475
6.5219 5.72515 3.59843
6.47352 5.72109 3.61037
5.57782 8.41255 0.789903
INDEX = 14
4 5 7
6 7 5
1 2 5
6 5 2
0 1 4
5 4 1
7 6 3
2 3 6
4 7 0
3 0 7
8 1 0
8 2 1
8 3 2
8 0 3
FACE-NORMAL = 14
0.229317 -0.67693 0.699414
0.229317 -0.67693 0.699414
0.979666 0.0403271 -0.196541
0.979666 0.0403271 -0.196541
-0.0911049 -0.770805 -0.630524
-0.0911049 -0.770805 -0.630524
0.118574 0.689719 0.714302
0.118574 0.689719 0.714302
-0.952197 -0.121413 0.28032
-0.952197 -0.121413 0.28032
-0.236418 -0.0386403 -0.970883
0.522093 0.535948 -0.663459
-0.0878861 0.995964 -0.0182374
-0.846397 0.421375 -0.325661
BONE = 10
BONE_NAME = OMG_EyeL_B01
PARENT_ID = 7
LOCALTM 
MAT -0.121506 0.8309 0.542993 0.0
MAT -0.344247 -0.548369 0.762093 0.0
MAT 0.930983 -0.0943256 0.352665 0.0
MAT 3.59318 1.85923 0.0578904 1.0
WORLDTM 
MAT 0.229317 -0.67693 0.699414 0.0
MAT -0.105028 -0.731575 -0.673622 0.0
MAT 0.967669 0.0810154 -0.23886 0.0
MAT 5.57782 8.41255 0.789903 1.0
VERTEX = 9
5.18064 8.70257 -2.63211
5.19436 8.79459 -3.12338
5.2975 9.27494 -3.03052
5.28379 9.18292 -2.53925
8.90112 8.18093 -2.85495
8.90249 8.19013 -2.90408
8.91281 8.23817 -2.89479
8.91144 8.22897 -2.84566
4.99455 9.0407 -2.82841
INDEX = 14
4 5 7
6 7 5
1 2 5
6 5 2
0 1 4
5 4 1
7 6 3
2 3 6
4 7 0
3 0 7
8 1 0
8 2 1
8 3 2
8 0 3
FACE-NORMAL = 14
0.978105 -0.207788 -0.0116148
0.978105 -0.207788 -0.0116148
0.0859606 0.171259 -0.981469
0.0859606 0.171259 -0.981469
-0.147346 -0.971426 -0.186067
-0.147346 -0.971426 -0.186067
0.264508 0.946536 0.184675
0.264508 0.946536 0.184675
0.0312013 -0.196149 0.980078
0.0312013 -0.196149 0.980078
-0.837499 -0.532393 -0.1231
-0.672229 0.27706 -0.686546
-0.54575 0.82625 0.139526
-0.71102 0.0167968 0.702972
BONE = 11
BONE_NAME = OMG_EyeR_B02
PARENT_ID = 7
LOCALTM 
MAT 0.805053 0.177223 0.566111 0.0
MAT -0.566972 -0.0507704 0.822171 0.0
MAT 0.174449 -0.98286 0.0596079 0.0
MAT 3.59318 -1.85923 0.0578961 1.0
WORLDTM 
MAT 0.978105 -0.207788 -0.0116148 0.0
MAT -0.206297 -0.960706 -0.185704 0.0
MAT 0.0274289 0.184034 -0.982537 0.0
MAT 4.99455 9.0407 -2.82841 1.0
VERTEX = 9
5.84789 8.09509 0.907294
5.67182 8.16813 0.445054
5.76612 8.65741 0.486453
5.94219 8.58437 0.948693
9.24892 7.80363 -0.677568
9.23131 7.81093 -0.723792
9.24074 7.85986 -0.719652
9.25835 7.85255 -0.673428
5.57782 8.41255 0.789906
INDEX = 14
4 5 7
6 7 5
1 2 5
6 5 2
0 1 4
5 4 1
7 6 3
2 3 6
4 7 0
3 0 7
8 1 0
8 2 1
8 3 2
8 0 3
FACE-NORMAL = 14
0.916753 -0.145202 -0.372129
0.916753 -0.145202 -0.372129
-0.296588 0.137131 -0.945109
-0.296588 0.137131 -0.945109
-0.133356 -0.985497 -0.104938
-0.133355 -0.985497 -0.104938
0.243168 0.968104 0.0603623
0.243168 0.968104 0.0603623
0.406401 -0.154524 0.900533
0.406401 -0.154524 0.900533
-0.781603 -0.589271 0.204588
-0.897234 0.205974 -0.390572
-0.514882 0.794618 0.321682
-0.399251 -0.000627503 0.916841
BONE = 12
BONE_NAME = OMG_EyeL_B02
PARENT_ID = 7
LOCALTM 
MAT 0.802109 -0.193777 0.564863 0.0
MAT -0.565959 0.0551553 0.822586 0.0
MAT -0.190554 -0.979494 -0.0654293 0.0
MAT 3.59318 1.85923 0.0578899 1.0
WORLDTM 
MAT 0.916753 -0.145202 -0.372129 0.0
MAT -0.1886 -0.978557 -0.0827985 0.0
MAT -0.352127 0.14609 -0.924481 0.0
MAT 5.57782 8.41255 0.789906 1.0
VERTEX = 9
3.70484 5.94754 -0.0717501
4.12971 6.20912 -0.039166
3.88209 6.58396 0.18034
3.45723 6.32238 0.147756
4.46268 4.71399 3.40212
4.50517 4.74014 3.40538
4.48041 4.77763 3.42733
4.43792 4.75147 3.42407
3.74826 6.36708 -0.169734
INDEX = 14
4 5 7
6 7 5
1 2 5
6 5 2
0 1 4
5 4 1
7 6 3
2 3 6
4 7 0
3 0 7
8 1 0
8 2 1
8 3 2
8 0 3
FACE-NORMAL = 14
0.180821 -0.405318 0.896115
0.180821 -0.405318 0.896115
0.85904 0.49795 0.118722
0.85904 0.49795 0.118722
0.505171 -0.772607 -0.384554
0.505171 -0.772607 -0.384554
-0.483511 0.724056 0.491895
-0.483511 0.724056 0.491895
-0.837381 -0.546501 -0.0113809
-0.837381 -0.546501 -0.0113809
0.222321 -0.243499 -0.944077
0.472995 0.656536 -0.587568
-0.47804 0.816705 -0.32322
-0.728714 -0.0833307 -0.67973
BONE = 13
BONE_NAME = OMG_Mouth_B01
PARENT_ID = 7
LOCALTM 
MAT -0.0692114 0.968812 0.237933 0.0
MAT 0.176375 -0.222865 0.958761 0.0
MAT 0.981887 0.108323 -0.155449 0.0
MAT 1.16455 0.984003 1.39501 1.0
WORLDTM 
MAT 0.180821 -0.405318 0.896115 0.0
MAT 0.49523 -0.749677 -0.439012 0.0
MAT 0.849736 0.523165 0.0651683 0.0
MAT 3.74826 6.36708 -0.169734 1.0
VERTEX = 9
2.76198 6.94958 -1.90827
3.25321 6.91259 -1.99388
3.3063 6.64616 -1.57412
2.81508 6.68315 -1.48851
2.43191 3.65189 -3.69155
2.48104 3.64819 -3.70011
2.48635 3.62155 -3.65813
2.43722 3.62525 -3.64957
3.07248 7.00861 -1.61229
INDEX = 14
4 5 7
6 7 5
1 2 5
6 5 2
0 1 4
5 4 1
7 6 3
2 3 6
4 7 0
3 0 7
8 1 0
8 2 1
8 3 2
8 0 3
FACE-NORMAL = 14
-0.153337 -0.842974 -0.515638
-0.153337 -0.842974 -0.515638
0.971505 -0.124333 -0.201789
0.971505 -0.124333 -0.201789
-0.115176 0.481399 -0.868902
-0.115176 0.481399 -0.868902
0.0968082 -0.582374 0.807136
0.0968082 -0.582374 0.807136
-0.989873 0.023358 0.140024
-0.989873 0.023358 0.140024
0.0333431 0.97285 -0.229023
0.803124 0.543762 0.243545
0.183508 0.219296 0.958245
-0.586273 0.648383 0.485678
BONE = 14
BONE_NAME = OMG_Mouth_B04
PARENT_ID = 7
LOCALTM 
MAT -0.44571 -0.383399 0.808917 0.0
MAT 0.185024 -0.923583 -0.335798 0.0
MAT 0.875847 4.49829e-007 0.482589 0.0
MAT 0.921727 -0.634072 0.873398 1.0
WORLDTM 
MAT -0.153337 -0.842974 -0.515638 0.0
MAT -0.106183 0.532843 -0.839526 0.0
MAT 0.982452 -0.0739784 -0.171214 0.0
MAT 3.07248 7.00861 -1.61229 1.0
VERTEX = 9
4.04898 6.29816 -2.53932
4.10759 5.98029 -2.15784
3.61179 5.96397 -2.09527
3.55318 6.28184 -2.47674
3.64722 3.25573 -4.71784
3.65309 3.22394 -4.6797
3.60351 3.22231 -4.67344
3.59764 3.2541 -4.71159
3.84405 6.32387 -2.15873
INDEX = 14
4 5 7
6 7 5
1 2 5
6 5 2
0 1 4
5 4 1
7 6 3
2 3 6
4 7 0
3 0 7
8 1 0
8 2 1
8 3 2
8 0 3
FACE-NORMAL = 14
-0.0546721 -0.771212 -0.634226
-0.0546721 -0.771212 -0.634226
0.113721 -0.68079 0.723597
0.113721 -0.68079 0.723597
0.986547 -0.0136256 -0.162908
0.986547 -0.0136257 -0.162908
-0.993096 -0.0787537 0.0869378
-0.993096 -0.0787536 0.0869378
-0.120269 0.588411 -0.799567
-0.120269 0.588411 -0.799567
0.739827 0.568397 0.359973
0.121536 0.0957918 0.987954
-0.662509 0.522261 0.536959
-0.0442178 0.994867 -0.0910226
BONE = 15
BONE_NAME = OMG_Mouth_B06
PARENT_ID = 7
LOCALTM 
MAT -0.31767 -0.495439 0.808471 0.0
MAT 0.924344 0.0282527 0.380513 0.0
MAT -0.211363 0.868183 0.448981 0.0
MAT 1.38405 -0.929101 1.90395 1.0
WORLDTM 
MAT -0.0546721 -0.771212 -0.634226 0.0
MAT 0.991601 0.0326225 -0.125148 0.0
MAT 0.117205 -0.635742 0.762952 0.0
MAT 3.84405 6.32387 -2.15873 1.0
VERTEX = 9
3.55462 6.58798 -0.124068
3.06339 6.62497 -0.0384617
2.97161 6.51457 -0.517407
3.46284 6.47758 -0.603013
3.1683 2.90804 0.563336
3.11918 2.91174 0.571896
3.11 2.9007 0.524002
3.15912 2.897 0.515441
3.27138 6.7944 -0.378365
INDEX = 14
4 5 7
6 7 5
1 2 5
6 5 2
0 1 4
5 4 1
7 6 3
2 3 6
4 7 0
3 0 7
8 1 0
8 2 1
8 3 2
8 0 3
FACE-NORMAL = 14
-0.0330582 -0.972509 0.230508
-0.0330582 -0.972509 0.230508
-0.982669 0.0155993 0.184712
-0.982669 0.0155993 0.184712
0.18125 0.162161 0.969975
0.18125 0.162161 0.969975
-0.185209 -0.278653 -0.942364
-0.185209 -0.278653 -0.942364
0.978709 -0.132091 -0.157101
0.978709 -0.132091 -0.157101
0.153172 0.843799 0.514336
-0.671323 0.739978 -0.0419277
-0.10642 0.531536 -0.840324
0.718075 0.635357 -0.28406
BONE = 16
BONE_NAME = OMG_Mouth_B08
PARENT_ID = 7
LOCALTM 
MAT -0.44571 0.3834 0.808917 0.0
MAT 0.185024 0.923582 -0.3358 0.0
MAT -0.875847 -4.45172e-007 -0.482588 0.0
MAT 0.921725 0.634001 0.873396 1.0
WORLDTM 
MAT -0.0330582 -0.972509 0.230508 0.0
MAT 0.183559 0.220803 0.95789 0.0
MAT -0.982452 0.0739779 0.171214 0.0
MAT 3.27138 6.7944 -0.378365 1.0
VERTEX = 9
4.39578 5.72385 -0.545327
4.45198 5.89437 -0.078676
3.96295 5.83046 0.00357616
3.90675 5.65993 -0.463075
4.85879 2.2794 0.898671
4.86441 2.29645 0.945336
4.81551 2.29006 0.953561
4.80989 2.27301 0.906896
4.13551 6.00998 -0.350675
INDEX = 14
4 5 7
6 7 5
1 2 5
6 5 2
0 1 4
5 4 1
7 6 3
2 3 6
4 7 0
3 0 7
8 1 0
8 2 1
8 3 2
8 0 3
FACE-NORMAL = 14
0.17541 -0.931313 0.319198
0.17541 -0.931313 0.319198
0.122705 0.284659 0.950743
0.122705 0.284659 0.950743
0.986808 0.0718244 -0.145092
0.986808 0.0718244 -0.145092
-0.965796 -0.183381 0.183327
-0.965796 -0.183381 0.183327
-0.101693 -0.396216 -0.912508
-0.101693 -0.396216 -0.912508
0.567558 0.748929 -0.342029
-0.0445544 0.899696 0.434237
-0.815625 0.568147 -0.109385
-0.203513 0.417379 -0.885651
BONE = 17
BONE_NAME = OMG_Mouth_B10
PARENT_ID = 7
LOCALTM 
MAT -0.245998 0.495441 0.83308 0.0
MAT 0.95399 -0.0282521 0.298503 0.0
MAT 0.171427 0.868182 -0.465696 0.0
MAT 1.38405 0.929002 1.90394 1.0
WORLDTM 
MAT 0.17541 -0.931313 0.319198 0.0
MAT 0.978058 0.127832 -0.164504 0.0
MAT 0.112401 0.341049 0.933302 0.0
MAT 4.13551 6.00998 -0.350675 1.0
VERTEX = 9
3.42478 6.58953 -0.833286
2.93495 6.63864 -0.745801
2.85652 6.72311 -1.23233
3.34636 6.674 -1.31982
2.69985 2.97193 -1.57568
2.65086 2.97684 -1.56693
2.64302 2.98529 -1.61559
2.692 2.98038 -1.62434
3.17194 6.9015 -0.995289
INDEX = 14
4 5 7
6 7 5
1 2 5
6 5 2
0 1 4
5 4 1
7 6 3
2 3 6
4 7 0
3 0 7
8 1 0
8 2 1
8 3 2
8 0 3
FACE-NORMAL = 14
-0.125126 -0.980723 -0.150087
-0.125126 -0.980723 -0.150087
-0.985398 0.0392996 0.165667
-0.985398 0.0392996 0.165667
0.149081 -0.227362 0.962331
0.149081 -0.227362 0.962331
-0.164069 0.109887 -0.980309
-0.164069 0.109887 -0.980309
0.97041 -0.156775 -0.183645
0.97041 -0.156775 -0.183645
0.199392 0.574026 0.79419
-0.604249 0.762923 0.22985
-0.0224372 0.812926 -0.581935
0.781204 0.624028 -0.0175954
BONE = 18
BONE_NAME = OMG_Mouth_B12
PARENT_ID = 7
LOCALTM 
MAT -0.504058 1.86265e-006 0.863669 0.0
MAT -2.83122e-007 1.0 -2.32458e-006 0.0
MAT -0.86367 -1.42306e-006 -0.504058 0.0
MAT 0.921726 1.78814e-006 0.873397 1.0
WORLDTM 
MAT -0.125126 -0.980723 -0.150087 0.0
MAT 0.156857 -0.168928 0.973067 0.0
MAT -0.979663 0.0982137 0.17497 0.0
MAT 3.17194 6.9015 -0.995289 1.0
VERTEX = 9
4.14996 5.92859 -1.57877
4.22839 5.84413 -1.09223
3.74235 5.91799 -1.00106
3.66392 6.00246 -1.48759
3.31197 2.26947 -1.8477
3.31981 2.26102 -1.79904
3.27121 2.26841 -1.78993
3.26337 2.27685 -1.83858
3.98979 6.16692 -1.25465
INDEX = 14
4 5 7
6 7 5
1 2 5
6 5 2
0 1 4
5 4 1
7 6 3
2 3 6
4 7 0
3 0 7
8 1 0
8 2 1
8 3 2
8 0 3
FACE-NORMAL = 14
-0.17455 -0.974495 -0.141039
-0.17455 -0.974495 -0.141039
0.146122 -0.22699 0.962873
0.146122 -0.22699 0.962873
0.959875 -0.205825 -0.190464
0.959875 -0.205825 -0.190464
-0.980783 0.0890953 0.173569
-0.980783 0.0890953 0.173569
-0.167031 0.110261 -0.979767
-0.167031 0.110261 -0.979767
0.810785 0.584614 -0.0292066
0.234341 0.569621 0.787792
-0.563935 0.79353 0.228667
0.01251 0.808523 -0.588332
BONE = 19
BONE_NAME = OMG_Mouth_B14
PARENT_ID = 7
LOCALTM 
MAT -0.547126 8.19564e-007 0.83705 0.0
MAT 0.83705 2.04891e-007 0.547125 0.0
MAT 3.7998e-007 1.0 -7.59959e-007 0.0
MAT 1.38405 3.57628e-006 1.90395 1.0
WORLDTM 
MAT -0.17455 -0.974495 -0.141039 0.0
MAT 0.972074 -0.147725 -0.182344 0.0
MAT 0.156858 -0.168929 0.973067 0.0
MAT 3.98979 6.16692 -1.25465 1.0
VERTEX = 9
4.47093 4.09018 -1.94966
4.95091 4.21897 -2.00468
5.02934 4.1345 -1.51815
4.54936 4.00571 -1.46313
5.59243 0.542467 -2.51512
5.64042 0.555346 -2.52062
5.64827 0.5469 -2.47197
5.60027 0.534021 -2.46647
4.69212 4.35018 -1.68326
INDEX = 14
4 5 7
6 7 5
1 2 5
6 5 2
0 1 4
5 4 1
7 6 3
2 3 6
4 7 0
3 0 7
8 1 0
8 2 1
8 3 2
8 0 3
FACE-NORMAL = 14
0.232057 -0.951375 -0.20257
0.232057 -0.951375 -0.20257
0.972147 0.200139 -0.121964
0.972147 0.200139 -0.121964
-0.142678 0.111645 -0.983452
-0.142678 0.111645 -0.983452
0.170474 -0.225605 0.959188
0.170474 -0.225605 0.959188
-0.94435 -0.314099 0.0976996
-0.94435 -0.314099 0.0976996
-0.275004 0.792175 -0.544823
0.514714 0.854861 0.0654364
-0.0531737 0.553273 0.831301
-0.842891 0.490586 0.221042
BONE = 20
BONE_NAME = OMG_Nose_B01
PARENT_ID = 19
LOCALTM 
MAT 0.915175 0.403056 0.0 0.0
MAT 0.0 3.07336e-007 -1.0 0.0
MAT -0.403056 0.915175 3.09199e-007 0.0
MAT 1.70825 1.02925 -4.76837e-007 1.0
WORLDTM 
MAT 0.232057 -0.951375 -0.20257 0.0
MAT -0.156858 0.168929 -0.973067 0.0
MAT 0.959972 0.257581 -0.110029 0.0
MAT 4.69212 4.35018 -1.68326 1.0
VERTEX = 9
3.75402 6.61385 -2.36982
3.34614 6.33394 -2.29714
3.06357 6.74643 -2.29432
3.47145 7.02634 -2.367
2.98177 6.38274 -6.04596
2.94098 6.35475 -6.03869
2.91272 6.396 -6.03841
2.95351 6.42399 -6.04568
3.43957 6.69953 -2.08473
INDEX = 14
4 5 7
6 7 5
1 2 5
6 5 2
0 1 4
5 4 1
7 6 3
2 3 6
4 7 0
3 0 7
8 1 0
8 2 1
8 3 2
8 0 3
FACE-NORMAL = 14
-0.12308 -0.0775397 -0.989363
-0.12308 -0.0775397 -0.989363
-0.821673 -0.563458 0.0858428
-0.821673 -0.563458 0.0858427
0.556749 -0.828142 -0.0648933
0.556749 -0.828142 -0.0648933
-0.571492 0.818854 -0.0536171
-0.571492 0.818854 -0.0536171
0.80693 0.55417 -0.204353
0.80693 0.55417 -0.204353
0.486641 -0.52852 0.695591
-0.489803 -0.341023 0.802369
-0.31258 0.638177 0.703579
0.663864 0.45068 0.596801
BONE = 21
BONE_NAME = OMG_Mouth_B16
PARENT_ID = 7
LOCALTM 
MAT -0.0689936 -0.968923 0.237545 0.0
MAT 0.17639 0.222513 0.95884 0.0
MAT -0.981899 0.108054 0.155556 0.0
MAT 1.16455 -0.983998 1.39501 1.0
WORLDTM 
MAT -0.12308 -0.0775397 -0.989363 0.0
MAT 0.565135 -0.824979 -0.00564826 0.0
MAT -0.815766 -0.559819 0.145359 0.0
MAT 3.43957 6.69953 -2.08473 1.0
VERTEX = 9
5.49415 7.9947 0.866704
5.94817 8.18822 0.786645
5.84201 8.56565 1.09692
5.38798 8.37213 1.17698
7.00462 6.26599 3.84895
7.05002 6.28534 3.84095
7.0394 6.32308 3.87197
6.994 6.30373 3.87998
5.57782 8.41255 0.789904
INDEX = 14
4 5 7
6 7 5
1 2 5
6 5 2
0 1 4
5 4 1
7 6 3
2 3 6
4 7 0
3 0 7
8 1 0
8 2 1
8 3 2
8 0 3
FACE-NORMAL = 14
0.361049 -0.529503 0.767639
0.361049 -0.529503 0.767639
0.928047 0.354634 -0.113853
0.928047 0.354634 -0.113853
0.233569 -0.785225 -0.573469
0.233569 -0.785225 -0.573469
-0.190321 0.721798 0.665421
-0.190321 0.721798 0.665421
-0.884799 -0.418061 0.205805
-0.884799 -0.418061 0.205805
-0.105163 -0.159356 -0.981604
0.386791 0.648096 -0.656022
-0.405438 0.908187 -0.104001
-0.897391 0.100735 -0.429583
BONE = 22
BONE_NAME = Point08
PARENT_ID = 7
LOCALTM 
MAT 0.0534866 0.893046 0.446775 0.0
MAT -0.0692592 -0.443021 0.893832 0.0
MAT 0.996164 -0.0787513 0.038156 0.0
MAT 3.59318 1.85923 0.0578899 1.0
WORLDTM 
MAT 0.361049 -0.529504 0.767639 0.0
MAT 0.212327 -0.754867 -0.620559 0.0
MAT 0.908053 0.387042 -0.160116 0.0
MAT 5.57782 8.41255 0.789904 1.0
VERTEX = 9
5.33946 8.85029 -3.00807
4.87386 8.66811 -3.01311
4.69821 9.12039 -3.13391
5.16381 9.30256 -3.12888
5.41522 8.14137 -6.70339
5.36866 8.12316 -6.7039
5.3511 8.16838 -6.71598
5.39766 8.1866 -6.71547
4.99455 9.0407 -2.82841
INDEX = 14
4 5 7
6 7 5
1 2 5
6 5 2
0 1 4
5 4 1
7 6 3
2 3 6
4 7 0
3 0 7
8 1 0
8 2 1
8 3 2
8 0 3
FACE-NORMAL = 14
0.0971537 -0.221456 -0.970319
0.0971537 -0.221456 -0.970319
-0.923714 -0.376966 -0.0681765
-0.923714 -0.376966 -0.0681765
0.356498 -0.916184 0.183072
0.356498 -0.916184 0.183071
-0.344861 0.889657 -0.299301
-0.344861 0.889657 -0.299301
0.935352 0.350439 -0.0480528
0.935352 0.350439 -0.0480527
0.179716 -0.483016 0.85697
-0.727159 -0.101046 0.678991
-0.317112 0.796203 0.515268
0.589763 0.414233 0.693246
BONE = 23
BONE_NAME = Point07
PARENT_ID = 7
LOCALTM 
MAT 0.0708639 -0.891534 0.447375 0.0
MAT -0.0692579 0.443022 0.893831 0.0
MAT -0.995079 -0.0943247 -0.0303516 0.0
MAT 3.59318 -1.85923 0.0578952 1.0
WORLDTM 
MAT 0.0971537 -0.221456 -0.970319 0.0
MAT 0.35131 -0.904545 0.24162 0.0
MAT -0.931205 -0.364357 -0.01008 0.0
MAT 4.99455 9.0407 -2.82841 1.0
VERTEX = 9
6.95813 12.187 -0.952531
6.56354 12.4681 -0.828951
6.65291 12.3807 -0.344825
7.0475 12.0996 -0.468404
9.02417 15.3053 -0.538814
8.98471 15.3334 -0.526456
8.99365 15.3247 -0.478043
9.0331 15.2966 -0.490401
6.65863 12.0818 -0.658028
INDEX = 14
4 5 7
6 7 5
1 2 5
6 5 2
0 1 4
5 4 1
7 6 3
2 3 6
4 7 0
3 0 7
8 1 0
8 2 1
8 3 2
8 0 3
FACE-NORMAL = 14
0.58757 0.808309 0.0373998
0.58757 0.808309 0.0373998
-0.752575 0.609633 0.248955
-0.752575 0.609633 0.248955
-0.143241 0.222836 -0.964275
-0.143241 0.222836 -0.964275
0.213623 -0.126013 0.968755
0.213623 -0.126013 0.968755
0.822957 -0.51281 -0.244475
0.822957 -0.51281 -0.244475
-0.541872 -0.448002 -0.711104
-0.973511 -0.174003 0.148322
-0.289077 -0.695119 0.658213
0.142562 -0.969118 -0.201213
BONE = 24
BONE_NAME = OMG_Horn_B
PARENT_ID = 7
LOCALTM 
MAT 0.862398 -0.00798973 -0.506167 0.0
MAT -0.017891 -0.999731 -0.0147019 0.0
MAT -0.505914 0.0217347 -0.86231 0.0
MAT 6.1877 -3.93391e-006 -2.49934 1.0
WORLDTM 
MAT 0.58757 0.808308 0.0373998 0.0
MAT -0.178753 0.174738 -0.968253 0.0
MAT -0.789182 0.562231 0.247159 0.0
MAT 6.65863 12.0818 -0.658028 1.0
VERTEX = 9
12.9817 6.92448 -2.82572
12.9817 6.92448 -2.32572
12.9817 6.42448 -2.32572
12.9817 6.42448 -2.82572
16.7317 6.69948 -2.60072
16.7317 6.69948 -2.55072
16.7317 6.64949 -2.55072
16.7317 6.64949 -2.60072
12.7317 6.67448 -2.57572
INDEX = 14
4 5 7
6 7 5
1 2 5
6 5 2
0 1 4
5 4 1
7 6 3
2 3 6
4 7 0
3 0 7
8 1 0
8 2 1
8 3 2
8 0 3
FACE-NORMAL = 14
1.0 2.83122e-007 3.8743e-007
1.0 2.83122e-007 3.8743e-007
0.0598918 0.0 0.998205
0.0598918 0.0 0.998205
0.0598919 0.998205 0.0
0.0598919 0.998205 0.0
0.0598927 -0.998205 0.0
0.0598927 -0.998205 0.0
0.0598928 0.0 -0.998205
0.0598928 0.0 -0.998205
-0.707107 0.707107 -2.16003e-007
-0.707107 -2.58149e-007 0.707106
-0.707107 -0.707107 -3.31907e-007
-0.707106 -1.42246e-007 -0.707107
BONE = 25
BONE_NAME = FxTop
PARENT_ID = 7
LOCALTM 
MAT 0.909176 0.156858 0.385739 0.0
MAT 0.409517 -0.16893 -0.896526 0.0
MAT -0.0754648 0.973066 -0.217823 0.0
MAT 9.63952 9.05991e-006 5.10875 1.0
WORLDTM 
MAT 1.0 2.83122e-007 3.8743e-007 0.0
MAT -4.17233e-007 1.0 0.0 0.0
MAT -4.91738e-007 0.0 1.0 0.0
MAT 12.7317 6.67448 -2.57572 1.0
VERTEX = 9
0.808771 7.31238 -0.775756
0.641109 7.69784 -0.504986
0.964223 8.00108 -0.736592
1.13188 7.61563 -1.00736
-1.692 8.35217 -3.38894
-1.70877 8.39071 -3.36186
-1.67646 8.42103 -3.38502
-1.65969 8.38249 -3.4121
1.05788 7.60807 -0.580786
INDEX = 14
4 5 7
6 7 5
1 2 5
6 5 2
0 1 4
5 4 1
7 6 3
2 3 6
4 7 0
3 0 7
8 1 0
8 2 1
8 3 2
8 0 3
FACE-NORMAL = 14
-0.685528 0.194632 -0.701549
-0.685528 0.194632 -0.701549
-0.37578 0.781177 0.49855
-0.37578 0.781177 0.49855
-0.686125 -0.59374 0.420363
-0.686125 -0.59374 0.420363
0.604009 0.617054 -0.504398
0.604009 0.617054 -0.504398
0.293664 -0.757863 -0.582584
0.293664 -0.757863 -0.582584
0.0277894 -0.566476 0.82361
0.247631 0.407486 0.878996
0.941693 0.291225 0.16853
0.721851 -0.682737 0.113144
BONE = 26
BONE_NAME = Bip01-R-Clavicle
PARENT_ID = 5
LOCALTM 
MAT -0.104281 -0.968285 -0.227047 0.0
MAT -0.994547 0.101349 0.024565 0.0
MAT -0.000774771 0.228371 -0.973574 0.0
MAT 1.85367 -0.380717 -0.737184 1.0
WORLDTM 
MAT -0.685528 0.194632 -0.701549 0.0
MAT -0.646227 -0.606486 0.463212 0.0
MAT -0.335324 0.770904 0.541539 0.0
MAT 1.05788 7.60807 -0.580786 1.0
VERTEX = 9
-0.055021 7.79349 -1.25913
0.21636 8.09064 -1.55587
0.507207 7.70279 -1.67826
0.235826 7.40564 -1.38152
-2.07391 6.95632 -4.32294
-2.04678 6.98603 -4.35262
-2.01769 6.94725 -4.36486
-2.04483 6.91753 -4.33518
0.377553 7.80123 -1.27701
INDEX = 14
4 5 7
6 7 5
1 2 5
6 5 2
0 1 4
5 4 1
7 6 3
2 3 6
4 7 0
3 0 7
8 1 0
8 2 1
8 3 2
8 0 3
FACE-NORMAL = 14
-0.605839 -0.212361 -0.766722
-0.605839 -0.212361 -0.766722
0.505503 0.580514 -0.638334
0.505503 0.580514 -0.638334
-0.616935 0.761589 0.198428
-0.616935 0.761589 0.198428
0.544365 -0.787026 -0.29027
0.544365 -0.787026 -0.29027
-0.578073 -0.605952 0.546493
-0.578073 -0.605952 0.546493
0.0170726 0.698665 0.715246
0.812184 0.570396 0.122501
0.839713 -0.398341 0.369063
0.0446018 -0.270071 0.961807
BONE = 27
BONE_NAME = Bip01-R-UpperArm
PARENT_ID = 26
LOCALTM 
MAT 0.91188 0.165149 -0.375768 0.0
MAT 0.378012 0.0188446 0.925609 0.0
MAT 0.159945 -0.986089 -0.0452446 0.0
MAT 0.992413 -9.53674e-007 -4.76837e-007 1.0
WORLDTM 
MAT -0.605839 -0.212361 -0.766722 0.0
MAT -0.581694 0.7757 0.244788 0.0
MAT 0.542762 0.5943 -0.593479 0.0
MAT 0.377553 7.80123 -1.27701 1.0
VERTEX = 9
-0.671023 7.5379 -1.91303
-0.763641 7.62126 -2.39725
-0.472794 7.23341 -2.51965
-0.380176 7.15005 -2.03542
-3.55195 5.11831 -2.01083
-3.56121 5.12664 -2.05925
-3.53213 5.08786 -2.07149
-3.52287 5.07952 -2.02306
-0.3739 7.53783 -2.22802
INDEX = 14
4 5 7
6 7 5
1 2 5
6 5 2
0 1 4
5 4 1
7 6 3
2 3 6
4 7 0
3 0 7
8 1 0
8 2 1
8 3 2
8 0 3
FACE-NORMAL = 14
-0.792035 -0.608686 0.0467152
-0.792035 -0.608686 0.0467152
-0.23234 0.129952 -0.963914
-0.23234 0.129952 -0.963914
-0.628087 0.737852 0.247147
-0.628087 0.737852 0.247147
0.533213 -0.810763 -0.241551
0.533213 -0.810763 -0.241551
0.137467 -0.202863 0.96951
0.137467 -0.202863 0.96951
0.148733 0.978909 0.140059
0.429071 0.548285 -0.717831
0.971373 -0.118097 -0.206124
0.691035 0.312527 0.651765
BONE = 28
BONE_NAME = Bip01-R-Forearm
PARENT_ID = 27
LOCALTM 
MAT 0.573289 -1.19209e-007 -0.819353 0.0
MAT 0.0 1.0 0.0 0.0
MAT 0.819353 0.0 0.573289 0.0
MAT 1.24035 4.76837e-007 -4.76837e-007 1.0
WORLDTM 
MAT -0.792035 -0.608686 0.0467152 0.0
MAT -0.581694 0.7757 0.244788 0.0
MAT -0.185236 0.166707 -0.968451 0.0
MAT -0.3739 7.53783 -2.22802 1.0
VERTEX = 9
-1.17379 6.59408 -2.05686
-1.30462 7.01306 -1.81741
-1.44528 7.21728 -2.25159
-1.31446 6.79829 -2.49104
-4.75816 5.51728 -1.66117
-4.77124 5.55918 -1.63723
-4.78531 5.5796 -1.68064
-4.77223 5.5377 -1.70459
-1.07872 6.99616 -2.18645
INDEX = 14
4 5 7
6 7 5
1 2 5
6 5 2
0 1 4
5 4 1
7 6 3
2 3 6
4 7 0
3 0 7
8 1 0
8 2 1
8 3 2
8 0 3
FACE-NORMAL = 14
-0.923252 -0.361931 0.128884
-0.923252 -0.361931 0.128884
-0.31647 0.814788 0.485764
-0.31647 0.814788 0.485764
0.225531 -0.429371 0.874515
0.225531 -0.429371 0.874515
-0.336122 0.386018 -0.859076
-0.336122 0.386018 -0.859076
0.205879 -0.858142 -0.470326
0.205879 -0.858142 -0.470326
0.851769 -0.0328783 0.522884
0.467828 0.848457 0.247502
0.453907 0.544726 -0.705154
0.837848 -0.33661 -0.429772
BONE = 29
BONE_NAME = Bip01-R-Hand
PARENT_ID = 28
LOCALTM 
MAT 0.957571 0.287851 -0.0141347 0.0
MAT 0.0663454 -0.267904 -0.961159 0.0
MAT -0.280457 0.91944 -0.275634 0.0
MAT 0.889892 0.0 -4.76837e-007 1.0
WORLDTM 
MAT -0.923252 -0.361931 0.128884 0.0
MAT 0.281331 -0.408428 0.868355 0.0
MAT -0.261644 0.83797 0.478905 0.0
MAT -1.07872 6.99616 -2.18645 1.0
VERTEX = 9
-1.27468 6.62165 -1.27912
-1.60728 6.89116 -1.53746
-1.95261 6.53759 -1.46173
-1.62001 6.26808 -1.20339
-2.64371 8.29985 1.79873
-2.67697 8.32681 1.77289
-2.7115 8.29145 1.78047
-2.67824 8.2645 1.8063
-1.54272 6.46521 -1.58109
INDEX = 14
4 5 7
6 7 5
1 2 5
6 5 2
0 1 4
5 4 1
7 6 3
2 3 6
4 7 0
3 0 7
8 1 0
8 2 1
8 3 2
8 0 3
FACE-NORMAL = 14
-0.283721 0.457609 0.842672
-0.283721 0.457609 0.842672
-0.681001 0.565462 -0.465285
-0.681001 0.565462 -0.465285
0.672425 0.733279 -0.100729
0.672425 0.733279 -0.100729
-0.706411 -0.678465 0.201668
-0.706411 -0.678465 0.201668
0.647015 -0.510648 0.566224
0.647015 -0.510648 0.566224
0.68899 0.176446 -0.702965
-0.269748 0.0575681 -0.961209
-0.287748 -0.823603 -0.488753
0.67099 -0.704725 -0.23051
BONE = 30
BONE_NAME = Bip01-R-Finger0
PARENT_ID = 29
LOCALTM 
MAT 0.204931 0.465018 0.861256 0.0
MAT -0.913109 -0.226042 0.339316 0.0
MAT 0.352469 -0.855957 0.378289 0.0
MAT 0.698569 0.611978 -0.0336094 1.0
WORLDTM 
MAT -0.283721 0.457609 0.842673 0.0
MAT 0.690657 0.707141 -0.15147 0.0
MAT -0.665202 0.539023 -0.516682 0.0
MAT -1.54272 6.46521 -1.58109 1.0
VERTEX = 9
-1.53858 6.96102 -0.898023
-1.75308 7.07703 -1.33452
-2.09841 6.72345 -1.25879
-1.88391 6.60745 -0.822288
-3.97371 9.35883 0.678161
-3.99516 9.37043 0.634511
-4.0297 9.33508 0.642085
-4.00825 9.32348 0.685735
-1.67295 6.67526 -1.19431
INDEX = 14
4 5 7
6 7 5
1 2 5
6 5 2
0 1 4
5 4 1
7 6 3
2 3 6
4 7 0
3 0 7
8 1 0
8 2 1
8 3 2
8 0 3
FACE-NORMAL = 14
-0.58219 0.667925 0.463607
-0.58219 0.667925 0.463607
-0.463105 0.271596 -0.843664
-0.463105 0.271596 -0.843664
0.654549 0.745875 -0.123432
0.654549 0.745875 -0.123432
-0.724286 -0.665868 0.178965
-0.724286 -0.665868 0.178965
0.393368 -0.191589 0.899197
0.393368 -0.191589 0.899197
0.900039 0.0277304 -0.434926
0.108317 -0.308239 -0.945122
-0.0766984 -0.972318 -0.220714
0.715024 -0.636349 0.289483
BONE = 31
BONE_NAME = Bip01-R-Finger01
PARENT_ID = 30
LOCALTM 
MAT 0.861497 0.0 0.507763 0.0
MAT 0.0 1.0 0.0 0.0
MAT -0.507763 0.0 0.861497 0.0
MAT 0.458999 7.15256e-007 -4.76837e-007 1.0
WORLDTM 
MAT -0.58219 0.667925 0.463607 0.0
MAT 0.690657 0.707141 -0.15147 0.0
MAT -0.429006 0.232009 -0.872998 0.0
MAT -1.67295 6.67526 -1.19431 1.0
VERTEX = 9
-1.77002 7.09642 -1.32124
-1.55532 6.98018 -0.884903
-1.90064 6.62661 -0.809168
-2.11535 6.74285 -1.24551
0.3533 4.38089 -2.8316
0.37477 4.36926 -2.78796
0.340237 4.33391 -2.78039
0.318767 4.34553 -2.82402
-1.98081 7.02845 -0.949152
INDEX = 14
4 5 7
6 7 5
1 2 5
6 5 2
0 1 4
5 4 1
7 6 3
2 3 6
4 7 0
3 0 7
8 1 0
8 2 1
8 3 2
8 0 3
FACE-NORMAL = 14
0.581894 -0.667764 -0.46421
0.581894 -0.667764 -0.46421
0.463488 -0.272047 0.843308
0.463488 -0.272047 0.843308
0.724269 0.665878 -0.179001
0.724269 0.665878 -0.179001
-0.654567 -0.745866 0.123396
-0.654567 -0.745866 0.123396
-0.393787 0.192059 -0.898914
-0.393787 0.192059 -0.898914
0.0769078 0.972205 0.22114
-0.107823 0.307799 0.945322
-0.89983 -0.0278439 0.435352
-0.715099 0.636562 -0.28883
BONE = 32
BONE_NAME = Bip01-R-Finger0Nub
PARENT_ID = 31
LOCALTM 
MAT -1.0 0.0 0.000690579 0.0
MAT 1.19209e-007 1.0 0.0 0.0
MAT -0.000690624 0.0 -1.0 0.0
MAT 0.528798 0.0 0.0 1.0
WORLDTM 
MAT 0.581894 -0.667764 -0.46421 0.0
MAT 0.690657 0.707141 -0.15147 0.0
MAT 0.429409 -0.23247 0.872678 0.0
MAT -1.98081 7.02845 -0.949152 1.0
VERTEX = 9
-2.11164 6.25984 -1.50861
-1.87645 6.69988 -1.47623
-2.14501 6.87175 -1.86138
-2.38021 6.43171 -1.89375
-4.7523 7.76353 0.711668
-4.72878 7.80753 0.714906
-4.75564 7.82472 0.676391
-4.77916 7.78071 0.673154
-1.95329 6.48391 -1.84359
INDEX = 14
4 5 7
6 7 5
1 2 5
6 5 2
0 1 4
5 4 1
7 6 3
2 3 6
4 7 0
3 0 7
8 1 0
8 2 1
8 3 2
8 0 3
FACE-NORMAL = 14
-0.70017 0.327554 0.634405
-0.70017 0.327554 0.634405
0.427604 0.898122 0.102624
0.427604 0.898122 0.102624
0.494223 -0.32351 0.806898
0.494223 -0.32351 0.806898
-0.578093 0.362746 -0.730906
-0.578093 0.362746 -0.730906
-0.511474 -0.858886 -0.0266322
-0.511474 -0.858886 -0.0266323
0.874898 -0.47468 0.0960814
0.827707 0.390698 -0.402811
0.115292 0.0114493 -0.993266
0.162484 -0.853929 -0.494373
BONE = 33
BONE_NAME = Bip01-R-Finger1
PARENT_ID = 29
LOCALTM 
MAT 0.609647 0.220126 0.761495 0.0
MAT -0.27221 0.960385 -0.0596903 0.0
MAT -0.744467 -0.170896 0.645417 0.0
MAT 1.03703 0.260895 -0.0362339 1.0
WORLDTM 
MAT -0.70017 0.327554 0.634405 0.0
MAT 0.537122 -0.343745 0.770285 0.0
MAT 0.470383 0.880084 0.0647445 0.0
MAT -1.95329 6.48391 -1.84359 1.0
VERTEX = 9
-2.45547 6.67713 -1.08264
-2.04597 6.89266 -1.272
-2.31453 7.06454 -1.65714
-2.72403 6.849 -1.46778
-3.14903 9.98 0.582823
-3.10808 10.0016 0.563887
-3.13494 10.0187 0.525373
-3.17589 9.99719 0.544309
-2.33453 6.66226 -1.49815
INDEX = 14
4 5 7
6 7 5
1 2 5
6 5 2
0 1 4
5 4 1
7 6 3
2 3 6
4 7 0
3 0 7
8 1 0
8 2 1
8 3 2
8 0 3
FACE-NORMAL = 14
-0.201864 0.834277 0.513063
-0.201864 0.834277 0.513063
0.805433 0.480263 -0.347311
0.805433 0.480263 -0.347311
0.524068 -0.293162 0.799631
0.524068 -0.293162 0.799631
-0.548248 0.393095 -0.738174
-0.548248 0.393095 -0.738174
-0.829613 -0.380329 0.408768
-0.829613 -0.380329 0.408768
0.522542 -0.832988 0.181883
0.721855 -0.28511 -0.630585
-0.237064 -0.346858 -0.907464
-0.436377 -0.894735 -0.0949954
BONE = 34
BONE_NAME = Bip01-R-Finger11
PARENT_ID = 33
LOCALTM 
MAT 0.740099 -1.49012e-007 0.672498 0.0
MAT 0.0 1.0 0.0 0.0
MAT -0.672498 0.0 0.740099 0.0
MAT 0.544505 4.76837e-007 0.0 1.0
WORLDTM 
MAT -0.201864 0.834277 0.513063 0.0
MAT 0.537122 -0.343745 0.770285 0.0
MAT 0.818993 0.43107 -0.378719 0.0
MAT -2.33453 6.66226 -1.49815 1.0
VERTEX = 9
-2.0675 6.98232 -1.21697
-2.47693 6.7665 -1.02779
-2.74549 6.93837 -1.41293
-2.33607 7.1542 -1.60211
-1.61349 3.83512 -3.23012
-1.65443 3.81354 -3.2112
-1.68129 3.83073 -3.24971
-1.64035 3.85231 -3.26863
-2.45711 7.16884 -1.18662
INDEX = 14
4 5 7
6 7 5
1 2 5
6 5 2
0 1 4
5 4 1
7 6 3
2 3 6
4 7 0
3 0 7
8 1 0
8 2 1
8 3 2
8 0 3
FACE-NORMAL = 14
0.202429 -0.833979 -0.513324
0.202429 -0.833979 -0.513324
-0.80526 -0.48082 0.346941
-0.80526 -0.48082 0.346941
0.548282 -0.393077 0.738158
0.548282 -0.393077 0.738158
-0.524034 0.293179 -0.799646
-0.524034 0.293179 -0.799646
0.829508 0.380922 -0.40843
0.829508 0.380922 -0.40843
0.236664 0.346647 0.907649
-0.722156 0.284492 0.63052
-0.522942 0.832777 -0.181698
0.435878 0.894932 0.0954309
BONE = 35
BONE_NAME = Bip01-R-Finger1Nub
PARENT_ID = 34
LOCALTM 
MAT -1.0 0.0 0.000690639 0.0
MAT 0.0 1.0 0.0 0.0
MAT -0.000690699 1.63913e-007 -1.0 0.0
MAT 0.607209 4.76837e-007 2.38419e-007 1.0
WORLDTM 
MAT 0.202429 -0.833979 -0.513325 0.0
MAT 0.537122 -0.343745 0.770285 0.0
MAT -0.818854 -0.431646 0.378365 0.0
MAT -2.45711 7.16884 -1.18662 1.0
VERTEX = 9
-2.45259 6.45133 -2.05101
-2.161 6.82962 -1.90311
-2.23458 7.05786 -2.34185
-2.52616 6.67957 -2.48975
-5.35039 8.48001 -0.766119
-5.32123 8.51784 -0.751329
-5.32859 8.54067 -0.795203
-5.35775 8.50284 -0.809993
-2.14386 6.63754 -2.29081
INDEX = 14
4 5 7
6 7 5
1 2 5
6 5 2
0 1 4
5 4 1
7 6 3
2 3 6
4 7 0
3 0 7
8 1 0
8 2 1
8 3 2
8 0 3
FACE-NORMAL = 14
-0.798908 0.4682 0.377538
-0.798908 0.4682 0.377538
0.534279 0.783264 0.317872
0.534279 0.783264 0.317872
0.099036 -0.42762 0.898517
0.099036 -0.42762 0.898517
-0.194733 0.483703 -0.853294
-0.194733 0.483703 -0.853294
-0.629976 -0.727181 -0.272649
-0.629976 -0.727181 -0.272649
0.668963 -0.653848 0.353513
0.97728 0.203916 -0.0578036
0.460863 -0.00828647 -0.887432
0.152546 -0.86605 -0.476116
BONE = 36
BONE_NAME = Bip01-R-Finger2
PARENT_ID = 29
LOCALTM 
MAT 0.616797 -0.0881468 0.782171 0.0
MAT 0.142453 0.989801 -0.000788212 0.0
