EXPORTER_V17
ANIMATION_EXPORT
BONEOBJECT_COUNT = 77
VERTEX = 9
0.25 0.25 -0.25
0.25 0.25 0.25
0.25 -0.25 0.25
0.25 -0.25 -0.25
4.0 0.025 -0.025
4.0 0.025 0.025
4.0 -0.025 0.025
4.0 -0.025 -0.025
0.0 0.0 0.0
INDEX = 14
4 5 7
6 7 5
1 2 5
6 5 2
0 1 4
5 4 1
7 6 3
2 3 6
4 7 0
3 0 7
8 1 0
8 2 1
8 3 2
8 0 3
FACE-NORMAL = 14
1.0 0.0 0.0
1.0 0.0 0.0
0.0598923 -1.75922e-007 0.998205
0.0598923 -1.75922e-007 0.998205
0.0598923 0.998205 1.75922e-007
0.0598923 0.998205 1.75922e-007
0.0598923 -0.998205 -1.75922e-007
0.0598923 -0.998205 -1.75922e-007
0.0598923 1.75922e-007 -0.998205
0.0598923 1.75922e-007 -0.998205
-0.707107 0.707107 1.2462e-007
-0.707107 -1.2462e-007 0.707107
-0.707107 -0.707107 -1.2462e-007
-0.707107 1.2462e-007 -0.707107
BONE = 0
BONE_NAME = Dummy_root
PARENT_ID = -1
LOCALTM 
MAT 1.0 0.0 0.0 0.0
MAT 0.0 1.0 1.76239e-007 0.0
MAT 0.0 -1.76239e-007 1.0 0.0
MAT 0.0 0.0 0.0 1.0
WORLDTM 
MAT 1.0 0.0 0.0 0.0
MAT 0.0 1.0 1.76239e-007 0.0
MAT 0.0 -1.76239e-007 1.0 0.0
MAT 0.0 0.0 0.0 1.0
VERTEX = 9
0.25 -0.0615444 -0.25
0.25 -0.0615445 0.25
0.25 -0.561545 0.25
0.25 -0.561544 -0.25
4.0 -0.286544 -0.0250001
4.0 -0.286544 0.025
4.0 -0.336544 0.0249999
4.0 -0.336544 -0.0250001
0.0 -0.311544 0.0
INDEX = 14
4 5 7
6 7 5
1 2 5
6 5 2
0 1 4
5 4 1
7 6 3
2 3 6
4 7 0
3 0 7
8 1 0
8 2 1
8 3 2
8 0 3
FACE-NORMAL = 14
1.0 0.0 0.0
1.0 0.0 0.0
0.0598923 -1.75922e-007 0.998205
0.0598923 -1.75922e-007 0.998205
0.0598923 0.998205 1.75922e-007
0.0598923 0.998205 1.75922e-007
0.0598923 -0.998205 -1.75922e-007
0.0598923 -0.998205 -1.75922e-007
0.0598923 1.75922e-007 -0.998205
0.0598923 1.75922e-007 -0.998205
-0.707107 0.707107 1.2462e-007
-0.707107 -1.2462e-007 0.707107
-0.707107 -0.707107 -1.2462e-007
-0.707107 1.2462e-007 -0.707107
BONE = 1
BONE_NAME = FxBottom
PARENT_ID = 0
LOCALTM 
MAT 1.0 0.0 0.0 0.0
MAT 0.0 1.0 0.0 0.0
MAT 0.0 0.0 1.0 0.0
MAT 0.0 -0.311544 0.0 1.0
WORLDTM 
MAT 1.0 0.0 0.0 0.0
MAT 0.0 1.0 1.76239e-007 0.0
MAT 0.0 -1.76239e-007 1.0 0.0
MAT 0.0 -0.311544 0.0 1.0
VERTEX = 9
0.0225334 3.21324 -0.240981
0.00894243 3.21578 0.258828
-0.252108 2.78937 0.253903
-0.238517 2.78682 -0.245906
3.09563 1.06436 0.0786225
3.09427 1.06462 0.128603
3.06817 1.02198 0.128111
3.06953 1.02172 0.07813
-0.3279 3.13185 5.12864e-007
INDEX = 14
4 5 7
6 7 5
1 2 5
6 5 2
0 1 4
5 4 1
7 6 3
2 3 6
4 7 0
3 0 7
8 1 0
8 2 1
8 3 2
8 0 3
FACE-NORMAL = 14
0.85245 -0.522169 0.0258415
0.85245 -0.522169 0.0258415
0.0239219 -0.0261883 0.999371
0.023922 -0.0261884 0.999371
0.572219 0.820022 0.0113807
0.572219 0.820022 0.0113807
-0.470109 -0.88257 -0.00828524
-0.470109 -0.88257 -0.00828524
0.0781885 -0.0363595 -0.996275
0.0781884 -0.0363595 -0.996275
-0.233592 0.972269 -0.0113073
-0.621994 0.372832 0.688564
-0.971955 -0.23381 -0.0252382
-0.583553 0.365627 -0.725109
BONE = 2
BONE_NAME = Bip01
PARENT_ID = 0
LOCALTM 
MAT 0.85245 -0.522169 0.0258416 0.0
MAT 0.522101 0.852827 0.00985049 0.0
MAT -0.0271821 0.0050949 0.999618 0.0
MAT -0.3279 3.13185 0.0 1.0
WORLDTM 
MAT 0.85245 -0.522169 0.0258415 0.0
MAT 0.522101 0.852827 0.00985064 0.0
MAT -0.0271821 0.00509472 0.999618 0.0
MAT -0.3279 3.13185 5.12864e-007 1.0
VERTEX = 9
-0.370487 3.47553 0.259941
0.0263076 3.17163 0.245876
0.0188221 3.18498 -0.25389
-0.377973 3.48889 -0.239824
2.08571 6.32093 0.074096
2.12539 6.29054 0.0726894
2.12464 6.29187 0.0227128
2.08497 6.32226 0.0241194
-0.3279 3.13185 5.12864e-007
INDEX = 14
4 5 7
6 7 5
1 2 5
6 5 2
0 1 4
5 4 1
7 6 3
2 3 6
4 7 0
3 0 7
8 1 0
8 2 1
8 3 2
8 0 3
FACE-NORMAL = 14
0.60827 0.793638 0.012101
0.60827 0.793638 0.012101
0.828595 -0.55918 -0.027356
0.828595 -0.55918 -0.027356
0.0513748 0.0208661 0.998461
0.0513748 0.0208662 0.998461
0.0214865 0.0741995 -0.997012
0.0214865 0.0741995 -0.997012
-0.755734 0.654245 0.0288055
-0.755734 0.654245 0.0288055
-0.419526 -0.580077 0.698218
0.131041 -0.990969 -0.0284485
-0.440698 -0.542297 -0.715332
-0.991264 -0.131405 0.0113351
BONE = 3
BONE_NAME = Bip01-Pelvis
PARENT_ID = 2
LOCALTM 
MAT 0.104419 0.994534 -0.000394315 0.0
MAT 0.052541 -0.00512053 0.998606 0.0
MAT 0.993145 -0.104294 -0.0527885 0.0
MAT 0.0 0.0 0.0 1.0
WORLDTM 
MAT 0.60827 0.793638 0.012101 0.0
MAT 0.014971 -0.0267146 0.999531 0.0
MAT 0.793589 -0.607803 -0.0281313 0.0
MAT -0.3279 3.13185 5.12864e-007 1.0
VERTEX = 9
0.517245 3.79915 0.23789
0.866346 3.44121 0.240135
0.859184 3.43109 -0.259711
0.510083 3.78903 -0.261956
3.35521 6.25073 -0.0774775
3.39012 6.21494 -0.077253
3.3894 6.21393 -0.127238
3.35449 6.24972 -0.127462
0.509275 3.44064 -0.00481393
INDEX = 14
4 5 7
6 7 5
1 2 5
6 5 2
0 1 4
5 4 1
7 6 3
2 3 6
4 7 0
3 0 7
8 1 0
8 2 1
8 3 2
8 0 3
FACE-NORMAL = 14
0.715757 0.697923 -0.0243859
0.715757 0.697923 -0.0243859
0.739817 -0.672801 0.00302137
0.739817 -0.672801 0.00302136
0.0571665 0.0620039 0.996437
0.0571665 0.0620039 0.996437
0.0285702 0.0215966 -0.999358
0.0285702 0.0215966 -0.999358
-0.65408 0.756402 -0.00594242
-0.65408 0.756402 -0.00594242
-0.495988 -0.479195 0.724133
-0.0124132 -0.999714 0.0204183
-0.516245 -0.507818 -0.689646
-0.99982 0.0127019 0.0140686
BONE = 4
BONE_NAME = Bip01-Spine
PARENT_ID = 3
LOCALTM 
MAT 0.988977 -0.0323036 0.144503 0.0
MAT 0.0368733 0.998897 -0.0290573 0.0
MAT -0.143405 0.0340653 0.989078 0.0
MAT 0.754237 -0.000528 0.476825 1.0
WORLDTM 
MAT 0.715757 0.697924 -0.0243859 0.0
MAT 0.0143239 0.02024 0.999693 0.0
MAT 0.698202 -0.715887 0.00448995 0.0
MAT 0.509275 3.44064 -0.00481393 1.0
VERTEX = 9
1.90612 5.1712 0.208438
2.28941 4.85094 0.185445
2.27232 4.86635 -0.314025
1.88903 5.1866 -0.291033
4.4756 7.91151 -0.0202407
4.51393 7.87948 -0.0225399
4.51222 7.88102 -0.072487
4.47389 7.91305 -0.0701877
1.92891 4.82694 -0.0532223
INDEX = 14
4 5 7
6 7 5
1 2 5
6 5 2
0 1 4
5 4 1
7 6 3
2 3 6
4 7 0
3 0 7
8 1 0
8 2 1
8 3 2
8 0 3
FACE-NORMAL = 14
0.64125 0.76733 0.00171462
0.64125 0.76733 0.00171462
0.8036 -0.593405 -0.0458001
0.8036 -0.593405 -0.0458001
0.0725323 0.01521 0.99725
0.0725323 0.01521 0.99725
0.00427956 0.0767044 -0.997045
0.00427955 0.0767044 -0.997045
-0.726788 0.685319 0.0460055
-0.726788 0.685319 0.0460055
-0.429258 -0.564365 0.705145
0.088615 -0.995495 -0.033729
-0.477606 -0.520804 -0.70757
-0.995479 -0.0896742 0.0313042
BONE = 5
BONE_NAME = Bip01-Spine1
PARENT_ID = 4
LOCALTM 
MAT 0.994475 0.0264301 -0.101592 0.0
MAT -0.0213877 0.9985 0.0504062 0.0
MAT 0.102772 -0.0479549 0.993549 0.0
MAT 1.98483 0.0 -0.00146294 1.0
WORLDTM 
MAT 0.64125 0.767331 0.00171462 0.0
MAT 0.0341877 -0.0308025 0.998941 0.0
MAT 0.766571 -0.640512 -0.0459854 0.0
MAT 1.92891 4.82694 -0.0532223 1.0
VERTEX = 9
3.08365 6.58095 0.211608
3.46693 6.2607 0.188616
3.44984 6.2761 -0.310855
3.06655 6.59636 -0.287862
5.65312 9.32126 -0.0170702
5.69145 9.28923 -0.0193695
5.68974 9.29077 -0.0693166
5.65141 9.3228 -0.0670173
3.10643 6.23669 -0.0500519
INDEX = 14
4 5 7
6 7 5
1 2 5
6 5 2
0 1 4
5 4 1
7 6 3
2 3 6
4 7 0
3 0 7
8 1 0
8 2 1
8 3 2
8 0 3
FACE-NORMAL = 14
0.64125 0.76733 0.00171462
0.64125 0.76733 0.00171462
0.8036 -0.593405 -0.0458002
0.8036 -0.593405 -0.0458002
0.0725323 0.0152099 0.99725
0.0725323 0.01521 0.99725
0.00427953 0.0767044 -0.997045
0.00427952 0.0767044 -0.997045
-0.726788 0.685319 0.0460056
-0.726788 0.685319 0.0460056
-0.429258 -0.564365 0.705145
0.088615 -0.995495 -0.033729
-0.477606 -0.520804 -0.70757
-0.995479 -0.0896743 0.0313042
BONE = 6
BONE_NAME = Bip01-Neck
PARENT_ID = 5
LOCALTM 
MAT 1.0 0.0 0.0 0.0
MAT 0.0 1.0 0.0 0.0
MAT 0.0 0.0 1.0 0.0
MAT 1.83684 0.0 -0.000455618 1.0
WORLDTM 
MAT 0.64125 0.767331 0.00171462 0.0
MAT 0.0341878 -0.0308025 0.998941 0.0
MAT 0.766571 -0.640512 -0.0459854 0.0
MAT 3.10643 6.23669 -0.0500519 1.0
VERTEX = 9
3.4455 7.01989 0.212592
3.81956 6.68811 0.211027
3.83316 6.7058 -0.288475
3.4591 7.03758 -0.28691
8.49871 12.3774 0.314673
8.53612 12.3442 0.314517
8.53748 12.346 0.264566
8.50007 12.3792 0.264723
3.47357 6.67603 -0.0490701
INDEX = 14
4 5 7
6 7 5
1 2 5
6 5 2
0 1 4
5 4 1
7 6 3
2 3 6
4 7 0
3 0 7
8 1 0
8 2 1
8 3 2
8 0 3
FACE-NORMAL = 14
0.663013 0.747283 0.0445148
0.663013 0.747283 0.0445148
0.768028 -0.640414 -0.00176716
0.768028 -0.640414 -0.00176716
-0.0069239 -0.0125212 0.999898
-0.0069239 -0.0125212 0.999898
0.0474508 0.0581992 -0.997177
0.0474508 0.0581993 -0.997177
-0.727501 0.686092 0.00448814
-0.727501 0.686092 0.00448814
-0.488054 -0.553424 0.674926
0.0601752 -0.997619 -0.0336893
-0.449588 -0.503394 -0.737879
-0.997817 -0.0591988 -0.0292641
BONE = 7
BONE_NAME = Bip01-Head
PARENT_ID = 6
LOCALTM 
MAT 0.998646 0.0441164 0.0275553 0.0
MAT -0.0428748 0.998105 -0.0441311 0.0
MAT -0.02945 0.04289 0.998646 0.0
MAT 0.572546 0.0 -4.76837e-007 1.0
WORLDTM 
MAT 0.663013 0.747284 0.0445148 0.0
MAT -0.0272001 -0.0353768 0.999004 0.0
MAT 0.748114 -0.663564 -0.00312911 0.0
MAT 3.47357 6.67603 -0.0490701 1.0
VERTEX = 9
8.49002 12.7056 0.551282
8.86407 12.3738 0.549717
8.87768 12.3915 0.0502152
8.50362 12.7233 0.0517797
11.1508 15.3666 0.492732
11.1882 15.3334 0.492576
11.1895 15.3351 0.442626
11.1521 15.3683 0.442782
8.51809 12.3617 0.28962
INDEX = 14
4 5 7
6 7 5
1 2 5
6 5 2
0 1 4
5 4 1
7 6 3
2 3 6
4 7 0
3 0 7
8 1 0
8 2 1
8 3 2
8 0 3
FACE-NORMAL = 14
0.663013 0.747283 0.0445148
0.663013 0.747283 0.0445148
0.78648 -0.617616 -0.000457401
0.78648 -0.617616 -0.000457399
0.0125581 0.00944323 0.999877
0.0125581 0.00944325 0.999877
0.0668606 0.0800698 -0.994544
0.0668606 0.0800698 -0.994544
-0.707061 0.707129 0.00578959
-0.707061 0.707129 0.00578959
-0.488054 -0.553424 0.674926
0.0601752 -0.997619 -0.0336893
-0.449588 -0.503394 -0.737879
-0.997817 -0.0591988 -0.0292641
BONE = 8
BONE_NAME = Bip01-HeadNub
PARENT_ID = 7
LOCALTM 
MAT 1.0 0.0 0.0 0.0
MAT 0.0 1.0 0.0 0.0
MAT 0.0 0.0 1.0 0.0
MAT 7.60847 0.0 4.76837e-007 1.0
WORLDTM 
MAT 0.663013 0.747284 0.0445148 0.0
MAT -0.0272001 -0.0353768 0.999004 0.0
MAT 0.748114 -0.663564 -0.00312911 0.0
MAT 8.51809 12.3617 0.28962 1.0
VERTEX = 9
6.3293 9.19677 -1.82855
5.88077 8.98079 -1.87517
5.70803 9.38935 -2.10592
6.15656 9.60533 -2.0593
7.08299 7.85176 -5.26172
7.03814 7.83017 -5.26639
7.02087 7.87102 -5.28946
7.06572 7.89262 -5.2848
5.94978 9.3885 -1.74668
INDEX = 14
4 5 7
6 7 5
1 2 5
6 5 2
0 1 4
5 4 1
7 6 3
2 3 6
4 7 0
3 0 7
8 1 0
8 2 1
8 3 2
8 0 3
FACE-NORMAL = 14
0.275537 -0.381778 -0.882227
0.275537 -0.381778 -0.882227
-0.878948 -0.454048 -0.145914
-0.878948 -0.454048 -0.145914
0.36137 -0.838502 0.407831
0.36137 -0.838502 0.407831
-0.328365 0.792771 -0.513508
-0.328365 0.792771 -0.513508
0.911953 0.408317 0.0402364
0.911953 0.408317 0.0402364
0.0494627 -0.307822 0.950157
-0.829152 -0.0354828 0.557897
-0.43913 0.847737 0.297501
0.439484 0.575398 0.689761
BONE = 9
BONE_NAME = OMG_EyeR_B04
PARENT_ID = 7
LOCALTM 
MAT -0.141884 -0.875337 0.462227 0.0
MAT -0.361001 0.480547 0.799219 0.0
MAT -0.921709 -0.0534681 -0.38418 0.0
MAT 3.59318 -1.85923 0.0578952 1.0
WORLDTM 
MAT 0.275537 -0.381778 -0.882228 0.0
MAT 0.345488 -0.817104 0.461498 0.0
MAT -0.897061 -0.431958 -0.0932425 0.0
MAT 5.94978 9.3885 -1.74668 1.0
VERTEX = 9
5.77355 8.84137 2.06372
6.22354 9.05923 2.05667
6.03782 9.45091 2.30586
5.58783 9.23305 2.31291
6.74822 7.45333 5.42335
6.79322 7.47511 5.42265
6.77464 7.51428 5.44757
6.72965 7.4925 5.44827
5.84864 9.25696 1.96808
INDEX = 14
4 5 7
6 7 5
1 2 5
6 5 2
0 1 4
5 4 1
7 6 3
2 3 6
4 7 0
3 0 7
8 1 0
8 2 1
8 3 2
8 0 3
FACE-NORMAL = 14
0.228199 -0.443289 0.866845
0.228199 -0.443289 0.866845
0.912028 0.408379 0.0378366
0.912028 0.408379 0.0378366
0.384441 -0.808502 -0.445566
0.384441 -0.808502 -0.445566
-0.357106 0.755403 0.5494
-0.357106 0.755403 0.5494
-0.884693 -0.461478 0.0659981
-0.884693 -0.461478 0.0659981
0.101287 -0.240466 -0.965358
0.475018 0.621546 -0.622927
-0.424009 0.867371 -0.260546
-0.79774 0.00535852 -0.602977
BONE = 10
BONE_NAME = OMG_EyeL_B01
PARENT_ID = 7
LOCALTM 
MAT -0.141376 0.875456 0.462156 0.0
MAT -0.361306 -0.480272 0.799247 0.0
MAT 0.921667 -0.0539855 0.384207 0.0
MAT 3.59318 1.85923 0.0578904 1.0
WORLDTM 
MAT 0.228199 -0.443289 0.866845 0.0
MAT 0.371441 -0.783359 -0.498378 0.0
MAT 0.899977 0.435711 -0.0141061 0.0
MAT 5.84864 9.25696 1.96808 1.0
VERTEX = 9
5.94326 9.0067 -1.54252
6.26962 9.37527 -1.45508
5.8957 9.70719 -1.45856
5.56934 9.33862 -1.54599
5.46733 8.84849 2.18739
5.49997 8.88535 2.19613
5.46258 8.91854 2.19578
5.42994 8.88168 2.18704
5.94978 9.3885 -1.74668
INDEX = 14
4 5 7
6 7 5
1 2 5
6 5 2
0 1 4
5 4 1
7 6 3
2 3 6
4 7 0
3 0 7
8 1 0
8 2 1
8 3 2
8 0 3
FACE-NORMAL = 14
-0.121206 -0.126248 0.984566
-0.121206 -0.126248 0.984566
0.644282 0.728261 0.233529
0.644282 0.728261 0.233529
0.739245 -0.670205 0.0658984
0.739244 -0.670205 0.0658984
-0.753763 0.655083 0.0520374
-0.753763 0.655083 0.0520374
-0.658801 -0.743384 -0.115593
-0.658801 -0.743384 -0.115593
0.614513 -0.380132 -0.691284
0.547244 0.610512 -0.572538
-0.443101 0.558674 -0.701103
-0.375832 -0.43197 -0.819849
BONE = 11
BONE_NAME = OMG_EyeR_B02
PARENT_ID = 7
LOCALTM 
MAT -0.130877 0.991348 -0.00998338 0.0
MAT 6.77407e-005 0.0100789 0.999949 0.0
MAT 0.991398 0.130869 -0.0013864 0.0
MAT 3.59318 -1.85923 0.0578952 1.0
WORLDTM 
MAT -0.121206 -0.126248 0.984567 0.0
MAT 0.747847 -0.663836 0.00694296 0.0
MAT 0.652714 0.737146 0.174875 0.0
MAT 5.94978 9.3885 -1.74668 1.0
VERTEX = 9
6.18387 9.26375 1.69409
5.85396 8.89055 1.7374
5.47976 9.22211 1.74399
5.80968 9.59532 1.70069
5.61474 9.03461 -2.01904
5.58175 8.99729 -2.01471
5.54433 9.03045 -2.01405
5.57732 9.06777 -2.01838
5.84864 9.25696 1.96808
INDEX = 14
4 5 7
6 7 5
1 2 5
6 5 2
0 1 4
5 4 1
7 6 3
2 3 6
4 7 0
3 0 7
8 1 0
8 2 1
8 3 2
8 0 3
FACE-NORMAL = 14
-0.0672751 -0.0561084 -0.996156
-0.0672751 -0.0561084 -0.996156
-0.662678 -0.748426 0.0267852
-0.662678 -0.748426 0.0267852
0.743022 -0.665292 -0.0728308
0.743022 -0.665292 -0.0728308
-0.751081 0.658572 -0.0464933
-0.751081 0.658572 -0.0464933
0.654619 0.741705 -0.146109
0.654619 0.741705 -0.146109
0.576766 -0.429224 0.69506
-0.419002 -0.488113 0.765626
-0.481624 0.508573 0.713717
0.514143 0.567463 0.643151
BONE = 12
BONE_NAME = OMG_EyeL_B02
PARENT_ID = 7
LOCALTM 
MAT -0.130877 -0.991348 -0.00998086 0.0
MAT 6.79493e-005 -0.0100765 0.999949 0.0
MAT -0.991399 0.130869 0.00138602 0.0
MAT 3.59318 1.85923 0.0578904 1.0
WORLDTM 
MAT -0.0672751 -0.0561084 -0.996156 0.0
MAT 0.748395 -0.663123 -0.0131924 0.0
MAT -0.659833 -0.746405 0.0866028 0.0
MAT 5.84864 9.25696 1.96808 1.0
VERTEX = 9
5.39233 6.17269 0.980878
5.66766 6.56157 1.13242
5.27544 6.7406 1.38562
5.00011 6.35171 1.23408
6.40978 4.49099 4.19031
6.43731 4.52988 4.20547
6.39809 4.54778 4.23079
6.37056 4.50889 4.21563
5.26255 6.58579 0.981428
INDEX = 14
4 5 7
6 7 5
1 2 5
6 5 2
0 1 4
5 4 1
7 6 3
2 3 6
4 7 0
3 0 7
8 1 0
8 2 1
8 3 2
8 0 3
FACE-NORMAL = 14
0.285346 -0.516601 0.80728
0.285346 -0.516601 0.80728
0.566758 0.745431 0.350882
0.566757 0.745431 0.350882
0.800128 -0.38835 -0.457144
0.800128 -0.38835 -0.457144
-0.765948 0.326469 0.553843
-0.765948 0.326469 0.553843
-0.532577 -0.807312 -0.254183
-0.532577 -0.807312 -0.254183
0.352917 0.112111 -0.928914
0.187602 0.915257 -0.356526
-0.756457 0.618473 -0.212752
-0.591143 -0.184673 -0.785141
BONE = 13
BONE_NAME = OMG_Mouth_B01
PARENT_ID = 7
LOCALTM 
MAT -0.160923 0.81699 0.553743 0.0
MAT 0.229989 -0.514568 0.826029 0.0
MAT 0.959796 0.260282 -0.105093 0.0
MAT 1.16455 0.984003 1.39501 1.0
WORLDTM 
MAT 0.285347 -0.516601 0.80728 0.0
MAT 0.784446 -0.358052 -0.506403 0.0
MAT 0.550656 0.777768 0.303077 0.0
MAT 5.26255 6.58579 0.981428 1.0
VERTEX = 9
4.60376 6.58461 -0.982973
5.04766 6.81391 -0.963608
5.124 6.62746 -0.505997
4.6801 6.39817 -0.525362
6.46597 3.57907 -2.2724
6.51036 3.602 -2.27047
6.518 3.58336 -2.22471
6.47361 3.56043 -2.22664
4.75534 6.80769 -0.644214
INDEX = 14
4 5 7
6 7 5
1 2 5
6 5 2
0 1 4
5 4 1
7 6 3
2 3 6
4 7 0
3 0 7
8 1 0
8 2 1
8 3 2
8 0 3
FACE-NORMAL = 14
0.434162 -0.806619 -0.401085
0.434162 -0.806619 -0.401085
0.912209 0.409464 0.0146393
0.912209 0.409464 0.0146393
-0.126419 0.323919 -0.937601
-0.126419 0.323919 -0.937601
0.178425 -0.420539 0.889557
0.178425 -0.420539 0.889557
-0.860203 -0.506085 -0.0626831
-0.860203 -0.506085 -0.0626831
-0.414971 0.834045 -0.363549
0.32077 0.894644 0.310997
-0.199026 0.306687 0.930769
-0.934767 0.246088 0.256223
BONE = 14
BONE_NAME = OMG_Mouth_B04
PARENT_ID = 7
LOCALTM 
MAT -0.332772 -0.383959 0.8613 0.0
MAT 0.136681 -0.923348 -0.358812 0.0
MAT 0.933049 -0.00167977 0.359745 0.0
MAT 0.921727 -0.634072 0.873397 1.0
WORLDTM 
MAT 0.434162 -0.80662 -0.401085 0.0
MAT -0.152696 0.372899 -0.915222 0.0
MAT 0.8878 0.458598 0.0387308 0.0
MAT 4.75534 6.80769 -0.644214 1.0
VERTEX = 9
6.10615 6.50824 -1.26264
6.21171 6.27432 -0.833523
5.75851 6.06314 -0.837156
5.65295 6.29706 -1.26627
7.32176 3.39657 -2.99573
7.33232 3.37318 -2.95281
7.287 3.35206 -2.95318
7.27644 3.37546 -2.99609
5.84086 6.47978 -0.921593
INDEX = 14
4 5 7
6 7 5
1 2 5
6 5 2
0 1 4
5 4 1
7 6 3
2 3 6
4 7 0
3 0 7
8 1 0
8 2 1
8 3 2
8 0 3
FACE-NORMAL = 14
0.36588 -0.776365 -0.513214
0.36588 -0.776365 -0.513214
0.232654 -0.513494 0.825951
0.232654 -0.513494 0.825951
0.926686 0.375102 -0.0234843
0.926686 0.375102 -0.0234843
-0.882859 -0.468099 -0.0379909
-0.882859 -0.468099 -0.0379908
-0.188827 0.420498 -0.887427
-0.188827 0.420498 -0.887427
0.382205 0.847626 0.368035
-0.109432 0.218163 0.969757
-0.899638 0.25032 0.357759
-0.408 0.879783 -0.243963
BONE = 15
BONE_NAME = OMG_Mouth_B06
PARENT_ID = 7
LOCALTM 
MAT -0.360427 -0.49519 0.790493 0.0
MAT 0.9169 -0.0323367 0.397806 0.0
MAT -0.171427 0.868183 0.465694 0.0
MAT 1.38405 -0.929101 1.90395 1.0
WORLDTM 
MAT 0.36588 -0.776365 -0.513215 0.0
MAT 0.9064 0.422359 0.00726631 0.0
MAT 0.211119 -0.467836 0.85823 0.0
MAT 5.84086 6.47978 -0.921593 1.0
VERTEX = 9
4.99279 6.74132 0.958879
4.54557 6.51905 0.934603
4.64777 6.36412 0.470329
5.09499 6.58639 0.494605
6.32904 3.41987 2.11913
6.28432 3.39765 2.1167
6.29454 3.38215 2.07027
6.33926 3.40438 2.0727
4.72085 6.76283 0.622598
INDEX = 14
4 5 7
6 7 5
1 2 5
6 5 2
0 1 4
5 4 1
7 6 3
2 3 6
4 7 0
3 0 7
8 1 0
8 2 1
8 3 2
8 0 3
FACE-NORMAL = 14
0.397736 -0.840455 0.368025
0.397736 -0.840455 0.368025
-0.869013 -0.494083 -0.0264239
-0.869013 -0.494083 -0.0264239
-0.180222 0.258972 0.948922
-0.180222 0.258972 0.948922
0.227864 -0.359646 -0.904839
0.227864 -0.359646 -0.904839
0.916656 0.393409 0.0705076
0.916656 0.393409 0.0705076
-0.425781 0.813399 0.396349
-0.913706 0.279951 -0.294565
-0.136702 0.375183 -0.916815
0.351223 0.908632 -0.225901
BONE = 16
BONE_NAME = OMG_Mouth_B08
PARENT_ID = 7
LOCALTM 
MAT -0.347971 0.386572 0.854095 0.0
MAT 0.137365 0.92222 -0.361442 0.0
MAT -0.927387 -0.00844916 -0.374008 0.0
MAT 0.921726 0.634001 0.873396 1.0
WORLDTM 
MAT 0.397736 -0.840455 0.368025 0.0
MAT -0.20441 0.309865 0.928548 0.0
MAT -0.89444 -0.444544 -0.0485529 0.0
MAT 4.72085 6.76283 0.622598 1.0
VERTEX = 9
6.1658 6.21461 0.852573
6.03662 6.41782 1.29078
5.5843 6.20778 1.25484
5.71348 6.00458 0.816635
7.17515 3.16878 2.81927
7.16224 3.18911 2.86309
7.117 3.1681 2.85949
7.12992 3.14778 2.81567
5.79031 6.41405 0.93466
INDEX = 14
4 5 7
6 7 5
1 2 5
6 5 2
0 1 4
5 4 1
7 6 3
2 3 6
4 7 0
3 0 7
8 1 0
8 2 1
8 3 2
8 0 3
FACE-NORMAL = 14
0.338941 -0.811401 0.47618
0.338941 -0.811401 0.47618
-0.237586 0.357084 0.903351
-0.237586 0.357084 0.903351
0.923317 0.37072 0.100267
0.923317 0.37072 0.100267
-0.882717 -0.467913 -0.0432277
-0.882717 -0.467913 -0.0432277
0.278186 -0.454277 -0.846312
0.278186 -0.454277 -0.846312
0.40001 0.870782 -0.285886
-0.422348 0.861122 0.283002
-0.879345 0.276712 -0.387534
-0.0569864 0.286372 -0.956422
BONE = 17
BONE_NAME = OMG_Mouth_B10
PARENT_ID = 7
LOCALTM 
MAT -0.360427 0.495191 0.790492 0.0
MAT 0.9169 0.0323376 0.397806 0.0
MAT 0.171427 0.868182 -0.465696 0.0
MAT 1.38405 0.929002 1.90394 1.0
WORLDTM 
MAT 0.338941 -0.811401 0.47618 0.0
MAT 0.904641 0.420071 0.0718763 0.0
MAT -0.25835 0.40641 0.876405 0.0
MAT 5.79031 6.41405 0.93466 1.0
VERTEX = 9
5.07026 6.67632 0.244756
4.63138 6.43765 0.224345
4.64507 6.45519 -0.27516
5.08395 6.69387 -0.254749
6.67257 3.28425 -0.0556787
6.62868 3.26039 -0.0577198
6.63005 3.26214 -0.10767
6.67394 3.28601 -0.105629
4.73809 6.78526 -0.0107707
INDEX = 14
4 5 7
6 7 5
1 2 5
6 5 2
0 1 4
5 4 1
7 6 3
2 3 6
4 7 0
3 0 7
8 1 0
8 2 1
8 3 2
8 0 3
FACE-NORMAL = 14
0.478304 -0.878015 -0.0177259
0.478304 -0.878015 -0.0177259
-0.847545 -0.529074 -0.0418098
-0.847545 -0.529074 -0.0418098
0.00131539 -0.0876076 0.996154
0.0013154 -0.0876077 0.996154
0.0559781 -0.0175651 -0.998277
0.055978 -0.017565 -0.998277
0.904838 0.423901 0.0396865
0.904838 0.423901 0.0396865
-0.357573 0.596042 0.71894
-0.958887 0.283317 -0.016331
-0.318851 0.645659 -0.693872
0.282463 0.958384 0.0413992
BONE = 18
BONE_NAME = OMG_Mouth_B12
PARENT_ID = 7
LOCALTM 
MAT -0.339794 0.000343187 0.9405 0.0
MAT 9.92082e-005 1.0 -0.000329066 0.0
MAT -0.9405 -1.85054e-005 -0.339794 0.0
MAT 0.921726 1.90735e-006 0.873397 1.0
WORLDTM 
MAT 0.478304 -0.878016 -0.0177259 0.0
MAT -0.0273805 -0.0350843 0.999009 0.0
MAT -0.877768 -0.477345 -0.0408214 0.0
MAT 4.73809 6.78526 -0.0107707 1.0
VERTEX = 9
6.15234 6.32871 -0.238621
6.13869 6.31113 0.260884
5.68205 6.1084 0.241268
5.6957 6.12598 -0.258236
7.46485 2.80418 -0.101616
7.46348 2.80242 -0.0516655
7.41782 2.78215 -0.0536271
7.41919 2.78391 -0.103578
5.81558 6.44691 0.00658663
INDEX = 14
4 5 7
6 7 5
1 2 5
6 5 2
0 1 4
5 4 1
7 6 3
2 3 6
4 7 0
3 0 7
8 1 0
8 2 1
8 3 2
8 0 3
FACE-NORMAL = 14
0.406438 -0.913436 -0.021052
0.406438 -0.913436 -0.021052
-0.00290829 -0.0898161 0.995954
-0.00290829 -0.0898162 0.995954
0.935974 0.350024 0.0379004
0.935974 0.350024 0.0379004
-0.887289 -0.45944 -0.0404221
-0.887289 -0.45944 -0.0404221
0.0515933 -0.0195994 -0.998476
0.0515933 -0.0195994 -0.998476
0.358385 0.9326 0.042627
-0.306699 0.621027 0.721292
-0.933175 0.359193 -0.0128549
-0.268091 0.670767 -0.691519
BONE = 19
BONE_NAME = OMG_Mouth_B14
PARENT_ID = 7
LOCALTM 
MAT -0.414059 0.000228237 0.91025 0.0
MAT 0.91025 7.70018e-006 0.414059 0.0
MAT 8.74847e-005 1.0 -0.000210805 0.0
MAT 1.38405 3.8147e-006 1.90395 1.0
WORLDTM 
MAT 0.406438 -0.913436 -0.021052 0.0
MAT 0.913271 0.40546 0.0392317 0.0
MAT -0.0272998 -0.0351715 0.999009 0.0
MAT 5.81558 6.44691 0.00658663 1.0
VERTEX = 9
7.47371 4.9597 -0.25071
7.8097 5.32932 -0.228515
7.79605 5.31173 0.270989
7.46006 4.94212 0.248794
10.394 2.59612 -0.0288961
10.4276 2.63308 -0.0266766
10.4262 2.63132 0.0232738
10.3926 2.59436 0.0210544
7.44987 5.30385 0.0110031
INDEX = 14
4 5 7
6 7 5
1 2 5
6 5 2
0 1 4
5 4 1
7 6 3
2 3 6
4 7 0
3 0 7
8 1 0
8 2 1
8 3 2
8 0 3
FACE-NORMAL = 14
0.740061 -0.672531 -0.00345354
0.740061 -0.672531 -0.00345354
0.715104 0.697626 0.044103
0.715104 0.697626 0.044103
0.0715752 -0.00517083 -0.997422
0.0715752 -0.00517084 -0.997422
0.0170727 -0.075388 0.997008
0.0170727 -0.075388 0.997008
-0.626456 -0.778185 -0.0445166
-0.626456 -0.778185 -0.0445166
-0.503998 0.500421 -0.703964
-0.0481362 0.998268 0.0338301
-0.542606 0.450681 0.708848
-0.998468 -0.0471648 -0.0289461
BONE = 20
BONE_NAME = OMG_Nose_B01
PARENT_ID = 19
LOCALTM 
MAT 0.915175 0.403056 1.93715e-007 0.0
MAT 0.0 5.3551e-007 -1.0 0.0
MAT -0.403056 0.915175 4.80562e-007 0.0
MAT 1.70825 1.02925 -4.47035e-007 1.0
WORLDTM 
MAT 0.740061 -0.672531 -0.00345355 0.0
MAT 0.0273003 0.0351717 -0.999009 0.0
MAT 0.671986 0.739233 0.0443895 0.0
MAT 7.44987 5.30385 0.0110031 1.0
VERTEX = 9
5.72878 6.64132 -1.11491
5.44647 6.24309 -1.00672
5.0681 6.44056 -1.26718
5.35041 6.83879 -1.37537
6.66687 4.83392 -4.27988
6.63863 4.7941 -4.26906
6.6008 4.81384 -4.29511
6.62903 4.85367 -4.30593
5.31608 6.65541 -0.984614
INDEX = 14
4 5 7
6 7 5
1 2 5
6 5 2
0 1 4
5 4 1
7 6 3
2 3 6
4 7 0
3 0 7
8 1 0
8 2 1
8 3 2
8 0 3
FACE-NORMAL = 14
0.329438 -0.457882 -0.825721
0.329438 -0.457882 -0.825721
-0.54389 -0.822463 0.166546
-0.54389 -0.822463 0.166546
0.775114 -0.421659 0.470533
0.775114 -0.421659 0.470533
-0.735653 0.366812 -0.569442
-0.735653 0.366812 -0.569442
0.583352 0.767616 -0.265455
0.583352 0.767616 -0.265455
0.30215 0.0445037 0.952221
-0.632205 -0.239417 0.736883
-0.768045 0.603039 0.215525
0.166309 0.88696 0.430863
BONE = 21
BONE_NAME = OMG_Mouth_B16
PARENT_ID = 7
LOCALTM 
MAT -0.160503 -0.81766 0.552874 0.0
MAT 0.229783 0.513792 0.826569 0.0
MAT -0.959916 0.259708 0.10542 0.0
MAT 1.16455 -0.983998 1.39501 1.0
WORLDTM 
MAT 0.329438 -0.457882 -0.825721 0.0
MAT 0.756742 -0.394944 0.520923 0.0
MAT -0.564635 -0.79647 0.216389 0.0
MAT 5.31608 6.65541 -0.984614 1.0
VERTEX = 9
5.9209 8.84717 2.08786
6.26648 9.20811 2.07064
5.94907 9.52271 2.29487
5.60349 9.16177 2.31209
7.22887 8.07084 5.53029
7.26342 8.10693 5.52857
7.23168 8.13839 5.55099
7.19713 8.1023 5.55271
5.84864 9.25696 1.96808
INDEX = 14
4 5 7
6 7 5
1 2 5
6 5 2
0 1 4
5 4 1
7 6 3
2 3 6
4 7 0
3 0 7
8 1 0
8 2 1
8 3 2
8 0 3
FACE-NORMAL = 14
0.34541 -0.288087 0.89314
0.34541 -0.288087 0.89314
0.710603 0.703333 0.0191057
0.710603 0.703333 0.0191057
0.654366 -0.645323 -0.394161
0.654366 -0.645323 -0.394161
-0.612992 0.610815 0.501146
-0.612992 0.610815 0.501146
-0.669229 -0.737842 0.0878787
-0.669229 -0.737842 0.0878787
0.204643 -0.241202 -0.948653
0.24448 0.714157 -0.655904
-0.693126 0.648618 -0.314437
-0.732963 -0.306741 -0.607186
BONE = 22
BONE_NAME = Point08
PARENT_ID = 7
LOCALTM 
MAT 0.0534866 0.893046 0.446775 0.0
MAT -0.0692594 -0.44302 0.893833 0.0
MAT 0.996164 -0.0787515 0.0381562 0.0
MAT 3.59318 1.85923 0.0578904 1.0
WORLDTM 
MAT 0.34541 -0.288087 0.89314 0.0
MAT 0.634819 -0.629199 -0.448459 0.0
MAT 0.691157 0.721884 -0.0344484 0.0
MAT 5.84864 9.25696 1.96808 1.0
VERTEX = 9
6.37392 9.35031 -1.82512
6.03397 8.99025 -1.89434
5.72861 9.32052 -2.11269
6.06856 9.68058 -2.04347
7.60573 8.54053 -5.28787
7.57174 8.50452 -5.29479
7.5412 8.53755 -5.31663
7.57519 8.57356 -5.30971
5.94978 9.3885 -1.74668
INDEX = 14
4 5 7
6 7 5
1 2 5
6 5 2
0 1 4
5 4 1
7 6 3
2 3 6
4 7 0
3 0 7
8 1 0
8 2 1
8 3 2
8 0 3
FACE-NORMAL = 14
0.405921 -0.212366 -0.888892
0.405921 -0.212366 -0.888892
-0.654359 -0.731555 -0.191421
-0.654359 -0.731555 -0.191421
0.633934 -0.672075 0.382679
0.633934 -0.672075 0.382679
-0.58531 0.646637 -0.489155
-0.585311 0.646637 -0.489155
0.702982 0.706117 0.0849452
0.702982 0.706117 0.0849452
0.144814 -0.316908 0.937336
-0.767785 -0.359042 0.530656
-0.718872 0.617239 0.319747
0.193726 0.659373 0.726427
BONE = 23
BONE_NAME = Point07
PARENT_ID = 7
LOCALTM 
MAT 0.0708639 -0.891535 0.447375 0.0
MAT -0.0692578 0.443022 0.893831 0.0
MAT -0.995079 -0.0943247 -0.0303518 0.0
MAT 3.59318 -1.85923 0.0578952 1.0
WORLDTM 
MAT 0.405921 -0.212366 -0.888892 0.0
MAT 0.610719 -0.660542 0.436701 0.0
MAT -0.679891 -0.720129 -0.138432 0.0
MAT 5.94978 9.3885 -1.74668 1.0
VERTEX = 9
5.95551 13.2176 -0.00714487
5.45559 13.2107 -0.0128581
5.45004 13.1991 0.486978
5.94996 13.2061 0.492692
5.67509 16.9579 0.301096
5.6251 16.9572 0.300525
5.62455 16.9561 0.350508
5.67454 16.9568 0.35108
5.70631 12.9585 0.234191
INDEX = 14
4 5 7
6 7 5
1 2 5
6 5 2
0 1 4
5 4 1
7 6 3
2 3 6
4 7 0
3 0 7
8 1 0
8 2 1
8 3 2
8 0 3
FACE-NORMAL = 14
-0.0141212 0.999638 0.0229028
-0.0141212 0.999638 0.0229028
-0.99889 0.0460335 -0.0100342
-0.99889 0.0460335 -0.0100342
0.0102391 0.0828896 -0.996506
0.0102391 0.0828897 -0.996506
-0.0119306 0.0368516 0.99925
-0.0119306 0.0368516 0.99925
0.997198 0.0737077 0.0127776
0.997198 0.0737077 0.0127776
0.0178375 -0.690545 -0.72307
-0.697008 -0.716653 -0.0242744
0.00213293 -0.723157 0.69068
0.716978 -0.697049 -0.00811504
BONE = 24
BONE_NAME = OMG_Horn_B
PARENT_ID = 7
LOCALTM 
MAT 0.73867 -0.0120999 -0.673959 0.0
MAT -0.0199049 -0.999794 -0.00386635 0.0
MAT -0.673774 0.0162711 -0.738759 0.0
MAT 6.1877 -3.78489e-006 -2.49934 1.0
WORLDTM 
MAT -0.0141212 0.999639 0.0229028 0.0
MAT 0.0111048 0.0230605 -0.999673 0.0
MAT -0.999839 -0.013862 -0.0114264 0.0
MAT 5.70631 12.9585 0.234191 1.0
VERTEX = 9
13.9366 10.7395 0.114055
13.9366 10.7395 0.614055
13.9366 10.2395 0.614055
13.9366 10.2395 0.114054
17.6866 10.5145 0.339054
17.6866 10.5145 0.389054
17.6866 10.4645 0.389054
17.6866 10.4645 0.339054
13.6866 10.4895 0.364055
INDEX = 14
4 5 7
6 7 5
1 2 5
6 5 2
0 1 4
5 4 1
7 6 3
2 3 6
4 7 0
3 0 7
8 1 0
8 2 1
8 3 2
8 0 3
FACE-NORMAL = 14
1.0 0.0 -1.6077e-007
1.0 0.0 -1.6077e-007
0.0598924 -7.16128e-007 0.998205
0.0598924 -7.16128e-007 0.998205
0.059892 0.998205 6.92257e-007
0.059892 0.998205 6.92257e-007
0.0598927 -0.998205 -7.11515e-007
0.0598926 -0.998205 -7.11515e-007
0.0598922 7.30408e-007 -0.998205
0.0598922 7.30408e-007 -0.998205
-0.707107 0.707107 6.10882e-007
-0.707107 -5.96641e-007 0.707107
-0.707107 -0.707107 -3.8352e-007
-0.707107 4.28054e-007 -0.707107
BONE = 25
BONE_NAME = FxTop
PARENT_ID = 7
LOCALTM 
MAT 0.663013 -0.0272002 0.748113 0.0
MAT 0.747283 -0.0353761 -0.663564 0.0
MAT 0.0445143 0.999004 -0.00312853 0.0
MAT 9.63952 8.9407e-006 5.10875 1.0
WORLDTM 
MAT 1.0 1.19209e-007 -1.6077e-007 0.0
MAT -3.42727e-007 1.0 7.03149e-007 0.0
MAT 0.0 -7.24569e-007 1.0 0.0
MAT 13.6866 10.4895 0.364055 1.0
VERTEX = 9
2.51391 6.33243 -0.558352
2.13133 6.65153 -0.51587
2.41744 7.01882 -0.698194
2.80001 6.69971 -0.740676
1.36373 5.77733 -4.09851
1.32547 5.80924 -4.09426
1.35408 5.84597 -4.1125
1.39234 5.81406 -4.11674
2.53946 6.73322 -0.396458
INDEX = 14
4 5 7
6 7 5
1 2 5
6 5 2
0 1 4
5 4 1
7 6 3
2 3 6
4 7 0
3 0 7
8 1 0
8 2 1
8 3 2
8 0 3
FACE-NORMAL = 14
-0.295137 -0.230394 -0.927261
-0.295137 -0.230394 -0.927261
-0.781458 0.623271 0.0292767
-0.781458 0.623271 0.0292767
-0.588866 -0.747055 0.308457
-0.588866 -0.747055 0.308457
0.553513 0.719457 -0.419529
0.553513 0.719457 -0.419529
0.746105 -0.650869 -0.140348
0.746105 -0.650869 -0.140348
-0.195925 -0.35651 0.913517
-0.332353 0.6142 0.715752
0.613312 0.682336 0.397828
0.749739 -0.288374 0.595593
BONE = 26
BONE_NAME = Bip01-R-Clavicle
PARENT_ID = 5
LOCALTM 
MAT -0.367635 -0.929272 -0.0360329 0.0
MAT -0.92997 0.367326 0.0150906 0.0
MAT -0.000787467 0.0390575 -0.999237 0.0
MAT 1.85367 -0.380717 -0.737183 1.0
WORLDTM 
MAT -0.295137 -0.230394 -0.927261 0.0
MAT -0.572217 -0.734575 0.364648 0.0
MAT -0.765155 0.638216 0.0849651 0.0
MAT 2.53946 6.73322 -0.396458 1.0
VERTEX = 9
2.17214 6.11155 -1.4825
1.84493 6.48959 -1.47784
2.20466 6.8028 -1.62782
2.53187 6.42476 -1.63248
1.31445 5.71159 -5.12504
1.28173 5.74939 -5.12458
1.3177 5.78071 -5.13958
1.35042 5.74291 -5.14004
2.24656 6.50458 -1.31668
INDEX = 14
4 5 7
6 7 5
1 2 5
6 5 2
0 1 4
5 4 1
7 6 3
2 3 6
4 7 0
3 0 7
8 1 0
8 2 1
8 3 2
8 0 3
FACE-NORMAL = 14
-0.232621 -0.189607 -0.953906
-0.232621 -0.189607 -0.953906
-0.667182 0.743357 -0.0478424
-0.667182 0.743357 -0.0478424
-0.732096 -0.636656 0.242291
-0.732096 -0.636656 0.242291
0.704232 0.613944 -0.356555
0.704232 0.613944 -0.356555
0.639317 -0.766069 -0.0664208
0.639317 -0.766069 -0.0664208
-0.344244 -0.308876 0.886618
-0.29826 0.668695 0.681094
0.67322 0.577021 0.462409
0.627236 -0.40055 0.667933
BONE = 27
BONE_NAME = Bip01-R-UpperArm
PARENT_ID = 26
LOCALTM 
MAT 0.996859 -0.0754496 -0.0240674 0.0
MAT 0.0785196 0.98122 0.176187 0.0
MAT 0.0103222 -0.177524 0.984062 0.0
MAT 0.992413 0.0 -7.15256e-007 1.0
WORLDTM 
MAT -0.232621 -0.189607 -0.953906 0.0
MAT -0.719456 -0.626424 0.299961 0.0
MAT -0.654425 0.756071 0.00930592 0.0
MAT 2.24656 6.50458 -1.31668 1.0
VERTEX = 9
2.02158 5.9055 -2.27394
1.81053 5.93119 -2.72649
2.17026 6.2444 -2.87647
2.3813 6.21871 -2.42392
4.15685 3.1413 -3.67522
4.13574 3.14387 -3.72048
4.17171 3.17519 -3.73547
4.19282 3.17262 -3.69022
1.95803 6.2694 -2.49986
INDEX = 14
4 5 7
6 7 5
1 2 5
6 5 2
0 1 4
5 4 1
7 6 3
2 3 6
4 7 0
3 0 7
8 1 0
8 2 1
8 3 2
8 0 3
FACE-NORMAL = 14
0.551563 -0.777788 -0.301371
0.551563 -0.777788 -0.301371
-0.3883 0.00469936 -0.921521
-0.3883 0.00469934 -0.921521
-0.685129 -0.671883 0.281373
-0.685129 -0.671883 0.281373
0.751198 0.578716 -0.317473
0.751198 0.578716 -0.317473
0.454369 -0.0978663 0.885421
0.454369 -0.0978663 0.885421
-0.898746 0.10703 0.425206
-0.688478 0.586307 -0.426898
0.118718 0.992928 0.000996634
-0.0915499 0.513651 0.853101
BONE = 28
BONE_NAME = Bip01-R-Forearm
PARENT_ID = 27
LOCALTM 
MAT 0.306648 2.08616e-007 -0.951823 0.0
MAT 0.0 1.0 0.0 0.0
MAT 0.951823 0.0 0.306648 0.0
MAT 1.24035 0.0 2.38419e-007 1.0
WORLDTM 
MAT 0.551564 -0.777788 -0.301371 0.0
MAT -0.719456 -0.626424 0.299961 0.0
MAT -0.422092 0.0513751 -0.905096 0.0
MAT 1.95803 6.2694 -2.49986 1.0
VERTEX = 9
2.58915 5.783 -3.12229
2.84876 5.44213 -2.86459
2.44321 5.15058 -2.84167
2.18359 5.49145 -3.09937
3.53328 3.84149 -6.20497
3.55924 3.8074 -6.1792
3.51869 3.77825 -6.17691
3.49273 3.81234 -6.20268
2.44886 5.57725 -2.76805
INDEX = 14
4 5 7
6 7 5
1 2 5
6 5 2
0 1 4
5 4 1
7 6 3
2 3 6
4 7 0
3 0 7
8 1 0
8 2 1
8 3 2
8 0 3
FACE-NORMAL = 14
0.269282 -0.441845 -0.855722
0.269282 -0.441845 -0.855722
0.534426 -0.706974 0.463224
0.534426 -0.706974 0.463224
0.825774 0.555595 -0.0970091
0.825774 0.555595 -0.0970091
-0.793519 -0.608521 -0.00549321
-0.793518 -0.608521 -0.00549319
-0.50217 0.654048 -0.565727
-0.50217 0.654048 -0.565727
0.383125 0.724749 0.572673
0.17674 -0.169628 0.96953
-0.763947 -0.099886 0.637501
-0.557562 0.79449 0.240644
BONE = 29
BONE_NAME = Bip01-R-Hand
PARENT_ID = 28
LOCALTM 
MAT 0.750077 -0.173638 0.638149 0.0
MAT 0.00765765 -0.962573 -0.270913 0.0
MAT 0.661306 0.208092 -0.720674 0.0
MAT 0.889891 0.0 -2.38419e-007 1.0
WORLDTM 
MAT 0.269282 -0.441845 -0.855723 0.0
MAT 0.811103 0.583105 -0.0458403 0.0
MAT 0.51923 -0.681735 0.515401 0.0
MAT 2.44886 5.57725 -2.76805 1.0
VERTEX = 9
3.40767 5.96753 -3.38905
3.44519 5.52558 -3.15825
3.30158 5.29435 -3.57766
3.26406 5.7363 -3.80846
6.94087 5.40346 -4.55614
6.94462 5.35926 -4.53306
6.93026 5.33614 -4.575
6.92651 5.38033 -4.59808
3.1159 5.64835 -3.41121
INDEX = 14
4 5 7
6 7 5
1 2 5
6 5 2
0 1 4
5 4 1
7 6 3
2 3 6
4 7 0
3 0 7
8 1 0
8 2 1
8 3 2
8 0 3
FACE-NORMAL = 14
0.954917 -0.0696381 -0.288591
0.954917 -0.0696381 -0.288591
0.132103 -0.886489 0.443492
0.132103 -0.886489 0.443492
0.343908 0.457452 0.82004
0.343908 0.457452 0.82004
-0.229524 -0.465793 -0.854608
-0.229524 -0.465793 -0.854608
-0.0177184 0.878148 -0.478061
-0.0177184 0.878148 -0.478061
-0.472125 0.376245 0.797206
-0.622163 -0.575774 0.530469
-0.878332 -0.277762 -0.389078
-0.728293 0.674257 -0.12234
BONE = 30
BONE_NAME = Bip01-R-Finger0
PARENT_ID = 29
LOCALTM 
MAT 0.534864 0.747158 0.394556 0.0
MAT -0.844791 0.46418 0.266203 0.0
MAT 0.0157506 -0.4757 0.879466 0.0
MAT 0.698569 0.611978 -0.0336101 1.0
WORLDTM 
MAT 0.954917 -0.0696381 -0.288591 0.0
MAT 0.287231 0.462453 0.83883 0.0
MAT 0.0750453 -0.883905 0.461606 0.0
MAT 3.1159 5.64835 -3.41121 1.0
VERTEX = 9
3.93466 5.81473 -3.48526
3.76537 5.42964 -3.21499
3.62176 5.19841 -3.6344
3.79104 5.5835 -3.90467
7.15396 3.89013 -3.7948
7.13703 3.85162 -3.76777
7.12267 3.8285 -3.80971
7.1396 3.86701 -3.83674
3.5542 5.61639 -3.54367
INDEX = 14
4 5 7
6 7 5
1 2 5
6 5 2
0 1 4
5 4 1
7 6 3
2 3 6
4 7 0
3 0 7
8 1 0
8 2 1
8 3 2
8 0 3
FACE-NORMAL = 14
0.896027 -0.439268 -0.0646465
0.896027 -0.439268 -0.0646465
-0.284302 -0.795109 0.535699
-0.284302 -0.795109 0.535699
0.340381 0.435314 0.833452
0.340381 0.435314 0.833452
-0.233051 -0.487931 -0.841196
-0.233051 -0.487931 -0.841196
0.391632 0.742492 -0.543443
0.391632 0.742492 -0.543443
-0.430483 0.637612 0.638854
-0.872995 -0.233993 0.427933
-0.83669 -0.0163944 -0.547431
-0.394178 0.855211 -0.336509
BONE = 31
BONE_NAME = Bip01-R-Finger01
PARENT_ID = 30
LOCALTM 
MAT 0.904878 0.0 0.425672 0.0
MAT 0.0 1.0 1.19209e-007 0.0
MAT -0.425672 0.0 0.904877 0.0
MAT 0.458999 9.53674e-007 0.0 1.0
WORLDTM 
MAT 0.896028 -0.439268 -0.0646465 0.0
MAT 0.287231 0.462453 0.83883 0.0
MAT -0.338575 -0.770183 0.540541 0.0
MAT 3.5542 5.61639 -3.54367 1.0
VERTEX = 9
3.79108 5.4172 -3.21693
3.96068 5.80214 -3.48723
3.81706 5.57091 -3.90664
3.64746 5.18597 -3.63635
0.443544 7.13561 -3.28628
0.460504 7.17411 -3.31331
0.446143 7.15099 -3.35525
0.429183 7.11249 -3.32822
4.02802 5.3841 -3.57786
INDEX = 14
4 5 7
6 7 5
1 2 5
6 5 2
0 1 4
5 4 1
7 6 3
2 3 6
4 7 0
3 0 7
8 1 0
8 2 1
8 3 2
8 0 3
FACE-NORMAL = 14
-0.895793 0.439799 0.0642733
-0.895793 0.439799 0.0642733
0.284933 0.794838 -0.535766
0.284933 0.794838 -0.535766
0.233065 0.487963 0.841173
0.233065 0.487963 0.841173
-0.340367 -0.435282 -0.833474
-0.340367 -0.435282 -0.833474
-0.392235 -0.742157 0.543465
-0.392235 -0.742157 0.543465
0.836525 0.0160187 0.547694
0.873267 0.233402 -0.4277
0.430318 -0.637988 -0.63859
0.393576 -0.855372 0.336804
BONE = 32
BONE_NAME = Bip01-R-Finger0Nub
PARENT_ID = 31
LOCALTM 
MAT -1.0 0.0 -0.000690341 0.0
MAT 0.0 1.0 -4.17233e-007 0.0
MAT 0.000690401 -4.76837e-007 -1.0 0.0
MAT 0.528797 -3.57628e-007 4.76837e-007 1.0
WORLDTM 
MAT -0.895794 0.439799 0.0642733 0.0
MAT 0.287232 0.462453 0.83883 0.0
MAT 0.339193 0.769879 -0.540586 0.0
MAT 4.02802 5.3841 -3.57786 1.0
VERTEX = 9
3.07698 5.53816 -4.00927
3.34207 5.21082 -3.73987
2.97242 4.87678 -3.78203
2.70733 5.20412 -4.05142
4.58674 3.91446 -7.05031
4.61325 3.88172 -7.02337
4.57629 3.84832 -7.02759
4.54978 3.88105 -7.05453
2.92091 5.29587 -3.68609
INDEX = 14
4 5 7
6 7 5
1 2 5
6 5 2
0 1 4
5 4 1
7 6 3
2 3 6
4 7 0
3 0 7
8 1 0
8 2 1
8 3 2
8 0 3
FACE-NORMAL = 14
0.415151 -0.353621 -0.838213
0.415151 -0.353621 -0.838213
0.554096 -0.674692 0.487616
0.554096 -0.674692 0.487616
0.762831 0.645706 0.0339571
0.762831 0.645706 0.0339571
-0.713102 -0.688064 -0.134362
-0.713102 -0.688064 -0.134362
-0.504367 0.632333 -0.588021
-0.504367 0.632333 -0.588021
0.229203 0.722455 0.652323
0.0813397 -0.212886 0.973685
-0.816316 -0.222359 0.533089
-0.668452 0.712982 0.211727
BONE = 33
BONE_NAME = Bip01-R-Finger1
PARENT_ID = 29
LOCALTM 
MAT 0.985316 0.168956 0.0246188 0.0
MAT -0.168258 0.985341 -0.0281385 0.0
MAT -0.0290122 0.0235831 0.999301 0.0
MAT 1.03703 0.260895 -0.0362341 1.0
WORLDTM 
MAT 0.415152 -0.353621 -0.838214 0.0
MAT 0.739294 0.668084 0.0843109 0.0
MAT 0.530183 -0.654688 0.538786 0.0
MAT 2.92091 5.29587 -3.68609 1.0
VERTEX = 9
3.48109 5.1422 -4.41517
3.51723 5.0406 -3.92694
3.14758 4.70655 -3.9691
3.11144 4.80816 -4.45733
5.84161 2.2619 -4.95886
5.84523 2.25174 -4.91003
5.80826 2.21834 -4.91425
5.80465 2.2285 -4.96307
3.14696 5.10333 -4.14251
INDEX = 14
4 5 7
6 7 5
1 2 5
6 5 2
0 1 4
5 4 1
7 6 3
2 3 6
4 7 0
3 0 7
8 1 0
8 2 1
8 3 2
8 0 3
FACE-NORMAL = 14
0.669493 -0.715802 -0.198511
0.669493 -0.715802 -0.198511
0.11224 -0.24571 0.962823
0.11224 -0.24571 0.962823
0.778064 0.624014 0.0722703
0.778064 0.624014 0.0722702
-0.697869 -0.709756 -0.0960488
-0.697869 -0.709756 -0.0960488
-0.0320449 0.159968 -0.986602
-0.032045 0.159968 -0.986602
0.0493562 0.978555 0.199985
-0.422299 0.362462 0.830834
-0.996163 0.0337414 0.0807518
-0.524508 0.649835 -0.550097
BONE = 34
BONE_NAME = Bip01-R-Finger11
PARENT_ID = 33
LOCALTM 
MAT 0.697458 0.0 0.716626 0.0
MAT 0.0 1.0 0.0 0.0
MAT -0.716626 0.0 0.697458 0.0
MAT 0.544504 9.53674e-007 0.0 1.0
WORLDTM 
MAT 0.669494 -0.715802 -0.198511 0.0
MAT 0.739294 0.668084 0.0843109 0.0
MAT 0.0722722 -0.203203 0.976466 0.0
MAT 3.14696 5.10333 -4.14251 1.0
VERTEX = 9
3.58887 4.96401 -3.94836
3.55297 5.06537 -4.43666
3.18332 4.73133 -4.47881
3.21923 4.62997 -3.99051
0.895589 7.54409 -3.44517
0.891998 7.55422 -3.494
0.855034 7.52082 -3.49822
0.858624 7.51068 -3.44939
3.55348 4.66868 -4.26304
INDEX = 14
4 5 7
6 7 5
1 2 5
6 5 2
0 1 4
5 4 1
7 6 3
2 3 6
4 7 0
3 0 7
8 1 0
8 2 1
8 3 2
8 0 3
FACE-NORMAL = 14
-0.669543 0.715942 0.197837
-0.669543 0.715942 0.197837
-0.111782 0.245224 -0.963
-0.111782 0.245224 -0.963
0.697866 0.709764 0.096008
0.697866 0.709764 0.096008
-0.778067 -0.624006 -0.0723101
-0.778067 -0.624006 -0.0723102
0.0315809 -0.159466 0.986698
0.0315809 -0.159466 0.986698
0.996198 -0.0338405 -0.0802754
0.422661 -0.362911 -0.830454
-0.0493211 -0.978654 -0.199508
0.524216 -0.649584 0.55067
BONE = 35
BONE_NAME = Bip01-R-Finger1Nub
PARENT_ID = 34
LOCALTM 
MAT -1.0 1.49012e-007 -0.000690371 0.0
MAT 0.0 1.0 -4.76837e-007 0.0
MAT 0.000690371 -4.76837e-007 -1.0 0.0
MAT 0.607209 -4.76837e-007 9.53674e-007 1.0
WORLDTM 
MAT -0.669543 0.715942 0.197837 0.0
MAT 0.739294 0.668084 0.0843104 0.0
MAT -0.0718103 0.202709 -0.976603 0.0
MAT 3.55348 4.66868 -4.26304 1.0
VERTEX = 9
2.63728 5.14643 -4.12133
2.88844 4.81681 -3.84157
2.46379 4.56798 -3.75351
2.21263 4.8976 -4.03327
3.16801 2.77234 -6.99288
3.19312 2.73938 -6.9649
3.15066 2.71449 -6.95609
3.12554 2.74746 -6.98407
2.50995 4.99813 -3.73495
INDEX = 14
4 5 7
6 7 5
1 2 5
6 5 2
0 1 4
5 4 1
7 6 3
2 3 6
4 7 0
3 0 7
8 1 0
8 2 1
8 3 2
8 0 3
FACE-NORMAL = 14
0.162345 -0.563677 -0.809884
0.162345 -0.563677 -0.809884
0.51114 -0.691824 0.510015
