EXPORTER_V17
ANIMATION_EXPORT
BONEOBJECT_COUNT = 77
VERTEX = 9
0.25 0.25 -0.25
0.25 0.25 0.25
0.25 -0.25 0.25
0.25 -0.25 -0.25
4.0 0.025 -0.025
4.0 0.025 0.025
4.0 -0.025 0.025
4.0 -0.025 -0.025
0.0 0.0 0.0
INDEX = 14
4 5 7
6 7 5
1 2 5
6 5 2
0 1 4
5 4 1
7 6 3
2 3 6
4 7 0
3 0 7
8 1 0
8 2 1
8 3 2
8 0 3
FACE-NORMAL = 14
1.0 0.0 0.0
1.0 0.0 0.0
0.0598923 0.0 0.998205
0.0598923 0.0 0.998205
0.0598923 0.998205 0.0
0.0598923 0.998205 0.0
0.0598923 -0.998205 0.0
0.0598923 -0.998205 0.0
0.0598923 0.0 -0.998205
0.0598923 0.0 -0.998205
-0.707107 0.707107 0.0
-0.707107 0.0 0.707107
-0.707107 -0.707107 0.0
-0.707107 0.0 -0.707107
BONE = 0
BONE_NAME = Dummy_root
PARENT_ID = -1
LOCALTM 
MAT 1.0 0.0 0.0 0.0
MAT 0.0 1.0 0.0 0.0
MAT 0.0 0.0 1.0 0.0
MAT 0.0 0.0 0.0 1.0
WORLDTM 
MAT 1.0 0.0 0.0 0.0
MAT 0.0 1.0 0.0 0.0
MAT 0.0 0.0 1.0 0.0
MAT 0.0 0.0 0.0 1.0
VERTEX = 9
0.25 -0.0615444 -0.25
0.25 -0.0615445 0.25
0.25 -0.561545 0.25
0.25 -0.561544 -0.25
4.0 -0.286544 -0.025
4.0 -0.286544 0.025
4.0 -0.336544 0.025
4.0 -0.336544 -0.025
0.0 -0.311544 0.0
INDEX = 14
4 5 7
6 7 5
1 2 5
6 5 2
0 1 4
5 4 1
7 6 3
2 3 6
4 7 0
3 0 7
8 1 0
8 2 1
8 3 2
8 0 3
FACE-NORMAL = 14
1.0 0.0 0.0
1.0 0.0 0.0
0.0598923 0.0 0.998205
0.0598923 0.0 0.998205
0.0598923 0.998205 0.0
0.0598923 0.998205 0.0
0.0598923 -0.998205 0.0
0.0598923 -0.998205 0.0
0.0598923 0.0 -0.998205
0.0598923 0.0 -0.998205
-0.707107 0.707107 0.0
-0.707107 0.0 0.707107
-0.707107 -0.707107 0.0
-0.707107 0.0 -0.707107
BONE = 1
BONE_NAME = FxBottom
PARENT_ID = 0
LOCALTM 
MAT 1.0 0.0 0.0 0.0
MAT 0.0 1.0 0.0 0.0
MAT 0.0 0.0 1.0 0.0
MAT 0.0 -0.311544 0.0 1.0
WORLDTM 
MAT 1.0 0.0 0.0 0.0
MAT 0.0 1.0 0.0 0.0
MAT 0.0 0.0 1.0 0.0
MAT 0.0 -0.311544 0.0 1.0
VERTEX = 9
-0.0729103 3.36382 -0.262043
-0.0723862 3.38852 0.237346
-0.0830025 2.88924 0.262045
-0.0835266 2.86455 -0.237345
3.6717 3.07054 -0.0261967
3.67175 3.07301 0.0237422
3.67069 3.02308 0.0262121
3.67064 3.02061 -0.0237269
-0.3279 3.13185 1.89538e-007
INDEX = 14
4 5 7
6 7 5
1 2 5
6 5 2
0 1 4
5 4 1
7 6 3
2 3 6
4 7 0
3 0 7
8 1 0
8 2 1
8 3 2
8 0 3
FACE-NORMAL = 14
0.999774 -0.0212584 1.87023e-006
0.999774 -0.0212584 1.87023e-006
0.0609251 0.0480239 0.996986
0.0609251 0.0480239 0.996986
0.0810732 0.995488 -0.0493081
0.0810732 0.995488 -0.0493081
0.0386844 -0.998034 0.0493083
0.0386843 -0.998034 0.0493083
0.0588324 -0.0505703 -0.996986
0.0588324 -0.0505703 -0.996986
-0.691933 0.721116 -0.0349302
-0.706206 0.049953 0.706242
-0.721961 -0.691052 0.0349276
-0.707688 -0.0198891 -0.706245
BONE = 2
BONE_NAME = Bip01
PARENT_ID = 0
LOCALTM 
MAT 0.999774 -0.0212584 1.87178e-006 0.0
MAT 0.0212325 0.998554 -0.049397 0.0
MAT 0.00104823 0.0493859 0.998779 0.0
MAT -0.3279 3.13185 0.0 1.0
WORLDTM 
MAT 0.999774 -0.0212584 1.87023e-006 0.0
MAT 0.0212325 0.998554 -0.0493969 0.0
MAT 0.00104823 0.0493858 0.998779 0.0
MAT -0.3279 3.13185 1.89538e-007 1.0
VERTEX = 9
-0.530818 3.4223 0.248922
-0.0354927 3.35837 0.225137
-0.0622261 3.33682 -0.273683
-0.557551 3.40075 -0.249898
0.150717 7.09954 -0.171954
0.200249 7.09315 -0.174332
0.197576 7.09099 -0.224214
0.148043 7.09739 -0.221836
-0.3279 3.13185 1.89538e-007
INDEX = 14
4 5 7
6 7 5
1 2 5
6 5 2
0 1 4
5 4 1
7 6 3
2 3 6
4 7 0
3 0 7
8 1 0
8 2 1
8 3 2
8 0 3
FACE-NORMAL = 14
0.125512 0.990855 -0.049521
0.125512 0.990855 -0.049521
0.996389 -0.0682889 -0.0504504
0.996389 -0.0682889 -0.0504504
0.0608879 0.102355 0.992883
0.0608879 0.102355 0.992883
-0.0458535 0.0163346 -0.998815
-0.0458535 0.0163346 -0.998815
-0.981355 0.186978 0.0445186
-0.981355 0.186978 0.0445186
-0.0509434 -0.670173 0.740454
0.611746 -0.791053 0.00137965
-0.126557 -0.731108 -0.670421
-0.789246 -0.610228 0.0686536
BONE = 3
BONE_NAME = Bip01-Pelvis
PARENT_ID = 2
LOCALTM 
MAT 0.104419 0.994533 -0.000394825 0.0
MAT 0.0525405 -0.00512007 0.998606 0.0
MAT 0.993145 -0.104294 -0.052788 0.0
MAT 0.0 0.0 0.0 1.0
WORLDTM 
MAT 0.125512 0.990856 -0.049521 0.0
MAT 0.0534667 0.0430873 0.99764 0.0
MAT 0.990651 -0.127863 -0.0475699 0.0
MAT -0.3279 3.13185 1.89538e-007 1.0
VERTEX = 9
-0.0203868 4.07419 0.173172
0.479299 4.07635 0.190761
0.496943 4.06199 -0.308721
-0.00274307 4.05983 -0.32631
0.200019 7.81712 -0.151902
0.249988 7.81733 -0.150143
0.251752 7.8159 -0.200091
0.201783 7.81568 -0.20185
0.239104 3.8182 -0.0605597
INDEX = 14
4 5 7
6 7 5
1 2 5
6 5 2
0 1 4
5 4 1
7 6 3
2 3 6
4 7 0
3 0 7
8 1 0
8 2 1
8 3 2
8 0 3
FACE-NORMAL = 14
-0.00330464 0.999578 -0.0288592
-0.00330464 0.999578 -0.0288592
0.99738 0.0641788 0.0333861
0.99738 0.0641788 0.0333861
-0.0354222 0.0885401 0.995443
-0.0354222 0.0885401 0.995443
0.0350263 0.0311939 -0.998899
0.0350263 0.0311939 -0.998899
-0.997776 0.0555552 -0.036843
-0.997776 0.0555552 -0.036843
-0.0226154 -0.686497 0.726781
0.708999 -0.703754 0.0452809
0.0272888 -0.72712 -0.685968
-0.704326 -0.709863 -0.00446787
BONE = 4
BONE_NAME = Bip01-Spine
PARENT_ID = 3
LOCALTM 
MAT 0.991452 0.0141015 -0.12971 0.0
MAT -0.0254366 0.995957 -0.086151 0.0
MAT 0.127971 0.088714 0.987802 0.0
MAT 0.754237 -0.000528015 0.476825 1.0
WORLDTM 
MAT -0.00330464 0.999578 -0.0288592 0.0
MAT -0.0352876 0.0287247 0.998964 0.0
MAT 0.999372 0.00431954 0.0351777 0.0
MAT 0.239104 3.8182 -0.0605597 1.0
VERTEX = 9
-0.0236055 6.04946 0.130072
0.476297 6.04894 0.139944
0.486174 6.05486 -0.359924
-0.0137279 6.05538 -0.369796
0.208812 9.80162 -0.0459441
0.258803 9.80157 -0.0449569
0.25979 9.80217 -0.0949436
0.2098 9.80222 -0.0959309
0.231083 5.80218 -0.117892
INDEX = 14
4 5 7
6 7 5
1 2 5
6 5 2
0 1 4
5 4 1
7 6 3
2 3 6
4 7 0
3 0 7
8 1 0
8 2 1
8 3 2
8 0 3
FACE-NORMAL = 14
0.000804502 0.999929 0.0118619
0.000804502 0.999929 0.0118619
0.998058 0.0588512 0.0204192
0.998058 0.0588513 0.0204192
-0.0196715 0.0480655 0.99865
-0.0196715 0.0480655 0.99865
0.0197679 0.0717106 -0.99723
0.0197679 0.0717106 -0.99723
-0.997962 0.0609249 -0.0189983
-0.997962 0.0609249 -0.0189983
-0.0145379 -0.715432 0.698532
0.7064 -0.707791 0.00557359
0.0134002 -0.698682 -0.715307
-0.707537 -0.706322 -0.0223489
BONE = 5
BONE_NAME = Bip01-Spine1
PARENT_ID = 4
LOCALTM 
MAT 0.999162 0.040544 0.00554055 0.0
MAT -0.0406249 0.999056 0.0153745 0.0
MAT -0.00491198 -0.0155867 0.999866 0.0
MAT 1.98483 0.0 -0.00146261 1.0
WORLDTM 
MAT 0.000804502 0.999929 0.0118619 0.0
MAT -0.0197552 -0.0118438 0.999735 0.0
MAT 0.999804 -0.00103867 0.0197442 0.0
MAT 0.231083 5.80218 -0.117892 1.0
VERTEX = 9
-0.0225836 7.88617 0.151851
0.477319 7.88565 0.161723
0.487196 7.89157 -0.338144
-0.012706 7.89209 -0.348016
0.209834 11.6383 -0.0241647
0.259824 11.6383 -0.0231775
0.260812 11.6389 -0.0731642
0.210822 11.6389 -0.0741514
0.232105 7.63889 -0.0961121
INDEX = 14
4 5 7
6 7 5
1 2 5
6 5 2
0 1 4
5 4 1
7 6 3
2 3 6
4 7 0
3 0 7
8 1 0
8 2 1
8 3 2
8 0 3
FACE-NORMAL = 14
0.000804502 0.999929 0.0118619
0.000804502 0.999929 0.0118619
0.998058 0.0588513 0.0204192
0.998058 0.0588513 0.0204192
-0.0196715 0.0480655 0.99865
-0.0196715 0.0480655 0.99865
0.0197679 0.0717106 -0.99723
0.0197679 0.0717106 -0.99723
-0.997962 0.0609249 -0.0189983
-0.997962 0.0609249 -0.0189983
-0.0145379 -0.715432 0.698532
0.7064 -0.707791 0.00557359
0.0134002 -0.698682 -0.715307
-0.707537 -0.706322 -0.0223489
BONE = 6
BONE_NAME = Bip01-Neck
PARENT_ID = 5
LOCALTM 
MAT 1.0 0.0 0.0 0.0
MAT 0.0 1.0 0.0 0.0
MAT 0.0 0.0 1.0 0.0
MAT 1.83684 0.0 -0.000455901 1.0
WORLDTM 
MAT 0.000804502 0.999929 0.0118619 0.0
MAT -0.0197552 -0.0118438 0.999735 0.0
MAT 0.999805 -0.00103867 0.0197442 0.0
MAT 0.232105 7.63889 -0.0961121 1.0
VERTEX = 9
-0.0280285 8.42311 0.184113
0.471429 8.44639 0.184945
0.469917 8.4966 -0.312525
-0.0295404 8.47332 -0.313357
-0.146025 15.7694 0.699849
-0.0960796 15.7718 0.699933
-0.0962307 15.7768 0.650186
-0.146176 15.7745 0.650102
0.232566 8.21139 -0.0893207
INDEX = 14
4 5 7
6 7 5
1 2 5
6 5 2
0 1 4
5 4 1
7 6 3
2 3 6
4 7 0
3 0 7
8 1 0
8 2 1
8 3 2
8 0 3
FACE-NORMAL = 14
-0.0464868 0.993855 0.100459
-0.0464868 0.993855 0.100459
0.997027 0.0769085 0.00473271
0.997027 0.0769085 0.00473271
0.00160167 -0.0700054 0.997545
0.00160167 -0.0700054 0.997545
-0.00444319 0.130755 -0.991405
-0.00444319 0.130755 -0.991405
-0.999868 -0.0161587 0.00140788
-0.999868 -0.0161587 0.00140788
0.0350093 -0.773774 0.632494
0.73921 -0.669842 -0.069859
0.030733 -0.631749 -0.774564
-0.673468 -0.735681 -0.0722112
BONE = 7
BONE_NAME = Bip01-Head
PARENT_ID = 6
LOCALTM 
MAT 0.994939 0.0895796 -0.0455265 0.0
MAT -0.0886157 0.995805 0.0227719 0.0
MAT 0.0473755 -0.0186223 0.998703 0.0
MAT 0.572544 0.0 0.0 1.0
WORLDTM 
MAT -0.0464868 0.993855 0.100459 0.0
MAT 0.00302384 -0.100427 0.99494 0.0
MAT 0.998914 0.0465554 0.00166319 0.0
MAT 0.232566 8.21139 -0.0893207 1.0
VERTEX = 9
-0.381722 15.9848 0.948451
0.117735 16.0081 0.949283
0.116223 16.0583 0.451813
-0.383234 16.035 0.450981
-0.331973 19.7449 1.10168
-0.282027 19.7472 1.10177
-0.282178 19.7522 1.05202
-0.332124 19.7499 1.05194
-0.121128 15.7731 0.675017
INDEX = 14
4 5 7
6 7 5
1 2 5
6 5 2
0 1 4
5 4 1
7 6 3
2 3 6
4 7 0
3 0 7
8 1 0
8 2 1
8 3 2
8 0 3
FACE-NORMAL = 14
-0.0464868 0.993855 0.100459
-0.0464868 0.993855 0.100459
0.994337 0.105996 0.00767691
0.994337 0.105996 0.00767691
0.000234211 -0.0407227 0.99917
0.00023421 -0.0407227 0.99917
-0.00580262 0.159771 -0.987137
-0.00580262 0.159771 -0.987137
-0.999905 0.0130525 0.00435651
-0.999905 0.0130524 0.0043565
0.0350093 -0.773774 0.632494
0.73921 -0.669842 -0.0698591
0.030733 -0.631749 -0.774564
-0.673468 -0.735681 -0.0722112
BONE = 8
BONE_NAME = Bip01-HeadNub
PARENT_ID = 7
LOCALTM 
MAT 1.0 0.0 0.0 0.0
MAT 0.0 1.0 0.0 0.0
MAT 0.0 0.0 1.0 0.0
MAT 7.60847 -1.78814e-007 0.0 1.0
WORLDTM 
MAT -0.0464868 0.993855 0.100459 0.0
MAT 0.00302384 -0.100427 0.99494 0.0
MAT 0.998914 0.0465554 0.00166319 0.0
MAT -0.121128 15.7731 0.675017 1.0
VERTEX = 9
0.448407 12.2444 -1.64058
0.456234 11.7539 -1.73751
0.00752412 11.7898 -1.95516
-0.000303134 12.2802 -1.85823
1.90338 12.7178 -5.07899
1.90416 12.6687 -5.08869
1.85929 12.6723 -5.11045
1.85851 12.7214 -5.10076
0.117741 11.9719 -1.57808
INDEX = 14
4 5 7
6 7 5
1 2 5
6 5 2
0 1 4
5 4 1
7 6 3
2 3 6
4 7 0
3 0 7
8 1 0
8 2 1
8 3 2
8 0 3
FACE-NORMAL = 14
0.440899 0.180791 -0.87916
0.440899 0.180791 -0.87916
0.0420328 -0.968315 -0.24617
0.0420329 -0.968315 -0.24617
0.922216 -0.0607544 0.381873
0.922216 -0.0607544 0.381873
-0.869403 0.0824105 -0.487183
-0.869403 0.0824105 -0.487183
0.01078 0.989971 0.14086
0.01078 0.989971 0.14086
0.32281 -0.178546 0.92947
-0.300693 -0.821442 0.484578
-0.946334 -0.0771313 0.31385
-0.322832 0.565765 0.758742
BONE = 9
BONE_NAME = OMG_EyeR_B04
PARENT_ID = 7
LOCALTM 
MAT 0.0708648 -0.891535 0.447375 0.0
MAT -0.069258 0.443022 0.893832 0.0
MAT -0.995079 -0.0943255 -0.0303513 0.0
MAT 3.59318 -1.85923 0.0578954 1.0
WORLDTM 
MAT 0.440899 0.180791 -0.87916 0.0
MAT 0.89742 -0.0717112 0.435309 0.0
MAT 0.0156545 -0.980904 -0.193863 0.0
MAT 0.117741 11.9719 -1.57808 1.0
VERTEX = 9
0.468293 11.3532 2.23218
0.460181 11.8532 2.23527
0.0128103 11.8445 2.45839
0.0209223 11.3446 2.45531
1.93691 11.5808 5.68981
1.9361 11.6308 5.69011
1.89136 11.6299 5.71243
1.89217 11.5799 5.71212
0.12898 11.5985 2.12157
INDEX = 14
4 5 7
6 7 5
1 2 5
6 5 2
0 1 4
5 4 1
7 6 3
2 3 6
4 7 0
3 0 7
8 1 0
8 2 1
8 3 2
8 0 3
FACE-NORMAL = 14
0.446288 0.00172196 0.894888
0.446288 0.00172196 0.894888
0.0105345 0.998158 0.0597527
0.0105345 0.998158 0.0597527
0.919865 0.0173428 -0.391851
0.919865 0.0173428 -0.391851
-0.866407 -0.0171366 0.499045
-0.866407 -0.0171366 0.499045
0.042924 -0.997951 0.0474411
0.042924 -0.997951 0.047441
0.317105 0.0109946 -0.948327
-0.327045 0.705783 -0.62842
-0.948252 -0.0134298 -0.317236
-0.304101 -0.708218 -0.637142
BONE = 10
BONE_NAME = OMG_EyeL_B01
PARENT_ID = 7
LOCALTM 
MAT 0.0708643 0.891536 0.447372 0.0
MAT -0.0692588 -0.44302 0.893833 0.0
MAT 0.995079 -0.0943254 0.0303524 0.0
MAT 3.59318 1.85923 0.0578903 1.0
WORLDTM 
MAT 0.446288 0.00172195 0.894888 0.0
MAT 0.894742 0.0172707 -0.446249 0.0
MAT -0.0162239 0.99985 0.00616691 0.0
MAT 0.12898 11.5985 2.12157 1.0
VERTEX = 9
0.370496 11.8346 -1.2544
0.351095 12.3037 -1.42651
-0.148351 12.2809 -1.43236
-0.128949 11.8118 -1.26025
0.0369919 13.3231 2.18609
0.0350517 13.37 2.16887
-0.0148928 13.3677 2.16829
-0.0129527 13.3208 2.1855
0.117741 11.9719 -1.57808
INDEX = 14
4 5 7
6 7 5
1 2 5
6 5 2
0 1 4
5 4 1
7 6 3
2 3 6
4 7 0
3 0 7
8 1 0
8 2 1
8 3 2
8 0 3
FACE-NORMAL = 14
-0.0266728 0.343382 0.938817
-0.0266728 0.343382 0.938817
-0.0403306 0.95697 -0.287372
-0.0403306 0.95697 -0.287372
0.9955 0.0660939 0.0679041
0.9955 0.0660939 0.0679041
-0.998695 -0.0249621 0.0445518
-0.998695 -0.0249621 0.0445517
0.0371356 -0.915838 0.399827
0.0371356 -0.915838 0.399827
0.725183 -0.210557 -0.655573
-0.00857714 0.420521 -0.907242
-0.687462 -0.275059 -0.672115
0.0462982 -0.906136 -0.420445
BONE = 11
BONE_NAME = OMG_EyeR_B02
PARENT_ID = 7
LOCALTM 
MAT 0.436824 0.899501 -0.00909609 0.0
MAT 6.94059e-005 0.0100781 0.999949 0.0
MAT 0.899547 -0.436803 0.00433987 0.0
MAT 3.59318 -1.85923 0.0578954 1.0
WORLDTM 
MAT -0.0266728 0.343382 0.938817 0.0
MAT 0.998891 0.0456099 0.0116972 0.0
MAT -0.0388028 0.938088 -0.344218 0.0
MAT 0.117741 11.9719 -1.57808 1.0
VERTEX = 9
0.329398 11.976 2.0525
0.375696 11.5682 1.76701
-0.119801 11.5026 1.78037
-0.166099 11.9104 2.06587
-0.235461 13.8756 -1.14691
-0.230831 13.8348 -1.17546
-0.28038 13.8283 -1.17413
-0.28501 13.8691 -1.14558
0.12898 11.5985 2.12157
INDEX = 14
4 5 7
6 7 5
1 2 5
6 5 2
0 1 4
5 4 1
7 6 3
2 3 6
4 7 0
3 0 7
8 1 0
8 2 1
8 3 2
8 0 3
FACE-NORMAL = 14
-0.0967251 0.563371 -0.820522
-0.0967251 0.563371 -0.820522
0.0866382 -0.780513 -0.619107
0.0866382 -0.780513 -0.619107
0.983422 0.164713 -0.0758289
0.983422 0.164713 -0.0758289
-0.995009 -0.0972302 -0.022457
-0.995009 -0.0972302 -0.022457
-0.0982244 0.847996 0.520821
-0.0982244 0.847996 0.520821
0.769134 -0.305586 0.561293
0.133871 -0.975164 0.176447
-0.632344 -0.491141 0.599101
0.00291865 0.178437 0.983947
BONE = 12
BONE_NAME = OMG_EyeL_B02
PARENT_ID = 7
LOCALTM 
MAT 0.481977 -0.873241 -0.0717569 0.0
MAT 0.0816471 -0.0367787 0.995983 0.0
MAT -0.872372 -0.485899 0.0535712 0.0
MAT 3.59318 1.85923 0.0578903 1.0
WORLDTM 
MAT -0.0967251 0.563371 -0.820522 0.0
MAT 0.990994 0.131207 -0.0267339 0.0
MAT 0.0925975 -0.815719 -0.570989 0.0
MAT 0.12898 11.5985 2.12157 1.0
VERTEX = 9
1.95425 9.12679 0.992289
1.88493 9.58621 1.17703
1.47871 9.42678 1.42109
1.54802 8.96736 1.23635
3.86396 8.38988 4.15041
3.85703 8.43582 4.16888
3.8164 8.41988 4.19329
3.82334 8.37393 4.17481
1.5749 9.33491 1.00901
INDEX = 14
4 5 7
6 7 5
1 2 5
6 5 2
0 1 4
5 4 1
7 6 3
2 3 6
4 7 0
3 0 7
8 1 0
8 2 1
8 3 2
8 0 3
FACE-NORMAL = 14
0.566321 -0.232508 0.790709
0.566321 -0.232508 0.790709
-0.104464 0.903266 0.41617
-0.104464 0.903266 0.41617
0.844902 0.30436 -0.439892
0.844902 0.30436 -0.439892
-0.777066 -0.332211 0.534607
-0.777066 -0.332211 0.534607
0.1723 -0.931117 -0.321455
0.1723 -0.931117 -0.321455
0.174034 0.389875 -0.904273
-0.498476 0.814127 -0.297857
-0.974933 -0.0610585 -0.213958
-0.302423 -0.485311 -0.820374
BONE = 13
BONE_NAME = OMG_Mouth_B01
PARENT_ID = 7
LOCALTM 
MAT -0.177972 0.81177 0.556197 0.0
MAT 0.230094 -0.515221 0.825593 0.0
MAT 0.956756 0.27491 -0.0950886 0.0
MAT 1.16455 0.984003 1.39501 1.0
WORLDTM 
MAT 0.566321 -0.232508 0.790709 0.0
MAT 0.812442 0.318858 -0.488126 0.0
MAT -0.138631 0.918841 0.369475 0.0
MAT 1.5749 9.33491 1.00901 1.0
VERTEX = 9
1.10952 8.98637 -0.979465
1.2656 9.45903 -0.93223
1.44912 9.35317 -0.479334
1.29303 8.88051 -0.526569
4.54833 8.2211 -2.30336
4.56394 8.26836 -2.29863
4.58229 8.25778 -2.25334
4.56668 8.21051 -2.25807
1.06025 9.23179 -0.626136
INDEX = 14
4 5 7
6 7 5
1 2 5
6 5 2
0 1 4
5 4 1
7 6 3
2 3 6
4 7 0
3 0 7
8 1 0
8 2 1
8 3 2
8 0 3
FACE-NORMAL = 14
0.876265 -0.248088 -0.413053
0.876265 -0.248088 -0.413053
0.364091 0.928762 0.0695618
0.364091 0.928762 0.0695618
-0.313889 0.196485 -0.928907
-0.313889 0.196485 -0.928907
0.418852 -0.226202 0.879429
0.418852 -0.226202 0.879429
-0.259128 -0.958479 -0.119039
-0.259128 -0.958479 -0.119039
-0.879142 0.325136 -0.34842
-0.398875 0.843865 0.358873
-0.360084 0.0257135 0.932566
-0.84035 -0.493016 0.225272
BONE = 14
BONE_NAME = OMG_Mouth_B04
PARENT_ID = 7
LOCALTM 
MAT -0.328793 -0.383399 0.863076 0.0
MAT 0.136489 -0.923583 -0.358281 0.0
MAT 0.934487 5.43892e-007 0.355998 0.0
MAT 0.921726 -0.634072 0.873397 1.0
WORLDTM 
MAT 0.876264 -0.248088 -0.413053 0.0
MAT -0.367029 0.211724 -0.905794 0.0
MAT 0.31217 0.945318 0.0944701 0.0
MAT 1.06025 9.23179 -0.626136 1.0
VERTEX = 9
2.23824 9.99319 -1.20009
2.47613 9.87524 -0.776423
2.2988 9.40873 -0.806722
2.06091 9.52667 -1.23039
5.28384 8.71138 -3.00149
5.30763 8.69959 -2.95912
5.2899 8.65294 -2.96215
5.26611 8.66473 -3.00452
2.0673 9.76888 -0.871514
INDEX = 14
4 5 7
6 7 5
1 2 5
6 5 2
0 1 4
5 4 1
7 6 3
2 3 6
4 7 0
3 0 7
8 1 0
8 2 1
8 3 2
8 0 3
FACE-NORMAL = 14
0.804893 -0.271679 -0.527577
0.804893 -0.271679 -0.527577
0.523136 -0.251731 0.814224
0.523136 -0.251731 0.814224
0.402222 0.915086 0.028893
0.402222 0.915086 0.028893
-0.305808 -0.947629 -0.0920886
-0.305808 -0.947629 -0.0920886
-0.426722 0.219188 -0.87742
-0.426722 0.219188 -0.87742
-0.318369 0.85186 0.415904
-0.232716 0.0253121 0.972215
-0.819922 -0.467647 0.330203
-0.905575 0.358901 -0.226108
BONE = 15
BONE_NAME = OMG_Mouth_B06
PARENT_ID = 7
LOCALTM 
MAT -0.360427 -0.49519 0.790494 0.0
MAT 0.9169 -0.0323363 0.397805 0.0
MAT -0.171427 0.868183 0.465694 0.0
MAT 1.38405 -0.929101 1.90395 1.0
WORLDTM 
MAT 0.804893 -0.271679 -0.527577 0.0
MAT 0.354652 0.933033 0.0605996 0.0
MAT 0.475783 -0.235883 0.847343 0.0
MAT 2.0673 9.76888 -0.871514 1.0
VERTEX = 9
1.27141 9.26605 0.979611
1.11532 8.79339 0.932376
1.29605 8.78028 0.466363
1.45213 9.25294 0.513598
4.57718 7.82835 2.06064
4.56157 7.78108 2.05592
4.57965 7.77977 2.00932
4.59525 7.82704 2.01404
1.06408 9.10444 0.635521
INDEX = 14
4 5 7
6 7 5
1 2 5
6 5 2
0 1 4
5 4 1
7 6 3
2 3 6
4 7 0
3 0 7
8 1 0
8 2 1
8 3 2
8 0 3
FACE-NORMAL = 14
0.878583 -0.325095 0.349865
0.878583 -0.325095 0.349865
-0.258988 -0.963092 -0.0733462
-0.258988 -0.963092 -0.0733462
-0.308176 0.00669959 0.951306
-0.308176 0.00669959 0.951306
0.413417 -0.045641 -0.909397
0.413417 -0.045641 -0.909397
0.364229 0.92415 0.115255
0.364229 0.92415 0.115255
-0.876832 0.248416 0.411649
-0.841989 -0.438564 -0.314192
-0.365671 0.211339 -0.906433
-0.400515 0.898318 -0.180592
BONE = 16
BONE_NAME = OMG_Mouth_B08
PARENT_ID = 7
LOCALTM 
MAT -0.328793 0.3834 0.863076 0.0
MAT 0.136489 0.923583 -0.358282 0.0
MAT -0.934487 -4.61936e-007 -0.355997 0.0
MAT 0.921724 0.634002 0.873396 1.0
WORLDTM 
MAT 0.878583 -0.325095 0.349865 0.0
MAT -0.361446 0.0262174 0.932024 0.0
MAT -0.312169 -0.945318 -0.09447 0.0
MAT 1.06408 9.10444 0.635521 1.0
VERTEX = 9
2.48123 9.70575 0.902813
2.24596 9.7365 1.34293
2.06854 9.27323 1.28046
2.3038 9.24248 0.84034
5.32509 8.11933 2.78948
5.30156 8.12241 2.83349
5.28382 8.07608 2.82724
5.30735 8.07301 2.78323
2.07291 9.58227 0.977187
INDEX = 14
4 5 7
6 7 5
1 2 5
6 5 2
0 1 4
5 4 1
7 6 3
2 3 6
4 7 0
3 0 7
8 1 0
8 2 1
8 3 2
8 0 3
FACE-NORMAL = 14
0.807886 -0.371141 0.457793
0.807886 -0.371141 0.457793
-0.421304 0.0391654 0.906073
-0.421304 0.0391654 0.906073
0.402597 0.902646 0.15214
0.402597 0.902646 0.15214
-0.305824 -0.947103 -0.0973037
-0.305824 -0.947103 -0.0973037
0.518076 -0.0836224 -0.851237
0.518076 -0.0836224 -0.851237
-0.320347 0.917597 -0.235358
-0.90398 0.305927 0.298712
-0.822177 -0.392724 -0.412059
-0.238543 0.218946 -0.946129
BONE = 17
BONE_NAME = OMG_Mouth_B10
PARENT_ID = 7
LOCALTM 
MAT -0.360427 0.495192 0.790492 0.0
MAT 0.9169 0.0323377 0.397806 0.0
MAT 0.171428 0.868182 -0.465697 0.0
MAT 1.38405 0.929003 1.90394 1.0
WORLDTM 
MAT 0.807886 -0.371141 0.457793 0.0
MAT 0.354848 0.926538 0.124946 0.0
MAT -0.470535 0.0615043 0.880235 0.0
MAT 2.07291 9.58227 0.977187 1.0
VERTEX = 9
1.37394 9.31038 0.269415
1.23106 8.83361 0.221724
1.22954 8.88383 -0.275746
1.37242 9.3606 -0.228055
4.90257 8.05333 -0.0943313
4.88828 8.00566 -0.0991004
4.88813 8.01068 -0.148847
4.90242 8.05836 -0.144078
1.06217 9.16811 0.00472923
INDEX = 14
4 5 7
6 7 5
1 2 5
6 5 2
0 1 4
5 4 1
7 6 3
2 3 6
4 7 0
3 0 7
8 1 0
8 2 1
8 3 2
8 0 3
FACE-NORMAL = 14
0.958296 -0.284026 -0.0315796
0.958296 -0.284026 -0.0315796
-0.227853 -0.968842 -0.0971015
-0.227853 -0.968842 -0.0971015
0.0604107 -0.117259 0.991262
0.0604107 -0.117259 0.991262
0.0543784 0.0832367 -0.995045
0.0543784 0.0832367 -0.995045
0.342642 0.93482 0.0933188
0.342642 0.93482 0.0933188
-0.675481 0.129824 0.725859
-0.879681 -0.473419 -0.0451147
-0.679754 0.27185 -0.681198
-0.475554 0.875093 0.089775
BONE = 18
BONE_NAME = OMG_Mouth_B12
PARENT_ID = 7
LOCALTM 
MAT -0.330002 1.92225e-006 0.94398 0.0
MAT -6.92904e-007 1.0 -2.28221e-006 0.0
MAT -0.94398 -1.40071e-006 -0.330002 0.0
MAT 0.921725 1.84774e-006 0.873396 1.0
WORLDTM 
MAT 0.958296 -0.284026 -0.0315796 0.0
MAT 0.00302159 -0.100428 0.99494 0.0
MAT -0.285761 -0.953543 -0.0953814 0.0
MAT 1.06217 9.16811 0.00472923 1.0
VERTEX = 9
2.39359 9.84101 -0.182666
2.3951 9.7908 0.314804
2.21181 9.3279 0.268637
2.2103 9.37811 -0.228832
5.8007 8.2434 -0.128132
5.80085 8.23838 -0.0783854
5.78253 8.19209 -0.083002
5.78237 8.19711 -0.132749
2.0701 9.67557 0.0528894
INDEX = 14
4 5 7
6 7 5
1 2 5
6 5 2
0 1 4
5 4 1
7 6 3
2 3 6
4 7 0
3 0 7
8 1 0
8 2 1
8 3 2
8 0 3
FACE-NORMAL = 14
0.930378 -0.364456 -0.0396141
0.930378 -0.364456 -0.0396141
0.0587399 -0.122075 0.990781
0.0587399 -0.122075 0.990781
0.421654 0.9023 0.0897948
0.421654 0.9023 0.0897948
-0.31021 -0.945956 -0.09454
-0.31021 -0.945956 -0.09454
0.052705 0.0784186 -0.995526
0.052705 0.0784186 -0.995526
-0.398658 0.912341 0.0933008
-0.655739 0.186697 0.73154
-0.917095 -0.396923 -0.0372779
-0.660014 0.328722 -0.675517
BONE = 19
BONE_NAME = OMG_Mouth_B14
PARENT_ID = 7
LOCALTM 
MAT -0.409446 9.574e-007 0.912334 0.0
MAT 0.912334 0.0 0.409446 0.0
MAT 2.5332e-007 1.0 -9.52743e-007 0.0
MAT 1.38405 3.69549e-006 1.90395 1.0
WORLDTM 
MAT 0.930378 -0.364456 -0.0396141 0.0
MAT 0.36659 0.92579 0.0923331 0.0
MAT 0.00302288 -0.100427 0.99494 0.0
MAT 2.0701 9.67557 0.0528894 1.0
VERTEX = 9
4.29566 9.79232 -0.19336
4.27591 10.2894 -0.143126
4.27742 10.2392 0.354344
4.29717 9.74211 0.30411
8.03451 10.1419 0.0567125
8.03254 10.1916 0.0617359
8.03269 10.1866 0.111483
8.03466 10.1369 0.106459
4.03674 10.0059 0.0802514
INDEX = 14
4 5 7
6 7 5
1 2 5
6 5 2
0 1 4
5 4 1
7 6 3
2 3 6
4 7 0
3 0 7
8 1 0
8 2 1
8 3 2
8 0 3
FACE-NORMAL = 14
0.999215 0.0396038 0.000961583
0.999215 0.0396038 0.000961583
0.0204162 0.994743 0.100345
0.0204162 0.994743 0.100345
0.0568278 0.102619 -0.993096
0.0568279 0.102619 -0.993096
0.0628627 -0.0978753 0.993211
0.0628627 -0.0978753 0.993211
0.0992743 -0.989999 -0.10023
0.0992743 -0.989999 -0.10023
-0.708689 0.0430089 -0.704209
-0.734482 0.67497 0.0703618
-0.704414 -0.0990171 0.702849
-0.678621 -0.730978 -0.0717217
BONE = 20
BONE_NAME = OMG_Nose_B01
PARENT_ID = 19
LOCALTM 
MAT 0.915175 0.403056 0.0 0.0
MAT -1.49012e-007 4.69387e-007 -1.0 0.0
MAT -0.403056 0.915175 4.69387e-007 0.0
MAT 1.70826 1.02925 -4.76837e-007 1.0
WORLDTM 
MAT 0.999215 0.0396038 0.000961583 0.0
MAT -0.00302284 0.100427 -0.99494 0.0
MAT -0.0395 0.994156 0.100468 0.0
MAT 4.03674 10.0059 0.0802514 1.0
VERTEX = 9
1.87804 9.8126 -1.06537
1.94828 9.32556 -0.976712
1.5404 9.21788 -1.24512
1.47017 9.70492 -1.33378
3.83018 9.28533 -4.23947
3.8372 9.23662 -4.2306
3.79641 9.22586 -4.25744
3.78939 9.27456 -4.26631
1.56895 9.53255 -0.94903
INDEX = 14
4 5 7
6 7 5
1 2 5
6 5 2
0 1 4
5 4 1
7 6 3
2 3 6
4 7 0
3 0 7
8 1 0
8 2 1
8 3 2
8 0 3
FACE-NORMAL = 14
0.561086 -0.0692395 -0.824856
0.561086 -0.0692395 -0.824856
0.173817 -0.976477 0.127592
0.173817 -0.976477 0.127592
0.847893 0.210818 0.48645
0.847893 0.210818 0.48645
-0.780683 -0.219111 -0.585255
-0.780683 -0.219111 -0.585255
-0.106608 0.968183 -0.226397
-0.106608 0.968183 -0.226397
0.180076 0.201236 0.962848
-0.297424 -0.639818 0.708641
-0.973572 -0.103316 0.203675
-0.496072 0.737738 0.457882
BONE = 21
BONE_NAME = OMG_Mouth_B16
PARENT_ID = 7
LOCALTM 
MAT -0.177761 -0.812032 0.555882 0.0
MAT 0.230034 0.51494 0.825786 0.0
MAT -0.95681 0.274664 0.0952586 0.0
MAT 1.16455 -0.983998 1.39501 1.0
WORLDTM 
MAT 0.561086 -0.0692395 -0.824856 0.0
MAT 0.815752 0.215351 0.536816 0.0
MAT 0.140465 -0.974079 0.177313 0.0
MAT 1.56895 9.53255 -0.94903 1.0
VERTEX = 9
0.466399 11.3489 2.22822
0.462183 11.8488 2.23911
0.0148123 11.8401 2.46224
0.0190284 11.3403 2.45134
1.93758 11.511 5.68844
1.93715 11.561 5.68953
1.89242 11.5601 5.71184
1.89284 11.5101 5.71075
0.12898 11.5985 2.12157
INDEX = 14
4 5 7
6 7 5
1 2 5
6 5 2
0 1 4
5 4 1
7 6 3
2 3 6
4 7 0
3 0 7
8 1 0
8 2 1
8 3 2
8 0 3
FACE-NORMAL = 14
0.446504 -0.0157284 0.894643
0.446504 -0.0157284 0.894643
0.0183252 0.99699 0.0753272
0.0183252 0.99699 0.0753272
0.919878 0.0162973 -0.391866
0.919878 0.0162973 -0.391866
-0.866394 -0.0181814 0.499031
-0.866394 -0.0181814 0.499031
0.0351591 -0.998874 0.0318373
0.0351591 -0.998874 0.0318373
0.316952 0.0233337 -0.948155
-0.321688 0.718035 -0.617205
-0.948404 -0.0010903 -0.317062
-0.309764 -0.695792 -0.648012
BONE = 22
BONE_NAME = Point08
PARENT_ID = 7
LOCALTM 
MAT 0.0534866 0.893046 0.446775 0.0
MAT -0.0692592 -0.44302 0.893832 0.0
MAT 0.996164 -0.0787514 0.038156 0.0
MAT 3.59318 1.85923 0.0578903 1.0
WORLDTM 
MAT 0.446504 -0.0157284 0.894643 0.0
MAT 0.894742 0.0172704 -0.44625 0.0
MAT -0.0084321 0.999727 0.0217841 0.0
MAT 0.12898 11.5985 2.12157 1.0
VERTEX = 9
0.448407 12.2444 -1.64058
0.456234 11.7539 -1.73751
0.0075242 11.7898 -1.95516
-0.000303052 12.2802 -1.85823
1.90338 12.7178 -5.07899
1.90416 12.6687 -5.08869
1.85929 12.6723 -5.11045
1.85851 12.7214 -5.10076
0.117741 11.9719 -1.57808
INDEX = 14
4 5 7
6 7 5
1 2 5
6 5 2
0 1 4
5 4 1
7 6 3
2 3 6
4 7 0
3 0 7
8 1 0
8 2 1
8 3 2
8 0 3
FACE-NORMAL = 14
0.440899 0.180791 -0.87916
0.440899 0.180791 -0.87916
0.0420329 -0.968315 -0.246169
0.0420329 -0.968315 -0.246169
0.922216 -0.0607543 0.381873
0.922216 -0.0607543 0.381873
-0.869403 0.0824103 -0.487183
-0.869403 0.0824103 -0.487183
0.01078 0.989971 0.140859
0.01078 0.989971 0.140859
0.322809 -0.178546 0.929471
-0.300693 -0.821442 0.484579
-0.946335 -0.0771309 0.31385
-0.322832 0.565766 0.758742
BONE = 23
BONE_NAME = Point07
PARENT_ID = 7
LOCALTM 
MAT 0.0708641 -0.891535 0.447375 0.0
MAT -0.0692578 0.443022 0.893832 0.0
MAT -0.995079 -0.0943247 -0.0303513 0.0
MAT 3.59318 -1.85923 0.0578954 1.0
WORLDTM 
MAT 0.440899 0.180791 -0.87916 0.0
MAT 0.89742 -0.071711 0.43531 0.0
MAT 0.0156545 -0.980904 -0.193862 0.0
MAT 0.117741 11.9719 -1.57808 1.0
VERTEX = 9
-2.44026 14.6035 0.312877
-2.88762 14.3812 0.29144
-2.88647 14.3309 0.788902
-2.4391 14.5532 0.810338
-4.31586 17.8187 0.868518
-4.36059 17.7964 0.866374
-4.36048 17.7914 0.916121
-4.31574 17.8136 0.918264
-2.55171 14.2447 0.528127
INDEX = 14
4 5 7
6 7 5
1 2 5
6 5 2
0 1 4
5 4 1
7 6 3
2 3 6
4 7 0
3 0 7
8 1 0
8 2 1
8 3 2
8 0 3
FACE-NORMAL = 14
-0.446614 0.890082 0.091048
-0.446614 0.890082 0.091048
-0.919866 -0.390451 -0.0373432
-0.919866 -0.390451 -0.0373432
-0.0290599 0.153739 -0.987684
-0.0290599 0.153739 -0.987684
-0.0244376 -0.0471211 0.99859
-0.0244376 -0.0471211 0.99859
0.866369 0.497069 0.0482494
0.866369 0.497069 0.0482494
0.314167 -0.55824 -0.767898
-0.316861 -0.943733 -0.0946966
0.317441 -0.700525 0.639136
0.948469 -0.315033 -0.0340647
BONE = 24
BONE_NAME = OMG_Horn_B
PARENT_ID = 7
LOCALTM 
MAT 0.91452 -0.000151545 -0.40454 0.0
MAT 0.000151165 -1.0 0.000716321 0.0
MAT -0.40454 -0.000716239 -0.91452 0.0
MAT 6.1877 -3.93391e-006 -2.49934 1.0
WORLDTM 
MAT -0.446614 0.890082 0.091048 0.0
MAT -0.00231532 0.100611 -0.994923 0.0
MAT -0.894723 -0.444558 -0.0428732 0.0
MAT -2.55171 14.2447 0.528127 1.0
VERTEX = 9
5.13766 18.2795 0.63756
5.13766 18.2795 1.13756
5.13766 17.7795 1.13756
5.13766 17.7795 0.63756
8.88766 18.0545 0.862561
8.88766 18.0545 0.912561
8.88766 18.0045 0.912561
8.88766 18.0045 0.862561
4.88766 18.0295 0.88756
INDEX = 14
4 5 7
6 7 5
1 2 5
6 5 2
0 1 4
5 4 1
7 6 3
2 3 6
4 7 0
3 0 7
8 1 0
8 2 1
8 3 2
8 0 3
FACE-NORMAL = 14
1.0 0.0 2.08616e-007
1.0 0.0 2.08616e-007
0.059892 1.2078e-007 0.998205
0.059892 1.2078e-007 0.998205
0.0598922 0.998205 -2.84994e-007
0.0598922 0.998205 -2.84994e-007
0.0598924 -0.998205 3.09983e-007
0.0598924 -0.998205 3.09983e-007
0.0598926 0.0 -0.998205
0.0598926 0.0 -0.998205
-0.707107 0.707107 -3.58248e-007
-0.707107 0.0 0.707107
-0.707107 -0.707107 0.0
-0.707107 0.0 -0.707107
BONE = 25
BONE_NAME = FxTop
PARENT_ID = 7
LOCALTM 
MAT -0.0464868 0.00302413 0.998915 0.0
MAT 0.993855 -0.100427 0.0465553 0.0
MAT 0.100459 0.99494 0.00166297 0.0
MAT 9.63952 8.88109e-006 5.10875 1.0
WORLDTM 
MAT 1.0 0.0 2.08616e-007 0.0
MAT 0.0 1.0 -2.98023e-007 0.0
MAT -3.22238e-007 1.19209e-007 1.0 0.0
MAT 4.88766 18.0295 0.88756 1.0
VERTEX = 9
-0.257892 7.34048 -0.657287
-0.756626 7.34007 -0.621734
-0.769238 7.80958 -0.793196
-0.270504 7.80999 -0.828748
-0.73732 6.26215 -4.23095
-0.787193 6.2621 -4.2274
-0.788454 6.30906 -4.24454
-0.738581 6.3091 -4.2481
-0.496944 7.66099 -0.491074
INDEX = 14
4 5 7
6 7 5
1 2 5
6 5 2
0 1 4
5 4 1
7 6 3
2 3 6
4 7 0
3 0 7
8 1 0
8 2 1
8 3 2
8 0 3
FACE-NORMAL = 14
-0.0664858 -0.343848 -0.936669
-0.0664858 -0.343848 -0.936669
-0.99966 -0.0214191 0.0148781
-0.99966 -0.0214191 0.0148781
0.0211965 -0.957933 0.286207
0.0211965 -0.957933 0.286207
-0.0291605 0.916746 -0.398406
-0.0291605 0.916746 -0.398406
0.991696 -0.0197685 -0.127077
0.991696 -0.0197685 -0.127077
0.0648485 -0.420854 0.904808
-0.658304 0.242552 0.712604
0.0291767 0.907128 0.419842
0.752329 0.243722 0.612046
BONE = 26
BONE_NAME = Bip01-R-Clavicle
PARENT_ID = 5
LOCALTM 
MAT -0.354988 -0.931034 -0.0846095 0.0
MAT -0.934871 0.353455 0.0329649 0.0
MAT -0.000785791 0.0908011 -0.995869 0.0
MAT 1.85367 -0.380717 -0.737184 1.0
WORLDTM 
MAT -0.0664858 -0.343848 -0.936669 0.0
MAT 0.0252238 -0.939025 0.342922 0.0
MAT -0.997469 -0.000826787 0.071105 0.0
MAT -0.496944 7.66099 -0.491074 1.0
VERTEX = 9
-0.322617 6.9707 -1.33166
-0.822011 6.97911 -1.35479
-0.797964 7.2462 -1.77679
-0.29857 7.2378 -1.75365
-0.497005 3.92519 -3.53578
-0.546945 3.92603 -3.53809
-0.54454 3.95274 -3.58029
-0.494601 3.9519 -3.57798
-0.562925 7.31975 -1.42064
INDEX = 14
4 5 7
6 7 5
1 2 5
6 5 2
0 1 4
5 4 1
7 6 3
2 3 6
4 7 0
3 0 7
8 1 0
8 2 1
8 3 2
8 0 3
FACE-NORMAL = 14
0.0105381 -0.845197 -0.53435
0.0105381 -0.845197 -0.53435
-0.996363 -0.033846 -0.0781986
-0.996363 -0.033846 -0.0781986
-0.0473765 -0.583852 0.810477
-0.0473765 -0.583852 0.810477
0.0486388 0.48261 -0.874484
0.0486388 0.48261 -0.874484
0.997625 -0.0673956 0.0141916
0.997625 -0.0673956 0.0141916
-0.0414592 0.219915 0.974638
-0.713701 0.609528 0.345119
0.026556 0.975374 -0.218952
0.698798 0.585762 0.410566
BONE = 27
BONE_NAME = Bip01-R-UpperArm
PARENT_ID = 26
LOCALTM 
MAT 0.790428 0.610687 -0.0478076 0.0
MAT -0.603667 0.78983 0.108426 0.0
MAT 0.103974 -0.0568433 0.992954 0.0
MAT 0.992413 0.0 0.0 1.0
WORLDTM 
MAT 0.0105381 -0.845197 -0.53435 0.0
MAT -0.048094 -0.53419 0.843995 0.0
MAT -0.998787 0.016805 -0.0462782 0.0
MAT -0.562925 7.31975 -1.42064 1.0
VERTEX = 9
-0.24979 5.99002 -1.94821
-0.727141 5.87811 -2.04624
-0.703094 6.1452 -2.46824
-0.225743 6.25712 -2.37021
0.647407 3.00287 -4.05433
0.599671 2.99168 -4.06413
0.602076 3.01839 -4.10633
0.649811 3.02958 -4.09653
-0.549854 6.27141 -2.08342
INDEX = 14
4 5 7
6 7 5
1 2 5
6 5 2
0 1 4
5 4 1
7 6 3
2 3 6
4 7 0
3 0 7
8 1 0
8 2 1
8 3 2
8 0 3
FACE-NORMAL = 14
0.293649 -0.815194 -0.499228
0.293649 -0.815194 -0.499228
-0.935402 -0.27225 -0.225618
-0.935402 -0.27225 -0.225618
-0.0304204 -0.582055 0.81258
-0.0304204 -0.582055 0.81258
0.065595 0.484407 -0.87238
0.065595 0.484407 -0.87238
0.970576 0.174603 0.165818
0.970576 0.174603 0.165818
-0.241649 0.1987 0.949802
-0.882718 0.418159 0.214365
-0.173634 0.954159 -0.243787
0.467436 0.7347 0.49165
BONE = 28
BONE_NAME = Bip01-R-Forearm
PARENT_ID = 27
LOCALTM 
MAT 0.958857 0.0 -0.283889 0.0
MAT 0.0 1.0 0.0 0.0
MAT 0.283889 0.0 0.958857 0.0
MAT 1.24035 0.0 1.19209e-007 1.0
WORLDTM 
MAT 0.293649 -0.815194 -0.499228 0.0
MAT -0.048094 -0.53419 0.843995 0.0
MAT -0.954703 -0.223828 -0.19607 0.0
MAT -0.549854 6.27141 -2.08342 1.0
VERTEX = 9
-0.0307027 5.40572 -2.84603
0.0159802 5.28599 -2.36283
-0.476974 5.20721 -2.33472
-0.523657 5.32695 -2.81793
0.288975 1.72376 -3.55645
0.293643 1.71179 -3.50813
0.244348 1.70391 -3.50532
0.23968 1.71588 -3.55364
-0.288539 5.54598 -2.52768
INDEX = 14
4 5 7
6 7 5
1 2 5
6 5 2
0 1 4
5 4 1
7 6 3
2 3 6
4 7 0
3 0 7
8 1 0
8 2 1
8 3 2
8 0 3
FACE-NORMAL = 14
0.1388 -0.958036 -0.250803
0.1388 -0.958036 -0.250803
0.101511 -0.296416 0.949649
0.101511 -0.296416 0.949649
0.992453 0.0998916 -0.0711302
0.992453 0.0998916 -0.0711302
-0.975827 -0.21465 0.0410879
-0.975827 -0.21465 0.0410879
-0.0848852 0.181658 -0.979691
-0.0848852 0.181658 -0.979691
0.598997 0.788841 0.137598
-0.0321268 0.508105 0.860696
-0.79529 0.566027 0.217091
-0.164166 0.846762 -0.506007
BONE = 29
BONE_NAME = Bip01-R-Hand
PARENT_ID = 28
LOCALTM 
MAT 0.946952 0.293421 0.131098 0.0
MAT 0.189136 -0.179021 -0.965494 0.0
MAT -0.259827 0.939072 -0.22502 0.0
MAT 0.889892 -4.76837e-007 0.0 1.0
WORLDTM 
MAT 0.1388 -0.958036 -0.250803 0.0
MAT 0.985909 0.157553 -0.0562099 0.0
MAT 0.0933658 -0.239467 0.966405 0.0
MAT -0.288539 5.54598 -2.52768 1.0
VERTEX = 9
0.826207 4.99023 -2.6555
0.450388 4.83622 -2.36388
0.261195 4.57476 -2.74578
0.637014 4.72877 -3.0374
2.59787 1.82281 -1.65928
2.56029 1.80741 -1.63012
2.54137 1.78126 -1.66831
2.57895 1.79667 -1.69747
0.40864 4.98119 -2.76976
INDEX = 14
4 5 7
6 7 5
1 2 5
6 5 2
0 1 4
5 4 1
7 6 3
2 3 6
4 7 0
3 0 7
8 1 0
8 2 1
8 3 2
8 0 3
FACE-NORMAL = 14
0.540245 -0.794788 0.276492
0.540245 -0.794788 0.276492
-0.717932 -0.355066 0.59875
-0.717932 -0.355066 0.59875
0.410063 0.474372 0.778986
0.410063 0.474372 0.778986
-0.34535 -0.569576 -0.745866
-0.34535 -0.569576 -0.745866
0.782645 0.259862 -0.565631
0.782645 0.259862 -0.565631
-0.114451 0.931755 0.344577
-0.913499 0.344199 0.216902
-0.64957 0.192245 -0.735595
0.149478 0.779801 -0.60792
BONE = 30
BONE_NAME = Bip01-R-Finger0
PARENT_ID = 29
LOCALTM 
MAT 0.767076 0.391869 0.507969 0.0
MAT -0.640012 0.412508 0.648245 0.0
MAT 0.0444862 -0.82236 0.567226 0.0
MAT 0.69857 0.611978 -0.0336101 1.0
WORLDTM 
MAT 0.540245 -0.794788 0.276492 0.0
MAT 0.378386 0.522913 0.763797 0.0
MAT -0.751638 -0.308017 0.583238 0.0
MAT 0.40864 4.98119 -2.76976 1.0
VERTEX = 9
0.861529 4.44698 -2.30107
0.443097 4.71992 -2.28065
0.253904 4.45846 -2.66254
0.672336 4.18552 -2.68297
-0.895327 1.99719 -0.0481303
-0.93717 2.02449 -0.0460875
-0.95609 1.99834 -0.0842774
-0.914246 1.97105 -0.0863202
0.656612 4.61638 -2.64285
INDEX = 14
4 5 7
6 7 5
1 2 5
6 5 2
0 1 4
5 4 1
7 6 3
2 3 6
4 7 0
3 0 7
8 1 0
8 2 1
8 3 2
8 0 3
FACE-NORMAL = 14
-0.39558 -0.654654 0.644162
-0.39558 -0.654654 0.644162
-0.859053 0.505696 0.0793653
-0.859053 0.505696 0.0793653
0.354015 0.482765 0.801006
0.354015 0.482765 0.801006
-0.401399 -0.561183 -0.723846
-0.401399 -0.561183 -0.723846
0.811669 -0.584114 -0.00220463
0.811669 -0.584114 -0.00220464
0.547277 0.832666 0.0845952
-0.312034 0.848909 -0.4266
0.0121579 0.0931553 -0.995577
0.871469 0.0769116 -0.484382
BONE = 31
BONE_NAME = Bip01-R-Finger01
PARENT_ID = 30
LOCALTM 
MAT 0.484707 -1.49012e-007 0.874677 0.0
MAT 0.0 1.0 0.0 0.0
MAT -0.874677 0.0 0.484707 0.0
MAT 0.458999 5.96046e-007 0.0 1.0
WORLDTM 
MAT -0.39558 -0.654654 0.644162 0.0
MAT 0.378386 0.522913 0.763797 0.0
MAT -0.836863 0.545885 0.0408583 0.0
MAT 0.656612 4.61638 -2.64285 1.0
VERTEX = 9
0.431493 4.70105 -2.26198
0.850061 4.42833 -2.28263
0.660868 4.16688 -2.66453
0.2423 4.43959 -2.64388
2.01597 6.91704 -4.85862
2.05783 6.88976 -4.86069
2.03891 6.86362 -4.89888
1.99705 6.89089 -4.89681
0.44743 4.2702 -2.30222
INDEX = 14
4 5 7
6 7 5
1 2 5
6 5 2
0 1 4
5 4 1
7 6 3
2 3 6
4 7 0
3 0 7
8 1 0
8 2 1
8 3 2
8 0 3
FACE-NORMAL = 14
0.395002 0.655031 -0.644133
0.395002 0.655031 -0.644133
0.859291 -0.505222 -0.0798075
0.859291 -0.505222 -0.0798075
0.401365 0.561205 0.723847
0.401365 0.561205 0.723847
-0.354049 -0.482743 -0.801005
-0.354049 -0.482743 -0.801005
-0.811976 0.583685 0.00265023
-0.811976 0.583685 0.00265025
-0.0117494 -0.0934217 0.995557
0.312636 -0.848856 0.426265
-0.546868 -0.832932 -0.0846152
-0.871253 -0.0774976 0.484677
BONE = 32
BONE_NAME = Bip01-R-Finger0Nub
PARENT_ID = 31
LOCALTM 
MAT -1.0 0.0 0.000690371 0.0
MAT 0.0 1.0 0.0 0.0
MAT -0.00069043 0.0 -1.0 0.0
MAT 0.528798 -2.38419e-007 2.38419e-007 1.0
WORLDTM 
MAT 0.395002 0.655031 -0.644133 0.0
MAT 0.378386 0.522913 0.763797 0.0
MAT 0.837136 -0.545433 -0.041303 0.0
MAT 0.44743 4.2702 -2.30222 1.0
VERTEX = 9
0.447234 4.34769 -2.92942
0.366484 4.57289 -2.49037
-0.113239 4.43291 -2.5068
-0.0324888 4.20771 -2.94585
1.06143 1.20682 -0.949162
1.05335 1.22934 -0.905257
1.00538 1.21534 -0.9069
1.01346 1.19282 -0.950804
0.109237 4.60225 -2.83745
INDEX = 14
4 5 7
6 7 5
1 2 5
6 5 2
0 1 4
5 4 1
7 6 3
2 3 6
4 7 0
3 0 7
8 1 0
8 2 1
8 3 2
8 0 3
FACE-NORMAL = 14
0.231042 -0.847793 0.477354
0.231042 -0.847793 0.477354
-0.147372 0.39882 0.90511
-0.147372 0.39882 0.90511
0.971562 0.228691 0.0613866
0.971562 0.228691 0.0613866
-0.943886 -0.330244 -0.00420692
-0.943886 -0.330243 -0.00420693
0.175048 -0.500373 -0.84793
0.175048 -0.500373 -0.84793
0.51506 0.797448 -0.314308
-0.277569 0.917964 0.283367
-0.841802 0.401511 -0.360773
-0.0491737 0.280995 -0.958448
BONE = 33
BONE_NAME = Bip01-R-Finger1
PARENT_ID = 29
LOCALTM 
MAT 0.724562 0.067382 0.685907 0.0
MAT -0.14329 0.988191 0.0542881 0.0
MAT -0.674149 -0.137619 0.725661 0.0
MAT 1.03703 0.260895 -0.0362346 1.0
WORLDTM 
MAT 0.231042 -0.847793 0.477354 0.0
MAT 0.959446 0.27997 0.0328558 0.0
MAT -0.1615 0.450405 0.878096 0.0
MAT 0.109237 4.60225 -2.83745 1.0
VERTEX = 9
0.45983 4.22083 -2.21623
0.376386 4.54987 -2.58334
-0.103337 4.40989 -2.59977
-0.0198934 4.08085 -2.23266
-0.645524 6.92701 0.15412
-0.653868 6.95991 0.11741
-0.70184 6.94591 0.115767
-0.693496 6.91301 0.152478
0.235042 4.14062 -2.57753
INDEX = 14
4 5 7
6 7 5
1 2 5
6 5 2
0 1 4
5 4 1
7 6 3
2 3 6
4 7 0
3 0 7
8 1 0
8 2 1
8 3 2
8 0 3
FACE-NORMAL = 14
-0.227181 0.69896 0.678118
-0.227181 0.69896 0.678118
-0.180194 0.698763 -0.692286
-0.180194 0.698763 -0.692286
0.944118 0.32133 0.0734109
0.944118 0.32133 0.0734109
-0.97133 -0.237605 0.00781717
-0.97133 -0.237605 0.00781715
0.152981 -0.615038 0.773514
0.152982 -0.615038 0.773514
0.839072 -0.296271 -0.456269
0.0426339 -0.0289051 -0.998673
-0.51779 -0.692208 -0.502734
0.278648 -0.959574 0.039669
BONE = 34
BONE_NAME = Bip01-R-Finger11
PARENT_ID = 33
LOCALTM 
MAT -0.321359 0.0 0.946957 0.0
MAT 0.0 1.0 0.0 0.0
MAT -0.946958 1.19209e-007 -0.321359 0.0
MAT 0.544504 1.07288e-006 4.76837e-007 1.0
WORLDTM 
MAT -0.227181 0.69896 0.678118 0.0
MAT 0.959446 0.27997 0.0328559 0.0
MAT -0.166887 0.658082 -0.734218 0.0
MAT 0.235042 4.14062 -2.57753 1.0
VERTEX = 9
0.352098 4.62457 -2.51063
0.435463 4.29577 -2.14328
-0.0442601 4.15579 -2.15971
-0.127625 4.48459 -2.52706
1.0261 1.79082 -4.89376
1.03443 1.75794 -4.85702
0.986461 1.74394 -4.85866
0.978124 1.77682 -4.8954
0.0970948 4.56504 -2.16577
INDEX = 14
4 5 7
6 7 5
1 2 5
6 5 2
0 1 4
5 4 1
7 6 3
2 3 6
4 7 0
3 0 7
8 1 0
8 2 1
8 3 2
8 0 3
FACE-NORMAL = 14
0.227296 -0.699414 -0.677611
0.227296 -0.699414 -0.677611
0.180045 -0.698308 0.692784
0.180045 -0.698308 0.692784
0.971337 0.237578 -0.00778678
0.971337 0.237578 -0.0077868
-0.944111 -0.321357 -0.0733806
-0.944111 -0.321357 -0.0733806
-0.152818 0.614529 -0.773951
-0.152818 0.614529 -0.773951
0.517708 0.692529 0.502376
-0.0428263 0.0295675 0.998645
-0.839154 0.296592 0.455911
-0.278619 0.959553 -0.0403585
BONE = 35
BONE_NAME = Bip01-R-Finger1Nub
PARENT_ID = 34
LOCALTM 
MAT -1.0 0.0 -0.000690252 0.0
MAT 0.0 1.0 0.0 0.0
MAT 0.000690311 0.0 -1.0 0.0
MAT 0.607209 -3.57628e-007 0.0 1.0
WORLDTM 
MAT 0.227296 -0.699414 -0.677611 0.0
MAT 0.959446 0.27997 0.0328559 0.0
MAT 0.166731 -0.657599 0.734686 0.0
MAT 0.0970948 4.56504 -2.16577 1.0
VERTEX = 9
-0.135109 4.13274 -2.9665
-0.100802 4.39209 -2.5404
-0.598578 4.38226 -2.49434
-0.632886 4.12291 -2.92043
-0.10164 1.03981 -0.82256
-0.0982093 1.06575 -0.77995
-0.147987 1.06477 -0.775344
-0.151418 1.03883 -0.817954
-0.382979 4.47118 -2.85918
INDEX = 14
4 5 7
6 7 5
1 2 5
6 5 2
0 1 4
5 4 1
7 6 3
2 3 6
4 7 0
3 0 7
8 1 0
8 2 1
8 3 2
8 0 3
FACE-NORMAL = 14
0.0645414 -0.854722 0.515058
0.0645414 -0.854722 0.515058
0.072358 0.466591 0.881509
