EXPORTER_V17
ANIMATION_EXPORT
BONEOBJECT_COUNT = 77
VERTEX = 9
0.25 0.25 -0.25
0.25 0.25 0.25
0.25 -0.25 0.25
0.25 -0.25 -0.25
4.0 0.025 -0.025
4.0 0.025 0.025
4.0 -0.025 0.025
4.0 -0.025 -0.025
0.0 0.0 0.0
INDEX = 14
4 5 7
6 7 5
1 2 5
6 5 2
0 1 4
5 4 1
7 6 3
2 3 6
4 7 0
3 0 7
8 1 0
8 2 1
8 3 2
8 0 3
FACE-NORMAL = 14
1.0 0.0 0.0
1.0 0.0 0.0
0.0598923 -1.75922e-007 0.998205
0.0598923 -1.75922e-007 0.998205
0.0598923 0.998205 1.75922e-007
0.0598923 0.998205 1.75922e-007
0.0598923 -0.998205 -1.75922e-007
0.0598923 -0.998205 -1.75922e-007
0.0598923 1.75922e-007 -0.998205
0.0598923 1.75922e-007 -0.998205
-0.707107 0.707107 1.2462e-007
-0.707107 -1.2462e-007 0.707107
-0.707107 -0.707107 -1.2462e-007
-0.707107 1.2462e-007 -0.707107
BONE = 0
BONE_NAME = Dummy_root
PARENT_ID = -1
LOCALTM 
MAT 1.0 0.0 0.0 0.0
MAT 0.0 1.0 1.76239e-007 0.0
MAT 0.0 -1.76239e-007 1.0 0.0
MAT 0.0 0.0 0.0 1.0
WORLDTM 
MAT 1.0 0.0 0.0 0.0
MAT 0.0 1.0 1.76239e-007 0.0
MAT 0.0 -1.76239e-007 1.0 0.0
MAT 0.0 0.0 0.0 1.0
VERTEX = 9
0.25 -0.0615444 -0.25
0.25 -0.0615445 0.25
0.25 -0.561545 0.25
0.25 -0.561544 -0.25
4.0 -0.286544 -0.0250001
4.0 -0.286544 0.025
4.0 -0.336544 0.0249999
4.0 -0.336544 -0.0250001
0.0 -0.311544 0.0
INDEX = 14
4 5 7
6 7 5
1 2 5
6 5 2
0 1 4
5 4 1
7 6 3
2 3 6
4 7 0
3 0 7
8 1 0
8 2 1
8 3 2
8 0 3
FACE-NORMAL = 14
1.0 0.0 0.0
1.0 0.0 0.0
0.0598923 -1.75922e-007 0.998205
0.0598923 -1.75922e-007 0.998205
0.0598923 0.998205 1.75922e-007
0.0598923 0.998205 1.75922e-007
0.0598923 -0.998205 -1.75922e-007
0.0598923 -0.998205 -1.75922e-007
0.0598923 1.75922e-007 -0.998205
0.0598923 1.75922e-007 -0.998205
-0.707107 0.707107 1.2462e-007
-0.707107 -1.2462e-007 0.707107
-0.707107 -0.707107 -1.2462e-007
-0.707107 1.2462e-007 -0.707107
BONE = 1
BONE_NAME = FxBottom
PARENT_ID = 0
LOCALTM 
MAT 1.0 0.0 0.0 0.0
MAT 0.0 1.0 0.0 0.0
MAT 0.0 0.0 1.0 0.0
MAT 0.0 -0.311544 0.0 1.0
WORLDTM 
MAT 1.0 0.0 0.0 0.0
MAT 0.0 1.0 1.76239e-007 0.0
MAT 0.0 -1.76239e-007 1.0 0.0
MAT 0.0 -0.311544 0.0 1.0
VERTEX = 9
-0.0707625 3.36508 -0.258808
-0.07047 3.38327 0.240861
-0.0852561 2.88382 0.259055
-0.0855486 2.86563 -0.240614
3.67107 3.03761 -0.023926
3.6711 3.03943 0.0260409
3.66963 2.98949 0.0278602
3.6696 2.98767 -0.0221067
-0.3279 3.13185 5.12864e-007
INDEX = 14
4 5 7
6 7 5
1 2 5
6 5 2
0 1 4
5 4 1
7 6 3
2 3 6
4 7 0
3 0 7
8 1 0
8 2 1
8 3 2
8 0 3
FACE-NORMAL = 14
0.999563 -0.0295739 0.000491648
0.999563 -0.0295739 0.000491648
0.06045 0.034549 0.997573
0.0604501 0.034549 0.997573
0.0893852 0.995336 -0.0362922
0.0893852 0.995336 -0.0362922
0.030347 -0.998878 0.0363511
0.030347 -0.998878 0.0363511
0.0592822 -0.0380915 -0.997514
0.0592821 -0.0380915 -0.997514
-0.685887 0.727241 -0.0260771
-0.706384 0.0466404 0.706291
-0.727708 -0.685417 0.0253818
-0.707211 -0.00481662 -0.706986
BONE = 2
BONE_NAME = Bip01
PARENT_ID = 0
LOCALTM 
MAT 0.999563 -0.0295739 0.000491654 0.0
MAT 0.0295722 0.9989 -0.0363871 0.0
MAT 0.000584995 0.0363858 0.999338 0.0
MAT -0.3279 3.13185 0.0 1.0
WORLDTM 
MAT 0.999563 -0.0295739 0.000491648 0.0
MAT 0.0295722 0.9989 -0.036387 0.0
MAT 0.000584995 0.0363856 0.999338 0.0
MAT -0.3279 3.13185 5.12864e-007 1.0
VERTEX = 9
-0.528615 3.42072 0.252524
-0.0338176 3.35298 0.228289
-0.060293 3.33815 -0.270789
-0.555091 3.40588 -0.246554
0.183818 7.09732 -0.119957
0.233297 7.09055 -0.12238
0.23065 7.08907 -0.172288
0.18117 7.09584 -0.169864
-0.3279 3.13185 5.12864e-007
INDEX = 14
4 5 7
6 7 5
1 2 5
6 5 2
0 1 4
5 4 1
7 6 3
2 3 6
4 7 0
3 0 7
8 1 0
8 2 1
8 3 2
8 0 3
FACE-NORMAL = 14
0.133783 0.990337 -0.0365307
0.133783 0.990337 -0.0365307
0.995831 -0.0759144 -0.0505711
0.995831 -0.0759144 -0.0505711
0.0608683 0.0889264 0.994177
0.0608683 0.0889264 0.994177
-0.0448431 0.0297007 -0.998552
-0.0448431 0.0297007 -0.998552
-0.979806 0.194542 0.0461953
-0.979806 0.194541 0.0461953
-0.0571574 -0.679297 0.731634
0.60515 -0.796067 -0.00844251
-0.132041 -0.721251 -0.679972
-0.794348 -0.604482 0.0601047
BONE = 3
BONE_NAME = Bip01-Pelvis
PARENT_ID = 2
LOCALTM 
MAT 0.104419 0.994533 -0.000394233 0.0
MAT 0.052541 -0.00512051 0.998606 0.0
MAT 0.993145 -0.104294 -0.0527884 0.0
MAT 0.0 0.0 0.0 1.0
WORLDTM 
MAT 0.133783 0.990337 -0.0365307 0.0
MAT 0.0529507 0.0296661 0.998156 0.0
MAT 0.989595 -0.135471 -0.0484702 0.0
MAT -0.3279 3.13185 5.12864e-007 1.0
VERTEX = 9
-0.0151033 4.06488 0.187728
0.484651 4.07049 0.202379
0.49938 4.06341 -0.297354
-0.000373527 4.0578 -0.312005
0.17589 7.8136 -0.0848888
0.225865 7.81417 -0.0834237
0.227338 7.81346 -0.133397
0.177363 7.8129 -0.134862
0.24484 3.81418 -0.0511911
INDEX = 14
4 5 7
6 7 5
1 2 5
6 5 2
0 1 4
5 4 1
7 6 3
2 3 6
4 7 0
3 0 7
8 1 0
8 2 1
8 3 2
8 0 3
FACE-NORMAL = 14
-0.0108065 0.999837 -0.0144879
-0.0108065 0.999837 -0.0144879
0.997066 0.0710899 0.0283813
0.997066 0.0710899 0.0283812
-0.0300538 0.0740213 0.996804
-0.0300538 0.0740213 0.996804
0.0287593 0.0457437 -0.998539
0.0287593 0.0457437 -0.998539
-0.998361 0.0486751 -0.0301167
-0.998361 0.0486751 -0.0301167
-0.0131896 -0.696976 0.716973
0.7144 -0.699052 0.0309639
0.0284723 -0.717007 -0.696484
-0.699117 -0.71493 -0.0104748
BONE = 4
BONE_NAME = Bip01-Spine
PARENT_ID = 3
LOCALTM 
MAT 0.989259 0.0146278 -0.145441 0.0
MAT -0.0264251 0.996483 -0.0795161 0.0
MAT 0.143766 0.0825052 0.986167 0.0
MAT 0.754237 -0.000528 0.476825 1.0
WORLDTM 
MAT -0.0108065 0.999837 -0.0144879 0.0
MAT -0.0294594 0.0141642 0.999466 0.0
MAT 0.999508 0.0112275 0.0293016 0.0
MAT 0.24484 3.81418 -0.0511911 1.0
VERTEX = 9
-0.0293684 6.05334 0.163925
0.470412 6.04436 0.175734
0.482214 6.04392 -0.324127
-0.0175662 6.0529 -0.335935
0.268246 9.79849 -0.0573588
0.318224 9.7976 -0.056178
0.319405 9.79755 -0.106164
0.269427 9.79845 -0.107345
0.221929 5.79867 -0.07999
INDEX = 14
4 5 7
6 7 5
1 2 5
6 5 2
0 1 4
5 4 1
7 6 3
2 3 6
4 7 0
3 0 7
8 1 0
8 2 1
8 3 2
8 0 3
FACE-NORMAL = 14
0.0179741 0.999838 -0.000442865
0.0179741 0.999838 -0.000442865
0.998842 0.0419562 0.0235472
0.998842 0.0419562 0.0235472
-0.0224855 0.0607483 0.9979
-0.0224855 0.0607483 0.9979
0.0246385 0.059017 -0.997953
0.0246385 0.0590169 -0.997953
-0.996689 0.077809 -0.0236003
-0.996689 0.077809 -0.0236003
-0.0294004 -0.706379 0.707223
0.694086 -0.719691 0.0170123
0.00398121 -0.707606 -0.706596
-0.719505 -0.694294 -0.016386
BONE = 5
BONE_NAME = Bip01-Spine1
PARENT_ID = 4
LOCALTM 
MAT 0.999487 0.0131897 0.029178 0.0
MAT -0.0133618 0.999894 0.0057104 0.0
MAT -0.0290996 -0.00609734 0.999558 0.0
MAT 1.98483 0.0 -0.00146264 1.0
WORLDTM 
MAT 0.0179741 0.999838 -0.000442865 0.0
MAT -0.0236043 0.000867214 0.999721 0.0
MAT 0.99956 -0.0179586 0.0236161 0.0
MAT 0.221929 5.79867 -0.07999 1.0
VERTEX = 9
0.00321269 7.89041 0.162577
0.502993 7.88143 0.174386
0.514777 7.87995 -0.325473
0.0149968 7.88893 -0.337282
0.301004 11.6351 -0.0665546
0.350982 11.6342 -0.0653737
0.352161 11.634 -0.11536
0.302183 11.6349 -0.11654
0.254489 7.63522 -0.0808142
INDEX = 14
4 5 7
6 7 5
1 2 5
6 5 2
0 1 4
5 4 1
7 6 3
2 3 6
4 7 0
3 0 7
8 1 0
8 2 1
8 3 2
8 0 3
FACE-NORMAL = 14
0.0180234 0.999834 -0.00253572
0.0180234 0.999834 -0.00253572
0.998845 0.041956 0.0234235
0.998845 0.041956 0.0234235
-0.0224466 0.0628374 0.997771
-0.0224466 0.0628374 0.997771
0.0246055 0.0569274 -0.998075
0.0246055 0.0569273 -0.998075
-0.996686 0.0778088 -0.0237273
-0.996686 0.0778088 -0.0237273
-0.0294098 -0.704896 0.7087
0.694051 -0.719688 0.0184933
0.00392083 -0.709083 -0.705114
-0.71954 -0.694291 -0.0149073
BONE = 6
BONE_NAME = Bip01-Neck
PARENT_ID = 5
LOCALTM 
MAT 0.999998 -0.00209344 0.0 0.0
MAT 0.00209343 0.999998 -1.66881e-006 0.0
MAT 0.0 1.66785e-006 1.0 0.0
MAT 1.83684 0.0 -0.000455871 1.0
WORLDTM 
MAT 0.0180234 0.999834 -0.00253572 0.0
MAT -0.0235683 0.00296034 0.999718 0.0
MAT 0.99956 -0.0179586 0.0236178 0.0
MAT 0.254489 7.63522 -0.0808142 1.0
VERTEX = 9
0.00616187 8.42099 0.191768
0.505837 8.43896 0.19325
0.505431 8.49127 -0.304005
0.00575629 8.47331 -0.305488
-0.0344104 15.7659 0.738284
0.0155571 15.7677 0.738432
0.0155166 15.773 0.688706
-0.0344509 15.7712 0.688558
0.264808 8.20767 -0.082266
INDEX = 14
4 5 7
6 7 5
1 2 5
6 5 2
0 1 4
5 4 1
7 6 3
2 3 6
4 7 0
3 0 7
8 1 0
8 2 1
8 3 2
8 0 3
FACE-NORMAL = 14
-0.036046 0.993862 0.104589
-0.036046 0.993862 0.104589
0.997781 0.0662913 0.00616042
0.997781 0.0662913 0.00616042
-0.000290902 -0.0742036 0.997243
-0.000290902 -0.0742036 0.997243
-0.00191243 0.134954 -0.99085
-0.00191243 0.134954 -0.99085
-0.999985 -0.005541 0.000232621
-0.999985 -0.005541 0.00023262
0.0260619 -0.77675 0.62927
0.732135 -0.677358 -0.0718587
0.0249148 -0.628784 -0.777181
-0.681159 -0.728175 -0.0760522
BONE = 7
BONE_NAME = Bip01-Head
PARENT_ID = 6
LOCALTM 
MAT 0.992783 0.108351 -0.0514083 0.0
MAT -0.107118 0.993902 0.0261779 0.0
MAT 0.0539312 -0.0204822 0.998335 0.0
MAT 0.572543 0.0 0.0 1.0
WORLDTM 
MAT -0.036046 0.993862 0.104589 0.0
MAT 0.000811141 -0.104628 0.994511 0.0
MAT 0.99935 0.0359329 0.00296528 0.0
MAT 0.264808 8.20767 -0.082266 1.0
VERTEX = 9
-0.268093 15.9828 0.987529
0.231582 16.0007 0.989011
0.231176 16.053 0.491756
-0.268499 16.0351 0.490273
-0.178594 19.7414 1.15664
-0.128627 19.7432 1.15679
-0.128668 19.7484 1.10706
-0.178635 19.7466 1.10691
-0.00944698 15.7694 0.713495
INDEX = 14
4 5 7
6 7 5
1 2 5
6 5 2
0 1 4
5 4 1
7 6 3
2 3 6
4 7 0
3 0 7
8 1 0
8 2 1
8 3 2
8 0 3
FACE-NORMAL = 14
-0.036046 0.993862 0.104589
-0.036046 0.993862 0.104589
0.995397 0.0953931 0.00922403
0.995397 0.0953931 0.00922403
-0.00134919 -0.0449151 0.99899
-0.00134919 -0.0449151 0.99899
-0.00296856 0.163965 -0.986462
-0.00296856 0.163964 -0.986462
-0.999715 0.0236563 0.00330411
-0.999715 0.0236563 0.0033041
0.0260619 -0.77675 0.62927
0.732135 -0.677358 -0.0718587
0.0249148 -0.628784 -0.777181
-0.681159 -0.728175 -0.0760523
BONE = 8
BONE_NAME = Bip01-HeadNub
PARENT_ID = 7
LOCALTM 
MAT 1.0 0.0 0.0 0.0
MAT 0.0 1.0 0.0 0.0
MAT 0.0 0.0 1.0 0.0
MAT 7.60847 0.0 -1.19209e-007 1.0
WORLDTM 
MAT -0.036046 0.993862 0.104589 0.0
MAT 0.000811141 -0.104628 0.994511 0.0
MAT 0.99935 0.0359329 0.00296529 0.0
MAT -0.00944698 15.7694 0.713495 1.0
VERTEX = 9
0.525251 12.2446 -1.6163
0.527981 11.7545 -1.71528
0.0799281 11.7961 -1.93328
0.0771979 12.2862 -1.8343
1.98913 12.717 -5.05108
1.9894 12.668 -5.06098
1.9446 12.6721 -5.08278
1.94432 12.7211 -5.07288
0.191638 11.9754 -1.55531
INDEX = 14
4 5 7
6 7 5
1 2 5
6 5 2
0 1 4
5 4 1
7 6 3
2 3 6
4 7 0
3 0 7
8 1 0
8 2 1
8 3 2
8 0 3
FACE-NORMAL = 14
0.443806 0.179784 -0.877903
0.443806 0.179784 -0.877903
0.0320311 -0.967665 -0.250196
0.0320311 -0.967665 -0.250196
0.921078 -0.0721505 0.382635
0.921078 -0.0721505 0.382634
-0.867917 0.0936859 -0.487794
-0.867917 0.0936859 -0.487794
0.0211301 0.989201 0.145036
0.02113 0.989201 0.145037
0.319825 -0.185864 0.929068
-0.309957 -0.820227 0.480784
-0.947461 -0.0683891 0.312475
-0.317679 0.565974 0.760758
BONE = 9
BONE_NAME = OMG_EyeR_B04
PARENT_ID = 7
LOCALTM 
MAT 0.0708645 -0.891535 0.447374 0.0
MAT -0.0692581 0.443022 0.893831 0.0
MAT -0.995079 -0.0943252 -0.0303515 0.0
MAT 3.59318 -1.85923 0.0578954 1.0
WORLDTM 
MAT 0.443806 0.179784 -0.877903 0.0
MAT 0.896106 -0.0830673 0.435997 0.0
MAT 0.00546032 -0.980193 -0.197972 0.0
MAT 0.191638 11.9754 -1.55531 1.0
VERTEX = 9
0.531212 11.3371 2.2527
0.528406 11.837 2.25788
0.0807112 11.8322 2.48047
0.0835173 11.3323 2.47529
1.99817 11.5345 5.71287
1.99789 11.5845 5.71339
1.95312 11.584 5.73565
1.9534 11.534 5.73513
0.194649 11.5863 2.14274
INDEX = 14
4 5 7
6 7 5
1 2 5
6 5 2
0 1 4
5 4 1
7 6 3
2 3 6
4 7 0
3 0 7
8 1 0
8 2 1
8 3 2
8 0 3
FACE-NORMAL = 14
0.44525 -0.00677476 0.895381
0.44525 -0.00677476 0.895381
0.021065 0.99773 0.0639644
0.021065 0.99773 0.0639644
0.920449 0.00921313 -0.390755
0.920449 0.00921313 -0.390755
-0.867115 -0.0100246 0.498008
-0.867115 -0.0100246 0.498008
0.0322691 -0.998541 0.0432884
0.0322691 -0.998541 0.0432884
0.318297 0.0116043 -0.94792
-0.318808 0.711848 -0.625807
-0.947975 -0.00202333 -0.318339
-0.310871 -0.702267 -0.640453
BONE = 10
BONE_NAME = OMG_EyeL_B01
PARENT_ID = 7
LOCALTM 
MAT 0.0708641 0.891536 0.447372 0.0
MAT -0.069259 -0.443019 0.893833 0.0
MAT 0.995079 -0.0943253 0.0303527 0.0
MAT 3.59318 1.85923 0.0578901 1.0
WORLDTM 
MAT 0.44525 -0.00677476 0.895381 0.0
MAT 0.895389 0.00963619 -0.445181 0.0
MAT -0.00561214 0.99993 0.0103566 0.0
MAT 0.194649 11.5863 2.14274 1.0
VERTEX = 9
0.44255 11.834 -1.23195
0.428327 12.304 -1.40204
-0.0713253 12.2865 -1.40854
-0.0571025 11.8166 -1.23845
0.120921 13.3111 2.2146
0.119499 13.3581 2.19759
0.0695339 13.3563 2.19694
0.0709562 13.3093 2.21395
0.191638 11.9754 -1.55531
INDEX = 14
4 5 7
6 7 5
1 2 5
6 5 2
0 1 4
5 4 1
7 6 3
2 3 6
4 7 0
3 0 7
8 1 0
8 2 1
8 3 2
8 0 3
FACE-NORMAL = 14
-0.0241026 0.339575 0.94027
-0.0241026 0.339575 0.94027
-0.0298383 0.95858 -0.283255
-0.0298383 0.95858 -0.283255
0.996067 0.0552209 0.0692867
0.996067 0.0552209 0.0692867
-0.998954 -0.0145451 0.0433432
-0.998954 -0.0145451 0.0433432
0.0269511 -0.917904 0.395885
0.0269511 -0.917904 0.395885
0.723658 -0.215405 -0.655682
-0.00307109 0.424515 -0.905416
-0.689572 -0.264826 -0.67406
0.0371573 -0.904746 -0.424327
BONE = 11
BONE_NAME = OMG_EyeR_B02
PARENT_ID = 7
LOCALTM 
MAT 0.436701 0.899561 -0.00909685 0.0
MAT 6.95139e-005 0.010078 0.999949 0.0
MAT 0.899607 -0.43668 0.0043385 0.0
MAT 3.59318 -1.85923 0.0578953 1.0
WORLDTM 
MAT -0.0241026 0.339575 0.94027 0.0
MAT 0.999305 0.0349457 0.0129951 0.0
MAT -0.0284458 0.93993 -0.340181 0.0
MAT 0.191638 11.9754 -1.55531 1.0
VERTEX = 9
0.399227 11.962 2.0754
0.441498 11.5548 1.78838
-0.0546971 11.4945 1.80085
-0.0969676 11.9017 2.08787
-0.1408 13.8799 -1.11733
-0.136573 13.8392 -1.14603
-0.186192 13.8332 -1.14479
-0.190419 13.8739 -1.11609
0.194649 11.5863 2.14274
INDEX = 14
4 5 7
6 7 5
1 2 5
6 5 2
0 1 4
5 4 1
7 6 3
2 3 6
4 7 0
3 0 7
8 1 0
8 2 1
8 3 2
8 0 3
FACE-NORMAL = 14
-0.0895363 0.567558 -0.81845
-0.0895363 0.567558 -0.81845
0.0790269 -0.779 -0.622024
0.0790269 -0.779 -0.622024
0.985245 0.154366 -0.0739153
0.985245 0.154366 -0.0739154
-0.99597 -0.0863809 -0.0241224
-0.99597 -0.0863809 -0.0241224
-0.0897519 0.846984 0.523987
-0.0897519 0.846984 0.523987
0.765037 -0.316054 0.561096
0.123091 -0.97723 0.172827
-0.638413 -0.486594 0.596368
0.0035321 0.174582 0.984636
BONE = 12
BONE_NAME = OMG_EyeL_B02
PARENT_ID = 7
LOCALTM 
MAT 0.481701 -0.873413 -0.0715109 0.0
MAT 0.0814694 -0.0366165 0.996003 0.0
MAT -0.87254 -0.485602 0.0535182 0.0
MAT 3.59318 1.85923 0.0578901 1.0
WORLDTM 
MAT -0.0895363 0.567558 -0.81845 0.0
MAT 0.992389 0.12059 -0.0249413 0.0
MAT 0.0845412 -0.814454 -0.574036 0.0
MAT 0.194649 11.5863 2.14274 1.0
VERTEX = 9
1.99487 9.10017 1.00509
1.93022 9.55953 1.19169
1.52205 9.4034 1.43463
1.58669 8.94405 1.24803
3.893 8.32977 4.1622
3.88654 8.37571 4.18086
3.84572 8.36009 4.20515
3.85219 8.31416 4.18649
1.61773 9.31224 1.02227
INDEX = 14
4 5 7
6 7 5
1 2 5
6 5 2
0 1 4
5 4 1
7 6 3
2 3 6
4 7 0
3 0 7
8 1 0
8 2 1
8 3 2
8 0 3
FACE-NORMAL = 14
0.562908 -0.241828 0.79035
0.562908 -0.241828 0.79035
-0.0953453 0.902571 0.419851
-0.0953453 0.902571 0.419851
0.848593 0.29721 -0.437671
0.848593 0.29721 -0.437671
-0.781165 -0.326177 0.532343
-0.781165 -0.326177 0.532343
0.162773 -0.931538 -0.325179
0.162773 -0.931538 -0.325179
0.179207 0.391795 -0.902431
-0.489459 0.82062 -0.29498
-0.975279 -0.0497989 -0.215293
-0.306614 -0.478624 -0.822744
BONE = 13
BONE_NAME = OMG_Mouth_B01
PARENT_ID = 7
LOCALTM 
MAT -0.177972 0.811771 0.556196 0.0
MAT 0.230094 -0.515221 0.825593 0.0
MAT 0.956756 0.27491 -0.0950887 0.0
MAT 1.16455 0.984003 1.39501 1.0
WORLDTM 
MAT 0.562908 -0.241828 0.790351 0.0
MAT 0.816345 0.312254 -0.48588 0.0
MAT -0.129291 0.918704 0.373185 0.0
MAT 1.61773 9.31224 1.02227 1.0
VERTEX = 9
1.15096 8.97702 -0.96817
1.312 9.44779 -0.918774
1.49386 9.33808 -0.466123
1.33282 8.86731 -0.51552
4.58298 8.18082 -2.29146
4.59908 8.22789 -2.28652
4.61727 8.21692 -2.24126
4.60116 8.16985 -2.2462
1.1039 9.22146 -0.613866
INDEX = 14
4 5 7
6 7 5
1 2 5
6 5 2
0 1 4
5 4 1
7 6 3
2 3 6
4 7 0
3 0 7
8 1 0
8 2 1
8 3 2
8 0 3
FACE-NORMAL = 14
0.874056 -0.255648 -0.413123
0.874056 -0.255648 -0.413123
0.373853 0.924541 0.0738727
0.373853 0.924541 0.0738726
-0.310715 0.203705 -0.928418
-0.310715 0.203705 -0.928418
0.415413 -0.234327 0.878933
0.415413 -0.234327 0.878933
-0.269154 -0.955164 -0.123358
-0.269154 -0.955164 -0.123358
-0.875238 0.335917 -0.348022
-0.390305 0.846542 0.361979
-0.360864 0.0256243 0.932266
-0.845797 -0.485001 0.222265
BONE = 14
BONE_NAME = OMG_Mouth_B04
PARENT_ID = 7
LOCALTM 
MAT -0.328793 -0.383399 0.863076 0.0
MAT 0.136489 -0.923583 -0.358281 0.0
MAT 0.934487 3.7998e-007 0.355998 0.0
MAT 0.921727 -0.634072 0.873398 1.0
WORLDTM 
MAT 0.874056 -0.255648 -0.413123 0.0
MAT -0.363717 0.21941 -0.905301 0.0
MAT 0.322082 0.941543 0.0987929 0.0
MAT 1.1039 9.22146 -0.613866 1.0
VERTEX = 9
2.29057 9.9727 -1.18331
2.5267 9.85046 -0.759875
2.34447 9.38598 -0.792334
2.10833 9.50822 -1.21577
5.32446 8.66618 -2.98671
5.34807 8.65396 -2.94437
5.32985 8.60751 -2.94761
5.30624 8.61973 -2.98996
2.11687 9.74884 -0.855866
INDEX = 14
4 5 7
6 7 5
1 2 5
6 5 2
0 1 4
5 4 1
7 6 3
2 3 6
4 7 0
3 0 7
8 1 0
8 2 1
8 3 2
8 0 3
FACE-NORMAL = 14
0.80257 -0.277999 -0.527824
0.80257 -0.277999 -0.527824
0.519495 -0.260688 0.813736
0.519495 -0.260689 0.813736
0.411883 0.910632 0.0331891
0.411883 0.910632 0.0331891
-0.315748 -0.943932 -0.0964143
-0.315748 -0.943932 -0.0964143
-0.42336 0.227389 -0.876961
-0.42336 0.227389 -0.876961
-0.309783 0.853442 0.419132
-0.233554 0.0237033 0.972055
-0.825222 -0.460292 0.327324
-0.901451 0.369446 -0.225599
BONE = 15
BONE_NAME = OMG_Mouth_B06
PARENT_ID = 7
LOCALTM 
MAT -0.360427 -0.49519 0.790493 0.0
MAT 0.9169 -0.0323363 0.397805 0.0
MAT -0.171428 0.868183 0.465694 0.0
MAT 1.38405 -0.929101 1.90395 1.0
WORLDTM 
MAT 0.80257 -0.277999 -0.527824 0.0
MAT 0.36447 0.92895 0.0649183 0.0
MAT 0.472275 -0.244477 0.846869 0.0
MAT 2.11687 9.74884 -0.855866 1.0
VERTEX = 9
1.31356 9.24674 0.992244
1.15252 8.77596 0.942847
1.33363 8.76289 0.476985
1.49467 9.23366 0.526381
4.60263 7.76947 2.07088
4.58653 7.72239 2.06594
4.60464 7.72109 2.01935
4.62074 7.76816 2.02429
1.10493 9.08878 0.647248
INDEX = 14
4 5 7
6 7 5
1 2 5
6 5 2
0 1 4
5 4 1
7 6 3
2 3 6
4 7 0
3 0 7
8 1 0
8 2 1
8 3 2
8 0 3
FACE-NORMAL = 14
0.874677 -0.335876 0.349466
0.874677 -0.335876 0.349466
-0.269117 -0.959969 -0.0776852
-0.269117 -0.959969 -0.0776852
-0.309183 0.00598144 0.950984
-0.309183 0.00598143 0.950984
0.413956 -0.0462142 -0.909123
0.413956 -0.0462142 -0.909123
0.373889 0.919737 0.119546
0.373889 0.919737 0.119546
-0.874619 0.255987 0.41172
-0.846236 -0.428271 -0.316967
-0.362362 0.219013 -0.90594
-0.390745 0.903272 -0.177253
BONE = 16
BONE_NAME = OMG_Mouth_B08
PARENT_ID = 7
LOCALTM 
MAT -0.328793 0.3834 0.863076 0.0
MAT 0.136489 0.923583 -0.358282 0.0
MAT -0.934487 -3.8743e-007 -0.355997 0.0
MAT 0.921724 0.634002 0.873396 1.0
WORLDTM 
MAT 0.874678 -0.335876 0.349467 0.0
MAT -0.36222 0.0261447 0.931726 0.0
MAT -0.322081 -0.941543 -0.0987929 0.0
MAT 1.10493 9.08878 0.647248 1.0
VERTEX = 9
2.52807 9.67387 0.918637
2.29264 9.70527 1.35862
2.11037 9.24418 1.294
2.34581 9.21278 0.854018
5.35275 8.04943 2.80175
5.32921 8.05257 2.84575
5.31098 8.00646 2.83929
5.33453 8.00332 2.79529
2.11838 9.55443 0.992039
INDEX = 14
4 5 7
6 7 5
1 2 5
6 5 2
0 1 4
5 4 1
7 6 3
2 3 6
4 7 0
3 0 7
8 1 0
8 2 1
8 3 2
8 0 3
FACE-NORMAL = 14
0.803372 -0.381621 0.457121
0.803372 -0.381621 0.457121
-0.421908 0.0398363 0.905763
-0.421908 0.0398363 0.905763
0.411984 0.897671 0.156383
0.411984 0.897671 0.156383
-0.315752 -0.943384 -0.101627
-0.315752 -0.943384 -0.101627
0.518139 -0.0855485 -0.851007
0.518139 -0.0855485 -0.851007
-0.310313 0.921928 -0.231849
-0.901024 0.314256 0.298996
-0.825826 -0.382235 -0.414618
-0.235115 0.225437 -0.945462
BONE = 17
BONE_NAME = OMG_Mouth_B10
PARENT_ID = 7
LOCALTM 
MAT -0.360427 0.495192 0.790492 0.0
MAT 0.9169 0.0323377 0.397805 0.0
MAT 0.171427 0.868182 -0.465696 0.0
MAT 1.38405 0.929003 1.90394 1.0
WORLDTM 
MAT 0.803372 -0.381621 0.457121 0.0
MAT 0.364522 0.922183 0.129237 0.0
MAT -0.470869 0.0628051 0.879965 0.0
MAT 2.11838 9.55443 0.992039 1.0
VERTEX = 9
1.41737 9.29296 0.282355
1.26949 8.81794 0.2325
1.26909 8.87025 -0.264756
1.41697 9.34527 -0.214901
4.93287 8.00003 -0.0827707
4.91809 7.95253 -0.0877562
4.91805 7.95776 -0.137482
4.93283 8.00526 -0.132496
1.10441 9.15512 0.0167279
INDEX = 14
4 5 7
6 7 5
1 2 5
6 5 2
0 1 4
5 4 1
7 6 3
2 3 6
4 7 0
3 0 7
8 1 0
8 2 1
8 3 2
8 0 3
FACE-NORMAL = 14
0.955262 -0.294056 -0.0317135
0.955262 -0.294056 -0.0317135
-0.238017 -0.96595 -0.10143
-0.238017 -0.96595 -0.10143
0.0580204 -0.122052 0.990826
0.0580204 -0.122052 0.990826
0.0564052 0.0868289 -0.994625
0.0564052 0.0868289 -0.994625
0.352442 0.930727 0.0976313
0.352442 0.930727 0.0976313
-0.6749 0.133946 0.72565
-0.884606 -0.463854 -0.0480806
-0.676044 0.281913 -0.680801
-0.466338 0.879712 0.0929303
BONE = 18
BONE_NAME = OMG_Mouth_B12
PARENT_ID = 7
LOCALTM 
MAT -0.330002 1.77138e-006 0.94398 0.0
MAT -7.22706e-007 1.0 -2.12598e-006 0.0
MAT -0.94398 -1.38581e-006 -0.330002 0.0
MAT 0.921726 1.78814e-006 0.873397 1.0
WORLDTM 
MAT 0.955262 -0.294056 -0.0317135 0.0
MAT 0.000809042 -0.104628 0.994511 0.0
MAT -0.29576 -0.950044 -0.0997097 0.0
MAT 1.10441 9.15512 0.0167279 1.0
VERTEX = 9
2.44312 9.81461 -0.16636
2.44353 9.7623 0.330896
2.25538 9.30157 0.282579
2.25498 9.35389 -0.214677
5.83302 8.18068 -0.114778
5.83306 8.17545 -0.0650524
5.81424 8.12938 -0.0698841
5.8142 8.13461 -0.11961
2.11763 9.65163 0.0681391
INDEX = 14
4 5 7
6 7 5
1 2 5
6 5 2
0 1 4
5 4 1
7 6 3
2 3 6
4 7 0
3 0 7
8 1 0
8 2 1
8 3 2
8 0 3
FACE-NORMAL = 14
0.9265 -0.37415 -0.0401175
0.9265 -0.37415 -0.0401175
0.0562991 -0.126848 0.990323
0.0562991 -0.126848 0.990323
0.431109 0.897384 0.0940579
0.431109 0.897384 0.0940579
-0.320128 -0.942202 -0.0988633
-0.320128 -0.942202 -0.0988633
0.0546813 0.082031 -0.995129
0.0546813 0.082031 -0.995129
-0.389054 0.916126 0.096698
-0.654561 0.190581 0.731593
-0.921214 -0.386997 -0.0399632
-0.655707 0.338547 -0.674858
BONE = 19
BONE_NAME = OMG_Mouth_B14
PARENT_ID = 7
LOCALTM 
MAT -0.409446 6.51926e-007 0.912334 0.0
MAT 0.912335 0.0 0.409446 0.0
MAT 1.56462e-007 1.0 -8.10483e-007 0.0
MAT 1.38405 3.75509e-006 1.90395 1.0
WORLDTM 
MAT 0.9265 -0.37415 -0.0401175 0.0
MAT 0.376294 0.921447 0.0966341 0.0
MAT 0.000810325 -0.104627 0.994511 0.0
MAT 2.11763 9.65163 0.0681391 1.0
VERTEX = 9
4.34458 9.74576 -0.175153
4.33005 10.2428 -0.122849
4.33046 10.1905 0.374406
4.34499 9.69345 0.322102
8.08664 10.0546 0.0805276
8.08519 10.1043 0.085758
8.08523 10.099 0.135484
8.08668 10.0493 0.130253
4.08763 9.96088 0.099068
INDEX = 14
4 5 7
6 7 5
1 2 5
6 5 2
0 1 4
5 4 1
7 6 3
2 3 6
4 7 0
3 0 7
8 1 0
8 2 1
8 3 2
8 0 3
FACE-NORMAL = 14
0.999577 0.0289814 0.00223439
0.999577 0.0289814 0.00223439
0.0308629 0.99404 0.104553
0.0308629 0.99404 0.104553
0.0590581 0.106176 -0.992592
0.0590581 0.106176 -0.992592
0.0606759 -0.102704 0.99286
0.0606759 -0.102704 0.99286
0.0888711 -0.990569 -0.104286
0.0888711 -0.990569 -0.104286
-0.707381 0.0534902 -0.704806
-0.727354 0.682434 0.0723886
-0.706235 -0.0944761 0.701646
-0.686262 -0.72342 -0.0755485
BONE = 20
BONE_NAME = OMG_Nose_B01
PARENT_ID = 19
LOCALTM 
MAT 0.915175 0.403056 0.0 0.0
MAT -2.12342e-007 4.69387e-007 -1.0 0.0
MAT -0.403056 0.915175 5.81145e-007 0.0
MAT 1.70825 1.02925 -5.96046e-007 1.0
WORLDTM 
MAT 0.999578 0.0289815 0.00223439 0.0
MAT -0.00081034 0.104628 -0.994511 0.0
MAT -0.0290563 0.994089 0.104607 0.0
MAT 4.08763 9.96088 0.099068 1.0
VERTEX = 9
1.92832 9.79538 -1.04974
1.99327 9.30726 -0.96306
1.58459 9.20505 -1.23237
1.51963 9.69318 -1.31905
3.8784 9.26073 -4.22387
3.88489 9.21192 -4.2152
3.84403 9.20169 -4.24213
3.83753 9.25051 -4.2508
1.61614 9.51815 -0.934927
INDEX = 14
4 5 7
6 7 5
1 2 5
6 5 2
0 1 4
5 4 1
7 6 3
2 3 6
4 7 0
3 0 7
8 1 0
8 2 1
8 3 2
8 0 3
FACE-NORMAL = 14
0.561269 -0.0717349 -0.824519
0.561269 -0.0717349 -0.824519
0.163291 -0.978796 0.123674
0.163291 -0.978796 0.123674
0.849523 0.199755 0.488271
0.849523 0.199755 0.488271
-0.782292 -0.208347 -0.587036
-0.782292 -0.208347 -0.587036
-0.0960599 0.970203 -0.222439
-0.0960599 0.970203 -0.222439
0.181094 0.19527 0.963885
-0.305018 -0.63959 0.705612
-0.974848 -0.0938211 0.202161
-0.488736 0.741038 0.460433
BONE = 21
BONE_NAME = OMG_Mouth_B16
PARENT_ID = 7
LOCALTM 
MAT -0.177761 -0.812033 0.555881 0.0
MAT 0.230034 0.514939 0.825786 0.0
MAT -0.95681 0.274664 0.0952587 0.0
MAT 1.16455 -0.983998 1.39501 1.0
WORLDTM 
MAT 0.561269 -0.0717349 -0.824519 0.0
MAT 0.817375 0.204418 0.538621 0.0
MAT 0.129909 -0.976252 0.173368 0.0
MAT 1.61614 9.51815 -0.934927 1.0
VERTEX = 9
0.529277 11.3328 2.24871
0.530356 11.8326 2.26171
0.0826619 11.8278 2.4843
0.0815821 11.328 2.47131
1.9981 11.4647 5.71121
1.99821 11.5147 5.71251
1.95344 11.5142 5.73477
1.95333 11.4642 5.73347
0.194649 11.5863 2.14274
INDEX = 14
4 5 7
6 7 5
1 2 5
6 5 2
0 1 4
5 4 1
7 6 3
2 3 6
4 7 0
3 0 7
8 1 0
8 2 1
8 3 2
8 0 3
FACE-NORMAL = 14
0.445281 -0.0242252 0.895063
0.445281 -0.0242252 0.895063
0.0288247 0.996415 0.0795425
0.0288247 0.996415 0.0795425
0.92045 0.00816781 -0.390775
0.92045 0.00816781 -0.390775
-0.867112 -0.0110696 0.497989
-0.867112 -0.0110696 0.497989
0.0245131 -0.999316 0.0276723
0.0245131 -0.999316 0.0276723
0.318274 0.0239435 -0.947696
-0.313334 0.723996 -0.614534
-0.947996 0.0103161 -0.318115
-0.316388 -0.689737 -0.651277
BONE = 22
BONE_NAME = Point08
PARENT_ID = 7
LOCALTM 
MAT 0.0534865 0.893046 0.446775 0.0
MAT -0.0692592 -0.44302 0.893833 0.0
MAT 0.996164 -0.0787513 0.0381561 0.0
MAT 3.59318 1.85923 0.0578901 1.0
WORLDTM 
MAT 0.445281 -0.0242252 0.895063 0.0
MAT 0.895389 0.00963601 -0.445181 0.0
MAT 0.00215968 0.99966 0.0259817 0.0
MAT 0.194649 11.5863 2.14274 1.0
VERTEX = 9
0.525251 12.2446 -1.6163
0.527981 11.7545 -1.71528
0.0799282 11.7961 -1.93328
0.077198 12.2862 -1.8343
1.98913 12.717 -5.05108
1.9894 12.6679 -5.06098
1.9446 12.6721 -5.08278
1.94433 12.7211 -5.07288
0.191638 11.9754 -1.55531
INDEX = 14
4 5 7
6 7 5
1 2 5
6 5 2
0 1 4
5 4 1
7 6 3
2 3 6
4 7 0
3 0 7
8 1 0
8 2 1
8 3 2
8 0 3
FACE-NORMAL = 14
0.443806 0.179784 -0.877903
0.443806 0.179784 -0.877903
0.0320312 -0.967665 -0.250195
0.0320312 -0.967665 -0.250195
0.921078 -0.0721503 0.382635
0.921078 -0.0721503 0.382635
-0.867917 0.0936856 -0.487794
-0.867917 0.0936856 -0.487794
0.02113 0.989201 0.145036
0.02113 0.989201 0.145036
0.319824 -0.185864 0.929068
-0.309958 -0.820227 0.480784
-0.947461 -0.0683891 0.312474
-0.31768 0.565974 0.760758
BONE = 23
BONE_NAME = Point07
PARENT_ID = 7
LOCALTM 
MAT 0.0708642 -0.891535 0.447375 0.0
MAT -0.0692578 0.443022 0.893831 0.0
MAT -0.995079 -0.0943249 -0.0303514 0.0
MAT 3.59318 -1.85923 0.0578952 1.0
WORLDTM 
MAT 0.443807 0.179784 -0.877903 0.0
MAT 0.896106 -0.0830671 0.435998 0.0
MAT 0.0054604 -0.980193 -0.197971 0.0
MAT 0.191638 11.9754 -1.55531 1.0
VERTEX = 9
-2.34702 14.6267 0.341394
-2.7924 14.4005 0.319482
-2.79213 14.3517 0.817101
-2.34675 14.5779 0.839014
-4.25166 17.8273 0.88194
-4.2962 17.8046 0.879748
-4.29617 17.7998 0.92951
-4.25164 17.8224 0.931702
-2.45595 14.2676 0.557483
INDEX = 14
4 5 7
6 7 5
1 2 5
6 5 2
0 1 4
5 4 1
7 6 3
2 3 6
4 7 0
3 0 7
8 1 0
8 2 1
8 3 2
8 0 3
FACE-NORMAL = 14
-0.454492 0.886486 0.0870606
-0.454492 0.886486 0.0870606
-0.916373 -0.398468 -0.0385317
-0.916373 -0.398468 -0.0385317
-0.0277536 0.150386 -0.988238
-0.0277536 0.150386 -0.988238
-0.0266875 -0.0441985 0.998666
-0.0266875 -0.0441985 0.998666
0.861932 0.504655 0.0489602
0.861932 0.504655 0.0489602
0.320996 -0.557921 -0.765301
-0.308482 -0.946717 -0.0925498
0.321752 -0.69576 0.642179
0.95123 -0.306964 -0.0305724
BONE = 24
BONE_NAME = OMG_Horn_B
PARENT_ID = 7
LOCALTM 
MAT 0.906533 -0.00653698 -0.422084 0.0
MAT -0.0072026 -0.999974 1.74956e-005 0.0
MAT -0.422073 0.00302425 -0.906557 0.0
MAT 6.1877 -3.75509e-006 -2.49934 1.0
WORLDTM 
MAT -0.454492 0.886486 0.0870606 0.0
MAT -0.00053401 0.0974671 -0.995238 0.0
MAT -0.890751 -0.452374 -0.0438246 0.0
MAT -2.45595 14.2676 0.557483 1.0
VERTEX = 9
5.27277 18.2216 0.691078
5.27277 18.2216 1.19108
5.27278 17.7216 1.19108
5.27277 17.7216 0.691078
9.02278 17.9966 0.916077
9.02278 17.9966 0.966077
9.02278 17.9466 0.966077
9.02278 17.9466 0.916077
5.02277 17.9716 0.941078
INDEX = 14
4 5 7
6 7 5
1 2 5
6 5 2
0 1 4
5 4 1
7 6 3
2 3 6
4 7 0
3 0 7
8 1 0
8 2 1
8 3 2
8 0 3
FACE-NORMAL = 14
1.0 1.95578e-007 -3.0268e-007
1.0 1.95578e-007 -3.0268e-007
0.0598928 -5.83263e-007 0.998205
0.0598928 -5.83263e-007 0.998205
0.0598921 0.998205 7.8509e-007
0.0598921 0.998205 7.8509e-007
0.0598925 -0.998205 -8.21347e-007
0.0598925 -0.998205 -8.21347e-007
0.0598918 6.0669e-007 -0.998205
0.0598918 6.0669e-007 -0.998205
-0.707107 0.707107 7.8301e-007
-0.707106 -5.59763e-007 0.707107
-0.707107 -0.707107 -3.54956e-007
-0.707107 2.83174e-007 -0.707106
BONE = 25
BONE_NAME = FxTop
PARENT_ID = 7
LOCALTM 
MAT -0.0360458 0.000810777 0.99935 0.0
MAT 0.993862 -0.104627 0.0359328 0.0
MAT 0.104588 0.994511 0.0029657 0.0
MAT 9.63952 8.70228e-006 5.10875 1.0
WORLDTM 
MAT 1.0 1.95578e-007 -3.0268e-007 0.0
MAT -2.20956e-007 1.0 8.04663e-007 0.0
MAT 4.73578e-007 -5.96046e-007 1.0 0.0
MAT 5.02277 17.9716 0.941078 1.0
VERTEX = 9
-0.237012 7.3502 -0.66027
-0.736278 7.35879 -0.634572
-0.735318 7.83831 -0.776219
-0.236053 7.82972 -0.801917
-0.664343 6.50943 -4.30365
-0.714269 6.51029 -4.30108
-0.714173 6.55824 -4.31525
-0.664247 6.55738 -4.31782
-0.472626 7.66495 -0.478831
INDEX = 14
4 5 7
6 7 5
1 2 5
6 5 2
0 1 4
5 4 1
7 6 3
2 3 6
4 7 0
3 0 7
8 1 0
8 2 1
8 3 2
8 0 3
FACE-NORMAL = 14
-0.0541581 -0.282778 -0.957655
-0.0541581 -0.282778 -0.957655
-0.999982 0.000213722 -0.0060519
-0.999982 0.00021372 -0.00605191
-0.00515961 -0.974246 0.225428
-0.00515961 -0.974246 0.225428
-0.0013277 0.940374 -0.340141
-0.0013277 0.940374 -0.340141
0.993494 -0.0340862 -0.10866
0.993494 -0.0340862 -0.10866
0.0369384 -0.478183 0.877483
-0.667772 0.212103 0.713507
0.0396528 0.878092 0.476846
0.744363 0.187806 0.640822
BONE = 26
BONE_NAME = Bip01-R-Clavicle
PARENT_ID = 5
LOCALTM 
MAT -0.283282 -0.956355 -0.071672 0.0
MAT -0.959036 0.282428 0.0219946 0.0
MAT -0.000792442 0.0749668 -0.997185 0.0
MAT 1.85367 -0.380717 -0.737184 1.0
WORLDTM 
MAT -0.0541581 -0.282778 -0.957655 0.0
MAT -0.0019194 -0.959031 0.283293 0.0
MAT -0.998531 0.0171808 0.0513965 0.0
MAT -0.472626 7.66495 -0.478831 1.0
VERTEX = 9
-0.244886 7.05954 -1.37648
-0.742194 7.01854 -1.34478
-0.791293 7.29352 -1.75948
-0.293986 7.33451 -1.79118
-0.366523 4.04795 -3.63021
-0.416254 4.04385 -3.62704
-0.421164 4.07135 -3.66851
-0.371433 4.07545 -3.67168
-0.526373 7.38432 -1.42922
INDEX = 14
4 5 7
6 7 5
1 2 5
6 5 2
0 1 4
5 4 1
7 6 3
2 3 6
4 7 0
3 0 7
8 1 0
8 2 1
8 3 2
8 0 3
FACE-NORMAL = 14
0.0331323 -0.831167 -0.555035
0.0331323 -0.831167 -0.555035
-0.990845 -0.131617 0.0300425
-0.990845 -0.131617 0.0300425
0.100007 -0.598739 0.794676
0.100007 -0.598739 0.794676
-0.0960383 0.499178 -0.861161
-0.0960383 0.499178 -0.861161
0.994814 0.0320563 -0.0965272
0.994814 0.0320563 -0.0965272
0.046009 0.198853 0.978949
-0.726727 0.529752 0.437299
-0.0928652 0.976594 -0.19401
0.679871 0.645695 0.34764
BONE = 27
BONE_NAME = Bip01-R-UpperArm
PARENT_ID = 26
LOCALTM 
MAT 0.764774 0.639814 -0.0758906 0.0
MAT -0.644092 0.762192 -0.0648744 0.0
MAT 0.0163357 0.0984947 0.995004 0.0
MAT 0.992413 0.0 0.0 1.0
WORLDTM 
MAT 0.0331323 -0.831167 -0.555035 0.0
MAT 0.0981989 -0.549946 0.829407 0.0
MAT -0.994615 -0.0819839 0.0633986 0.0
MAT -0.526373 7.38432 -1.42922 1.0
VERTEX = 9
-0.125193 6.14551 -1.9967
-0.566612 5.92911 -2.08792
-0.615711 6.20409 -2.50262
-0.174293 6.42049 -2.4114
1.37645 3.49319 -4.20441
1.33231 3.47155 -4.21353
1.3274 3.49905 -4.25501
1.37154 3.52069 -4.24588
-0.485277 6.35338 -2.11766
INDEX = 14
4 5 7
6 7 5
1 2 5
6 5 2
0 1 4
5 4 1
7 6 3
2 3 6
4 7 0
3 0 7
8 1 0
8 2 1
8 3 2
8 0 3
FACE-NORMAL = 14
0.4593 -0.714315 -0.528013
0.4593 -0.714315 -0.528013
-0.853744 -0.474802 -0.213741
-0.853744 -0.474802 -0.213741
0.125531 -0.591741 0.796295
0.125531 -0.591741 0.796295
-0.0705141 0.506177 -0.859542
-0.0705141 0.506177 -0.859542
0.908761 0.389238 0.150494
0.908761 0.389238 0.150494
-0.255337 0.116227 0.959841
-0.949034 0.199064 0.244353
-0.394211 0.893968 -0.213118
0.299486 0.811131 0.502369
BONE = 28
BONE_NAME = Bip01-R-Forearm
PARENT_ID = 27
LOCALTM 
MAT 0.901999 1.19209e-007 -0.431739 0.0
MAT 0.0 1.0 0.0 0.0
MAT 0.431739 0.0 0.901999 0.0
MAT 1.24035 0.0 0.0 1.0
WORLDTM 
MAT 0.4593 -0.714315 -0.528013 0.0
MAT 0.0981989 -0.549946 0.829407 0.0
MAT -0.882837 -0.432797 -0.182445 0.0
MAT -0.485277 6.35338 -2.11766 1.0
VERTEX = 9
0.175428 5.67111 -2.93658
0.317673 5.58742 -2.46461
-0.107845 5.33871 -2.38047
-0.250089 5.42241 -2.85244
1.70308 2.32949 -3.7512
1.71731 2.32112 -3.704
1.67476 2.29625 -3.69558
1.66053 2.30462 -3.74278
-0.0765503 5.71772 -2.58753
INDEX = 14
4 5 7
6 7 5
1 2 5
6 5 2
0 1 4
5 4 1
7 6 3
2 3 6
4 7 0
3 0 7
8 1 0
8 2 1
8 3 2
8 0 3
FACE-NORMAL = 14
0.441368 -0.85121 -0.283964
0.441368 -0.85121 -0.283964
0.310412 -0.218071 0.925251
0.310412 -0.218071 0.925251
0.875942 0.44554 -0.184983
0.875942 0.44554 -0.184983
-0.823073 -0.547502 0.150969
-0.823073 -0.547502 0.150969
-0.257543 0.116109 -0.959265
-0.257543 0.116109 -0.959265
0.289679 0.953622 0.0818023
-0.110931 0.483533 0.868268
-0.913867 0.250172 0.319784
-0.513258 0.72026 -0.466682
BONE = 29
BONE_NAME = Bip01-R-Hand
PARENT_ID = 28
LOCALTM 
MAT 0.960689 0.275939 0.0305535 0.0
MAT 0.124422 -0.329552 -0.935903 0.0
MAT -0.248184 0.902914 -0.35093 0.0
MAT 0.889891 0.0 0.0 1.0
WORLDTM 
MAT 0.441368 -0.85121 -0.283964 0.0
MAT 0.851036 0.497414 -0.168278 0.0
MAT 0.284488 -0.167391 0.943953 0.0
MAT -0.0765503 5.71772 -2.58753 1.0
VERTEX = 9
1.14386 5.58932 -2.87126
0.884756 5.34344 -2.5214
0.747048 5.00413 -2.86185
1.00615 5.25002 -3.21171
4.00165 3.28012 -2.0562
3.97574 3.25553 -2.02122
3.96197 3.2216 -2.05526
3.98788 3.24619 -2.09025
0.743029 5.43312 -2.92061
INDEX = 14
4 5 7
6 7 5
1 2 5
6 5 2
0 1 4
5 4 1
7 6 3
2 3 6
4 7 0
3 0 7
8 1 0
8 2 1
8 3 2
8 0 3
FACE-NORMAL = 14
0.809696 -0.545565 0.21622
0.809696 -0.545565 0.21622
-0.468782 -0.523566 0.711423
-0.468782 -0.523566 0.711423
0.323417 0.644721 0.69263
0.323417 0.644721 0.69263
-0.226428 -0.710071 -0.66673
-0.226428 -0.710071 -0.66673
0.565771 0.458215 -0.685523
0.565771 0.458215 -0.685523
-0.377792 0.865626 0.32858
-0.938969 0.0380367 0.341893
-0.767291 -0.0940797 -0.634361
-0.206114 0.733509 -0.647674
BONE = 30
BONE_NAME = Bip01-R-Finger0
PARENT_ID = 29
LOCALTM 
MAT 0.760366 0.381322 0.525773 0.0
MAT -0.649435 0.457361 0.607499 0.0
MAT -0.00881496 -0.803377 0.595406 0.0
MAT 0.69857 0.611979 -0.0336099 1.0
WORLDTM 
MAT 0.809696 -0.545565 0.21622 0.0
MAT 0.275417 0.678614 0.680903 0.0
MAT -0.518207 -0.491773 0.699729 0.0
MAT 0.743029 5.43312 -2.92061 1.0
VERTEX = 9
1.41545 5.12239 -2.51575
0.93507 5.23174 -2.43042
0.797362 4.89243 -2.77087
1.27774 4.78308 -2.8562
1.01319 2.38947 0.0402439
0.965156 2.40041 0.0487769
0.951385 2.36648 0.0147316
0.999423 2.35554 0.00619864
1.11468 5.18271 -2.82137
INDEX = 14
4 5 7
6 7 5
1 2 5
6 5 2
0 1 4
5 4 1
7 6 3
2 3 6
4 7 0
3 0 7
8 1 0
8 2 1
8 3 2
8 0 3
FACE-NORMAL = 14
-0.0330976 -0.701182 0.712213
-0.0330976 -0.701182 0.712213
-0.961013 0.176304 0.213007
-0.961013 0.176304 0.213007
0.27294 0.635401 0.722336
0.27294 0.635401 0.722336
-0.276905 -0.719391 -0.637024
-0.276905 -0.719391 -0.637024
0.957048 -0.260294 -0.127694
0.957048 -0.260294 -0.127694
0.218153 0.975663 -0.0221401
-0.655953 0.650449 -0.382938
-0.171346 0.015958 -0.985082
0.70276 0.341172 -0.624284
BONE = 31
BONE_NAME = Bip01-R-Finger01
PARENT_ID = 30
LOCALTM 
MAT 0.509737 0.0 0.860331 0.0
MAT -1.19209e-007 1.0 0.0 0.0
MAT -0.860331 0.0 0.509737 0.0
MAT 0.458999 3.57628e-007 -9.53674e-007 1.0
WORLDTM 
MAT -0.0330976 -0.701182 0.712213 0.0
MAT 0.275417 0.678614 0.680903 0.0
MAT -0.960755 0.218692 0.170657 0.0
MAT 1.11468 5.18271 -2.82137 1.0
VERTEX = 9
0.933945 5.21146 -2.40976
1.41433 5.10236 -2.49533
1.27663 4.76305 -2.83579
0.796237 4.87215 -2.75021
1.20978 7.63967 -5.27183
1.25782 7.62876 -5.28039
1.24405 7.59483 -5.31443
1.19601 7.60574 -5.30587
1.09718 4.81192 -2.44475
INDEX = 14
4 5 7
6 7 5
1 2 5
6 5 2
0 1 4
5 4 1
7 6 3
2 3 6
4 7 0
3 0 7
8 1 0
8 2 1
8 3 2
8 0 3
FACE-NORMAL = 14
0.032434 0.701333 -0.712095
0.032434 0.701333 -0.712095
0.960995 -0.175811 -0.21349
0.960995 -0.175811 -0.21349
0.276865 0.719401 0.637031
0.276865 0.7194 0.637031
-0.27298 -0.635392 -0.722329
-0.27298 -0.635392 -0.722329
-0.95711 0.25982 0.128192
-0.95711 0.25982 0.128192
0.171815 -0.0160646 0.984998
0.656438 -0.650213 0.382507
-0.217683 -0.97577 0.0220567
-0.702307 -0.341622 0.624548
BONE = 32
BONE_NAME = Bip01-R-Finger0Nub
PARENT_ID = 31
LOCALTM 
MAT -1.0 0.0 0.000690624 0.0
MAT 0.0 1.0 2.08616e-007 0.0
MAT -0.000690609 1.49012e-007 -1.0 0.0
MAT 0.528799 -1.19209e-007 2.38419e-007 1.0
WORLDTM 
MAT 0.032434 0.701333 -0.712095 0.0
MAT 0.275417 0.678614 0.680903 0.0
MAT 0.960778 -0.218207 -0.171149 0.0
MAT 1.09718 4.81192 -2.44475 1.0
VERTEX = 9
0.99145 4.85794 -3.08623
0.875121 5.06085 -2.64431
0.486129 4.74935 -2.60368
0.602458 4.54644 -3.0456
2.95263 2.30141 -1.14158
2.941 2.3217 -1.09739
2.9021 2.29055 -1.09332
2.91373 2.27026 -1.13752
0.592884 4.97082 -2.96012
INDEX = 14
4 5 7
6 7 5
1 2 5
6 5 2
0 1 4
5 4 1
7 6 3
2 3 6
4 7 0
3 0 7
8 1 0
8 2 1
8 3 2
8 0 3
FACE-NORMAL = 14
0.58362 -0.66871 0.460667
0.58362 -0.66871 0.460667
-0.197286 0.365038 0.909849
-0.197286 0.365038 0.909849
0.811541 0.581839 -0.053526
0.811541 0.581839 -0.053526
-0.741632 -0.66194 0.108707
-0.741632 -0.66194 0.108707
0.267195 -0.445139 -0.854668
0.267195 -0.445139 -0.854668
0.137435 0.913383 -0.383202
-0.577196 0.759806 0.299232
-0.962799 0.0323164 -0.268279
-0.248168 0.185893 -0.950714
BONE = 33
BONE_NAME = Bip01-R-Finger1
PARENT_ID = 29
LOCALTM 
MAT 0.695991 0.0865352 0.712817 0.0
MAT -0.163859 0.985659 0.0403333 0.0
MAT -0.699104 -0.144873 0.700189 0.0
MAT 1.03703 0.260895 -0.0362341 1.0
WORLDTM 
MAT 0.58362 -0.66871 0.460667 0.0
MAT 0.777983 0.623008 -0.0812622 0.0
MAT -0.232658 0.405817 0.883845 0.0
MAT 0.592884 4.97082 -2.96012 1.0
VERTEX = 9
1.1333 4.77328 -2.37733
0.884821 5.0388 -2.72049
0.49583 4.7273 -2.67986
0.744306 4.46177 -2.3367
-0.595146 6.90629 0.196865
-0.619994 6.93284 0.162549
-0.658893 6.90169 0.166612
-0.634045 6.87514 0.200928
0.910669 4.60671 -2.70928
INDEX = 14
4 5 7
6 7 5
1 2 5
6 5 2
0 1 4
5 4 1
7 6 3
2 3 6
4 7 0
3 0 7
8 1 0
8 2 1
8 3 2
8 0 3
FACE-NORMAL = 14
-0.384422 0.574321 0.722755
-0.384422 0.574321 0.722755
-0.519085 0.564496 -0.64179
-0.519085 0.564497 -0.64179
0.753563 0.656287 -0.0378288
0.753563 0.656287 -0.0378288
-0.79961 -0.587492 0.124404
-0.79961 -0.587492 0.124404
0.473037 -0.495702 0.728365
0.473037 -0.495702 0.728365
0.821944 0.034427 -0.568526
-0.0795715 -0.0305953 -0.99636
-0.27829 -0.846639 -0.453604
0.623226 -0.781617 -0.0257711
BONE = 34
BONE_NAME = Bip01-R-Finger11
PARENT_ID = 33
LOCALTM 
MAT -0.275461 0.0 0.961312 0.0
MAT 0.0 1.0 0.0 0.0
MAT -0.961312 0.0 -0.275461 0.0
MAT 0.544505 9.53674e-007 3.57628e-007 1.0
WORLDTM 
MAT -0.384422 0.574321 0.722755 0.0
MAT 0.777983 0.623008 -0.0812622 0.0
MAT -0.496953 0.531052 -0.68631 0.0
MAT 0.910669 4.60671 -2.70928 1.0
VERTEX = 9
0.84376 5.10018 -2.64301
1.0921 4.83486 -2.2996
0.703112 4.52335 -2.25897
0.454768 4.78868 -2.60238
2.22334 2.68553 -5.17875
2.24817 2.659 -5.14441
2.20927 2.62785 -5.14034
2.18444 2.65438 -5.17468
0.677244 4.95544 -2.27042
INDEX = 14
4 5 7
6 7 5
1 2 5
6 5 2
0 1 4
5 4 1
7 6 3
2 3 6
4 7 0
3 0 7
8 1 0
8 2 1
8 3 2
8 0 3
FACE-NORMAL = 14
0.384765 -0.574687 -0.722281
0.384765 -0.574687 -0.722281
0.51884 -0.564123 0.642316
0.51884 -0.564123 0.642316
0.799631 0.58747 -0.124375
0.799631 0.58747 -0.124375
-0.753542 -0.656309 0.0378568
-0.753542 -0.656309 0.0378569
-0.472751 0.495284 -0.728835
-0.472751 0.495284 -0.728835
0.278047 0.846898 0.453269
0.079141 0.0311347 0.996377
-0.822187 -0.0341677 0.568191
-0.623281 0.781596 0.0250832
BONE = 35
BONE_NAME = Bip01-R-Finger1Nub
PARENT_ID = 34
LOCALTM 
MAT -1.0 0.0 -0.00069043 0.0
MAT 0.0 1.0 -5.06639e-007 0.0
MAT 0.000690222 -3.8743e-007 -1.0 0.0
MAT 0.607209 -4.76837e-007 0.0 1.0
WORLDTM 
MAT 0.384765 -0.574687 -0.722281 0.0
MAT 0.777983 0.623008 -0.0812618 0.0
MAT 0.496687 -0.530656 0.686808 0.0
MAT 0.677244 4.95544 -2.27042 1.0
VERTEX = 9
0.529239 4.4558 -3.06538
0.50522 4.72455 -2.64444
0.0611902 4.52015 -2.53927
