EXPORTER_V17
ANIMATION_EXPORT
BONEOBJECT_COUNT = 76
VERTEX = 9
0.25 0.25 -0.25
0.25 0.25 0.25
0.25 -0.25 0.25
0.25 -0.25 -0.25
4.0 0.025 -0.025
4.0 0.025 0.025
4.0 -0.025 0.025
4.0 -0.025 -0.025
0.0 0.0 0.0
INDEX = 14
4 5 7
6 7 5
1 2 5
6 5 2
0 1 4
5 4 1
7 6 3
2 3 6
4 7 0
3 0 7
8 1 0
8 2 1
8 3 2
8 0 3
FACE-NORMAL = 14
1.0 0.0 0.0
1.0 0.0 0.0
0.0598923 0.0 0.998205
0.0598923 0.0 0.998205
0.0598923 0.998205 0.0
0.0598923 0.998205 0.0
0.0598923 -0.998205 0.0
0.0598923 -0.998205 0.0
0.0598923 0.0 -0.998205
0.0598923 0.0 -0.998205
-0.707107 0.707107 0.0
-0.707107 0.0 0.707107
-0.707107 -0.707107 0.0
-0.707107 0.0 -0.707107
BONE = 0
BONE_NAME = Dummy_root
PARENT_ID = -1
LOCALTM 
MAT 1.0 0.0 0.0 0.0
MAT 0.0 1.0 0.0 0.0
MAT 0.0 0.0 1.0 0.0
MAT 0.0 0.0 0.0 1.0
WORLDTM 
MAT 1.0 0.0 0.0 0.0
MAT 0.0 1.0 0.0 0.0
MAT 0.0 0.0 1.0 0.0
MAT 0.0 0.0 0.0 1.0
VERTEX = 9
0.25 0.25 -0.25
0.25 0.25 0.25
0.25 -0.25 0.25
0.25 -0.25 -0.25
4.0 0.025 -0.025
4.0 0.025 0.025
4.0 -0.025 0.025
4.0 -0.025 -0.025
0.0 0.0 0.0
INDEX = 14
4 5 7
6 7 5
1 2 5
6 5 2
0 1 4
5 4 1
7 6 3
2 3 6
4 7 0
3 0 7
8 1 0
8 2 1
8 3 2
8 0 3
FACE-NORMAL = 14
1.0 0.0 0.0
1.0 0.0 0.0
0.0598923 0.0 0.998205
0.0598923 0.0 0.998205
0.0598923 0.998205 0.0
0.0598923 0.998205 0.0
0.0598923 -0.998205 0.0
0.0598923 -0.998205 0.0
0.0598923 0.0 -0.998205
0.0598923 0.0 -0.998205
-0.707107 0.707107 0.0
-0.707107 0.0 0.707107
-0.707107 -0.707107 0.0
-0.707107 0.0 -0.707107
BONE = 1
BONE_NAME = FxBottom
PARENT_ID = 0
LOCALTM 
MAT 1.0 0.0 0.0 0.0
MAT 0.0 1.0 0.0 0.0
MAT 0.0 0.0 1.0 0.0
MAT 0.0 0.0 0.0 1.0
WORLDTM 
MAT 1.0 0.0 0.0 0.0
MAT 0.0 1.0 0.0 0.0
MAT 0.0 0.0 1.0 0.0
MAT 0.0 0.0 0.0 1.0
VERTEX = 9
0.285794 48.7501 -0.25946
0.274386 48.7887 0.238919
0.209898 48.2942 0.275722
0.221306 48.2556 -0.222656
3.96933 48.0692 0.103308
3.96819 48.073 0.153146
3.96174 48.0236 0.156826
3.96289 48.0197 0.106988
-1.35796e-007 48.5539 2.04639e-006
INDEX = 14
4 5 7
6 7 5
1 2 5
6 5 2
0 1 4
5 4 1
7 6 3
2 3 6
4 7 0
3 0 7
8 1 0
8 2 1
8 3 2
8 0 3
FACE-NORMAL = 14
0.991385 -0.126879 0.0325162
0.991385 -0.126879 0.0325162
0.0366008 0.0694292 0.996915
0.0366008 0.0694292 0.996915
0.188122 0.979538 -0.0715274
0.188122 0.979538 -0.0715274
-0.0693689 -0.994736 0.0754224
-0.0693689 -0.994736 0.0754224
0.0821519 -0.0846273 -0.99302
0.0821519 -0.0846273 -0.99302
-0.609815 0.788983 -0.0750405
-0.717149 0.144282 0.681821
-0.792215 -0.609549 0.0290556
-0.684882 0.0351519 -0.727806
BONE = 2
BONE_NAME = Bip01
PARENT_ID = 0
LOCALTM 
MAT 0.991385 -0.126879 0.0325162 0.0
MAT 0.128977 0.988912 -0.0736071 0.0
MAT -0.0228165 0.0771668 0.996757 0.0
MAT -1.35796e-007 48.5539 0.0 1.0
WORLDTM 
MAT 0.991385 -0.126879 0.0325162 0.0
MAT 0.128977 0.988912 -0.0736071 0.0
MAT -0.0228165 0.0771668 0.996757 0.0
MAT -1.35796e-007 48.5539 2.04639e-006 1.0
VERTEX = 9
-0.221307 48.8521 0.22266
0.274386 48.7887 0.238919
0.285795 48.7501 -0.25946
-0.209898 48.8135 -0.275719
0.824083 55.0719 -0.460675
0.873652 55.0656 -0.459049
0.874793 55.0617 -0.508887
0.825224 55.0681 -0.510513
-1.35796e-007 48.5539 2.04639e-006
INDEX = 14
4 5 7
6 7 5
1 2 5
6 5 2
0 1 4
5 4 1
7 6 3
2 3 6
4 7 0
3 0 7
8 1 0
8 2 1
8 3 2
8 0 3
FACE-NORMAL = 14
0.128977 0.988912 -0.0736084
0.128977 0.988912 -0.0736084
0.995338 -0.0917034 0.029885
0.995338 -0.0917034 0.029885
-0.0182262 0.112215 0.993517
-0.0182262 0.112215 0.993517
0.0273808 -0.0420241 -0.998741
0.0273808 -0.0420241 -0.998741
-0.986183 0.161895 -0.0351096
-0.986183 0.161895 -0.0351096
-0.107335 -0.6447 0.756863
0.609815 -0.788983 0.0750426
-0.0750658 -0.753833 -0.652765
-0.792216 -0.609549 0.0290555
BONE = 3
BONE_NAME = Bip01-Pelvis
PARENT_ID = 2
LOCALTM 
MAT 0.0 1.0 -1.40071e-006 0.0
MAT -1.55158e-006 1.42306e-006 1.0 0.0
MAT 1.0 -1.3411e-007 1.5581e-006 0.0
MAT 0.0 0.0 0.0 1.0
WORLDTM 
MAT 0.128977 0.988912 -0.0736085 0.0
MAT -0.0228178 0.0771684 0.996757 0.0
MAT 0.991385 -0.126879 0.0325178 0.0
MAT -1.35796e-007 48.5539 2.04639e-006 1.0
VERTEX = 9
-0.510734 55.354 -0.274357
-0.0117134 55.3698 -0.24735
0.0150886 55.3766 -0.746585
-0.483932 55.3608 -0.773592
-0.641395 66.7405 -0.350492
-0.591493 66.742 -0.347792
-0.588813 66.7427 -0.397715
-0.638715 66.7411 -0.400416
-0.239756 55.1154 -0.513466
INDEX = 14
4 5 7
6 7 5
1 2 5
6 5 2
0 1 4
5 4 1
7 6 3
2 3 6
4 7 0
3 0 7
8 1 0
8 2 1
8 3 2
8 0 3
FACE-NORMAL = 14
-0.0322656 0.999408 0.0119798
-0.0322656 0.999408 0.0119798
0.997208 0.0513187 0.0542404
0.997208 0.0513187 0.0542404
-0.0542311 0.00605415 0.99851
-0.0542311 0.00605416 0.99851
0.0529558 0.0334472 -0.998037
0.0529558 0.0334472 -0.998037
-0.998484 -0.0118174 -0.0537669
-0.998484 -0.0118174 -0.0537669
-0.0150885 -0.716375 0.697553
0.728537 -0.684362 0.0297228
0.060719 -0.697001 -0.714495
-0.682906 -0.729014 -0.0466649
BONE = 4
BONE_NAME = Bip01-Spine
PARENT_ID = 3
LOCALTM 
MAT 0.983283 0.0897999 -0.158402 0.0
MAT -0.0939567 0.995396 -0.0189361 0.0
MAT 0.155972 0.0335024 0.987193 0.0
MAT 6.49566 1.12057e-005 -1.08691 1.0
WORLDTM 
MAT -0.0322656 0.999408 0.0119798 0.0
MAT -0.053604 -0.0136992 0.998468 0.0
MAT 0.998041 0.0315742 0.0540142 0.0
MAT -0.239756 55.1154 -0.513466 1.0
VERTEX = 9
-0.828685 67.0313 -0.123176
-0.344787 66.9088 -0.0941089
-0.308215 66.9351 -0.592075
-0.792113 67.0576 -0.621142
4.94151 89.2376 1.24811
4.9899 89.2253 1.25102
4.99356 89.228 1.20122
4.94516 89.2402 1.19831
-0.62867 66.7412 -0.374837
INDEX = 14
4 5 7
6 7 5
1 2 5
6 5 2
0 1 4
5 4 1
7 6 3
2 3 6
4 7 0
3 0 7
8 1 0
8 2 1
8 3 2
8 0 3
FACE-NORMAL = 14
0.240878 0.96811 0.0688476
0.240878 0.96811 0.0688476
0.970107 -0.235445 0.0588058
0.970107 -0.235445 0.0588058
-0.0707822 -0.0431471 0.996558
-0.0707822 -0.0431471 0.996558
0.0754984 0.062102 -0.99521
0.0754984 0.062102 -0.99521
-0.965391 0.2544 -0.0574578
-0.965391 0.2544 -0.0574578
-0.222047 -0.72177 0.655548
0.514008 -0.857752 -0.00757528
-0.118606 -0.647344 -0.752913
-0.854661 -0.511363 -0.08979
BONE = 5
BONE_NAME = Bip01-Spine1
PARENT_ID = 4
LOCALTM 
MAT 0.960589 0.0425678 0.274692 0.0
MAT -0.0383047 0.999048 -0.0208677 0.0
MAT -0.275319 0.00952325 0.961306 0.0
MAT 11.633 5.96046e-007 -0.0135921 1.0
WORLDTM 
MAT 0.240878 0.968111 0.0688476 0.0
MAT -0.0731438 -0.0526271 0.995932 0.0
MAT 0.967795 -0.244934 0.0581346 0.0
MAT -0.62867 66.7412 -0.374837 1.0
VERTEX = 9
4.40063 89.6815 1.45776
4.81657 89.4044 1.47367
4.85314 89.4308 0.975702
4.43721 89.7078 0.959793
7.96383 94.6425 1.75568
8.00542 94.6148 1.75728
8.00908 94.6174 1.70748
7.96748 94.6451 1.70589
4.48936 89.3484 1.19565
INDEX = 14
4 5 7
6 7 5
1 2 5
6 5 2
0 1 4
5 4 1
7 6 3
2 3 6
4 7 0
3 0 7
8 1 0
8 2 1
8 3 2
8 0 3
FACE-NORMAL = 14
0.550118 0.83082 0.0843052
0.550118 0.83082 0.0843052
0.851567 -0.523082 0.0349005
0.851567 -0.523082 0.0349005
-0.0528403 -0.0220029 0.998361
-0.0528403 -0.0220029 0.998361
0.0933489 0.0831813 -0.992153
0.0933489 0.0831813 -0.992153
-0.811059 0.584261 -0.0286926
-0.811059 0.584261 -0.0286926
-0.440713 -0.624692 0.644617
0.199234 -0.979249 -0.0371139
-0.337272 -0.550265 -0.763843
-0.977218 -0.195708 -0.0821116
BONE = 6
BONE_NAME = Bip01-Neck
PARENT_ID = 5
LOCALTM 
MAT 0.942642 8.3819e-007 0.333807 0.0
MAT -8.23289e-007 1.0 -1.85333e-007 0.0
MAT -0.333807 0.0 0.942642 0.0
MAT 23.2273 -2.38419e-006 -0.492785 1.0
WORLDTM 
MAT 0.550118 0.830821 0.0843052 0.0
MAT -0.0731442 -0.0526278 0.995932 0.0
MAT 0.831877 -0.554047 0.0318181 0.0
MAT 4.48936 89.3484 1.19565 1.0
VERTEX = 9
8.16681 94.8908 2.02643
8.26341 94.4029 1.97499
8.29561 94.4615 1.47948
8.19901 94.9494 1.53092
26.3466 98.1189 3.36284
26.3562 98.0701 3.3577
26.3595 98.076 3.30815
26.3498 98.1248 3.31329
7.98645 94.6299 1.73158
INDEX = 14
4 5 7
6 7 5
1 2 5
6 5 2
0 1 4
5 4 1
7 6 3
2 3 6
4 7 0
3 0 7
8 1 0
8 2 1
8 3 2
8 0 3
FACE-NORMAL = 14
0.979043 0.184838 0.0854979
0.979043 0.184838 0.0854979
0.205085 -0.973433 -0.101821
0.205085 -0.973433 -0.101821
-0.052506 -0.114975 0.99198
-0.052506 -0.114975 0.99198
0.0763063 0.119468 -0.989901
0.0763063 0.119468 -0.989901
-0.181285 0.977927 0.1039
-0.181285 0.977927 0.1039
-0.737833 -0.213594 0.640296
-0.555675 -0.820661 -0.133195
-0.646743 -0.0478056 -0.761209
-0.828901 0.559261 0.0122825
BONE = 7
BONE_NAME = Bip01-Head
PARENT_ID = 6
LOCALTM 
MAT 0.699364 0.00381116 0.714755 0.0
MAT -0.0492833 0.997863 0.0429013 0.0
MAT -0.713065 -0.0652292 0.698058 0.0
MAT 6.35699 -9.53674e-007 -3.8147e-006 1.0
WORLDTM 
MAT 0.979043 0.184838 0.0854979 0.0
MAT -0.0644109 -0.11723 0.991014 0.0
MAT 0.193199 -0.975753 -0.102868 0.0
MAT 7.98645 94.6299 1.73158 1.0
VERTEX = 9
26.5334 98.3583 3.63034
26.63 97.8704 3.57891
26.6622 97.929 3.0834
26.5656 98.4169 3.13483
30.2627 98.8582 3.70483
30.2724 98.8094 3.69969
30.2756 98.8153 3.65014
30.266 98.8641 3.65528
26.353 98.0974 3.33549
INDEX = 14
4 5 7
6 7 5
1 2 5
6 5 2
0 1 4
5 4 1
7 6 3
2 3 6
4 7 0
3 0 7
8 1 0
8 2 1
8 3 2
8 0 3
FACE-NORMAL = 14
0.979043 0.184838 0.0854979
0.979043 0.184838 0.0854979
0.25149 -0.96293 -0.0975626
0.25149 -0.96293 -0.0975626
-0.00565813 -0.10595 0.994355
-0.00565813 -0.105949 0.994355
0.122932 0.12809 -0.984114
0.122932 0.12809 -0.984114
-0.134215 0.985071 0.107804
-0.134215 0.985071 0.107804
-0.737833 -0.213594 0.640296
-0.555675 -0.820661 -0.133195
-0.646743 -0.0478056 -0.761209
-0.828901 0.559261 0.0122825
BONE = 8
BONE_NAME = Bip01-HeadNub
PARENT_ID = 7
LOCALTM 
MAT 1.0 0.0 0.0 0.0
MAT 0.0 1.0 0.0 0.0
MAT 0.0 0.0 1.0 0.0
MAT 18.7597 -9.53674e-007 7.62939e-006 1.0
WORLDTM 
MAT 0.979043 0.184838 0.0854979 0.0
MAT -0.0644109 -0.11723 0.991014 0.0
MAT 0.193199 -0.975753 -0.102868 0.0
MAT 26.353 98.0974 3.33549 1.0
VERTEX = 9
21.8914 87.6253 1.51093
21.8914 87.6253 2.01093
21.8914 87.1253 2.01093
21.8914 87.1253 1.51093
25.6414 87.4003 1.73593
25.6414 87.4003 1.78593
25.6414 87.3503 1.78593
25.6414 87.3503 1.73593
21.6414 87.3753 1.76093
INDEX = 14
4 5 7
6 7 5
1 2 5
6 5 2
0 1 4
5 4 1
7 6 3
2 3 6
4 7 0
3 0 7
8 1 0
8 2 1
8 3 2
8 0 3
FACE-NORMAL = 14
1.0 2.42144e-007 -4.25615e-007
1.0 2.42144e-007 -4.25615e-007
0.0598927 4.30986e-007 0.998205
0.0598927 4.30986e-007 0.998205
0.0598921 0.998205 -2.03984e-007
0.0598922 0.998205 -2.03984e-007
0.0598925 -0.998205 1.53002e-007
0.0598924 -0.998205 1.53002e-007
0.0598919 -4.01981e-007 -0.998205
0.0598919 -4.01981e-007 -0.998205
-0.707107 0.707107 1.74514e-007
-0.707106 1.23806e-007 0.707107
-0.707107 -0.707107 4.27395e-007
-0.707107 -4.6625e-007 -0.707106
BONE = 9
BONE_NAME = FxTop
PARENT_ID = 7
LOCALTM 
MAT 0.979043 -0.0644113 0.193199 0.0
MAT 0.184837 -0.11723 -0.975752 0.0
MAT 0.0854984 0.991014 -0.102868 0.0
MAT 12.0303 3.14713e-005 9.71384 1.0
WORLDTM 
MAT 1.0 2.42144e-007 -4.25614e-007 0.0
MAT -1.60187e-007 1.0 -1.78814e-007 0.0
MAT 4.09316e-007 4.17233e-007 1.0 0.0
MAT 21.6414 87.3753 1.76093 1.0
VERTEX = 9
0.180033 85.2316 7.91237
-0.301729 85.3461 7.98154
-0.430615 84.8794 7.85672
0.0511469 84.7649 7.78755
0.365765 83.3048 14.023
0.317589 83.3163 14.03
0.3047 83.2696 14.0175
0.352876 83.2582 14.0106
-0.143274 85.1246 7.64495
INDEX = 14
4 5 7
6 7 5
1 2 5
6 5 2
0 1 4
5 4 1
7 6 3
2 3 6
4 7 0
3 0 7
8 1 0
8 2 1
8 3 2
8 0 3
FACE-NORMAL = 14
0.071934 -0.276207 0.958402
0.071934 -0.276207 0.958402
-0.960403 0.219249 0.171919
-0.960403 0.219249 0.171919
0.260141 0.923118 0.283161
0.26014 0.923118 0.283161
-0.255087 -0.942521 -0.215837
-0.255087 -0.942521 -0.215837
0.965456 -0.238652 -0.104594
0.965456 -0.238652 -0.104594
0.131408 0.855318 -0.501161
-0.732179 0.357301 -0.57987
-0.233138 -0.464702 -0.854224
0.630449 0.0333158 -0.775515
BONE = 10
BONE_NAME = Bip01-L-Clavicle
PARENT_ID = 6
LOCALTM 
MAT -0.109108 0.963778 0.243367 0.0
MAT 0.938336 0.18066 -0.294766 0.0
MAT -0.328055 0.196198 -0.924059 0.0
MAT -5.51405 6.9842 -1.30837 1.0
WORLDTM 
MAT 0.071934 -0.276207 0.958402 0.0
MAT 0.257773 0.933395 0.249653 0.0
MAT -0.963524 0.229092 0.138342 0.0
MAT -0.143274 85.1246 7.64495 1.0
VERTEX = 9
0.512403 82.9624 14.2453
0.151769 83.266 14.4119
-0.089957 83.2177 13.9769
0.270677 82.9141 13.8103
-11.5209 64.3765 22.7397
-11.5569 64.4069 22.7564
-11.5811 64.402 22.7129
-11.545 64.3717 22.6962
0.33523 83.2872 14.0203
INDEX = 14
4 5 7
6 7 5
1 2 5
6 5 2
0 1 4
5 4 1
7 6 3
2 3 6
4 7 0
3 0 7
8 1 0
8 2 1
8 3 2
8 0 3
FACE-NORMAL = 14
-0.496031 -0.788641 0.363316
-0.496031 -0.788641 0.363316
-0.725942 0.599688 0.336723
-0.725942 0.599688 0.336723
0.478723 0.0892391 0.873419
0.478723 0.0892391 0.873419
-0.488136 -0.104205 -0.866525
-0.488136 -0.104205 -0.866525
0.716529 -0.614654 -0.329828
0.716529 -0.614654 -0.329828
0.692598 0.626049 0.358287
-0.159267 0.987007 -0.0212313
0.00889528 0.489258 -0.872094
0.860761 0.1283 -0.492575
BONE = 11
BONE_NAME = Bip01-L-UpperArm
PARENT_ID = 10
LOCALTM 
MAT 0.53035 -0.773274 0.347528 0.0
MAT 0.841881 0.432105 -0.323299 0.0
MAT 0.0998298 0.464039 0.880171 0.0
MAT 6.65203 -7.62939e-006 -3.8147e-006 1.0
WORLDTM 
MAT -0.496031 -0.788641 0.363316 0.0
MAT 0.483451 0.0967262 0.870011 0.0
MAT -0.721268 0.607198 0.33329 0.0
MAT 0.33523 83.2872 14.0203 1.0
VERTEX = 9
-11.2766 64.099 22.8935
-11.6989 64.2556 23.1107
-11.9406 64.2072 22.6757
-11.5184 64.0506 22.4585
-16.0232 45.9184 27.2937
-16.0654 45.934 27.3154
-16.0896 45.9292 27.2719
-16.0473 45.9135 27.2502
-11.551 64.3893 22.7263
INDEX = 14
4 5 7
6 7 5
1 2 5
6 5 2
0 1 4
5 4 1
7 6 3
2 3 6
4 7 0
3 0 7
8 1 0
8 2 1
8 3 2
8 0 3
FACE-NORMAL = 14
-0.230504 -0.944734 0.233121
-0.230504 -0.944734 0.233121
-0.847108 0.302208 0.437126
-0.847108 0.302207 0.437126
0.480731 0.0857042 0.87267
0.480731 0.0857042 0.87267
-0.486106 -0.107735 -0.867234
-0.486106 -0.107735 -0.867234
0.841733 -0.324238 -0.431689
0.841733 -0.324238 -0.431689
0.504843 0.736423 0.450349
-0.434145 0.889525 0.142352
-0.17886 0.599632 -0.780032
0.760127 0.446531 -0.472035
BONE = 12
BONE_NAME = Bip01-L-Forearm
PARENT_ID = 11
LOCALTM 
MAT 0.94409 0.0 -0.329688 0.0
MAT 0.0 1.0 0.0 0.0
MAT 0.329688 0.0 0.94409 0.0
MAT 23.9627 5.72205e-006 7.62939e-006 1.0
WORLDTM 
MAT -0.230504 -0.944734 0.233121 0.0
MAT 0.483451 0.0967263 0.870011 0.0
MAT -0.844477 0.313244 0.434437 0.0
MAT -11.551 64.3893 22.7263 1.0
VERTEX = 9
-16.3241 45.7385 27.5683
-16.3739 45.7192 27.0712
-15.8861 45.6195 27.0261
-15.8362 45.6388 27.5232
-18.1053 35.7389 27.9093
-18.1103 35.737 27.8595
-18.0615 35.727 27.855
-18.0566 35.7289 27.9047
-16.0564 45.9238 27.2828
INDEX = 14
4 5 7
6 7 5
1 2 5
6 5 2
0 1 4
5 4 1
7 6 3
2 3 6
4 7 0
3 0 7
8 1 0
8 2 1
8 3 2
8 0 3
FACE-NORMAL = 14
-0.194766 -0.979158 0.0575854
-0.194766 -0.979158 0.0575854
-0.104053 -0.0603038 -0.992742
-0.104053 -0.0603038 -0.992742
-0.979837 0.177661 0.091414
-0.979837 0.177661 0.091414
0.971211 -0.221028 -0.0888635
0.971211 -0.221028 -0.0888635
0.0954264 0.0169365 0.995292
0.0954264 0.0169365 0.995292
-0.552248 0.833361 0.0230343
0.0671765 0.665054 -0.743768
0.827689 0.551377 -0.104472
0.208264 0.719684 0.66233
BONE = 13
BONE_NAME = Bip01-L-Hand
PARENT_ID = 12
LOCALTM 
MAT 0.983363 -0.13877 -0.117223 0.0
MAT 0.0575626 -0.374006 0.925638 0.0
MAT -0.172293 -0.916986 -0.359796 0.0
MAT 19.5457 0.0 0.0 1.0
WORLDTM 
MAT -0.194766 -0.979158 0.0575854 0.0
MAT -0.975763 0.199393 0.0901608 0.0
MAT -0.0997641 -0.0386296 -0.994261 0.0
MAT -16.0564 45.9238 27.2828 1.0
VERTEX = 9
-10.4384 37.8849 23.0027
-10.9034 37.7022 22.9816
-10.9642 37.9089 22.5304
-10.4992 38.0917 22.5515
-9.37304 34.7684 21.1816
-9.41953 34.7502 21.1795
-9.42561 34.7708 21.1344
-9.37912 34.7891 21.1365
-10.7881 38.1054 22.8738
INDEX = 14
4 5 7
6 7 5
1 2 5
6 5 2
0 1 4
5 4 1
7 6 3
2 3 6
4 7 0
3 0 7
8 1 0
8 2 1
8 3 2
8 0 3
FACE-NORMAL = 14
0.347195 -0.833945 -0.428943
0.347195 -0.833945 -0.428943
-0.907417 -0.414723 -0.0678134
-0.907417 -0.414723 -0.0678134
0.142134 -0.462721 0.875035
0.142134 -0.462721 0.875035
-0.100545 0.362828 -0.926416
-0.100545 0.362828 -0.926416
0.949006 0.314829 0.0164327
0.949006 0.314829 0.0164327
-0.15955 0.297287 0.941363
-0.90303 0.331289 0.273469
-0.331459 0.882088 -0.334746
0.412021 0.848087 0.333147
BONE = 14
BONE_NAME = Bip01-L-Finger0
PARENT_ID = 13
LOCALTM 
MAT 0.724241 -0.543737 0.424058 0.0
MAT 0.433185 -0.119708 -0.89332 0.0
MAT 0.536495 0.830674 0.148841 0.0
MAT 6.37543 -7.09703 4.16014 1.0
WORLDTM 
MAT 0.347195 -0.833945 -0.428943 0.0
MAT 0.121558 -0.413517 0.902346 0.0
MAT -0.929881 -0.365432 -0.0421988 0.0
MAT -10.7881 38.1054 22.8738 1.0
VERTEX = 9
-9.24758 34.8569 21.4546
-9.74004 34.7754 21.4836
-9.80082 34.9822 21.0325
-9.30836 35.0637 21.0035
-9.03495 31.5541 19.6631
-9.08419 31.5459 19.666
-9.09027 31.5666 19.6208
-9.04103 31.5747 19.6179
-9.55497 35.1435 21.3503
INDEX = 14
4 5 7
6 7 5
1 2 5
6 5 2
0 1 4
5 4 1
7 6 3
2 3 6
4 7 0
3 0 7
8 1 0
8 2 1
8 3 2
8 0 3
FACE-NORMAL = 14
0.123091 -0.89579 -0.427095
0.123091 -0.89579 -0.427095
-0.975782 -0.216346 0.032306
-0.975782 -0.216346 0.032306
0.128712 -0.466425 0.875146
0.128712 -0.466425 0.875146
-0.113968 0.359124 -0.926305
-0.113968 0.359124 -0.926305
0.990527 0.109044 -0.0834654
0.990527 0.109045 -0.0834654
-0.00108415 0.341018 0.940056
-0.783484 0.518169 0.343006
-0.172993 0.925819 -0.336053
0.609407 0.748668 0.260996
BONE = 15
BONE_NAME = Bip01-L-Finger01
PARENT_ID = 14
LOCALTM 
MAT 0.972975 0.0 0.230912 0.0
MAT 1.49012e-007 1.0 0.0 0.0
MAT -0.230912 0.0 0.972975 0.0
MAT 3.5517 2.86102e-006 1.90735e-006 1.0
WORLDTM 
MAT 0.123091 -0.89579 -0.427095 0.0
MAT 0.121558 -0.413517 0.902346 0.0
MAT -0.984922 -0.162988 0.0579898 0.0
MAT -9.55497 35.1435 21.3503 1.0
VERTEX = 9
-8.93898 31.7467 19.9877
-9.41619 31.8471 20.0981
-9.47697 32.0539 19.6469
-8.99976 31.9534 19.5366
-11.2353 25.1926 17.0442
-11.283 25.2026 17.0552
-11.2891 25.2233 17.0101
-11.2414 25.2132 16.9991
-9.13983 32.1223 19.9099
INDEX = 14
4 5 7
6 7 5
1 2 5
6 5 2
0 1 4
5 4 1
7 6 3
2 3 6
4 7 0
3 0 7
8 1 0
8 2 1
8 3 2
8 0 3
FACE-NORMAL = 14
-0.272586 -0.888042 -0.370241
-0.272586 -0.888042 -0.370241
-0.962131 0.174369 0.20952
-0.962131 0.174369 0.20952
0.113369 -0.439835 0.890895
0.113369 -0.439834 0.890895
-0.129639 0.386831 -0.912993
-0.129639 0.386831 -0.912993
0.945862 -0.227373 -0.231618
0.945862 -0.227373 -0.231618
0.278702 0.33554 0.899855
-0.482131 0.770041 0.417835
0.106793 0.920341 -0.376255
0.867625 0.48584 0.105765
BONE = 16
BONE_NAME = Bip01-L-Finger02
PARENT_ID = 15
LOCALTM 
MAT 0.920074 1.49012e-007 0.391746 0.0
MAT -1.78814e-007 1.0 0.0 0.0
MAT -0.391746 0.0 0.920074 0.0
MAT 3.37266 -1.90735e-006 0.0 1.0
WORLDTM 
MAT -0.272586 -0.888042 -0.370241 0.0
MAT 0.121558 -0.413517 0.902346 0.0
MAT -0.954421 0.200961 0.220667 0.0
MAT -9.13983 32.1223 19.9099 1.0
VERTEX = 9
-11.0614 24.8323 17.105
-11.5386 24.9328 17.2153
-11.5993 25.1395 16.7642
-11.1221 25.0391 16.6538
-12.3256 21.6404 15.5632
-12.3734 21.6504 15.5743
-12.3794 21.6711 15.5291
-12.3317 21.6611 15.5181
-11.2622 25.2079 17.0271
INDEX = 14
4 5 7
6 7 5
1 2 5
6 5 2
0 1 4
5 4 1
7 6 3
2 3 6
4 7 0
3 0 7
8 1 0
8 2 1
8 3 2
8 0 3
FACE-NORMAL = 14
-0.272586 -0.888042 -0.370241
-0.272586 -0.888042 -0.370241
-0.969034 0.147413 0.198097
-0.969034 0.147413 0.198097
0.105014 -0.465961 0.878551
0.105014 -0.465961 0.878551
-0.137666 0.359587 -0.9229
-0.137666 0.359587 -0.9229
0.936383 -0.253787 -0.242446
0.936383 -0.253787 -0.242446
0.278702 0.33554 0.899855
-0.482131 0.770041 0.417835
0.106793 0.920341 -0.376255
0.867625 0.48584 0.105765
BONE = 17
BONE_NAME = Bip01-L-Finger0Nub
PARENT_ID = 16
LOCALTM 
MAT 1.0 0.0 0.0 0.0
MAT 0.0 1.0 0.0 0.0
MAT 0.0 0.0 1.0 0.0
MAT 7.78607 0.0 0.0 1.0
WORLDTM 
MAT -0.272586 -0.888042 -0.370241 0.0
MAT 0.121558 -0.413517 0.902346 0.0
MAT -0.954421 0.200961 0.220667 0.0
MAT -11.2622 25.2079 17.0271 1.0
VERTEX = 9
-15.1403 30.9972 28.2543
-15.162 31.2324 27.8136
-14.6633 31.2183 27.7815
-14.6415 30.9831 28.2222
-15.1967 26.7583 25.7399
-15.1988 26.7818 25.6958
-15.149 26.7804 25.6926
-15.1468 26.7569 25.7367
-14.888 31.3283 28.1349
INDEX = 14
4 5 7
6 7 5
1 2 5
6 5 2
0 1 4
5 4 1
7 6 3
2 3 6
4 7 0
3 0 7
8 1 0
8 2 1
8 3 2
8 0 3
FACE-NORMAL = 14
-0.0550993 -0.882036 -0.467949
-0.0550993 -0.882036 -0.467949
-0.0459655 0.429538 -0.901878
-0.0459654 0.429538 -0.901878
-0.999009 -0.0121231 0.0428265
-0.999009 -0.0121231 0.0428265
0.993973 -0.0684894 -0.085594
0.993973 -0.0684894 -0.085594
0.0409297 -0.510151 0.859111
0.0409297 -0.510151 0.859111
-0.666401 0.643643 0.376341
0.00820691 0.956272 -0.292365
0.744323 0.603744 0.285439
0.0697153 0.291116 0.954144
BONE = 18
BONE_NAME = Bip01-L-Finger1
PARENT_ID = 13
LOCALTM 
MAT 0.847437 -0.164299 0.504833 0.0
MAT 0.170362 0.984777 0.0345193 0.0
MAT -0.502819 0.0567514 0.862527 0.0
MAT 14.1128 -3.97346 -0.399952 1.0
WORLDTM 
MAT -0.0550994 -0.882037 -0.467949 0.0
MAT -0.997533 0.0282126 0.0642774 0.0
MAT -0.043493 0.470336 -0.881415 0.0
MAT -14.888 31.3283 28.1349 1.0
VERTEX = 9
-15.4371 26.4325 25.6516
-15.442 26.8579 25.3889
-14.9432 26.8438 25.3567
-14.9383 26.4184 25.6195
-15.5166 24.3393 21.836
-15.5171 24.3819 21.8097
-15.4672 24.3805 21.8065
-15.4667 24.3379 21.8328
-15.1728 26.7694 25.7163
INDEX = 14
4 5 7
6 7 5
1 2 5
6 5 2
0 1 4
5 4 1
7 6 3
2 3 6
4 7 0
3 0 7
8 1 0
8 2 1
8 3 2
8 0 3
FACE-NORMAL = 14
-0.0695095 -0.524806 -0.848379
-0.0695095 -0.524806 -0.848379
-0.0133828 0.82245 -0.56868
-0.0133828 0.82245 -0.56868
-0.999794 0.00101065 0.0202789
-0.999794 0.00101064 0.0202789
0.992598 -0.0553389 -0.108104
0.992598 -0.0553389 -0.108104
0.00618713 -0.876778 0.480856
0.00618713 -0.876778 0.480856
-0.656212 0.391043 0.645346
0.0422223 0.972668 0.22833
0.754513 0.351144 0.554444
0.0560789 -0.23048 0.97146
BONE = 19
BONE_NAME = Bip01-L-Finger11
PARENT_ID = 18
LOCALTM 
MAT 0.863726 0.0 0.503962 0.0
MAT 0.0 1.0 0.0 0.0
MAT -0.503962 0.0 0.863726 0.0
MAT 5.16861 -1.90735e-006 9.53674e-007 1.0
WORLDTM 
MAT -0.0695095 -0.524806 -0.848379 0.0
MAT -0.997533 0.0282126 0.0642774 0.0
MAT -0.00979809 0.850755 -0.525473 0.0
MAT -15.1728 26.7694 25.7163 1.0
VERTEX = 9
-15.7655 24.1577 21.5534
-15.7468 24.6517 21.6279
-15.248 24.6376 21.5957
-15.2668 24.1436 21.5212
-15.9358 25.4002 14.8654
-15.9339 25.4497 14.8729
-15.884 25.4482 14.8697
-15.8859 25.3988 14.8622
-15.4919 24.3599 21.8212
INDEX = 14
4 5 7
6 7 5
1 2 5
6 5 2
0 1 4
5 4 1
7 6 3
2 3 6
4 7 0
3 0 7
8 1 0
8 2 1
8 3 2
8 0 3
FACE-NORMAL = 14
-0.0593109 0.151034 -0.986748
-0.0593109 0.151034 -0.986748
0.0355643 0.992582 0.116261
0.0355643 0.992582 0.116261
-0.998949 0.0331941 0.0315964
-0.998949 0.0331941 0.0315964
0.995025 -0.0232004 -0.0968881
0.995025 -0.0232004 -0.0968881
-0.0394889 -0.982588 -0.181552
-0.0394889 -0.982588 -0.181552
-0.663423 -0.0868478 0.743187
0.068489 0.591913 0.803086
0.747302 -0.126747 0.652285
0.0153893 -0.805508 0.592385
BONE = 20
BONE_NAME = Bip01-L-Finger12
PARENT_ID = 19
LOCALTM 
MAT 0.761995 0.0 0.647583 0.0
MAT 0.0 1.0 0.0 0.0
MAT -0.647583 -1.52737e-007 0.761995 0.0
MAT 4.59114 1.90735e-006 0.0 1.0
WORLDTM 
MAT -0.059311 0.151034 -0.986748 0.0
MAT -0.997533 0.0282127 0.0642774 0.0
MAT 0.0375472 0.988126 0.148988 0.0
MAT -15.4919 24.3599 21.8212 1.0
VERTEX = 9
-16.1835 25.222 14.5997
-16.1647 25.7161 14.6742
-15.666 25.702 14.642
-15.6847 25.2079 14.5675
-16.173 26.0044 10.9184
-16.1711 26.0538 10.9259
-16.1213 26.0524 10.9227
-16.1231 26.003 10.9152
-15.9099 25.4242 14.8675
INDEX = 14
4 5 7
6 7 5
1 2 5
6 5 2
0 1 4
5 4 1
7 6 3
2 3 6
4 7 0
3 0 7
8 1 0
8 2 1
8 3 2
8 0 3
FACE-NORMAL = 14
-0.0593109 0.151034 -0.986748
-0.0593109 0.151034 -0.986748
0.0339275 0.995398 0.0896219
0.0339275 0.995398 0.0896219
-0.999295 0.0372078 0.00506347
-0.999295 0.0372078 0.00506347
0.99219 -0.0191163 -0.123261
0.99219 -0.0191163 -0.123261
-0.041032 -0.977306 -0.207819
-0.041032 -0.977306 -0.207819
-0.663423 -0.0868478 0.743187
0.068489 0.591913 0.803086
0.747302 -0.126747 0.652285
0.0153893 -0.805508 0.592385
BONE = 21
BONE_NAME = Bip01-L-Finger1Nub
PARENT_ID = 20
LOCALTM 
MAT 1.0 0.0 0.0 0.0
MAT 0.0 1.0 0.0 0.0
MAT 0.0 0.0 1.0 0.0
MAT 7.04709 -3.8147e-006 1.90735e-006 1.0
WORLDTM 
MAT -0.059311 0.151034 -0.986748 0.0
MAT -0.997533 0.0282127 0.0642774 0.0
MAT 0.0375472 0.988126 0.148988 0.0
MAT -15.9099 25.4242 14.8675 1.0
VERTEX = 9
-20.1204 31.4671 28.8188
-20.1277 31.5982 28.3363
-19.6421 31.4852 28.2983
-19.6348 31.3542 28.7808
-20.9818 27.2306 27.4478
-20.9826 27.2437 27.3995
-20.934 27.2324 27.3957
-20.9333 27.2193 27.444
-19.8217 31.7107 28.6214
INDEX = 14
4 5 7
6 7 5
1 2 5
6 5 2
0 1 4
5 4 1
7 6 3
2 3 6
4 7 0
3 0 7
8 1 0
8 2 1
8 3 2
8 0 3
FACE-NORMAL = 14
-0.237983 -0.938205 -0.251268
-0.237983 -0.938205 -0.251268
-0.0263346 0.215187 -0.976218
-0.0263346 0.215187 -0.976218
-0.981783 0.179105 0.0634372
-0.981783 0.179105 0.0634372
0.958141 -0.272307 -0.0883984
0.958141 -0.272307 -0.0883984
0.0026932 -0.308389 0.951257
0.00269321 -0.308389 0.951257
-0.518435 0.823206 0.231422
0.158004 0.848752 -0.504634
0.854993 0.503616 0.123925
0.178555 0.47807 0.859981
BONE = 22
BONE_NAME = Bip01-L-Finger2
PARENT_ID = 13
LOCALTM 
MAT 0.950532 0.0224883 0.309811 0.0
MAT -0.0277485 0.999536 0.0125817 0.0
MAT -0.309384 -0.0205561 0.950715 0.0
MAT 14.7272 0.96081 -0.406218 1.0
WORLDTM 
MAT -0.237983 -0.938205 -0.251269 0.0
MAT -0.97116 0.225985 0.0760116 0.0
MAT -0.0145318 0.262111 -0.964928 0.0
MAT -19.8217 31.7107 28.6214 1.0
VERTEX = 9
-21.2789 26.944 27.465
-21.2323 27.2704 27.0891
-20.7468 27.1574 27.0511
-20.7933 26.831 27.427
-22.0675 23.6536 24.2121
-22.0628 23.6862 24.1745
-22.0142 23.6749 24.1707
-22.0189 23.6423 24.2083
-20.9579 27.2315 27.4218
INDEX = 14
4 5 7
6 7 5
1 2 5
6 5 2
0 1 4
5 4 1
7 6 3
2 3 6
4 7 0
3 0 7
8 1 0
8 2 1
8 3 2
8 0 3
FACE-NORMAL = 14
-0.219531 -0.723156 -0.654868
-0.219531 -0.723156 -0.654868
0.0823789 0.617211 -0.782473
0.0823789 0.617211 -0.782473
-0.980577 0.191019 0.0444958
-0.980577 0.191019 0.0444958
0.959506 -0.26043 -0.107352
0.959506 -0.26043 -0.107352
-0.10345 -0.686622 0.719617
-0.10345 -0.686622 0.719617
-0.531482 0.671144 0.51681
0.221008 0.972855 -0.0686203
0.841946 0.351553 0.409313
0.0894556 0.0498421 0.994743
BONE = 23
BONE_NAME = Bip01-L-Finger21
PARENT_ID = 22
LOCALTM 
MAT 0.895261 0.0 0.445543 0.0
MAT 0.0 1.0 0.0 0.0
MAT -0.445543 0.0 0.89526 0.0
MAT 4.77427 -3.8147e-006 1.90735e-006 1.0
WORLDTM 
MAT -0.219531 -0.723156 -0.654868 0.0
MAT -0.97116 0.225985 0.0760116 0.0
MAT 0.0930217 0.652669 -0.751911 0.0
MAT -20.9579 27.2315 27.4218 1.0
VERTEX = 9
-22.3638 23.4464 24.0022
-22.2575 23.9289 23.9258
-21.7719 23.8159 23.8878
-21.8782 23.3334 23.9642
-22.7867 22.7676 17.6562
-22.7761 22.8158 17.6485
-22.7276 22.8045 17.6447
-22.7382 22.7563 17.6524
-22.0408 23.6642 24.1914
INDEX = 14
4 5 7
6 7 5
1 2 5
6 5 2
0 1 4
5 4 1
7 6 3
2 3 6
4 7 0
3 0 7
8 1 0
8 2 1
8 3 2
8 0 3
FACE-NORMAL = 14
-0.107903 -0.132287 -0.985321
-0.107903 -0.132287 -0.985321
0.208682 0.959852 -0.187443
0.208682 0.959852 -0.187443
-0.974357 0.221189 0.0412828
-0.974357 0.221189 0.0412827
0.966761 -0.230501 -0.110646
0.966761 -0.230501 -0.110646
-0.216278 -0.969165 0.11808
-0.216278 -0.969165 0.11808
-0.610416 0.253337 0.750475
0.226638 0.775975 0.588641
0.763013 -0.0662541 0.642979
-0.0740407 -0.588892 0.804813
BONE = 24
BONE_NAME = Bip01-L-Finger22
PARENT_ID = 23
LOCALTM 
MAT 0.764607 0.0 0.644497 0.0
MAT 0.0 1.0 0.0 0.0
MAT -0.644497 0.0 0.764607 0.0
MAT 4.93291 -3.8147e-006 3.8147e-006 1.0
WORLDTM 
MAT -0.107903 -0.132287 -0.985321 0.0
MAT -0.97116 0.225985 0.0760116 0.0
MAT 0.212612 0.965107 -0.152856 0.0
MAT -22.0408 23.6642 24.1914 1.0
VERTEX = 9
-23.0801 22.5682 17.4613
-22.9738 23.0508 17.3849
-22.4882 22.9378 17.3469
-22.5945 22.4552 17.4233
-23.2184 22.2384 13.7149
-23.2077 22.2867 13.7072
-23.1592 22.2754 13.7034
-23.1698 22.2271 13.7111
-22.7572 22.7861 17.6504
INDEX = 14
4 5 7
6 7 5
1 2 5
6 5 2
0 1 4
5 4 1
7 6 3
2 3 6
4 7 0
3 0 7
8 1 0
8 2 1
8 3 2
8 0 3
FACE-NORMAL = 14
-0.107903 -0.132287 -0.985321
-0.107903 -0.132287 -0.985321
0.205768 0.955451 -0.211595
0.205768 0.955451 -0.211595
-0.97588 0.217656 0.0168621
-0.97588 0.217656 0.0168621
0.962955 -0.233502 -0.134888
0.962955 -0.233502 -0.134888
-0.218693 -0.971297 0.0935689
-0.218693 -0.971297 0.0935689
-0.610416 0.253337 0.750475
0.226638 0.775975 0.588641
0.763013 -0.0662541 0.642979
-0.0740407 -0.588892 0.804813
BONE = 25
BONE_NAME = Bip01-L-Finger2Nub
PARENT_ID = 24
LOCALTM 
MAT 1.0 0.0 0.0 0.0
MAT 0.0 1.0 0.0 0.0
MAT 0.0 0.0 1.0 0.0
MAT 6.63836 3.8147e-006 -1.90735e-006 1.0
WORLDTM 
MAT -0.107903 -0.132287 -0.985321 0.0
MAT -0.97116 0.225985 0.0760116 0.0
MAT 0.212612 0.965107 -0.152856 0.0
MAT -22.7572 22.7861 17.6504 1.0
VERTEX = 9
-24.5548 33.1634 28.5712
-24.3863 33.3499 28.139
-23.9453 33.1268 28.2146
-24.1137 32.9403 28.6468
-25.953 29.0145 25.9757
-25.9361 29.0331 25.9324
-25.892 29.0108 25.94
-25.9089 28.9922 25.9832
-24.1677 33.3485 28.5127
INDEX = 14
4 5 7
6 7 5
1 2 5
6 5 2
0 1 4
5 4 1
7 6 3
2 3 6
4 7 0
3 0 7
8 1 0
8 2 1
8 3 2
8 0 3
FACE-NORMAL = 14
-0.329248 -0.81351 -0.479371
-0.329248 -0.81351 -0.479371
0.321994 0.336694 -0.884848
0.321994 0.336694 -0.884848
-0.895804 0.409691 -0.172302
-0.895804 0.409691 -0.172302
0.866666 -0.481687 0.129878
0.866666 -0.481687 0.129878
-0.351133 -0.40869 0.842424
-0.351133 -0.40869 0.842424
-0.390925 0.890698 0.232025
0.471033 0.839031 -0.272315
0.856551 0.25978 0.445908
-0.0054063 0.311447 0.950248
BONE = 26
BONE_NAME = Bip01-L-Finger3
PARENT_ID = 13
LOCALTM 
MAT 0.833077 0.115839 0.540893 0.0
MAT -0.273734 0.936038 0.221138 0.0
MAT -0.48068 -0.332286 0.811501 0.0
MAT 13.9638 5.5182 0.0721149 1.0
WORLDTM 
MAT -0.329248 -0.813511 -0.479371 0.0
MAT -0.882099 0.446126 -0.151238 0.0
MAT 0.336894 0.373058 -0.864483 0.0
MAT -24.1677 33.3485 28.5127 1.0
VERTEX = 9
-26.3084 28.8174 25.9792
-26.1231 29.0469 25.5756
-25.682 28.8239 25.6512
-25.8673 28.5943 26.0549
-27.1168 25.9395 23.6927
-27.0982 25.9625 23.6524
-27.0541 25.9402 23.6599
-27.0727 25.9172 23.7003
-25.9225 29.0127 25.9578
INDEX = 14
4 5 7
6 7 5
1 2 5
6 5 2
0 1 4
5 4 1
7 6 3
2 3 6
4 7 0
3 0 7
8 1 0
8 2 1
8 3 2
8 0 3
FACE-NORMAL = 14
-0.290735 -0.768211 -0.570373
-0.290735 -0.768211 -0.570373
0.352563 0.412321 -0.840054
0.352563 0.412321 -0.840054
-0.897928 0.399315 -0.185128
-0.897928 0.399315 -0.185128
0.863103 -0.491335 0.116806
0.863103 -0.491335 0.116806
-0.387388 -0.504341 0.771732
-0.387388 -0.504341 0.771732
-0.418158 0.858666 0.296373
0.467663 0.867879 -0.167562
0.829319 0.227748 0.510256
-0.0565022 0.218535 0.974192
BONE = 27
BONE_NAME = Bip01-L-Finger31
PARENT_ID = 26
LOCALTM 
MAT 0.994092 0.0 0.108544 0.0
MAT 0.0 1.0 0.0 0.0
MAT -0.108544 0.0 0.994092 0.0
MAT 5.32974 0.0 3.8147e-006 1.0
WORLDTM 
MAT -0.290735 -0.768211 -0.570374 0.0
MAT -0.882099 0.446126 -0.151238 0.0
MAT 0.370641 0.459156 -0.807342 0.0
MAT -25.9225 29.0127 25.9578 1.0
VERTEX = 9
-27.31 26.0582 23.6822
-27.0746 26.4797 23.5524
-26.6335 26.2567 23.6281
-26.869 25.8351 23.7578
-26.9396 24.4569 18.2861
-26.9161 24.499 18.2731
-26.872 24.4767 18.2807
-26.8955 24.4346 18.2937
-26.9747 26.2325 23.8936
INDEX = 14
4 5 7
6 7 5
1 2 5
6 5 2
0 1 4
5 4 1
7 6 3
2 3 6
4 7 0
3 0 7
8 1 0
8 2 1
8 3 2
8 0 3
FACE-NORMAL = 14
0.0117135 -0.300183 -0.95381
0.0117135 -0.300183 -0.95381
0.471011 0.830471 -0.297434
0.471011 0.830471 -0.297434
-0.880928 0.433787 -0.189193
-0.880928 0.433787 -0.189193
0.881863 -0.457754 0.113042
0.881863 -0.457754 0.113042
-0.470075 -0.854437 0.221283
-0.470075 -0.854437 0.221283
-0.632021 0.527721 0.567504
0.324707 0.808442 0.490905
0.615455 -0.103197 0.781387
-0.341272 -0.383919 0.857986
BONE = 28
BONE_NAME = Bip01-L-Finger32
PARENT_ID = 27
LOCALTM 
MAT 0.771226 0.0 0.636562 0.0
MAT 0.0 1.0 0.0 0.0
MAT -0.636562 0.0 0.771226 0.0
MAT 3.61908 0.0 3.8147e-006 1.0
WORLDTM 
MAT 0.0117135 -0.300184 -0.95381 0.0
MAT -0.882099 0.446126 -0.151238 0.0
MAT 0.470918 0.843126 -0.259566 0.0
MAT -26.9747 26.2325 23.8936 1.0
VERTEX = 9
-27.2411 24.2925 18.072
-27.0057 24.7141 17.9422
-26.5646 24.491 18.0179
-26.8001 24.0695 18.1476
-26.8928 23.2562 14.4709
-26.8692 23.2983 14.4579
-26.8251 23.276 14.4655
-26.8487 23.2339 14.4784
-26.9058 24.4668 18.2834
INDEX = 14
4 5 7
6 7 5
1 2 5
6 5 2
0 1 4
5 4 1
7 6 3
2 3 6
4 7 0
3 0 7
8 1 0
8 2 1
8 3 2
8 0 3
FACE-NORMAL = 14
0.0117135 -0.300183 -0.95381
0.0117135 -0.300183 -0.95381
0.470774 0.823634 -0.316225
0.470774 0.823634 -0.316225
-0.879814 0.427346 -0.208093
-0.879814 0.427346 -0.208093
0.881217 -0.463304 0.0938409
0.881217 -0.463304 0.0938409
-0.469371 -0.859591 0.201974
-0.469371 -0.859591 0.201974
-0.632021 0.527721 0.567504
0.324707 0.808442 0.490905
0.615455 -0.103197 0.781387
-0.341272 -0.383919 0.857986
BONE = 29
BONE_NAME = Bip01-L-Finger3Nub
PARENT_ID = 28
LOCALTM 
MAT 1.0 0.0 0.0 0.0
MAT 0.0 1.0 0.0 0.0
MAT 0.0 0.0 1.0 0.0
MAT 5.88187 0.0 1.90735e-006 1.0
WORLDTM 
MAT 0.0117135 -0.300184 -0.95381 0.0
MAT -0.882099 0.446126 -0.151238 0.0
MAT 0.470918 0.843126 -0.259566 0.0
MAT -26.9058 24.4668 18.2834 1.0
VERTEX = 9
-17.4674 35.8029 23.1349
-17.4674 35.8029 23.6349
-17.4674 35.3029 23.6349
-17.4674 35.3029 23.1349
-13.7174 35.5779 23.3599
-13.7174 35.5779 23.4099
-13.7174 35.5279 23.4099
-13.7174 35.5279 23.3599
-17.7174 35.5529 23.3849
INDEX = 14
4 5 7
6 7 5
1 2 5
6 5 2
0 1 4
5 4 1
7 6 3
2 3 6
4 7 0
3 0 7
8 1 0
8 2 1
8 3 2
8 0 3
FACE-NORMAL = 14
1.0 2.83093e-007 2.41387e-006
1.0 2.83093e-007 2.41387e-006
0.0598902 -8.1973e-007 0.998205
0.0598902 -8.1973e-007 0.998205
0.0598923 0.998205 1.13558e-006
0.0598923 0.998205 1.13558e-006
0.0598923 -0.998205 -8.46435e-007
0.0598923 -0.998205 -8.46435e-007
0.0598944 8.5364e-007 -0.998205
0.0598944 8.5364e-007 -0.998205
-0.707107 0.707107 -1.00486e-006
-0.707108 -7.92867e-007 0.707105
-0.707107 -0.707107 -2.40887e-006
-0.707105 3.92513e-007 -0.707108
BONE = 30
BONE_NAME = FxHand00
PARENT_ID = 13
LOCALTM 
MAT -0.194766 -0.975763 -0.0997662 0.0
MAT -0.979158 0.199393 -0.0386304 0.0
MAT 0.0575869 0.0901629 -0.994261 0.0
MAT 10.2538 -0.798534 4.44185 1.0
WORLDTM 
MAT 1.0 2.83093e-007 2.41387e-006 0.0
MAT 0.0 1.0 9.9279e-007 0.0
MAT -2.09941e-006 -8.3819e-007 1.0 0.0
MAT -17.7174 35.5529 23.3849 1.0
VERTEX = 9
-18.878 46.1499 48.8283
-18.7604 46.6333 48.7786
-19.2464 46.7507 48.7705
-19.364 46.2673 48.8202
-19.0151 46.797 52.5332
-19.0034 46.8454 52.5282
-19.052 46.8571 52.5274
-19.0637 46.8088 52.5324
-19.0641 46.4251 48.5507
INDEX = 14
4 5 7
6 7 5
1 2 5
6 5 2
0 1 4
5 4 1
7 6 3
2 3 6
4 7 0
3 0 7
8 1 0
8 2 1
8 3 2
8 0 3
FACE-NORMAL = 14
0.00763862 0.100481 0.99491
0.00763862 0.100481 0.99491
0.235275 0.971118 -0.0396858
0.235275 0.971118 -0.0396857
0.97062 -0.228362 0.0758104
0.97062 -0.228362 0.0758105
-0.969705 0.240398 0.0433644
-0.969705 0.240398 0.0433643
-0.23436 -0.959082 0.158861
-0.23436 -0.959082 0.158861
0.681841 -0.237081 -0.692015
0.160938 0.612605 -0.77383
-0.692644 0.0949791 -0.714999
-0.171741 -0.754707 -0.633184
BONE = 31
BONE_NAME = Dummy01
PARENT_ID = 12
LOCALTM 
MAT 0.135246 0.878994 0.45725 0.0
MAT 0.00158502 0.461298 -0.887244 0.0
MAT -0.990811 0.120721 0.0609955 0.0
MAT 24.7233 17.0976 11.9366 1.0
WORLDTM 
MAT 0.00763863 0.100481 0.99491 0.0
MAT 0.971907 -0.234802 0.0162522 0.0
MAT 0.23524 0.966836 -0.0994517 0.0
MAT -19.0641 46.4251 48.5507 1.0
VERTEX = 9
-15.6618 45.9521 49.1219
-15.6671 45.8957 48.6251
-16.1531 46.0131 48.617
-16.1478 46.0695 49.1138
-15.0012 49.6 48.4739
-15.0017 49.5944 48.4242
-15.0503 49.6061 48.4234
-15.0498 49.6118 48.4731
-15.9662 45.7412 48.8975
INDEX = 14
4 5 7
6 7 5
1 2 5
6 5 2
0 1 4
5 4 1
7 6 3
2 3 6
4 7 0
3 0 7
8 1 0
8 2 1
8 3 2
8 0 3
FACE-NORMAL = 14
0.235122 0.965468 -0.112199
0.235122 0.965468 -0.112199
0.0034588 -0.0548443 -0.998489
0.0034588 -0.0548443 -0.998489
0.984245 -0.176555 0.00951502
0.984245 -0.176555 0.00951502
-0.956081 0.292203 -0.0229547
-0.956081 0.292203 -0.0229547
0.0247052 0.170492 0.985049
0.0247052 0.170492 0.985049
0.520986 -0.848718 0.090837
-0.173782 -0.762501 -0.623211
-0.853499 -0.51666 0.0678362
-0.158731 -0.602877 0.781884
BONE = 32
BONE_NAME = Bone01
PARENT_ID = 31
LOCALTM 
MAT -0.0128206 -2.83122e-007 0.999918 0.0
MAT 1.19451e-005 1.0 3.8743e-007 0.0
MAT -0.999918 1.19489e-005 -0.0128206 0.0
MAT 0.299999 3.17708 0.0330124 1.0
WORLDTM 
MAT 0.235122 0.965468 -0.112199 0.0
MAT 0.971907 -0.2348 0.016264 0.0
MAT -0.0106423 -0.112871 -0.993553 0.0
MAT -15.9662 45.7412 48.8975 1.0
VERTEX = 9
2.42682 90.7341 10.8612
1.9606 90.9005 10.9316
1.804 90.6255 10.5445
2.27021 90.4591 10.4741
1.47083 87.8127 13.0326
1.4242 87.8294 13.0397
1.40854 87.8019 13.001
1.45517 87.7852 12.9939
2.16046 90.8713 10.5486
INDEX = 14
4 5 7
6 7 5
1 2 5
6 5 2
0 1 4
5 4 1
7 6 3
2 3 6
4 7 0
3 0 7
8 1 0
8 2 1
8 3 2
8 0 3
FACE-NORMAL = 14
-0.180193 -0.766013 0.617053
-0.180193 -0.766013 0.617053
-0.941549 0.286303 0.177527
-0.941549 0.286303 0.177527
0.30186 0.503119 0.809785
0.30186 0.503119 0.809785
-0.323444 -0.594875 -0.735872
-0.323444 -0.594875 -0.735872
0.919965 -0.378059 -0.103614
0.919965 -0.378059 -0.103614
0.348891 0.930551 0.111133
-0.531913 0.776963 -0.336745
-0.0940606 0.152756 -0.983778
0.786744 0.306343 -0.5359
BONE = 33
BONE_NAME = Bone17
PARENT_ID = 10
LOCALTM 
MAT 0.790002 -0.607392 0.0834968 0.0
MAT 0.612634 0.787377 -0.0686861 0.0
MAT -0.024024 0.105415 0.994138 0.0
MAT 1.36129 6.68275 -0.501465 1.0
WORLDTM 
MAT -0.180193 -0.766013 0.617053 0.0
MAT 0.313214 0.549984 0.774218 0.0
MAT -0.932431 0.332778 0.140823 0.0
MAT 2.16046 90.8713 10.5486 1.0
VERTEX = 9
1.08039 85.4952 -6.3846
0.612981 85.6201 -6.51083
0.766221 86.0834 -6.61999
1.23363 85.9585 -6.49376
2.08745 83.958 -12.5254
2.04071 83.9705 -12.5381
2.05603 84.0168 -12.549
2.10277 84.0043 -12.5363
0.87846 85.8597 -6.26663
INDEX = 14
4 5 7
6 7 5
1 2 5
6 5 2
0 1 4
5 4 1
7 6 3
2 3 6
4 7 0
3 0 7
8 1 0
8 2 1
8 3 2
8 0 3
FACE-NORMAL = 14
0.179386 -0.28146 -0.942656
0.179386 -0.28146 -0.942656
-0.927944 0.239703 -0.285417
-0.927944 0.239703 -0.285418
-0.29999 -0.935818 0.18507
-0.29999 -0.935818 0.18507
0.312591 0.916046 -0.251289
0.312591 0.916046 -0.251289
0.940545 -0.259474 0.219199
0.940545 -0.259474 0.219199
-0.343559 -0.456115 0.82093
-0.787864 0.375617 0.48804
0.0898686 0.854159 0.512187
0.534173 0.0224277 0.845078
BONE = 34
BONE_NAME = Bip01-R-Clavicle
PARENT_ID = 6
LOCALTM 
MAT -0.21463 -0.93713 0.275176 0.0
MAT -0.919953 0.288603 0.265319 0.0
MAT -0.328055 -0.196204 -0.924059 0.0
MAT -5.51406 -6.9842 -1.30833 1.0
WORLDTM 
MAT 0.179386 -0.28146 -0.942656 0.0
MAT -0.30648 -0.926504 0.218314 0.0
MAT -0.934821 0.249743 -0.252464 0.0
MAT 0.87846 85.8597 -6.26663 1.0
VERTEX = 9
2.01904 83.6097 -12.3321
1.65274 83.8782 -12.5412
1.93637 83.9494 -12.9467
2.30268 83.6808 -12.7377
-6.93781 64.0467 -22.305
-6.97444 64.0736 -22.3259
-6.94608 64.0807 -22.3664
-6.90945 64.0538 -22.3455
2.07175 83.9874 -12.5372
INDEX = 14
4 5 7
6 7 5
1 2 5
6 5 2
0 1 4
5 4 1
7 6 3
2 3 6
4 7 0
3 0 7
8 1 0
8 2 1
8 3 2
8 0 3
FACE-NORMAL = 14
-0.376156 -0.831446 -0.408908
-0.376156 -0.831446 -0.408908
-0.736148 0.529164 -0.421985
-0.736148 0.529164 -0.421985
-0.570805 -0.150174 0.807235
-0.570805 -0.150174 0.807235
0.563667 0.134396 -0.814995
0.563667 0.134396 -0.814995
0.72901 -0.544942 0.414225
0.72901 -0.544942 0.414225
-0.135133 0.487306 0.862712
-0.252053 0.967692 -0.00651696
0.667097 0.688536 -0.28443
0.784017 0.20815 0.5848
BONE = 35
BONE_NAME = Bip01-R-UpperArm
PARENT_ID = 34
LOCALTM 
MAT 0.552001 0.796351 0.247226 0.0
MAT -0.826347 0.482774 0.289966 0.0
MAT 0.111561 -0.364356 0.924553 0.0
MAT 6.65202 7.62939e-006 -3.8147e-006 1.0
WORLDTM 
MAT -0.376156 -0.831446 -0.408908 0.0
MAT -0.567262 -0.142291 0.811152 0.0
MAT -0.732612 0.537077 -0.418124 0.0
MAT 2.07175 83.9874 -12.5372 1.0
VERTEX = 9
-6.91142 63.727 -22.0652
-7.31844 63.85 -22.3283
-7.03481 63.9211 -22.7339
-6.62778 63.7981 -22.4708
-9.37261 45.3141 -27.2937
-9.41331 45.3264 -27.3201
-9.38495 45.3336 -27.3606
-9.34424 45.3213 -27.3343
-6.94194 64.0637 -22.3357
INDEX = 14
4 5 7
6 7 5
1 2 5
6 5 2
0 1 4
5 4 1
7 6 3
2 3 6
4 7 0
3 0 7
8 1 0
8 2 1
8 3 2
8 0 3
FACE-NORMAL = 14
-0.124673 -0.95877 -0.255374
-0.124673 -0.95877 -0.255374
-0.815444 0.234797 -0.529076
-0.815444 0.234797 -0.529076
-0.568677 -0.15346 0.808119
-0.568677 -0.15346 0.808119
0.56577 0.131102 -0.814074
0.56577 0.131102 -0.814074
0.812537 -0.257155 0.523121
0.812537 -0.257155 0.523121
-0.312957 0.577338 0.754147
-0.48746 0.851896 -0.191457
0.489272 0.778568 -0.392995
0.663775 0.50401 0.55261
BONE = 36
BONE_NAME = Bip01-R-Forearm
PARENT_ID = 35
LOCALTM 
MAT 0.948486 0.0 -0.316819 0.0
MAT -1.3411e-007 1.0 0.0 0.0
MAT 0.316819 1.22935e-007 0.948486 0.0
MAT 23.9627 0.0 -3.8147e-006 1.0
WORLDTM 
MAT -0.124673 -0.958771 -0.255374 0.0
