EXPORTER_V17
ANIMATION_EXPORT
BONEOBJECT_COUNT = 76
VERTEX = 9
0.25 0.25 -0.25
0.25 0.25 0.25
0.25 -0.25 0.25
0.25 -0.25 -0.25
4.0 0.025 -0.025
4.0 0.025 0.025
4.0 -0.025 0.025
4.0 -0.025 -0.025
0.0 0.0 0.0
INDEX = 14
4 5 7
6 7 5
1 2 5
6 5 2
0 1 4
5 4 1
7 6 3
2 3 6
4 7 0
3 0 7
8 1 0
8 2 1
8 3 2
8 0 3
FACE-NORMAL = 14
1.0 0.0 0.0
1.0 0.0 0.0
0.0598923 0.0 0.998205
0.0598923 0.0 0.998205
0.0598923 0.998205 0.0
0.0598923 0.998205 0.0
0.0598923 -0.998205 0.0
0.0598923 -0.998205 0.0
0.0598923 0.0 -0.998205
0.0598923 0.0 -0.998205
-0.707107 0.707107 0.0
-0.707107 0.0 0.707107
-0.707107 -0.707107 0.0
-0.707107 0.0 -0.707107
BONE = 0
BONE_NAME = Dummy_root
PARENT_ID = -1
LOCALTM 
MAT 1.0 0.0 0.0 0.0
MAT 0.0 1.0 0.0 0.0
MAT 0.0 0.0 1.0 0.0
MAT 0.0 0.0 0.0 1.0
WORLDTM 
MAT 1.0 0.0 0.0 0.0
MAT 0.0 1.0 0.0 0.0
MAT 0.0 0.0 1.0 0.0
MAT 0.0 0.0 0.0 1.0
VERTEX = 9
0.25 0.25 -0.25
0.25 0.25 0.25
0.25 -0.25 0.25
0.25 -0.25 -0.25
4.0 0.025 -0.025
4.0 0.025 0.025
4.0 -0.025 0.025
4.0 -0.025 -0.025
0.0 0.0 0.0
INDEX = 14
4 5 7
6 7 5
1 2 5
6 5 2
0 1 4
5 4 1
7 6 3
2 3 6
4 7 0
3 0 7
8 1 0
8 2 1
8 3 2
8 0 3
FACE-NORMAL = 14
1.0 0.0 0.0
1.0 0.0 0.0
0.0598923 0.0 0.998205
0.0598923 0.0 0.998205
0.0598923 0.998205 0.0
0.0598923 0.998205 0.0
0.0598923 -0.998205 0.0
0.0598923 -0.998205 0.0
0.0598923 0.0 -0.998205
0.0598923 0.0 -0.998205
-0.707107 0.707107 0.0
-0.707107 0.0 0.707107
-0.707107 -0.707107 0.0
-0.707107 0.0 -0.707107
BONE = 1
BONE_NAME = FxBottom
PARENT_ID = 0
LOCALTM 
MAT 1.0 0.0 0.0 0.0
MAT 0.0 1.0 0.0 0.0
MAT 0.0 0.0 1.0 0.0
MAT 0.0 0.0 0.0 1.0
WORLDTM 
MAT 1.0 0.0 0.0 0.0
MAT 0.0 1.0 0.0 0.0
MAT 0.0 0.0 1.0 0.0
MAT 0.0 0.0 0.0 1.0
VERTEX = 9
0.231374 48.8229 -0.24815
0.226992 48.8232 0.251831
0.267003 48.3249 0.252497
0.271385 48.3245 -0.247484
3.98524 48.8989 0.00971121
3.9848 48.8989 0.0597093
3.9888 48.8491 0.0597759
3.98924 48.8491 0.00977778
-1.35796e-007 48.5539 2.04639e-006
INDEX = 14
4 5 7
6 7 5
1 2 5
6 5 2
0 1 4
5 4 1
7 6 3
2 3 6
4 7 0
3 0 7
8 1 0
8 2 1
8 3 2
8 0 3
FACE-NORMAL = 14
0.996755 0.0800314 0.00868537
0.996755 0.0800314 0.00868537
0.0509496 0.00542425 0.998686
0.0509496 0.00542425 0.998686
-0.0201813 0.999796 -0.000808892
-0.0201813 0.999796 -0.000808892
0.139577 -0.990209 0.00184927
0.139577 -0.990209 0.00184927
0.0684462 0.00416228 -0.997646
0.0684462 0.00416228 -0.997646
-0.761397 0.648248 -0.00708298
-0.711009 -0.0561438 0.700938
-0.648227 -0.761429 -0.00519999
-0.698615 -0.0570377 -0.713221
BONE = 2
BONE_NAME = Bip01
PARENT_ID = 0
LOCALTM 
MAT 0.996755 0.0800314 0.00868537 0.0
MAT -0.0800228 0.996792 -0.00133151 0.0
MAT -0.00876407 0.000632162 0.999961 0.0
MAT -1.35796e-007 48.5539 0.0 1.0
WORLDTM 
MAT 0.996755 0.0800314 0.00868537 0.0
MAT -0.0800228 0.996792 -0.00133147 0.0
MAT -0.00876407 0.00063212 0.999961 0.0
MAT -1.35796e-007 48.5539 2.04639e-006 1.0
VERTEX = 9
-0.271386 48.7832 0.247488
0.226991 48.8232 0.251831
0.231374 48.8229 -0.24815
-0.267003 48.7829 -0.252493
-0.552165 55.1167 0.0160064
-0.502327 55.1207 0.0164407
-0.501889 55.1207 -0.0335573
-0.551727 55.1167 -0.0339917
-1.35796e-007 48.5539 2.04639e-006
INDEX = 14
4 5 7
6 7 5
1 2 5
6 5 2
0 1 4
5 4 1
7 6 3
2 3 6
4 7 0
3 0 7
8 1 0
8 2 1
8 3 2
8 0 3
FACE-NORMAL = 14
-0.0800227 0.996792 -0.00133276
-0.0800227 0.996792 -0.00133276
0.993287 0.115356 0.00863391
0.993287 0.115356 0.00863391
-0.0115999 0.0360083 0.999284
-0.0115999 0.0360083 0.999284
0.00592003 0.0347424 -0.999379
0.00592003 0.0347424 -0.999379
-0.998967 -0.0446056 -0.00872851
-0.998967 -0.0446056 -0.00872851
0.0503864 -0.704391 0.708022
0.761396 -0.648248 0.00708481
0.0627827 -0.705286 -0.706137
-0.648227 -0.761429 -0.00520001
BONE = 3
BONE_NAME = Bip01-Pelvis
PARENT_ID = 2
LOCALTM 
MAT 1.3411e-007 1.0 -1.29238e-006 0.0
MAT -1.31739e-006 1.34902e-006 1.0 0.0
MAT 1.0 0.0 1.30565e-006 0.0
MAT 0.0 0.0 0.0 1.0
WORLDTM 
MAT -0.0800227 0.996792 -0.00133276 0.0
MAT -0.00876549 0.000633359 0.999961 0.0
MAT 0.996755 0.0800314 0.00868668 0.0
MAT -1.35796e-007 48.5539 2.04639e-006 1.0
VERTEX = 9
-1.80382 55.2345 0.229982
-1.31278 55.1403 0.234343
-1.3084 55.14 -0.265637
-1.79944 55.2342 -0.269999
0.562325 66.3714 0.0186711
0.611429 66.362 0.0191073
0.611867 66.362 -0.0308908
0.562763 66.3714 -0.031327
-1.60318 54.9417 -0.0180853
INDEX = 14
4 5 7
6 7 5
1 2 5
6 5 2
0 1 4
5 4 1
7 6 3
2 3 6
4 7 0
3 0 7
8 1 0
8 2 1
8 3 2
8 0 3
FACE-NORMAL = 14
0.188281 0.982115 0.00102943
0.188281 0.982115 0.00102943
0.985605 -0.168836 0.00874212
0.985605 -0.168836 0.00874212
-0.00503871 0.0200403 0.999786
-0.00503871 0.0200403 0.999786
0.0124805 0.0187775 -0.999746
0.0124804 0.0187775 -0.999746
-0.978164 0.207654 -0.00870143
-0.978164 0.207654 -0.00870143
-0.13933 -0.694013 0.706352
0.561298 -0.827596 0.00544051
-0.126939 -0.694907 -0.707807
-0.827567 -0.561324 -0.00689635
BONE = 4
BONE_NAME = Bip01-Spine
PARENT_ID = 3
LOCALTM 
MAT 0.963896 1.00123e-006 0.266278 0.0
MAT -2.15403e-006 1.0 4.03694e-006 0.0
MAT -0.266278 -4.46439e-006 0.963896 0.0
MAT 6.49565 1.14404e-005 -1.08691 1.0
WORLDTM 
MAT 0.188281 0.982115 0.00102943 0.0
MAT -0.00876129 0.000631535 0.999962 0.0
MAT 0.982076 -0.188282 0.00872348 0.0
MAT -1.60318 54.9417 -0.0180853 1.0
VERTEX = 9
0.427641 66.6924 0.242298
0.894478 66.5133 0.246501
0.898858 66.513 -0.25348
0.432022 66.692 -0.257683
8.86791 88.0706 0.0777485
8.91459 88.0527 0.0781688
8.91503 88.0527 0.0281707
8.86834 88.0706 0.0277504
0.573745 66.3693 -0.00622796
INDEX = 14
4 5 7
6 7 5
1 2 5
6 5 2
0 1 4
5 4 1
7 6 3
2 3 6
4 7 0
3 0 7
8 1 0
8 2 1
8 3 2
8 0 3
FACE-NORMAL = 14
0.358021 0.93371 0.00254762
0.358021 0.93371 0.00254762
0.937133 -0.348872 0.00843108
0.937133 -0.348872 0.00843108
-0.0052561 0.00977175 0.999938
-0.0052561 0.00977175 0.999938
0.0122659 0.00850954 -0.999889
0.0122659 0.00850954 -0.999889
-0.930123 0.367153 -0.0083812
-0.930123 0.367153 -0.0083812
-0.259355 -0.659786 0.705278
0.407047 -0.913398 0.00414288
-0.246964 -0.660679 -0.708881
-0.913365 -0.407067 -0.00774576
BONE = 5
BONE_NAME = Bip01-Spine1
PARENT_ID = 4
LOCALTM 
MAT 0.984421 4.17465e-007 0.175825 0.0
MAT -4.16592e-007 1.0 0.0 0.0
MAT -0.175825 0.0 0.984421 0.0
MAT 11.633 4.74975e-007 -0.0135918 1.0
WORLDTM 
MAT 0.358021 0.93371 0.00254762 0.0
MAT -0.00876141 0.000631132 0.999962 0.0
MAT 0.933673 -0.35803 0.00840654 0.0
MAT 0.573745 66.3693 -0.00622796 1.0
VERTEX = 9
8.28339 88.5563 0.297327
8.75023 88.3773 0.30153
8.75461 88.377 -0.19845
8.28778 88.556 -0.202654
10.6819 94.1778 0.0897855
10.7286 94.1599 0.0902058
10.729 94.1598 0.0402077
10.6823 94.1777 0.0397874
8.4295 88.2332 0.0488014
INDEX = 14
4 5 7
6 7 5
1 2 5
6 5 2
0 1 4
5 4 1
7 6 3
2 3 6
4 7 0
3 0 7
8 1 0
8 2 1
8 3 2
8 0 3
FACE-NORMAL = 14
0.358021 0.93371 0.00254762
0.358021 0.93371 0.00254762
0.946221 -0.323409 0.00849464
0.946221 -0.323409 0.00849464
0.00442619 0.0350081 0.999377
0.00442619 0.0350081 0.999377
0.0219371 0.0337467 -0.99919
0.0219371 0.0337467 -0.99919
-0.919858 0.392164 -0.00830704
-0.919858 0.392164 -0.00830704
-0.259355 -0.659786 0.705278
0.407047 -0.913398 0.00414288
-0.246964 -0.660679 -0.708881
-0.913365 -0.407068 -0.00774576
BONE = 6
BONE_NAME = Bip01-Neck
PARENT_ID = 5
LOCALTM 
MAT 1.0 0.0 0.0 0.0
MAT 0.0 1.0 0.0 0.0
MAT 0.0 0.0 1.0 0.0
MAT 23.2273 -2.27429e-006 -0.492786 1.0
WORLDTM 
MAT 0.358021 0.93371 0.00254762 0.0
MAT -0.00876141 0.000631132 0.999962 0.0
MAT 0.933673 -0.358029 0.00840654 0.0
MAT 8.4295 88.2332 0.0488014 1.0
VERTEX = 9
10.5618 94.493 0.313542
11.0272 94.3104 0.317736
11.0316 94.3101 -0.182245
10.5661 94.4926 -0.186438
17.5297 111.643 0.138762
17.5762 111.625 0.139181
17.5767 111.625 0.089183
17.5301 111.643 0.0887636
10.7054 94.1688 0.0649962
INDEX = 14
4 5 7
6 7 5
1 2 5
6 5 2
0 1 4
5 4 1
7 6 3
2 3 6
4 7 0
3 0 7
8 1 0
8 2 1
8 3 2
8 0 3
FACE-NORMAL = 14
0.365023 0.930995 0.00261071
0.365023 0.930995 0.00261071
0.935325 -0.353688 0.00841827
0.935325 -0.353688 0.00841827
-0.00432395 0.0119472 0.999919
-0.00432395 0.0119472 0.999919
0.0131976 0.0106851 -0.999856
0.0131976 0.0106851 -0.999856
-0.926452 0.376321 -0.00835481
-0.926452 0.376321 -0.00835481
-0.264306 -0.657867 0.705233
0.400176 -0.916429 0.00408457
-0.251915 -0.658759 -0.708926
-0.916396 -0.400196 -0.00777667
BONE = 7
BONE_NAME = Bip01-Head
PARENT_ID = 6
LOCALTM 
MAT 0.999972 0.0 0.00750998 0.0
MAT 0.0 1.0 0.0 0.0
MAT -0.00751001 0.0 0.999972 0.0
MAT 6.35698 -4.61936e-007 5.72205e-006 1.0
WORLDTM 
MAT 0.365023 0.930995 0.00261071 0.0
MAT -0.00876141 0.000631105 0.999961 0.0
MAT 0.930957 -0.365032 0.00838716 0.0
MAT 10.7054 94.1688 0.0649962 1.0
VERTEX = 9
17.4095 111.958 0.362518
17.875 111.776 0.366712
17.8793 111.775 -0.133269
17.4139 111.958 -0.137462
18.9898 115.367 0.149204
19.0363 115.349 0.149624
19.0367 115.349 0.0996255
18.9902 115.367 0.0992062
17.5532 111.634 0.113972
INDEX = 14
4 5 7
6 7 5
1 2 5
6 5 2
0 1 4
5 4 1
7 6 3
2 3 6
4 7 0
3 0 7
8 1 0
8 2 1
8 3 2
8 0 3
FACE-NORMAL = 14
0.365023 0.930995 0.00261071
0.365023 0.930995 0.00261071
0.951148 -0.308617 0.00852846
0.951148 -0.308617 0.00852846
0.0131164 0.0563894 0.998323
0.0131164 0.0563894 0.998323
0.0306078 0.0551295 -0.99801
0.0306077 0.0551294 -0.99801
-0.907424 0.420136 -0.00821574
-0.907424 0.420136 -0.00821574
-0.264306 -0.657867 0.705233
0.400176 -0.916429 0.00408457
-0.251915 -0.658759 -0.708926
-0.916396 -0.400196 -0.00777667
BONE = 8
BONE_NAME = Bip01-HeadNub
PARENT_ID = 7
LOCALTM 
MAT 1.0 0.0 0.0 0.0
MAT 0.0 1.0 0.0 0.0
MAT 0.0 0.0 1.0 0.0
MAT 18.7597 -2.98023e-007 3.8147e-006 1.0
WORLDTM 
MAT 0.365023 0.930995 0.00261071 0.0
MAT -0.00876141 0.000631105 0.999961 0.0
MAT 0.930957 -0.365032 0.00838716 0.0
MAT 17.5532 111.634 0.113972 1.0
VERTEX = 9
24.39 102.073 -0.072092
24.39 102.073 0.427908
24.39 101.573 0.427908
24.39 101.573 -0.072092
28.14 101.848 0.152905
28.14 101.848 0.202905
28.14 101.798 0.202905
28.14 101.798 0.152905
24.14 101.823 0.177908
INDEX = 14
4 5 7
6 7 5
1 2 5
6 5 2
0 1 4
5 4 1
7 6 3
2 3 6
4 7 0
3 0 7
8 1 0
8 2 1
8 3 2
8 0 3
FACE-NORMAL = 14
1.0 7.872e-007 -8.07995e-007
1.0 7.872e-007 -8.07995e-007
0.0598931 1.62424e-007 0.998205
0.0598931 1.62424e-007 0.998205
0.0598916 0.998205 -1.33921e-007
0.0598916 0.998205 -1.33921e-007
0.059893 -0.998205 0.0
0.059893 -0.998205 0.0
0.0598915 0.0 -0.998205
0.0598915 0.0 -0.998205
-0.707107 0.707106 5.10752e-007
-0.707106 -4.74975e-007 0.707107
-0.707106 -0.707107 6.31925e-007
-0.707107 -6.38294e-007 -0.707106
BONE = 9
BONE_NAME = FxTop
PARENT_ID = 7
LOCALTM 
MAT 0.365024 -0.0087622 0.930957 0.0
MAT 0.930995 0.000630968 -0.365032 0.0
MAT 0.00261106 0.999961 0.0083879 0.0
MAT 12.0303 3.27826e-005 9.71385 1.0
WORLDTM 
MAT 1.0 7.872e-007 -8.07995e-007 0.0
MAT -7.31321e-007 1.0 0.0 0.0
MAT 8.08737e-007 0.0 1.0 0.0
MAT 24.14 101.823 0.177908 1.0
VERTEX = 9
5.45469 83.7604 7.26603
5.00302 83.9336 7.13943
4.80592 83.4822 7.22535
5.25759 83.309 7.35195
4.08022 85.2681 13.3426
4.03506 85.2854 13.33
4.01535 85.2403 13.3386
4.06051 85.223 13.3512
5.17258 83.5575 7.00768
INDEX = 14
4 5 7
6 7 5
1 2 5
6 5 2
0 1 4
5 4 1
7 6 3
2 3 6
4 7 0
3 0 7
8 1 0
8 2 1
8 3 2
8 0 3
FACE-NORMAL = 14
-0.16909 0.255057 0.952027
-0.16909 0.255057 0.952027
-0.908714 0.354982 -0.219607
-0.908714 0.354982 -0.219607
0.388026 0.911211 -0.138311
0.388026 0.911211 -0.138311
-0.399904 -0.893294 0.205188
-0.399904 -0.893294 0.205188
0.896836 -0.337065 0.286484
0.896836 -0.337065 0.286484
0.398312 0.458031 -0.794705
-0.519188 0.0644744 -0.852225
-0.159182 -0.818735 -0.551664
0.758317 -0.425179 -0.494144
BONE = 10
BONE_NAME = Bip01-L-Clavicle
PARENT_ID = 6
LOCALTM 
MAT 0.180036 0.953632 -0.241189 0.0
MAT 0.98366 -0.174733 0.0433836 0.0
MAT -0.000771761 -0.245059 -0.969508 0.0
MAT -5.51405 6.9842 -1.30836 1.0
WORLDTM 
MAT -0.16909 0.255057 0.952027 0.0
MAT 0.394208 0.90281 -0.171856 0.0
MAT -0.903332 0.346237 -0.253202 0.0
MAT 5.17258 83.5575 7.00768 1.0
VERTEX = 9
4.24915 85.3127 13.7194
3.76088 85.3833 13.6381
3.74066 84.9523 13.3855
4.22892 84.8817 13.4668
-0.995651 73.6081 33.6665
-1.04448 73.6152 33.6584
-1.0465 73.5721 33.6331
-0.997674 73.565 33.6413
4.04779 85.2542 13.3406
INDEX = 14
4 5 7
6 7 5
1 2 5
6 5 2
0 1 4
5 4 1
7 6 3
2 3 6
4 7 0
3 0 7
8 1 0
8 2 1
8 3 2
8 0 3
FACE-NORMAL = 14
-0.211532 -0.486761 0.847537
-0.211532 -0.486761 0.847537
-0.978497 0.136523 -0.154614
-0.978497 0.136523 -0.154614
0.0384411 0.857399 0.513215
0.0384411 0.857399 0.513215
-0.0424552 -0.866636 -0.497132
-0.0424552 -0.866636 -0.497132
0.974483 -0.14576 0.170697
0.974483 -0.14576 0.170697
0.178178 0.953758 -0.242071
-0.540938 0.443998 -0.714319
0.120973 -0.265374 -0.956526
0.840089 0.244385 -0.484279
BONE = 11
BONE_NAME = Bip01-L-UpperArm
PARENT_ID = 10
LOCALTM 
MAT 0.718493 -0.668494 -0.192049 0.0
MAT 0.693994 0.707398 0.13402 0.0
MAT 0.0462636 -0.229573 0.972191 0.0
MAT 6.65203 0.0 1.90735e-006 1.0
WORLDTM 
MAT -0.211532 -0.486761 0.847537 0.0
MAT 0.04045 0.862056 0.505196 0.0
MAT -0.976534 0.141148 -0.162663 0.0
MAT 4.04779 85.2542 13.3406 1.0
VERTEX = 9
-0.658225 73.803 33.7524
-0.991837 73.6264 34.0803
-1.01206 73.1954 33.8277
-0.67845 73.3719 33.4998
13.5339 66.5135 44.6093
13.5005 66.4958 44.6421
13.4985 66.4527 44.6169
13.5319 66.4704 44.5841
-1.02108 73.5901 33.6498
INDEX = 14
4 5 7
6 7 5
1 2 5
6 5 2
0 1 4
5 4 1
7 6 3
2 3 6
4 7 0
3 0 7
8 1 0
8 2 1
8 3 2
8 0 3
FACE-NORMAL = 14
0.743758 -0.363609 0.560904
0.743758 -0.363609 0.560904
-0.658507 -0.35727 0.662364
-0.658507 -0.35727 0.662364
0.0491195 0.857758 0.511702
0.0491195 0.857758 0.511702
-0.0317753 -0.866237 -0.498622
-0.0317753 -0.866237 -0.498622
0.675851 0.348791 -0.649284
0.675851 0.348791 -0.649284
-0.497314 0.866676 -0.0393913
-0.997715 0.0074629 0.0671505
-0.554519 -0.352455 -0.753846
-0.0541173 0.506757 -0.860388
BONE = 12
BONE_NAME = Bip01-L-Forearm
PARENT_ID = 11
LOCALTM 
MAT 0.495049 0.0 -0.868865 0.0
MAT -1.19209e-007 1.0 -1.3411e-007 0.0
MAT 0.868865 0.0 0.495049 0.0
MAT 23.9627 0.0 9.05991e-006 1.0
WORLDTM 
MAT 0.743758 -0.363609 0.560904 0.0
MAT 0.0404502 0.862056 0.505196 0.0
MAT -0.667224 -0.353055 0.655869 0.0
MAT -1.02108 73.5901 33.6498 1.0
VERTEX = 9
13.4741 66.5599 45.0372
13.7484 66.1935 44.836
13.9333 66.5156 44.5012
13.659 66.882 44.7024
21.2983 68.7603 51.138
21.3258 68.7237 51.1179
21.3443 68.7559 51.0844
21.3168 68.7925 51.1046
13.5162 66.4831 44.6131
INDEX = 14
4 5 7
6 7 5
1 2 5
6 5 2
0 1 4
5 4 1
7 6 3
2 3 6
4 7 0
3 0 7
8 1 0
8 2 1
8 3 2
8 0 3
FACE-NORMAL = 14
0.749932 0.218588 0.624357
0.749932 0.218588 0.624357
0.565041 -0.727945 -0.388362
0.565041 -0.727945 -0.388362
-0.352999 -0.639191 0.683247
-0.352999 -0.639191 0.683247
0.386213 0.648872 -0.655594
0.386213 0.648872 -0.655594
-0.531826 0.737626 0.416015
-0.531826 0.737626 0.416015
-0.791697 -0.610076 0.0319813
-0.142386 -0.67285 -0.725947
-0.268867 0.300946 -0.914955
-0.918178 0.36372 -0.157027
BONE = 13
BONE_NAME = Bip01-L-Hand
PARENT_ID = 12
LOCALTM 
MAT 0.828491 0.534193 -0.16805 0.0
MAT 0.334841 -0.232011 0.913265 0.0
MAT 0.44887 -0.812902 -0.371088 0.0
MAT 19.5457 0.0 3.8147e-006 1.0
WORLDTM 
MAT 0.749932 0.218588 0.624357 0.0
MAT -0.369697 -0.64419 0.669585 0.0
MAT 0.548568 -0.732965 -0.402287 0.0
MAT 13.5162 66.4831 44.6131 1.0
VERTEX = 9
23.1384 69.772 41.9574
23.4445 69.7106 42.348
23.6215 69.2902 42.1431
23.3155 69.3517 41.7525
26.0075 71.533 40.2748
26.0381 71.5269 40.3138
26.0558 71.4849 40.2934
26.0252 71.491 40.2543
23.2032 69.3993 42.168
INDEX = 14
4 5 7
6 7 5
1 2 5
6 5 2
0 1 4
5 4 1
7 6 3
2 3 6
4 7 0
3 0 7
8 1 0
8 2 1
8 3 2
8 0 3
FACE-NORMAL = 14
0.707107 0.527419 -0.470987
0.707107 0.527419 -0.470987
0.653277 -0.0910866 0.75162
0.653277 -0.0910866 0.75162
-0.311168 0.870749 0.380751
-0.311168 0.870749 0.380751
0.395868 -0.807572 -0.437168
0.395868 -0.807572 -0.437168
-0.568577 0.154263 -0.808037
-0.568577 0.154263 -0.808037
-0.750424 0.221501 0.622736
-0.0672325 -0.459842 0.885452
-0.249575 -0.967385 0.0433406
-0.932767 -0.286041 -0.219375
BONE = 14
BONE_NAME = Bip01-L-Finger0
PARENT_ID = 13
LOCALTM 
MAT 0.351505 -0.916539 0.190788 0.0
MAT 0.173965 -0.136296 -0.975274 0.0
MAT 0.919881 0.376005 0.111537 0.0
MAT 6.37543 -7.09702 4.16015 1.0
WORLDTM 
MAT 0.707107 0.527419 -0.470988 0.0
MAT -0.354154 0.84067 0.409695 0.0
MAT 0.612026 -0.122896 0.781231 0.0
MAT 23.2032 69.3993 42.168 1.0
VERTEX = 9
25.883 71.6676 40.4401
25.8343 71.4332 40.8791
26.0114 71.0129 40.6742
26.06 71.2473 40.2353
29.4287 72.3894 41.4749
29.4238 72.366 41.5188
29.4415 72.3239 41.4983
29.4464 72.3474 41.4544
25.7146 71.2725 40.4952
INDEX = 14
4 5 7
6 7 5
1 2 5
6 5 2
0 1 4
5 4 1
7 6 3
2 3 6
4 7 0
3 0 7
8 1 0
8 2 1
8 3 2
8 0 3
FACE-NORMAL = 14
0.930109 0.271041 0.247858
0.930109 0.271041 0.247858
-0.0414413 -0.451765 0.891174
-0.0414413 -0.451765 0.891174
-0.297812 0.855394 0.423804
-0.297812 0.855394 0.423804
0.409224 -0.822927 -0.394114
0.409224 -0.822927 -0.394114
0.152854 0.484232 -0.861484
0.152854 0.484232 -0.861484
-0.908111 0.402788 0.114436
-0.726504 -0.523175 0.445511
-0.407262 -0.786098 -0.46496
-0.588869 0.139865 -0.796034
BONE = 15
BONE_NAME = Bip01-L-Finger01
PARENT_ID = 14
LOCALTM 
MAT 0.683901 0.0 0.729575 0.0
MAT 0.0 1.0 0.0 0.0
MAT -0.729575 -1.19209e-007 0.683901 0.0
MAT 3.55169 -7.62939e-006 0.0 1.0
WORLDTM 
MAT 0.93011 0.271041 0.247858 0.0
MAT -0.354154 0.84067 0.409695 0.0
MAT -0.0973224 -0.46884 0.877905 0.0
MAT 25.7146 71.2725 40.4952 1.0
VERTEX = 9
29.0507 72.4184 41.638
28.6001 72.2066 41.683
28.7771 71.7862 41.4782
29.2278 71.998 41.4331
30.8067 69.5916 48.407
30.7616 69.5704 48.4115
30.7793 69.5284 48.391
30.8244 69.5496 48.3865
28.8516 72.1866 41.3311
INDEX = 14
4 5 7
6 7 5
1 2 5
6 5 2
0 1 4
5 4 1
7 6 3
2 3 6
4 7 0
3 0 7
8 1 0
8 2 1
8 3 2
8 0 3
FACE-NORMAL = 14
0.249342 -0.337348 0.907758
0.249342 -0.337348 0.907758
-0.893492 -0.433519 0.117192
-0.893492 -0.433519 0.117192
-0.346555 0.830228 0.436603
-0.346555 0.830228 0.436603
0.361437 -0.850363 -0.382422
0.361437 -0.850363 -0.382422
0.908374 0.413384 -0.0630111
0.908374 0.413384 -0.0630111
-0.426736 0.832984 -0.352184
-0.813651 -0.061018 -0.578142
0.0741129 -0.355902 -0.93158
0.461028 0.5381 -0.705622
BONE = 16
BONE_NAME = Bip01-L-Finger02
PARENT_ID = 15
LOCALTM 
MAT 0.365475 0.0 0.930821 0.0
MAT 0.0 1.0 0.0 0.0
MAT -0.930821 0.0 0.365475 0.0
MAT 3.37268 0.0 -3.8147e-006 1.0
WORLDTM 
MAT 0.249342 -0.337348 0.907758 0.0
MAT -0.354154 0.84067 0.409695 0.0
MAT -0.901334 -0.42364 0.0901416 0.0
MAT 28.8516 72.1866 41.3311 1.0
VERTEX = 9
30.9921 69.7918 48.7058
30.5415 69.5799 48.7509
30.7185 69.1596 48.5461
31.1692 69.3714 48.501
31.8041 68.2422 52.038
31.759 68.2211 52.0425
31.7767 68.179 52.0221
31.8218 68.2002 52.0175
30.793 69.56 48.399
INDEX = 14
4 5 7
6 7 5
1 2 5
6 5 2
0 1 4
5 4 1
7 6 3
2 3 6
4 7 0
3 0 7
8 1 0
8 2 1
8 3 2
8 0 3
FACE-NORMAL = 14
0.249342 -0.337348 0.907758
0.249342 -0.337348 0.907758
-0.884783 -0.443084 0.144347
-0.884783 -0.443084 0.144347
-0.338584 0.818956 0.463327
-0.338584 0.818956 0.463327
0.368452 -0.859365 -0.354592
0.368452 -0.859365 -0.354592
0.91465 0.402675 -0.035612
0.91465 0.402675 -0.035612
-0.426736 0.832984 -0.352184
-0.813651 -0.0610181 -0.578142
0.0741129 -0.355902 -0.93158
0.461028 0.5381 -0.705622
BONE = 17
BONE_NAME = Bip01-L-Finger0Nub
PARENT_ID = 16
LOCALTM 
MAT 1.0 0.0 0.0 0.0
MAT 0.0 1.0 0.0 0.0
MAT 0.0 0.0 1.0 0.0
MAT 7.78607 7.62939e-006 0.0 1.0
WORLDTM 
MAT 0.249342 -0.337348 0.907758 0.0
MAT -0.354154 0.840669 0.409695 0.0
MAT -0.901334 -0.42364 0.0901415 0.0
MAT 30.793 69.56 48.399 1.0
VERTEX = 9
25.2268 72.5418 51.3221
25.6334 72.271 51.2155
25.7421 72.5823 50.8395
25.3355 72.8531 50.9462
28.1146 75.339 54.1735
28.1553 75.312 54.1628
28.1662 75.3431 54.1252
28.1255 75.3702 54.1359
25.3494 72.4208 50.9249
INDEX = 14
4 5 7
6 7 5
1 2 5
6 5 2
0 1 4
5 4 1
7 6 3
2 3 6
4 7 0
3 0 7
8 1 0
8 2 1
8 3 2
8 0 3
FACE-NORMAL = 14
0.539985 0.564998 0.623854
0.539985 0.564998 0.623854
0.836947 -0.515223 -0.184565
0.836947 -0.515223 -0.184565
-0.19247 -0.595976 0.779594
-0.19247 -0.595976 0.779594
0.241821 0.647614 -0.722578
0.241821 0.647614 -0.722578
-0.787596 0.566861 0.241581
-0.787596 0.566861 0.241581
-0.535533 -0.839649 0.0905222
0.193136 -0.782488 -0.591955
-0.228121 0.0406215 -0.972785
-0.95679 -0.0165391 -0.290308
BONE = 18
BONE_NAME = Bip01-L-Finger1
PARENT_ID = 13
LOCALTM 
MAT 0.917961 -0.145873 -0.368874 0.0
MAT 0.170362 0.984777 0.0345192 0.0
MAT 0.358223 -0.0945295 0.928838 0.0
MAT 14.1128 -3.97345 -0.399952 1.0
WORLDTM 
MAT 0.539985 0.564998 0.623854 0.0
MAT -0.217373 -0.622445 0.751872 0.0
MAT 0.813121 -0.541608 -0.213296 0.0
MAT 25.3494 72.4208 50.9249 1.0
VERTEX = 9
28.1062 75.4545 54.5658
28.4306 75.1206 54.3832
28.5393 75.4318 54.0073
28.2149 75.7657 54.1899
31.4673 77.2169 56.6974
31.4998 77.1835 56.6791
31.5106 77.2147 56.6415
31.4782 77.2481 56.6598
28.1404 75.3411 54.1493
INDEX = 14
4 5 7
6 7 5
1 2 5
6 5 2
0 1 4
5 4 1
7 6 3
2 3 6
4 7 0
3 0 7
8 1 0
8 2 1
8 3 2
8 0 3
FACE-NORMAL = 14
0.729354 0.408338 0.54891
0.729354 0.408338 0.54891
0.685567 -0.645668 -0.33632
0.685567 -0.645668 -0.33632
-0.17933 -0.600475 0.779275
-0.17933 -0.600475 0.779276
0.254833 0.642747 -0.722452
0.254833 0.642747 -0.722452
-0.610064 0.687939 0.393144
-0.610064 0.687939 0.393144
-0.669437 -0.728874 0.143515
-0.0570415 -0.760873 -0.646389
-0.362025 0.151396 -0.919792
-0.974421 0.183395 -0.129888
BONE = 19
BONE_NAME = Bip01-L-Finger11
PARENT_ID = 18
LOCALTM 
MAT 0.96699 1.19209e-007 0.254813 0.0
MAT -1.49012e-007 1.0 0.0 0.0
MAT -0.254813 0.0 0.96699 0.0
MAT 5.16862 -3.8147e-006 3.8147e-006 1.0
WORLDTM 
MAT 0.729354 0.408339 0.54891 0.0
MAT -0.217373 -0.622445 0.751871 0.0
MAT 0.648685 -0.667698 -0.365221 0.0
MAT 28.1404 75.3411 54.1493 1.0
VERTEX = 9
31.7757 77.0535 56.9505
31.4875 76.7836 56.6437
31.5962 77.0948 56.2677
31.8843 77.3647 56.5745
37.0497 73.2205 55.0028
37.0209 73.1935 54.9721
37.0318 73.2246 54.9345
37.0606 73.2516 54.9652
31.489 77.2158 56.6694
INDEX = 14
4 5 7
6 7 5
1 2 5
6 5 2
0 1 4
5 4 1
7 6 3
2 3 6
4 7 0
3 0 7
8 1 0
8 2 1
8 3 2
8 0 3
FACE-NORMAL = 14
0.787812 -0.566658 -0.241351
0.787812 -0.566658 -0.241351
-0.549903 -0.558322 -0.621195
-0.549903 -0.558322 -0.621195
-0.191189 -0.640852 0.743475
-0.191189 -0.640852 0.743475
0.243318 0.603357 -0.759445
0.243318 0.603357 -0.759445
0.602031 0.520827 0.605225
0.602031 0.520827 0.605225
-0.710773 -0.0394473 0.702315
-0.96456 0.0189423 -0.263181
-0.403362 0.840823 -0.360992
-0.149574 0.782434 0.604504
BONE = 20
BONE_NAME = Bip01-L-Finger12
PARENT_ID = 19
LOCALTM 
MAT 0.210725 0.0 0.977546 0.0
MAT 0.0 1.0 0.0 0.0
MAT -0.977545 -1.19209e-007 0.210725 0.0
MAT 4.59113 -7.62939e-006 3.8147e-006 1.0
WORLDTM 
MAT 0.787812 -0.566658 -0.241351 0.0
MAT -0.217373 -0.622445 0.751872 0.0
MAT -0.576283 -0.53987 -0.613546 0.0
MAT 31.489 77.2158 56.6694 1.0
VERTEX = 9
37.3274 73.0602 55.2496
37.0393 72.7903 54.9429
37.148 73.1015 54.5669
37.4361 73.3714 54.8737
40.201 70.9538 54.0373
40.1722 70.9268 54.0067
40.183 70.958 53.9691
40.2118 70.9849 53.9998
37.0408 73.2225 54.9686
INDEX = 14
4 5 7
6 7 5
1 2 5
6 5 2
0 1 4
5 4 1
7 6 3
2 3 6
4 7 0
3 0 7
8 1 0
8 2 1
8 3 2
8 0 3
FACE-NORMAL = 14
0.787812 -0.566658 -0.241351
0.787812 -0.566658 -0.241351
-0.528064 -0.572839 -0.6269
-0.528064 -0.572839 -0.6269
-0.169799 -0.655266 0.736067
-0.169799 -0.655266 0.736067
0.264166 0.587389 -0.764977
0.264166 0.587389 -0.764977
0.622432 0.504962 0.597989
0.622432 0.504962 0.597989
-0.710773 -0.0394474 0.702315
-0.96456 0.0189423 -0.263181
-0.403362 0.840823 -0.360992
-0.149574 0.782434 0.604504
BONE = 21
BONE_NAME = Bip01-L-Finger1Nub
PARENT_ID = 20
LOCALTM 
MAT 1.0 0.0 0.0 0.0
MAT 0.0 1.0 0.0 0.0
MAT 0.0 0.0 1.0 0.0
MAT 7.04708 0.0 0.0 1.0
WORLDTM 
MAT 0.787812 -0.566658 -0.241351 0.0
MAT -0.217373 -0.622445 0.751871 0.0
MAT -0.576283 -0.53987 -0.613546 0.0
MAT 37.0408 73.2225 54.9686 1.0
VERTEX = 9
23.6458 69.4461 54.8792
24.1182 69.373 55.0261
24.2765 69.6932 54.6762
23.8042 69.7663 54.5294
23.5417 72.9688 57.7341
23.5889 72.9615 57.7488
23.6047 72.9935 57.7138
23.5575 73.0008 57.6991
23.9826 69.3811 54.6149
INDEX = 14
4 5 7
6 7 5
1 2 5
6 5 2
0 1 4
5 4 1
7 6 3
2 3 6
4 7 0
3 0 7
8 1 0
8 2 1
8 3 2
8 0 3
FACE-NORMAL = 14
-0.0857487 0.754045 0.651201
-0.0857487 0.754045 0.651201
0.93923 -0.10857 0.325667
0.93923 -0.10857 0.325667
-0.320528 -0.602099 0.731258
-0.320528 -0.602099 0.731258
0.31201 0.677007 -0.666567
0.31201 0.677007 -0.666567
-0.947749 0.183477 -0.260976
-0.947749 0.183477 -0.260976
-0.163279 -0.985982 0.0343478
0.728606 -0.636572 -0.252803
0.284546 -0.0803993 -0.955285
-0.607339 -0.429809 -0.668135
BONE = 22
BONE_NAME = Bip01-L-Finger2
PARENT_ID = 13
LOCALTM 
MAT 0.507101 -0.0180129 -0.861698 0.0
MAT 0.0594652 0.99813 0.0141297 0.0
MAT 0.859833 -0.0584061 0.507225 0.0
MAT 14.7272 0.960808 -0.406216 1.0
WORLDTM 
MAT -0.0857487 0.754045 0.651201 0.0
MAT -0.31666 -0.640343 0.699776 0.0
MAT 0.944656 -0.146204 0.293685 0.0
MAT 23.9826 69.3811 54.6149 1.0
VERTEX = 9
23.5739 73.0564 58.1503
23.8198 72.6855 57.9223
23.9781 73.0057 57.5724
23.7322 73.3765 57.8005
27.5541 73.9687 60.4648
27.5787 73.9316 60.4419
27.5945 73.9636 60.407
27.5699 74.0007 60.4298
23.5732 72.9811 57.7239
INDEX = 14
4 5 7
6 7 5
1 2 5
6 5 2
0 1 4
5 4 1
7 6 3
2 3 6
4 7 0
3 0 7
8 1 0
8 2 1
8 3 2
8 0 3
FACE-NORMAL = 14
0.811101 0.199687 0.549764
0.811101 0.199687 0.549764
0.530134 -0.731239 -0.429241
0.530134 -0.731239 -0.429241
-0.277369 -0.630022 0.725354
-0.277369 -0.630022 0.725354
0.355221 0.649189 -0.672586
0.355221 0.649189 -0.672586
-0.452281 0.750406 0.482009
-0.452281 0.750406 0.482009
-0.797447 -0.593991 0.106075
-0.225798 -0.665645 -0.711289
-0.349623 0.311591 -0.883558
-0.921272 0.383245 -0.0661943
BONE = 23
BONE_NAME = Bip01-L-Finger21
PARENT_ID = 22
LOCALTM 
MAT 0.439029 0.0 0.898473 0.0
MAT 0.0 1.0 0.0 0.0
MAT -0.898473 -1.49012e-007 0.439029 0.0
MAT 4.77427 -3.8147e-006 1.90735e-006 1.0
WORLDTM 
MAT 0.811101 0.199687 0.549764 0.0
MAT -0.31666 -0.640343 0.699776 0.0
MAT 0.491774 -0.741677 -0.456151 0.0
MAT 23.5732 72.9811 57.7239 1.0
VERTEX = 9
27.825 73.6847 60.649
27.4346 73.5632 60.3611
27.5929 73.8834 60.0112
27.9833 74.0048 60.2991
31.1615 69.1192 57.6596
31.1225 69.1071 57.6308
31.1383 69.1391 57.5958
31.1774 69.1512 57.6246
27.5743 73.9662 60.4359
INDEX = 14
4 5 7
6 7 5
1 2 5
6 5 2
0 1 4
5 4 1
7 6 3
2 3 6
4 7 0
3 0 7
8 1 0
8 2 1
8 3 2
8 0 3
FACE-NORMAL = 14
0.538631 -0.728647 -0.423024
0.538631 -0.728647 -0.423024
-0.761328 -0.268463 -0.590175
-0.761328 -0.268463 -0.590175
-0.297504 -0.665594 0.684453
-0.297504 -0.665594 0.684453
0.335422 0.614299 -0.714233
0.335422 0.614299 -0.714233
0.799246 0.217168 0.560396
0.799246 0.217168 0.560396
-0.604782 0.0624403 0.79394
-0.932958 0.343428 -0.107917
-0.156958 0.968023 -0.195694
0.171219 0.687035 0.706164
BONE = 24
BONE_NAME = Bip01-L-Finger22
PARENT_ID = 23
LOCALTM 
MAT 0.0588192 1.49012e-007 0.998269 0.0
MAT 0.0 1.0 -1.19209e-007 0.0
MAT -0.998268 1.19209e-007 0.0588193 0.0
MAT 4.93291 -7.62939e-006 -7.62939e-006 1.0
WORLDTM 
MAT 0.538631 -0.728647 -0.423024 0.0
MAT -0.31666 -0.640343 0.699776 0.0
MAT -0.780771 -0.242966 -0.575642 0.0
MAT 27.5743 73.9662 60.4359 1.0
VERTEX = 9
31.4006 68.8476 57.8408
31.0102 68.7262 57.5529
31.1686 69.0463 57.2031
31.5589 69.1678 57.4909
33.3161 66.2046 55.9675
33.277 66.1925 55.9387
33.2929 66.2245 55.9037
33.3319 66.2366 55.9325
31.1499 69.1292 57.6277
INDEX = 14
4 5 7
6 7 5
1 2 5
6 5 2
0 1 4
5 4 1
7 6 3
2 3 6
4 7 0
3 0 7
8 1 0
8 2 1
8 3 2
8 0 3
FACE-NORMAL = 14
0.538631 -0.728647 -0.423024
0.538631 -0.728647 -0.423024
-0.74711 -0.28617 -0.599945
-0.74711 -0.28617 -0.599945
-0.283831 -0.682834 0.673184
-0.283831 -0.682834 0.673184
0.348351 0.595553 -0.723856
0.348351 0.595553 -0.723856
0.811629 0.19889 0.549273
0.811629 0.19889 0.549273
-0.604782 0.0624404 0.79394
-0.932958 0.343428 -0.107917
-0.156958 0.968023 -0.195694
0.171219 0.687035 0.706164
BONE = 25
BONE_NAME = Bip01-L-Finger2Nub
PARENT_ID = 24
LOCALTM 
MAT 1.0 0.0 0.0 0.0
MAT 0.0 1.0 0.0 0.0
MAT 0.0 0.0 1.0 0.0
MAT 6.63836 -3.8147e-006 7.62939e-006 1.0
WORLDTM 
MAT 0.538631 -0.728647 -0.423024 0.0
MAT -0.31666 -0.640343 0.699776 0.0
MAT -0.780771 -0.242966 -0.575642 0.0
MAT 31.1499 69.1292 57.6277 1.0
VERTEX = 9
21.9692 65.8208 57.4166
22.1866 65.5481 57.0583
22.4016 65.9605 56.8748
22.1843 66.2332 57.2331
26.183 65.1286 60.186
26.2048 65.1013 60.1502
26.2263 65.1426 60.1319
26.2045 65.1699 60.1677
21.9876 65.9278 56.9974
INDEX = 14
4 5 7
6 7 5
1 2 5
6 5 2
0 1 4
5 4 1
7 6 3
2 3 6
4 7 0
3 0 7
8 1 0
8 2 1
8 3 2
8 0 3
FACE-NORMAL = 14
0.791225 -0.148638 0.593185
0.791225 -0.148638 0.593185
0.469376 -0.551418 -0.689656
0.469376 -0.551418 -0.689656
-0.39459 -0.830677 0.392777
-0.39459 -0.830677 0.392777
0.464614 0.817523 -0.34028
0.464614 0.817523 -0.34028
-0.399352 0.538263 0.742153
-0.399352 0.538263 0.742153
-0.863553 -0.478195 -0.160016
-0.252038 -0.280535 -0.926162
-0.255409 0.688401 -0.678875
-0.866924 0.490741 0.0872715
BONE = 26
BONE_NAME = Bip01-L-Finger3
PARENT_ID = 13
LOCALTM 
MAT 0.931234 0.200426 0.304356 0.0
MAT -0.273734 0.936038 0.221138 0.0
MAT -0.240567 -0.289244 0.926534 0.0
MAT 13.9638 5.51821 0.072113 1.0
WORLDTM 
MAT 0.791226 -0.148638 0.593186 0.0
MAT -0.430023 -0.824908 0.366888 0.0
MAT 0.43479 -0.545375 -0.716606 0.0
MAT 21.9876 65.9278 56.9974 1.0
VERTEX = 9
26.4099 64.8221 60.3759
26.1611 64.7608 59.9466
26.3761 65.1732 59.7631
26.6249 65.2345 60.1925
29.2198 62.9108 58.7587
29.1949 62.9046 58.7158
29.2164 62.9459 58.6975
29.2413 62.952 58.7404
26.2047 65.1356 60.1589
INDEX = 14
4 5 7
6 7 5
1 2 5
6 5 2
0 1 4
5 4 1
7 6 3
2 3 6
4 7 0
3 0 7
8 1 0
8 2 1
8 3 2
8 0 3
FACE-NORMAL = 14
0.753352 -0.551818 -0.357713
0.753352 -0.551818 -0.357713
-0.451523 -0.1554 -0.878623
-0.451523 -0.1554 -0.878623
-0.384131 -0.856477 0.344805
-0.384131 -0.856477 0.344805
0.474371 0.790377 -0.387654
0.474371 0.790377 -0.387654
0.541762 0.0893011 0.835774
0.541762 0.0893011 0.835774
-0.836772 -0.193104 0.51237
-0.884511 0.303524 -0.35428
-0.228628 0.973492 -0.00648806
-0.180889 0.476865 0.860162
BONE = 27
BONE_NAME = Bip01-L-Finger31
PARENT_ID = 26
LOCALTM 
MAT 0.465902 0.0 0.884836 0.0
MAT 0.0 1.0 0.0 0.0
MAT -0.884837 0.0 0.465902 0.0
MAT 5.32974 -7.62939e-006 -7.62939e-006 1.0
WORLDTM 
MAT 0.753352 -0.551818 -0.357713 0.0
MAT -0.430023 -0.824908 0.366888 0.0
MAT -0.497536 -0.122571 -0.85874 0.0
MAT 26.2047 65.1356 60.1589 1.0
VERTEX = 9
28.9914 62.7371 58.7138
28.5521 62.9749 58.7337
28.7671 63.3874 58.5502
29.2064 63.1495 58.5303
27.7228 61.3104 53.4058
27.6789 61.3342 53.4078
27.7004 61.3754 53.3895
27.7443 61.3516 53.3875
28.9311 63.1385 58.8644
INDEX = 14
4 5 7
6 7 5
1 2 5
6 5 2
0 1 4
5 4 1
7 6 3
2 3 6
4 7 0
3 0 7
8 1 0
8 2 1
8 3 2
8 0 3
FACE-NORMAL = 14
-0.207335 -0.305286 -0.929415
-0.207335 -0.305286 -0.929415
-0.886264 0.463173 0.00261846
-0.886264 0.463173 0.00261846
-0.437957 -0.836437 0.329494
-0.437957 -0.836437 0.329494
0.421404 0.812064 -0.403697
0.421404 0.812064 -0.403697
0.869711 -0.487546 -0.0768218
0.869711 -0.487546 -0.0768218
-0.157465 -0.367428 0.916625
-0.474719 0.552268 0.685305
0.45068 0.799168 0.397767
0.767934 -0.120528 0.629087
BONE = 28
BONE_NAME = Bip01-L-Finger32
PARENT_ID = 27
LOCALTM 
MAT 0.34473 0.0 0.938702 0.0
MAT 0.0 1.0 0.0 0.0
MAT -0.938702 0.0 0.34473 0.0
MAT 3.61908 0.0 -7.62939e-006 1.0
WORLDTM 
MAT -0.207335 -0.305286 -0.929416 0.0
MAT -0.430023 -0.824908 0.366888 0.0
MAT -0.878688 0.475739 0.0397518 0.0
MAT 28.9311 63.1385 58.8644 1.0
VERTEX = 9
27.7719 60.9414 53.2471
27.3326 61.1793 53.267
27.5476 61.5917 53.0835
27.9869 61.3539 53.0636
26.8935 60.0892 49.6882
26.8495 60.113 49.6902
26.871 60.1543 49.6718
26.915 60.1305 49.6698
27.7116 61.3429 53.3977
INDEX = 14
4 5 7
6 7 5
1 2 5
6 5 2
0 1 4
5 4 1
7 6 3
2 3 6
4 7 0
3 0 7
8 1 0
8 2 1
8 3 2
8 0 3
FACE-NORMAL = 14
-0.207335 -0.305286 -0.929415
-0.207335 -0.305286 -0.929415
-0.889528 0.4566 -0.0159844
-0.889528 0.4566 -0.0159844
-0.441669 -0.841711 0.310565
-0.441669 -0.841711 0.310565
0.416834 0.805143 -0.421894
0.416834 0.805143 -0.421894
0.864693 -0.493169 -0.0953453
0.864693 -0.493169 -0.0953453
-0.157465 -0.367428 0.916625
-0.474719 0.552268 0.685305
0.45068 0.799168 0.397767
0.767934 -0.120528 0.629087
BONE = 29
BONE_NAME = Bip01-L-Finger3Nub
PARENT_ID = 28
LOCALTM 
MAT 1.0 0.0 0.0 0.0
MAT 0.0 1.0 0.0 0.0
MAT 0.0 0.0 1.0 0.0
MAT 5.88187 0.0 -1.90735e-006 1.0
WORLDTM 
MAT -0.207335 -0.305286 -0.929416 0.0
MAT -0.430023 -0.824908 0.366888 0.0
MAT -0.878688 0.475739 0.0397518 0.0
MAT 27.7116 61.3429 53.3977 1.0
VERTEX = 9
24.1877 66.2331 48.4435
24.1877 66.2331 48.9435
24.1877 65.7331 48.9435
24.1877 65.7331 48.4435
27.9377 66.0081 48.6685
27.9377 66.0081 48.7185
27.9377 65.9581 48.7185
27.9377 65.9581 48.6685
23.9377 65.9831 48.6935
INDEX = 14
4 5 7
6 7 5
1 2 5
6 5 2
0 1 4
5 4 1
7 6 3
2 3 6
4 7 0
3 0 7
8 1 0
8 2 1
8 3 2
8 0 3
FACE-NORMAL = 14
1.0 -5.36442e-007 7.33882e-007
1.0 -5.36442e-007 7.33882e-007
0.0598916 8.86366e-007 0.998205
0.0598917 8.86366e-007 0.998205
0.0598929 0.998205 -6.88611e-007
0.0598929 0.998205 -6.88611e-007
0.0598917 -0.998205 7.76519e-007
0.0598917 -0.998205 7.76519e-007
0.059893 -9.50623e-007 -0.998205
0.0598929 -9.50623e-007 -0.998205
-0.707106 0.707107 -1.03787e-006
-0.707107 1.02996e-006 0.707106
-0.707107 -0.707106 0.0
-0.707106 -2.7132e-007 -0.707107
BONE = 30
BONE_NAME = FxHand00
PARENT_ID = 13
LOCALTM 
MAT 0.749932 -0.369696 0.548568 0.0
MAT 0.218588 -0.644191 -0.732965 0.0
MAT 0.624356 0.669585 -0.402288 0.0
MAT 10.2538 -0.798527 4.44186 1.0
WORLDTM 
MAT 1.0 -5.36442e-007 7.33882e-007 0.0
MAT 6.25849e-007 1.0 -7.33882e-007 0.0
MAT -6.59376e-007 9.20147e-007 1.0 0.0
MAT 23.9377 65.9831 48.6935 1.0
VERTEX = 9
10.3982 75.329 64.2154
10.0119 75.5504 63.988
9.70595 75.1953 64.162
10.0923 74.9739 64.3894
9.45317 77.3206 67.2657
9.41454 77.3427 67.243
9.38395 77.3072 67.2604
9.42258 77.2851 67.2831
10.0943 75.1254 63.9837
INDEX = 14
4 5 7
6 7 5
1 2 5
6 5 2
0 1 4
5 4 1
7 6 3
2 3 6
4 7 0
3 0 7
8 1 0
8 2 1
8 3 2
8 0 3
FACE-NORMAL = 14
-0.168943 0.547131 0.81982
-0.168943 0.547131 0.81982
-0.781469 0.474775 -0.40484
-0.781469 0.474775 -0.40484
0.600613 0.741828 -0.298255
0.600613 0.741828 -0.298255
-0.620849 -0.67629 0.396457
-0.620849 -0.67629 0.396457
0.761232 -0.409237 0.503042
0.761232 -0.409237 0.503041
0.552089 0.115402 -0.82576
-0.426947 -0.0737728 -0.901262
-0.313168 -0.889162 -0.333641
0.665869 -0.699988 -0.258139
BONE = 31
BONE_NAME = Dummy01
PARENT_ID = 12
LOCALTM 
MAT 0.135246 0.878994 0.45725 0.0
MAT 0.0015851 0.461298 -0.887244 0.0
MAT -0.990811 0.120721 0.0609954 0.0
MAT 24.7233 17.0977 11.9366 1.0
WORLDTM 
MAT -0.168943 0.547131 0.819821 0.0
MAT 0.611829 0.710334 -0.347981 0.0
MAT -0.772738 0.442801 -0.454757 0.0
MAT 10.0943 75.1254 63.9837 1.0
VERTEX = 9
11.8776 77.9856 63.1093
11.967 77.7092 62.7023
11.6611 77.3541 62.8763
11.5717 77.6304 63.2833
8.89076 79.3355 61.2598
8.8997 79.3078 61.2191
8.86911 79.2723 61.2365
8.86017 79.3 61.2772
11.962 77.5609 63.1091
INDEX = 14
4 5 7
6 7 5
1 2 5
6 5 2
0 1 4
5 4 1
7 6 3
2 3 6
4 7 0
3 0 7
8 1 0
8 2 1
8 3 2
8 0 3
FACE-NORMAL = 14
-0.770508 0.43575 -0.46523
-0.770508 0.43575 -0.46523
0.132375 -0.525665 -0.840329
0.132375 -0.525665 -0.840329
0.564581 0.735163 -0.37521
0.564581 0.735163 -0.37521
-0.656876 -0.682967 0.319483
-0.656876 -0.682967 0.319483
-0.22467 0.577861 0.784602
-0.22467 0.577861 0.784602
0.977458 0.194165 0.0829146
0.671293 -0.698979 -0.246566
0.112205 -0.810408 0.57502
0.41837 0.0827352 0.904501
BONE = 32
BONE_NAME = Bone01
PARENT_ID = 31
LOCALTM 
MAT -0.0128207 0.0 0.999918 0.0
MAT 1.20103e-005 1.0 5.36442e-007 0.0
MAT -0.999918 1.18911e-005 -0.0128207 0.0
MAT 0.299995 3.17709 0.0330162 1.0
WORLDTM 
MAT -0.770508 0.43575 -0.46523 0.0
MAT 0.611827 0.710341 -0.347971 0.0
MAT 0.178843 -0.552755 -0.813927 0.0
MAT 11.962 77.5609 63.1091 1.0
VERTEX = 9
8.29152 89.8302 7.62078
7.82373 90.002 7.57981
7.67419 89.5549 7.41321
8.14199 89.3832 7.45417
7.30985 88.6291 11.0497
7.26308 88.6463 11.0456
7.24812 88.6016 11.0289
7.2949 88.5844 11.033
8.02978 89.7644 7.28217
INDEX = 14
4 5 7
6 7 5
1 2 5
6 5 2
0 1 4
5 4 1
7 6 3
2 3 6
4 7 0
3 0 7
8 1 0
8 2 1
8 3 2
8 0 3
FACE-NORMAL = 14
-0.187699 -0.287254 0.939284
-0.187699 -0.287254 0.939284
-0.94515 0.32564 -0.0255193
-0.94515 0.32564 -0.0255193
0.287296 0.875349 0.388876
0.287296 0.875349 0.388876
-0.309779 -0.909758 -0.276364
-0.309779 -0.909758 -0.276364
0.922666 -0.360048 0.138031
0.922666 -0.360048 0.138031
0.344201 0.835385 -0.428553
-0.528837 0.445982 -0.722102
-0.0787546 -0.429147 -0.899795
0.794283 -0.0397442 -0.606246
BONE = 33
BONE_NAME = Bone17
PARENT_ID = 10
LOCALTM 
MAT 0.852695 -0.494749 -0.167732 0.0
MAT 0.494723 0.867888 -0.0449437 0.0
MAT 0.167808 -0.0446574 0.984808 0.0
MAT 1.36129 6.68275 -0.501467 1.0
WORLDTM 
MAT -0.187699 -0.287254 0.939284 0.0
MAT 0.299075 0.894159 0.333218 0.0
MAT -0.935588 0.343461 -0.0819222 0.0
MAT 8.02978 89.7644 7.28217 1.0
VERTEX = 9
5.38602 83.2998 -7.30259
4.93221 83.473 -7.18415
5.12778 83.9246 -7.09535
5.58159 83.7513 -7.21379
4.2943 85.2061 -13.3243
4.24892 85.2234 -13.3125
4.26848 85.2686 -13.3036
4.31386 85.2512 -13.3154
5.29499 83.5487 -6.96018
INDEX = 14
4 5 7
6 7 5
1 2 5
6 5 2
0 1 4
5 4 1
7 6 3
2 3 6
4 7 0
3 0 7
8 1 0
8 2 1
8 3 2
8 0 3
FACE-NORMAL = 14
-0.152375 0.253851 -0.955166
-0.152375 0.253851 -0.955166
-0.912419 0.355249 0.203197
-0.912419 0.355249 0.203197
-0.396256 -0.893557 -0.211036
-0.396256 -0.893557 -0.211036
0.385552 0.91139 0.143939
0.385552 0.91139 0.143939
0.901715 -0.337417 -0.270295
0.901715 -0.337417 -0.270295
-0.168836 -0.818039 0.549824
-0.534044 0.0655461 0.842912
0.384327 0.459039 0.800984
0.749535 -0.424546 0.507896
BONE = 34
BONE_NAME = Bip01-R-Clavicle
PARENT_ID = 6
LOCALTM 
MAT 0.180036 -0.953633 -0.241184 0.0
MAT -0.98366 -0.174733 -0.043383 0.0
MAT -0.000771463 0.245054 -0.969509 0.0
MAT -5.51405 -6.9842 -1.30832 1.0
WORLDTM 
MAT -0.152375 0.253851 -0.955166 0.0
MAT -0.391146 -0.90303 -0.177597 0.0
MAT -0.907628 0.346547 0.236892 0.0
MAT 5.29499 83.5487 -6.96018 1.0
VERTEX = 9
4.46522 84.8649 -13.4366
3.97545 84.9351 -13.3645
4.00001 85.366 -13.6169
4.48978 85.2958 -13.689
-0.370802 73.5308 -33.6984
-0.41978 73.5378 -33.6912
-0.417324 73.5809 -33.7164
-0.368346 73.5739 -33.7237
4.28139 85.2373 -13.314
INDEX = 14
4 5 7
6 7 5
1 2 5
6 5 2
0 1 4
5 4 1
7 6 3
2 3 6
4 7 0
3 0 7
8 1 0
8 2 1
8 3 2
8 0 3
FACE-NORMAL = 14
-0.195114 -0.487485 -0.851052
-0.195114 -0.487485 -0.851052
-0.981357 0.135684 0.136119
-0.981357 0.135684 0.136119
-0.0509698 -0.866369 0.496796
-0.0509698 -0.866369 0.496796
0.0472672 0.857119 -0.512946
0.0472672 0.857119 -0.512946
0.977654 -0.144935 -0.152269
0.977654 -0.144935 -0.152269
0.103233 -0.264668 0.958798
-0.55468 0.443922 0.703749
0.1727 0.954077 0.244771
0.830613 0.245485 0.499819
BONE = 35
BONE_NAME = Bip01-R-UpperArm
PARENT_ID = 34
LOCALTM 
MAT 0.718877 0.667677 -0.193453 0.0
MAT -0.693537 0.707762 -0.13446 0.0
MAT 0.047143 0.230827 0.971852 0.0
MAT 6.65202 -7.62939e-006 -1.90735e-006 1.0
WORLDTM 
MAT -0.195114 -0.487485 -0.851052 0.0
MAT -0.0491207 -0.861782 0.504893 0.0
MAT -0.97955 0.140316 0.144201 0.0
MAT 4.28139 85.2373 -13.314 1.0
VERTEX = 9
-0.0540046 73.3374 -33.5521
-0.38277 73.1611 -33.885
-0.358209 73.592 -34.1374
-0.0294443 73.7683 -33.8045
14.3161 66.4151 -44.4152
14.2833 66.3974 -44.4485
14.2857 66.4405 -44.4737
14.3186 66.4581 -44.4404
-0.394063 73.5559 -33.7074
INDEX = 14
4 5 7
6 7 5
1 2 5
6 5 2
0 1 4
5 4 1
7 6 3
2 3 6
4 7 0
3 0 7
8 1 0
8 2 1
8 3 2
8 0 3
FACE-NORMAL = 14
0.751826 -0.364688 -0.549327
0.751826 -0.364688 -0.549327
-0.648719 -0.356837 -0.672184
-0.648719 -0.356837 -0.672184
-0.0403512 -0.865976 0.498454
-0.0403512 -0.865976 0.498454
0.0578835 0.857472 -0.511264
0.0578835 0.857472 -0.511264
0.666251 0.348333 0.659374
0.666251 0.348332 0.659374
-0.566355 -0.351499 0.745447
-0.996565 0.00854149 -0.0823757
-0.496888 0.867246 0.0314193
-0.0666775 0.507206 0.859242
BONE = 36
BONE_NAME = Bip01-R-Forearm
PARENT_ID = 35
LOCALTM 
MAT 0.498594 0.0 -0.866836 0.0
MAT -1.19209e-007 1.0 0.0 0.0
MAT 0.866836 1.19209e-007 0.498594 0.0
MAT 23.9627 7.62939e-006 -4.76837e-007 1.0
WORLDTM 
MAT 0.751826 -0.364688 -0.549327 0.0
MAT -0.0491207 -0.861783 0.504894 0.0
MAT -0.65753 -0.352609 -0.665824 0.0
MAT -0.394063 73.5559 -33.7074 1.0
VERTEX = 9
14.4455 66.8265 -44.5317
14.7163 66.4598 -44.3262
14.5362 66.1378 -44.6636
14.2654 66.5045 -44.8691
