EXPORTER_V17
ANIMATION_EXPORT
BONEOBJECT_COUNT = 76
VERTEX = 9
0.25 0.25 -0.25
0.25 0.25 0.25
0.25 -0.25 0.25
0.25 -0.25 -0.25
4.0 0.025 -0.025
4.0 0.025 0.025
4.0 -0.025 0.025
4.0 -0.025 -0.025
0.0 0.0 0.0
INDEX = 14
4 5 7
6 7 5
1 2 5
6 5 2
0 1 4
5 4 1
7 6 3
2 3 6
4 7 0
3 0 7
8 1 0
8 2 1
8 3 2
8 0 3
FACE-NORMAL = 14
1.0 0.0 0.0
1.0 0.0 0.0
0.0598923 0.0 0.998205
0.0598923 0.0 0.998205
0.0598923 0.998205 0.0
0.0598923 0.998205 0.0
0.0598923 -0.998205 0.0
0.0598923 -0.998205 0.0
0.0598923 0.0 -0.998205
0.0598923 0.0 -0.998205
-0.707107 0.707107 0.0
-0.707107 0.0 0.707107
-0.707107 -0.707107 0.0
-0.707107 0.0 -0.707107
BONE = 0
BONE_NAME = Dummy_root
PARENT_ID = -1
LOCALTM 
MAT 1.0 0.0 0.0 0.0
MAT 0.0 1.0 0.0 0.0
MAT 0.0 0.0 1.0 0.0
MAT 0.0 0.0 0.0 1.0
WORLDTM 
MAT 1.0 0.0 0.0 0.0
MAT 0.0 1.0 0.0 0.0
MAT 0.0 0.0 1.0 0.0
MAT 0.0 0.0 0.0 1.0
VERTEX = 9
0.25 0.25 -0.25
0.25 0.25 0.25
0.25 -0.25 0.25
0.25 -0.25 -0.25
4.0 0.025 -0.025
4.0 0.025 0.025
4.0 -0.025 0.025
4.0 -0.025 -0.025
0.0 0.0 0.0
INDEX = 14
4 5 7
6 7 5
1 2 5
6 5 2
0 1 4
5 4 1
7 6 3
2 3 6
4 7 0
3 0 7
8 1 0
8 2 1
8 3 2
8 0 3
FACE-NORMAL = 14
1.0 0.0 0.0
1.0 0.0 0.0
0.0598923 0.0 0.998205
0.0598923 0.0 0.998205
0.0598923 0.998205 0.0
0.0598923 0.998205 0.0
0.0598923 -0.998205 0.0
0.0598923 -0.998205 0.0
0.0598923 0.0 -0.998205
0.0598923 0.0 -0.998205
-0.707107 0.707107 0.0
-0.707107 0.0 0.707107
-0.707107 -0.707107 0.0
-0.707107 0.0 -0.707107
BONE = 1
BONE_NAME = FxBottom
PARENT_ID = 0
LOCALTM 
MAT 1.0 0.0 0.0 0.0
MAT 0.0 1.0 0.0 0.0
MAT 0.0 0.0 1.0 0.0
MAT 0.0 0.0 0.0 1.0
WORLDTM 
MAT 1.0 0.0 0.0 0.0
MAT 0.0 1.0 0.0 0.0
MAT 0.0 0.0 1.0 0.0
MAT 0.0 0.0 0.0 1.0
VERTEX = 9
0.284978 48.726 -0.276858
0.337832 48.7117 0.220134
0.189613 48.2342 0.222141
0.13676 48.2485 -0.274852
3.8015 47.3982 -0.462722
3.80679 47.3967 -0.413022
3.79197 47.349 -0.412822
3.78668 47.3504 -0.462521
-1.35796e-007 48.5539 2.04639e-006
INDEX = 14
4 5 7
6 7 5
1 2 5
6 5 2
0 1 4
5 4 1
7 6 3
2 3 6
4 7 0
3 0 7
8 1 0
8 2 1
8 3 2
8 0 3
FACE-NORMAL = 14
0.949184 -0.295079 -0.109443
0.949184 -0.295079 -0.109443
0.162367 -0.0462549 0.985646
0.162367 -0.0462549 0.985646
0.352754 0.935656 -0.0105613
0.352754 0.935656 -0.0105613
-0.239056 -0.971002 -0.00254833
-0.239056 -0.971002 -0.00254833
-0.048669 0.0109091 -0.998755
-0.048669 0.0109091 -0.998755
-0.461562 0.88397 0.0745501
-0.596428 0.188405 0.780242
-0.880788 -0.466666 0.0802263
-0.745921 0.228899 -0.625465
BONE = 2
BONE_NAME = Bip01
PARENT_ID = 0
LOCALTM 
MAT 0.949184 -0.295079 -0.109443 0.0
MAT 0.296437 0.955044 -0.00401373 0.0
MAT 0.105708 -0.0286333 0.993985 0.0
MAT -1.35796e-007 48.5539 0.0 1.0
WORLDTM 
MAT 0.949184 -0.295079 -0.109443 0.0
MAT 0.296437 0.955044 -0.00401369 0.0
MAT 0.105708 -0.0286334 0.993985 0.0
MAT -1.35796e-007 48.5539 2.04639e-006 1.0
VERTEX = 9
-0.13676 48.8593 0.274855
0.337832 48.7117 0.220134
0.284979 48.726 -0.276858
-0.189614 48.8736 -0.222138
1.93124 54.8504 0.00114392
1.9787 54.8357 -0.00432817
1.97341 54.8371 -0.0540274
1.92595 54.8519 -0.0485553
-1.35796e-007 48.5539 2.04639e-006
INDEX = 14
4 5 7
6 7 5
1 2 5
6 5 2
0 1 4
5 4 1
7 6 3
2 3 6
4 7 0
3 0 7
8 1 0
8 2 1
8 3 2
8 0 3
FACE-NORMAL = 14
0.296437 0.955044 -0.00401517
0.296437 0.955044 -0.00401517
0.959107 -0.260999 -0.109516
0.959107 -0.260999 -0.109516
0.11616 0.00528017 0.993216
0.11616 0.00528017 0.993216
-0.0951197 0.0625073 -0.993501
-0.0951197 0.0625073 -0.993501
-0.938066 0.328787 0.109231
-0.938066 0.328786 0.109231
-0.134867 -0.695564 0.705693
0.461562 -0.88397 -0.074548
-0.284359 -0.655072 -0.700014
-0.880788 -0.466666 0.0802263
BONE = 3
BONE_NAME = Bip01-Pelvis
PARENT_ID = 2
LOCALTM 
MAT 0.0 1.0 -1.48639e-006 0.0
MAT -1.51061e-006 1.41934e-006 1.0 0.0
MAT 1.0 0.0 1.4659e-006 0.0
MAT 0.0 0.0 0.0 1.0
WORLDTM 
MAT 0.296437 0.955044 -0.00401517 0.0
MAT 0.105707 -0.0286316 0.993985 0.0
MAT 0.949184 -0.295079 -0.109442 0.0
MAT -1.35796e-007 48.5539 2.04639e-006 1.0
VERTEX = 9
0.729394 55.3888 0.345861
1.20934 55.249 0.335412
1.19809 55.2477 -0.16446
0.718139 55.3875 -0.15401
4.12124 66.2545 0.0167369
4.16924 66.2405 0.015692
4.16811 66.2403 -0.0342952
4.12012 66.2543 -0.0332503
0.89388 55.0782 0.0928856
INDEX = 14
4 5 7
6 7 5
1 2 5
6 5 2
0 1 4
5 4 1
7 6 3
2 3 6
4 7 0
3 0 7
8 1 0
8 2 1
8 3 2
8 0 3
FACE-NORMAL = 14
0.279445 0.960122 -0.0087393
0.279445 0.960122 -0.0087393
0.965233 -0.260541 -0.0210679
0.965233 -0.260541 -0.0210679
0.0280271 0.0215224 0.999375
0.0280271 0.0215224 0.999375
-0.0169821 0.0164262 -0.999721
-0.0169821 0.0164262 -0.999721
-0.954188 0.29849 0.0207225
-0.954188 0.29849 0.0207225
-0.181681 -0.677107 0.713105
0.481153 -0.876594 -0.0085984
-0.213514 -0.680711 -0.700746
-0.876348 -0.481223 0.0209576
BONE = 4
BONE_NAME = Bip01-Spine
PARENT_ID = 3
LOCALTM 
MAT 0.999832 -0.00663732 -0.0171104 0.0
MAT 0.00509245 0.996036 -0.0888006 0.0
MAT 0.0176319 0.0886986 0.995903 0.0
MAT 6.49566 1.15633e-005 -1.08691 1.0
WORLDTM 
MAT 0.279445 0.960122 -0.0087393 0.0
MAT 0.022509 0.00254858 0.999743 0.0
MAT 0.959898 -0.27957 -0.0208993 0.0
MAT 0.89388 55.0782 0.0928856 1.0
VERTEX = 9
3.88957 66.5055 0.244959
4.38922 66.487 0.24754
4.39216 66.4965 -0.252362
3.89251 66.515 -0.254942
4.96485 89.464 0.461817
5.01482 89.4621 0.462075
5.01511 89.4631 0.412085
4.96515 89.4649 0.411827
4.13163 66.2512 -0.00849456
INDEX = 14
4 5 7
6 7 5
1 2 5
6 5 2
0 1 4
5 4 1
7 6 3
2 3 6
4 7 0
3 0 7
8 1 0
8 2 1
8 3 2
8 0 3
FACE-NORMAL = 14
0.0369464 0.999133 0.0191734
0.0369464 0.999133 0.0191734
0.999614 -0.0272687 0.00534822
0.999614 -0.0272687 0.00534822
-0.00550479 -0.00918732 0.999943
-0.00550479 -0.00918732 0.999943
0.00622817 0.0287495 -0.999567
0.00622817 0.0287495 -0.999567
-0.99889 0.0468309 -0.00497282
-0.99889 0.0468309 -0.00497282
-0.0302735 -0.719907 0.69341
0.680487 -0.732693 -0.00990841
-0.0219766 -0.693081 -0.720525
-0.732737 -0.680295 -0.0172068
BONE = 5
BONE_NAME = Bip01-Spine1
PARENT_ID = 4
LOCALTM 
MAT 0.969447 0.0225465 -0.244263 0.0
MAT -0.0285898 0.999366 -0.0212233 0.0
MAT 0.24363 0.0275583 0.969477 0.0
MAT 11.6331 4.76837e-007 -0.0135946 1.0
WORLDTM 
MAT 0.0369464 0.999133 0.0191734 0.0
MAT -0.00586676 -0.0189693 0.999803 0.0
MAT 0.9993 -0.0370515 0.00516077 0.0
MAT 4.13163 66.2512 -0.00849456 1.0
VERTEX = 9
4.3227 89.7865 0.681227
4.80422 89.6518 0.684564
4.80668 89.6482 0.184583
4.32516 89.7829 0.181246
6.18538 95.6054 0.42353
6.23353 95.592 0.423864
6.23377 95.5916 0.373866
6.18562 95.6051 0.373532
4.49735 89.4766 0.434305
INDEX = 14
4 5 7
6 7 5
1 2 5
6 5 2
0 1 4
5 4 1
7 6 3
2 3 6
4 7 0
3 0 7
8 1 0
8 2 1
8 3 2
8 0 3
FACE-NORMAL = 14
0.269345 0.963028 -0.00560125
0.269345 0.963028 -0.00560125
0.972295 -0.233668 0.0064629
0.972295 -0.233668 0.0064629
0.00500158 0.0426436 0.999078
0.00500158 0.0426436 0.999078
0.0148319 0.0282701 -0.99949
0.0148319 0.0282701 -0.99949
-0.952462 0.304581 -0.00687536
-0.952462 0.304581 -0.00687536
-0.193933 -0.675878 0.711041
0.49051 -0.871392 0.00867967
-0.186978 -0.686049 -0.703119
-0.871421 -0.490534 -0.000758301
BONE = 6
BONE_NAME = Bip01-Neck
PARENT_ID = 5
LOCALTM 
MAT 0.972037 -0.0254483 0.233446 0.0
MAT 0.0261764 0.999657 -2.09e-005 0.0
MAT -0.233365 0.00613109 0.97237 0.0
MAT 23.2272 -2.26498e-006 -0.492783 1.0
WORLDTM 
MAT 0.269345 0.963028 -0.00560125 0.0
MAT -0.00491851 0.00719164 0.999962 0.0
MAT 0.963031 -0.269307 0.00667365 0.0
MAT 4.49735 89.4766 0.434305 1.0
VERTEX = 9
5.9246 95.8039 0.651872
6.41877 95.8801 0.652595
6.4184 95.8873 0.152646
5.92423 95.8111 0.151923
3.32735 114.133 0.690908
3.37677 114.141 0.69098
3.37673 114.142 0.640985
3.32732 114.134 0.640913
6.20958 95.5985 0.398698
INDEX = 14
4 5 7
6 7 5
1 2 5
6 5 2
0 1 4
5 4 1
7 6 3
2 3 6
4 7 0
3 0 7
8 1 0
8 2 1
8 3 2
8 0 3
FACE-NORMAL = 14
-0.152323 0.988228 0.0142459
-0.152323 0.988228 0.0142459
0.986406 0.164319 0.00161843
0.986406 0.164319 0.00161843
-0.00111004 -0.00228703 0.999997
-0.00111004 -0.00228703 0.999997
-0.0025929 0.0263106 -0.99965
-0.0025929 0.0263106 -0.99965
-0.990109 -0.140295 -0.00127212
-0.990109 -0.140295 -0.00127212
0.108233 -0.708894 0.696961
0.806564 -0.591078 -0.00905134
0.107184 -0.688671 -0.717108
-0.591147 -0.806488 -0.0110954
BONE = 7
BONE_NAME = Bip01-Head
PARENT_ID = 6
LOCALTM 
MAT 0.910584 0.0221016 -0.412733 0.0
MAT -0.0191721 0.999753 0.0112381 0.0
MAT 0.41288 -0.00232031 0.910783 0.0
MAT 6.35699 -3.57628e-007 1.90735e-006 1.0
WORLDTM 
MAT -0.152323 0.988228 0.0142459 0.0
MAT 0.000741483 -0.0142999 0.999898 0.0
MAT 0.988331 0.152318 0.00144538 0.0
MAT 6.20958 95.5985 0.398698 1.0
VERTEX = 9
3.06706 114.343 0.919121
3.56123 114.419 0.919844
3.56086 114.426 0.419895
3.06669 114.35 0.419172
2.71806 118.086 0.747891
2.76748 118.094 0.747964
2.76744 118.095 0.697969
2.71802 118.087 0.697896
3.35204 114.137 0.665946
INDEX = 14
4 5 7
6 7 5
1 2 5
6 5 2
0 1 4
5 4 1
7 6 3
2 3 6
4 7 0
3 0 7
8 1 0
8 2 1
8 3 2
8 0 3
FACE-NORMAL = 14
-0.152323 0.988228 0.0142459
-0.152323 0.988228 0.0142459
0.977433 0.211232 0.00229601
0.977433 0.211232 0.00229601
-0.00838282 0.044913 0.998956
-0.00838282 0.044913 0.998956
-0.00986313 0.0734615 -0.997249
-0.00986313 0.0734615 -0.997249
-0.995679 -0.0928573 -0.000589568
-0.995679 -0.0928573 -0.000589568
0.108233 -0.708894 0.696961
0.806564 -0.591078 -0.00905134
0.107184 -0.688671 -0.717108
-0.591147 -0.806488 -0.0110954
BONE = 8
BONE_NAME = Bip01-HeadNub
PARENT_ID = 7
LOCALTM 
MAT 1.0 0.0 0.0 0.0
MAT 0.0 1.0 0.0 0.0
MAT 0.0 0.0 1.0 0.0
MAT 18.7597 -4.17233e-007 3.8147e-006 1.0
WORLDTM 
MAT -0.152323 0.988228 0.0142459 0.0
MAT 0.000741484 -0.0142999 0.999897 0.0
MAT 0.988331 0.152318 0.00144538 0.0
MAT 3.35204 114.137 0.665946 1.0
VERTEX = 9
14.2276 109.217 0.334153
14.2276 109.217 0.834153
14.2276 108.717 0.834153
14.2276 108.717 0.334153
17.9776 108.992 0.55915
17.9776 108.992 0.60915
17.9776 108.942 0.60915
17.9776 108.942 0.55915
13.9776 108.967 0.584153
INDEX = 14
4 5 7
6 7 5
1 2 5
6 5 2
0 1 4
5 4 1
7 6 3
2 3 6
4 7 0
3 0 7
8 1 0
8 2 1
8 3 2
8 0 3
FACE-NORMAL = 14
1.0 7.89761e-007 -7.59959e-007
1.0 7.89761e-007 -7.59959e-007
0.059893 1.66296e-007 0.998205
0.059893 1.66296e-007 0.998205
0.0598915 0.998205 -1.64511e-007
0.0598915 0.998205 -1.64511e-007
0.0598931 -0.998205 0.0
0.0598931 -0.998205 0.0
0.0598916 0.0 -0.998205
0.0598916 0.0 -0.998205
-0.707107 0.707106 4.53079e-007
-0.707106 -4.74152e-007 0.707107
-0.707106 -0.707107 6.21666e-007
-0.707107 -6.42739e-007 -0.707106
BONE = 9
BONE_NAME = FxTop
PARENT_ID = 7
LOCALTM 
MAT -0.152322 0.000740769 0.98833 0.0
MAT 0.988228 -0.0142999 0.152317 0.0
MAT 0.014246 0.999897 0.00144613 0.0
MAT 12.0303 3.28422e-005 9.71385 1.0
WORLDTM 
MAT 1.0 7.89762e-007 -7.59959e-007 0.0
MAT -8.19564e-007 1.0 -1.19209e-007 0.0
MAT 6.70552e-007 1.19209e-007 1.0 0.0
MAT 13.9776 108.967 0.584153 1.0
VERTEX = 9
1.92406 84.7171 7.79112
1.42994 84.7364 7.71711
1.4353 84.2625 7.55778
1.92942 84.2432 7.63179
0.727236 82.4863 13.6799
0.677825 82.4882 13.6725
0.67836 82.4408 13.6566
0.727772 82.4389 13.664
1.71783 84.569 7.44039
INDEX = 14
4 5 7
6 7 5
1 2 5
6 5 2
0 1 4
5 4 1
7 6 3
2 3 6
4 7 0
3 0 7
8 1 0
8 2 1
8 3 2
8 0 3
FACE-NORMAL = 14
-0.152589 -0.316503 0.936238
-0.152589 -0.316503 0.936238
-0.992981 0.0274522 -0.115041
-0.992981 0.0274522 -0.115041
-0.0160685 0.936105 0.351355
-0.0160685 0.936105 0.351355
0.00534959 -0.958338 -0.285587
0.00534959 -0.958338 -0.285587
0.982262 -0.0496856 0.180809
0.982262 -0.0496856 0.180809
0.10032 0.894002 -0.436689
-0.590888 0.251091 -0.766684
0.115474 -0.446398 -0.887352
0.806682 0.196512 -0.557357
BONE = 10
BONE_NAME = Bip01-L-Clavicle
PARENT_ID = 6
LOCALTM 
MAT -0.351145 0.934677 -0.0554635 0.0
MAT 0.908092 0.325524 -0.263444 0.0
MAT -0.22818 -0.142873 -0.963079 0.0
MAT -5.51406 6.9842 -1.30836 1.0
WORLDTM 
MAT -0.152589 -0.316503 0.936238 0.0
MAT -0.0107157 0.947806 0.318667 0.0
MAT -0.988232 0.0385927 -0.148017 0.0
MAT 1.71783 84.569 7.44039 1.0
VERTEX = 9
0.967385 82.2135 13.9027
0.581226 82.4745 14.0837
0.296816 82.3172 13.7038
0.682974 82.0562 13.5228
-6.04008 63.4612 26.6164
-6.0787 63.4873 26.6345
-6.10714 63.4715 26.5965
-6.06852 63.4454 26.5784
0.702798 82.4636 13.6683
INDEX = 14
4 5 7
6 7 5
1 2 5
6 5 2
0 1 4
5 4 1
7 6 3
2 3 6
4 7 0
3 0 7
8 1 0
8 2 1
8 3 2
8 0 3
FACE-NORMAL = 14
-0.28279 -0.792784 0.539929
-0.28279 -0.792784 0.539929
-0.774965 0.51447 0.367083
-0.774965 0.51447 0.367083
0.566112 0.307097 0.76499
0.566112 0.307097 0.76499
-0.571478 -0.322141 -0.754744
-0.571478 -0.322141 -0.754744
0.769599 -0.529514 -0.356837
0.769599 -0.529514 -0.356837
0.60218 0.783062 0.155543
-0.346147 0.929703 -0.125832
-0.202254 0.338104 -0.919119
0.746073 0.191462 -0.637744
BONE = 11
BONE_NAME = Bip01-L-UpperArm
PARENT_ID = 10
LOCALTM 
MAT 0.799572 -0.576317 0.168948 0.0
MAT 0.52507 0.534271 -0.662462 0.0
MAT 0.291524 0.618395 0.729795 0.0
MAT 6.65203 -1.52588e-005 2.38419e-007 1.0
WORLDTM 
MAT -0.28279 -0.792784 0.539929 0.0
MAT 0.56882 0.314633 0.759901 0.0
MAT -0.772317 0.522016 0.361976 0.0
MAT 0.702798 82.4636 13.6683 1.0
VERTEX = 9
-5.66576 63.3419 26.6816
-6.04966 63.2779 26.9955
-6.33407 63.1206 26.6156
-5.95017 63.1846 26.3017
-0.278232 45.0939 29.9082
-0.316622 45.0875 29.9396
-0.345063 45.0717 29.9016
-0.306673 45.0781 29.8702
-6.07361 63.4664 26.6064
INDEX = 14
4 5 7
6 7 5
1 2 5
6 5 2
0 1 4
5 4 1
7 6 3
2 3 6
4 7 0
3 0 7
8 1 0
8 2 1
8 3 2
8 0 3
FACE-NORMAL = 14
0.294794 -0.940541 0.168759
0.294794 -0.940541 0.168759
-0.764325 -0.138979 0.629676
-0.764325 -0.138979 0.629676
0.572219 0.303645 0.761817
0.572219 0.303645 0.761817
-0.565345 -0.325578 -0.757881
-0.565345 -0.325578 -0.757881
0.7712 0.117046 -0.62574
0.7712 0.117046 -0.62574
0.193766 0.887542 0.418
-0.751378 0.574538 0.324556
-0.610668 0.442583 -0.656662
0.334476 0.755587 -0.563218
BONE = 12
BONE_NAME = Bip01-L-Forearm
PARENT_ID = 11
LOCALTM 
MAT 0.753398 0.0 -0.657564 0.0
MAT -1.3411e-007 1.0 0.0 0.0
MAT 0.657564 0.0 0.753398 0.0
MAT 23.9627 -7.62939e-006 3.8147e-006 1.0
WORLDTM 
MAT 0.294794 -0.940541 0.168759 0.0
MAT 0.56882 0.314633 0.759901 0.0
MAT -0.767815 -0.128021 0.627751 0.0
MAT -6.07361 63.4664 26.6064 1.0
VERTEX = 9
-0.481888 44.8373 30.2184
-0.517607 44.7454 29.7282
-0.0312108 44.8475 29.6736
0.00450864 44.9395 30.1638
1.95955 35.0755 31.6421
1.95597 35.0663 31.5931
2.00461 35.0765 31.5876
2.00819 35.0857 31.6366
-0.311646 45.0828 29.9049
INDEX = 14
4 5 7
6 7 5
1 2 5
6 5 2
0 1 4
5 4 1
7 6 3
2 3 6
4 7 0
3 0 7
8 1 0
8 2 1
8 3 2
8 0 3
FACE-NORMAL = 14
0.220387 -0.961476 0.164294
0.220387 -0.961476 0.164294
-0.0665408 -0.205141 -0.976468
-0.0665408 -0.205141 -0.976468
-0.967674 -0.225561 0.112826
-0.967674 -0.225561 0.112826
0.977435 0.182977 -0.105549
0.977435 0.182977 -0.105549
0.0763018 0.162557 0.983745
0.0763018 0.162557 0.983745
-0.843706 0.535391 -0.0389475
-0.206352 0.549834 -0.809384
0.532031 0.824342 -0.1934
-0.105322 0.809899 0.577036
BONE = 13
BONE_NAME = Bip01-L-Hand
PARENT_ID = 12
LOCALTM 
MAT 0.997003 -0.0523041 0.0570085 0.0
MAT -0.0761728 -0.534638 0.841641 0.0
MAT -0.0135424 -0.843461 -0.53702 0.0
MAT 19.5457 0.0 -9.53674e-007 1.0
WORLDTM 
MAT 0.220387 -0.961477 0.164295 0.0
MAT -0.972793 -0.204319 0.109214 0.0
MAT -0.0714388 -0.183894 -0.980347 0.0
MAT -0.311646 45.0828 29.9049 1.0
VERTEX = 9
8.11634 39.5438 26.0252
7.76917 39.2178 26.1775
7.44986 39.3994 25.8383
7.79703 39.7255 25.686
9.06055 36.9833 23.4338
9.02584 36.9507 23.449
8.99391 36.9688 23.4151
9.02862 37.0014 23.3999
7.70016 39.638 26.0989
INDEX = 14
4 5 7
6 7 5
1 2 5
6 5 2
0 1 4
5 4 1
7 6 3
2 3 6
4 7 0
3 0 7
8 1 0
8 2 1
8 3 2
8 0 3
FACE-NORMAL = 14
0.331768 -0.665491 -0.668619
0.331768 -0.665491 -0.668619
-0.673222 -0.69075 0.263889
-0.673222 -0.69075 0.263889
0.657335 -0.402437 0.637146
0.657335 -0.402437 0.637147
-0.617594 0.322722 -0.717237
-0.617594 0.322722 -0.717237
0.712963 0.611034 -0.343979
0.712963 0.611034 -0.343979
0.216971 0.21373 0.952493
-0.725567 0.00949547 0.688086
-0.686161 0.727416 -0.00692275
0.256376 0.931651 0.257485
BONE = 14
BONE_NAME = Bip01-L-Finger0
PARENT_ID = 13
LOCALTM 
MAT 0.603121 -0.259793 0.754157 0.0
MAT 0.601439 -0.472929 -0.643902 0.0
MAT 0.523944 0.84193 -0.128984 0.0
MAT 6.37542 -7.09703 4.16014 1.0
WORLDTM 
MAT 0.331768 -0.665491 -0.668619 0.0
MAT 0.638611 -0.363231 0.67841 0.0
MAT -0.694339 -0.652063 0.304481 0.0
MAT 7.70016 39.638 26.0989 1.0
VERTEX = 9
9.22169 37.0254 23.6363
8.83731 36.8946 23.9281
8.518 37.0763 23.5889
8.90238 37.207 23.2971
8.77524 33.6948 21.9417
8.7368 33.6817 21.9708
8.70487 33.6999 21.9369
8.74331 33.713 21.9077
8.8785 37.2744 23.7242
INDEX = 14
4 5 7
6 7 5
1 2 5
6 5 2
0 1 4
5 4 1
7 6 3
2 3 6
4 7 0
3 0 7
8 1 0
8 2 1
8 3 2
8 0 3
FACE-NORMAL = 14
-0.0346111 -0.894255 -0.446218
-0.0346111 -0.894255 -0.446218
-0.769444 -0.314569 0.55588
-0.769444 -0.314569 0.55588
0.635391 -0.416138 0.650467
0.635391 -0.416138 0.650467
-0.639537 0.30902 -0.703917
-0.639537 0.30902 -0.703917
0.765298 0.207451 -0.60933
0.765298 0.207451 -0.60933
0.47604 0.37549 0.795231
-0.519116 0.44744 0.728228
-0.427092 0.889177 -0.164184
0.568063 0.817227 -0.0971811
BONE = 15
BONE_NAME = Bip01-L-Finger01
PARENT_ID = 14
LOCALTM 
MAT 0.881985 0.0 0.471277 0.0
MAT 0.0 1.0 -1.78814e-007 0.0
MAT -0.471277 1.19209e-007 0.881985 0.0
MAT 3.5517 1.90735e-006 1.90735e-006 1.0
WORLDTM 
MAT -0.0346111 -0.894255 -0.446218 0.0
MAT 0.638611 -0.363231 0.678409 0.0
MAT -0.768751 -0.261479 0.583652 0.0
MAT 8.8785 37.2744 23.7242 1.0
VERTEX = 9
9.02444 33.9194 22.159
8.66961 33.9509 22.5099
8.3503 34.1325 22.1707
8.70513 34.101 21.8198
6.47856 27.01 20.5244
6.44307 27.0131 20.5595
6.41114 27.0313 20.5256
6.44662 27.0281 20.4905
8.76176 34.2584 22.2192
INDEX = 14
4 5 7
6 7 5
1 2 5
6 5 2
0 1 4
5 4 1
7 6 3
2 3 6
4 7 0
3 0 7
8 1 0
8 2 1
8 3 2
8 0 3
FACE-NORMAL = 14
-0.297572 -0.929572 -0.217593
-0.297572 -0.929572 -0.217593
-0.718231 0.0351489 0.694916
-0.718231 0.0351489 0.694916
0.629446 -0.390811 0.671614
0.629446 -0.390811 0.671614
-0.647207 0.335328 -0.684601
-0.647207 0.335328 -0.684601
0.700471 -0.0906316 -0.707903
0.700471 -0.0906316 -0.707903
0.661981 0.400464 0.633569
-0.291395 0.701797 0.650054
-0.241151 0.91415 -0.325846
0.712225 0.612817 -0.342331
BONE = 16
BONE_NAME = Bip01-L-Finger02
PARENT_ID = 15
LOCALTM 
MAT 0.938667 0.0 0.344824 0.0
MAT 0.0 1.0 0.0 0.0
MAT -0.344824 0.0 0.938667 0.0
MAT 3.37267 -2.86102e-006 1.90735e-006 1.0
WORLDTM 
MAT -0.297572 -0.929573 -0.217593 0.0
MAT 0.638611 -0.363231 0.678409 0.0
MAT -0.709667 0.0629183 0.701722 0.0
MAT 8.76176 34.2584 22.2192 1.0
VERTEX = 9
6.70752 26.6817 20.4648
6.35269 26.7132 20.8157
6.03339 26.8948 20.4765
6.38822 26.8633 20.1256
5.28827 23.2917 19.6541
5.25278 23.2948 19.6892
5.22085 23.313 19.6552
5.25634 23.3099 19.6202
6.44485 27.0206 20.525
INDEX = 14
4 5 7
6 7 5
1 2 5
6 5 2
0 1 4
5 4 1
7 6 3
2 3 6
4 7 0
3 0 7
8 1 0
8 2 1
8 3 2
8 0 3
FACE-NORMAL = 14
-0.297572 -0.929572 -0.217593
-0.297572 -0.929572 -0.217593
-0.726215 0.00713111 0.68743
-0.726215 0.0071311 0.68743
0.619642 -0.418253 0.664159
0.619642 -0.418253 0.664159
-0.655287 0.306905 -0.690224
-0.655287 0.306905 -0.690224
0.690571 -0.11848 -0.713494
0.690571 -0.11848 -0.713494
0.661981 0.400464 0.633569
-0.291395 0.701797 0.650054
-0.241151 0.91415 -0.325846
0.712225 0.612817 -0.342331
BONE = 17
BONE_NAME = Bip01-L-Finger0Nub
PARENT_ID = 16
LOCALTM 
MAT 1.0 0.0 0.0 0.0
MAT 0.0 1.0 0.0 0.0
MAT 0.0 0.0 1.0 0.0
MAT 7.78607 9.53674e-007 0.0 1.0
WORLDTM 
MAT -0.297572 -0.929573 -0.217593 0.0
MAT 0.638611 -0.363231 0.67841 0.0
MAT -0.709667 0.0629183 0.701722 0.0
MAT 6.44485 27.0206 20.525 1.0
VERTEX = 9
6.6094 32.0449 32.4166
6.52962 32.0906 31.9252
6.97928 32.3027 31.8719
7.05906 32.257 32.3634
8.77833 27.7293 31.4344
8.77036 27.7339 31.3852
8.81532 27.7551 31.3799
8.8233 27.7505 31.429
6.69256 32.3991 32.1817
INDEX = 14
4 5 7
6 7 5
1 2 5
6 5 2
0 1 4
5 4 1
7 6 3
2 3 6
4 7 0
3 0 7
8 1 0
8 2 1
8 3 2
8 0 3
FACE-NORMAL = 14
0.407124 -0.900993 -0.149869
0.407124 -0.900993 -0.149869
-0.140801 0.0501283 -0.988768
-0.140801 0.0501283 -0.988768
-0.879782 -0.464826 0.0996031
-0.879782 -0.464826 0.0996031
0.91699 0.382481 -0.1133
0.91699 0.382481 -0.1133
0.178009 -0.132473 0.975071
0.178009 -0.132473 0.975071
-0.9238 0.337217 0.181325
-0.400714 0.701726 -0.589075
0.348039 0.93698 0.0306219
-0.175046 0.572471 0.801021
BONE = 18
BONE_NAME = Bip01-L-Finger1
PARENT_ID = 13
LOCALTM 
MAT 0.931386 -0.228326 0.283526 0.0
MAT 0.227067 0.973147 0.0377667 0.0
MAT -0.284536 0.029204 0.95822 0.0
MAT 14.1128 -3.97346 -0.399956 1.0
WORLDTM 
MAT 0.407124 -0.900994 -0.149869 0.0
MAT -0.899325 -0.424097 0.106563 0.0
MAT -0.159572 0.0913963 -0.982946 0.0
MAT 6.69256 32.3991 32.1817 1.0
VERTEX = 9
8.7266 27.3283 31.5134
8.57295 27.5481 31.0914
9.02261 27.7601 31.0381
9.17626 27.5404 31.4601
10.2104 24.0853 29.0177
10.195 24.1073 28.9755
10.24 24.1285 28.9702
10.2553 24.1066 29.0124
8.79683 27.7422 31.4071
INDEX = 14
4 5 7
6 7 5
1 2 5
6 5 2
0 1 4
5 4 1
7 6 3
2 3 6
4 7 0
3 0 7
8 1 0
8 2 1
8 3 2
8 0 3
FACE-NORMAL = 14
0.311105 -0.791794 -0.525619
0.311105 -0.791794 -0.525619
-0.290774 0.397978 -0.870094
-0.290774 0.397978 -0.870094
-0.882017 -0.464512 0.0792139
-0.882017 -0.464512 0.0792139
0.914223 0.382545 -0.133626
0.914223 0.382545 -0.133626
0.32298 -0.479945 0.815682
0.32298 -0.479945 0.815682
-0.855904 0.260001 0.44702
-0.437271 0.870692 -0.225143
0.415934 0.859764 0.296317
-0.00269857 0.249074 0.968481
BONE = 19
BONE_NAME = Bip01-L-Finger11
PARENT_ID = 18
LOCALTM 
MAT 0.918834 0.0 0.394645 0.0
MAT 0.0 1.0 0.0 0.0
MAT -0.394645 0.0 0.918834 0.0
MAT 5.16862 0.0 -3.8147e-006 1.0
WORLDTM 
MAT 0.311106 -0.791794 -0.525619 0.0
MAT -0.899325 -0.424097 0.106563 0.0
MAT -0.307289 0.439551 -0.84402 0.0
MAT 8.79683 27.7422 31.4071 1.0
VERTEX = 9
10.1217 23.7054 28.8691
9.90459 24.1242 28.7033
10.3543 24.3363 28.6501
10.5714 23.9175 28.8158
10.5751 21.6486 22.3987
10.5534 21.6905 22.3821
10.5984 21.7117 22.3768
10.6201 21.6698 22.3934
10.2252 24.1069 28.9939
INDEX = 14
4 5 7
6 7 5
1 2 5
6 5 2
0 1 4
5 4 1
7 6 3
2 3 6
4 7 0
3 0 7
8 1 0
8 2 1
8 3 2
8 0 3
FACE-NORMAL = 14
0.0513138 -0.344364 -0.937433
0.0513138 -0.344364 -0.937433
-0.432323 0.825738 -0.36229
-0.432323 0.825738 -0.36229
-0.897135 -0.435258 0.0754904
-0.897135 -0.435258 0.0754904
0.900531 0.412471 -0.137519
0.900531 0.412471 -0.137519
0.435718 -0.848524 0.300262
0.435718 -0.848524 0.300262
-0.672204 -0.0563792 0.738217
-0.343351 0.835767 0.428489
0.599635 0.543384 0.587513
0.270783 -0.348763 0.897241
BONE = 20
BONE_NAME = Bip01-L-Finger12
PARENT_ID = 19
LOCALTM 
MAT 0.781362 0.0 0.624078 0.0
MAT 0.0 1.0 -1.78814e-007 0.0
MAT -0.624078 1.49012e-007 0.781362 0.0
MAT 4.59114 -1.90735e-006 0.0 1.0
WORLDTM 
MAT 0.0513138 -0.344364 -0.937433 0.0
MAT -0.899325 -0.424097 0.106563 0.0
MAT -0.434258 0.837589 -0.331458 0.0
MAT 10.2252 24.1069 28.9939 1.0
VERTEX = 9
10.4833 21.2787 22.2629
10.2662 21.6975 22.0972
10.7159 21.9095 22.0439
10.933 21.4907 22.2096
10.7804 20.2712 18.649
10.7587 20.3131 18.6324
10.8037 20.3343 18.6271
10.8254 20.2924 18.6437
10.5868 21.6802 22.3878
INDEX = 14
4 5 7
6 7 5
1 2 5
6 5 2
0 1 4
5 4 1
7 6 3
2 3 6
4 7 0
3 0 7
8 1 0
8 2 1
8 3 2
8 0 3
FACE-NORMAL = 14
0.0513138 -0.344364 -0.937433
0.0513138 -0.344364 -0.937433
-0.430405 0.815461 -0.387008
-0.430405 0.815461 -0.387008
-0.894638 -0.44396 0.0502268
-0.894638 -0.44396 0.0502268
0.900784 0.402711 -0.162517
0.900784 0.402711 -0.162517
0.436552 -0.85671 0.274718
0.436552 -0.85671 0.274718
-0.672204 -0.0563792 0.738217
-0.343351 0.835767 0.428489
0.599635 0.543384 0.587513
0.270783 -0.348763 0.897241
BONE = 21
BONE_NAME = Bip01-L-Finger1Nub
PARENT_ID = 20
LOCALTM 
MAT 1.0 0.0 0.0 0.0
MAT 0.0 1.0 0.0 0.0
MAT 0.0 0.0 1.0 0.0
MAT 7.04708 0.0 1.90735e-006 1.0
WORLDTM 
MAT 0.0513138 -0.344364 -0.937433 0.0
MAT -0.899325 -0.424097 0.106563 0.0
MAT -0.434258 0.837589 -0.331458 0.0
MAT 10.5868 21.6802 22.3878 1.0
VERTEX = 9
1.88692 30.4536 33.0436
1.80912 30.5432 32.5579
2.28856 30.6751 32.5054
2.36636 30.5855 32.9911
3.1416 26.2651 31.8384
3.13382 26.2741 31.7898
3.18177 26.2872 31.7846
3.18955 26.2783 31.8332
2.0284 30.8013 32.8277
INDEX = 14
4 5 7
6 7 5
1 2 5
6 5 2
0 1 4
5 4 1
7 6 3
2 3 6
4 7 0
3 0 7
8 1 0
8 2 1
8 3 2
8 0 3
FACE-NORMAL = 14
0.237374 -0.947812 -0.212852
0.237374 -0.947812 -0.212852
-0.143601 0.131893 -0.980807
-0.143601 0.131893 -0.980807
-0.945904 -0.310462 0.0942258
-0.945904 -0.310462 0.0942258
0.969485 0.216306 -0.115371
0.969485 0.216306 -0.115371
0.167181 -0.226049 0.959662
0.167181 -0.226049 0.959662
-0.845878 0.483734 0.224705
-0.277862 0.796912 -0.536398
0.510181 0.856675 0.0763141
-0.0578346 0.543496 0.837417
BONE = 22
BONE_NAME = Bip01-L-Finger2
PARENT_ID = 13
LOCALTM 
MAT 0.928643 -0.0605065 0.366008 0.0
MAT 0.059465 0.99813 0.0141299 0.0
MAT -0.366179 0.00864306 0.930504 0.0
MAT 14.7272 0.960809 -0.406216 1.0
WORLDTM 
MAT 0.237374 -0.947812 -0.212852 0.0
MAT -0.958878 -0.263709 0.104928 0.0
MAT -0.155583 0.179192 -0.971434 0.0
MAT 2.0284 30.8013 32.8277 1.0
VERTEX = 9
3.01511 25.8692 31.8319
2.88463 26.2061 31.4862
3.36407 26.338 31.4337
3.49455 26.0011 31.7794
3.69488 22.8475 28.3051
3.68183 22.8811 28.2706
3.72977 22.8943 28.2653
3.74282 22.8606 28.2999
3.16168 26.2762 31.8115
INDEX = 14
4 5 7
6 7 5
1 2 5
6 5 2
0 1 4
5 4 1
7 6 3
2 3 6
4 7 0
3 0 7
8 1 0
8 2 1
8 3 2
8 0 3
FACE-NORMAL = 14
0.111626 -0.690319 -0.714843
0.111626 -0.690319 -0.714843
-0.255286 0.639828 -0.724878
-0.255286 0.639828 -0.724878
-0.952416 -0.296535 0.0705005
-0.952416 -0.296535 0.0705005
0.963131 0.230276 -0.139114
0.963131 0.230276 -0.139114
0.266001 -0.706088 0.656265
0.266001 -0.706088 0.656265
-0.756961 0.301658 0.579665
-0.263447 0.964531 0.0165987
0.599097 0.674599 0.431275
0.105584 0.0117267 0.994341
BONE = 23
BONE_NAME = Bip01-L-Finger21
PARENT_ID = 22
LOCALTM 
MAT 0.832945 0.0 0.553355 0.0
MAT 0.0 1.0 0.0 0.0
MAT -0.553356 0.0 0.832945 0.0
MAT 4.77427 4.76837e-007 3.8147e-006 1.0
WORLDTM 
MAT 0.111627 -0.690319 -0.714843 0.0
MAT -0.958878 -0.263709 0.104928 0.0
MAT -0.260944 0.673735 -0.691369 0.0
MAT 3.16168 26.2762 31.8115 1.0
VERTEX = 9
3.54942 22.4797 28.196
3.40804 22.9076 27.9794
3.88748 23.0394 27.9269
4.02886 22.6116 28.1436
3.85806 19.8873 22.3568
3.84392 19.9301 22.3351
3.89186 19.9433 22.3299
3.906 19.9005 22.3516
3.71233 22.8709 28.2852
INDEX = 14
4 5 7
6 7 5
1 2 5
6 5 2
0 1 4
5 4 1
7 6 3
2 3 6
4 7 0
3 0 7
8 1 0
8 2 1
8 3 2
8 0 3
FACE-NORMAL = 14
0.0244994 -0.445229 -0.895081
0.0244994 -0.445229 -0.895081
-0.281721 0.839502 -0.464618
-0.281721 0.839502 -0.464618
-0.957422 -0.279217 0.0733574
-0.957422 -0.279217 0.0733574
0.959146 0.247875 -0.136368
0.959146 0.247875 -0.136368
0.283445 -0.870845 0.401607
0.283445 -0.870845 0.401607
-0.695353 0.128354 0.707113
-0.217264 0.919898 0.326471
0.660706 0.501295 0.558723
0.182617 -0.290249 0.939365
BONE = 24
BONE_NAME = Bip01-L-Finger22
PARENT_ID = 23
LOCALTM 
MAT 0.949927 0.0 0.312472 0.0
MAT 0.0 1.0 0.0 0.0
MAT -0.312472 0.0 0.949927 0.0
MAT 4.9329 -1.43051e-006 3.8147e-006 1.0
WORLDTM 
MAT 0.0244994 -0.44523 -0.895082 0.0
MAT -0.958878 -0.263709 0.104928 0.0
MAT -0.282758 0.855704 -0.433382 0.0
MAT 3.71233 22.8709 28.2852 1.0
VERTEX = 9
3.71205 19.5241 22.2542
3.57067 19.952 22.0375
4.05011 20.0839 21.985
4.19149 19.656 22.2017
3.95605 18.1064 18.7765
3.94192 18.1492 18.7548
3.98986 18.1624 18.7496
4.004 18.1196 18.7712
3.87496 19.9153 22.3434
INDEX = 14
4 5 7
6 7 5
1 2 5
6 5 2
0 1 4
5 4 1
7 6 3
2 3 6
4 7 0
3 0 7
8 1 0
8 2 1
8 3 2
8 0 3
FACE-NORMAL = 14
0.0244993 -0.445229 -0.895081
0.0244993 -0.445229 -0.895081
-0.280783 0.827501 -0.486212
-0.280783 0.827501 -0.486212
-0.95569 -0.289902 0.051131
-0.95569 -0.289902 0.051131
0.958624 0.23657 -0.158348
0.958624 0.23657 -0.158348
0.283718 -0.880833 0.378995
0.283718 -0.880833 0.378995
-0.695353 0.128354 0.707113
-0.217264 0.919898 0.326471
0.660706 0.501295 0.558723
0.182617 -0.290249 0.939365
BONE = 25
BONE_NAME = Bip01-L-Finger2Nub
PARENT_ID = 24
LOCALTM 
MAT 1.0 0.0 0.0 0.0
MAT 0.0 1.0 0.0 0.0
MAT 0.0 0.0 1.0 0.0
MAT 6.63836 1.90735e-006 9.53674e-007 1.0
WORLDTM 
MAT 0.0244994 -0.44523 -0.895082 0.0
MAT -0.958878 -0.263709 0.104928 0.0
MAT -0.282758 0.855704 -0.433382 0.0
MAT 3.87496 19.9153 22.3434 1.0
VERTEX = 9
-2.88358 30.2322 32.906
-2.79328 30.2833 32.4169
-2.30235 30.3031 32.5096
-2.39265 30.2521 32.9987
-2.32831 25.215 32.255
-2.31928 25.2201 32.2061
-2.27018 25.222 32.2153
-2.27921 25.2169 32.2643
-2.60742 30.5162 32.7311
INDEX = 14
4 5 7
6 7 5
1 2 5
6 5 2
0 1 4
5 4 1
7 6 3
2 3 6
4 7 0
3 0 7
8 1 0
8 2 1
8 3 2
8 0 3
FACE-NORMAL = 14
0.0578216 -0.993981 -0.0930494
0.0578216 -0.993981 -0.0930494
0.182974 0.0579979 -0.981405
0.182974 0.0579979 -0.981405
-0.978336 -0.0837048 -0.189344
-0.978336 -0.0837048 -0.189344
0.983454 -0.004263 0.181109
0.983454 -0.00426301 0.181109
-0.177857 -0.145966 0.973171
-0.177857 -0.145966 0.973171
-0.735164 0.674736 -0.0653078
0.0868123 0.775034 -0.625929
0.653392 0.730965 0.1969
-0.168584 0.630668 0.75752
BONE = 26
BONE_NAME = Bip01-L-Finger3
PARENT_ID = 13
LOCALTM 
MAT 0.953145 0.136678 0.269877 0.0
MAT -0.208622 0.943018 0.259219 0.0
MAT -0.219069 -0.303375 0.927347 0.0
MAT 13.9638 5.5182 0.072113 1.0
WORLDTM 
MAT 0.0578216 -0.993982 -0.0930495 0.0
MAT -0.981857 -0.0397598 -0.185409 0.0
MAT 0.180593 0.102082 -0.978246 0.0
MAT -2.60742 30.5162 32.7311 1.0
VERTEX = 9
-2.51437 24.8674 32.1013
-2.48493 25.3001 31.8526
-1.994 25.32 31.9453
-2.02344 24.8872 32.194
-1.60427 23.1985 28.8532
-1.60133 23.2418 28.8283
-1.55224 23.2438 28.8376
-1.55518 23.2005 28.8624
-2.29925 25.2185 32.2352
INDEX = 14
4 5 7
6 7 5
1 2 5
6 5 2
0 1 4
5 4 1
7 6 3
2 3 6
4 7 0
3 0 7
8 1 0
8 2 1
8 3 2
8 0 3
FACE-NORMAL = 14
0.180248 -0.49934 -0.847449
0.180248 -0.49934 -0.847449
0.0695769 0.834034 -0.547309
0.0695769 0.834034 -0.547309
-0.969299 -0.0695951 -0.235831
-0.969299 -0.0695951 -0.235831
0.99089 0.00978194 0.13432
0.99089 0.00978194 0.13432
-0.047986 -0.893847 0.445797
-0.047986 -0.893847 0.445797
-0.821732 0.324972 0.468134
-0.0858151 0.965083 0.24749
0.566823 0.381201 0.730341
-0.169094 -0.25891 0.950985
BONE = 27
BONE_NAME = Bip01-L-Finger31
PARENT_ID = 26
LOCALTM 
MAT 0.585611 0.0 0.810592 0.0
MAT 0.0 1.0 0.0 0.0
MAT -0.810592 0.0 0.585611 0.0
MAT 5.32974 9.53674e-007 3.8147e-006 1.0
WORLDTM 
MAT 0.180248 -0.49934 -0.84745 0.0
MAT -0.981857 -0.0397599 -0.185409 0.0
MAT 0.0588872 0.865494 -0.497446 0.0
MAT -2.29925 25.2185 32.2352 1.0
VERTEX = 9
-1.83266 23.1795 28.8531
-1.86192 23.6763 28.9016
-1.37099 23.6962 28.9943
-1.34173 23.1994 28.9458
-0.609095 24.0085 23.4094
-0.612021 24.0582 23.4142
-0.562928 24.0602 23.4235
-0.560002 24.0105 23.4186
-1.64691 23.4114 29.1682
INDEX = 14
4 5 7
6 7 5
1 2 5
6 5 2
0 1 4
5 4 1
7 6 3
2 3 6
4 7 0
3 0 7
8 1 0
8 2 1
8 3 2
8 0 3
FACE-NORMAL = 14
0.180368 0.105916 -0.97788
0.180368 0.105916 -0.97788
-0.0512711 0.997016 0.0577095
-0.0512711 0.997016 0.0577095
-0.973874 -0.0355 -0.224297
-0.973874 -0.0355 -0.224297
0.988274 0.0439563 0.146224
0.988274 0.0439563 0.146224
0.0656715 -0.98856 -0.135782
0.0656715 -0.98856 -0.135782
-0.821817 -0.103008 0.560362
-0.168918 0.627673 0.75993
0.566738 -0.0467795 0.822569
-0.0861612 -0.777461 0.623001
BONE = 28
BONE_NAME = Bip01-L-Finger32
PARENT_ID = 27
LOCALTM 
MAT 0.808327 0.0 0.588734 0.0
MAT 0.0 1.0 0.0 0.0
MAT -0.588734 0.0 0.808327 0.0
MAT 3.61908 -4.76837e-007 0.0 1.0
WORLDTM 
MAT 0.180368 0.105916 -0.97788 0.0
MAT -0.981857 -0.0397598 -0.185409 0.0
MAT -0.058518 0.993581 0.0968231 0.0
MAT -1.64691 23.4114 29.1682 1.0
VERTEX = 9
-0.771752 23.8025 23.1014
-0.801011 24.2993 23.1498
-0.310082 24.3192 23.2425
-0.280823 23.8224 23.1941
0.11238 24.4322 19.4978
0.109454 24.4819 19.5027
0.158547 24.4838 19.5119
0.161473 24.4342 19.5071
-0.586009 24.0343 23.4164
INDEX = 14
4 5 7
6 7 5
1 2 5
6 5 2
0 1 4
5 4 1
7 6 3
2 3 6
4 7 0
3 0 7
8 1 0
8 2 1
8 3 2
8 0 3
FACE-NORMAL = 14
0.180368 0.105916 -0.97788
0.180368 0.105916 -0.97788
-0.0476102 0.99814 0.0380817
-0.0476102 0.99814 0.0380816
-0.969292 -0.0333449 -0.243643
-0.969292 -0.0333449 -0.243643
0.990897 0.046032 0.126508
0.990897 0.046032 0.126508
0.0692156 -0.985453 -0.155217
0.0692156 -0.985453 -0.155217
-0.821817 -0.103008 0.560362
-0.168918 0.627673 0.75993
0.566738 -0.0467795 0.822569
-0.0861612 -0.777461 0.623001
BONE = 29
BONE_NAME = Bip01-L-Finger3Nub
PARENT_ID = 28
LOCALTM 
MAT 1.0 0.0 0.0 0.0
MAT 0.0 1.0 0.0 0.0
MAT 0.0 0.0 1.0 0.0
MAT 5.88187 -1.43051e-006 1.90735e-006 1.0
WORLDTM 
MAT 0.180368 0.105916 -0.97788 0.0
MAT -0.981857 -0.0397598 -0.185409 0.0
MAT -0.058518 0.993581 0.0968231 0.0
MAT -0.586009 24.0343 23.4164 1.0
VERTEX = 9
2.65764 34.8204 26.8978
2.65764 34.8204 27.3978
2.65764 34.3204 27.3978
2.65764 34.3204 26.8978
6.40764 34.5954 27.1228
6.40764 34.5954 27.1728
6.40764 34.5454 27.1728
6.40764 34.5454 27.1228
2.40764 34.5704 27.1478
INDEX = 14
4 5 7
6 7 5
1 2 5
6 5 2
0 1 4
5 4 1
7 6 3
2 3 6
4 7 0
3 0 7
8 1 0
8 2 1
8 3 2
8 0 3
FACE-NORMAL = 14
1.0 2.5332e-006 1.13994e-006
1.0 2.5332e-006 1.13994e-006
0.0598914 -1.03266e-006 0.998205
0.0598914 -1.03266e-006 0.998205
0.0598899 0.998205 1.43858e-006
0.05989 0.998205 1.43858e-006
0.0598947 -0.998205 -1.30203e-006
0.0598946 -0.998205 -1.30203e-006
0.0598932 1.33609e-006 -0.998205
0.0598932 1.33609e-006 -0.998205
-0.707108 0.707105 1.64636e-007
-0.707108 -2.63023e-006 0.707106
-0.707105 -0.707108 -1.77675e-006
-0.707106 -9.52256e-007 -0.707108
BONE = 30
BONE_NAME = FxHand00
PARENT_ID = 13
LOCALTM 
MAT 0.220385 -0.972793 -0.0714402 0.0
MAT -0.961477 -0.204316 -0.183895 0.0
MAT 0.164296 0.109216 -0.980347 0.0
MAT 10.2538 -0.798537 4.44185 1.0
WORLDTM 
MAT 1.0 2.5332e-006 1.13994e-006 0.0
MAT -2.33948e-006 1.0 1.37277e-006 0.0
MAT -9.31323e-007 -1.18651e-006 1.0 0.0
MAT 2.40764 34.5704 27.1478 1.0
VERTEX = 9
2.12588 43.9109 51.4666
1.99076 44.3919 51.448
1.51871 44.2633 51.5511
1.65383 43.7823 51.5697
2.56057 44.4101 55.1714
2.54705 44.4582 55.1696
2.49985 44.4453 55.1799
2.51336 44.3972 55.1818
1.7751 44.0644 51.2644
INDEX = 14
4 5 7
6 7 5
1 2 5
6 5 2
0 1 4
5 4 1
7 6 3
2 3 6
4 7 0
3 0 7
8 1 0
8 2 1
8 3 2
8 0 3
FACE-NORMAL = 14
0.188776 0.0908191 0.977812
0.188776 0.0908191 0.977812
-0.258458 0.965784 0.0214475
-0.258458 0.965784 0.0214476
0.953713 0.262212 -0.147226
0.953713 0.262212 -0.147226
-0.931101 -0.251333 0.264353
-0.931101 -0.251333 0.264353
0.281071 -0.954906 0.0956792
0.281071 -0.954906 0.0956792
0.534096 0.117673 -0.837194
-0.32458 0.616069 -0.717709
-0.801066 -0.246111 -0.54564
0.0576104 -0.744506 -0.665125
BONE = 31
BONE_NAME = Dummy01
PARENT_ID = 12
LOCALTM 
MAT 0.135246 0.878994 0.45725 0.0
MAT 0.00158504 0.461298 -0.887244 0.0
MAT -0.990811 0.120721 0.0609954 0.0
MAT 24.7234 17.0977 11.9366 1.0
WORLDTM 
MAT 0.188776 0.0908191 0.977811 0.0
MAT 0.944102 0.257234 -0.20616 0.0
MAT -0.27025 0.962072 -0.0371826 0.0
MAT 1.7751 44.0644 51.2644 1.0
VERTEX = 9
5.03649 45.271 51.0819
4.94384 45.2194 50.5933
4.47179 45.0908 50.6963
4.56443 45.1423 51.185
3.75994 48.793 50.722
3.75068 48.7878 50.6731
3.70347 48.775 50.6834
3.71274 48.7801 50.7323
4.8223 44.9407 50.9015
INDEX = 14
4 5 7
6 7 5
1 2 5
6 5 2
0 1 4
5 4 1
7 6 3
2 3 6
4 7 0
3 0 7
8 1 0
8 2 1
8 3 2
8 0 3
FACE-NORMAL = 14
-0.272648 0.960828 -0.0497157
-0.272648 0.960828 -0.0497157
-0.201281 -0.0454117 -0.97848
-0.201281 -0.0454117 -0.97848
0.92608 0.31432 -0.208756
0.92608 0.31432 -0.208756
-0.958739 -0.199228 0.2028
-0.958739 -0.199228 0.2028
0.168622 0.160504 0.972525
0.168622 0.160504 0.972525
0.860374 -0.497515 -0.110614
0.0617752 -0.752341 -0.655871
-0.474791 -0.861301 0.180923
0.323807 -0.606475 0.726179
BONE = 32
BONE_NAME = Bone01
PARENT_ID = 31
LOCALTM 
MAT -0.0128207 -2.68221e-007 0.999918 0.0
MAT 1.20122e-005 1.0 4.17233e-007 0.0
MAT -0.999918 1.20383e-005 -0.0128207 0.0
MAT 0.299992 3.17708 0.0330162 1.0
WORLDTM 
MAT -0.272648 0.960829 -0.0497157 0.0
MAT 0.944104 0.257236 -0.206148 0.0
MAT -0.185285 -0.103143 -0.977257 0.0
MAT 4.8223 44.9407 50.9015 1.0
VERTEX = 9
2.18061 90.5022 11.2712
1.68144 90.4735 11.2697
1.70458 90.0871 10.9532
2.20375 90.1159 10.9546
2.09437 87.9447 14.0308
2.04446 87.9418 14.0307
2.04677 87.9032 13.999
2.09669 87.9061 13.9992
1.93406 90.4527 10.9187
INDEX = 14
4 5 7
6 7 5
1 2 5
6 5 2
0 1 4
5 4 1
7 6 3
2 3 6
4 7 0
3 0 7
8 1 0
8 2 1
8 3 2
8 0 3
FACE-NORMAL = 14
0.0341277 -0.63219 0.774062
0.0341277 -0.63219 0.774062
-0.994509 -0.0951923 0.0434761
-0.994509 -0.0951923 0.0434761
-0.0441555 0.733432 0.678328
-0.0441555 0.733432 0.678328
0.0482435 -0.809158 -0.585607
0.0482435 -0.809158 -0.585607
0.998597 0.0194657 0.0492446
0.998597 0.0194657 0.0492446
-0.0568587 0.993394 -0.0996723
-0.730069 0.406415 -0.549387
0.00859483 -0.099343 -0.995016
0.681805 0.487636 -0.545301
BONE = 33
BONE_NAME = Bone17
PARENT_ID = 10
LOCALTM 
MAT 0.919589 -0.352891 -0.172698 0.0
MAT 0.355242 0.934598 -0.0181519 0.0
MAT 0.167809 -0.0446572 0.984808 0.0
MAT 1.36128 6.68275 -0.501464 1.0
WORLDTM 
MAT 0.0341277 -0.63219 0.774062 0.0
MAT -0.0462826 0.772682 0.633104 0.0
MAT -0.998345 -0.0574321 -0.00288944 0.0
MAT 1.93406 90.4527 10.9187 1.0
VERTEX = 9
1.97386 84.1403 -6.73893
1.49555 84.1548 -6.59398
1.45841 84.6237 -6.76352
1.93672 84.6092 -6.90847
-0.0617033 82.1433 -12.4796
-0.109534 82.1448 -12.4651
-0.113248 82.1917 -12.4821
-0.0654178 82.1902 -12.4966
1.78657 84.4685 -6.52748
INDEX = 14
4 5 7
6 7 5
1 2 5
6 5 2
0 1 4
5 4 1
7 6 3
2 3 6
4 7 0
3 0 7
8 1 0
8 2 1
8 3 2
8 0 3
FACE-NORMAL = 14
-0.281725 -0.345908 -0.894974
-0.281725 -0.345908 -0.894974
-0.96592 0.0168738 0.258291
-0.96592 0.0168738 0.258291
0.064348 -0.94939 0.307438
0.064348 -0.94939 0.307438
-0.0841383 0.925091 -0.370307
-0.0841383 0.925091 -0.370307
0.94613 -0.0411727 -0.32116
0.94613 -0.0411727 -0.32116
0.25174 -0.418544 0.87261
-0.477219 0.265129 0.837835
0.146679 0.907732 0.393075
0.875639 0.224059 0.427849
BONE = 34
BONE_NAME = Bip01-R-Clavicle
PARENT_ID = 6
LOCALTM 
MAT -0.403987 -0.896042 -0.184127 0.0
MAT -0.885036 0.331959 0.326367 0.0
MAT -0.231316 0.294807 -0.927137 0.0
MAT -5.51406 -6.9842 -1.30832 1.0
WORLDTM 
MAT -0.281725 -0.345908 -0.894974 0.0
MAT 0.074289 -0.937819 0.339082 0.0
MAT -0.956615 0.0290412 0.289904 0.0
MAT 1.78657 84.4685 -6.52748 1.0
VERTEX = 9
-0.119342 81.7575 -12.3453
-0.494276 82.0291 -12.5342
-0.193668 82.1896 -12.9001
0.181266 81.918 -12.7112
-6.70023 63.5533 -26.0452
-6.73773 63.5804 -26.0641
-6.70767 63.5965 -26.1007
-6.67017 63.5693 -26.0818
-0.087476 82.1675 -12.4809
INDEX = 14
4 5 7
6 7 5
1 2 5
6 5 2
0 1 4
5 4 1
7 6 3
2 3 6
4 7 0
3 0 7
8 1 0
8 2 1
8 3 2
8 0 3
FACE-NORMAL = 14
-0.276116 -0.775902 -0.567218
-0.276116 -0.775902 -0.567218
-0.752452 0.535689 -0.383214
-0.752452 0.535689 -0.383214
-0.603809 -0.328355 0.726359
-0.603809 -0.328355 0.726359
0.598569 0.313631 -0.737123
0.598569 0.313631 -0.737123
0.747213 -0.550413 0.37245
0.747213 -0.550413 0.37245
-0.22988 0.321659 0.918526
-0.334992 0.932658 0.133904
0.620367 0.775632 -0.116359
0.725479 0.164634 0.668263
BONE = 35
BONE_NAME = Bip01-R-UpperArm
PARENT_ID = 34
LOCALTM 
MAT 0.853825 0.51481 0.0771648 0.0
MAT -0.374503 0.504515 0.777954 0.0
MAT 0.361567 -0.693135 0.623565 0.0
MAT 6.65202 -1.52588e-005 -2.38419e-007 1.0
WORLDTM 
MAT -0.276116 -0.775902 -0.567218 0.0
MAT -0.601216 -0.321008 0.731775 0.0
MAT -0.749866 0.543075 -0.377849 0.0
MAT -0.087476 82.1675 -12.4809 1.0
VERTEX = 9
-6.61184 63.255 -25.7959
-6.99936 63.2607 -26.1118
-6.69875 63.4212 -26.4777
-6.31124 63.4155 -26.1618
-2.8964 45.0566 -31.0339
-2.93515 45.0571 -31.0655
-2.90509 45.0732 -31.1021
-2.86634 45.0726 -31.0705
-6.70394 63.5749 -26.0729
INDEX = 14
4 5 7
6 7 5
1 2 5
6 5 2
0 1 4
5 4 1
7 6 3
2 3 6
4 7 0
3 0 7
8 1 0
8 2 1
8 3 2
8 0 3
FACE-NORMAL = 14
0.19458 -0.94701 -0.255561
0.19458 -0.94701 -0.255561
-0.772713 0.000215997 -0.634755
-0.772713 0.000215995 -0.634755
-0.598906 -0.332028 0.728745
-0.598906 -0.332028 0.728745
0.603444 0.309944 -0.734705
0.603444 0.309944 -0.734704
0.777251 -0.0222999 0.628796
0.777251 -0.0222999 0.628796
-0.562712 0.44265 0.698151
-0.685621 0.677598 -0.266055
0.287535 0.896624 -0.336734
0.410444 0.661676 0.627472
BONE = 36
BONE_NAME = Bip01-R-Forearm
PARENT_ID = 35
LOCALTM 
MAT 0.826019 0.0 -0.563643 0.0
MAT 0.0 1.0 -1.93715e-007 0.0
MAT 0.563643 0.0 0.826019 0.0
MAT 23.9627 -3.8147e-006 -3.8147e-006 1.0
WORLDTM 
MAT 0.19458 -0.94701 -0.255561 0.0
MAT -0.601216 -0.321008 0.731775 0.0
