EXPORTER_V17
ANIMATION_EXPORT
BONEOBJECT_COUNT = 76
VERTEX = 9
0.25 0.25 -0.25
0.25 0.25 0.25
0.25 -0.25 0.25
0.25 -0.25 -0.25
4.0 0.025 -0.025
4.0 0.025 0.025
4.0 -0.025 0.025
4.0 -0.025 -0.025
0.0 0.0 0.0
INDEX = 14
4 5 7
6 7 5
1 2 5
6 5 2
0 1 4
5 4 1
7 6 3
2 3 6
4 7 0
3 0 7
8 1 0
8 2 1
8 3 2
8 0 3
FACE-NORMAL = 14
1.0 0.0 0.0
1.0 0.0 0.0
0.0598923 0.0 0.998205
0.0598923 0.0 0.998205
0.0598923 0.998205 0.0
0.0598923 0.998205 0.0
0.0598923 -0.998205 0.0
0.0598923 -0.998205 0.0
0.0598923 0.0 -0.998205
0.0598923 0.0 -0.998205
-0.707107 0.707107 0.0
-0.707107 0.0 0.707107
-0.707107 -0.707107 0.0
-0.707107 0.0 -0.707107
BONE = 0
BONE_NAME = Dummy_root
PARENT_ID = -1
LOCALTM 
MAT 1.0 0.0 0.0 0.0
MAT 0.0 1.0 0.0 0.0
MAT 0.0 0.0 1.0 0.0
MAT 0.0 0.0 0.0 1.0
WORLDTM 
MAT 1.0 0.0 0.0 0.0
MAT 0.0 1.0 0.0 0.0
MAT 0.0 0.0 1.0 0.0
MAT 0.0 0.0 0.0 1.0
VERTEX = 9
0.25 0.25 -0.25
0.25 0.25 0.25
0.25 -0.25 0.25
0.25 -0.25 -0.25
4.0 0.025 -0.025
4.0 0.025 0.025
4.0 -0.025 0.025
4.0 -0.025 -0.025
0.0 0.0 0.0
INDEX = 14
4 5 7
6 7 5
1 2 5
6 5 2
0 1 4
5 4 1
7 6 3
2 3 6
4 7 0
3 0 7
8 1 0
8 2 1
8 3 2
8 0 3
FACE-NORMAL = 14
1.0 0.0 0.0
1.0 0.0 0.0
0.0598923 0.0 0.998205
0.0598923 0.0 0.998205
0.0598923 0.998205 0.0
0.0598923 0.998205 0.0
0.0598923 -0.998205 0.0
0.0598923 -0.998205 0.0
0.0598923 0.0 -0.998205
0.0598923 0.0 -0.998205
-0.707107 0.707107 0.0
-0.707107 0.0 0.707107
-0.707107 -0.707107 0.0
-0.707107 0.0 -0.707107
BONE = 1
BONE_NAME = FxBottom
PARENT_ID = 0
LOCALTM 
MAT 1.0 0.0 0.0 0.0
MAT 0.0 1.0 0.0 0.0
MAT 0.0 0.0 1.0 0.0
MAT 0.0 0.0 0.0 1.0
WORLDTM 
MAT 1.0 0.0 0.0 0.0
MAT 0.0 1.0 0.0 0.0
MAT 0.0 0.0 1.0 0.0
MAT 0.0 0.0 0.0 1.0
VERTEX = 9
0.267583 48.7679 -0.26474
0.292265 48.7707 0.234643
0.227603 48.275 0.240636
0.202921 48.2722 -0.258747
3.96349 48.0595 -0.218132
3.96596 48.0598 -0.168194
3.95949 48.0102 -0.167595
3.95702 48.0099 -0.217533
-1.35796e-007 48.5539 2.04639e-006
INDEX = 14
4 5 7
6 7 5
1 2 5
6 5 2
0 1 4
5 4 1
7 6 3
2 3 6
4 7 0
3 0 7
8 1 0
8 2 1
8 3 2
8 0 3
FACE-NORMAL = 14
0.990373 -0.129756 -0.0482163
0.990373 -0.129756 -0.0482163
0.10859 -0.0021468 0.994084
0.10859 -0.0021468 0.994084
0.188407 0.981979 -0.0148519
0.188407 0.981979 -0.0148519
-0.069776 -0.997521 0.00907629
-0.069776 -0.997521 0.00907629
0.0100412 -0.0133959 -0.99986
0.0100412 -0.0133959 -0.99986
-0.608854 0.792869 0.025619
-0.665394 0.0957355 0.740328
-0.791745 -0.609366 0.0425692
-0.735204 0.0877668 -0.672139
BONE = 2
BONE_NAME = Bip01
PARENT_ID = 0
LOCALTM 
MAT 0.990373 -0.129756 -0.0482163 0.0
MAT 0.129324 0.99153 -0.0119856 0.0
MAT 0.0493632 0.00563473 0.998765 0.0
MAT -1.35796e-007 48.5539 0.0 1.0
WORLDTM 
MAT 0.990373 -0.129756 -0.0482163 0.0
MAT 0.129324 0.99153 -0.0119856 0.0
MAT 0.0493632 0.00563468 0.998765 0.0
MAT -1.35796e-007 48.5539 2.04639e-006 1.0
VERTEX = 9
-0.202922 48.8356 0.25875
0.292265 48.7707 0.234643
0.267584 48.7679 -0.26474
-0.227603 48.8328 -0.240632
0.828198 55.0875 -0.0527688
0.877716 55.081 -0.0551796
0.875248 55.0807 -0.105118
0.825729 55.0872 -0.102707
-1.35796e-007 48.5539 2.04639e-006
INDEX = 14
4 5 7
6 7 5
1 2 5
6 5 2
0 1 4
5 4 1
7 6 3
2 3 6
4 7 0
3 0 7
8 1 0
8 2 1
8 3 2
8 0 3
FACE-NORMAL = 14
0.129324 0.99153 -0.0119869
0.129324 0.99153 -0.0119869
0.994339 -0.0944855 -0.0486101
0.994339 -0.0944855 -0.0486101
0.0539205 0.0408212 0.99771
0.0539205 0.0408212 0.99771
-0.0447413 0.029556 -0.998561
-0.0447413 0.029556 -0.998561
-0.98516 0.164863 0.0477593
-0.98516 0.164863 0.0477593
-0.0565416 -0.697132 0.71471
0.608854 -0.792869 -0.0256172
-0.12635 -0.705103 -0.697757
-0.791745 -0.609366 0.0425692
BONE = 3
BONE_NAME = Bip01-Pelvis
PARENT_ID = 2
LOCALTM 
MAT 1.19209e-007 1.0 -1.31037e-006 0.0
MAT -1.31188e-006 1.31177e-006 1.0 0.0
MAT 1.0 -1.19209e-007 1.31095e-006 0.0
MAT 0.0 0.0 0.0 1.0
WORLDTM 
MAT 0.129324 0.99153 -0.0119869 0.0
MAT 0.049362 0.00563615 0.998765 0.0
MAT 0.990373 -0.129756 -0.048215 0.0
MAT -1.35796e-007 48.5539 2.04639e-006 1.0
VERTEX = 9
-0.420041 55.4241 0.240102
0.0653418 55.3042 0.235352
0.0672375 55.3316 -0.26389
-0.418145 55.4516 -0.25914
2.53115 66.4156 0.630277
2.57969 66.4036 0.629802
2.57988 66.4064 0.579878
2.53134 66.4184 0.580353
-0.236401 55.1356 -0.025444
INDEX = 14
4 5 7
6 7 5
1 2 5
6 5 2
0 1 4
5 4 1
7 6 3
2 3 6
4 7 0
3 0 7
8 1 0
8 2 1
8 3 2
8 0 3
FACE-NORMAL = 14
0.239998 0.969259 0.0542009
0.239998 0.969259 0.0542009
0.975319 -0.220638 -0.0084272
0.975319 -0.220638 -0.0084272
0.000952273 -0.0357308 0.999361
0.000952275 -0.0357308 0.999361
0.00853359 0.0740405 -0.997219
0.00853359 0.0740405 -0.997219
-0.965833 0.258948 0.0105695
-0.965833 0.258948 0.0105695
-0.172385 -0.724187 0.66771
0.516731 -0.854962 -0.0450434
-0.167023 -0.646552 -0.744361
-0.85614 -0.515777 -0.0316081
BONE = 4
BONE_NAME = Bip01-Spine
PARENT_ID = 3
LOCALTM 
MAT 0.991437 0.0714436 0.109307 0.0
MAT -0.0668905 0.996755 -0.0447738 0.0
MAT -0.112152 0.0370787 0.992999 0.0
MAT 6.49566 1.14143e-005 -1.08691 1.0
WORLDTM 
MAT 0.239998 0.969259 0.0542009 0.0
MAT -0.0037914 -0.0548964 0.998485 0.0
MAT 0.970766 -0.23984 -0.0095002 0.0
MAT -0.236401 55.1356 -0.025444 1.0
VERTEX = 9
2.4208 66.7306 0.874727
2.87535 66.5229 0.859752
2.8721 66.5518 0.360598
2.41756 66.7595 0.375573
12.1973 87.5124 1.78842
12.2428 87.4916 1.78693
12.2425 87.4945 1.73701
12.197 87.5153 1.73851
2.54231 66.4143 0.605207
INDEX = 14
4 5 7
6 7 5
1 2 5
6 5 2
0 1 4
5 4 1
7 6 3
2 3 6
4 7 0
3 0 7
8 1 0
8 2 1
8 3 2
8 0 3
FACE-NORMAL = 14
0.416554 0.907745 0.0498229
0.416554 0.907745 0.0498229
0.913122 -0.40662 -0.0294605
0.913122 -0.40662 -0.0294605
0.0105616 -0.0488798 0.998749
0.0105616 -0.0488798 0.998749
-0.00240578 0.0666527 -0.997773
-0.00240578 0.0666527 -0.997773
-0.904966 0.424393 0.030436
-0.904966 0.424393 0.030436
-0.289963 -0.682721 0.670681
0.348274 -0.935694 -0.0564077
-0.299133 -0.601024 -0.741141
-0.93737 -0.348051 -0.0140524
BONE = 5
BONE_NAME = Bip01-Spine1
PARENT_ID = 4
LOCALTM 
MAT 0.982513 -0.00166384 0.186189 0.0
MAT -0.000327811 0.999943 0.0106656 0.0
MAT -0.186196 -0.0105402 0.982456 0.0
MAT 11.633 7.15256e-007 -0.0135927 1.0
WORLDTM 
MAT 0.416554 0.907745 0.0498229 0.0
MAT 0.00648398 -0.0577691 0.998309 0.0
MAT 0.909088 -0.415526 -0.0299497 0.0
MAT 2.54231 66.4143 0.605207 1.0
VERTEX = 9
11.6586 88.0174 2.054
12.1138 87.8139 2.01581
12.0859 87.8452 1.51757
11.6308 88.0486 1.55576
14.356 93.5055 2.02202
14.4015 93.4851 2.0182
14.3988 93.4883 1.96837
14.3532 93.5086 1.97219
11.7697 87.7034 1.77721
INDEX = 14
4 5 7
6 7 5
1 2 5
6 5 2
0 1 4
5 4 1
7 6 3
2 3 6
4 7 0
3 0 7
8 1 0
8 2 1
8 3 2
8 0 3
FACE-NORMAL = 14
0.410203 0.911349 0.0342902
0.410203 0.911349 0.0342902
0.92478 -0.373025 -0.075058
0.92478 -0.373025 -0.075058
0.0707158 -0.0289458 0.997076
0.0707158 -0.0289458 0.997076
-0.04051 0.096054 -0.994551
-0.04051 0.096054 -0.994551
-0.894575 0.440133 0.077583
-0.894575 0.440133 0.077583
-0.250706 -0.688645 0.680378
0.353618 -0.932111 -0.0782501
-0.329408 -0.600197 -0.728871
-0.933733 -0.356731 0.0297565
BONE = 6
BONE_NAME = Bip01-Neck
PARENT_ID = 5
LOCALTM 
MAT 0.999853 -0.0157558 -0.00680593 0.0
MAT 0.016057 0.998778 0.0467347 0.0
MAT 0.00606123 -0.0468371 0.998884 0.0
MAT 23.2273 -2.6226e-006 -0.492785 1.0
WORLDTM 
MAT 0.410203 0.91135 0.0342902 0.0
MAT 0.0556506 -0.0625423 0.99649 0.0
MAT 0.910295 -0.406855 -0.0763722 0.0
MAT 11.7697 87.7034 1.77721 1.0
VERTEX = 9
14.1515 93.7435 2.27023
14.6503 93.7135 2.25228
14.6344 93.7481 1.75373
14.1357 93.7781 1.77168
15.5226 112.177 3.28068
15.5725 112.174 3.27889
15.5709 112.178 3.22903
15.521 112.181 3.23083
14.3774 93.4969 1.99519
INDEX = 14
4 5 7
6 7 5
1 2 5
6 5 2
0 1 4
5 4 1
7 6 3
2 3 6
4 7 0
3 0 7
8 1 0
8 2 1
8 3 2
8 0 3
FACE-NORMAL = 14
0.0623324 0.995794 0.0671473
0.0623324 0.995794 0.0671473
0.998236 -0.0479144 -0.035066
0.998236 -0.0479144 -0.035066
0.0324588 -0.0571108 0.99784
0.0324588 -0.0571108 0.99784
-0.0309435 0.0813183 -0.996208
-0.0309435 0.0813183 -0.996208
-0.99672 0.0721219 0.0366983
-0.99672 0.0721219 0.0366983
-0.0216579 -0.753078 0.657574
0.6613 -0.746575 -0.0728547
-0.0664934 -0.655187 -0.752535
-0.749451 -0.66169 -0.0221059
BONE = 7
BONE_NAME = Bip01-Head
PARENT_ID = 6
LOCALTM 
MAT 0.935388 0.00810114 -0.353531 0.0
MAT -0.0158877 0.999691 -0.0191287 0.0
MAT 0.353267 0.0235095 0.935227 0.0
MAT 6.35698 4.76837e-007 5.72205e-006 1.0
WORLDTM 
MAT 0.0623324 0.995794 0.0671473 0.0
MAT 0.0317035 -0.0692197 0.997098 0.0
MAT 0.997552 -0.0600226 -0.0358848 0.0
MAT 14.3774 93.4969 1.99519 1.0
VERTEX = 9
15.3209 112.424 3.52989
15.8196 112.394 3.51195
15.8038 112.429 3.0134
15.305 112.459 3.03134
15.7719 116.161 3.54927
15.8218 116.158 3.54748
15.8202 116.161 3.49762
15.7703 116.164 3.49942
15.5467 112.178 3.25486
INDEX = 14
4 5 7
6 7 5
1 2 5
6 5 2
0 1 4
5 4 1
7 6 3
2 3 6
4 7 0
3 0 7
8 1 0
8 2 1
8 3 2
8 0 3
FACE-NORMAL = 14
0.0623324 0.995794 0.0671473
0.0623324 0.995794 0.0671473
0.999494 -0.000274427 -0.0317987
0.999494 -0.00027442 -0.0317987
0.0353798 -0.009455 0.999329
0.0353798 -0.00945499 0.999329
-0.0279133 0.128736 -0.991286
-0.0279133 0.128736 -0.991286
-0.992028 0.119555 0.039842
-0.992028 0.119555 0.039842
-0.0216579 -0.753078 0.657574
0.6613 -0.746575 -0.0728547
-0.0664934 -0.655187 -0.752535
-0.749451 -0.66169 -0.0221059
BONE = 8
BONE_NAME = Bip01-HeadNub
PARENT_ID = 7
LOCALTM 
MAT 1.0 0.0 0.0 0.0
MAT 0.0 1.0 0.0 0.0
MAT 0.0 0.0 1.0 0.0
MAT 18.7597 0.0 3.8147e-006 1.0
WORLDTM 
MAT 0.0623324 0.995794 0.0671473 0.0
MAT 0.0317035 -0.0692197 0.997098 0.0
MAT 0.997552 -0.0600226 -0.0358848 0.0
MAT 15.5467 112.178 3.25486 1.0
VERTEX = 9
25.0673 105.144 2.20445
25.0673 105.144 2.70445
25.0673 104.644 2.70445
25.0673 104.644 2.20445
28.8173 104.919 2.42945
28.8173 104.919 2.47945
28.8173 104.869 2.47945
28.8173 104.869 2.42945
24.8173 104.894 2.45445
INDEX = 14
4 5 7
6 7 5
1 2 5
6 5 2
0 1 4
5 4 1
7 6 3
2 3 6
4 7 0
3 0 7
8 1 0
8 2 1
8 3 2
8 0 3
FACE-NORMAL = 14
1.0 6.48201e-007 -7.71135e-007
1.0 6.48201e-007 -7.71135e-007
0.0598932 0.0 0.998205
0.0598932 0.0 0.998205
0.0598918 0.998205 0.0
0.0598919 0.998205 0.0
0.0598928 -0.998205 0.0
0.0598927 -0.998205 0.0
0.0598914 0.0 -0.998205
0.0598914 0.0 -0.998205
-0.707107 0.707106 5.24202e-007
-0.707106 -4.7942e-007 0.707107
-0.707106 -0.707107 5.66348e-007
-0.707107 -4.37274e-007 -0.707106
BONE = 9
BONE_NAME = FxTop
PARENT_ID = 7
LOCALTM 
MAT 0.0623329 0.0317027 0.997552 0.0
MAT 0.995794 -0.0692197 -0.0600231 0.0
MAT 0.0671473 0.997097 -0.0358839 0.0
MAT 12.0303 3.33786e-005 9.71385 1.0
WORLDTM 
MAT 1.0 6.48201e-007 -7.71135e-007 0.0
MAT -4.54485e-007 1.0 0.0 0.0
MAT 8.75443e-007 0.0 1.0 0.0
MAT 24.8173 104.894 2.45445 1.0
VERTEX = 9
9.00385 82.943 8.91202
8.56221 83.1512 8.8042
8.33818 82.7087 8.86756
8.77982 82.5005 8.97538
7.82027 84.1728 15.0905
7.77611 84.1936 15.0798
7.75371 84.1493 15.0861
7.79787 84.1285 15.0969
8.70553 82.7737 8.64774
INDEX = 14
4 5 7
6 7 5
1 2 5
6 5 2
0 1 4
5 4 1
7 6 3
2 3 6
4 7 0
3 0 7
8 1 0
8 2 1
8 3 2
8 0 3
FACE-NORMAL = 14
-0.138085 0.208558 0.968213
-0.138085 0.208558 0.968213
-0.887583 0.423381 -0.181507
-0.887583 0.423381 -0.181507
0.442928 0.891758 -0.0926429
0.442928 0.891758 -0.0926429
-0.452628 -0.877107 0.160657
-0.452628 -0.877107 0.160657
0.877883 -0.408731 0.249521
0.877883 -0.408731 0.249521
0.414463 0.478302 -0.77424
-0.526931 0.146905 -0.837116
-0.219182 -0.773247 -0.59502
0.722212 -0.44185 -0.532144
BONE = 10
BONE_NAME = Bip01-L-Clavicle
PARENT_ID = 6
LOCALTM 
MAT 0.166626 0.944086 -0.284495 0.0
MAT 0.985972 -0.156697 0.0574821 0.0
MAT 0.0096885 -0.290082 -0.956952 0.0
MAT -5.51405 6.9842 -1.30836 1.0
WORLDTM 
MAT -0.138085 0.208558 0.968213 0.0
MAT 0.448054 0.884979 -0.126728 0.0
MAT -0.883278 0.416313 -0.215647 0.0
MAT 8.70553 82.7737 8.64774 1.0
VERTEX = 9
8.07763 84.1721 15.4091
7.73274 84.5229 15.3199
7.38749 84.1671 15.2552
7.73237 83.8162 15.3445
2.60454 84.9778 38.4696
2.57006 85.0129 38.4607
2.53553 84.9773 38.4543
2.57002 84.9422 38.4632
7.78699 84.161 15.0883
INDEX = 14
4 5 7
6 7 5
1 2 5
6 5 2
0 1 4
5 4 1
7 6 3
2 3 6
4 7 0
3 0 7
8 1 0
8 2 1
8 3 2
8 0 3
FACE-NORMAL = 14
-0.217712 0.034075 0.975418
-0.217712 0.034075 0.975418
-0.691813 0.701972 -0.169207
-0.691813 0.701972 -0.169207
0.688416 0.711968 0.138509
0.688416 0.711968 0.138509
-0.692547 -0.711322 -0.119999
-0.692547 -0.711322 -0.119999
0.687681 -0.701325 0.187717
0.687681 -0.701325 0.187717
0.642211 0.479137 -0.598324
-0.333801 0.472068 -0.815922
-0.334321 -0.527326 -0.781125
0.641692 -0.520257 -0.563528
BONE = 11
BONE_NAME = Bip01-L-UpperArm
PARENT_ID = 10
LOCALTM 
MAT 0.981582 -0.191004 -0.00386038 0.0
MAT 0.178228 0.922825 -0.341509 0.0
MAT 0.068792 0.334531 0.939871 0.0
MAT 6.65203 -7.62939e-006 3.8147e-006 1.0
WORLDTM 
MAT -0.217712 0.034075 0.975418 0.0
MAT 0.690513 0.711677 0.12926 0.0
MAT -0.689778 0.70168 -0.17847 0.0
MAT 7.78699 84.161 15.0883 1.0
VERTEX = 9
2.98864 84.9417 38.3572
2.8126 85.029 38.8169
2.46735 84.6732 38.7523
2.64338 84.5859 38.2925
14.9461 71.6908 45.6959
14.9285 71.6995 45.7419
14.894 71.6639 45.7354
14.9116 71.6552 45.6894
2.57003 84.9776 38.4619
INDEX = 14
4 5 7
6 7 5
1 2 5
6 5 2
0 1 4
5 4 1
7 6 3
2 3 6
4 7 0
3 0 7
8 1 0
8 2 1
8 3 2
8 0 3
FACE-NORMAL = 14
0.631853 -0.680467 0.371114
0.631853 -0.680467 0.371114
-0.344679 0.16664 0.923811
-0.344679 0.16664 0.923811
0.697833 0.703695 0.133578
0.697833 0.703695 0.133578
-0.683098 -0.719563 -0.124924
-0.683098 -0.719563 -0.124924
0.359414 -0.182508 -0.915157
0.359414 -0.182508 -0.915157
0.0414783 0.984395 -0.171017
-0.695739 0.604614 0.3878
-0.935054 -0.0220688 -0.353818
-0.197836 0.357712 -0.912635
BONE = 12
BONE_NAME = Bip01-L-Forearm
PARENT_ID = 11
LOCALTM 
MAT 0.201243 0.0 -0.979542 0.0
MAT 0.0 1.0 2.08616e-007 0.0
MAT 0.979542 0.0 0.201243 0.0
MAT 23.9627 0.0 1.52588e-005 1.0
WORLDTM 
MAT 0.631853 -0.680467 0.371114 0.0
MAT 0.690512 0.711677 0.12926 0.0
MAT -0.35207 0.174586 0.919547 0.0
MAT 2.57003 84.9776 38.4619 1.0
VERTEX = 9
15.107 71.7404 46.1011
15.0619 71.2988 45.8709
15.2089 71.5078 45.4412
15.254 71.9494 45.6713
24.8181 69.4729 48.059
24.8136 69.4287 48.036
24.8283 69.4496 47.993
24.8328 69.4938 48.016
14.9201 71.6774 45.7156
INDEX = 14
4 5 7
6 7 5
1 2 5
6 5 2
0 1 4
5 4 1
7 6 3
2 3 6
4 7 0
3 0 7
8 1 0
8 2 1
8 3 2
8 0 3
FACE-NORMAL = 14
0.951517 -0.212928 0.221984
0.951517 -0.212928 0.221984
-0.0691409 -0.887647 -0.455305
-0.0691409 -0.887647 -0.455305
-0.272919 -0.422597 0.864249
-0.272919 -0.422597 0.864249
0.315062 0.413167 -0.854418
0.315062 0.413167 -0.854418
0.111284 0.878216 0.465137
0.111284 0.878216 0.465137
-0.880758 -0.144997 0.450823
-0.73663 -0.473918 -0.482471
-0.464891 0.446122 -0.764756
-0.609019 0.775043 0.168539
BONE = 13
BONE_NAME = Bip01-L-Hand
PARENT_ID = 12
LOCALTM 
MAT 0.828491 0.534193 -0.168051 0.0
MAT 0.417609 -0.389419 0.820948 0.0
MAT 0.373102 -0.750327 -0.545714 0.0
MAT 19.5457 -7.62939e-006 0.0 1.0
WORLDTM 
MAT 0.951517 -0.212928 0.221984 0.0
MAT -0.294062 -0.417985 0.859545 0.0
MAT -0.0902346 -0.883149 -0.460334 0.0
MAT 14.9201 71.6774 45.7156 1.0
VERTEX = 9
22.7294 69.9804 38.8898
23.1067 69.7546 39.1278
22.9599 69.314 38.9426
22.5826 69.5398 38.7046
25.0335 70.2046 35.9226
25.0712 70.1821 35.9464
25.0566 70.138 35.9278
25.0188 70.1606 35.904
22.698 69.6123 39.1156
INDEX = 14
4 5 7
6 7 5
1 2 5
6 5 2
0 1 4
5 4 1
7 6 3
2 3 6
4 7 0
3 0 7
8 1 0
8 2 1
8 3 2
8 0 3
FACE-NORMAL = 14
0.586767 0.13976 -0.797603
0.586767 0.13976 -0.797603
0.788437 -0.442355 0.427422
0.788437 -0.442355 0.427422
0.328229 0.888028 0.321981
0.32823 0.888028 0.321981
-0.257944 -0.871287 -0.417521
-0.257944 -0.871287 -0.417521
-0.718151 0.459096 -0.522963
-0.718151 0.459096 -0.522963
-0.207291 0.524305 0.825915
0.11871 -0.418109 0.900607
-0.622523 -0.721956 0.302067
-0.948524 0.220459 0.227375
BONE = 14
BONE_NAME = Bip01-L-Finger0
PARENT_ID = 13
LOCALTM 
MAT 0.351505 -0.916539 0.190788 0.0
MAT 0.173965 -0.136296 -0.975274 0.0
MAT 0.919881 0.376004 0.111537 0.0
MAT 6.37543 -7.09703 4.16016 1.0
WORLDTM 
MAT 0.586767 0.13976 -0.797604 0.0
MAT 0.293614 0.88124 0.370416 0.0
MAT 0.754649 -0.451536 0.476047 0.0
MAT 22.698 69.6123 39.1156 1.0
VERTEX = 9
25.0714 70.3732 36.099
25.1154 70.1678 36.5527
24.9686 69.7272 36.3675
24.9245 69.9326 35.9137
28.5946 69.2056 35.4767
28.599 69.185 35.522
28.5843 69.141 35.5035
28.5799 69.1615 35.4581
24.782 70.1087 36.2828
INDEX = 14
4 5 7
6 7 5
1 2 5
6 5 2
0 1 4
5 4 1
7 6 3
2 3 6
4 7 0
3 0 7
8 1 0
8 2 1
8 3 2
8 0 3
FACE-NORMAL = 14
0.951864 -0.233847 -0.19817
0.951864 -0.233847 -0.19817
0.144865 -0.424039 0.893983
0.144865 -0.424039 0.893983
0.350096 0.865652 0.357882
0.350096 0.865652 0.357882
-0.236077 -0.893663 -0.38162
-0.236077 -0.893663 -0.38162
-0.0308467 0.396028 -0.91772
-0.0308468 0.396028 -0.91772
-0.465453 0.788485 0.402051
-0.610834 -0.125104 0.781813
-0.880686 -0.457776 -0.121797
-0.735305 0.455814 -0.501559
BONE = 15
BONE_NAME = Bip01-L-Finger01
PARENT_ID = 14
LOCALTM 
MAT 0.683901 0.0 0.729575 0.0
MAT 0.0 1.0 -1.19209e-007 0.0
MAT -0.729575 1.19209e-007 0.683901 0.0
MAT 3.5517 0.0 1.90735e-006 1.0
WORLDTM 
MAT 0.951864 -0.233847 -0.19817 0.0
MAT 0.293614 0.88124 0.370416 0.0
MAT 0.0880141 -0.410771 0.907481 0.0
MAT 24.782 70.1087 36.2828 1.0
VERTEX = 9
28.3866 69.4064 35.771
27.9597 69.4402 36.0291
27.8129 68.9996 35.8439
28.2398 68.9658 35.5858
31.3675 65.6978 41.6237
31.3248 65.7012 41.6496
31.3101 65.6571 41.631
31.3528 65.6538 41.6052
27.9923 69.32 35.6144
INDEX = 14
4 5 7
6 7 5
1 2 5
6 5 2
0 1 4
5 4 1
7 6 3
2 3 6
4 7 0
3 0 7
8 1 0
8 2 1
8 3 2
8 0 3
FACE-NORMAL = 14
0.429808 -0.46782 0.772276
0.429808 -0.46782 0.772276
-0.84064 0.0535516 0.53894
-0.84064 0.0535516 0.53894
0.30631 0.866886 0.393298
0.30631 0.866886 0.393298
-0.280656 -0.894808 -0.347204
-0.280656 -0.894808 -0.347204
0.866294 -0.081474 -0.492845
0.866294 -0.081474 -0.492846
-0.0963041 0.953929 -0.284158
-0.907682 0.378558 -0.181128
-0.511537 -0.292332 -0.808005
0.299841 0.283038 -0.911035
BONE = 16
BONE_NAME = Bip01-L-Finger02
PARENT_ID = 15
LOCALTM 
MAT 0.365476 0.0 0.930821 0.0
MAT 0.0 1.0 0.0 0.0
MAT -0.930821 0.0 0.365476 0.0
MAT 3.37267 -7.62939e-006 -3.8147e-006 1.0
WORLDTM 
MAT 0.429809 -0.46782 0.772276 0.0
MAT 0.293614 0.88124 0.370416 0.0
MAT -0.853848 0.067543 0.516123 0.0
MAT 27.9923 69.32 35.6144 1.0
VERTEX = 9
31.7331 65.7639 41.784
31.3062 65.7977 42.0421
31.1594 65.3571 41.8569
31.5863 65.3233 41.5988
33.0867 63.8265 44.7128
33.0441 63.8299 44.7387
33.0294 63.7859 44.7201
33.0721 63.7825 44.6943
31.3388 65.6775 41.6274
INDEX = 14
4 5 7
6 7 5
1 2 5
6 5 2
0 1 4
5 4 1
7 6 3
2 3 6
4 7 0
3 0 7
8 1 0
8 2 1
8 3 2
8 0 3
FACE-NORMAL = 14
0.429808 -0.46782 0.772276
0.429808 -0.46782 0.772276
-0.826572 0.0394029 0.561449
-0.826572 0.0394029 0.561449
0.318829 0.851639 0.416004
0.318829 0.851639 0.416004
-0.267344 -0.907676 -0.323498
-0.267344 -0.907676 -0.323498
0.878057 -0.0954405 -0.468943
0.878057 -0.0954405 -0.468943
-0.0963041 0.953929 -0.284158
-0.907682 0.378558 -0.181128
-0.511537 -0.292332 -0.808005
0.299841 0.283038 -0.911035
BONE = 17
BONE_NAME = Bip01-L-Finger0Nub
PARENT_ID = 16
LOCALTM 
MAT 1.0 0.0 0.0 0.0
MAT 0.0 1.0 0.0 0.0
MAT 0.0 0.0 1.0 0.0
MAT 7.78607 -7.62939e-006 -4.29153e-006 1.0
WORLDTM 
MAT 0.429809 -0.46782 0.772276 0.0
MAT 0.293614 0.88124 0.370416 0.0
MAT -0.853848 0.067543 0.516123 0.0
MAT 31.3388 65.6775 41.6274 1.0
VERTEX = 9
29.6867 70.8289 46.0037
29.8292 70.4004 45.789
29.8945 70.6396 45.3548
29.752 71.0681 45.5695
34.4511 71.6845 46.9325
34.4653 71.6417 46.911
34.4719 71.6656 46.8676
34.4576 71.7085 46.889
29.5532 70.6864 45.6172
INDEX = 14
4 5 7
6 7 5
1 2 5
6 5 2
0 1 4
5 4 1
7 6 3
2 3 6
4 7 0
3 0 7
8 1 0
8 2 1
8 3 2
8 0 3
FACE-NORMAL = 14
0.949637 0.191284 0.248193
0.949637 0.191284 0.248193
0.327937 -0.847429 -0.417518
0.327937 -0.847429 -0.417518
-0.0870664 -0.469141 0.878821
-0.0870664 -0.469141 0.878821
0.173857 0.486623 -0.856138
0.173857 0.486623 -0.856138
-0.241147 0.864911 0.440201
-0.241147 0.864911 0.440201
-0.763842 -0.473525 0.438543
-0.470083 -0.741295 -0.479066
-0.579148 0.203009 -0.789541
-0.872907 0.470779 0.128067
BONE = 18
BONE_NAME = Bip01-L-Finger1
PARENT_ID = 13
LOCALTM 
MAT 0.917962 -0.145873 -0.368874 0.0
MAT 0.170362 0.984777 0.0345192 0.0
MAT 0.358223 -0.0945294 0.928838 0.0
MAT 14.1128 -3.97346 -0.399956 1.0
WORLDTM 
MAT 0.949637 0.191284 0.248193 0.0
MAT -0.130598 -0.478382 0.868387 0.0
MAT 0.28484 -0.857066 -0.429308 0.0
MAT 29.5532 70.6864 45.6172 1.0
VERTEX = 9
34.6682 71.7665 47.2694
34.6849 71.3278 47.0302
34.7502 71.5669 46.596
34.7335 72.0057 46.8352
39.0066 71.5316 47.5333
39.0083 71.4877 47.5094
39.0148 71.5117 47.466
39.0131 71.5555 47.4899
34.4615 71.6751 46.9
INDEX = 14
4 5 7
6 7 5
1 2 5
6 5 2
0 1 4
5 4 1
7 6 3
2 3 6
4 7 0
3 0 7
8 1 0
8 2 1
8 3 2
8 0 3
FACE-NORMAL = 14
0.990871 -0.0334213 0.130607
0.990871 -0.0334213 0.130607
0.0847005 -0.878069 -0.470978
0.0847006 -0.878069 -0.470978
-0.0791354 -0.479471 0.873983
-0.0791353 -0.479471 0.873983
0.181711 0.476011 -0.860462
0.181711 0.476011 -0.860462
0.017875 0.874609 0.484498
0.0178749 0.874609 0.484498
-0.792998 -0.314635 0.521688
-0.676993 -0.596865 -0.430619
-0.608305 0.3619 -0.706395
-0.72431 0.64413 0.245912
BONE = 19
BONE_NAME = Bip01-L-Finger11
PARENT_ID = 18
LOCALTM 
MAT 0.96699 0.0 0.254813 0.0
MAT 0.0 1.0 0.0 0.0
MAT -0.254813 -1.49012e-007 0.96699 0.0
MAT 5.16861 3.8147e-006 0.0 1.0
WORLDTM 
MAT 0.990871 -0.0334214 0.130607 0.0
MAT -0.130598 -0.478382 0.868387 0.0
MAT 0.0334577 -0.877516 -0.47838 0.0
MAT 34.4615 71.6751 46.9 1.0
VERTEX = 9
39.2788 71.2239 47.6638
38.798 71.1478 47.5496
38.8633 71.387 47.1154
39.3441 71.4631 47.2296
40.7334 65.4188 44.4255
40.6853 65.4112 44.4141
40.6919 65.4351 44.3707
40.7399 65.4427 44.3821
39.0107 71.5216 47.4997
INDEX = 14
4 5 7
6 7 5
1 2 5
6 5 2
0 1 4
5 4 1
7 6 3
2 3 6
4 7 0
3 0 7
8 1 0
8 2 1
8 3 2
8 0 3
FACE-NORMAL = 14
0.241507 -0.864854 -0.440115
0.241507 -0.864854 -0.440115
-0.953054 -0.180773 -0.242917
-0.953054 -0.180773 -0.242917
-0.122537 -0.506733 0.85335
-0.122537 -0.506733 0.85335
0.138517 0.449507 -0.882472
0.138517 0.449507 -0.882472
0.969034 0.123547 0.213795
0.969034 0.123547 0.213795
-0.263118 0.273277 0.92525
-0.850705 0.503892 0.149648
-0.0784245 0.949811 -0.302833
0.509162 0.719197 0.472769
BONE = 20
BONE_NAME = Bip01-L-Finger12
PARENT_ID = 19
LOCALTM 
MAT 0.210725 0.0 0.977545 0.0
MAT 0.0 1.0 0.0 0.0
MAT -0.977545 0.0 0.210725 0.0
MAT 4.59114 0.0 0.0 1.0
WORLDTM 
MAT 0.241507 -0.864855 -0.440116 0.0
MAT -0.130598 -0.478382 0.868387 0.0
MAT -0.961571 -0.152243 -0.228481 0.0
MAT 39.0107 71.5216 47.4997 1.0
VERTEX = 9
40.9808 65.1292 44.5623
40.5 65.0531 44.4481
40.5653 65.2923 44.0139
41.0461 65.3684 44.1281
41.6994 61.9594 42.6651
41.6514 61.9518 42.6537
41.6579 61.9757 42.6102
41.706 61.9833 42.6217
40.7126 65.4269 44.3981
INDEX = 14
4 5 7
6 7 5
1 2 5
6 5 2
0 1 4
5 4 1
7 6 3
2 3 6
4 7 0
3 0 7
8 1 0
8 2 1
8 3 2
8 0 3
FACE-NORMAL = 14
0.241507 -0.864854 -0.440115
0.241507 -0.864854 -0.440115
-0.94538 -0.203768 -0.25443
-0.94538 -0.203768 -0.25443
-0.115899 -0.529321 0.840468
-0.115899 -0.529321 0.840468
0.144828 0.425725 -0.893187
0.144828 0.425725 -0.893187
0.974309 0.100172 0.201711
0.974309 0.100172 0.201711
-0.263118 0.273277 0.92525
-0.850705 0.503892 0.149648
-0.0784244 0.949811 -0.302833
0.509162 0.719196 0.472769
BONE = 21
BONE_NAME = Bip01-L-Finger1Nub
PARENT_ID = 20
LOCALTM 
MAT 1.0 0.0 0.0 0.0
MAT 0.0 1.0 0.0 0.0
MAT 0.0 0.0 1.0 0.0
MAT 7.04708 0.0 3.8147e-006 1.0
WORLDTM 
MAT 0.241507 -0.864855 -0.440116 0.0
MAT -0.130598 -0.478382 0.868387 0.0
MAT -0.961571 -0.152243 -0.228481 0.0
MAT 40.7126 65.4269 44.3981 1.0
VERTEX = 9
28.5719 68.7049 50.3605
28.9666 68.4016 50.3141
29.0857 68.6227 49.8818
28.691 68.926 49.9282
31.3619 71.6565 52.379
31.4014 71.6261 52.3743
31.4133 71.6483 52.3311
31.3738 71.6786 52.3357
28.6874 68.4987 49.9977
INDEX = 14
4 5 7
6 7 5
1 2 5
6 5 2
0 1 4
5 4 1
7 6 3
2 3 6
4 7 0
3 0 7
8 1 0
8 2 1
8 3 2
8 0 3
FACE-NORMAL = 14
0.565568 0.66056 0.493754
0.565568 0.66056 0.493754
0.816668 -0.573065 -0.068187
0.816668 -0.573065 -0.068187
-0.209819 -0.408987 0.888091
-0.209819 -0.408987 0.888091
0.266003 0.474608 -0.839041
0.266003 0.474608 -0.839041
-0.760484 0.638685 0.117237
-0.760484 0.638685 0.117237
-0.568353 -0.779871 0.262251
0.15838 -0.896034 -0.414775
-0.23148 -0.154303 -0.960525
-0.958214 -0.0381389 -0.283499
BONE = 22
BONE_NAME = Bip01-L-Finger2
PARENT_ID = 13
LOCALTM 
MAT 0.507102 -0.018013 -0.861698 0.0
MAT 0.0594652 0.998131 0.0141296 0.0
MAT 0.859832 -0.0584061 0.507225 0.0
MAT 14.7272 0.960806 -0.406219 1.0
WORLDTM 
MAT 0.565568 0.660561 0.493754 0.0
MAT -0.238206 -0.442344 0.864634 0.0
MAT 0.789551 -0.606624 -0.0928265 0.0
MAT 28.6874 68.4987 49.9977 1.0
VERTEX = 9
31.6078 71.693 52.7256
31.5271 71.2631 52.4834
31.6462 71.4842 52.0511
31.7269 71.9141 52.2933
36.1099 70.4048 53.0466
36.1018 70.3618 53.0224
36.1137 70.3839 52.9792
36.1218 70.4269 53.0034
31.3876 71.6524 52.355
INDEX = 14
4 5 7
6 7 5
1 2 5
6 5 2
0 1 4
5 4 1
7 6 3
2 3 6
4 7 0
3 0 7
8 1 0
8 2 1
8 3 2
8 0 3
FACE-NORMAL = 14
0.957691 -0.25503 0.13337
0.957691 -0.25503 0.13337
-0.115364 -0.871069 -0.477419
-0.115364 -0.871069 -0.477419
-0.19197 -0.454073 0.870037
-0.19197 -0.454073 0.870037
0.283892 0.429594 -0.857236
0.283892 0.429594 -0.857236
0.207287 0.846591 0.490221
0.207287 0.846591 0.490221
-0.845627 -0.13245 0.517081
-0.791396 -0.427652 -0.436814
-0.508753 0.493118 -0.705695
-0.562984 0.788319 0.2482
BONE = 23
BONE_NAME = Bip01-L-Finger21
PARENT_ID = 22
LOCALTM 
MAT 0.439029 0.0 0.898473 0.0
MAT 0.0 1.0 0.0 0.0
MAT -0.898473 0.0 0.439029 0.0
MAT 4.77427 0.0 7.62939e-006 1.0
WORLDTM 
MAT 0.957691 -0.25503 0.13337 0.0
MAT -0.238206 -0.442344 0.864634 0.0
MAT -0.161512 -0.859821 -0.484378 0.0
MAT 31.3876 71.6524 52.355 1.0
VERTEX = 9
36.2674 70.0144 53.1506
35.7846 70.1164 53.0697
35.9037 70.3376 52.6374
36.3865 70.2356 52.7182
35.4336 64.5806 49.8807
35.3853 64.5908 49.8727
35.3972 64.613 49.8294
35.4455 64.6028 49.8375
36.1118 70.3943 53.0129
INDEX = 14
4 5 7
6 7 5
1 2 5
6 5 2
0 1 4
5 4 1
7 6 3
2 3 6
4 7 0
3 0 7
8 1 0
8 2 1
8 3 2
8 0 3
FACE-NORMAL = 14
-0.104902 -0.873333 -0.475695
-0.104902 -0.873333 -0.475695
-0.968627 0.173148 -0.178274
-0.968627 0.173148 -0.178274
-0.24175 -0.472809 0.847354
-0.24175 -0.472809 0.847354
0.234366 0.411329 -0.880841
0.234365 0.411329 -0.880841
0.961242 -0.234628 0.144786
0.961242 -0.234628 0.144786
-0.09426 0.304756 0.947755
-0.608558 0.7618 0.222077
0.242613 0.930324 -0.275021
0.756912 0.473279 0.450657
BONE = 24
BONE_NAME = Bip01-L-Finger22
PARENT_ID = 23
LOCALTM 
MAT 0.0588191 0.0 0.998269 0.0
MAT 0.0 1.0 0.0 0.0
MAT -0.998269 0.0 0.0588191 0.0
MAT 4.93291 1.90735e-006 1.52588e-005 1.0
WORLDTM 
MAT -0.104902 -0.873334 -0.475695 0.0
MAT -0.238206 -0.442344 0.864634 0.0
MAT -0.965533 0.204015 -0.16163 0.0
MAT 36.1118 70.3943 53.0129 1.0
VERTEX = 9
35.571 64.2169 49.9927
35.0882 64.3189 49.9119
35.2073 64.5401 49.4796
35.6901 64.438 49.5604
35.014 61.0873 47.978
34.9657 61.0975 47.9699
34.9776 61.1196 47.9267
35.0259 61.1094 47.9347
35.4154 64.5968 49.8551
INDEX = 14
4 5 7
6 7 5
1 2 5
6 5 2
0 1 4
5 4 1
7 6 3
2 3 6
4 7 0
3 0 7
8 1 0
8 2 1
8 3 2
8 0 3
FACE-NORMAL = 14
-0.104902 -0.873333 -0.475695
-0.104902 -0.873333 -0.475695
-0.970082 0.151343 -0.18983
-0.970082 0.151343 -0.18983
-0.244061 -0.493855 0.834591
-0.244061 -0.493855 0.83459
0.231495 0.389243 -0.891571
0.231495 0.389243 -0.891571
0.957517 -0.255955 0.132849
0.957517 -0.255955 0.132849
-0.09426 0.304756 0.947755
-0.608558 0.7618 0.222077
0.242613 0.930324 -0.275021
0.756912 0.473279 0.450657
BONE = 25
BONE_NAME = Bip01-L-Finger2Nub
PARENT_ID = 24
LOCALTM 
MAT 1.0 0.0 0.0 0.0
MAT 0.0 1.0 0.0 0.0
MAT 0.0 0.0 1.0 0.0
MAT 6.63837 1.90735e-006 -1.90735e-006 1.0
WORLDTM 
MAT -0.104902 -0.873334 -0.475695 0.0
MAT -0.238206 -0.442344 0.864634 0.0
MAT -0.965533 0.204015 -0.16163 0.0
MAT 35.4154 64.5968 49.8551 1.0
VERTEX = 9
26.6956 66.2256 53.9277
26.5818 65.9025 53.5634
26.8597 66.1667 53.2424
26.9734 66.4897 53.6067
30.8316 63.4009 54.8328
30.8202 63.3686 54.7964
30.848 63.395 54.7643
30.8594 63.4273 54.8007
26.5777 66.3339 53.5253
INDEX = 14
4 5 7
6 7 5
1 2 5
6 5 2
0 1 4
5 4 1
7 6 3
2 3 6
4 7 0
3 0 7
8 1 0
8 2 1
8 3 2
8 0 3
FACE-NORMAL = 14
0.799684 -0.550852 0.238888
0.799684 -0.550852 0.238888
-0.191845 -0.669886 -0.71725
-0.191845 -0.669886 -0.71725
-0.51974 -0.55212 0.651946
-0.51974 -0.55212 0.651946
0.590513 0.503369 -0.630805
0.590513 0.503369 -0.630805
0.262617 0.621136 0.738392
0.262617 0.621136 0.738392
-0.958381 0.0159738 0.285046
-0.726296 -0.0673816 -0.684071
-0.172543 0.763049 -0.622885
-0.404628 0.846404 0.346232
BONE = 26
BONE_NAME = Bip01-L-Finger3
PARENT_ID = 13
LOCALTM 
MAT 0.931234 0.200425 0.304356 0.0
MAT -0.273734 0.936038 0.221138 0.0
MAT -0.240568 -0.289244 0.926534 0.0
MAT 13.9638 5.5182 0.072113 1.0
WORLDTM 
MAT 0.799684 -0.550852 0.238888 0.0
MAT -0.555671 -0.528262 0.642005 0.0
MAT -0.227454 -0.646144 -0.728535 0.0
MAT 26.5777 66.3339 53.5253 1.0
VERTEX = 9
30.9471 63.0122 54.9634
30.5403 63.1054 54.688
30.8181 63.3695 54.367
31.2249 63.2763 54.6424
31.5315 60.0666 52.695
31.4908 60.0759 52.6675
31.5186 60.1023 52.6354
31.5593 60.093 52.6629
30.8398 63.398 54.7985
INDEX = 14
4 5 7
6 7 5
1 2 5
6 5 2
0 1 4
5 4 1
7 6 3
2 3 6
4 7 0
3 0 7
8 1 0
8 2 1
8 3 2
8 0 3
FACE-NORMAL = 14
0.171315 -0.828375 -0.533336
0.171315 -0.828375 -0.533336
-0.80184 0.136426 -0.581757
-0.80184 0.136426 -0.581757
-0.544413 -0.576927 0.608909
-0.544413 -0.576927 0.608909
0.564934 0.4777 -0.672795
0.564934 0.4777 -0.672795
0.822361 -0.235653 0.517871
0.822361 -0.235653 0.517871
-0.514056 0.212212 0.831091
-0.696412 0.717536 -0.0123511
0.271781 0.959287 -0.0768405
0.454136 0.453963 0.766602
BONE = 27
BONE_NAME = Bip01-L-Finger31
PARENT_ID = 26
LOCALTM 
MAT 0.465902 1.19209e-007 0.884836 0.0
MAT 0.0 1.0 0.0 0.0
MAT -0.884836 0.0 0.465902 0.0
MAT 5.32973 -1.90735e-006 0.0 1.0
WORLDTM 
MAT 0.171315 -0.828375 -0.533336 0.0
MAT -0.555671 -0.528262 0.642005 0.0
MAT -0.813561 0.186374 -0.550803 0.0
MAT 30.8398 63.398 54.7985 1.0
VERTEX = 9
31.255 60.0298 52.7759
31.0344 60.4507 52.9313
31.3122 60.7149 52.6103
31.5329 60.294 52.4549
27.3124 59.7151 48.7541
27.2903 59.7572 48.7696
27.3181 59.7836 48.7375
27.3402 59.7415 48.722
31.4598 60.4 52.8684
INDEX = 14
4 5 7
6 7 5
1 2 5
6 5 2
0 1 4
5 4 1
7 6 3
2 3 6
4 7 0
3 0 7
8 1 0
8 2 1
8 3 2
8 0 3
FACE-NORMAL = 14
-0.704633 -0.110616 -0.700896
-0.704633 -0.110616 -0.700896
-0.469049 0.836759 0.282538
-0.469049 0.836759 0.282538
-0.583356 -0.532256 0.613513
-0.583356 -0.532256 0.613513
0.527099 0.523425 -0.669472
0.527099 0.523425 -0.669472
0.412792 -0.84559 -0.338496
0.412792 -0.84559 -0.338496
0.105333 -0.29532 0.949574
0.186224 0.673492 0.715352
0.89117 0.451755 0.041643
0.810278 -0.517058 0.275865
BONE = 28
BONE_NAME = Bip01-L-Finger32
PARENT_ID = 27
LOCALTM 
MAT 0.34473 -1.22935e-007 0.938702 0.0
MAT 1.19209e-007 1.0 0.0 0.0
MAT -0.938702 0.0 0.34473 0.0
MAT 3.61908 1.90735e-006 0.0 1.0
WORLDTM 
MAT -0.704634 -0.110616 -0.700897 0.0
MAT -0.555671 -0.528262 0.642005 0.0
MAT -0.441273 0.841846 0.310765 0.0
MAT 31.4598 60.4 52.8684 1.0
VERTEX = 9
27.1105 59.3792 48.6534
26.8898 59.8001 48.8087
27.1677 60.0642 48.4877
27.3883 59.6433 48.3324
24.4938 59.2727 45.9505
24.4718 59.3148 45.966
24.4996 59.3412 45.9339
24.5216 59.2991 45.9184
27.3152 59.7494 48.7458
INDEX = 14
4 5 7
6 7 5
1 2 5
6 5 2
0 1 4
5 4 1
7 6 3
2 3 6
4 7 0
3 0 7
8 1 0
8 2 1
8 3 2
8 0 3
FACE-NORMAL = 14
-0.704633 -0.110616 -0.700896
-0.704633 -0.110616 -0.700896
-0.482682 0.833709 0.268229
-0.482682 0.833709 0.268229
-0.596875 -0.533938 0.598874
-0.596875 -0.533938 0.598874
0.512471 0.520688 -0.68283
0.512471 0.520688 -0.68283
0.398278 -0.846959 -0.352185
0.398278 -0.846959 -0.352185
0.105333 -0.29532 0.949574
0.186225 0.673492 0.715352
0.89117 0.451755 0.0416429
0.810278 -0.517058 0.275865
BONE = 29
BONE_NAME = Bip01-L-Finger3Nub
PARENT_ID = 28
LOCALTM 
MAT 1.0 0.0 0.0 0.0
MAT 0.0 1.0 0.0 0.0
MAT 0.0 0.0 1.0 0.0
MAT 5.88187 1.90735e-006 0.0 1.0
WORLDTM 
MAT -0.704634 -0.110616 -0.700897 0.0
MAT -0.555671 -0.528262 0.642005 0.0
MAT -0.441273 0.841846 0.310765 0.0
MAT 27.3152 59.7494 48.7458 1.0
VERTEX = 9
24.7607 66.155 45.0107
24.7607 66.155 45.5107
24.7607 65.655 45.5107
24.7607 65.655 45.0107
28.5107 65.93 45.2357
28.5107 65.93 45.2857
28.5107 65.88 45.2857
28.5107 65.88 45.2357
24.5107 65.905 45.2607
INDEX = 14
4 5 7
6 7 5
1 2 5
6 5 2
0 1 4
5 4 1
7 6 3
2 3 6
4 7 0
3 0 7
8 1 0
8 2 1
8 3 2
8 0 3
FACE-NORMAL = 14
1.0 -1.37091e-006 1.03402e-006
1.0 -1.37091e-006 1.03402e-006
0.059891 2.15045e-006 0.998205
0.0598911 2.15045e-006 0.998205
0.0598936 0.998205 -1.98888e-006
0.0598936 0.998205 -1.98888e-006
0.059891 -0.998205 2.11274e-006
0.059891 -0.998205 2.11274e-006
0.0598936 -2.31466e-006 -0.998205
0.0598935 -2.31466e-006 -0.998205
-0.707106 0.707108 -2.18391e-006
-0.707108 2.55087e-006 0.707106
-0.707108 -0.707106 7.21589e-007
-0.707106 -6.12116e-007 -0.707108
BONE = 30
BONE_NAME = FxHand00
PARENT_ID = 13
LOCALTM 
MAT 0.951518 -0.294061 -0.090234 0.0
MAT -0.212927 -0.417987 -0.883147 0.0
MAT 0.221982 0.859544 -0.460335 0.0
MAT 10.2538 -0.798538 4.44187 1.0
WORLDTM 
MAT 1.0 -1.37091e-006 1.03402e-006 0.0
MAT 1.31875e-006 1.0 -2.0545e-006 0.0
MAT -1.25848e-006 2.23657e-006 1.0 0.0
MAT 24.5107 65.905 45.2607 1.0
VERTEX = 9
26.2271 82.4098 60.8546
25.945 82.7952 60.7066
25.629 82.7091 61.0844
25.9111 82.3237 61.2324
27.9508 84.8446 63.149
27.9226 84.8831 63.1342
27.891 84.8745 63.172
27.9192 84.836 63.1868
25.7952 82.4061 60.8234
INDEX = 14
4 5 7
6 7 5
1 2 5
6 5 2
0 1 4
5 4 1
7 6 3
2 3 6
4 7 0
3 0 7
8 1 0
8 2 1
8 3 2
8 0 3
FACE-NORMAL = 14
0.531428 0.613359 0.584273
0.531428 0.613359 0.584273
-0.531321 0.806129 -0.260487
-0.531321 0.806129 -0.260487
0.6626 0.208742 -0.719297
0.6626 0.208742 -0.719297
-0.598943 -0.135271 0.789284
-0.598943 -0.135271 0.789284
0.594978 -0.732658 0.330473
0.594978 -0.732658 0.330473
0.0710485 -0.311864 -0.947466
-0.7747 0.111312 -0.622455
-0.822601 -0.555556 0.12118
0.0231469 -0.978732 -0.203832
BONE = 31
BONE_NAME = Dummy01
PARENT_ID = 12
LOCALTM 
MAT 0.135246 0.878994 0.45725 0.0
MAT 0.00158512 0.461298 -0.887244 0.0
MAT -0.990811 0.120721 0.0609955 0.0
MAT 24.7234 17.0976 11.9366 1.0
WORLDTM 
MAT 0.531428 0.613359 0.584273 0.0
MAT 0.631906 0.172316 -0.755647 0.0
MAT -0.564163 0.770778 -0.296011 0.0
MAT 25.7952 82.4061 60.8234 1.0
VERTEX = 9
28.0899 83.5526 58.4685
27.8278 83.241 58.1783
27.5119 83.1549 58.5561
27.7739 83.4665 58.8463
25.6888 86.2343 57.3699
25.6626 86.2032 57.3408
25.631 86.1945 57.3786
25.6572 86.2257 57.4077
27.9436 83.163 58.5882
INDEX = 14
4 5 7
6 7 5
1 2 5
6 5 2
0 1 4
5 4 1
7 6 3
2 3 6
4 7 0
3 0 7
8 1 0
8 2 1
8 3 2
8 0 3
FACE-NORMAL = 14
-0.57093 0.76285 -0.303477
-0.57093 0.76285 -0.303477
-0.557397 -0.576381 -0.597573
-0.557397 -0.576381 -0.597573
0.596583 0.217704 -0.77246
0.596583 0.217704 -0.77246
-0.664972 -0.126326 0.736108
-0.664972 -0.126326 0.736108
0.489008 0.667759 0.561221
0.489008 0.667759 0.561221
0.850537 -0.417565 -0.319727
0.0330827 -0.980077 -0.195841
-0.0431209 -0.661268 0.748909
0.774334 -0.098756 0.625023
BONE = 32
BONE_NAME = Bone01
PARENT_ID = 31
LOCALTM 
MAT -0.0128206 -4.02331e-007 0.999918 0.0
MAT 1.20401e-005 1.0 5.51343e-007 0.0
MAT -0.999918 1.20923e-005 -0.0128206 0.0
MAT 0.299988 3.17708 0.0330086 1.0
WORLDTM 
MAT -0.57093 0.762851 -0.303478 0.0
MAT 0.631912 0.172324 -0.75564 0.0
MAT -0.524144 -0.623188 -0.580439 0.0
MAT 27.9436 83.163 58.5882 1.0
VERTEX = 9
12.2074 88.7706 9.57859
11.8109 89.0653 9.50156
11.5481 88.6704 9.34346
11.9446 88.3757 9.42048
10.7555 88.0888 12.9831
10.7158 88.1183 12.9754
10.6896 88.0788 12.9596
10.7292 88.0493 12.9673
11.9547 88.7629 9.227
INDEX = 14
4 5 7
6 7 5
1 2 5
6 5 2
0 1 4
5 4 1
7 6 3
2 3 6
4 7 0
3 0 7
8 1 0
8 2 1
8 3 2
8 0 3
FACE-NORMAL = 14
-0.308053 -0.169791 0.936095
-0.308053 -0.169791 0.936095
-0.810029 0.578192 -0.0977123
-0.810029 0.578192 -0.0977123
0.506202 0.778196 0.371715
0.506202 0.778196 0.371714
-0.543102 -0.798534 -0.259585
-0.543102 -0.798534 -0.259585
0.773129 -0.59853 0.209842
0.773129 -0.59853 0.209842
0.589478 0.678521 -0.43832
-0.342911 0.536843 -0.770852
-0.153825 -0.4384 -0.885519
0.778564 -0.296722 -0.552987
BONE = 33
BONE_NAME = Bone17
PARENT_ID = 10
LOCALTM 
MAT 0.913465 -0.406916 -0.000455901 0.0
MAT 0.398304 0.894362 -0.203642 0.0
MAT 0.0832726 0.185838 0.979045 0.0
MAT 1.36129 6.68275 -0.501465 1.0
WORLDTM 
MAT -0.308053 -0.169791 0.936095 0.0
MAT 0.525595 0.789783 0.316217 0.0
MAT -0.793002 0.589419 -0.154054 0.0
MAT 11.9547 88.7629 9.227 1.0
VERTEX = 9
7.99805 83.4138 -5.62954
7.558 83.6078 -5.49272
7.78316 84.0402 -5.38165
8.22321 83.8462 -5.51846
6.93819 85.7362 -11.5092
6.89418 85.7556 -11.4955
6.9167 85.7989 -11.4844
6.9607 85.7795 -11.4981
7.92822 83.6473 -5.27164
INDEX = 14
4 5 7
6 7 5
1 2 5
6 5 2
0 1 4
5 4 1
7 6 3
2 3 6
4 7 0
3 0 7
8 1 0
8 2 1
8 3 2
8 0 3
FACE-NORMAL = 14
-0.150446 0.318736 -0.935827
-0.150446 0.318736 -0.935827
-0.884842 0.398956 0.2406
-0.884842 0.398956 0.2406
-0.455326 -0.853062 -0.254879
-0.455326 -0.853062 -0.254879
0.444757 0.875452 0.18914
0.444757 0.875452 0.18914
0.874274 -0.376566 -0.306339
0.874274 -0.376566 -0.306339
-0.212042 -0.83688 0.504648
-0.515944 0.048977 0.855221
0.424806 0.386119 0.818812
0.728707 -0.499738 0.468239
BONE = 34
BONE_NAME = Bip01-R-Clavicle
PARENT_ID = 6
LOCALTM 
MAT 0.196677 -0.960849 -0.195159 0.0
MAT -0.980466 -0.192342 -0.0411132 0.0
MAT 0.00196642 0.199433 -0.979909 0.0
MAT -5.51405 -6.9842 -1.30832 1.0
WORLDTM 
MAT -0.150446 0.318736 -0.935828 0.0
MAT -0.45032 -0.864791 -0.222147 0.0
MAT -0.880101 0.388 0.273638 0.0
MAT 7.92822 83.6473 -5.27164 1.0
VERTEX = 9
6.84787 85.42 -11.7425
6.51337 85.772 -11.6234
6.85037 86.1269 -11.7258
7.18488 85.7749 -11.8449
-0.580061 86.2975 -34.2469
-0.613511 86.3327 -34.235
-0.579811 86.3681 -34.2452
-0.546361 86.3329 -34.2571
6.92745 85.7676 -11.4968
INDEX = 14
4 5 7
6 7 5
1 2 5
6 5 2
0 1 4
5 4 1
7 6 3
2 3 6
4 7 0
3 0 7
8 1 0
8 2 1
8 3 2
8 0 3
FACE-NORMAL = 14
-0.313295 0.023588 -0.949363
-0.313295 0.023588 -0.949363
-0.671947 0.704224 0.229249
-0.671947 0.704224 0.229249
-0.676944 -0.709521 0.195773
-0.676944 -0.709521 0.195773
0.670999 0.709968 -0.213788
0.670999 0.709968 -0.213788
0.666002 -0.703777 -0.247265
0.666002 -0.703777 -0.247265
-0.255058 -0.518567 0.816109
-0.251524 0.481147 0.839782
0.698125 0.485209 0.526493
0.694591 -0.514505 0.50282
BONE = 35
BONE_NAME = Bip01-R-UpperArm
PARENT_ID = 34
LOCALTM 
MAT 0.943092 0.331582 0.025102 0.0
MAT -0.316478 0.871831 0.373835 0.0
MAT 0.102072 -0.360505 0.927155 0.0
MAT 6.65202 -7.62939e-006 0.0 1.0
WORLDTM 
MAT -0.313295 0.023588 -0.949363 0.0
MAT -0.674002 -0.709777 0.20479 0.0
MAT -0.669004 0.704032 0.238268 0.0
MAT 6.92745 85.7676 -11.4968 1.0
VERTEX = 9
-0.49009 85.9433 -34.0796
-0.710071 86.0248 -34.5212
-0.37307 86.3797 -34.6235
-0.153089 86.2982 -34.182
11.0131 72.9161 -42.4697
10.9911 72.9242 -42.5138
11.0248 72.9597 -42.5241
11.0468 72.9515 -42.4799
-0.579936 86.3328 -34.246
INDEX = 14
4 5 7
6 7 5
1 2 5
6 5 2
0 1 4
5 4 1
7 6 3
2 3 6
4 7 0
3 0 7
8 1 0
8 2 1
8 3 2
8 0 3
FACE-NORMAL = 14
0.593426 -0.685312 -0.42213
0.593426 -0.685312 -0.42213
-0.433013 0.154987 -0.887963
-0.433013 0.154987 -0.887963
-0.667037 -0.717719 0.199854
-0.667037 -0.717719 0.199854
0.680875 0.701738 -0.209698
0.680875 0.701738 -0.209698
0.446852 -0.170969 0.878119
0.446852 -0.170969 0.878119
-0.896207 -0.0172989 0.443299
-0.730716 0.59984 -0.325956
0.0569761 0.986476 0.153683
-0.108515 0.369338 0.922938
BONE = 36
BONE_NAME = Bip01-R-Forearm
PARENT_ID = 35
LOCALTM 
MAT 0.198672 0.0 -0.980066 0.0
MAT 0.0 1.0 0.0 0.0
MAT 0.980066 0.0 0.198672 0.0
MAT 23.9627 0.0 0.0 1.0
WORLDTM 
MAT 0.593426 -0.685312 -0.42213 0.0
MAT -0.674002 -0.709777 0.20479 0.0
MAT -0.439962 0.162989 -0.883102 0.0
MAT -0.579936 86.3328 -34.246 1.0
VERTEX = 9
11.3554 73.2104 -42.4887
11.3333 72.7718 -42.2497
11.1454 72.5574 -42.6604
11.1675 72.996 -42.8995
20.6632 70.7224 -45.7222
20.661 70.6785 -45.6983
20.6422 70.6571 -45.7394
20.6444 70.7009 -45.7633
11.019 72.9379 -42.4969
INDEX = 14
4 5 7
6 7 5
1 2 5
6 5 2
0 1 4
5 4 1
7 6 3
2 3 6
4 7 0
3 0 7
8 1 0
8 2 1
8 3 2
8 0 3
FACE-NORMAL = 14
0.925631 -0.216008 -0.310722
0.925631 -0.216008 -0.310722
-0.0237108 -0.881769 0.471084
