EXPORTER_V17
ANIMATION_EXPORT
BONEOBJECT_COUNT = 34
VERTEX = 9
0.249998 0.250002 -0.249998
0.249998 0.250002 0.250002
0.249998 -0.249998 0.250002
0.249998 -0.249998 -0.249998
4.0 0.0250019 -0.0249981
4.0 0.0250019 0.0250019
4.0 -0.0249981 0.0250019
4.0 -0.0249981 -0.0249981
-1.90735e-006 1.90735e-006 1.90735e-006
INDEX = 14
4 5 7
6 7 5
1 2 5
6 5 2
0 1 4
5 4 1
7 6 3
2 3 6
4 7 0
3 0 7
8 1 0
8 2 1
8 3 2
8 0 3
FACE-NORMAL = 14
1.0 0.0 0.0
1.0 0.0 0.0
0.0598923 -5.75315e-007 0.998205
0.0598923 -5.75315e-007 0.998205
0.0598923 0.998205 5.75315e-007
0.0598923 0.998205 5.75315e-007
0.0598923 -0.998205 -5.75315e-007
0.0598923 -0.998205 -5.75315e-007
0.0598923 5.75315e-007 -0.998205
0.0598923 5.75315e-007 -0.998205
-0.707107 0.707107 4.07541e-007
-0.707107 -4.07541e-007 0.707107
-0.707107 -0.707107 -4.07541e-007
-0.707107 4.07541e-007 -0.707107
BONE = 0
BONE_NAME = Dummy_Neck
PARENT_ID = -1
LOCALTM 
MAT 1.0 0.0 0.0 0.0
MAT 0.0 1.0 5.76349e-007 0.0
MAT 0.0 -5.76349e-007 1.0 0.0
MAT -1.90735e-006 1.90735e-006 1.90735e-006 1.0
WORLDTM 
MAT 1.0 0.0 0.0 0.0
MAT 0.0 1.0 5.76349e-007 0.0
MAT 0.0 -5.76349e-007 1.0 0.0
MAT -1.90735e-006 1.90735e-006 1.90735e-006 1.0
VERTEX = 9
2.49284 0.242913 -0.356513
2.7497 0.310606 0.0670902
2.83805 -0.180893 0.0920612
2.58119 -0.248586 -0.331542
5.79655 0.517352 -2.13807
5.82224 0.524122 -2.09571
5.83107 0.474972 -2.09321
5.80538 0.468203 -2.13557
2.45555 0.0 1.49012e-006
INDEX = 14
4 5 7
6 7 5
1 2 5
6 5 2
0 1 4
5 4 1
7 6 3
2 3 6
4 7 0
3 0 7
8 1 0
8 2 1
8 3 2
8 0 3
FACE-NORMAL = 14
0.839564 0.124041 -0.52891
0.839564 0.124041 -0.52891
0.563084 0.142571 0.814009
0.563084 0.142571 0.814009
-0.126094 0.988662 -0.0815301
-0.126094 0.988662 -0.0815301
0.226661 -0.973804 0.0181748
0.226661 -0.973804 0.0181748
-0.462517 -0.127713 -0.877364
-0.462517 -0.127713 -0.877364
-0.718603 0.607375 0.338682
-0.230405 0.00802185 0.973062
-0.46872 -0.782794 0.40931
-0.956918 -0.183442 -0.22507
BONE = 1
BONE_NAME = Dummy_Face
PARENT_ID = 0
LOCALTM 
MAT 0.839564 0.12404 -0.52891 0.0
MAT -0.176695 0.982998 -0.0499427 0.0
MAT 0.513723 0.135386 0.847207 0.0
MAT 2.45555 -1.90735e-006 -4.17232e-007 1.0
WORLDTM 
MAT 0.839564 0.124041 -0.52891 0.0
MAT -0.176695 0.982998 -0.0499421 0.0
MAT 0.513723 0.135385 0.847207 0.0
MAT 2.45555 0.0 1.49012e-006 1.0
VERTEX = 9
4.01779 -0.896153 0.194858
4.44788 -0.91155 -0.0596783
4.575 -0.465955 0.128165
4.14492 -0.450558 0.382702
5.92646 -2.39975 3.06887
5.96947 -2.40129 3.04341
5.98218 -2.35673 3.0622
5.93917 -2.3552 3.08765
4.18587 -0.567908 -0.0320896
INDEX = 14
4 5 7
6 7 5
1 2 5
6 5 2
0 1 4
5 4 1
7 6 3
2 3 6
4 7 0
3 0 7
8 1 0
8 2 1
8 3 2
8 0 3
FACE-NORMAL = 14
0.442113 -0.452584 0.774405
0.442113 -0.452584 0.774405
0.885107 -0.0578439 -0.461779
0.885107 -0.0578439 -0.461779
-0.227309 -0.916696 -0.328631
-0.227309 -0.916696 -0.328631
0.280268 0.862484 0.421393
0.280268 0.862484 0.421393
-0.832149 0.00363127 0.554541
-0.832149 0.00363128 0.554541
-0.492399 -0.310141 -0.813238
0.295612 0.298252 -0.907557
-0.132843 0.950192 -0.281937
-0.920854 0.341799 -0.187618
BONE = 2
BONE_NAME = Facial_Eyebrow_R
PARENT_ID = 1
LOCALTM 
MAT -0.0945476 -0.561684 0.821932 0.0
MAT -0.125294 -0.812351 -0.56955 0.0
MAT 0.987604 -0.156833 0.00643003 0.0
MAT 1.39924 -0.862387 0.784828 1.0
WORLDTM 
MAT 0.442113 -0.452584 0.774405 0.0
MAT -0.254245 -0.89119 -0.375686 0.0
MAT 0.860172 -0.0307929 -0.509074 0.0
MAT 4.18587 -0.567908 -0.0320896 1.0
VERTEX = 9
3.74799 0.551336 1.27336
3.39204 0.505037 1.62143
3.48039 0.013538 1.6464
3.83634 0.0598371 1.29833
6.17637 0.903921 4.12685
6.14077 0.899291 4.16166
6.14961 0.850141 4.16416
6.1852 0.854771 4.12935
3.44427 0.242797 1.28084
INDEX = 14
4 5 7
6 7 5
1 2 5
6 5 2
0 1 4
5 4 1
7 6 3
2 3 6
4 7 0
3 0 7
8 1 0
8 2 1
8 3 2
8 0 3
FACE-NORMAL = 14
0.67968 0.158558 0.716166
0.67968 0.158558 0.716166
-0.669923 -0.0829355 0.737783
-0.669923 -0.0829355 0.737783
-0.13567 0.99073 -0.00695962
-0.13567 0.99073 -0.0069596
0.217085 -0.971737 0.0927453
0.217085 -0.971737 0.0927453
0.751339 0.101928 -0.651998
0.751339 0.101928 -0.651998
-0.605548 0.582967 -0.541721
-0.984002 -0.177595 -0.0141607
-0.355664 -0.807202 -0.471092
0.0227895 -0.046641 -0.998652
BONE = 3
BONE_NAME = Facial_Nose
PARENT_ID = 1
LOCALTM 
MAT 0.211515 0.0 0.977375 0.0
MAT 0.0 1.0 0.0 0.0
MAT -0.977375 0.0 0.211515 0.0
MAT 0.18276 6.85453e-007 1.62593 1.0
WORLDTM 
MAT 0.67968 0.158558 0.716166 0.0
MAT -0.176695 0.982998 -0.0499421 0.0
MAT -0.711909 -0.0925982 0.69614 0.0
MAT 3.44427 0.242797 1.28084 1.0
VERTEX = 9
3.98602 0.109673 0.259121
4.34404 -0.0771035 -0.0357265
4.54601 0.378244 -0.0789312
4.18799 0.565021 0.215916
6.37293 -0.430699 3.11821
6.40873 -0.449377 3.08873
6.42893 -0.403842 3.08441
6.39312 -0.385164 3.11389
4.12369 0.288041 -0.110653
INDEX = 14
4 5 7
6 7 5
1 2 5
6 5 2
0 1 4
5 4 1
7 6 3
2 3 6
4 7 0
3 0 7
8 1 0
8 2 1
8 3 2
8 0 3
FACE-NORMAL = 14
0.56931 -0.176328 0.802991
0.56931 -0.176328 0.802991
0.748856 -0.383443 -0.540543
0.748856 -0.383443 -0.540543
-0.369117 -0.919621 0.134347
-0.369117 -0.919621 0.134347
0.437312 0.8985 -0.0381614
0.437312 0.8985 -0.0381614
-0.680661 0.362322 0.636729
-0.680661 0.362322 0.636729
-0.688192 -0.519276 -0.5067
0.103756 -0.13946 -0.984777
-0.116935 0.768642 -0.628901
-0.908883 0.388825 -0.150823
BONE = 4
BONE_NAME = Facial_Glabella_R
PARENT_ID = 1
LOCALTM 
MAT 0.0313909 -0.314027 0.948895 0.0
MAT -0.497799 -0.828153 -0.257601 0.0
MAT 0.866724 -0.464273 -0.182319 0.0
MAT 1.49476 -0.00608042 0.802207 1.0
WORLDTM 
MAT 0.56931 -0.176328 0.802991 0.0
MAT -0.403939 -0.910696 0.0864094 0.0
MAT 0.716044 -0.373553 -0.589694 0.0
MAT 4.12369 0.288041 -0.110653 1.0
VERTEX = 9
3.4136 -0.282233 0.874761
3.00353 -0.350435 1.15259
2.9837 -0.828072 1.00606
3.39377 -0.759871 0.728238
5.36055 -1.51179 3.85156
5.31954 -1.51861 3.87934
5.31756 -1.56637 3.86469
5.35857 -1.55955 3.83691
3.05596 -0.489558 0.745899
INDEX = 14
4 5 7
6 7 5
1 2 5
6 5 2
0 1 4
5 4 1
7 6 3
2 3 6
4 7 0
3 0 7
8 1 0
8 2 1
8 3 2
8 0 3
FACE-NORMAL = 14
0.570775 -0.26238 0.778057
0.570775 -0.26238 0.778057
-0.784491 -0.151872 0.601256
-0.784491 -0.151872 0.601256
0.0737776 0.937846 0.339119
0.0737776 0.937846 0.339119
-0.00540755 -0.969275 -0.24592
-0.00540756 -0.969275 -0.24592
0.852861 0.120443 -0.508057
0.852861 0.120443 -0.508057
-0.375552 0.861012 -0.342955
-0.983531 0.0890798 -0.157263
-0.431645 -0.489951 -0.757384
0.176334 0.281982 -0.943076
BONE = 5
BONE_NAME = Facial_Cheek_R
PARENT_ID = 1
LOCALTM 
MAT 0.0351341 -0.39763 0.916873 0.0
MAT -0.00320158 0.91739 0.397977 0.0
MAT -0.999378 -0.0169179 0.0309585 0.0
MAT 0.0488396 -0.624574 0.874091 1.0
WORLDTM 
MAT 0.570775 -0.26238 0.778057 0.0
MAT 0.0396638 0.955275 0.293045 0.0
MAT -0.820148 -0.136402 0.555654 0.0
MAT 3.05596 -0.489558 0.745899 1.0
VERTEX = 9
3.80259 -0.162569 0.60321
4.21001 0.0930107 0.46651
3.98685 0.5201 0.599906
3.57943 0.26452 0.736607
5.27266 -0.213008 4.06733
5.3134 -0.18745 4.05366
5.29108 -0.144741 4.067
5.25034 -0.170299 4.08067
3.80224 0.202608 0.370518
INDEX = 14
4 5 7
6 7 5
1 2 5
6 5 2
0 1 4
5 4 1
7 6 3
2 3 6
4 7 0
3 0 7
8 1 0
8 2 1
8 3 2
8 0 3
FACE-NORMAL = 14
0.369907 -0.0953707 0.924161
0.369907 -0.0953707 0.924161
0.835534 0.50453 -0.21756
0.835534 0.50453 -0.21756
0.467673 -0.858357 -0.210964
0.467673 -0.858357 -0.210964
-0.423364 0.846933 0.321665
-0.423364 0.846933 0.321665
-0.791225 -0.515954 0.32826
-0.791225 -0.515954 0.32826
0.0540317 -0.536558 -0.842132
0.314617 0.428882 -0.846804
-0.577159 0.671432 -0.464829
-0.837744 -0.294007 -0.460157
BONE = 6
BONE_NAME = Facial_Ridge_R
PARENT_ID = 1
LOCALTM 
MAT -0.190067 -0.205264 0.960073 0.0
MAT 0.409871 -0.905193 -0.112388 0.0
MAT 0.892121 0.372145 0.25618 0.0
MAT 0.959793 -0.0572937 1.03316 1.0
WORLDTM 
MAT 0.369907 -0.0953706 0.924161 0.0
MAT 0.446319 -0.854178 -0.266793 0.0
MAT 0.814842 0.511159 -0.273401 0.0
MAT 3.80224 0.202608 0.370518 1.0
VERTEX = 9
2.82726 0.630251 1.10279
3.24032 0.681843 0.825812
3.05831 1.10591 0.633358
2.64524 1.05432 0.910336
4.54415 2.79294 3.6599
4.58545 2.7981 3.6322
4.56725 2.84051 3.61296
4.52595 2.83535 3.64065
2.83525 0.73817 0.683517
INDEX = 14
4 5 7
6 7 5
1 2 5
6 5 2
0 1 4
5 4 1
7 6 3
2 3 6
4 7 0
3 0 7
8 1 0
8 2 1
8 3 2
8 0 3
FACE-NORMAL = 14
0.430112 0.519638 0.738228
0.430112 0.519638 0.738228
0.850405 0.13412 -0.508746
0.850405 0.13412 -0.508746
0.389136 -0.815488 0.42843
0.389136 -0.815488 0.42843
-0.337615 0.877733 -0.340002
-0.337615 0.877733 -0.340002
-0.798884 -0.0718755 0.597175
-0.798884 -0.0718755 0.597175
-0.0467277 -0.96716 -0.249835
0.280026 -0.294478 -0.913711
-0.561542 0.232281 -0.794176
-0.888295 -0.440401 -0.1303
BONE = 7
BONE_NAME = Facial_Cheek_L
PARENT_ID = 1
LOCALTM 
MAT 0.0351065 0.397936 0.916741 0.0
MAT -0.00315864 -0.917258 0.398281 0.0
MAT 0.999379 -0.016878 -0.0309445 0.0
MAT 0.0488269 0.624393 0.874077 1.0
WORLDTM 
MAT 0.430112 0.519638 0.738228 0.0
MAT 0.364029 -0.848133 0.384907 0.0
MAT 0.826128 0.103183 -0.553955 0.0
MAT 2.83525 0.73817 0.683517 1.0
VERTEX = 9
4.27209 0.0962894 0.240016
4.54828 0.365548 -0.0781359
4.20003 0.724326 -0.0768074
3.92384 0.455068 0.241345
5.95722 2.03534 2.99032
5.98484 2.06226 2.95851
5.95001 2.09814 2.95864
5.9224 2.07122 2.99045
4.12156 0.299879 -0.111254
INDEX = 14
4 5 7
6 7 5
1 2 5
6 5 2
0 1 4
5 4 1
7 6 3
2 3 6
4 7 0
3 0 7
8 1 0
8 2 1
8 3 2
8 0 3
FACE-NORMAL = 14
0.458015 0.441715 0.771434
0.458015 0.441715 0.771434
0.578813 0.564005 -0.588959
0.578813 0.564005 -0.588959
0.722677 -0.689813 0.0435507
0.722677 -0.689813 0.0435507
-0.667813 0.742724 0.0488552
-0.667813 0.742724 0.0488552
-0.52395 -0.511095 0.681365
-0.52395 -0.511095 0.681365
0.168631 -0.819729 -0.547365
0.0667216 0.0684491 -0.995421
-0.816362 0.195049 -0.543607
-0.714453 -0.693129 -0.095551
BONE = 8
BONE_NAME = Facial_Glabella_L
PARENT_ID = 1
LOCALTM 
MAT 0.0313043 0.314749 0.948659 0.0
MAT 0.497152 -0.828291 0.258408 0.0
MAT 0.867099 0.463538 -0.182407 0.0
MAT 1.49476 0.00596255 0.802207 1.0
WORLDTM 
MAT 0.458015 0.441715 0.771434 0.0
MAT 0.696495 -0.717556 -0.002657 0.0
MAT 0.552374 0.538517 -0.636304 0.0
MAT 4.12156 0.299879 -0.111254 1.0
VERTEX = 9
3.87611 1.04488 0.306723
4.27849 1.18365 0.0443531
4.00782 1.53659 -0.184061
3.60545 1.39782 0.078309
4.84896 3.70997 2.7795
4.88919 3.72385 2.75326
4.86213 3.75914 2.73042
4.82189 3.74526 2.75666
3.88106 1.12781 -0.118244
INDEX = 14
4 5 7
6 7 5
1 2 5
6 5 2
0 1 4
5 4 1
7 6 3
2 3 6
4 7 0
3 0 7
8 1 0
8 2 1
8 3 2
8 0 3
FACE-NORMAL = 14
0.24362 0.651685 0.718301
0.24362 0.651685 0.718301
0.817894 0.316073 -0.480777
0.817895 0.316073 -0.480777
0.554941 -0.66559 0.499029
0.554941 -0.66559 0.499029
-0.525759 0.743652 -0.412987
-0.52576 0.743652 -0.412987
-0.788713 -0.238011 0.566819
-0.788713 -0.238011 0.566819
0.210507 -0.959949 -0.184889
0.396778 -0.264561 -0.878963
-0.555038 0.0383275 -0.830942
-0.741308 -0.657061 -0.136868
BONE = 9
BONE_NAME = Facial_Eyebrow_L
PARENT_ID = 1
LOCALTM 
MAT -0.0945468 0.561685 0.821931 0.0
MAT 0.125295 -0.812351 0.569551 0.0
MAT 0.987604 0.156833 0.00642877 0.0
MAT 1.39924 0.862665 0.784828 1.0
WORLDTM 
MAT 0.24362 0.651685 0.718301 0.0
MAT 0.541322 -0.705888 0.456828 0.0
MAT 0.804748 0.27754 -0.52474 0.0
MAT 3.88106 1.12781 -0.118244 1.0
VERTEX = 9
3.58819 0.215765 0.739085
4.06137 0.105528 0.620972
4.12458 0.568242 0.442368
3.65141 0.678479 0.560481
4.94469 1.53005 3.99428
4.99201 1.51902 3.98247
4.99833 1.5653 3.96461
4.95101 1.57632 3.97642
3.78204 0.314959 0.364812
INDEX = 14
4 5 7
6 7 5
1 2 5
6 5 2
0 1 4
5 4 1
7 6 3
2 3 6
4 7 0
3 0 7
8 1 0
8 2 1
8 3 2
8 0 3
FACE-NORMAL = 14
0.297367 0.308178 0.903659
0.297367 0.308178 0.903659
0.962466 -0.201621 -0.181681
0.962466 -0.201621 -0.181681
-0.108397 -0.905309 0.410689
-0.108397 -0.905309 0.410689
0.144017 0.942224 -0.302444
0.144017 0.942224 -0.302444
-0.926846 0.238536 0.289925
-0.926846 0.238536 0.289925
-0.299672 -0.872291 -0.386399
0.458904 -0.373814 -0.806021
-0.120868 0.436461 -0.891567
-0.879444 -0.0620159 -0.471945
BONE = 10
BONE_NAME = Facial_Ridge_L
PARENT_ID = 1
LOCALTM 
MAT -0.190069 0.205265 0.960073 0.0
MAT -0.409871 -0.905193 0.112388 0.0
MAT 0.892121 -0.372144 0.256182 0.0
MAT 0.95979 0.0570006 1.03316 1.0
WORLDTM 
MAT 0.297367 0.308178 0.903659 0.0
MAT -0.126434 -0.925428 0.357208 0.0
MAT 0.946355 -0.220475 -0.236227 0.0
MAT 3.78204 0.314959 0.364812 1.0
VERTEX = 9
3.70487 1.17967 0.157446
3.96173 1.24736 0.58105
4.05008 0.755862 0.606021
3.79322 0.68817 0.182417
7.00858 1.45411 -1.62411
7.03427 1.46088 -1.58175
7.0431 1.41173 -1.57925
7.01742 1.40496 -1.62161
3.66758 0.936755 0.513961
INDEX = 14
4 5 7
6 7 5
1 2 5
6 5 2
0 1 4
5 4 1
7 6 3
2 3 6
4 7 0
3 0 7
8 1 0
8 2 1
8 3 2
8 0 3
FACE-NORMAL = 14
0.839564 0.124041 -0.52891
0.839564 0.124041 -0.52891
0.563084 0.142571 0.814009
0.563084 0.142571 0.814009
-0.126094 0.988662 -0.08153
-0.126094 0.988662 -0.08153
0.226661 -0.973804 0.0181748
0.226661 -0.973804 0.0181748
-0.462517 -0.127713 -0.877364
-0.462517 -0.127713 -0.877364
-0.718603 0.607375 0.338682
-0.230405 0.00802182 0.973062
-0.46872 -0.782794 0.40931
-0.956918 -0.183442 -0.22507
BONE = 11
BONE_NAME = Facial_Dum_Eye_L
PARENT_ID = 1
LOCALTM 
MAT 1.0 0.0 0.0 0.0
MAT 0.0 1.0 0.0 0.0
MAT 0.0 0.0 1.0 0.0
MAT 0.861935 0.681001 1.1849 1.0
WORLDTM 
MAT 0.839564 0.124041 -0.52891 0.0
MAT -0.176695 0.982998 -0.0499421 0.0
MAT 0.513723 0.135385 0.847207 0.0
MAT 3.66758 0.936755 0.513961 1.0
VERTEX = 9
3.5707 0.728584 0.586636
3.85256 0.721734 0.173709
3.67753 1.17256 0.046752
3.39567 1.17941 0.459679
6.42419 2.5493 2.23174
6.45238 2.54861 2.19044
6.43487 2.5937 2.17775
6.40669 2.59438 2.21904
3.43709 0.84251 0.190824
INDEX = 14
4 5 7
6 7 5
1 2 5
6 5 2
0 1 4
5 4 1
7 6 3
2 3 6
4 7 0
3 0 7
8 1 0
8 2 1
8 3 2
8 0 3
FACE-NORMAL = 14
0.748112 0.432247 0.50348
0.748112 0.432247 0.50348
0.607511 0.0122125 -0.794217
0.607511 0.0122125 -0.794217
0.394253 -0.874144 0.283613
0.394253 -0.874144 0.283613
-0.304641 0.925921 -0.223304
-0.304641 0.925921 -0.223304
-0.517899 0.039564 0.854527
-0.517899 0.039564 0.854527
-0.281454 -0.943208 -0.176469
-0.130387 -0.315332 -0.939981
-0.776535 0.331919 -0.535558
-0.927603 -0.295957 0.227953
BONE = 12
BONE_NAME = Facial_Eyelid_Upper_L
PARENT_ID = 11
LOCALTM 
MAT 0.415408 0.267566 0.869393 0.0
MAT 0.0477717 -0.960859 0.272889 0.0
MAT 0.90838 -0.0718282 -0.411931 0.0
MAT -0.034297 -0.035777 -0.404935 1.0
WORLDTM 
MAT 0.748111 0.432247 0.503479 0.0
MAT 0.350075 -0.901651 0.253914 0.0
MAT 0.563717 -0.0137003 -0.825855 0.0
MAT 3.43709 0.84251 0.190824 1.0
VERTEX = 9
3.67855 0.477526 0.00731207
3.5009 0.917888 -0.149283
3.1296 0.886663 0.184126
3.30725 0.446301 0.340721
5.56049 2.42223 2.62268
5.54272 2.46627 2.60702
5.50559 2.46315 2.64036
5.52336 2.41911 2.65602
3.26215 0.564721 -0.0733346
INDEX = 14
4 5 7
6 7 5
1 2 5
6 5 2
0 1 4
5 4 1
7 6 3
2 3 6
4 7 0
3 0 7
8 1 0
8 2 1
8 3 2
8 0 3
FACE-NORMAL = 14
0.567724 0.469493 0.676214
0.567724 0.469493 0.676214
-0.320656 0.907263 -0.272128
-0.320656 0.907263 -0.272128
0.775269 0.0904576 -0.62512
0.775269 0.0904576 -0.62512
-0.707264 -0.0342196 0.70612
-0.707264 -0.0342196 0.70612
0.38866 -0.851025 0.353128
0.38866 -0.851025 0.353128
0.123656 -0.287822 -0.949667
-0.652674 0.290785 -0.699615
-0.926539 -0.376141 -0.00664458
-0.150209 -0.954748 -0.256697
BONE = 13
BONE_NAME = Facial_Eye_L
PARENT_ID = 11
LOCALTM 
MAT 0.17722 0.327425 0.928109 0.0
MAT 0.983893 -0.0365222 -0.174987 0.0
MAT -0.0233986 0.944171 -0.328624 0.0
MAT -0.0759132 -0.264739 -0.756212 1.0
WORLDTM 
MAT 0.567724 0.469492 0.676214 0.0
MAT 0.7426 0.0624508 -0.666818 0.0
MAT -0.355296 0.880725 -0.31319 0.0
MAT 3.26215 0.564721 -0.0733346 1.0
VERTEX = 9
3.31245 0.725032 0.78894
3.7707 0.86258 0.64374
3.59508 1.313 0.516151
3.13682 1.17545 0.661351
4.1574 2.24915 4.12463
4.20323 2.26291 4.11011
4.18566 2.30795 4.09736
4.13984 2.29419 4.11188
3.40591 0.935046 0.421982
INDEX = 14
4 5 7
6 7 5
1 2 5
6 5 2
0 1 4
5 4 1
7 6 3
2 3 6
4 7 0
3 0 7
8 1 0
8 2 1
8 3 2
8 0 3
FACE-NORMAL = 14
0.191405 0.335876 0.922253
0.191405 0.335876 0.922253
0.926328 0.294719 -0.234643
0.926328 0.294719 -0.234643
0.36208 -0.879104 0.309957
0.36208 -0.879104 0.309957
-0.339153 0.919337 -0.199485
-0.339153 0.919337 -0.199485
-0.9034 -0.254486 0.345115
-0.9034 -0.254486 0.345115
0.113026 -0.874489 -0.471693
0.512726 -0.0429776 -0.857476
-0.383713 0.399488 -0.83257
-0.783414 -0.432023 -0.446788
BONE = 14
BONE_NAME = Facial_Eyelid_Lower_L
PARENT_ID = 11
LOCALTM 
MAT -0.28543 0.250286 0.925141 0.0
MAT 0.0481876 -0.960329 0.274673 0.0
MAT 0.957187 0.12298 0.262046 0.0
MAT -0.171254 0.0491497 -0.212583 1.0
WORLDTM 
MAT 0.191405 0.335876 0.922253 0.0
MAT 0.351247 -0.900838 0.255179 0.0
MAT 0.916509 0.275097 -0.2904 0.0
MAT 3.40591 0.935046 0.421982 1.0
VERTEX = 9
3.94561 -0.159603 0.225488
4.20247 -0.0919101 0.649091
4.29082 -0.583409 0.674062
4.03395 -0.651102 0.250459
7.24932 0.114836 -1.55607
7.275 0.121606 -1.51371
7.28384 0.0724558 -1.51121
7.25815 0.0656866 -1.55357
3.90832 -0.402516 0.582003
INDEX = 14
4 5 7
6 7 5
1 2 5
6 5 2
0 1 4
5 4 1
7 6 3
2 3 6
4 7 0
3 0 7
8 1 0
8 2 1
8 3 2
8 0 3
FACE-NORMAL = 14
0.839564 0.124041 -0.52891
0.839564 0.124041 -0.52891
0.563084 0.142571 0.814009
0.563084 0.142571 0.814009
-0.126094 0.988662 -0.08153
-0.126094 0.988662 -0.0815301
0.226661 -0.973804 0.0181748
0.226661 -0.973804 0.0181748
-0.462517 -0.127713 -0.877364
-0.462517 -0.127713 -0.877364
-0.718603 0.607375 0.338682
-0.230405 0.00802182 0.973062
-0.46872 -0.782794 0.40931
-0.956918 -0.183442 -0.22507
BONE = 15
BONE_NAME = Facial_Dum_Eye_R
PARENT_ID = 1
LOCALTM 
MAT 1.0 0.0 0.0 0.0
MAT 0.0 1.0 0.0 0.0
MAT 0.0 0.0 1.0 0.0
MAT 0.861937 -0.681435 1.1849 1.0
WORLDTM 
MAT 0.839564 0.124041 -0.52891 0.0
MAT -0.176695 0.982998 -0.0499421 0.0
MAT 0.513723 0.135385 0.847207 0.0
MAT 3.90832 -0.402516 0.582003 1.0
VERTEX = 9
3.49093 -0.794559 0.76144
3.97092 -0.7779 0.622382
3.97686 -0.284318 0.70201
3.49687 -0.300976 0.841069
4.75905 -1.15064 4.28689
4.80705 -1.14898 4.27299
4.80764 -1.09962 4.28095
4.75964 -1.10129 4.29486
3.66393 -0.500392 0.494912
INDEX = 14
4 5 7
6 7 5
1 2 5
6 5 2
0 1 4
5 4 1
7 6 3
2 3 6
4 7 0
3 0 7
8 1 0
8 2 1
8 3 2
8 0 3
FACE-NORMAL = 14
0.279853 -0.156185 0.947253
0.279853 -0.156185 0.947253
0.975007 0.0239037 -0.220884
0.975007 0.0239037 -0.220884
0.0049051 -0.994748 -0.102238
0.0049051 -0.994748 -0.102238
0.028617 0.976039 0.215704
0.028617 0.976039 0.215704
-0.941485 -0.0426122 0.33435
-0.941485 -0.0426122 0.33435
-0.206285 -0.587592 -0.782421
0.480915 0.133999 -0.866467
-0.189488 0.808471 -0.557197
-0.876687 0.0868804 -0.473151
BONE = 16
BONE_NAME = Facial_Eyelid_Lower_R
PARENT_ID = 15
LOCALTM 
MAT -0.28543 -0.250286 0.925141 0.0
MAT -0.0481876 -0.96033 -0.274673 0.0
MAT 0.957187 -0.12298 0.262046 0.0
MAT -0.171258 -0.0486802 -0.212583 1.0
WORLDTM 
MAT 0.279853 -0.156185 0.947253 0.0
MAT -0.0118773 -0.987166 -0.159257 0.0
MAT 0.959969 0.0333178 -0.278117 0.0
MAT 3.66393 -0.500392 0.494912 1.0
VERTEX = 9
3.76434 -0.500168 -0.0562343
3.76086 -0.00541696 0.0159399
3.39612 -0.0573017 0.353988
3.39961 -0.552053 0.281814
6.16356 -0.678065 2.83787
6.16321 -0.62859 2.84509
6.12674 -0.633779 2.8789
6.12709 -0.683254 2.87168
3.40924 -0.253589 -0.031757
INDEX = 14
4 5 7
6 7 5
1 2 5
6 5 2
0 1 4
5 4 1
7 6 3
2 3 6
4 7 0
3 0 7
8 1 0
8 2 1
8 3 2
8 0 3
FACE-NORMAL = 14
0.683978 -0.100583 0.722535
0.683978 -0.100583 0.722535
0.0340044 0.981702 0.187363
0.0340044 0.981702 0.187364
0.769125 0.097559 -0.631608
0.769125 0.097559 -0.631608
-0.687195 -0.109607 0.718157
-0.687195 -0.109607 0.718157
0.0479256 -0.99375 -0.100815
0.0479256 -0.99375 -0.100815
0.0321678 0.144499 -0.988982
-0.488576 0.770807 -0.40884
-0.999458 -0.00225294 -0.0328377
-0.478715 -0.628561 -0.612979
BONE = 17
BONE_NAME = Facial_Eye_R
PARENT_ID = 15
LOCALTM 
MAT 0.17961 -0.255813 0.949894 0.0
MAT 0.982902 0.00687744 -0.184 0.0
MAT 0.0405367 0.966702 0.252675 0.0
MAT -0.0759146 0.265232 -0.756209 1.0
WORLDTM 
MAT 0.683977 -0.100583 0.722535 0.0
MAT 0.72947 0.103769 -0.676096 0.0
MAT -0.00697311 0.989502 0.144348 0.0
MAT 3.40924 -0.253589 -0.031757 1.0
VERTEX = 9
3.73852 -0.727965 0.556586
4.00768 -0.664208 0.140071
4.01294 -0.170511 0.219041
3.74378 -0.234268 0.635556
7.02201 -0.828809 2.39296
7.04892 -0.822434 2.35131
7.04945 -0.773064 2.3592
7.02253 -0.77944 2.40086
3.66506 -0.425791 0.255262
INDEX = 14
4 5 7
6 7 5
1 2 5
6 5 2
0 1 4
5 4 1
7 6 3
2 3 6
4 7 0
3 0 7
8 1 0
8 2 1
8 3 2
8 0 3
FACE-NORMAL = 14
0.842666 -0.0937864 0.530205
0.842666 -0.0937864 0.530205
0.587836 0.121668 -0.799778
0.587836 0.121668 -0.799778
0.0399698 -0.991237 -0.125901
0.0399699 -0.991237 -0.125901
0.0609686 0.980003 0.189412
0.0609686 0.980003 0.189411
-0.486898 -0.132902 0.863289
-0.486898 -0.132902 0.863289
-0.603293 -0.631875 -0.486592
-0.215196 0.156483 -0.963952
-0.588418 0.764509 -0.263231
-0.976514 -0.0238489 0.214129
BONE = 18
BONE_NAME = Facial_Eyelid_Upper_R
PARENT_ID = 15
LOCALTM 
MAT 0.415408 -0.267566 0.869393 0.0
MAT -0.0477715 -0.960859 -0.27289 0.0
MAT 0.90838 0.0718284 -0.411931 0.0
MAT -0.0342996 0.0364203 -0.404934 1.0
WORLDTM 
MAT 0.842666 -0.0937864 0.530205 0.0
MAT -0.0105183 -0.987393 -0.15794 0.0
MAT 0.538333 0.127514 -0.833029 0.0
MAT 3.66506 -0.425791 0.255262 1.0
VERTEX = 9
3.81701 0.56268 1.25255
4.07387 0.630373 1.67615
4.16222 0.138874 1.70112
3.90536 0.0711812 1.27752
7.12072 0.837119 -0.529007
7.14641 0.843888 -0.486647
7.15524 0.794739 -0.48415
7.12956 0.787969 -0.52651
3.77973 0.319767 1.60906
INDEX = 14
4 5 7
6 7 5
1 2 5
6 5 2
0 1 4
5 4 1
7 6 3
2 3 6
4 7 0
3 0 7
8 1 0
8 2 1
8 3 2
8 0 3
FACE-NORMAL = 14
0.839564 0.124041 -0.52891
0.839564 0.124041 -0.52891
0.563084 0.142571 0.814009
0.563084 0.142571 0.814009
-0.126094 0.988662 -0.08153
-0.126094 0.988662 -0.08153
0.226661 -0.973804 0.0181747
0.226661 -0.973804 0.0181747
-0.462517 -0.127713 -0.877364
-0.462517 -0.127713 -0.877364
-0.718603 0.607375 0.338682
-0.230405 0.00802174 0.973062
-0.46872 -0.782794 0.40931
-0.956918 -0.183442 -0.22507
BONE = 19
BONE_NAME = Facial_Dum_Nose
PARENT_ID = 1
LOCALTM 
MAT 1.0 0.0 0.0 0.0
MAT 0.0 1.0 1.78814e-007 0.0
MAT 0.0 -1.78814e-007 1.0 0.0
MAT 0.300344 -4.14252e-006 2.08676 1.0
WORLDTM 
MAT 0.839564 0.124041 -0.52891 0.0
MAT -0.176694 0.982998 -0.049942 0.0
MAT 0.513723 0.135385 0.847207 0.0
MAT 3.77973 0.319767 1.60906 1.0
VERTEX = 9
2.69666 0.362555 1.27724
2.95352 0.430247 1.70084
3.04187 -0.0612517 1.72581
2.78501 -0.128944 1.30221
6.00037 0.636994 -0.504316
6.02606 0.643763 -0.461956
6.03489 0.594613 -0.459458
6.00921 0.587844 -0.501819
2.65937 0.119641 1.63375
INDEX = 14
4 5 7
6 7 5
1 2 5
6 5 2
0 1 4
5 4 1
7 6 3
2 3 6
4 7 0
3 0 7
8 1 0
8 2 1
8 3 2
8 0 3
FACE-NORMAL = 14
0.839564 0.124041 -0.52891
0.839564 0.124041 -0.52891
0.563084 0.142571 0.814009
0.563084 0.142571 0.814009
-0.126094 0.988662 -0.08153
-0.126094 0.988662 -0.08153
0.226661 -0.973804 0.0181747
0.226661 -0.973804 0.0181747
-0.462517 -0.127713 -0.877364
-0.462517 -0.127713 -0.877364
-0.718603 0.607375 0.338682
-0.230405 0.00802174 0.973062
-0.46872 -0.782794 0.40931
-0.956918 -0.183442 -0.22507
BONE = 20
BONE_NAME = Facial_Dum_Jaw
PARENT_ID = 1
LOCALTM 
MAT 1.0 0.0 0.0 0.0
MAT 0.0 1.0 1.78814e-007 0.0
MAT 0.0 -1.78814e-007 1.0 0.0
MAT -0.678146 0.0 1.50503 1.0
WORLDTM 
MAT 0.839564 0.124041 -0.52891 0.0
MAT -0.176694 0.982998 -0.049942 0.0
MAT 0.513723 0.135385 0.847207 0.0
MAT 2.65937 0.119641 1.63375 1.0
VERTEX = 9
2.24065 -0.267408 0.428032
2.7295 -0.185859 0.361878
2.64345 0.305777 0.332056
2.1546 0.224228 0.39821
2.87329 0.294591 4.09514
2.92217 0.302745 4.08852
2.91357 0.351909 4.08554
2.86468 0.343754 4.09216
2.41196 -0.00108641 0.132691
INDEX = 14
4 5 7
6 7 5
1 2 5
6 5 2
0 1 4
5 4 1
7 6 3
2 3 6
4 7 0
3 0 7
8 1 0
8 2 1
8 3 2
8 0 3
FACE-NORMAL = 14
0.120367 0.0810841 0.989413
0.120367 0.0810841 0.989413
0.983152 0.167661 -0.0728123
0.983152 0.167661 -0.0728123
0.178999 -0.976651 0.118795
0.178999 -0.976651 0.118795
-0.164581 0.986364 -0.000278991
-0.164581 0.986364 -0.000279017
-0.968734 -0.157948 0.191329
-0.968734 -0.157948 0.191329
0.0365799 -0.752614 -0.657445
0.606225 0.0579923 -0.793176
-0.206804 0.637943 -0.741795
-0.776449 -0.172662 -0.606064
BONE = 21
BONE_NAME = Facial_Jaw
PARENT_ID = 20
LOCALTM 
MAT -0.412197 0.00902411 0.91105 0.0
MAT -0.00902411 -0.999942 0.00582173 0.0
MAT 0.91105 -0.00582172 0.412254 0.0
MAT 0.571231 7.62939e-006 -1.41516 1.0
WORLDTM 
MAT 0.120367 0.0810841 0.989413 0.0
MAT 0.172099 -0.983272 0.0596443 0.0
MAT 0.977698 0.163097 -0.132308 0.0
MAT 2.41196 -0.00108641 0.132691 1.0
VERTEX = 9
2.53233 -0.117081 2.06466
3.02118 -0.0355309 1.9985
2.93513 0.456105 1.96868
2.44628 0.374555 2.03483
3.16497 0.444923 5.73176
3.21385 0.453078 5.72515
3.20525 0.502242 5.72217
3.15636 0.494087 5.72878
2.70364 0.149241 1.76931
INDEX = 14
4 5 7
6 7 5
1 2 5
6 5 2
0 1 4
5 4 1
7 6 3
2 3 6
4 7 0
3 0 7
8 1 0
8 2 1
8 3 2
8 0 3
FACE-NORMAL = 14
0.120367 0.0810854 0.989412
0.120367 0.0810854 0.989412
0.983152 0.167663 -0.0728124
0.983152 0.167663 -0.0728124
0.179001 -0.97665 0.118796
0.179001 -0.97665 0.118796
-0.164583 0.986363 -0.00028006
-0.164583 0.986363 -0.000280086
-0.968734 -0.15795 0.191329
-0.968734 -0.15795 0.191329
0.0365816 -0.752614 -0.657445
0.606225 0.0579927 -0.793176
-0.206806 0.637942 -0.741796
-0.776449 -0.172665 -0.606064
BONE = 22
BONE_NAME = Facial_Dum_Lowerlip
PARENT_ID = 21
LOCALTM 
MAT 1.0 -1.3411e-006 0.0 0.0
MAT 1.3411e-006 1.0 1.98185e-006 0.0
MAT 0.0 -1.98185e-006 1.0 0.0
MAT 1.66659 0.0 0.0931537 1.0
WORLDTM 
MAT 0.120367 0.0810854 0.989413 0.0
MAT 0.172101 -0.983272 0.0596453 0.0
MAT 0.977698 0.163099 -0.132308 0.0
MAT 2.70364 0.149241 1.76931 1.0
VERTEX = 9
3.31783 0.287906 1.74299
2.88183 0.254789 1.98549
2.81624 -0.206685 1.80454
3.25224 -0.173567 1.56204
4.8606 -1.35661 4.75616
4.817 -1.35992 4.78041
4.81044 -1.40607 4.76231
4.85404 -1.40276 4.73806
2.94914 0.135407 1.57473
INDEX = 14
4 5 7
6 7 5
1 2 5
6 5 2
0 1 4
5 4 1
7 6 3
2 3 6
4 7 0
3 0 7
8 1 0
8 2 1
8 3 2
8 0 3
FACE-NORMAL = 14
0.471596 -0.379186 0.796125
0.471596 -0.379186 0.796125
-0.842193 -0.0888259 0.531808
-0.842193 -0.088826 0.531809
0.159183 0.89858 0.40892
0.159183 0.89858 0.40892
-0.102693 -0.944 -0.313556
-0.102693 -0.944 -0.313557
0.898683 0.0434053 -0.436445
0.898683 0.0434053 -0.436445
-0.240715 0.920747 -0.307052
-0.950069 0.22129 -0.22
-0.426222 -0.384497 -0.818839
0.283131 0.31496 -0.90589
BONE = 23
BONE_NAME = Facial_Lip_Lower_R
PARENT_ID = 22
LOCALTM 
MAT 0.813714 0.50149 0.2939 0.0
MAT 0.448683 -0.863348 0.230899 0.0
MAT 0.369531 -0.0560183 -0.927528 0.0
MAT -0.164092 0.044247 0.263513 1.0
WORLDTM 
MAT 0.471596 -0.379186 0.796125 0.0
MAT 0.131173 0.922947 0.361888 0.0
MAT -0.872004 -0.0662345 0.484997 0.0
MAT 2.94914 0.135407 1.57473 1.0
VERTEX = 9
3.09795 0.45426 1.46299
2.67993 0.396815 1.73124
2.76649 -0.0947425 1.76087
3.18451 -0.0372968 1.49263
4.90115 0.741326 4.75386
4.85935 0.735581 4.78068
4.86801 0.686425 4.78365
4.90981 0.69217 4.75682
2.80206 0.144151 1.40148
INDEX = 14
4 5 7
6 7 5
1 2 5
6 5 2
0 1 4
5 4 1
7 6 3
2 3 6
4 7 0
3 0 7
8 1 0
8 2 1
8 3 2
8 0 3
FACE-NORMAL = 14
0.52063 0.142431 0.841818
0.52063 0.142431 0.841818
-0.803362 -0.106155 0.585953
-0.803362 -0.106155 0.585953
-0.141639 0.98988 -0.00873811
-0.141639 0.98988 -0.0087381
0.204003 -0.972819 0.109575
0.204003 -0.972819 0.109575
0.865725 0.123216 -0.485116
0.865725 0.123216 -0.485116
-0.490563 0.594453 -0.637161
-0.959313 -0.181954 -0.215894
-0.245718 -0.795881 -0.55335
0.223032 -0.0194736 -0.974617
BONE = 24
BONE_NAME = Facial_Lip_Lower_C
PARENT_ID = 22
LOCALTM 
MAT 0.907121 -0.000237241 0.42087 0.0
MAT 0.000241503 -0.999999 -0.00108415 0.0
MAT 0.42087 0.00108507 -0.907121 0.0
MAT -0.352505 3.96371e-006 0.144067 1.0
WORLDTM 
MAT 0.52063 0.142431 0.841818 0.0
MAT -0.173132 0.983114 -0.0592629 0.0
MAT -0.836044 -0.114891 0.536498 0.0
MAT 2.80206 0.144151 1.40148 1.0
VERTEX = 9
2.90372 0.136098 1.99248
3.32924 0.226718 1.74605
3.11282 0.613469 1.51457
2.6873 0.522849 1.76099
4.11271 2.62839 4.54014
4.15526 2.63745 4.51549
4.13362 2.67613 4.49235
4.09107 2.66707 4.51699
2.93394 0.222951 1.56934
INDEX = 14
4 5 7
6 7 5
1 2 5
6 5 2
0 1 4
5 4 1
7 6 3
2 3 6
4 7 0
3 0 7
8 1 0
8 2 1
8 3 2
8 0 3
FACE-NORMAL = 14
0.297305 0.607327 0.736725
0.297305 0.607327 0.736725
0.867313 0.217289 -0.447832
0.867313 0.217289 -0.447832
0.449869 -0.73574 0.506266
0.449869 -0.73574 0.506266
-0.414257 0.808488 -0.418017
-0.414257 0.808488 -0.418017
-0.8317 -0.144541 0.536081
-0.8317 -0.144541 0.536081
0.0958379 -0.976394 -0.193572
0.391546 -0.301289 -0.869435
-0.51629 0.117504 -0.848314
-0.811998 -0.557601 -0.172452
BONE = 25
BONE_NAME = Facial_Lip_Lower_L
PARENT_ID = 22
LOCALTM 
MAT 0.813956 -0.502059 0.292254 0.0
MAT 0.447451 0.862669 0.235774 0.0
MAT -0.370491 -0.0611402 0.926821 0.0
MAT -0.164158 -0.0447694 0.263649 1.0
WORLDTM 
MAT 0.297305 0.607327 0.736725 0.0
MAT 0.43284 -0.773502 0.462973 0.0
MAT 0.851034 0.18124 -0.492841 0.0
MAT 2.93394 0.222951 1.56934 1.0
VERTEX = 9
3.08825 0.422406 1.06983
3.34511 0.490099 1.49343
3.43346 -0.00140013 1.5184
3.1766 -0.0690926 1.0948
6.39196 0.696845 -0.711727
6.41765 0.703615 -0.669367
6.42648 0.654465 -0.66687
6.40079 0.647695 -0.70923
3.05096 0.179493 1.42634
INDEX = 14
4 5 7
6 7 5
1 2 5
6 5 2
0 1 4
5 4 1
7 6 3
2 3 6
4 7 0
3 0 7
8 1 0
8 2 1
8 3 2
8 0 3
FACE-NORMAL = 14
0.839564 0.124041 -0.52891
0.839564 0.124041 -0.52891
0.563084 0.142571 0.814009
0.563084 0.142571 0.814009
-0.126094 0.988662 -0.08153
-0.126094 0.988662 -0.08153
0.226661 -0.973804 0.0181747
0.226661 -0.973804 0.0181747
-0.462517 -0.127713 -0.877364
-0.462517 -0.127713 -0.877364
-0.718603 0.607375 0.338682
-0.230405 0.00802174 0.973062
-0.46872 -0.782794 0.40931
-0.956918 -0.183442 -0.22507
BONE = 26
BONE_NAME = Facial_Dum_Upperlip
PARENT_ID = 1
LOCALTM 
MAT 1.0 0.0 0.0 0.0
MAT 0.0 1.0 1.78814e-007 0.0
MAT 0.0 -1.78814e-007 1.0 0.0
MAT -0.232256 8.64267e-007 1.53858 1.0
WORLDTM 
MAT 0.839564 0.124041 -0.52891 0.0
MAT -0.176694 0.982998 -0.049942 0.0
MAT 0.513723 0.135385 0.847207 0.0
MAT 3.05096 0.179493 1.42634 1.0
VERTEX = 9
3.523 0.365889 1.58336
3.04384 0.36696 1.72622
3.03356 -0.131987 1.69546
3.51271 -0.133057 1.55259
4.37152 -0.101331 5.22004
4.3236 -0.101224 5.23433
4.32257 -0.151119 5.23125
4.37049 -0.151226 5.21696
3.20703 0.133163 1.40032
INDEX = 14
4 5 7
6 7 5
1 2 5
6 5 2
0 1 4
5 4 1
7 6 3
2 3 6
4 7 0
3 0 7
8 1 0
8 2 1
8 3 2
8 0 3
FACE-NORMAL = 14
0.285004 -0.064847 0.95633
0.285004 -0.064847 0.95633
-0.939515 -0.00174722 0.342502
-0.939515 -0.00174722 0.342502
0.0376089 0.992218 0.118699
0.0376089 0.992218 0.1187
-0.00346979 -0.999985 -0.00414585
-0.00346979 -0.999985 -0.00414588
0.973655 -0.00602045 -0.227948
0.973655 -0.00602045 -0.227948
-0.186979 0.751471 -0.632717
-0.879153 0.0473673 -0.47418
-0.216078 -0.659763 -0.719738
0.476096 0.0443402 -0.878275
BONE = 27
BONE_NAME = Facial_Lip_Upper_R
PARENT_ID = 26
LOCALTM 
MAT -0.274577 -0.161864 0.947844 0.0
MAT 0.108509 0.974218 0.197802 0.0
MAT -0.955423 0.157161 -0.249934 0.0
MAT 0.139038 -0.0718181 0.0518575 1.0
WORLDTM 
MAT 0.285004 -0.064847 0.95633 0.0
MAT 0.0205763 0.997893 0.0615331 0.0
MAT -0.958305 0.00214046 0.285738 0.0
MAT 3.20703 0.133163 1.40032 1.0
VERTEX = 9
3.08155 -0.0524153 1.74251
3.53999 0.0205274 1.55673
3.45108 0.511843 1.53022
2.99264 0.4389 1.71599
4.58794 0.631593 5.12284
4.63378 0.638887 5.10427
4.62489 0.688018 5.10162
4.57905 0.680724 5.12019
3.17698 0.201041 1.40464
INDEX = 14
4 5 7
6 7 5
1 2 5
6 5 2
0 1 4
5 4 1
7 6 3
2 3 6
4 7 0
3 0 7
8 1 0
8 2 1
8 3 2
8 0 3
FACE-NORMAL = 14
0.35736 0.114691 0.926898
0.35736 0.114691 0.926898
0.936637 0.152493 -0.315368
0.936637 0.152493 -0.315367
0.198918 -0.973998 0.108443
0.198918 -0.973998 0.108443
-0.156112 0.987736 0.00258475
-0.156112 0.987736 0.00258473
-0.893831 -0.138754 0.426396
-0.893831 -0.138754 0.426396
-0.126944 -0.775924 -0.617922
0.395641 0.0220577 -0.91814
-0.378439 0.613726 -0.69291
-0.901024 -0.184255 -0.392691
BONE = 28
BONE_NAME = Facial_Lip_Upper_C
PARENT_ID = 26
LOCALTM 
MAT -0.175993 0.00330658 0.984386 0.0
MAT -0.000628002 -0.999995 0.00324672 0.0
MAT 0.984391 -4.67449e-005 0.175994 0.0
MAT 0.119947 0.0 0.0492654 1.0
WORLDTM 
MAT 0.35736 0.114691 0.926898 0.0
MAT 0.177834 -0.982631 0.0530245 0.0
MAT 0.91688 0.145885 -0.371549 0.0
MAT 3.17698 0.201041 1.40464 1.0
VERTEX = 9
3.10552 0.0321505 1.74356
3.55631 0.186896 1.59242
3.37227 0.644854 1.5124
2.92148 0.490109 1.66353
4.07802 1.26623 5.16336
4.1231 1.2817 5.14825
4.1047 1.3275 5.14024
4.05962 1.31202 5.15536
3.18206 0.274612 1.39306
INDEX = 14
4 5 7
6 7 5
1 2 5
6 5 2
0 1 4
5 4 1
7 6 3
2 3 6
4 7 0
3 0 7
8 1 0
8 2 1
8 3 2
8 0 3
FACE-NORMAL = 14
0.227326 0.255563 0.939687
0.227326 0.255563 0.939687
0.913575 0.324242 -0.245455
0.913575 0.324242 -0.245455
0.38103 -0.898966 0.216047
0.38103 -0.898966 0.216047
-0.3538 0.929578 -0.103487
-0.3538 0.929578 -0.103487
-0.886345 -0.29363 0.358015
-0.886345 -0.29363 0.358015
0.0995255 -0.828361 -0.551283
0.476769 0.0381334 -0.878201
-0.421012 0.46694 -0.777634
-0.798255 -0.399554 -0.450716
BONE = 29
BONE_NAME = Facial_Lip_Upper_L
PARENT_ID = 26
LOCALTM 
MAT -0.274455 0.164121 0.947491 0.0
MAT 0.110758 -0.973374 0.200687 0.0
MAT 0.9552 0.160022 0.24897 0.0
MAT 0.139467 0.0719999 0.0520258 1.0
WORLDTM 
MAT 0.227325 0.255563 0.939686 0.0
MAT 0.368076 -0.915916 0.160054 0.0
MAT 0.901578 0.309492 -0.302278 0.0
MAT 3.18206 0.274612 1.39306 1.0
VERTEX = 9
3.44806 0.177779 1.48949
3.10382 0.189112 1.85194
2.93446 -0.257815 1.70507
3.2787 -0.269148 1.34261
5.62182 -1.69744 3.92303
5.58739 -1.6963 3.95927
5.57046 -1.741 3.94458
5.60488 -1.74213 3.90834
3.03093 0.0719284 1.44151
INDEX = 14
4 5 7
6 7 5
1 2 5
6 5 2
0 1 4
5 4 1
7 6 3
2 3 6
4 7 0
3 0 7
8 1 0
8 2 1
8 3 2
8 0 3
FACE-NORMAL = 14
0.641301 -0.447786 0.623074
0.641301 -0.447786 0.623074
-0.648831 -0.00419378 0.760921
-0.648831 -0.00419379 0.760921
0.376526 0.86543 0.330544
0.376526 0.86543 0.330544
-0.299708 -0.919068 -0.255909
-0.299708 -0.919068 -0.25591
0.725649 -0.0494441 -0.686287
0.725649 -0.0494441 -0.686287
-0.213953 0.948682 -0.232864
-0.940294 0.33266 0.0720059
-0.692983 -0.315417 -0.648295
0.0333575 0.300605 -0.953165
BONE = 30
BONE_NAME = Facial_Lip_Out_R
PARENT_ID = 26
LOCALTM 
MAT 0.15332 -0.584605 0.7967 0.0
MAT 0.239886 0.804134 0.543896 0.0
MAT -0.958618 0.107727 0.263528 0.0
MAT -0.0381827 -0.102954 -0.0120025 1.0
WORLDTM 
MAT 0.641301 -0.447786 0.623074 0.0
MAT 0.338725 0.893853 0.293754 0.0
MAT -0.688475 0.0226658 0.724905 0.0
MAT 3.03093 0.0719284 1.44151 1.0
VERTEX = 9
3.09625 0.230661 1.84984
3.42155 0.325098 1.48207
3.11028 0.668771 1.29499
2.78498 0.574334 1.66276
4.73347 3.05785 3.71807
4.766 3.06729 3.68129
4.73487 3.10166 3.66258
4.70234 3.09222 3.69936
2.99454 0.27438 1.43122
INDEX = 14
4 5 7
6 7 5
1 2 5
6 5 2
0 1 4
5 4 1
7 6 3
2 3 6
4 7 0
3 0 7
8 1 0
8 2 1
8 3 2
8 0 3
FACE-NORMAL = 14
0.434908 0.701344 0.564776
0.434908 0.701344 0.564776
0.67549 0.23054 -0.700403
0.67549 0.23054 -0.700403
0.647475 -0.644106 0.407313
0.647475 -0.644106 0.407313
-0.595379 0.728116 -0.339661
-0.595379 0.728116 -0.339661
-0.623395 -0.14653 0.768055
-0.623395 -0.14653 0.768055
0.132679 -0.981951 -0.134787
0.152525 -0.362371 -0.919469
-0.747732 -0.00989848 -0.663927
-0.767577 -0.629479 0.120755
BONE = 31
BONE_NAME = Facial_Lip_Out_L
PARENT_ID = 26
LOCALTM 
MAT 0.153412 0.584368 0.796856 0.0
MAT 0.239511 -0.804345 0.543749 0.0
MAT 0.958697 0.107438 -0.263359 0.0
MAT -0.038182 0.103 -0.0120084 1.0
WORLDTM 
MAT 0.434908 0.701344 0.564776 0.0
MAT 0.622545 -0.687345 0.374159 0.0
MAT 0.65061 0.188874 -0.735549 0.0
MAT 2.99454 0.27438 1.43122 1.0
VERTEX = 9
2.47378 1.84654 -1.0754
2.73065 1.91423 -0.651801
2.81899 1.42273 -0.62683
2.56213 1.35504 -1.05043
5.77749 2.12098 -2.85696
5.80318 2.12775 -2.8146
5.81202 2.0786 -2.8121
5.78633 2.07183 -2.85446
2.4365 1.60363 -0.718889
INDEX = 14
4 5 7
6 7 5
1 2 5
6 5 2
0 1 4
5 4 1
7 6 3
2 3 6
4 7 0
3 0 7
8 1 0
8 2 1
8 3 2
8 0 3
FACE-NORMAL = 14
0.839564 0.124041 -0.52891
0.839564 0.124041 -0.52891
0.563084 0.142571 0.814009
0.563084 0.142571 0.814009
-0.126094 0.988662 -0.0815298
-0.126094 0.988662 -0.0815299
0.226661 -0.973804 0.0181746
0.226661 -0.973804 0.0181746
-0.462517 -0.127713 -0.877364
-0.462517 -0.127713 -0.877364
-0.718603 0.607375 0.338682
-0.230405 0.00802165 0.973062
-0.46872 -0.782794 0.40931
-0.956918 -0.183441 -0.22507
BONE = 32
BONE_NAME = Facial_Dum_Ear_L
PARENT_ID = 1
LOCALTM 
MAT 1.0 0.0 0.0 0.0
MAT 0.0 1.0 3.42727e-007 0.0
MAT 0.0 -3.27826e-007 1.0 0.0
MAT 0.563145 1.61563 -0.401732 1.0
WORLDTM 
MAT 0.839564 0.124041 -0.52891 0.0
MAT -0.176694 0.982998 -0.0499419 0.0
MAT 0.513723 0.135385 0.847207 0.0
MAT 2.4365 1.60363 -0.718889 1.0
VERTEX = 9
3.04481 -1.33021 -0.914001
3.30167 -1.26252 -0.490397
3.39002 -1.75402 -0.465427
3.13315 -1.82171 -0.88903
6.34852 -1.05577 -2.69556
6.3742 -1.049 -2.65319
6.38304 -1.09815 -2.6507
6.35735 -1.10492 -2.69306
3.00752 -1.57313 -0.557486
INDEX = 14
4 5 7
6 7 5
1 2 5
6 5 2
0 1 4
5 4 1
7 6 3
2 3 6
4 7 0
3 0 7
8 1 0
8 2 1
8 3 2
8 0 3
FACE-NORMAL = 14
0.839564 0.124041 -0.52891
0.839564 0.124041 -0.52891
0.563084 0.142571 0.814009
0.563084 0.142571 0.814009
-0.126094 0.988662 -0.0815298
-0.126094 0.988662 -0.0815298
0.226661 -0.973804 0.0181745
0.226661 -0.973804 0.0181745
-0.462517 -0.127713 -0.877364
-0.462517 -0.127713 -0.877364
-0.718603 0.607375 0.338682
-0.230405 0.00802164 0.973062
-0.46872 -0.782794 0.40931
-0.956918 -0.183441 -0.22507
BONE = 33
BONE_NAME = Facial_Dum_Ear_R
PARENT_ID = 1
LOCALTM 
MAT 1.0 0.0 0.0 0.0
MAT 0.0 1.0 3.72529e-007 0.0
MAT 0.0 -3.27826e-007 1.0 0.0
MAT 0.563142 -1.61607 -0.401727 1.0
WORLDTM 
MAT 0.839564 0.124041 -0.52891 0.0
MAT -0.176694 0.982998 -0.0499418 0.0
MAT 0.513723 0.135385 0.847207 0.0
MAT 3.00752 -1.57313 -0.557486 1.0
ANIMATION_COUNT = 34
TRACK_ID = 0
TRACK_NAME = Dummy_Neck
ANI_RANGE = 0f 26f
KEY_POS = 1
FRAME_POS 0f -1.90735e-006 1.90735e-006 1.90735e-006 
KEY_ROT = 1
FRAME_ROT 0f 0.0 0.0 0.0 1.0
KEY_SCALE = 1
FRAME_SCALE 0f 1.0 1.0 1.0 
TRACK_ID = 1
TRACK_NAME = Dummy_Face
ANI_RANGE = 0f 26f
KEY_POS = 1
FRAME_POS 0f 2.45555 -1.90735e-006 -4.17232e-007 
KEY_ROT = 27
FRAME_ROT 0f 0.0 0.0 0.0 1.0
FRAME_ROT 1f -0.0405079 0.0520909 -0.0210347 0.997599
FRAME_ROT 2f -0.0604932 0.111833 -0.0543608 0.990393
FRAME_ROT 3f -0.0479444 0.13225 -0.0773844 0.987027
FRAME_ROT 4f -0.0384045 0.140855 -0.0789582 0.986129
FRAME_ROT 5f -0.0180334 0.133859 -0.0756519 0.987944
FRAME_ROT 6f 0.0110125 0.107681 -0.0712179 0.99157
FRAME_ROT 7f 0.0426534 0.0666887 -0.0645395 0.99477
FRAME_ROT 8f 0.071234 0.0278941 -0.0580057 0.995381
FRAME_ROT 9f 0.0950521 0.00300013 -0.0597751 0.993671
FRAME_ROT 10f 0.117363 -0.0155541 -0.0719151 0.99036
FRAME_ROT 11f 0.138061 -0.0249112 -0.0900302 0.986008
FRAME_ROT 12f 0.156867 -0.0233227 -0.120764 0.979931
FRAME_ROT 13f 0.17438 -0.00648034 -0.140017 0.974651
FRAME_ROT 14f 0.201619 0.0616298 -0.107833 0.971557
FRAME_ROT 15f 0.20738 0.132146 -0.0611979 0.96736
FRAME_ROT 16f 0.189961 0.154358 -0.0385319 0.968815
FRAME_ROT 17f 0.179905 0.168487 -0.0398214 0.968329
FRAME_ROT 18f 0.163814 0.165623 -0.0445705 0.971466
FRAME_ROT 19f 0.141354 0.137436 -0.0484536 0.979174
FRAME_ROT 20f 0.11824 0.0899965 -0.0550098 0.987367
FRAME_ROT 21f 0.0972889 0.0420626 -0.0622803 0.992414
FRAME_ROT 22f 0.0789157 0.00914301 -0.0601994 0.99502
FRAME_ROT 23f 0.0614271 -0.014681 -0.0460918 0.996938
FRAME_ROT 24f 0.0433521 -0.0262979 -0.0268486 0.998352
FRAME_ROT 25f 0.0231283 -0.0178069 -0.0065273 0.999552
FRAME_ROT 26f 0.0 0.0 0.0 1.0
KEY_SCALE = 1
FRAME_SCALE 0f 1.0 1.0 1.0 
TRACK_ID = 2
TRACK_NAME = Facial_Eyebrow_R
ANI_RANGE = 0f 26f
KEY_POS = 1
FRAME_POS 0f 1.39924 -0.862387 0.784829 
KEY_ROT = 1
FRAME_ROT 0f 0.0 0.0 0.0 1.0
KEY_SCALE = 1
FRAME_SCALE 0f 1.0 1.0 1.0 
TRACK_ID = 3
TRACK_NAME = Facial_Nose
ANI_RANGE = 0f 26f
KEY_POS = 1
FRAME_POS 0f 0.18276 6.25849e-007 1.62593 
KEY_ROT = 1
FRAME_ROT 0f 0.0 0.0 0.0 1.0
KEY_SCALE = 1
FRAME_SCALE 0f 1.0 1.0 1.0 
TRACK_ID = 4
TRACK_NAME = Facial_Glabella_R
ANI_RANGE = 0f 26f
KEY_POS = 1
FRAME_POS 0f 1.49476 -0.00608042 0.802207 
KEY_ROT = 27
FRAME_ROT 0f 0.0 0.0 0.0 1.0
FRAME_ROT 1f 0.000119434 -0.00886843 0.000133828 0.999961
FRAME_ROT 2f 0.000211858 -0.0177157 0.000210466 0.999843
