EXPORTER_V17
ANIMATION_EXPORT
BONEOBJECT_COUNT = 34
VERTEX = 9
0.25 0.250002 -0.25
0.25 0.250002 0.25
0.25 -0.249998 0.25
0.25 -0.249998 -0.25
4.0 0.0250022 -0.025
4.0 0.0250021 0.025
4.0 -0.0249979 0.025
4.0 -0.0249978 -0.025
0.0 2.14577e-006 0.0
INDEX = 14
4 5 7
6 7 5
1 2 5
6 5 2
0 1 4
5 4 1
7 6 3
2 3 6
4 7 0
3 0 7
8 1 0
8 2 1
8 3 2
8 0 3
FACE-NORMAL = 14
1.0 0.0 0.0
1.0 0.0 0.0
0.0598923 -5.93487e-007 0.998205
0.0598923 -5.93487e-007 0.998205
0.0598923 0.998205 5.93487e-007
0.0598923 0.998205 5.93487e-007
0.0598923 -0.998205 -5.93487e-007
0.0598923 -0.998205 -5.93487e-007
0.0598923 5.93487e-007 -0.998205
0.0598923 5.93487e-007 -0.998205
-0.707107 0.707107 4.20413e-007
-0.707107 -4.20413e-007 0.707107
-0.707107 -0.707107 -4.20413e-007
-0.707107 4.20413e-007 -0.707107
BONE = 0
BONE_NAME = Dummy_Neck
PARENT_ID = -1
LOCALTM 
MAT 1.0 0.0 0.0 0.0
MAT 0.0 1.0 5.94554e-007 0.0
MAT 0.0 -5.94554e-007 1.0 0.0
MAT 0.0 2.14577e-006 0.0 1.0
WORLDTM 
MAT 1.0 0.0 0.0 0.0
MAT 0.0 1.0 5.94554e-007 0.0
MAT 0.0 -5.94554e-007 1.0 0.0
MAT 0.0 2.14577e-006 0.0 1.0
VERTEX = 9
2.60374 0.300529 -0.274269
2.80267 0.193625 0.171825
2.7645 -0.294779 0.0717984
2.56558 -0.187875 -0.374296
6.1046 0.0757618 -1.63707
6.12449 0.0650714 -1.59246
6.12068 0.016231 -1.60246
6.10078 0.0269214 -1.64707
2.45555 2.38419e-007 -4.17234e-007
INDEX = 14
4 5 7
6 7 5
1 2 5
6 5 2
0 1 4
5 4 1
7 6 3
2 3 6
4 7 0
3 0 7
8 1 0
8 2 1
8 3 2
8 0 3
FACE-NORMAL = 14
0.914271 0.011499 -0.404941
0.914271 0.011499 -0.404941
0.451893 -0.212736 0.866335
0.451893 -0.212736 0.866335
0.130941 0.975743 0.175442
0.130941 0.975743 0.175442
-0.0214256 -0.974366 -0.223947
-0.0214256 -0.974366 -0.223947
-0.342378 0.214113 -0.91484
-0.342378 0.214113 -0.91484
-0.59252 0.682576 0.427795
-0.365165 -0.159316 0.917209
-0.700454 -0.698839 0.144877
-0.927809 0.143054 -0.344537
BONE = 1
BONE_NAME = Dummy_Face
PARENT_ID = 0
LOCALTM 
MAT 0.914271 0.0114988 -0.404941 0.0
MAT 0.0763204 0.976808 0.200053 0.0
MAT 0.39785 -0.213808 0.892189 0.0
MAT 2.45555 -1.90735e-006 -4.17232e-007 1.0
WORLDTM 
MAT 0.914271 0.011499 -0.404941 0.0
MAT 0.0763204 0.976808 0.200054 0.0
MAT 0.39785 -0.213808 0.892189 0.0
MAT 2.45555 2.38419e-007 -4.17234e-007 1.0
VERTEX = 9
3.70652 -1.30796 0.0773003
4.15329 -1.37957 -0.135479
4.35486 -1.04298 0.174483
3.90809 -0.971372 0.387262
4.73963 -3.90927 2.59317
4.78431 -3.91643 2.57189
4.80446 -3.88277 2.60289
4.75979 -3.87561 2.62417
3.98127 -0.994099 -0.0389179
INDEX = 14
4 5 7
6 7 5
1 2 5
6 5 2
0 1 4
5 4 1
7 6 3
2 3 6
4 7 0
3 0 7
8 1 0
8 2 1
8 3 2
8 0 3
FACE-NORMAL = 14
0.197695 -0.725481 0.659237
0.197695 -0.725481 0.659237
0.903763 -0.186407 -0.385312
0.903763 -0.186407 -0.385312
-0.390582 -0.715419 -0.579328
-0.390582 -0.715419 -0.579328
0.414263 0.628518 0.658294
0.414263 0.628518 0.658294
-0.880082 0.0995053 0.464278
-0.880082 0.0995053 0.464278
-0.424859 0.0369844 -0.904504
0.492027 0.411726 -0.767067
0.145276 0.989001 -0.0277989
-0.77161 0.61426 -0.165236
BONE = 2
BONE_NAME = Facial_Eyebrow_R
PARENT_ID = 1
LOCALTM 
MAT -0.0945473 -0.561685 0.821931 0.0
MAT -0.125293 -0.812351 -0.56955 0.0
MAT 0.987605 -0.156832 0.00643018 0.0
MAT 1.39924 -0.862387 0.784829 1.0
WORLDTM 
MAT 0.197695 -0.725481 0.659237 0.0
MAT -0.403146 -0.673177 -0.619924 0.0
MAT 0.893527 -0.143213 -0.425559 0.0
MAT 3.98127 -0.994099 -0.0389179 1.0
VERTEX = 9
3.63652 -0.138852 1.47711
3.2318 -0.167084 1.76936
3.19364 -0.655487 1.66933
3.59836 -0.627256 1.37708
5.62059 -1.14586 4.51243
5.58012 -1.14868 4.54165
5.5763 -1.19752 4.53165
5.61677 -1.1947 4.50243
3.26952 -0.345535 1.37663
INDEX = 14
4 5 7
6 7 5
1 2 5
6 5 2
0 1 4
5 4 1
7 6 3
2 3 6
4 7 0
3 0 7
8 1 0
8 2 1
8 3 2
8 0 3
FACE-NORMAL = 14
0.58223 -0.206539 0.786352
0.58223 -0.206539 0.786352
-0.77311 -0.0687313 0.630537
-0.77311 -0.0687313 0.630537
0.111054 0.962684 0.246791
0.111054 0.962684 0.246791
-0.0413123 -0.987424 -0.152598
-0.0413123 -0.987424 -0.152598
0.842852 0.0439911 -0.536344
0.842852 0.0439911 -0.536344
-0.357732 0.836752 -0.414576
-0.984055 0.10612 -0.142738
-0.465665 -0.544662 -0.697494
0.160657 0.18597 -0.969332
BONE = 3
BONE_NAME = Facial_Nose
PARENT_ID = 1
LOCALTM 
MAT 0.211515 -1.63913e-007 0.977375 0.0
MAT 0.0 1.0 1.3411e-007 0.0
MAT -0.977375 0.0 0.211515 0.0
MAT 0.18276 7.30157e-007 1.62593 1.0
WORLDTM 
MAT 0.58223 -0.206539 0.786352 0.0
MAT 0.0763204 0.976808 0.200054 0.0
MAT -0.809434 -0.0564626 0.58449 0.0
MAT 3.26952 -0.345535 1.37663 1.0
VERTEX = 9
3.89414 -0.372874 0.394569
4.24841 -0.579713 0.10872
4.55759 -0.202555 0.218993
4.20332 0.00428413 0.504843
5.46772 -2.20791 3.27905
5.50314 -2.22859 3.25047
5.53406 -2.19088 3.2615
5.49863 -2.17019 3.29008
4.14086 -0.160269 0.109215
INDEX = 14
4 5 7
6 7 5
1 2 5
6 5 2
0 1 4
5 4 1
7 6 3
2 3 6
4 7 0
3 0 7
8 1 0
8 2 1
8 3 2
8 0 3
FACE-NORMAL = 14
0.340006 -0.509781 0.790265
0.340006 -0.509781 0.790265
0.727633 -0.443468 -0.523342
0.727633 -0.443468 -0.523342
-0.596883 -0.783495 -0.172821
-0.596883 -0.783495 -0.172821
0.63761 0.722431 0.267482
0.63761 0.722431 0.267482
-0.686905 0.382404 0.618004
-0.686905 0.382404 0.618004
-0.677665 -0.172913 -0.714752
0.260593 0.0679547 -0.963054
0.196823 0.893852 -0.402851
-0.741435 0.652984 -0.15455
BONE = 4
BONE_NAME = Facial_Glabella_R
PARENT_ID = 1
LOCALTM 
MAT -0.0150145 -0.313913 0.949333 0.0
MAT -0.484711 -0.828137 -0.281504 0.0
MAT 0.874545 -0.464379 -0.139723 0.0
MAT 1.49476 -0.00608045 0.802207 1.0
WORLDTM 
MAT 0.340006 -0.509781 0.790265 0.0
MAT -0.618357 -0.754317 -0.220547 0.0
MAT 0.708541 -0.413678 -0.571699 0.0
MAT 4.14086 -0.160269 0.109215 1.0
VERTEX = 9
3.17396 -0.731019 0.843934
2.72262 -0.748337 1.0584
2.60991 -1.15383 0.788449
3.06125 -1.13651 0.573987
4.29471 -3.11143 3.5349
4.24958 -3.11316 3.55635
4.2383 -3.15371 3.52935
4.28344 -3.15198 3.50791
2.8003 -0.796415 0.635129
INDEX = 14
4 5 7
6 7 5
1 2 5
6 5 2
0 1 4
5 4 1
7 6 3
2 3 6
4 7 0
3 0 7
8 1 0
8 2 1
8 3 2
8 0 3
FACE-NORMAL = 14
0.366552 -0.584039 0.72425
0.366552 -0.584039 0.72425
-0.879102 -0.0695536 0.471532
-0.879102 -0.0695536 0.471532
0.246973 0.774551 0.582301
0.246973 0.774551 0.582302
-0.203065 -0.84451 -0.495548
-0.203065 -0.84451 -0.495548
0.923009 -0.000405289 -0.384778
0.923009 -0.000405274 -0.384778
-0.0997931 0.986432 -0.13036
-0.89748 0.388486 -0.208826
-0.41859 -0.160476 -0.893885
0.379097 0.437469 -0.815418
BONE = 5
BONE_NAME = Facial_Cheek_R
PARENT_ID = 1
LOCALTM 
MAT 0.0351339 -0.39763 0.916873 0.0
MAT -0.00320121 0.91739 0.397976 0.0
MAT -0.999377 -0.0169176 0.0309586 0.0
MAT 0.0488403 -0.624574 0.874091 1.0
WORLDTM 
MAT 0.366552 -0.584039 0.72425 0.0
MAT 0.225424 0.810987 0.539894 0.0
MAT -0.902676 -0.0346363 0.428925 0.0
MAT 2.8003 -0.796415 0.635129 1.0
VERTEX = 9
3.61661 -0.66143 0.647498
4.08959 -0.501931 0.618375
3.95912 -0.0742019 0.84204
3.48614 -0.233701 0.871164
4.49271 -1.92703 4.0818
4.54001 -1.91108 4.07889
4.52696 -1.86831 4.10126
4.47966 -1.88426 4.10417
3.73973 -0.265826 0.521652
INDEX = 14
4 5 7
6 7 5
1 2 5
6 5 2
0 1 4
5 4 1
7 6 3
2 3 6
4 7 0
3 0 7
8 1 0
8 2 1
8 3 2
8 0 3
FACE-NORMAL = 14
0.192526 -0.407961 0.89247
0.192526 -0.407961 0.89247
0.955796 0.293993 -0.00469026
0.955796 0.293993 -0.00469024
0.271997 -0.878356 -0.393076
0.271997 -0.878356 -0.393076
-0.248935 0.829488 0.49998
-0.248935 0.829488 0.49998
-0.932735 -0.34286 0.111594
-0.932735 -0.34286 0.111594
0.0483723 -0.316428 -0.947382
0.532761 0.514038 -0.672258
-0.320645 0.893372 -0.31476
-0.805034 0.0629054 -0.589885
BONE = 6
BONE_NAME = Facial_Ridge_R
PARENT_ID = 1
LOCALTM 
MAT -0.190068 -0.205264 0.960073 0.0
MAT 0.40987 -0.905193 -0.112388 0.0
MAT 0.892121 0.372144 0.256179 0.0
MAT 0.959793 -0.0572937 1.03316 1.0
WORLDTM 
MAT 0.192526 -0.407961 0.89247 0.0
MAT 0.260935 -0.855458 -0.447331 0.0
MAT 0.945964 0.318999 -0.0582469 0.0
MAT 3.73973 -0.265826 0.521652 1.0
VERTEX = 9
2.79876 0.226166 1.25801
3.24882 0.226976 1.04017
3.20603 0.717564 0.953607
2.75598 0.716754 1.17144
4.58401 1.17144 4.4334
4.62901 1.17152 4.41161
4.62474 1.22058 4.40296
4.57973 1.2205 4.42474
2.8956 0.423589 0.884982
INDEX = 14
4 5 7
6 7 5
1 2 5
6 5 2
0 1 4
5 4 1
7 6 3
2 3 6
4 7 0
3 0 7
8 1 0
8 2 1
8 3 2
8 0 3
FACE-NORMAL = 14
0.427193 0.193105 0.883299
0.427193 0.193105 0.883299
0.924073 0.0131833 -0.381989
0.924073 0.0131833 -0.381989
0.110994 -0.96785 0.225714
0.110994 -0.96785 0.225714
-0.059823 0.990981 -0.119908
-0.059823 0.990981 -0.119908
-0.872902 0.00994767 0.487795
-0.872902 0.00994766 0.487795
-0.241569 -0.830342 -0.502171
0.334398 -0.1354 -0.932655
-0.362573 0.557251 -0.747002
-0.93854 -0.137692 -0.316518
BONE = 7
BONE_NAME = Facial_Cheek_L
PARENT_ID = 1
LOCALTM 
MAT 0.0351068 0.397937 0.916741 0.0
MAT -0.00315956 -0.917258 0.398282 0.0
MAT 0.999379 -0.0168789 -0.0309447 0.0
MAT 0.0488272 0.624393 0.874077 1.0
WORLDTM 
MAT 0.427193 0.193105 0.883299 0.0
MAT 0.0855622 -0.981177 0.173122 0.0
MAT 0.900103 0.00162072 -0.435674 0.0
MAT 2.8956 0.423589 0.884982 1.0
VERTEX = 9
4.16689 -0.461906 0.409366
4.55661 -0.215136 0.216417
4.31063 0.216636 0.271815
3.92092 -0.0301333 0.464764
5.68629 0.231506 3.78196
5.72526 0.256183 3.76266
5.70066 0.29936 3.7682
5.66169 0.274683 3.7875
4.14178 -0.148506 0.111624
INDEX = 14
4 5 7
6 7 5
1 2 5
6 5 2
0 1 4
5 4 1
7 6 3
2 3 6
4 7 0
3 0 7
8 1 0
8 2 1
8 3 2
8 0 3
FACE-NORMAL = 14
0.387922 0.103485 0.915864
0.387922 0.103485 0.915864
0.801258 0.498851 -0.330352
0.801259 0.498851 -0.330352
0.5143 -0.855797 -0.0557444
0.5143 -0.855797 -0.0557444
-0.467833 0.868193 0.165451
-0.467833 0.868193 0.165451
-0.754791 -0.486455 0.440058
-0.754791 -0.486455 0.440058
0.0735581 -0.683793 -0.725959
0.276834 0.27581 -0.920485
-0.622163 0.537444 -0.569269
-0.825439 -0.42216 -0.374743
BONE = 8
BONE_NAME = Facial_Glabella_L
PARENT_ID = 1
LOCALTM 
MAT -0.0150145 0.313913 0.949333 0.0
MAT 0.484711 -0.828137 0.281503 0.0
MAT 0.874545 0.464379 -0.139723 0.0
MAT 1.49476 0.0059624 0.802207 1.0
WORLDTM 
MAT 0.387922 0.103485 0.915864 0.0
MAT 0.491949 -0.863545 -0.110796 0.0
MAT 0.779424 0.493539 -0.385898 0.0
MAT 4.14178 -0.148506 0.111624 1.0
VERTEX = 9
4.02415 0.514764 0.691644
4.48291 0.596238 0.510247
4.34341 1.05314 0.362668
3.88465 0.971667 0.544065
5.23067 2.15215 3.85819
5.27655 2.16029 3.84005
5.2626 2.20598 3.8253
5.21672 2.19784 3.84344
4.11292 0.690945 0.306183
INDEX = 14
4 5 7
6 7 5
1 2 5
6 5 2
0 1 4
5 4 1
7 6 3
2 3 6
4 7 0
3 0 7
8 1 0
8 2 1
8 3 2
8 0 3
FACE-NORMAL = 14
0.283427 0.37203 0.883891
0.283427 0.37203 0.883891
0.93284 0.184937 -0.309204
0.93284 0.184937 -0.309204
0.295472 -0.889884 0.347567
0.295472 -0.889884 0.347567
-0.261522 0.934447 -0.24169
-0.261522 0.934447 -0.24169
-0.89889 -0.140374 0.41508
-0.89889 -0.140374 0.41508
-0.00313176 -0.909223 -0.416297
0.448366 -0.147843 -0.881539
-0.397695 0.383093 -0.833714
-0.849193 -0.378287 -0.368472
BONE = 9
BONE_NAME = Facial_Eyebrow_L
PARENT_ID = 1
LOCALTM 
MAT -0.094516 0.561859 0.821816 0.0
MAT 0.12505 -0.812272 0.569716 0.0
MAT 0.987638 0.156616 0.00651212 0.0
MAT 1.39924 0.862665 0.784828 1.0
WORLDTM 
MAT 0.283427 0.37203 0.883891 0.0
MAT 0.278998 -0.913806 0.295158 0.0
MAT 0.917512 0.162948 -0.362793 0.0
MAT 4.11292 0.690945 0.306183 1.0
VERTEX = 9
3.48235 -0.282149 0.861242
3.92693 -0.486163 0.757671
4.12648 -0.0296921 0.715093
3.6819 0.174322 0.818664
4.61167 -0.194616 4.45022
4.65613 -0.215018 4.43986
4.67608 -0.169371 4.4356
4.63163 -0.148969 4.44596
3.74845 -0.154182 0.544518
INDEX = 14
4 5 7
6 7 5
1 2 5
6 5 2
0 1 4
5 4 1
7 6 3
2 3 6
4 7 0
3 0 7
8 1 0
8 2 1
8 3 2
8 0 3
FACE-NORMAL = 14
0.223856 -0.00695281 0.974598
0.223856 -0.00695281 0.974598
0.900971 -0.407713 -0.148399
0.900971 -0.407713 -0.148399
-0.38498 -0.91172 0.143375
-0.38498 -0.91172 0.143375
0.411795 0.910887 -0.0266336
0.411795 0.910887 -0.0266336
-0.874156 0.40688 0.265141
-0.874156 0.40688 0.265141
-0.440499 -0.640632 -0.628929
0.470441 -0.283603 -0.835616
0.123919 0.650464 -0.74936
-0.787021 0.293436 -0.542673
BONE = 10
BONE_NAME = Facial_Ridge_L
PARENT_ID = 1
LOCALTM 
MAT -0.190069 0.205265 0.960073 0.0
MAT -0.409871 -0.905193 0.112388 0.0
MAT 0.892121 -0.372144 0.256182 0.0
MAT 0.95979 0.0570006 1.03316 1.0
WORLDTM 
MAT 0.223856 -0.00695281 0.974598 0.0
MAT -0.399104 -0.912943 0.0851573 0.0
MAT 0.88916 -0.408029 -0.207142 0.0
MAT 3.74845 -0.154182 0.544518 1.0
VERTEX = 9
3.91517 0.722306 0.570091
4.11409 0.615402 1.01619
4.07593 0.126998 0.916159
3.87701 0.233902 0.470064
7.41603 0.497538 -0.792706
7.43592 0.486848 -0.748096
7.4321 0.438008 -0.758099
7.41221 0.448698 -0.802708
3.76698 0.421777 0.84436
INDEX = 14
4 5 7
6 7 5
1 2 5
6 5 2
0 1 4
5 4 1
7 6 3
2 3 6
4 7 0
3 0 7
8 1 0
8 2 1
8 3 2
8 0 3
FACE-NORMAL = 14
0.914271 0.011499 -0.404941
0.914271 0.011499 -0.404941
0.451893 -0.212736 0.866335
0.451893 -0.212736 0.866335
0.130941 0.975743 0.175442
0.130941 0.975743 0.175442
-0.0214256 -0.974366 -0.223947
-0.0214256 -0.974366 -0.223947
-0.342378 0.214113 -0.91484
-0.342378 0.214113 -0.91484
-0.59252 0.682576 0.427796
-0.365165 -0.159316 0.917209
-0.700454 -0.698839 0.144877
-0.927809 0.143054 -0.344537
BONE = 11
BONE_NAME = Facial_Dum_Eye_L
PARENT_ID = 1
LOCALTM 
MAT 1.0 0.0 0.0 0.0
MAT 0.0 1.0 1.19209e-007 0.0
MAT 0.0 -1.63913e-007 1.0 0.0
MAT 0.861935 0.681001 1.1849 1.0
WORLDTM 
MAT 0.914271 0.011499 -0.404941 0.0
MAT 0.0763204 0.976808 0.200054 0.0
MAT 0.39785 -0.213808 0.892189 0.0
MAT 3.76698 0.421777 0.84436 1.0
VERTEX = 9
3.61277 0.236768 0.85038
3.94335 0.251102 0.475526
3.90386 0.749291 0.459754
3.57329 0.734957 0.834608
6.54159 0.767642 3.15341
6.57465 0.769075 3.11592
6.5707 0.818894 3.11435
6.53764 0.817461 3.15183
3.57179 0.473014 0.489813
INDEX = 14
4 5 7
6 7 5
1 2 5
6 5 2
0 1 4
5 4 1
7 6 3
2 3 6
4 7 0
3 0 7
8 1 0
8 2 1
8 3 2
8 0 3
FACE-NORMAL = 14
0.746088 0.0800636 0.661016
0.746088 0.0800636 0.661016
0.704645 0.0334129 -0.708772
0.704646 0.0334129 -0.708772
0.123518 -0.989794 0.0710772
0.123518 -0.989794 0.0710773
-0.0341484 0.999384 0.00810235
-0.0341485 0.999384 0.00810233
-0.615276 -0.0238226 0.787952
-0.615276 -0.0238226 0.787952
-0.47172 -0.761159 -0.445104
-0.0600619 -0.0363413 -0.997533
-0.583408 0.647932 -0.489714
-0.995066 -0.0768857 0.0627144
BONE = 12
BONE_NAME = Facial_Eyelid_Upper_L
PARENT_ID = 11
LOCALTM 
MAT 0.415374 0.267387 0.869464 0.0
MAT 0.0479738 -0.960932 0.272597 0.0
MAT 0.908385 -0.0715185 -0.411974 0.0
MAT -0.0342965 -0.035777 -0.404935 1.0
WORLDTM 
MAT 0.746088 0.0800636 0.661016 0.0
MAT 0.0789751 -0.996378 0.0315441 0.0
MAT 0.661147 0.0286692 -0.749708 0.0
MAT 3.57179 0.473014 0.489813 1.0
VERTEX = 9
3.74372 0.09819 0.1884
3.712 0.59684 0.169896
3.32818 0.584306 0.490088
3.3599 0.0856565 0.508592
5.9482 0.575823 3.20102
5.94503 0.625688 3.19917
5.90665 0.624435 3.23119
5.90982 0.57457 3.23304
3.37652 0.323989 0.147454
INDEX = 14
4 5 7
6 7 5
1 2 5
6 5 2
0 1 4
5 4 1
7 6 3
2 3 6
4 7 0
3 0 7
8 1 0
8 2 1
8 3 2
8 0 3
FACE-NORMAL = 14
0.637728 0.0690348 0.767162
0.637728 0.0690348 0.767162
-0.0251307 0.999644 0.00900523
-0.0251307 0.999644 0.00900526
0.804462 0.0291567 -0.593288
0.804462 0.0291567 -0.593288
-0.728072 -0.0208873 0.685182
-0.728072 -0.0208873 0.685182
0.101521 -0.991374 0.082889
0.101521 -0.991374 0.0828889
0.0918653 -0.03109 -0.995286
-0.4958 0.656382 -0.568634
-0.993749 -0.06654 -0.089645
-0.406083 -0.754012 -0.516297
BONE = 13
BONE_NAME = Facial_Eye_L
PARENT_ID = 11
LOCALTM 
MAT 0.273195 0.269579 0.923413 0.0
MAT 0.961442 -0.0450388 -0.271297 0.0
MAT -0.0315468 0.961925 -0.271489 0.0
MAT -0.075913 -0.264739 -0.756212 1.0
WORLDTM 
MAT 0.637728 0.0690348 0.767162 0.0
MAT 0.767645 0.025067 -0.640385 0.0
MAT -0.0634395 0.997299 -0.0370083 0.0
MAT 3.37652 0.323989 0.147454 1.0
VERTEX = 9
3.35691 0.25234 1.0332
3.84539 0.2969 0.936246
3.79775 0.794497 0.924925
3.30927 0.749937 1.02188
4.27141 0.648548 4.66232
4.32026 0.653004 4.65262
4.3155 0.702763 4.65149
4.26665 0.698307 4.66118
3.52959 0.51327 0.733876
INDEX = 14
4 5 7
6 7 5
1 2 5
6 5 2
0 1 4
5 4 1
7 6 3
2 3 6
4 7 0
3 0 7
8 1 0
8 2 1
8 3 2
8 0 3
FACE-NORMAL = 14
0.190967 0.0405965 0.980757
0.190967 0.0405965 0.980757
0.986645 0.0913916 -0.13483
0.986645 0.0913916 -0.13483
0.106544 -0.990975 0.0813412
0.106544 -0.990975 0.0813413
-0.083669 0.995838 0.0361383
-0.083669 0.995838 0.0361383
-0.96377 -0.0865288 0.252309
-0.96377 -0.0865288 0.252309
-0.067663 -0.732414 -0.677489
0.555782 0.0343114 -0.83062
-0.202406 0.675002 -0.70951
-0.82585 -0.0917235 -0.556379
BONE = 14
BONE_NAME = Facial_Eyelid_Lower_L
PARENT_ID = 11
LOCALTM 
MAT -0.222085 0.250434 0.942317 0.0
MAT 0.066497 -0.960312 0.270888 0.0
MAT 0.972757 0.122822 0.196618 0.0
MAT -0.171254 0.0491498 -0.212583 1.0
WORLDTM 
MAT 0.190967 0.0405965 0.980757 0.0
MAT 0.0952776 -0.995193 0.0226421 0.0
MAT 0.976962 0.0891202 -0.193917 0.0
MAT 3.52959 0.51327 0.733876 1.0
VERTEX = 9
3.81119 -0.608532 0.297529
4.01011 -0.715436 0.743624
3.97195 -1.20384 0.643597
3.77303 -1.09694 0.197502
7.31205 -0.833299 -1.06527
7.33194 -0.84399 -1.02066
7.32813 -0.89283 -1.03066
7.30823 -0.88214 -1.07527
3.663 -0.909061 0.571798
INDEX = 14
4 5 7
6 7 5
1 2 5
6 5 2
0 1 4
5 4 1
7 6 3
2 3 6
4 7 0
3 0 7
8 1 0
8 2 1
8 3 2
8 0 3
FACE-NORMAL = 14
0.914271 0.011499 -0.404941
0.914271 0.011499 -0.404941
0.451893 -0.212736 0.866335
0.451893 -0.212736 0.866335
0.130941 0.975743 0.175442
0.130941 0.975743 0.175442
-0.0214256 -0.974366 -0.223947
-0.0214256 -0.974366 -0.223947
-0.342378 0.214113 -0.91484
-0.342378 0.214113 -0.91484
-0.59252 0.682576 0.427796
-0.365165 -0.159316 0.917209
-0.700454 -0.698839 0.144877
-0.927809 0.143054 -0.344537
BONE = 15
BONE_NAME = Facial_Dum_Eye_R
PARENT_ID = 1
LOCALTM 
MAT 1.0 0.0 0.0 0.0
MAT 0.0 1.0 1.19209e-007 0.0
MAT 0.0 -1.63913e-007 1.0 0.0
MAT 0.861938 -0.681435 1.1849 1.0
WORLDTM 
MAT 0.914271 0.011499 -0.404941 0.0
MAT 0.0763204 0.976808 0.200054 0.0
MAT 0.39785 -0.213808 0.892189 0.0
MAT 3.663 -0.909061 0.571798 1.0
VERTEX = 9
3.1563 -1.20781 0.620931
3.63541 -1.28322 0.499401
3.75634 -0.842778 0.702836
3.27723 -0.767365 0.824366
3.9991 -2.726 3.95987
4.04701 -2.73354 3.94772
4.0591 -2.6895 3.96806
4.01119 -2.68196 3.98022
3.41814 -0.913129 0.441745
INDEX = 14
4 5 7
6 7 5
1 2 5
6 5 2
0 1 4
5 4 1
7 6 3
2 3 6
4 7 0
3 0 7
8 1 0
8 2 1
8 3 2
8 0 3
FACE-NORMAL = 14
0.152741 -0.448655 0.880556
0.152741 -0.448655 0.880556
0.965642 -0.177426 -0.189884
0.965642 -0.177426 -0.189884
-0.232278 -0.906176 -0.353401
-0.232278 -0.906176 -0.353401
0.250574 0.852434 0.458878
0.250574 0.852434 0.458878
-0.947346 0.123684 0.295361
-0.947346 0.123684 0.295361
-0.279025 -0.305634 -0.910348
0.569555 0.210597 -0.794516
0.0630168 0.940127 -0.334947
-0.785564 0.423897 -0.450778
BONE = 16
BONE_NAME = Facial_Eyelid_Lower_R
PARENT_ID = 15
LOCALTM 
MAT -0.222085 -0.250434 0.942317 0.0
MAT -0.066497 -0.960312 -0.270888 0.0
MAT 0.972757 -0.122822 0.196618 0.0
MAT -0.171258 -0.0486803 -0.212583 1.0
WORLDTM 
MAT 0.152741 -0.448655 0.880556 0.0
MAT -0.24186 -0.880886 -0.40687 0.0
MAT 0.958214 -0.150826 -0.243059 0.0
MAT 3.41814 -0.913129 0.441745 1.0
VERTEX = 9
3.58755 -0.807044 -0.124297
3.71541 -0.375346 0.0931607
3.32951 -0.419637 0.407992
3.20165 -0.851336 0.190535
5.65459 -2.49529 2.52917
5.66737 -2.45212 2.55092
5.62878 -2.45655 2.5824
5.616 -2.49972 2.56066
3.31298 -0.489169 -0.0190817
INDEX = 14
4 5 7
6 7 5
1 2 5
6 5 2
0 1 4
5 4 1
7 6 3
2 3 6
4 7 0
3 0 7
8 1 0
8 2 1
8 3 2
8 0 3
FACE-NORMAL = 14
0.582175 -0.496688 0.643718
0.582175 -0.496688 0.643718
0.290133 0.832099 0.472688
0.290133 0.832099 0.472688
0.805283 0.058676 -0.589979
0.805283 0.058676 -0.589979
-0.735548 -0.118172 0.667087
-0.735548 -0.118172 0.667087
-0.220397 -0.891595 -0.395581
-0.220397 -0.891595 -0.395581
0.134086 0.413849 -0.900416
-0.230836 0.961725 -0.147646
-0.957406 0.288574 -0.00993785
-0.592485 -0.259302 -0.762709
BONE = 17
BONE_NAME = Facial_Eye_R
PARENT_ID = 15
LOCALTM 
MAT 0.265887 -0.311959 0.912132 0.0
MAT 0.96163 0.0194661 -0.273658 0.0
MAT 0.0676146 0.949896 0.305165 0.0
MAT -0.0759146 0.265232 -0.756209 1.0
WORLDTM 
MAT 0.582175 -0.496688 0.643718 0.0
MAT 0.771801 0.0885828 -0.629663 0.0
MAT 0.255724 0.863397 0.434915 0.0
MAT 3.31298 -0.489169 -0.0190817 1.0
VERTEX = 9
3.42522 -1.16028 0.446336
3.76127 -1.07594 0.0858409
3.87406 -0.635553 0.294015
3.53801 -0.719894 0.65451
6.27193 -2.58341 2.45499
6.30554 -2.57497 2.41894
6.31681 -2.53093 2.43976
6.28321 -2.53937 2.47581
3.47332 -0.787301 0.231696
INDEX = 14
4 5 7
6 7 5
1 2 5
6 5 2
0 1 4
5 4 1
7 6 3
2 3 6
4 7 0
3 0 7
8 1 0
8 2 1
8 3 2
8 0 3
FACE-NORMAL = 14
0.705263 -0.442467 0.55392
0.705263 -0.442467 0.55392
0.713134 0.141879 -0.686521
0.713134 0.141879 -0.686521
-0.182933 -0.905697 -0.382425
-0.182933 -0.905697 -0.382425
0.267413 0.852696 0.448776
0.267413 0.852696 0.448776
-0.628654 -0.19488 0.752872
-0.628654 -0.19488 0.752872
-0.658204 -0.309932 -0.686083
-0.0234492 0.432148 -0.901498
-0.339188 0.935675 -0.0972782
-0.973943 0.193595 0.118137
BONE = 18
BONE_NAME = Facial_Eyelid_Upper_R
PARENT_ID = 15
LOCALTM 
MAT 0.415408 -0.267566 0.869393 0.0
MAT -0.0477715 -0.960859 -0.27289 0.0
MAT 0.90838 0.0718284 -0.411931 0.0
MAT -0.0342994 0.0364203 -0.404934 1.0
WORLDTM 
MAT 0.705263 -0.442467 0.55392 0.0
MAT -0.225578 -0.880778 -0.416348 0.0
MAT 0.6721 0.168682 -0.72099 0.0
MAT 3.47332 -0.787301 0.231696 1.0
VERTEX = 9
3.70855 -0.142187 1.46589
3.90748 -0.249091 1.91198
3.86932 -0.737495 1.81196
3.67039 -0.630591 1.36586
7.20941 -0.366955 0.103093
7.2293 -0.377645 0.147703
7.22549 -0.426485 0.1377
7.20559 -0.415795 0.0930907
3.56037 -0.442716 1.74016
INDEX = 14
4 5 7
6 7 5
1 2 5
6 5 2
0 1 4
5 4 1
7 6 3
2 3 6
4 7 0
3 0 7
8 1 0
8 2 1
8 3 2
8 0 3
FACE-NORMAL = 14
0.914271 0.011499 -0.404941
0.914271 0.011499 -0.404941
0.451893 -0.212736 0.866335
0.451893 -0.212736 0.866335
0.130941 0.975743 0.175442
0.130941 0.975743 0.175442
-0.0214256 -0.974366 -0.223947
-0.0214257 -0.974366 -0.223947
-0.342378 0.214113 -0.91484
-0.342378 0.214113 -0.91484
-0.59252 0.682576 0.427796
-0.365165 -0.159316 0.917209
-0.700454 -0.698838 0.144877
-0.927809 0.143054 -0.344537
BONE = 19
BONE_NAME = Facial_Dum_Nose
PARENT_ID = 1
LOCALTM 
MAT 1.0 0.0 0.0 0.0
MAT 0.0 1.0 1.93715e-007 0.0
MAT 0.0 -2.08616e-007 1.0 0.0
MAT 0.300345 -4.09782e-006 2.08676 1.0
WORLDTM 
MAT 0.914271 0.011499 -0.404941 0.0
MAT 0.0763204 0.976808 0.200054 0.0
MAT 0.39785 -0.213809 0.892189 0.0
MAT 3.56037 -0.442716 1.74016 1.0
VERTEX = 9
2.58251 -0.0290573 1.34311
2.78143 -0.135962 1.78921
2.74327 -0.624366 1.68918
2.54435 -0.517461 1.24309
6.08337 -0.253825 -0.0196843
6.10326 -0.264515 0.0249252
6.09944 -0.313355 0.0149226
6.07955 -0.302665 -0.0296869
2.43432 -0.329586 1.61738
INDEX = 14
4 5 7
6 7 5
1 2 5
6 5 2
0 1 4
5 4 1
7 6 3
2 3 6
4 7 0
3 0 7
8 1 0
8 2 1
8 3 2
8 0 3
FACE-NORMAL = 14
0.914271 0.011499 -0.404941
0.914271 0.011499 -0.404941
0.451893 -0.212736 0.866335
0.451893 -0.212736 0.866335
0.130941 0.975743 0.175442
0.130941 0.975743 0.175442
-0.0214256 -0.974366 -0.223947
-0.0214257 -0.974366 -0.223947
-0.342378 0.214113 -0.91484
-0.342378 0.214113 -0.91484
-0.59252 0.682576 0.427796
-0.365165 -0.159316 0.917209
-0.700454 -0.698838 0.144877
-0.927809 0.143054 -0.344537
BONE = 20
BONE_NAME = Facial_Dum_Jaw
PARENT_ID = 1
LOCALTM 
MAT 1.0 0.0 0.0 0.0
MAT 0.0 1.0 1.93715e-007 0.0
MAT 0.0 -2.08616e-007 1.0 0.0
MAT -0.678146 0.0 1.50503 1.0
WORLDTM 
MAT 0.914271 0.011499 -0.404941 0.0
MAT 0.0763204 0.976808 0.200054 0.0
MAT 0.39785 -0.213809 0.892189 0.0
MAT 2.43432 -0.329586 1.61738 1.0
VERTEX = 9
2.12044 -0.291803 0.321638
2.6187 -0.33348 0.3205
2.65983 0.15557 0.416097
2.16157 0.197247 0.417235
2.31175 -0.805667 4.04496
2.36158 -0.809835 4.04484
2.36569 -0.76093 4.0544
2.31587 -0.756762 4.05452
2.39356 -0.0204373 0.12348
INDEX = 14
4 5 7
6 7 5
1 2 5
6 5 2
0 1 4
5 4 1
7 6 3
2 3 6
4 7 0
3 0 7
8 1 0
8 2 1
8 3 2
8 0 3
FACE-NORMAL = 14
-0.0137099 -0.190715 0.98155
-0.0137099 -0.190715 0.98155
0.993907 -0.0946267 0.0565145
0.993907 -0.0946268 0.0565145
-0.0829238 -0.987767 -0.132063
-0.0829238 -0.987767 -0.132063
0.0812816 0.964922 0.249638
0.0812816 0.964922 0.249638
-0.99555 0.071782 0.06106
-0.99555 0.071782 0.06106
-0.0484654 -0.556765 -0.829255
0.714338 0.0759159 -0.69567
0.0678541 0.826477 -0.558866
-0.69495 0.193796 -0.69245
BONE = 21
BONE_NAME = Facial_Jaw
PARENT_ID = 20
LOCALTM 
MAT -0.412197 0.00902414 0.91105 0.0
MAT -0.00902409 -0.999942 0.0058217 0.0
MAT 0.91105 -0.00582169 0.412255 0.0
MAT 0.571231 7.58469e-006 -1.41516 1.0
WORLDTM 
MAT -0.0137099 -0.190715 0.98155 0.0
MAT -0.0822503 -0.9781 -0.191194 0.0
MAT 0.996518 -0.083354 -0.00227686 0.0
MAT 2.39356 -0.0204373 0.12348 1.0
VERTEX = 9
2.19042 -0.617412 1.95727
2.68868 -0.659088 1.95613
2.72981 -0.170038 2.05173
2.23155 -0.128362 2.05287
2.38173 -1.13127 5.68059
2.43156 -1.13544 5.68047
2.43567 -1.08653 5.69003
2.38585 -1.08237 5.69015
2.46354 -0.346047 1.75911
INDEX = 14
4 5 7
6 7 5
1 2 5
6 5 2
0 1 4
5 4 1
7 6 3
2 3 6
4 7 0
3 0 7
8 1 0
8 2 1
8 3 2
8 0 3
FACE-NORMAL = 14
-0.0137098 -0.190714 0.98155
-0.0137098 -0.190714 0.98155
0.993908 -0.0946248 0.0565149
0.993908 -0.0946248 0.0565149
-0.0829219 -0.987767 -0.132062
-0.0829219 -0.987767 -0.132062
0.0812797 0.964922 0.249637
0.0812797 0.964922 0.249637
-0.99555 0.0717802 0.0610597
-0.99555 0.0717802 0.0610596
-0.0484641 -0.556766 -0.829254
0.714339 0.0759164 -0.69567
0.0678527 0.826477 -0.558867
-0.69495 0.193794 -0.692451
BONE = 22
BONE_NAME = Facial_Dum_Lowerlip
PARENT_ID = 21
LOCALTM 
MAT 1.0 -1.17719e-006 0.0 0.0
MAT 1.16229e-006 1.0 1.95205e-006 0.0
MAT 0.0 -1.95205e-006 1.0 0.0
MAT 1.66659 0.0 0.0931532 1.0
WORLDTM 
MAT -0.0137098 -0.190714 0.98155 0.0
MAT -0.0822484 -0.9781 -0.191193 0.0
MAT 0.996518 -0.0833521 -0.00227646 0.0
MAT 2.46354 -0.346047 1.75911 1.0
VERTEX = 9
3.10368 -0.292268 1.77928
2.65663 -0.269294 2.00203
2.53156 -0.707466 1.79621
2.97861 -0.73044 1.57346
4.23936 -2.27719 4.76827
4.19465 -2.27489 4.79055
4.18215 -2.31871 4.76997
4.22685 -2.32101 4.74769
2.72475 -0.379995 1.58899
INDEX = 14
4 5 7
6 7 5
1 2 5
6 5 2
0 1 4
5 4 1
7 6 3
2 3 6
4 7 0
3 0 7
8 1 0
8 2 1
8 3 2
8 0 3
FACE-NORMAL = 14
0.371501 -0.479489 0.795033
0.371501 -0.479489 0.795033
-0.870245 0.0171483 0.492321
-0.870245 0.0171483 0.492321
0.271946 0.846053 0.458519
0.271946 0.846053 0.458519
-0.227446 -0.903488 -0.363286
-0.227446 -0.903488 -0.363286
0.914745 -0.0745837 -0.397088
0.914745 -0.0745837 -0.397088
-0.0858114 0.958719 -0.271099
-0.894915 0.371541 -0.247154
-0.43957 -0.280619 -0.853247
0.369533 0.30656 -0.877192
BONE = 23
BONE_NAME = Facial_Lip_Lower_R
PARENT_ID = 22
LOCALTM 
MAT 0.866717 0.286429 0.408364 0.0
MAT 0.233486 -0.95643 0.175292 0.0
MAT 0.44078 -0.0565812 -0.89583 0.0
MAT -0.164092 0.0442471 0.263513 1.0
WORLDTM 
MAT 0.371501 -0.479489 0.795033 0.0
MAT 0.250145 0.876344 0.411642 0.0
MAT -0.8941 0.0459485 0.445505 0.0
MAT 2.72475 -0.379995 1.58899 1.0
VERTEX = 9
2.96404 -0.0896336 1.56459
2.51931 -0.104692 1.79261
2.4859 -0.59396 1.69514
2.93063 -0.578901 1.46712
4.44433 -1.08107 4.87964
4.39986 -1.08257 4.90244
4.39651 -1.1315 4.8927
4.44099 -1.12999 4.8699
2.61194 -0.290831 1.41278
INDEX = 14
4 5 7
6 7 5
1 2 5
6 5 2
0 1 4
5 4 1
7 6 3
2 3 6
4 7 0
3 0 7
8 1 0
8 2 1
8 3 2
8 0 3
FACE-NORMAL = 14
0.45212 -0.203863 0.868347
0.45212 -0.203863 0.868347
-0.860776 -0.0422732 0.507226
-0.860776 -0.0422732 0.507226
0.0937753 0.96457 0.2466
0.0937753 0.96457 0.2466
-0.0396183 -0.988989 -0.142586
-0.0396183 -0.988989 -0.142586
0.914933 0.0178536 -0.403211
0.914933 0.0178536 -0.403211
-0.272451 0.836082 -0.476169
-0.948634 0.122857 -0.291547
-0.366944 -0.547777 -0.75186
0.309239 0.165449 -0.936481
BONE = 24
BONE_NAME = Facial_Lip_Lower_C
PARENT_ID = 22
LOCALTM 
MAT 0.885007 -0.00380938 0.465562 0.0
MAT 0.00380942 -0.999874 -0.0154228 0.0
MAT 0.465561 0.0154228 -0.884881 0.0
MAT -0.352506 3.93391e-006 0.144067 1.0
WORLDTM 
MAT 0.45212 -0.203863 0.868347 0.0
MAT 0.0668167 0.978536 0.194943 0.0
MAT -0.889451 -0.0301175 0.456037 0.0
MAT 2.61194 -0.290831 1.41278 1.0
VERTEX = 9
2.63532 -0.538494 1.94918
3.08686 -0.503805 1.73727
3.03824 -0.00667167 1.71504
2.58669 -0.0413611 1.92694
4.38524 0.00597703 5.23628
4.4304 0.00944597 5.21509
4.42554 0.0591593 5.21287
4.38038 0.0556903 5.23406
2.73221 -0.292926 1.60594
INDEX = 14
4 5 7
6 7 5
1 2 5
6 5 2
0 1 4
5 4 1
7 6 3
2 3 6
4 7 0
3 0 7
8 1 0
8 2 1
8 3 2
8 0 3
FACE-NORMAL = 14
0.418296 0.0813736 0.904658
0.418296 0.0813736 0.904658
0.926521 0.0741279 -0.368868
0.926521 0.0741279 -0.368868
0.122129 -0.987607 0.098569
0.122129 -0.987607 0.098569
-0.0720239 0.997355 0.00979509
-0.0720239 0.997355 0.00979508
-0.876416 -0.0643806 0.477232
-0.876416 -0.0643806 0.477232
-0.227013 -0.760592 -0.608247
0.342801 -0.00848161 -0.93937
-0.364547 0.645512 -0.671133
-0.934361 -0.106598 -0.340011
BONE = 25
BONE_NAME = Facial_Lip_Lower_L
PARENT_ID = 22
LOCALTM 
MAT 0.866714 -0.28696 0.407997 0.0
MAT 0.231934 0.955992 0.179685 0.0
MAT -0.441604 -0.0611075 0.895127 0.0
MAT -0.164159 -0.0447692 0.263649 1.0
WORLDTM 
MAT 0.418296 0.0813736 0.904659 0.0
MAT 0.0972512 -0.994266 0.0444668 0.0
MAT 0.90309 0.0693788 -0.423811 0.0
MAT 2.73221 -0.292926 1.60594 1.0
VERTEX = 9
3.00352 -0.0311025 1.19249
3.20245 -0.138007 1.63858
3.16429 -0.626411 1.53855
2.96536 -0.519506 1.09246
6.50438 -0.25587 -0.17031
6.52427 -0.26656 -0.1257
6.52046 -0.315401 -0.135703
6.50056 -0.30471 -0.180313
2.85534 -0.331631 1.46676
INDEX = 14
4 5 7
6 7 5
1 2 5
6 5 2
0 1 4
5 4 1
7 6 3
2 3 6
4 7 0
3 0 7
8 1 0
8 2 1
8 3 2
8 0 3
FACE-NORMAL = 14
0.914271 0.011499 -0.404941
0.914271 0.011499 -0.404941
0.451893 -0.212736 0.866335
0.451893 -0.212736 0.866335
0.130941 0.975743 0.175442
0.130941 0.975743 0.175442
-0.0214256 -0.974366 -0.223947
-0.0214257 -0.974366 -0.223947
-0.342378 0.214113 -0.91484
-0.342378 0.214113 -0.91484
-0.59252 0.682576 0.427796
-0.365165 -0.159316 0.917209
-0.700454 -0.698838 0.144877
-0.927809 0.143054 -0.344537
BONE = 26
BONE_NAME = Facial_Dum_Upperlip
PARENT_ID = 1
LOCALTM 
MAT 1.0 0.0 0.0 0.0
MAT 0.0 1.0 1.93715e-007 0.0
MAT 0.0 -2.08616e-007 1.0 0.0
MAT -0.232255 7.89762e-007 1.53858 1.0
WORLDTM 
MAT 0.914271 0.011499 -0.404941 0.0
MAT 0.0763204 0.976808 0.200054 0.0
MAT 0.39785 -0.213809 0.892189 0.0
MAT 2.85534 -0.331631 1.46676 1.0
VERTEX = 9
3.32933 -0.323601 1.70649
2.84886 -0.225617 1.80416
2.72273 -0.680907 1.64045
3.20321 -0.778891 1.54277
3.48277 -1.84911 5.1435
3.43472 -1.83931 5.15327
3.42211 -1.88484 5.1369
3.47015 -1.89463 5.12713
2.9976 -0.411273 1.44235
INDEX = 14
4 5 7
6 7 5
1 2 5
6 5 2
0 1 4
5 4 1
7 6 3
2 3 6
4 7 0
3 0 7
8 1 0
8 2 1
8 3 2
8 0 3
FACE-NORMAL = 14
0.113708 -0.363925 0.924462
0.113708 -0.363925 0.924462
-0.952422 0.17382 0.250359
-0.952422 0.17382 0.250359
0.258612 0.887149 0.382213
0.258612 0.887149 0.382213
-0.244991 -0.930741 -0.271477
-0.244991 -0.930741 -0.271477
0.966042 -0.217412 -0.139623
0.966042 -0.217412 -0.139623
0.0979672 0.901211 -0.422163
-0.759903 0.395904 -0.515566
-0.258774 -0.386544 -0.885223
0.599096 0.118763 -0.791821
BONE = 27
BONE_NAME = Facial_Lip_Upper_R
PARENT_ID = 26
LOCALTM 
MAT -0.274577 -0.161864 0.947844 0.0
MAT 0.108509 0.974218 0.197802 0.0
MAT -0.955423 0.157161 -0.249934 0.0
MAT 0.139038 -0.0718181 0.0518577 1.0
WORLDTM 
MAT 0.113708 -0.363925 0.924462 0.0
MAT 0.252254 0.91058 0.327433 0.0
MAT -0.960957 0.195968 0.195342 0.0
MAT 2.9976 -0.411273 1.44235 1.0
VERTEX = 9
2.78054 -0.629435 1.71222
3.26543 -0.644092 1.59112
3.30429 -0.15501 1.6875
2.81939 -0.140352 1.8086
3.88343 -1.1875 5.26693
3.93191 -1.18896 5.25482
3.9358 -1.14006 5.26446
3.88731 -1.13859 5.27657
2.9846 -0.340785 1.46214
INDEX = 14
4 5 7
6 7 5
1 2 5
6 5 2
0 1 4
5 4 1
7 6 3
2 3 6
4 7 0
3 0 7
8 1 0
8 2 1
8 3 2
8 0 3
FACE-NORMAL = 14
0.231253 -0.205748 0.950889
0.231253 -0.205748 0.950889
0.981895 -0.0415843 -0.184806
0.981895 -0.0415843 -0.184806
-0.0637151 -0.988733 -0.135455
-0.0637151 -0.988733 -0.135455
0.0914157 0.964087 0.249357
0.0914157 0.964087 0.249357
-0.954194 0.0169389 0.298708
-0.954194 0.0169389 0.298708
-0.218466 -0.546182 -0.808676
0.522221 0.124757 -0.843635
-0.108575 0.837153 -0.536084
-0.849263 0.166214 -0.501125
BONE = 28
BONE_NAME = Facial_Lip_Upper_C
PARENT_ID = 26
LOCALTM 
MAT -0.175991 0.00690217 0.984368 0.0
MAT -0.00423808 -0.999971 0.00625387 0.0
MAT 0.984383 -0.0030712 0.176016 0.0
MAT 0.119947 -1.19209e-007 0.0492651 1.0
WORLDTM 
MAT 0.231253 -0.205748 0.950889 0.0
MAT -0.0777049 -0.978166 -0.192752 0.0
MAT 0.969785 -0.0293142 -0.242192 0.0
MAT 2.9846 -0.340785 1.46214 1.0
VERTEX = 9
2.82424 -0.558801 1.73646
3.31653 -0.50177 1.67013
3.26312 -0.0055525 1.7004
2.77083 -0.0625838 1.76672
3.54133 -0.480176 5.43015
3.59056 -0.474473 5.42352
3.58522 -0.424851 5.42654
3.53599 -0.430555 5.43318
3.00904 -0.270821 1.4711
INDEX = 14
4 5 7
6 7 5
1 2 5
6 5 2
0 1 4
5 4 1
7 6 3
2 3 6
4 7 0
3 0 7
8 1 0
8 2 1
8 3 2
8 0 3
FACE-NORMAL = 14
0.138558 -0.0454232 0.989312
0.138558 -0.0454232 0.989312
0.991108 0.111137 -0.0731677
0.991108 0.111137 -0.0731677
0.114925 -0.993374 -0.00116616
0.114925 -0.993374 -0.00116615
-0.0983275 0.987933 0.11967
-0.0983275 0.987933 0.11967
-0.974511 -0.116578 0.191672
-0.974511 -0.116578 0.191672
-0.0224438 -0.669638 -0.742348
0.598226 0.112774 -0.793353
-0.173507 0.733876 -0.65675
-0.794176 -0.0485354 -0.605746
BONE = 29
BONE_NAME = Facial_Lip_Upper_L
PARENT_ID = 26
LOCALTM 
MAT -0.274455 0.164121 0.947491 0.0
MAT 0.110758 -0.973374 0.200687 0.0
MAT 0.9552 0.160022 0.24897 0.0
MAT 0.139467 0.0719999 0.0520256 1.0
WORLDTM 
MAT 0.138558 -0.0454232 0.989312 0.0
MAT 0.106818 -0.992435 -0.060527 0.0
MAT 0.984577 0.114063 -0.132658 0.0
MAT 3.00904 -0.270821 1.4711 1.0
VERTEX = 9
3.18174 -0.449688 1.66836
2.72934 -0.401701 1.87581
2.55259 -0.757971 1.57278
3.00498 -0.805958 1.36532
3.78915 -3.1948 4.17019
3.74391 -3.19 4.19094
3.72623 -3.22563 4.16063
3.77147 -3.23043 4.13989
2.80779 -0.43007 1.45091
INDEX = 14
4 5 7
6 7 5
1 2 5
6 5 2
0 1 4
5 4 1
7 6 3
2 3 6
4 7 0
3 0 7
8 1 0
8 2 1
8 3 2
8 0 3
FACE-NORMAL = 14
0.237474 -0.695036 0.678624
0.237474 -0.695036 0.678624
-0.888939 0.0541739 0.454811
-0.888939 0.0541738 0.454811
0.367096 0.669634 0.645624
0.367096 0.669634 0.645624
-0.338651 -0.752889 -0.564335
-0.338651 -0.752889 -0.564335
0.917385 -0.137428 -0.373522
0.917385 -0.137428 -0.373522
0.0820482 0.995307 -0.0513054
-0.8077 0.559328 -0.186473
-0.417888 -0.0123776 -0.908414
0.471861 0.423601 -0.773246
BONE = 30
BONE_NAME = Facial_Lip_Out_R
PARENT_ID = 26
LOCALTM 
MAT -0.0656789 -0.525031 0.848545 0.0
MAT 0.0859742 0.844241 0.529023 0.0
MAT -0.99413 0.107698 -0.0103095 0.0
MAT -0.0381829 -0.102954 -0.0120025 1.0
WORLDTM 
MAT 0.237474 -0.695036 0.678624 0.0
MAT 0.353508 0.712541 0.606068 0.0
MAT -0.904786 0.0959734 0.414911 0.0
MAT 2.80779 -0.43007 1.45091 1.0
VERTEX = 9
2.72867 -0.409048 1.87427
3.18932 -0.351967 1.68841
3.07717 0.116482 1.55433
2.61653 0.0594013 1.74019
4.07669 1.06657 5.06318
4.12276 1.07228 5.0446
4.11154 1.11912 5.03119
4.06548 1.11342 5.04977
2.82351 -0.228892 1.49211
INDEX = 14
4 5 7
6 7 5
1 2 5
6 5 2
0 1 4
5 4 1
7 6 3
2 3 6
4 7 0
3 0 7
8 1 0
8 2 1
8 3 2
8 0 3
FACE-NORMAL = 14
0.317651 0.330435 0.888769
0.317651 0.330435 0.888769
0.938669 0.133747 -0.317824
0.938669 0.133747 -0.317824
0.242915 -0.915427 0.320914
0.242915 -0.915427 0.320914
-0.204866 0.955008 -0.214454
-0.204866 0.955008 -0.214454
-0.900619 -0.0941663 0.424285
-0.900619 -0.0941663 0.424285
-0.0660142 -0.89614 -0.438833
0.426843 -0.152928 -0.891301
-0.383213 0.428835 -0.818076
-0.87607 -0.314377 -0.365608
BONE = 31
BONE_NAME = Facial_Lip_Out_L
PARENT_ID = 26
LOCALTM 
MAT -0.0656797 0.524816 0.848678 0.0
MAT 0.0857002 -0.844405 0.528806 0.0
MAT 0.994154 0.107464 0.0104834 0.0
MAT -0.0381818 0.103 -0.0120084 1.0
WORLDTM 
MAT 0.317651 0.330435 0.888769 0.0
MAT 0.224293 -0.936899 0.268165 0.0
MAT 0.921298 0.114162 -0.371721 0.0
MAT 2.82351 -0.228892 1.49211 1.0
VERTEX = 9
3.08208 1.97106 -0.537517
3.28101 1.86416 -0.0914228
3.24285 1.37575 -0.19145
3.04392 1.48266 -0.637544
6.58294 1.74629 -1.90031
6.60284 1.7356 -1.8557
6.59902 1.68676 -1.86571
6.57913 1.69745 -1.91032
2.9339 1.67053 -0.263248
INDEX = 14
4 5 7
6 7 5
1 2 5
6 5 2
0 1 4
5 4 1
7 6 3
2 3 6
4 7 0
3 0 7
8 1 0
8 2 1
8 3 2
8 0 3
FACE-NORMAL = 14
0.914271 0.011499 -0.404941
0.914271 0.011499 -0.404941
0.451893 -0.212736 0.866335
0.451893 -0.212736 0.866335
0.130941 0.975743 0.175442
0.130941 0.975743 0.175442
-0.0214257 -0.974366 -0.223948
-0.0214257 -0.974366 -0.223948
-0.342378 0.214114 -0.91484
-0.342378 0.214114 -0.91484
-0.59252 0.682576 0.427796
-0.365165 -0.159317 0.917209
-0.700454 -0.698838 0.144877
-0.927809 0.143055 -0.344537
BONE = 32
BONE_NAME = Facial_Dum_Ear_L
PARENT_ID = 1
LOCALTM 
MAT 1.0 0.0 0.0 0.0
MAT 0.0 1.0 3.27826e-007 0.0
MAT 0.0 -3.8743e-007 1.0 0.0
MAT 0.563145 1.61563 -0.401731 1.0
WORLDTM 
MAT 0.914271 0.011499 -0.404941 0.0
MAT 0.0763205 0.976808 0.200054 0.0
MAT 0.39785 -0.213809 0.892189 0.0
MAT 2.9339 1.67053 -0.263248 1.0
VERTEX = 9
2.83544 -1.18569 -1.18403
3.03436 -1.29259 -0.73793
2.9962 -1.781 -0.837957
2.79728 -1.67409 -1.28405
6.3363 -1.41046 -2.54682
6.35619 -1.42115 -2.50221
6.35238 -1.46999 -2.51221
6.33248 -1.4593 -2.55682
2.68725 -1.48622 -0.909756
INDEX = 14
4 5 7
6 7 5
1 2 5
6 5 2
0 1 4
5 4 1
7 6 3
2 3 6
4 7 0
3 0 7
8 1 0
8 2 1
8 3 2
8 0 3
FACE-NORMAL = 14
0.914271 0.011499 -0.404941
0.914271 0.011499 -0.404941
0.451893 -0.212736 0.866335
0.451893 -0.212736 0.866335
0.130941 0.975743 0.175442
0.130941 0.975743 0.175442
-0.0214257 -0.974366 -0.223948
-0.0214257 -0.974366 -0.223948
-0.342378 0.214114 -0.91484
-0.342378 0.214114 -0.91484
-0.59252 0.682576 0.427796
-0.365165 -0.159317 0.917209
-0.700454 -0.698838 0.144877
-0.927809 0.143055 -0.344537
BONE = 33
BONE_NAME = Facial_Dum_Ear_R
PARENT_ID = 1
LOCALTM 
MAT 1.0 0.0 0.0 0.0
MAT 0.0 1.0 3.27826e-007 0.0
MAT 0.0 -3.8743e-007 1.0 0.0
MAT 0.563142 -1.61607 -0.401727 1.0
WORLDTM 
MAT 0.914271 0.011499 -0.404941 0.0
MAT 0.0763205 0.976808 0.200054 0.0
MAT 0.39785 -0.213809 0.892189 0.0
MAT 2.68725 -1.48622 -0.909756 1.0
ANIMATION_COUNT = 34
TRACK_ID = 0
TRACK_NAME = Dummy_Neck
ANI_RANGE = 0f 87f
KEY_POS = 1
FRAME_POS 0f 0.0 2.14577e-006 0.0 
KEY_ROT = 1
FRAME_ROT 0f 0.0 0.0 0.0 1.0
KEY_SCALE = 1
FRAME_SCALE 0f 1.0 1.0 1.0 
TRACK_ID = 1
TRACK_NAME = Dummy_Face
ANI_RANGE = 0f 87f
KEY_POS = 1
FRAME_POS 0f 2.45555 -1.90735e-006 -4.17232e-007 
KEY_ROT = 88
FRAME_ROT 0f 0.0 0.0 0.0 1.0
FRAME_ROT 1f -0.0207209 0.00668132 -0.0210828 0.999541
FRAME_ROT 2f -0.0375844 0.0236241 -0.0465571 0.997929
FRAME_ROT 3f -0.0441447 0.0468529 -0.0583435 0.996219
FRAME_ROT 4f -0.0393616 0.0606511 -0.038323 0.996646
FRAME_ROT 5f -0.0313596 0.058036 0.00242183 0.997819
FRAME_ROT 6f -0.0284314 0.0502647 0.0387598 0.997579
FRAME_ROT 7f -0.0370778 -0.0428646 0.0561571 0.996812
FRAME_ROT 8f -0.0574377 -0.197594 0.0452922 0.977551
FRAME_ROT 9f -0.0795544 -0.251785 0.0295792 0.964054
FRAME_ROT 10f -0.0938453 -0.208151 0.0341489 0.972985
FRAME_ROT 11f -0.101567 -0.182126 0.0375156 0.977296
FRAME_ROT 12f -0.104169 -0.179908 0.0368384 0.977458
FRAME_ROT 13f -0.104557 -0.188972 0.0334221 0.975828
FRAME_ROT 14f -0.103639 -0.206047 0.0277274 0.972643
FRAME_ROT 15f -0.102176 -0.227847 0.0204358 0.968105
FRAME_ROT 16f -0.101004 -0.251261 0.0124157 0.962555
FRAME_ROT 17f -0.100923 -0.273261 0.00471242 0.956619
FRAME_ROT 18f -0.102758 -0.290969 -0.00160397 0.951197
FRAME_ROT 19f -0.111334 -0.309001 -0.00318924 0.944517
FRAME_ROT 20f -0.126697 -0.331609 0.00141756 0.93487
FRAME_ROT 21f -0.142642 -0.355388 0.00969703 0.92372
FRAME_ROT 22f -0.153786 -0.376922 0.0181243 0.913209
FRAME_ROT 23f -0.158612 -0.419032 0.0207045 0.893771
FRAME_ROT 24f -0.161488 -0.44589 0.022975 0.8801
FRAME_ROT 25f -0.145439 -0.41851 0.0157511 0.896353
FRAME_ROT 26f -0.10963 -0.365448 -0.00737288 0.924324
FRAME_ROT 27f -0.0833604 -0.297047 -0.0237116 0.950922
FRAME_ROT 28f -0.112381 -0.149959 0.031952 0.981765
FRAME_ROT 29f -0.149884 -0.157622 0.0312771 0.975557
FRAME_ROT 30f -0.0726749 -0.111898 -0.0169332 0.990914
FRAME_ROT 31f -0.0554576 -0.0833479 -0.053883 0.993516
FRAME_ROT 32f -0.0917503 -0.109411 -0.0573162 0.988092
FRAME_ROT 33f -0.142064 -0.1512 -0.0392178 0.977455
FRAME_ROT 34f -0.191779 -0.178006 -0.00943818 0.965114
FRAME_ROT 35f -0.173198 -0.204687 -0.00996007 0.963331
FRAME_ROT 36f -0.158112 -0.226286 -0.00821892 0.961107
