EXPORTER_V17
ANIMATION_EXPORT
BONEOBJECT_COUNT = 94
VERTEX = 9
0.250001 19.808 -0.204433
0.250001 19.808 0.295567
0.250001 19.308 0.295567
0.250001 19.308 -0.204433
4.0 19.583 0.020567
4.0 19.583 0.070567
4.0 19.533 0.070567
4.0 19.533 0.020567
9.2913e-007 19.558 0.045567
INDEX = 14
4 5 7
6 7 5
1 2 5
6 5 2
0 1 4
5 4 1
7 6 3
2 3 6
4 7 0
3 0 7
8 1 0
8 2 1
8 3 2
8 0 3
FACE-NORMAL = 14
1.0 0.0 0.0
1.0 0.0 0.0
0.0598923 0.0 0.998205
0.0598923 0.0 0.998205
0.0598923 0.998205 0.0
0.0598923 0.998205 0.0
0.0598923 -0.998205 0.0
0.0598923 -0.998205 0.0
0.0598923 0.0 -0.998205
0.0598923 0.0 -0.998205
-0.707107 0.707107 0.0
-0.707107 0.0 0.707107
-0.707107 -0.707107 0.0
-0.707107 0.0 -0.707107
BONE = 0
BONE_NAME = Dummy_root
PARENT_ID = -1
LOCALTM 
MAT 1.0 0.0 0.0 0.0
MAT 0.0 1.0 0.0 0.0
MAT 0.0 0.0 1.0 0.0
MAT 9.2913e-007 19.558 0.045567 1.0
WORLDTM 
MAT 1.0 0.0 0.0 0.0
MAT 0.0 1.0 0.0 0.0
MAT 0.0 0.0 1.0 0.0
MAT 9.2913e-007 19.558 0.045567 1.0
VERTEX = 9
-0.381311 19.2826 -0.363059
-0.207748 19.3909 0.093174
-0.12245 18.9052 0.176
-0.296014 18.7969 -0.280233
3.19332 19.4808 -1.52343
3.21068 19.4917 -1.4778
3.21921 19.4431 -1.46952
3.20185 19.4323 -1.51514
-0.482424 19.0693 0.0
INDEX = 14
4 5 7
6 7 5
1 2 5
6 5 2
0 1 4
5 4 1
7 6 3
2 3 6
4 7 0
3 0 7
8 1 0
8 2 1
8 3 2
8 0 3
FACE-NORMAL = 14
0.922172 0.09816 -0.374118
0.922172 0.09816 -0.374118
0.401735 0.222073 0.888422
0.401735 0.222073 0.888422
-0.115058 0.975452 -0.187762
-0.115058 0.975452 -0.187762
0.22552 -0.963694 0.142948
0.22552 -0.963694 0.142948
-0.291273 -0.210315 -0.933235
-0.291273 -0.210315 -0.933235
-0.772703 0.617415 0.147408
-0.406618 0.0837373 0.909753
-0.531445 -0.756234 0.381675
-0.897529 -0.222557 -0.38067
BONE = 1
BONE_NAME = Bip01
PARENT_ID = 0
LOCALTM 
MAT 0.922172 0.09816 -0.374118 0.0
MAT -0.170595 0.971317 -0.165652 0.0
MAT 0.347127 0.216582 0.912466 0.0
MAT -0.482425 -0.488665 -0.0455671 1.0
WORLDTM 
MAT 0.922172 0.09816 -0.374118 0.0
MAT -0.170595 0.971317 -0.165652 0.0
MAT 0.347127 0.216582 0.912466 0.0
MAT -0.482424 19.0693 0.0 1.0
VERTEX = 9
-0.66885 19.3418 0.2802
-0.207748 19.3909 0.093174
-0.381278 19.2825 -0.363066
-0.84238 19.2335 -0.17604
-1.17904 22.9575 -0.63076
-1.13293 22.9624 -0.649462
-1.15028 22.9516 -0.695086
-1.19639 22.9467 -0.676384
-0.482424 19.0693 0.0
INDEX = 14
4 5 7
6 7 5
1 2 5
6 5 2
0 1 4
5 4 1
7 6 3
2 3 6
4 7 0
3 0 7
8 1 0
8 2 1
8 3 2
8 0 3
FACE-NORMAL = 14
-0.17056 0.97131 -0.165731
-0.17056 0.97131 -0.165731
0.910332 0.156112 -0.383307
0.910332 0.156112 -0.383307
0.336222 0.274421 0.900915
0.336222 0.274421 0.900915
-0.356652 -0.158073 -0.920767
-0.356652 -0.158073 -0.920767
-0.930763 -0.0397638 0.363455
-0.930763 -0.0397638 0.363455
0.366013 -0.533635 0.76241
0.7727 -0.617443 -0.147305
-0.124804 -0.840004 -0.528031
-0.531492 -0.756197 0.381684
BONE = 2
BONE_NAME = Bip01-Pelvis
PARENT_ID = 1
LOCALTM 
MAT 6.11544e-005 1.0 -6.10799e-005 0.0
MAT -6.10892e-005 6.11842e-005 1.0 0.0
MAT 1.0 -6.10948e-005 6.11283e-005 0.0
MAT 0.0 0.0 0.0 1.0
WORLDTM 
MAT -0.17056 0.97131 -0.165731 0.0
MAT 0.34706 0.216636 0.912479 0.0
MAT 0.922203 0.0981139 -0.374052 0.0
MAT -0.482424 19.0693 0.0 1.0
VERTEX = 9
-0.4019 21.2585 -0.276379
0.0592693 21.3071 -0.463339
-0.114261 21.1988 -0.919578
-0.57543 21.1501 -0.732618
-0.909318 24.8743 -1.18842
-0.863201 24.8792 -1.20712
-0.880554 24.8684 -1.25274
-0.926671 24.8635 -1.23405
-0.215623 20.9858 -0.556472
INDEX = 14
4 5 7
6 7 5
1 2 5
6 5 2
0 1 4
5 4 1
7 6 3
2 3 6
4 7 0
3 0 7
8 1 0
8 2 1
8 3 2
8 0 3
FACE-NORMAL = 14
-0.169828 0.971387 -0.166028
-0.169828 0.971387 -0.166028
0.910511 0.155347 -0.383193
0.910511 0.155347 -0.383193
0.336266 0.274426 0.900897
0.336266 0.274426 0.900897
-0.356608 -0.158068 -0.920785
-0.356608 -0.158068 -0.920785
-0.930854 -0.0389898 0.363305
-0.930854 -0.0389898 0.363306
0.365495 -0.53369 0.762619
0.772278 -0.618043 -0.147003
-0.125322 -0.840059 -0.527821
-0.532105 -0.755707 0.381801
BONE = 3
BONE_NAME = Bip01-Spine
PARENT_ID = 2
LOCALTM 
MAT 1.0 0.0 0.000793464 0.0
MAT 0.0 1.0 0.0 0.0
MAT -0.000793457 0.0 1.0 0.0
MAT 1.90819 2.38419e-007 0.642225 1.0
WORLDTM 
MAT -0.169828 0.971387 -0.166028 0.0
MAT 0.34706 0.216636 0.912479 0.0
MAT 0.922338 0.0973432 -0.373921 0.0
MAT -0.215623 20.9858 -0.556472 1.0
VERTEX = 9
-0.451976 21.3681 -0.31489
0.0255949 21.4196 -0.453708
-0.0998434 21.3114 -0.925448
-0.577414 21.2598 -0.78663
-0.883646 24.9831 -1.26842
-0.835889 24.9883 -1.2823
-0.848433 24.9774 -1.32948
-0.89619 24.9723 -1.3156
-0.236568 21.097 -0.574917
INDEX = 14
4 5 7
6 7 5
1 2 5
6 5 2
0 1 4
5 4 1
7 6 3
2 3 6
4 7 0
3 0 7
8 1 0
8 2 1
8 3 2
8 0 3
FACE-NORMAL = 14
-0.157368 0.97081 -0.181008
-0.157368 0.97081 -0.181008
0.944002 0.161022 -0.287979
0.944002 0.161022 -0.287979
0.241001 0.274335 0.930945
0.241001 0.274335 0.930945
-0.259851 -0.158047 -0.952627
-0.259851 -0.158047 -0.952627
-0.962852 -0.0447338 0.266297
-0.962852 -0.0447338 0.266297
0.288673 -0.533321 0.795133
0.786663 -0.61359 -0.0683263
-0.0661206 -0.839611 -0.539149
-0.564111 -0.759342 0.324311
BONE = 4
BONE_NAME = Bip01-Spine1
PARENT_ID = 3
LOCALTM 
MAT 0.99981 -0.00947033 0.0170379 0.0
MAT 0.0111332 0.994894 -0.100311 0.0
MAT -0.0160009 0.100481 0.99481 0.0
MAT 0.114677 -4.76837e-007 -0.0015924 1.0
WORLDTM 
MAT -0.157368 0.97081 -0.181008 0.0
MAT 0.250877 0.21658 0.94348 0.0
MAT 0.955142 0.103063 -0.277636 0.0
MAT -0.236568 21.097 -0.574917 1.0
VERTEX = 9
-0.808713 23.2588 -0.664803
-0.331783 23.3708 -0.764728
-0.418551 23.305 -1.25272
-0.895481 23.1929 -1.15279
-1.55199 26.9007 -1.25475
-1.5043 26.9119 -1.26474
-1.51298 26.9053 -1.31354
-1.56067 26.8941 -1.30355
-0.552375 23.0405 -0.937068
INDEX = 14
4 5 7
6 7 5
1 2 5
6 5 2
0 1 4
5 4 1
7 6 3
2 3 6
4 7 0
3 0 7
8 1 0
8 2 1
8 3 2
8 0 3
FACE-NORMAL = 14
-0.245027 0.965626 -0.0867687
-0.245027 0.965626 -0.0867687
0.937471 0.281515 -0.204688
0.937471 0.281515 -0.204688
0.15855 0.189331 0.969028
0.15855 0.189331 0.969028
-0.1879 -0.0736639 -0.979422
-0.1879 -0.0736639 -0.979422
-0.966822 -0.165848 0.194294
-0.966822 -0.165848 0.194294
0.295969 -0.589651 0.751475
0.847741 -0.524349 -0.0799603
0.0505516 -0.77595 -0.628765
-0.50122 -0.841251 0.20267
BONE = 5
BONE_NAME = Bip01-Spine2
PARENT_ID = 4
LOCALTM 
MAT 0.991704 0.0657986 -0.110426 0.0
MAT -0.0760805 0.992882 -0.0916377 0.0
MAT 0.10361 0.0992787 0.989651 0.0
MAT 2.00197 0.0 -0.000797749 1.0
WORLDTM 
MAT -0.245027 0.965626 -0.0867688 0.0
MAT 0.173536 0.131734 0.975977 0.0
MAT 0.953859 0.224084 -0.19985 0.0
MAT -0.552375 23.0405 -0.937068 1.0
VERTEX = 9
-1.08939 24.1801 -0.751097
-0.618082 24.3365 -0.809489
-0.670253 24.3083 -1.30596
-1.14157 24.152 -1.24757
-2.09 27.7934 -1.07738
-2.04287 27.8091 -1.08322
-2.04808 27.8063 -1.13287
-2.09522 27.7906 -1.12703
-0.800543 24.0072 -1.02342
INDEX = 14
4 5 7
6 7 5
1 2 5
6 5 2
0 1 4
5 4 1
7 6 3
2 3 6
4 7 0
3 0 7
8 1 0
8 2 1
8 3 2
8 0 3
FACE-NORMAL = 14
-0.317125 0.948164 -0.0204251
-0.317125 0.948164 -0.0204251
0.921941 0.368983 -0.117798
0.921941 0.368983 -0.117798
0.0851619 0.112975 0.989941
0.0851619 0.112975 0.989941
-0.123149 0.000600152 -0.992388
-0.123149 0.000600156 -0.992388
-0.959927 -0.255408 0.115351
-0.959927 -0.255408 0.115351
0.298022 -0.630651 0.716563
0.890779 -0.4493 -0.0681363
0.15046 -0.710255 -0.687677
-0.442296 -0.891606 0.0970218
BONE = 6
BONE_NAME = Bip01-Spine3
PARENT_ID = 5
LOCALTM 
MAT 0.995048 0.049938 -0.0859426 0.0
MAT -0.05737 0.994616 -0.0862988 0.0
MAT 0.0811704 0.0908019 0.992555 0.0
MAT 1.00177 -2.38419e-007 -0.00283718 1.0
WORLDTM 
MAT -0.317125 0.948164 -0.0204251 0.0
MAT 0.104343 0.0562886 0.992947 0.0
MAT 0.942626 0.312757 -0.116784 0.0
MAT -0.800543 24.0072 -1.02342 1.0
VERTEX = 9
-2.85602 27.7639 -0.764904
-2.35898 27.776 -0.817837
-2.41138 27.7552 -1.31465
-2.90843 27.7432 -1.26172
-2.76221 31.5057 -1.15755
-2.7125 31.5069 -1.16284
-2.71774 31.5048 -1.21253
-2.76745 31.5036 -1.20723
-2.62662 27.5098 -1.03009
INDEX = 14
4 5 7
6 7 5
1 2 5
6 5 2
0 1 4
5 4 1
7 6 3
2 3 6
4 7 0
3 0 7
8 1 0
8 2 1
8 3 2
8 0 3
FACE-NORMAL = 14
-0.0283396 0.998848 -0.0387364
-0.0283396 0.998848 -0.0387364
0.990607 0.0838792 -0.107995
0.990607 0.0838792 -0.107995
0.102924 0.101256 0.989522
0.102924 0.101256 0.989522
-0.106318 0.0183901 -0.994162
-0.106318 0.0183901 -0.994162
-0.994001 0.0357674 0.103355
-0.994001 0.0357673 0.103355
0.0941505 -0.676942 0.72999
0.722966 -0.689251 -0.047467
-0.0540722 -0.735642 -0.675209
-0.682888 -0.723332 0.102249
BONE = 7
BONE_NAME = Bip01-Neck
PARENT_ID = 6
LOCALTM 
MAT 0.95685 0.0148034 0.290207 0.0
MAT -0.0141766 0.999891 -0.00426215 0.0
MAT -0.290238 -3.59096e-005 0.956954 0.0
MAT 3.90033 0.0 -0.625047 1.0
WORLDTM 
MAT -0.0283396 0.998848 -0.0387364 0.0
MAT 0.104809 0.0415077 0.993626 0.0
MAT 0.994088 0.0240992 -0.105865 0.0
MAT -2.62662 27.5098 -1.03009 1.0
VERTEX = 9
-2.93054 30.1929 -0.843229
-2.43243 30.1499 -0.837438
-2.42023 30.2247 -1.33167
-2.91834 30.2677 -1.33746
-2.38858 33.901 -0.496563
-2.33876 33.8967 -0.495984
-2.33754 33.9042 -0.545406
-2.38736 33.9085 -0.545986
-2.69621 29.9626 -1.12521
INDEX = 14
4 5 7
6 7 5
1 2 5
6 5 2
0 1 4
5 4 1
7 6 3
2 3 6
4 7 0
3 0 7
8 1 0
8 2 1
8 3 2
8 0 3
FACE-NORMAL = 14
0.0832871 0.98501 0.151057
0.0832871 0.98501 0.151057
0.999427 -0.0268627 0.0206079
0.999427 -0.0268627 0.0206079
-0.0193686 -0.0902593 0.99573
-0.0193686 -0.0902593 0.99573
0.0293451 0.208248 -0.977636
0.0293451 0.208248 -0.977636
-0.98945 0.144852 -0.00251363
-0.98945 0.144852 -0.00251363
-0.0761468 -0.802236 0.592132
0.645546 -0.757327 -0.0986239
-0.041639 -0.590779 -0.805758
-0.763332 -0.635688 -0.115003
BONE = 8
BONE_NAME = Bip01-Head
PARENT_ID = 7
LOCALTM 
MAT 0.975663 0.199709 0.090541 0.0
MAT -0.186948 0.973393 -0.132503 0.0
MAT -0.114594 0.112351 0.987039 0.0
MAT 2.45555 0.0 -8.34465e-007 1.0
WORLDTM 
MAT 0.0832872 0.98501 0.151057 0.0
MAT -0.0244007 -0.149522 0.988457 0.0
MAT 0.996227 -0.0860116 0.0115816 0.0
MAT -2.69621 29.9626 -1.12521 1.0
VERTEX = 9
-2.60569 34.0349 -0.254048
-2.10758 33.9919 -0.248257
-2.09538 34.0666 -0.742486
-2.59349 34.1096 -0.748276
-2.06372 37.743 0.0926179
-2.01391 37.7386 0.093197
-2.01269 37.7461 0.0437742
-2.0625 37.7504 0.0431951
-2.37136 33.8045 -0.536031
INDEX = 14
4 5 7
6 7 5
1 2 5
6 5 2
0 1 4
5 4 1
7 6 3
2 3 6
4 7 0
3 0 7
8 1 0
8 2 1
8 3 2
8 0 3
FACE-NORMAL = 14
0.0832871 0.98501 0.151057
0.0832871 0.98501 0.151057
0.999427 -0.0268626 0.0206079
0.999427 -0.0268626 0.0206079
-0.0193686 -0.0902593 0.99573
-0.0193686 -0.0902593 0.99573
0.0293451 0.208248 -0.977636
0.0293451 0.208248 -0.977636
-0.98945 0.144852 -0.00251363
-0.98945 0.144852 -0.00251363
-0.0761468 -0.802236 0.592132
0.645546 -0.757327 -0.0986239
-0.041639 -0.590779 -0.805758
-0.763332 -0.635688 -0.115003
BONE = 9
BONE_NAME = Bip01-HeadNub
PARENT_ID = 8
LOCALTM 
MAT 1.0 0.0 0.0 0.0
MAT 0.0 1.0 0.0 0.0
MAT 0.0 0.0 1.0 0.0
MAT 3.9004 -4.76837e-007 4.76837e-007 1.0
WORLDTM 
MAT 0.0832872 0.98501 0.151057 0.0
MAT -0.0244007 -0.149522 0.988457 0.0
MAT 0.996227 -0.0860116 0.0115816 0.0
MAT -2.37136 33.8045 -0.536031 1.0
VERTEX = 9
-1.82766 33.8943 -0.839813
-1.82767 33.8943 -0.339813
-1.82766 33.3943 -0.339788
-1.82765 33.3943 -0.839788
1.92234 33.6694 -0.61473
1.92234 33.6694 -0.56473
1.92234 33.6194 -0.564727
1.92234 33.6194 -0.614727
-2.07766 33.6443 -0.589805
INDEX = 14
4 5 7
6 7 5
1 2 5
6 5 2
0 1 4
5 4 1
7 6 3
2 3 6
4 7 0
3 0 7
8 1 0
8 2 1
8 3 2
8 0 3
FACE-NORMAL = 14
1.0 2.42509e-005 1.9243e-005
1.0 2.42509e-005 1.9243e-005
0.059873 5.08057e-005 0.998206
0.0598731 5.08058e-005 0.998206
0.0598683 0.998206 -4.8171e-005
0.0598683 0.998206 -4.8171e-005
0.0599163 -0.998203 5.04761e-005
0.0599163 -0.998203 5.04761e-005
0.0599116 -4.79009e-005 -0.998204
0.0599115 -4.79009e-005 -0.998204
-0.707124 0.70709 -4.85466e-005
-0.70712 1.78128e-005 0.707093
-0.70709 -0.707124 2.13329e-005
-0.707093 -5.21088e-005 -0.70712
BONE = 10
BONE_NAME = FxTop
PARENT_ID = 8
LOCALTM 
MAT 0.0833138 -0.0243852 0.996225 0.0
MAT 0.985001 -0.14957 -0.0860362 0.0
MAT 0.151104 0.98845 0.0115582 0.0
MAT 3.75893 -0.0363655 0.305748 1.0
WORLDTM 
MAT 1.0 2.42509e-005 1.9243e-005 0.0
MAT -2.40663e-005 1.0 -4.94123e-005 0.0
MAT -1.92877e-005 4.94421e-005 1.0 0.0
MAT -2.07766 33.6443 -0.589805 1.0
VERTEX = 9
-2.34449 27.7186 -0.206452
-2.81833 27.5597 -0.191292
-2.66471 27.0928 -0.282746
-2.19086 27.2517 -0.297906
-2.16447 26.8219 3.4442
-2.21186 26.806 3.44571
-2.1965 26.7593 3.43657
-2.14911 26.7752 3.43505
-2.52621 27.4467 -0.490265
INDEX = 14
4 5 7
6 7 5
1 2 5
6 5 2
0 1 4
5 4 1
7 6 3
2 3 6
4 7 0
3 0 7
8 1 0
8 2 1
8 3 2
8 0 3
FACE-NORMAL = 14
0.0864302 -0.164026 0.982662
0.0864302 -0.164026 0.982662
-0.94082 -0.326979 0.0891198
-0.94082 -0.326979 0.0891198
-0.301515 0.922387 0.241434
-0.301515 0.922387 0.241434
0.311868 -0.942035 -0.123726
0.311868 -0.942035 -0.123726
0.951173 0.307331 0.028588
0.951173 0.307331 0.028588
-0.278369 0.776342 -0.565512
-0.731239 -0.108682 -0.673407
0.156138 -0.544374 -0.824183
0.609008 0.34065 -0.716287
BONE = 11
BONE_NAME = Bip01-L-Clavicle
PARENT_ID = 7
LOCALTM 
MAT -0.204351 0.978649 -0.0220629 0.0
MAT 0.934434 0.188304 -0.302285 0.0
MAT -0.291676 -0.0823886 -0.952962 0.0
MAT -0.0868168 0.54429 0.0411481 1.0
WORLDTM 
MAT 0.0864302 -0.164026 0.982662 0.0
MAT -0.307243 0.933888 0.182908 0.0
MAT -0.947698 -0.317725 0.0303204 0.0
MAT -2.52621 27.4467 -0.490265 1.0
VERTEX = 9
-2.11138 27.0518 1.24582
-2.58668 27.1683 1.34845
-2.73419 26.9323 0.933075
-2.25889 26.8158 0.830448
-2.82029 23.2244 3.40151
-2.86782 23.236 3.41177
-2.88257 23.2124 3.37024
-2.83504 23.2008 3.35997
-2.39864 27.2046 0.960094
INDEX = 14
4 5 7
6 7 5
1 2 5
6 5 2
0 1 4
5 4 1
7 6 3
2 3 6
4 7 0
3 0 7
8 1 0
8 2 1
8 3 2
8 0 3
FACE-NORMAL = 14
-0.0965808 -0.850263 0.517421
-0.0965808 -0.850263 0.517421
-0.954269 0.189535 0.231188
-0.954269 0.189535 0.231188
0.28975 0.428381 0.855882
0.28975 0.428381 0.855882
-0.29953 -0.514481 -0.803487
-0.29953 -0.514481 -0.803487
0.944489 -0.275634 -0.178793
0.944489 -0.275634 -0.178793
0.276902 0.935007 0.221557
-0.603881 0.7659 -0.220736
-0.140317 0.267447 -0.953301
0.740467 0.436554 -0.511008
BONE = 12
BONE_NAME = Bip01-L-UpperArm
PARENT_ID = 11
LOCALTM 
MAT 0.639568 -0.669736 0.377368 0.0
MAT 0.764419 0.502137 -0.404377 0.0
MAT 0.0813355 0.547094 0.83311 0.0
MAT 1.47595 0.0 0.0 1.0
WORLDTM 
MAT -0.0965808 -0.850263 0.517421 0.0
MAT 0.295018 0.472036 0.83075 0.0
MAT -0.950598 0.232883 0.205253 0.0
MAT -2.39864 27.2046 0.960094 1.0
VERTEX = 9
-2.56309 23.0663 3.67085
-3.03858 23.1809 3.77455
-3.18609 22.9449 3.35917
-2.7106 22.8303 3.25547
-3.20081 19.7278 5.52343
-3.24836 19.7392 5.5338
-3.26311 19.7156 5.49227
-3.21556 19.7042 5.4819
-2.85143 23.2184 3.38587
INDEX = 14
4 5 7
6 7 5
1 2 5
6 5 2
0 1 4
5 4 1
7 6 3
2 3 6
4 7 0
3 0 7
8 1 0
8 2 1
8 3 2
8 0 3
FACE-NORMAL = 14
-0.0926344 -0.851222 0.516565
-0.0926344 -0.851222 0.516565
-0.954771 0.179402 0.237124
-0.954771 0.179402 0.237124
0.289124 0.421674 0.859417
0.289124 0.421674 0.859417
-0.299911 -0.520797 -0.799265
-0.299911 -0.520797 -0.799265
0.943984 -0.278524 -0.176971
0.943984 -0.278524 -0.176971
0.274112 0.935685 0.222163
-0.606949 0.764082 -0.218613
-0.143107 0.268125 -0.952696
0.737954 0.439729 -0.51192
BONE = 13
BONE_NAME = Bip01-L-Forearm
PARENT_ID = 12
LOCALTM 
MAT 0.999991 0.0 -0.00415051 0.0
MAT 0.0 1.0 0.0 0.0
MAT 0.00415051 0.0 0.999991 0.0
MAT 4.68821 -1.90735e-006 0.0 1.0
WORLDTM 
MAT -0.0926345 -0.851223 0.516565 0.0
MAT 0.295018 0.472036 0.83075 0.0
MAT -0.95099 0.229352 0.207399 0.0
MAT -2.85143 23.2184 3.38587 1.0
VERTEX = 9
-3.58825 19.75 5.7523
-3.47866 19.3715 5.44451
-3.00954 19.3667 5.61745
-3.11914 19.7452 5.92524
-4.33185 17.1273 8.34701
-4.32089 17.0895 8.31623
-4.27398 17.089 8.33353
-4.28494 17.1269 8.36431
-3.23196 19.7217 5.50785
INDEX = 14
4 5 7
6 7 5
1 2 5
6 5 2
0 1 4
5 4 1
7 6 3
2 3 6
4 7 0
3 0 7
8 1 0
8 2 1
8 3 2
8 0 3
FACE-NORMAL = 14
-0.267738 -0.653378 0.708106
-0.267738 -0.653378 0.708106
0.202755 -0.794745 -0.572077
0.202755 -0.794745 -0.572077
-0.952581 -0.0295374 -0.302849
-0.952581 -0.0295374 -0.302849
0.92051 -0.0487272 0.387669
0.92051 -0.0487272 0.387669
-0.234826 0.71648 0.656897
-0.234826 0.71648 0.656897
-0.474109 0.468805 -0.745281
0.344306 -0.0732515 -0.935996
0.852748 0.455211 -0.256132
0.0343334 0.997267 -0.0654171
BONE = 14
BONE_NAME = Bip01-L-Hand
PARENT_ID = 13
LOCALTM 
MAT 0.946754 0.200853 0.251624 0.0
MAT -0.0999394 -0.559597 0.822716 0.0
MAT 0.306054 -0.804058 -0.509728 0.0
MAT 4.10787 -1.90735e-006 -9.53674e-007 1.0
WORLDTM 
MAT -0.267738 -0.653378 0.708106 0.0
MAT -0.938229 0.00961214 -0.34588 0.0
MAT 0.219184 -0.756971 -0.615592 0.0
MAT -3.23196 19.7217 5.50785 1.0
VERTEX = 9
-2.63776 19.2471 5.9038
-3.11287 19.109 5.97583
-3.11863 18.8935 5.52468
-2.64352 19.0316 5.45265
-1.68666 15.8665 7.2569
-1.73417 15.8527 7.26411
-1.73474 15.8311 7.21899
-1.68723 15.845 7.21179
-2.95603 19.285 5.61266
INDEX = 14
4 5 7
6 7 5
1 2 5
6 5 2
0 1 4
5 4 1
7 6 3
2 3 6
4 7 0
3 0 7
8 1 0
8 2 1
8 3 2
8 0 3
FACE-NORMAL = 14
0.311332 -0.859055 0.406321
0.311332 -0.859055 0.406321
-0.929879 -0.327189 0.168144
-0.929879 -0.32719 0.168144
0.0301471 0.378728 0.925017
0.0301472 0.378727 0.925017
0.00714563 -0.481629 -0.876346
0.00714562 -0.481629 -0.876346
0.967172 0.224288 -0.119473
0.967172 0.224288 -0.119473
-0.211998 0.912172 0.350711
-0.89206 0.412116 -0.185442
-0.228292 0.302715 -0.925336
0.45177 0.802771 -0.389183
BONE = 15
BONE_NAME = Bip01-L-Finger0
PARENT_ID = 14
LOCALTM 
MAT 0.76565 -0.440897 0.468391 0.0
MAT 0.354266 -0.318755 -0.879142 0.0
MAT 0.536913 0.83905 -0.0878604 0.0
MAT 0.28564 -0.299339 0.326494 1.0
WORLDTM 
MAT 0.311332 -0.859055 0.406321 0.0
MAT 0.0115214 0.430952 0.902301 0.0
MAT -0.950231 -0.276234 0.144067 0.0
MAT -2.95603 19.285 5.61266 1.0
VERTEX = 9
-2.30019 18.3832 6.31209
-2.75774 18.2036 6.4037
-2.7635 17.9881 5.95255
-2.30595 18.1677 5.86094
-0.997285 15.1011 7.61366
-1.04304 15.0832 7.62282
-1.04362 15.0616 7.57771
-0.997861 15.0796 7.56855
-2.63261 18.3926 6.03476
INDEX = 14
4 5 7
6 7 5
1 2 5
6 5 2
0 1 4
5 4 1
7 6 3
2 3 6
4 7 0
3 0 7
8 1 0
8 2 1
8 3 2
8 0 3
FACE-NORMAL = 14
0.403039 -0.827816 0.39023
0.403039 -0.827816 0.39023
-0.889328 -0.408102 0.206271
-0.889328 -0.408102 0.206271
0.0356397 0.380598 0.924053
0.0356397 0.380598 0.924053
0.0126382 -0.479758 -0.87731
0.0126382 -0.479758 -0.87731
0.937606 0.308943 -0.159527
0.937606 0.308943 -0.159528
-0.276845 0.890084 0.362089
-0.932072 0.331385 -0.146373
-0.293138 0.280626 -0.913958
0.362089 0.839324 -0.405496
BONE = 16
BONE_NAME = Bip01-L-Finger01
PARENT_ID = 15
LOCALTM 
MAT 0.995178 0.0 -0.0980901 0.0
MAT 0.0 1.0 0.0 0.0
MAT 0.0980902 0.0 0.995178 0.0
MAT 1.03883 1.90735e-006 2.38419e-007 1.0
WORLDTM 
MAT 0.403039 -0.827817 0.39023 0.0
MAT 0.0115214 0.430952 0.902301 0.0
MAT -0.91511 -0.359167 0.183228 0.0
MAT -2.63261 18.3926 6.03476 1.0
VERTEX = 9
-1.92339 17.7207 6.6237
-2.32398 17.4527 6.7568
-2.32974 17.2372 6.30565
-1.92915 17.5052 6.17255
0.137385 14.7807 7.7522
0.0973258 14.7539 7.76551
0.0967498 14.7324 7.72039
0.136809 14.7592 7.70708
-2.27614 17.6605 6.3799
INDEX = 14
4 5 7
6 7 5
1 2 5
6 5 2
0 1 4
5 4 1
7 6 3
2 3 6
4 7 0
3 0 7
8 1 0
8 2 1
8 3 2
8 0 3
FACE-NORMAL = 14
0.598302 -0.72598 0.339099
0.598302 -0.72598 0.339099
-0.763915 -0.578461 0.286035
-0.763915 -0.578461 0.286035
0.0473344 0.386698 0.920991
0.0473344 0.386698 0.920991
0.0243329 -0.473659 -0.880372
0.0243329 -0.473659 -0.880372
0.835583 0.4915 -0.245416
0.835583 0.4915 -0.245416
-0.414916 0.818074 0.398245
-0.989589 0.134377 -0.0515445
-0.43121 0.208616 -0.877802
0.143462 0.892314 -0.428013
BONE = 17
BONE_NAME = Bip01-L-Finger02
PARENT_ID = 16
LOCALTM 
MAT 0.974444 0.0 -0.224632 0.0
MAT 0.0 1.0 0.0 0.0
MAT 0.224632 0.0 0.974444 0.0
MAT 0.884447 -1.90735e-006 2.38419e-007 1.0
WORLDTM 
MAT 0.598302 -0.72598 0.339099 0.0
MAT 0.0115214 0.430952 0.902301 0.0
MAT -0.801188 -0.535942 0.266204 0.0
MAT -2.27614 17.6605 6.3799 1.0
VERTEX = 9
-1.45042 17.1468 6.89176
-1.85101 16.8788 7.02487
-1.85677 16.6633 6.57372
-1.45618 16.9313 6.44061
0.610357 14.2068 8.02026
0.570298 14.18 8.03357
0.569722 14.1585 7.98846
0.609781 14.1853 7.97515
-1.80317 17.0866 6.64796
INDEX = 14
4 5 7
6 7 5
1 2 5
6 5 2
0 1 4
5 4 1
7 6 3
2 3 6
4 7 0
3 0 7
8 1 0
8 2 1
8 3 2
8 0 3
FACE-NORMAL = 14
0.598302 -0.72598 0.339099
0.598302 -0.72598 0.339099
-0.763915 -0.578461 0.286035
-0.763915 -0.578461 0.286035
0.0473344 0.386698 0.920991
0.0473344 0.386698 0.920991
0.0243329 -0.473659 -0.880372
0.0243329 -0.473659 -0.880372
0.835583 0.4915 -0.245416
0.835583 0.4915 -0.245416
-0.414916 0.818074 0.398244
-0.989589 0.134377 -0.0515445
-0.43121 0.208617 -0.877802
0.143462 0.892314 -0.428013
BONE = 18
BONE_NAME = Bip01-L-Finger0Nub
PARENT_ID = 17
LOCALTM 
MAT 1.0 0.0 0.0 0.0
MAT 0.0 1.0 0.0 0.0
MAT 0.0 0.0 1.0 0.0
MAT 0.790525 0.0 0.0 1.0
WORLDTM 
MAT 0.598302 -0.72598 0.339099 0.0
MAT 0.0115214 0.430952 0.902301 0.0
MAT -0.801188 -0.535942 0.266204 0.0
MAT -1.80317 17.0866 6.64796 1.0
VERTEX = 9
-3.55537 18.6027 7.49991
-3.52726 18.1225 7.3637
-3.0548 18.104 7.52631
-3.08291 18.5843 7.66251
-4.53926 17.3445 10.9076
-4.53644 17.2965 10.894
-4.4892 17.2946 10.9103
-4.49201 17.3426 10.9239
-3.22447 18.4223 7.28672
INDEX = 14
4 5 7
6 7 5
1 2 5
6 5 2
0 1 4
5 4 1
7 6 3
2 3 6
4 7 0
3 0 7
8 1 0
8 2 1
8 3 2
8 0 3
FACE-NORMAL = 14
-0.322438 -0.275688 0.905555
-0.322438 -0.275688 0.905555
0.0368033 -0.975325 -0.217686
0.0368033 -0.975325 -0.217686
-0.962535 0.020351 -0.270393
-0.962535 0.020351 -0.270393
0.923912 -0.0533743 0.378864
0.923912 -0.0533742 0.378864
-0.0754264 0.942302 0.326157
-0.0754264 0.942302 0.326157
-0.440161 0.221054 -0.870284
0.267749 -0.484261 -0.832947
0.896157 0.168829 -0.410364
0.188248 0.874144 -0.4477
BONE = 19
BONE_NAME = Bip01-L-Finger1
PARENT_ID = 14
LOCALTM 
MAT 0.907686 -0.0133422 -0.419437 0.0
MAT -0.00142182 0.999391 -0.0348674 0.0
MAT 0.419647 0.032245 0.907115 0.0
MAT 2.10662 -0.63479 -0.109812 1.0
WORLDTM 
MAT -0.322438 -0.275688 0.905555 0.0
MAT -0.944919 0.0369289 -0.325212 0.0
MAT 0.0562158 -0.960538 -0.272411 0.0
MAT -3.22447 18.4223 7.28672 1.0
VERTEX = 9
-3.79064 18.4011 8.1606
-3.76222 17.9211 8.02351
-3.28976 17.9026 8.18611
-3.31818 18.3826 8.3232
-4.77397 17.1359 11.5659
-4.77113 17.0879 11.5522
-4.72388 17.0861 11.5685
-4.72672 17.1341 11.5822
-3.45961 18.2213 7.9471
INDEX = 14
4 5 7
6 7 5
1 2 5
6 5 2
0 1 4
5 4 1
7 6 3
2 3 6
4 7 0
3 0 7
8 1 0
8 2 1
8 3 2
8 0 3
FACE-NORMAL = 14
-0.322328 -0.277564 0.905021
-0.322328 -0.277564 0.905021
0.0374384 -0.974898 -0.219483
0.0374384 -0.974898 -0.219483
-0.962528 0.0202387 -0.270425
-0.962528 0.0202387 -0.270425
0.923918 -0.0534866 0.378832
0.923918 -0.0534866 0.378832
-0.0760483 0.94165 0.327891
-0.0760483 0.94165 0.327891
-0.440239 0.22238 -0.869906
0.268116 -0.482553 -0.83382
0.896079 0.170155 -0.409987
0.187724 0.875088 -0.446073
BONE = 20
BONE_NAME = Bip01-L-Finger11
PARENT_ID = 19
LOCALTM 
MAT 0.999998 0.0 0.00195321 0.0
MAT 0.0 1.0 0.0 0.0
MAT -0.00195321 0.0 0.999998 0.0
MAT 0.729258 -2.38419e-007 -3.8147e-006 1.0
WORLDTM 
MAT -0.322328 -0.277564 0.905021 0.0
MAT -0.944919 0.0369289 -0.325212 0.0
MAT 0.0568454 -0.959997 -0.274179 0.0
MAT -3.45961 18.2213 7.9471 1.0
VERTEX = 9
-3.92182 18.3394 8.53476
-3.93128 17.8404 8.50557
-3.45882 17.8219 8.66818
-3.44936 18.321 8.69736
-4.9388 17.9228 12.1342
-4.93975 17.8729 12.1313
-4.8925 17.8711 12.1475
-4.89156 17.921 12.1504
-3.60863 18.0929 8.36551
INDEX = 14
4 5 7
6 7 5
1 2 5
6 5 2
0 1 4
5 4 1
7 6 3
2 3 6
4 7 0
3 0 7
8 1 0
8 2 1
8 3 2
8 0 3
FACE-NORMAL = 14
-0.326755 -0.0489994 0.943838
-0.326755 -0.0489994 0.943838
-0.0384561 -0.999259 -0.00173387
-0.0384561 -0.999259 -0.00173386
-0.962794 0.033928 -0.2681
-0.962794 0.033928 -0.2681
0.923653 -0.0397973 0.381157
0.923653 -0.0397973 0.381157
-0.000684056 0.993389 0.114791
-0.000684055 0.993389 0.114791
-0.437109 0.0607605 -0.897354
0.217672 -0.671127 -0.708666
0.89921 0.00853508 -0.437435
0.244429 0.740422 -0.626122
BONE = 21
BONE_NAME = Bip01-L-Finger12
PARENT_ID = 20
LOCALTM 
MAT 0.973116 0.0 -0.230316 0.0
MAT 0.0 1.0 0.0 0.0
MAT 0.230316 0.0 0.973116 0.0
MAT 0.462317 -1.19209e-007 -1.90735e-006 1.0
WORLDTM 
MAT -0.326755 -0.0489994 0.943838 0.0
MAT -0.944919 0.0369289 -0.325212 0.0
MAT -0.01892 -0.998116 -0.0583673 0.0
MAT -3.60863 18.0929 8.36551 1.0
VERTEX = 9
-4.14787 18.3056 9.18771
-4.15733 17.8065 9.15852
-3.68487 17.788 9.32113
-3.67541 18.2871 9.35031
-5.16485 17.8889 12.7871
-5.1658 17.839 12.7842
-5.11855 17.8372 12.8005
-5.11761 17.8871 12.8034
-3.83468 18.059 9.01846
INDEX = 14
4 5 7
6 7 5
1 2 5
6 5 2
0 1 4
5 4 1
7 6 3
2 3 6
4 7 0
3 0 7
8 1 0
8 2 1
8 3 2
8 0 3
FACE-NORMAL = 14
-0.326755 -0.0489994 0.943838
-0.326755 -0.0489994 0.943838
-0.0384561 -0.999259 -0.00173386
-0.0384561 -0.999259 -0.00173385
-0.962794 0.033928 -0.2681
-0.962794 0.033928 -0.2681
0.923653 -0.0397973 0.381157
0.923653 -0.0397973 0.381157
-0.000684058 0.993389 0.114791
-0.000684056 0.993389 0.114791
-0.437109 0.0607605 -0.897354
0.217672 -0.671127 -0.708666
0.89921 0.00853508 -0.437435
0.244429 0.740422 -0.626122
BONE = 22
BONE_NAME = Bip01-L-Finger1Nub
PARENT_ID = 21
LOCALTM 
MAT 1.0 0.0 0.0 0.0
MAT 0.0 1.0 0.0 0.0
MAT 0.0 0.0 1.0 0.0
MAT 0.691804 -3.57628e-007 -3.8147e-006 1.0
WORLDTM 
MAT -0.326755 -0.0489994 0.943838 0.0
MAT -0.944919 0.0369289 -0.325212 0.0
MAT -0.01892 -0.998116 -0.0583673 0.0
MAT -3.83468 18.059 9.01846 1.0
VERTEX = 9
-4.02147 18.6367 7.35248
-3.99349 18.1446 7.26836
-3.52163 18.1432 7.43372
-3.54961 18.6352 7.51784
-5.01891 17.7498 10.8713
-5.01611 17.7005 10.8629
-4.96892 17.7004 10.8794
-4.97172 17.7496 10.8879
-3.69006 18.4342 7.16095
INDEX = 14
4 5 7
6 7 5
1 2 5
6 5 2
0 1 4
5 4 1
7 6 3
2 3 6
4 7 0
3 0 7
8 1 0
8 2 1
8 3 2
8 0 3
FACE-NORMAL = 14
-0.325964 -0.177291 0.928609
-0.325964 -0.177291 0.928609
0.0363486 -0.993006 -0.112329
0.0363486 -0.993006 -0.112329
-0.961552 -0.00775699 -0.274512
-0.961552 -0.00775699 -0.274512
0.922507 -0.0134798 0.385745
0.922507 -0.0134798 0.385745
-0.075394 0.971769 0.223563
-0.075394 0.971769 0.223563
-0.436822 0.127391 -0.890482
0.270069 -0.570539 -0.775596
0.897805 0.123337 -0.42277
0.190913 0.821266 -0.537657
BONE = 23
BONE_NAME = Bip01-L-Finger2
PARENT_ID = 14
LOCALTM 
MAT 0.860665 -0.0170629 -0.508886 0.0
MAT 0.0166121 0.999847 -0.00542927 0.0
MAT 0.508901 -0.00378087 0.860817 0.0
MAT 2.13441 -0.154349 -0.143473 1.0
WORLDTM 
MAT -0.325964 -0.177291 0.928609 0.0
MAT -0.943723 0.00286653 -0.330722 0.0
MAT 0.0559718 -0.984155 -0.168248 0.0
MAT -3.69006 18.4342 7.16095 1.0
VERTEX = 9
-4.29564 18.5013 8.13364
-4.27679 18.0051 8.07557
-3.80493 18.0036 8.24093
-3.82377 18.4999 8.299
-5.30699 17.8196 11.694
-5.30511 17.77 11.6882
-5.25792 17.7698 11.7047
-5.25981 17.8194 11.7105
-3.96814 18.283 7.95314
INDEX = 14
4 5 7
6 7 5
1 2 5
6 5 2
0 1 4
5 4 1
7 6 3
2 3 6
4 7 0
3 0 7
8 1 0
8 2 1
8 3 2
8 0 3
FACE-NORMAL = 14
-0.32858 -0.122072 0.936554
-0.32858 -0.122072 0.936554
0.0179398 -0.998047 -0.0598433
0.0179398 -0.998047 -0.0598432
-0.961709 -0.0044498 -0.274036
-0.961709 -0.0044498 -0.274036
0.92235 -0.0101726 0.386221
0.92235 -0.0101726 0.386221
-0.0572987 0.983424 0.172028
-0.0572987 0.983424 0.172028
-0.434972 0.088345 -0.8961
0.25899 -0.615498 -0.74437
0.899655 0.0842912 -0.428388
0.205692 0.788134 -0.580117
BONE = 24
BONE_NAME = Bip01-L-Finger21
PARENT_ID = 23
LOCALTM 
MAT 0.998441 0.0 -0.0558271 0.0
MAT 0.0 1.0 0.0 0.0
MAT 0.0558271 0.0 0.998441 0.0
MAT 0.853101 1.19209e-007 3.8147e-006 1.0
WORLDTM 
MAT -0.32858 -0.122072 0.936554 0.0
MAT -0.943723 0.00286653 -0.330722 0.0
MAT 0.0376869 -0.992518 -0.116144 0.0
MAT -3.96814 18.283 7.95314 1.0
VERTEX = 9
-4.47938 18.4532 8.65755
-4.47434 17.9536 8.63883
-4.00248 17.9522 8.8042
-4.00752 18.4518 8.82291
-5.50445 18.0828 12.2597
-5.50395 18.0328 12.2579
-5.45676 18.0326 12.2744
-5.45727 18.0826 12.2763
-4.15829 18.2123 8.49513
INDEX = 14
4 5 7
6 7 5
1 2 5
6 5 2
0 1 4
5 4 1
7 6 3
2 3 6
4 7 0
3 0 7
8 1 0
8 2 1
8 3 2
8 0 3
FACE-NORMAL = 14
-0.33058 -0.0386619 0.942986
-0.33058 -0.0386619 0.942986
-0.00973443 -0.99977 0.0191111
-0.00973443 -0.99977 0.0191111
-0.961829 0.000545844 -0.273651
-0.961829 0.000545844 -0.273651
0.92223 -0.00517695 0.386606
0.92223 -0.00517695 0.386606
-0.029864 0.995139 0.093844
-0.029864 0.995139 0.093844
-0.433558 0.0293651 -0.900647
0.240885 -0.679237 -0.693261
0.901069 0.0253112 -0.432936
0.226626 0.733913 -0.640322
BONE = 25
BONE_NAME = Bip01-L-Finger22
PARENT_ID = 24
LOCALTM 
MAT 0.996499 0.0 -0.0836085 0.0
MAT 0.0 1.0 0.0 0.0
MAT 0.0836085 0.0 0.996499 0.0
MAT 0.578699 -3.57628e-007 0.0 1.0
WORLDTM 
MAT -0.33058 -0.0386619 0.942986 0.0
MAT -0.943723 0.00286654 -0.330722 0.0
MAT 0.0100829 -0.999249 -0.0374337 0.0
MAT -4.15829 18.2123 8.49513 1.0
VERTEX = 9
-4.71943 18.4251 9.34229
-4.71439 17.9255 9.32357
-4.24253 17.9241 9.48894
-4.24757 18.4237 9.50765
-5.7445 18.0547 12.9445
-5.744 18.0047 12.9426
-5.69681 18.0046 12.9591
-5.69732 18.0545 12.961
-4.39833 18.1843 9.17987
INDEX = 14
4 5 7
6 7 5
1 2 5
6 5 2
0 1 4
5 4 1
7 6 3
2 3 6
4 7 0
3 0 7
8 1 0
8 2 1
8 3 2
8 0 3
FACE-NORMAL = 14
-0.33058 -0.0386619 0.942986
-0.33058 -0.0386619 0.942986
-0.00973442 -0.99977 0.0191111
-0.00973443 -0.99977 0.0191111
-0.961829 0.000545848 -0.273651
-0.961829 0.000545847 -0.273651
0.92223 -0.00517695 0.386606
0.92223 -0.00517695 0.386606
-0.029864 0.995139 0.093844
-0.029864 0.995139 0.093844
-0.433558 0.0293651 -0.900647
0.240885 -0.679237 -0.693261
0.901069 0.0253112 -0.432936
0.226626 0.733913 -0.640322
BONE = 26
BONE_NAME = Bip01-L-Finger2Nub
PARENT_ID = 25
LOCALTM 
MAT 1.0 0.0 0.0 0.0
MAT 0.0 1.0 0.0 0.0
MAT 0.0 0.0 1.0 0.0
MAT 0.726139 0.0 0.0 1.0
WORLDTM 
MAT -0.33058 -0.0386619 0.942986 0.0
MAT -0.943723 0.00286654 -0.330722 0.0
MAT 0.0100829 -0.999249 -0.0374337 0.0
MAT -4.39833 18.1843 9.17987 1.0
VERTEX = 9
-4.49513 18.6012 7.18332
-4.39566 18.1248 7.06852
-3.93251 18.178 7.24928
-4.03199 18.6544 7.36408
-5.44204 17.3435 10.6017
-5.43209 17.2958 10.5902
-5.38578 17.3011 10.6083
-5.39572 17.3488 10.6198
-4.13382 18.4608 6.99039
INDEX = 14
4 5 7
6 7 5
1 2 5
6 5 2
0 1 4
5 4 1
7 6 3
2 3 6
4 7 0
3 0 7
8 1 0
8 2 1
8 3 2
8 0 3
FACE-NORMAL = 14
-0.320023 -0.284612 0.903649
-0.320023 -0.284612 0.903649
0.179421 -0.968067 -0.175081
0.179421 -0.968067 -0.175081
-0.94379 -0.123151 -0.306748
-0.94379 -0.123151 -0.306748
0.905456 0.0890585 0.414991
0.905456 0.0890586 0.414991
-0.217755 0.933975 0.283324
-0.217755 0.933975 0.283324
-0.428693 0.126089 -0.894608
0.366966 -0.472432 -0.801339
0.881273 0.276413 -0.383344
0.0856145 0.874934 -0.476614
BONE = 27
BONE_NAME = Bip01-L-Finger3
PARENT_ID = 14
LOCALTM 
MAT 0.91152 -0.0150351 -0.41098 0.0
MAT 0.0614601 0.993089 0.0999832 0.0
MAT 0.406637 -0.116396 0.906145 0.0
MAT 2.11513 0.321246 -0.155815 1.0
WORLDTM 
MAT -0.320023 -0.284612 0.903649 0.0
MAT -0.926285 -0.106295 -0.361518 0.0
MAT 0.198946 -0.952732 -0.229615 0.0
MAT -4.13382 18.4608 6.99039 1.0
VERTEX = 9
-4.75894 18.3749 7.92582
-4.66428 17.8945 7.82452
-4.20114 17.9476 8.00528
-4.2958 18.428 8.10658
-5.7297 17.2222 11.3744
-5.72024 17.1742 11.3643
-5.67392 17.1795 11.3823
-5.68339 17.2275 11.3925
-4.39859 18.2253 7.73803
INDEX = 14
4 5 7
6 7 5
1 2 5
6 5 2
0 1 4
5 4 1
7 6 3
2 3 6
4 7 0
3 0 7
8 1 0
8 2 1
8 3 2
8 0 3
FACE-NORMAL = 14
-0.325806 -0.256111 0.910087
-0.325806 -0.256111 0.910087
0.169473 -0.9744 -0.147729
0.169473 -0.9744 -0.147729
-0.944136 -0.121444 -0.306362
-0.944136 -0.121444 -0.306362
0.90511 0.0907656 0.415377
0.90511 0.0907656 0.415377
-0.208499 0.943722 0.256743
-0.208499 0.943722 0.256743
-0.424603 0.105935 -0.899161
0.364253 -0.49828 -0.786788
0.885363 0.25626 -0.387896
0.0965058 0.860475 -0.500269
BONE = 28
BONE_NAME = Bip01-L-Finger31
PARENT_ID = 27
LOCALTM 
MAT 0.999556 0.0 -0.0297827 0.0
MAT 0.0 1.0 0.0 0.0
MAT 0.0297828 0.0 0.999556 0.0
MAT 0.827357 -4.76837e-007 1.90735e-006 1.0
WORLDTM 
MAT -0.325806 -0.256111 0.910087 0.0
MAT -0.926285 -0.106295 -0.361518 0.0
MAT 0.189326 -0.960786 -0.2026 0.0
MAT -4.39859 18.2253 7.73803 1.0
VERTEX = 9
-4.94654 18.2953 8.42989
-4.90254 17.7983 8.46327
-4.4394 17.8515 8.64403
-4.4834 18.3484 8.61065
-6.09234 18.2082 12.0136
-6.08794 18.1585 12.017
-6.04162 18.1638 12.0351
-6.04602 18.2135 12.0317
-4.60137 18.0659 8.30447
INDEX = 14
4 5 7
6 7 5
1 2 5
6 5 2
0 1 4
5 4 1
7 6 3
2 3 6
4 7 0
3 0 7
8 1 0
8 2 1
8 3 2
8 0 3
FACE-NORMAL = 14
-0.366402 0.0300222 0.929972
-0.366402 0.0300222 0.929972
0.0658951 -0.990299 0.122334
0.0658951 -0.990299 0.122334
-0.946568 -0.104307 -0.305171
-0.946568 -0.104307 -0.305171
0.902678 0.107903 0.416568
0.902678 0.107903 0.416568
-0.109784 0.993895 -0.010938
-0.109784 0.993895 -0.010938
-0.395898 -0.0963911 -0.913222
0.321309 -0.724009 -0.610386
0.914069 0.0539334 -0.401958
0.196861 0.681551 -0.704793
BONE = 29
BONE_NAME = Bip01-L-Finger32
PARENT_ID = 28
LOCALTM 
MAT 0.958042 0.0 -0.286627 0.0
MAT 0.0 1.0 0.0 0.0
MAT 0.286627 0.0 0.958042 0.0
MAT 0.622403 0.0 3.8147e-006 1.0
WORLDTM 
MAT -0.366402 0.0300222 0.929972 0.0
MAT -0.926285 -0.106295 -0.361518 0.0
MAT 0.0879977 -0.993882 0.0667561 0.0
MAT -4.60137 18.0659 8.30447 1.0
VERTEX = 9
-5.1906 18.3153 9.04934
-5.1466 17.8183 9.08271
-4.68346 17.8715 9.26347
-4.72746 18.3684 9.23009
-6.33639 18.2281 12.6331
-6.33199 18.1785 12.6364
-6.28568 18.1838 12.6545
-6.29008 18.2335 12.6512
-4.84543 18.0859 8.92391
INDEX = 14
4 5 7
6 7 5
1 2 5
6 5 2
0 1 4
5 4 1
7 6 3
2 3 6
4 7 0
3 0 7
8 1 0
8 2 1
8 3 2
8 0 3
FACE-NORMAL = 14
-0.366402 0.0300222 0.929972
-0.366402 0.0300222 0.929972
0.0658951 -0.990299 0.122334
0.0658951 -0.990299 0.122334
-0.946568 -0.104307 -0.305171
-0.946568 -0.104307 -0.305171
0.902678 0.107903 0.416568
0.902678 0.107903 0.416568
-0.109784 0.993895 -0.010938
-0.109784 0.993895 -0.010938
-0.395898 -0.0963911 -0.913222
0.321309 -0.724009 -0.610386
0.914069 0.0539334 -0.401958
0.196861 0.681551 -0.704793
BONE = 30
BONE_NAME = Bip01-L-Finger3Nub
PARENT_ID = 29
LOCALTM 
MAT 1.0 0.0 0.0 0.0
MAT 0.0 1.0 0.0 0.0
MAT 0.0 0.0 1.0 0.0
MAT 0.666089 7.15256e-007 0.0 1.0
WORLDTM 
MAT -0.366402 0.0300222 0.929972 0.0
MAT -0.926285 -0.106295 -0.361518 0.0
MAT 0.0879977 -0.993882 0.0667561 0.0
MAT -4.84543 18.0859 8.92391 1.0
VERTEX = 9
-4.87719 18.4832 6.80376
-4.76197 18.036 6.61196
-4.28824 18.0942 6.76094
-4.40346 18.5414 6.95274
-5.44409 16.6878 10.0624
-5.43257 16.6431 10.0432
-5.3852 16.6489 10.0581
-5.39672 16.6936 10.0773
-4.52725 18.3967 6.56382
INDEX = 14
4 5 7
6 7 5
1 2 5
6 5 2
0 1 4
5 4 1
7 6 3
2 3 6
4 7 0
3 0 7
8 1 0
8 2 1
8 3 2
8 0 3
FACE-NORMAL = 14
-0.221849 -0.432101 0.874112
-0.221849 -0.432101 0.874112
0.216725 -0.918567 -0.330553
0.216725 -0.918567 -0.330553
-0.959049 -0.14199 -0.245078
-0.959049 -0.14199 -0.245078
0.932475 0.0902306 0.349783
0.932475 0.0902306 0.349783
-0.243299 0.866808 0.435258
-0.243299 0.866808 0.435258
-0.513087 0.223291 -0.828784
0.319807 -0.326819 -0.889333
0.826828 0.387791 -0.407398
-0.00606514 0.937901 -0.346849
BONE = 31
BONE_NAME = Bip01-L-Finger4
PARENT_ID = 14
LOCALTM 
MAT 0.960686 -0.0983466 -0.259635 0.0
MAT 0.118682 0.99088 0.063806 0.0
MAT 0.250992 -0.0921114 0.963597 0.0
MAT 1.96025 0.837304 0.0690079 1.0
WORLDTM 
MAT -0.221849 -0.432101 0.874112 0.0
MAT -0.947463 -0.116319 -0.297965 0.0
MAT 0.230426 -0.894293 -0.383594 0.0
MAT -4.52725 18.3967 6.56382 1.0
VERTEX = 9
-5.00476 18.2353 7.30619
-4.88975 17.7878 7.11517
-4.41601 17.8459 7.26415
-4.53103 18.2935 7.45518
-5.57329 16.4456 10.5677
-5.56179 16.4009 10.5486
-5.51441 16.4067 10.5635
-5.52591 16.4515 10.5826
-4.65482 18.1482 7.06648
INDEX = 14
4 5 7
6 7 5
1 2 5
6 5 2
0 1 4
5 4 1
7 6 3
2 3 6
4 7 0
3 0 7
8 1 0
8 2 1
8 3 2
8 0 3
FACE-NORMAL = 14
-0.222256 -0.430517 0.87479
-0.222256 -0.430517 0.87479
0.216309 -0.919234 -0.328967
0.216309 -0.919234 -0.328967
-0.959074 -0.141895 -0.245037
-0.959074 -0.141895 -0.245037
0.932451 0.0903254 0.349823
0.932451 0.0903254 0.349823
-0.242931 0.867665 0.433754
-0.242931 0.867665 0.433754
-0.512799 0.222172 -0.829263
0.319817 -0.328479 -0.888718
0.827117 0.386671 -0.407877
-0.005499 0.937321 -0.348422
BONE = 32
BONE_NAME = Bip01-L-Finger41
PARENT_ID = 31
LOCALTM 
MAT 0.999999 0.0 -0.00177008 0.0
MAT 0.0 1.0 0.0 0.0
MAT 0.00177005 0.0 0.999999 0.0
MAT 0.575042 -7.15256e-007 0.0 1.0
WORLDTM 
MAT -0.222256 -0.430517 0.87479 0.0
MAT -0.947463 -0.116319 -0.297965 0.0
MAT 0.230033 -0.895056 -0.382046 0.0
MAT -4.65482 18.1482 7.06648 1.0
VERTEX = 9
-5.07988 18.123 7.5889
-4.9771 17.6554 7.44461
-4.50337 17.7136 7.5936
-4.60615 18.1811 7.73788
-5.73947 16.6838 11.0032
-5.7292 16.6371 10.9888
-5.68182 16.6429 11.0037
-5.6921 16.6896 11.0181
-4.73036 18.0019 7.36377
INDEX = 14
4 5 7
6 7 5
1 2 5
6 5 2
0 1 4
5 4 1
7 6 3
2 3 6
4 7 0
3 0 7
8 1 0
8 2 1
8 3 2
8 0 3
FACE-NORMAL = 14
-0.245072 -0.334651 0.909917
-0.245072 -0.334651 0.909917
0.190507 -0.9535 -0.233548
0.190507 -0.9535 -0.233547
-0.96044 -0.136153 -0.242933
-0.96044 -0.136153 -0.242933
0.931085 0.0960671 0.351927
0.931085 0.0960671 0.351927
-0.219863 0.913414 0.342542
-0.219863 0.913414 0.342542
-0.496665 0.154384 -0.854101
0.318641 -0.424607 -0.847453
0.84325 0.318884 -0.432715
0.0279437 0.897875 -0.439364
BONE = 33
BONE_NAME = Bip01-L-Finger42
PARENT_ID = 32
LOCALTM 
MAT 0.994528 0.0 -0.104474 0.0
MAT 0.0 1.0 0.0 0.0
MAT 0.104474 0.0 0.994527 0.0
MAT 0.339843 7.15256e-007 0.0 1.0
WORLDTM 
MAT -0.245072 -0.334651 0.909917 0.0
MAT -0.947463 -0.116319 -0.297965 0.0
MAT 0.205554 -0.935136 -0.288563 0.0
MAT -4.73036 18.0019 7.36377 1.0
VERTEX = 9
-5.22149 17.9296 8.11469
-5.11872 17.462 7.97041
-4.64499 17.5202 8.11939
-4.74776 17.9878 8.26367
-5.88109 16.4904 11.529
-5.87081 16.4437 11.5146
-5.82344 16.4495 11.5295
-5.83371 16.4962 11.5439
-4.87197 17.8086 7.88956
INDEX = 14
4 5 7
6 7 5
1 2 5
6 5 2
0 1 4
5 4 1
7 6 3
2 3 6
4 7 0
3 0 7
8 1 0
8 2 1
8 3 2
8 0 3
FACE-NORMAL = 14
-0.245072 -0.334651 0.909917
-0.245072 -0.334651 0.909917
0.190507 -0.9535 -0.233548
0.190507 -0.9535 -0.233548
-0.96044 -0.136153 -0.242933
-0.96044 -0.136153 -0.242933
0.931085 0.0960671 0.351927
0.931085 0.0960671 0.351927
-0.219863 0.913414 0.342542
-0.219863 0.913414 0.342542
-0.496665 0.154384 -0.854101
0.318641 -0.424607 -0.847453
0.84325 0.318884 -0.432715
0.0279437 0.897875 -0.439364
BONE = 34
BONE_NAME = Bip01-L-Finger4Nub
PARENT_ID = 33
LOCALTM 
MAT 1.0 0.0 0.0 0.0
MAT 0.0 1.0 0.0 0.0
MAT 0.0 0.0 1.0 0.0
MAT 0.577847 -7.15256e-007 0.0 1.0
WORLDTM 
MAT -0.245072 -0.334651 0.909917 0.0
MAT -0.947463 -0.116319 -0.297965 0.0
MAT 0.205554 -0.935136 -0.288563 0.0
MAT -4.87197 17.8086 7.88956 1.0
VERTEX = 9
-2.88736 19.9037 5.31908
-3.04487 19.9976 5.78424
-3.10598 19.5075 5.86247
-2.94847 19.4136 5.39731
0.543698 19.4839 6.80749
0.527947 19.4932 6.854
0.521836 19.4442 6.86182
0.537587 19.4348 6.81531
-3.23196 19.7217 5.50785
INDEX = 14
4 5 7
6 7 5
1 2 5
6 5 2
0 1 4
5 4 1
7 6 3
2 3 6
4 7 0
3 0 7
8 1 0
8 2 1
8 3 2
8 0 3
FACE-NORMAL = 14
0.941183 -0.0644129 0.331702
0.941183 -0.0644129 0.331702
-0.258084 0.183611 0.948514
-0.258084 0.183611 0.948514
0.17837 0.974474 -0.136321
0.17837 0.974474 -0.136321
-0.0656312 -0.98219 0.176054
-0.0656312 -0.98219 0.176054
0.370823 -0.191327 -0.908782
0.370823 -0.191327 -0.908782
-0.579094 0.738576 -0.345188
-0.888269 0.178346 0.423286
-0.751939 -0.647483 -0.123909
-0.442764 -0.087252 -0.892383
BONE = 35
BONE_NAME = L_Sword
PARENT_ID = 14
LOCALTM 
MAT 0.024975 -0.998394 0.050858 0.0
MAT -0.783889 -0.0511303 -0.618792 0.0
MAT 0.620398 -0.0244128 -0.783907 0.0
MAT -9.53674e-007 -2.38419e-007 0.0 1.0
WORLDTM 
MAT 0.941182 -0.0644129 0.331702 0.0
MAT 0.12222 0.980092 -0.156468 0.0
MAT -0.315019 0.187806 0.930318 0.0
MAT -3.23196 19.7217 5.50785 1.0
VERTEX = 9
-2.96127 20.0247 5.17286
-2.96118 20.0247 5.67286
-2.96092 19.5247 5.67289
-2.961 19.5247 5.17289
0.788887 19.8017 5.39727
0.788895 19.8017 5.44727
0.788921 19.7517 5.44728
0.788913 19.7517 5.39728
-3.21109 19.7746 5.42292
INDEX = 14
4 5 7
6 7 5
1 2 5
6 5 2
0 1 4
5 4 1
7 6 3
2 3 6
4 7 0
3 0 7
8 1 0
8 2 1
8 3 2
8 0 3
FACE-NORMAL = 14
1.0 0.000527908 -0.000160745
1.0 0.000527908 -0.000160745
0.0600526 9.47149e-005 0.998195
0.0600527 9.47149e-005 0.998195
0.0593657 0.998236 -7.27544e-005
0.0593657 0.998236 -7.27544e-005
0.0604188 -0.998173 5.34996e-005
0.0604188 -0.998173 5.34996e-005
0.0597319 -3.14797e-005 -0.998214
0.0597319 -3.14797e-005 -0.998214
