EXPORTER_V17
ANIMATION_EXPORT
BONEOBJECT_COUNT = 94
VERTEX = 9
0.250001 19.8081 -0.25
0.250001 19.8081 0.25
0.250001 19.3081 0.25
0.250001 19.3081 -0.25
4.0 19.5831 -0.025
4.0 19.5831 0.025
4.0 19.5331 0.025
4.0 19.5331 -0.025
9.31122e-007 19.5581 0.0
INDEX = 14
4 5 7
6 7 5
1 2 5
6 5 2
0 1 4
5 4 1
7 6 3
2 3 6
4 7 0
3 0 7
8 1 0
8 2 1
8 3 2
8 0 3
FACE-NORMAL = 14
1.0 0.0 0.0
1.0 0.0 0.0
0.0598923 0.0 0.998205
0.0598923 0.0 0.998205
0.0598923 0.998205 0.0
0.0598923 0.998205 0.0
0.0598923 -0.998205 0.0
0.0598923 -0.998205 0.0
0.0598923 0.0 -0.998205
0.0598923 0.0 -0.998205
-0.707107 0.707107 0.0
-0.707107 0.0 0.707107
-0.707107 -0.707107 0.0
-0.707107 0.0 -0.707107
BONE = 0
BONE_NAME = Dummy_root
PARENT_ID = -1
LOCALTM 
MAT 1.0 0.0 0.0 0.0
MAT 0.0 1.0 0.0 0.0
MAT 0.0 0.0 1.0 0.0
MAT 9.31122e-007 19.5581 0.0 1.0
WORLDTM 
MAT 1.0 0.0 0.0 0.0
MAT 0.0 1.0 0.0 0.0
MAT 0.0 0.0 1.0 0.0
MAT 9.31122e-007 19.5581 0.0 1.0
VERTEX = 9
-0.137843 19.2241 -0.257332
-0.167907 19.1607 0.23772
-0.371179 18.7093 0.167562
-0.341115 18.7727 -0.32749
3.17585 17.4513 -0.0558991
3.17284 17.445 -0.00639395
3.15251 17.3998 -0.0134098
3.15552 17.4062 -0.0629149
-0.482424 19.0694 -0.0455671
INDEX = 14
4 5 7
6 7 5
1 2 5
6 5 2
0 1 4
5 4 1
7 6 3
2 3 6
4 7 0
3 0 7
8 1 0
8 2 1
8 3 2
8 0 3
FACE-NORMAL = 14
0.911651 -0.410957 0.00272817
0.911651 -0.410957 0.00272817
-0.00541818 -0.151196 0.988489
-0.00541817 -0.151196 0.988489
0.460415 0.876558 0.140228
0.460415 0.876558 0.140228
-0.351213 -0.925785 -0.139901
-0.351213 -0.925785 -0.139901
0.11462 0.10197 -0.988162
0.11462 0.10197 -0.988162
-0.357164 0.928961 0.0972895
-0.687151 0.200922 0.698179
-0.932104 -0.34778 -0.101148
-0.602118 0.380259 -0.702038
BONE = 1
BONE_NAME = Bip01
PARENT_ID = 0
LOCALTM 
MAT 0.911651 -0.410957 0.0027282 0.0
MAT 0.406544 0.902792 0.140316 0.0
MAT -0.060127 -0.12681 0.990103 0.0
MAT -0.482425 -0.488665 -0.0455671 1.0
WORLDTM 
MAT 0.911651 -0.410957 0.00272817 0.0
MAT 0.406544 0.902792 0.140316 0.0
MAT -0.060127 -0.12681 0.990103 0.0
MAT -0.482424 19.0694 -0.0455671 1.0
VERTEX = 9
-0.623732 19.3662 0.236355
-0.167907 19.1607 0.23772
-0.137843 19.2241 -0.257332
-0.593668 19.4296 -0.258697
1.11946 22.6877 0.540377
1.16504 22.6671 0.540513
1.16805 22.6735 0.491008
1.12246 22.694 0.490872
-0.482424 19.0694 -0.0455671
INDEX = 14
4 5 7
6 7 5
1 2 5
6 5 2
0 1 4
5 4 1
7 6 3
2 3 6
4 7 0
3 0 7
8 1 0
8 2 1
8 3 2
8 0 3
FACE-NORMAL = 14
0.406544 0.902792 0.140315
0.406544 0.902792 0.140315
0.934363 -0.356149 0.0111285
0.934363 -0.356149 0.0111285
-0.0356709 -0.0725105 0.99673
-0.0356709 -0.0725105 0.99673
0.0843686 0.180651 -0.979922
0.0843686 0.180651 -0.979922
-0.885665 0.46429 0.00567906
-0.885665 0.46429 0.00567905
-0.329987 -0.728037 0.600891
0.357164 -0.928961 -0.0972875
-0.244953 -0.548703 -0.799326
-0.932104 -0.34778 -0.101148
BONE = 2
BONE_NAME = Bip01-Pelvis
PARENT_ID = 1
LOCALTM 
MAT 2.68221e-007 1.0 -1.46031e-006 0.0
MAT -1.46031e-006 1.49012e-006 1.0 0.0
MAT 1.0 -1.78814e-007 1.48639e-006 0.0
MAT 0.0 0.0 0.0 1.0
WORLDTM 
MAT 0.406544 0.902792 0.140315 0.0
MAT -0.0601277 -0.126808 0.990103 0.0
MAT 0.91165 -0.410957 0.00272962 0.0
MAT -0.482424 19.0694 -0.0455671 1.0
VERTEX = 9
0.737779 20.825 0.505885
1.19344 20.6192 0.507192
1.2235 20.6826 0.0121404
0.767841 20.8884 0.0108335
2.48362 24.1452 0.809893
2.52918 24.1246 0.810024
2.53219 24.1309 0.760519
2.48662 24.1515 0.760388
0.878824 20.5282 0.223933
INDEX = 14
4 5 7
6 7 5
1 2 5
6 5 2
0 1 4
5 4 1
7 6 3
2 3 6
4 7 0
3 0 7
8 1 0
8 2 1
8 3 2
8 0 3
FACE-NORMAL = 14
0.40727 0.902464 0.140318
0.40727 0.902464 0.140318
0.934083 -0.356886 0.0110131
0.934083 -0.356886 0.0110131
-0.0356242 -0.072533 0.99673
-0.0356242 -0.072533 0.99673
0.0844088 0.180634 -0.979922
0.0844088 0.180634 -0.979922
-0.885298 0.464987 0.00579489
-0.885298 0.464987 0.00579489
-0.330498 -0.727808 0.600889
0.356422 -0.929237 -0.0973718
-0.245469 -0.54847 -0.799329
-0.932389 -0.34704 -0.101068
BONE = 3
BONE_NAME = Bip01-Spine
PARENT_ID = 2
LOCALTM 
MAT 1.0 1.31875e-006 0.000796437 0.0
MAT -1.3113e-006 1.0 4.1239e-006 0.0
MAT -0.000796437 -4.1388e-006 1.0 0.0
MAT 1.90819 -4.76837e-007 0.642224 1.0
WORLDTM 
MAT 0.40727 0.902464 0.140318 0.0
MAT -0.0601244 -0.126811 0.990103 0.0
MAT 0.911327 -0.411676 0.00261378 0.0
MAT 0.878824 20.5282 0.223933 1.0
VERTEX = 9
0.762507 20.9359 0.503133
1.22989 20.759 0.519187
1.26061 20.795 0.0214323
0.793231 20.9719 0.00537816
2.29886 24.3695 0.620299
2.3456 24.3518 0.621904
2.34867 24.3554 0.572129
2.30193 24.3731 0.570524
0.924079 20.6323 0.240021
INDEX = 14
4 5 7
6 7 5
1 2 5
6 5 2
0 1 4
5 4 1
7 6 3
2 3 6
4 7 0
3 0 7
8 1 0
8 2 1
8 3 2
8 0 3
FACE-NORMAL = 14
0.349922 0.932537 0.0890484
0.349922 0.932537 0.0890484
0.954041 -0.297336 0.037384
0.954041 -0.297336 0.037384
-0.0403815 -0.0160225 0.999056
-0.0403815 -0.0160225 0.999056
0.0822967 0.127726 -0.988389
0.0822967 0.127726 -0.988389
-0.912126 0.409039 -0.0267173
-0.912126 0.409039 -0.0267173
-0.290883 -0.710317 0.640965
0.413544 -0.909593 -0.0402627
-0.203981 -0.608489 -0.766898
-0.908408 -0.409213 -0.0856707
BONE = 4
BONE_NAME = Bip01-Spine1
PARENT_ID = 3
LOCALTM 
MAT 0.996589 -0.051128 -0.064777 0.0
MAT 0.049681 0.998483 -0.0237564 0.0
MAT 0.0658933 0.0204572 0.997617 0.0
MAT 0.114677 0.0 -0.00159168 1.0
WORLDTM 
MAT 0.349922 0.932537 0.0890484 0.0
MAT -0.0614494 -0.0720035 0.99551 0.0
MAT 0.934761 -0.353822 0.0321083 0.0
MAT 0.924079 20.6323 0.240021 1.0
VERTEX = 9
1.44125 22.7936 0.678395
1.92666 22.6738 0.674095
1.92638 22.6906 0.174377
1.44097 22.8104 0.178677
2.5588 26.3858 0.573372
2.60734 26.3738 0.572942
2.60731 26.3755 0.522971
2.55877 26.3875 0.523401
1.62387 22.4995 0.418267
INDEX = 14
4 5 7
6 7 5
1 2 5
6 5 2
0 1 4
5 4 1
7 6 3
2 3 6
4 7 0
3 0 7
8 1 0
8 2 1
8 3 2
8 0 3
FACE-NORMAL = 14
0.239797 0.97028 0.0324762
0.239797 0.97028 0.0324762
0.983442 -0.181101 -0.00663982
0.983442 -0.181101 -0.00663981
0.014923 0.0245817 0.999586
0.014923 0.0245817 0.999586
0.0138009 0.0916429 -0.995696
0.0138009 0.0916429 -0.995696
-0.954718 0.297325 0.01053
-0.954718 0.297325 0.01053
-0.169165 -0.709844 0.683743
0.516913 -0.855545 -0.0290455
-0.169959 -0.662339 -0.729672
-0.856037 -0.516638 -0.0168828
BONE = 5
BONE_NAME = Bip01-Spine2
PARENT_ID = 4
LOCALTM 
MAT 0.991624 -0.0522687 -0.118111 0.0
MAT 0.05787 0.997332 0.0445008 0.0
MAT 0.11547 -0.0509631 0.992003 0.0
MAT 2.00197 0.0 -0.000797749 1.0
WORLDTM 
MAT 0.239797 0.97028 0.0324762 0.0
MAT 0.000562064 -0.0335909 0.999436 0.0
MAT 0.970823 -0.239643 -0.00860032 0.0
MAT 1.62387 22.4995 0.418267 1.0
VERTEX = 9
1.62292 23.7412 0.692267
2.12206 23.7127 0.69917
2.12838 23.7023 0.199318
1.62924 23.7308 0.192416
2.06509 27.4668 0.394955
2.11501 27.4639 0.395645
2.11564 27.4629 0.34566
2.06573 27.4657 0.34497
1.86133 23.4722 0.450825
INDEX = 14
4 5 7
6 7 5
1 2 5
6 5 2
0 1 4
5 4 1
7 6 3
2 3 6
4 7 0
3 0 7
8 1 0
8 2 1
8 3 2
8 0 3
FACE-NORMAL = 14
0.0572585 0.998156 -0.0201293
0.0572585 0.998156 -0.0201293
0.999917 0.00289697 0.0125753
0.999917 0.00289697 0.0125753
-0.00918099 0.0806296 0.996702
-0.00918099 0.0806296 0.996702
0.0160397 0.0389342 -0.999113
0.0160397 0.0389342 -0.999113
-0.993058 0.116667 -0.0149864
-0.993058 0.116667 -0.0149864
-0.0494208 -0.691035 0.72113
0.665402 -0.746099 0.0239956
-0.031555 -0.720571 -0.692662
-0.746378 -0.665507 0.00447153
BONE = 6
BONE_NAME = Bip01-Spine3
PARENT_ID = 5
LOCALTM 
MAT 0.981568 -0.0536148 -0.183441 0.0
MAT 0.0497016 0.998429 -0.0258672 0.0
MAT 0.184539 0.0162731 0.98269 0.0
MAT 1.00178 0.0 -0.00283718 1.0
WORLDTM 
MAT 0.0572585 0.998156 -0.0201293 0.0
MAT -0.012633 0.0208852 0.999702 0.0
MAT 0.998279 -0.0569872 0.0138056 0.0
MAT 1.86133 23.4722 0.450825 1.0
VERTEX = 9
1.25555 27.6962 0.604998
1.74768 27.6082 0.613056
1.75399 27.5978 0.113205
1.26187 27.6858 0.105147
2.14112 31.3425 0.314947
2.19034 31.3337 0.315753
2.19097 31.3327 0.265768
2.14176 31.3415 0.264962
1.46069 27.401 0.363685
INDEX = 14
4 5 7
6 7 5
1 2 5
6 5 2
0 1 4
5 4 1
7 6 3
2 3 6
4 7 0
3 0 7
8 1 0
8 2 1
8 3 2
8 0 3
FACE-NORMAL = 14
0.176339 0.984159 -0.0183317
0.176339 0.984159 -0.0183317
0.993043 -0.116796 0.0149889
0.993043 -0.116796 0.0149889
-0.00204898 0.0797909 0.99681
-0.00204898 0.0797909 0.99681
0.0231717 0.0380962 -0.999005
0.0231717 0.0380962 -0.999005
-0.97192 0.234683 -0.0171848
-0.97192 0.234683 -0.0171848
-0.133624 -0.681138 0.719859
0.571278 -0.820395 0.0243581
-0.115758 -0.710673 -0.693934
-0.82066 -0.571415 0.00156691
BONE = 7
BONE_NAME = Bip01-Neck
PARENT_ID = 6
LOCALTM 
MAT 0.99281 3.5204e-007 0.119699 0.0
MAT -3.50177e-007 1.0 0.0 0.0
MAT -0.119699 0.0 0.99281 0.0
MAT 3.90033 0.0 -0.625047 1.0
WORLDTM 
MAT 0.176339 0.984158 -0.0183317 0.0
MAT -0.012633 0.0208848 0.999702 0.0
MAT 0.984248 -0.176055 0.0161158 0.0
MAT 1.46069 27.401 0.363685 1.0
VERTEX = 9
1.6825 30.0971 0.573187
2.17625 30.0185 0.578128
2.18336 30.0317 0.0783536
1.68961 30.1104 0.0734132
2.49631 33.7697 0.457014
2.54568 33.7618 0.457508
2.5464 33.7632 0.40753
2.49702 33.771 0.407036
1.8937 29.8176 0.31867
INDEX = 14
4 5 7
6 7 5
1 2 5
6 5 2
0 1 4
5 4 1
7 6 3
2 3 6
4 7 0
3 0 7
8 1 0
8 2 1
8 3 2
8 0 3
FACE-NORMAL = 14
0.156913 0.987204 0.0284004
0.156913 0.987204 0.0284004
0.995135 -0.097838 0.011564
0.995135 -0.097838 0.011564
-0.00479667 0.0326782 0.999454
-0.00479667 0.0326782 0.999454
0.0235924 0.0855736 -0.996053
0.0235924 0.0855736 -0.996053
-0.976339 0.21609 -0.00816202
-0.976339 0.21609 -0.00816202
-0.121009 -0.716794 0.686705
0.587321 -0.809248 -0.0130954
-0.100899 -0.679324 -0.726869
-0.809229 -0.586869 -0.0270689
BONE = 8
BONE_NAME = Bip01-Head
PARENT_ID = 7
LOCALTM 
MAT 0.998715 0.0470272 -0.0189033 0.0
MAT -0.0469065 0.998876 0.00677698 0.0
MAT 0.0192007 -0.00588158 0.999798 0.0
MAT 2.45555 0.0 -7.15256e-007 1.0
WORLDTM 
MAT 0.156913 0.987204 0.0284004 0.0
MAT -0.0142201 -0.0264952 0.999548 0.0
MAT 0.98751 -0.157246 0.00988072 0.0
MAT 1.8937 29.8176 0.31867 1.0
VERTEX = 9
2.29452 33.9476 0.68396
2.78827 33.869 0.6889
2.79538 33.8822 0.189126
2.30163 33.9608 0.184186
3.10833 37.6202 0.567786
3.15771 37.6123 0.568281
3.15842 37.6136 0.518303
3.10904 37.6215 0.517809
2.50572 33.6681 0.429443
INDEX = 14
4 5 7
6 7 5
1 2 5
6 5 2
0 1 4
5 4 1
7 6 3
2 3 6
4 7 0
3 0 7
8 1 0
8 2 1
8 3 2
8 0 3
FACE-NORMAL = 14
0.156913 0.987204 0.0284004
0.156913 0.987204 0.0284004
0.995135 -0.097838 0.011564
0.995135 -0.0978379 0.011564
-0.00479666 0.0326783 0.999454
-0.00479666 0.0326783 0.999454
0.0235925 0.0855736 -0.996053
0.0235925 0.0855736 -0.996053
-0.976339 0.21609 -0.00816202
-0.976339 0.21609 -0.00816202
-0.121009 -0.716794 0.686705
0.587321 -0.809248 -0.0130954
-0.100899 -0.679324 -0.726869
-0.809229 -0.586869 -0.0270688
BONE = 9
BONE_NAME = Bip01-HeadNub
PARENT_ID = 8
LOCALTM 
MAT 1.0 0.0 0.0 0.0
MAT 0.0 1.0 0.0 0.0
MAT 0.0 0.0 1.0 0.0
MAT 3.90039 0.0 -2.38419e-007 1.0
WORLDTM 
MAT 0.156913 0.987204 0.0284004 0.0
MAT -0.0142201 -0.0264952 0.999548 0.0
MAT 0.98751 -0.157246 0.00988072 0.0
MAT 2.50572 33.6681 0.429443 1.0
VERTEX = 9
3.03597 33.7313 0.142097
3.03597 33.7313 0.642097
3.03597 33.2313 0.642097
3.03597 33.2313 0.142097
6.78597 33.5063 0.367097
6.78597 33.5063 0.417097
6.78597 33.4563 0.417097
6.78597 33.4563 0.367097
2.78597 33.4813 0.392097
INDEX = 14
4 5 7
6 7 5
1 2 5
6 5 2
0 1 4
5 4 1
7 6 3
2 3 6
4 7 0
3 0 7
8 1 0
8 2 1
8 3 2
8 0 3
FACE-NORMAL = 14
1.0 -2.08616e-007 0.0
1.0 -2.08616e-007 0.0
0.0598924 -1.24053e-007 0.998205
0.0598924 -1.24053e-007 0.998205
0.0598924 0.998205 1.65171e-007
0.0598924 0.998205 1.65171e-007
0.0598922 -0.998205 -1.7694e-007
0.0598922 -0.998205 -1.7694e-007
0.0598922 0.0 -0.998205
0.0598922 0.0 -0.998205
-0.707107 0.707107 1.90649e-007
-0.707107 0.0 0.707107
-0.707107 -0.707107 0.0
-0.707107 2.26539e-007 -0.707107
BONE = 10
BONE_NAME = FxTop
PARENT_ID = 8
LOCALTM 
MAT 0.156913 -0.0142202 0.98751 0.0
MAT 0.987204 -0.0264951 -0.157246 0.0
MAT 0.0284003 0.999548 0.00988079 0.0
MAT 3.75893 -0.0363655 0.305748 1.0
WORLDTM 
MAT 1.0 -2.08616e-007 0.0 0.0
MAT 1.3411e-007 1.0 1.71363e-007 0.0
MAT 0.0 0.0 1.0 0.0
MAT 2.78597 33.4813 0.392097 1.0
VERTEX = 9
1.73739 27.5293 1.1872
1.23823 27.5573 1.18031
1.21096 27.0606 1.13039
1.71012 27.0325 1.13728
1.42809 26.9474 4.89254
1.37817 26.9502 4.89186
1.37545 26.9006 4.88686
1.42536 26.8978 4.88755
1.479 27.3196 0.910068
INDEX = 14
4 5 7
6 7 5
1 2 5
6 5 2
0 1 4
5 4 1
7 6 3
2 3 6
4 7 0
3 0 7
8 1 0
8 2 1
8 3 2
8 0 3
FACE-NORMAL = 14
-0.019309 -0.0989108 0.994909
-0.019309 -0.0989108 0.994909
-0.997689 0.050164 0.0458229
-0.997689 0.050164 0.0458229
0.0532845 0.985801 0.159238
0.0532845 0.985801 0.159238
-0.0555974 -0.997649 -0.0400636
-0.0555974 -0.997649 -0.0400636
0.995376 -0.062012 0.0733519
0.995376 -0.062012 0.0733518
0.0522183 0.772457 -0.632916
-0.692269 0.109672 -0.713257
-0.0249113 -0.632576 -0.774097
0.719576 0.030209 -0.693756
BONE = 11
BONE_NAME = Bip01-L-Clavicle
PARENT_ID = 7
LOCALTM 
MAT -0.118987 0.992791 0.0144426 0.0
MAT 0.985557 0.119861 -0.119624 0.0
MAT -0.120493 3.05357e-007 -0.992714 0.0
MAT -0.0868149 0.54429 0.0411477 1.0
WORLDTM 
MAT -0.019309 -0.0989108 0.994909 0.0
MAT 0.0545388 0.993508 0.0998301 0.0
MAT -0.998325 0.0561889 -0.0137892 0.0
MAT 1.479 27.3196 0.910068 1.0
VERTEX = 9
1.64176 27.0565 2.7489
1.14803 27.0858 2.67563
1.19911 26.8506 2.23738
1.69285 26.8213 2.31065
0.908782 23.056 4.55387
0.859409 23.059 4.54654
0.864518 23.0354 4.50272
0.913891 23.0325 4.51004
1.4505 27.1737 2.3785
INDEX = 14
4 5 7
6 7 5
1 2 5
6 5 2
0 1 4
5 4 1
7 6 3
2 3 6
4 7 0
3 0 7
8 1 0
8 2 1
8 3 2
8 0 3
FACE-NORMAL = 14
-0.120271 -0.880491 0.458552
-0.120271 -0.880491 0.458552
-0.992292 0.0139079 -0.123142
-0.992292 0.0139079 -0.123142
-0.108137 0.425247 0.898594
-0.108137 0.425247 0.898594
0.0959583 -0.514408 -0.85216
0.0959583 -0.514408 -0.85216
0.980113 -0.103068 0.169576
0.980113 -0.103068 0.169576
0.012793 0.955246 0.295534
-0.613201 0.664012 -0.42787
0.157296 0.289956 -0.944025
0.78329 0.581191 -0.220621
BONE = 12
BONE_NAME = Bip01-L-UpperArm
PARENT_ID = 11
LOCALTM 
MAT 0.54563 -0.835558 0.0642725 0.0
MAT 0.827481 0.549306 0.116354 0.0
MAT -0.132526 -0.0103021 0.991126 0.0
MAT 1.47595 5.72205e-006 0.0 1.0
WORLDTM 
MAT -0.120271 -0.880491 0.458552 0.0
MAT -0.102179 0.470431 0.876501 0.0
MAT -0.987468 0.0585632 -0.146547 0.0
MAT 1.4505 27.1737 2.3785 1.0
VERTEX = 9
1.0728 22.9249 4.90009
0.580248 22.9622 4.82263
0.631337 22.727 4.38438
1.12389 22.6896 4.46184
0.340481 19.4437 6.42641
0.291226 19.4474 6.41866
0.296335 19.4239 6.37484
0.34559 19.4202 6.38258
0.88665 23.0457 4.52829
INDEX = 14
4 5 7
6 7 5
1 2 5
6 5 2
0 1 4
5 4 1
7 6 3
2 3 6
4 7 0
3 0 7
8 1 0
8 2 1
8 3 2
8 0 3
FACE-NORMAL = 14
-0.13833 -0.879271 0.455792
-0.13833 -0.879271 0.455792
-0.991484 0.0233534 -0.128117
-0.991484 0.0233534 -0.128117
-0.110059 0.418439 0.901552
-0.110059 0.418439 0.901552
0.0939514 -0.520827 -0.848476
0.0939514 -0.520827 -0.848476
0.975376 -0.125742 0.181193
0.975376 -0.125742 0.181193
0.0255629 0.954384 0.297486
-0.598757 0.674541 -0.431837
0.170065 0.289094 -0.942074
0.794386 0.568936 -0.21275
BONE = 13
BONE_NAME = Bip01-L-Forearm
PARENT_ID = 12
LOCALTM 
MAT 0.999832 0.0 0.018309 0.0
MAT 0.0 1.0 0.0 0.0
MAT -0.018309 0.0 0.999832 0.0
MAT 4.68821 -1.90735e-006 1.19209e-007 1.0
WORLDTM 
MAT -0.13833 -0.879271 0.455792 0.0
MAT -0.102179 0.470431 0.876501 0.0
MAT -0.985101 0.0746743 -0.154918 0.0
MAT 0.88665 23.0457 4.52829 1.0
VERTEX = 9
0.175137 19.6263 6.76106
0.102014 19.1463 6.64154
0.581825 19.1069 6.50654
0.654947 19.5868 6.62607
1.25923 18.3843 10.1442
1.25192 18.3363 10.1323
1.2999 18.3323 10.1188
1.30721 18.3803 10.1307
0.318408 19.4338 6.40062
INDEX = 14
4 5 7
6 7 5
1 2 5
6 5 2
0 1 4
5 4 1
7 6 3
2 3 6
4 7 0
3 0 7
8 1 0
8 2 1
8 3 2
8 0 3
FACE-NORMAL = 14
0.24029 -0.268876 0.93272
0.24029 -0.268876 0.93272
-0.131591 -0.974313 -0.182753
-0.131591 -0.974313 -0.182753
-0.943507 0.06272 0.325362
-0.943507 0.06272 0.325362
0.97229 -0.0949273 -0.213637
0.97229 -0.0949273 -0.213637
0.160374 0.942105 0.294479
0.160374 0.942105 0.294479
-0.848465 0.245961 -0.468625
-0.273321 -0.48865 -0.828563
0.508644 0.134287 -0.85044
-0.0664998 0.868899 -0.490502
BONE = 14
BONE_NAME = Bip01-L-Hand
PARENT_ID = 13
LOCALTM 
MAT 0.628302 0.666489 -0.401283 0.0
MAT 0.186369 0.371842 0.909396 0.0
MAT 0.755316 -0.646162 0.109416 0.0
MAT 4.10787 -2.86102e-006 -1.19209e-007 1.0
WORLDTM 
MAT 0.24029 -0.268877 0.93272 0.0
MAT -0.959621 0.0789654 0.269984 0.0
MAT -0.146245 -0.959932 -0.239045 0.0
MAT 0.318408 19.4338 6.40062 1.0
VERTEX = 9
1.04621 19.0978 6.58116
0.688099 19.0955 6.93009
0.502163 18.6737 6.73646
0.860272 18.676 6.38753
3.01594 16.8937 8.91047
2.98013 16.8934 8.94537
2.96153 16.8513 8.926
2.99734 16.8515 8.89111
0.626549 19.0199 6.50818
INDEX = 14
4 5 7
6 7 5
1 2 5
6 5 2
0 1 4
5 4 1
7 6 3
2 3 6
4 7 0
3 0 7
8 1 0
8 2 1
8 3 2
8 0 3
FACE-NORMAL = 14
0.590547 -0.536871 0.602515
0.590547 -0.536871 0.602515
-0.679562 -0.0367793 0.732696
-0.679562 -0.0367793 0.732696
0.406572 0.809983 0.422643
0.406572 0.809983 0.422643
-0.335834 -0.874291 -0.350471
-0.335834 -0.874291 -0.350471
0.7503 -0.0275296 -0.660524
0.7503 -0.0275295 -0.660524
-0.154627 0.976177 -0.152213
-0.924022 0.376349 0.0674212
-0.680532 -0.216926 -0.699871
0.088862 0.382901 -0.919505
BONE = 15
BONE_NAME = Bip01-L-Finger0
PARENT_ID = 14
LOCALTM 
MAT 0.848232 -0.446427 0.284967 0.0
MAT 0.223717 -0.185684 -0.956803 0.0
MAT 0.480056 0.875343 -0.0576299 0.0
MAT 0.285642 -0.29934 0.326502 1.0
WORLDTM 
MAT 0.590547 -0.536871 0.602515 0.0
MAT 0.371871 0.843651 0.387252 0.0
MAT -0.716217 -0.00463322 0.697863 0.0
MAT 0.626549 19.0199 6.50818 1.0
VERTEX = 9
1.63747 18.5072 7.29997
1.21048 18.5809 7.54947
1.02454 18.1591 7.35585
1.45153 18.0854 7.10635
2.72632 16.4146 10.2324
2.68362 16.4219 10.2573
2.66502 16.3797 10.2379
2.70772 16.3724 10.213
1.24003 18.4622 7.13409
INDEX = 14
4 5 7
6 7 5
1 2 5
6 5 2
0 1 4
5 4 1
7 6 3
2 3 6
4 7 0
3 0 7
8 1 0
8 2 1
8 3 2
8 0 3
FACE-NORMAL = 14
0.36391 -0.516268 0.775265
0.36391 -0.516268 0.775265
-0.830651 0.116188 0.544536
-0.830651 0.116188 0.544536
0.392999 0.811217 0.432989
0.392999 0.811217 0.432989
-0.349408 -0.873058 -0.340125
-0.349408 -0.873058 -0.340125
0.874242 -0.178029 -0.451671
0.874242 -0.178029 -0.451671
0.00562879 0.961609 -0.274367
-0.861178 0.469265 -0.19535
-0.520276 -0.231495 -0.822024
0.346531 0.260848 -0.901041
BONE = 16
BONE_NAME = Bip01-L-Finger01
PARENT_ID = 15
LOCALTM 
MAT 0.959184 0.0 0.282781 0.0
MAT -1.19209e-007 1.0 -1.73692e-007 0.0
MAT -0.282782 0.0 0.959184 0.0
MAT 1.03883 1.90735e-006 -9.53674e-007 1.0
WORLDTM 
MAT 0.36391 -0.516268 0.775265 0.0
MAT 0.371871 0.843651 0.387252 0.0
MAT -0.85398 0.147373 0.498999 0.0
MAT 1.24003 18.4622 7.13409 1.0
VERTEX = 9
1.84128 18.0273 8.14988
1.38475 18.2311 8.14424
1.19881 17.8093 7.95062
1.65535 17.6054 7.95625
0.924539 16.6189 11.5174
0.878886 16.6393 11.5168
0.860292 16.5971 11.4974
0.905946 16.5767 11.498
1.56189 18.0056 7.81977
INDEX = 14
4 5 7
6 7 5
1 2 5
6 5 2
0 1 4
5 4 1
7 6 3
2 3 6
4 7 0
3 0 7
8 1 0
8 2 1
8 3 2
8 0 3
FACE-NORMAL = 14
-0.167368 -0.349398 0.921905
-0.167368 -0.349398 0.921905
-0.921457 0.385985 0.0439663
-0.921457 0.385985 0.0439663
0.361179 0.821211 0.441772
0.361179 0.821211 0.441772
-0.381227 -0.863063 -0.331342
-0.381227 -0.863063 -0.331342
0.901409 -0.427837 0.0664637
0.901409 -0.427837 0.0664637
0.381299 0.843614 -0.378057
-0.527292 0.535309 -0.659854
-0.144605 -0.34949 -0.925714
0.763986 -0.0411849 -0.643917
BONE = 17
BONE_NAME = Bip01-L-Finger02
PARENT_ID = 16
LOCALTM 
MAT 0.834197 0.0 0.551466 0.0
MAT 0.0 1.0 0.0 0.0
MAT -0.551466 0.0 0.834197 0.0
MAT 0.884447 -3.8147e-006 0.0 1.0
WORLDTM 
MAT -0.167368 -0.349399 0.921905 0.0
MAT 0.371871 0.843651 0.387252 0.0
MAT -0.913072 0.407643 -0.0112689 0.0
MAT 1.56189 18.0056 7.81977 1.0
VERTEX = 9
1.70897 17.7511 8.87867
1.25244 17.9549 8.87303
1.0665 17.5331 8.67941
1.52304 17.3292 8.68504
0.792231 16.3427 12.2461
0.746577 16.3631 12.2456
0.727984 16.3209 12.2262
0.773637 16.3005 12.2268
1.42958 17.7294 8.54856
INDEX = 14
4 5 7
6 7 5
1 2 5
6 5 2
0 1 4
5 4 1
7 6 3
2 3 6
4 7 0
3 0 7
8 1 0
8 2 1
8 3 2
8 0 3
FACE-NORMAL = 14
-0.167368 -0.349398 0.921905
-0.167368 -0.349398 0.921905
-0.921457 0.385985 0.0439663
-0.921457 0.385985 0.0439663
0.361179 0.821211 0.441772
0.361179 0.821211 0.441772
-0.381227 -0.863063 -0.331342
-0.381227 -0.863063 -0.331342
0.901409 -0.427837 0.0664637
0.901409 -0.427837 0.0664637
0.381299 0.843614 -0.378057
-0.527293 0.535309 -0.659854
-0.144605 -0.34949 -0.925714
0.763986 -0.0411849 -0.643917
BONE = 18
BONE_NAME = Bip01-L-Finger0Nub
PARENT_ID = 17
LOCALTM 
MAT 1.0 0.0 0.0 0.0
MAT 0.0 1.0 0.0 0.0
MAT 0.0 -1.78814e-007 1.0 0.0
MAT 0.790526 0.0 0.0 1.0
WORLDTM 
MAT -0.167368 -0.349399 0.921905 0.0
MAT 0.371871 0.843651 0.387252 0.0
MAT -0.913072 0.407643 -0.0112689 0.0
MAT 1.42958 17.7294 8.54856 1.0
VERTEX = 9
1.313 18.9544 8.62997
1.13634 18.6324 8.29072
1.60378 18.5241 8.15008
1.78044 18.8461 8.48933
1.5723 16.0094 10.9588
1.55464 15.9772 10.9249
1.60138 15.9664 10.9109
1.61905 15.9986 10.9448
1.44983 18.9227 8.22037
INDEX = 14
4 5 7
6 7 5
1 2 5
6 5 2
0 1 4
5 4 1
7 6 3
2 3 6
4 7 0
3 0 7
8 1 0
8 2 1
8 3 2
8 0 3
FACE-NORMAL = 14
0.034254 -0.733691 0.67862
0.034254 -0.733691 0.67862
-0.350625 -0.686848 -0.636633
-0.350625 -0.686848 -0.636633
-0.931149 0.172191 0.321422
-0.931149 0.172191 0.321422
0.935252 -0.260076 -0.240133
0.935252 -0.260076 -0.240133
0.354728 0.598963 0.717921
0.354728 0.598963 0.717921
-0.68528 0.671902 -0.28096
-0.274049 0.0633769 -0.959625
0.636838 0.365693 -0.678753
0.225607 0.974218 -8.80659e-005
BONE = 19
BONE_NAME = Bip01-L-Finger1
PARENT_ID = 14
LOCALTM 
MAT 0.838465 0.0924094 0.537063 0.0
MAT -0.0205022 0.990169 -0.138365 0.0
MAT -0.54457 0.105003 0.832117 0.0
MAT 2.10662 -0.634791 -0.109808 1.0
WORLDTM 
MAT 0.034254 -0.733691 0.67862 0.0
MAT -0.934878 0.216522 0.281282 0.0
MAT -0.353311 -0.644062 -0.678495 0.0
MAT 1.44983 18.9227 8.22037 1.0
VERTEX = 9
1.18336 18.1002 8.85661
1.12965 18.3916 8.45382
1.59709 18.2833 8.31318
1.6508 17.992 8.71597
0.100844 15.2451 6.65661
0.0954723 15.2742 6.61633
0.142216 15.2634 6.60227
0.147588 15.2343 6.64255
1.47481 18.3876 8.71526
INDEX = 14
4 5 7
6 7 5
1 2 5
6 5 2
0 1 4
5 4 1
7 6 3
2 3 6
4 7 0
3 0 7
8 1 0
8 2 1
8 3 2
8 0 3
FACE-NORMAL = 14
-0.338319 -0.783342 -0.521455
-0.338319 -0.783342 -0.521455
-0.127504 0.534698 -0.835369
-0.127504 0.534698 -0.835369
-0.953463 0.169218 0.249546
-0.953463 0.169217 0.249546
0.912938 -0.26305 -0.312009
0.912938 -0.26305 -0.312009
0.0869783 -0.62853 0.772907
0.0869783 -0.62853 0.772907
-0.421832 0.707011 0.567621
0.16326 0.96591 -0.20091
0.900287 0.400802 0.169827
0.315195 0.141904 0.938358
BONE = 20
BONE_NAME = Bip01-L-Finger11
PARENT_ID = 19
LOCALTM 
MAT 0.209273 0.0 0.977857 0.0
MAT 0.0 1.0 0.0 0.0
MAT -0.977857 0.0 0.209273 0.0
MAT 0.729258 -4.76837e-007 1.90735e-006 1.0
WORLDTM 
MAT -0.338319 -0.783343 -0.521455 0.0
MAT -0.934878 0.216522 0.281282 0.0
MAT -0.107434 0.58266 -0.805584 0.0
MAT 1.47481 18.3876 8.71526 1.0
VERTEX = 9
0.961967 17.9412 8.24319
1.111 18.3958 8.38857
1.57844 18.2875 8.24793
1.42941 17.833 8.10254
0.516458 19.4308 4.8159
0.531361 19.4763 4.83044
0.578105 19.4655 4.81637
0.563202 19.42 4.80184
1.3184 18.0255 8.47419
INDEX = 14
4 5 7
6 7 5
1 2 5
6 5 2
0 1 4
5 4 1
7 6 3
2 3 6
4 7 0
3 0 7
8 1 0
8 2 1
8 3 2
8 0 3
FACE-NORMAL = 14
-0.192779 0.355674 -0.914512
-0.192779 0.355674 -0.914512
0.285976 0.928853 0.235477
0.285976 0.928853 0.235477
-0.944746 0.237436 0.226005
-0.944746 0.237436 0.226005
0.921655 -0.194832 -0.33555
0.921655 -0.194832 -0.33555
-0.309068 -0.886249 -0.345021
-0.309068 -0.886249 -0.345021
-0.524744 -0.0983946 0.845554
0.347073 0.391391 0.852264
0.797374 -0.404604 0.447761
-0.074443 -0.894389 0.441052
BONE = 21
BONE_NAME = Bip01-L-Finger12
PARENT_ID = 20
LOCALTM 
MAT 0.263483 0.0 0.964664 0.0
MAT 0.0 1.0 1.3411e-007 0.0
MAT -0.964664 0.0 0.263483 0.0
MAT 0.462315 0.0 -1.90735e-006 1.0
WORLDTM 
MAT -0.192779 0.355674 -0.914512 0.0
MAT -0.934878 0.216522 0.281282 0.0
MAT 0.298057 0.909183 0.290771 0.0
MAT 1.3184 18.0255 8.47419 1.0
VERTEX = 9
0.828602 18.1873 7.61052
0.977631 18.6419 7.75591
1.44507 18.5336 7.61527
1.29604 18.079 7.46988
0.383093 19.6769 4.18324
0.397995 19.7224 4.19777
0.444739 19.7115 4.18371
0.429836 19.6661 4.16917
1.18503 18.2715 7.84152
INDEX = 14
4 5 7
6 7 5
1 2 5
6 5 2
0 1 4
5 4 1
7 6 3
2 3 6
4 7 0
3 0 7
8 1 0
8 2 1
8 3 2
8 0 3
FACE-NORMAL = 14
-0.192779 0.355674 -0.914512
-0.192779 0.355674 -0.914512
0.285976 0.928853 0.235477
0.285976 0.928853 0.235477
-0.944746 0.237436 0.226005
-0.944746 0.237436 0.226005
0.921655 -0.194832 -0.33555
0.921655 -0.194832 -0.33555
-0.309068 -0.886249 -0.345021
-0.309068 -0.886249 -0.345021
-0.524744 -0.0983946 0.845554
0.347073 0.391391 0.852264
0.797374 -0.404604 0.447761
-0.074443 -0.894389 0.441052
BONE = 22
BONE_NAME = Bip01-L-Finger1Nub
PARENT_ID = 21
LOCALTM 
MAT 1.0 0.0 0.0 0.0
MAT 0.0 1.0 0.0 0.0
MAT 0.0 0.0 1.0 0.0
MAT 0.691804 -4.76837e-007 0.0 1.0
WORLDTM 
MAT -0.192779 0.355674 -0.914512 0.0
MAT -0.934878 0.216522 0.281282 0.0
MAT 0.298057 0.909183 0.290771 0.0
MAT 1.18503 18.2715 7.84152 1.0
VERTEX = 9
0.780552 18.8153 8.71605
0.665903 18.7556 8.23304
1.14705 18.6671 8.12976
1.2617 18.7268 8.61277
0.396702 15.085 9.03489
0.385237 15.0791 8.98658
0.433352 15.0702 8.97626
0.444816 15.0762 9.02456
1.00039 18.9854 8.38406
INDEX = 14
4 5 7
6 7 5
1 2 5
6 5 2
0 1 4
5 4 1
7 6 3
2 3 6
4 7 0
3 0 7
8 1 0
8 2 1
8 3 2
8 0 3
FACE-NORMAL = 14
-0.14634 -0.976956 0.155378
-0.14634 -0.976956 0.155378
-0.237651 -0.17759 -0.954978
-0.237651 -0.17759 -0.954978
-0.96933 0.118165 0.215492
-0.96933 0.118165 0.215492
0.951801 -0.235189 -0.19688
0.951801 -0.235189 -0.19688
0.220122 0.0605655 0.97359
0.220122 0.0605655 0.97359
-0.576966 0.815966 0.0361886
-0.0586604 0.60646 -0.792947
0.783921 0.565658 -0.255927
0.265616 0.775164 0.573209
BONE = 23
BONE_NAME = Bip01-L-Finger2
PARENT_ID = 14
LOCALTM 
MAT 0.372441 0.105235 0.92207 0.0
MAT -0.0861593 0.99318 -0.0785489 0.0
MAT -0.924048 -0.0501901 0.378968 0.0
MAT 2.13442 -0.154349 -0.143469 1.0
WORLDTM 
MAT -0.14634 -0.976955 0.155378 0.0
MAT -0.962292 0.176995 0.206557 0.0
MAT -0.229298 -0.119292 -0.966019 0.0
MAT 1.00039 18.9854 8.38406 1.0
VERTEX = 9
0.539056 17.9558 8.32748
0.627911 18.4478 8.31986
1.10906 18.3593 8.21658
1.0202 17.8673 8.2242
0.0232733 18.22 4.60889
0.0321588 18.2692 4.60813
0.0802734 18.2603 4.5978
0.0713879 18.2111 4.59856
0.875542 18.152 8.51661
INDEX = 14
4 5 7
6 7 5
1 2 5
6 5 2
0 1 4
5 4 1
7 6 3
2 3 6
4 7 0
3 0 7
8 1 0
8 2 1
8 3 2
8 0 3
FACE-NORMAL = 14
-0.205942 0.022042 -0.978316
-0.205942 0.022042 -0.978316
0.165056 0.983519 -0.0738062
0.165056 0.983519 -0.0738062
-0.972899 0.177997 0.147593
-0.972899 0.177997 0.147593
0.948231 -0.175357 -0.26478
0.948231 -0.175357 -0.26478
-0.189725 -0.980878 -0.043381
-0.189725 -0.980878 -0.0433809
-0.534821 0.109568 0.837832
0.271283 0.680182 0.680998
0.826067 -0.14074 0.545716
0.0199632 -0.711354 0.70255
BONE = 24
BONE_NAME = Bip01-L-Finger21
PARENT_ID = 23
LOCALTM 
MAT -0.143406 0.0 0.989664 0.0
MAT 0.0 1.0 0.0 0.0
MAT -0.989664 -1.19209e-007 -0.143406 0.0
MAT 0.853104 4.76837e-007 2.86102e-006 1.0
WORLDTM 
MAT -0.205942 0.022042 -0.978316 0.0
MAT -0.962292 0.176995 0.206557 0.0
MAT 0.17771 0.983965 -0.01524 0.0
MAT 0.875542 18.152 8.51661 1.0
VERTEX = 9
0.477173 18.366 7.68767
0.603869 18.5196 8.14633
1.08501 18.4311 8.04305
0.958319 18.2775 7.58439
1.12165 21.9018 6.57111
1.13432 21.9171 6.61697
1.18244 21.9083 6.60665
1.16977 21.8929 6.56078
0.756364 18.1648 7.95046
INDEX = 14
4 5 7
6 7 5
1 2 5
6 5 2
0 1 4
5 4 1
7 6 3
2 3 6
4 7 0
3 0 7
8 1 0
8 2 1
8 3 2
8 0 3
FACE-NORMAL = 14
0.0989207 0.935065 -0.340395
0.0989207 0.935065 -0.340395
0.258862 0.362579 0.895281
0.258862 0.362579 0.895281
-0.954641 0.23268 0.185799
-0.954641 0.23268 0.185799
0.96649 -0.120674 -0.226573
0.96649 -0.120674 -0.226573
-0.247013 -0.250572 -0.936055
-0.247013 -0.250572 -0.936055
-0.750391 -0.536036 0.386753
0.109228 -0.444019 0.889335
0.610496 -0.786345 0.0946379
-0.249123 -0.878362 -0.407944
BONE = 25
BONE_NAME = Bip01-L-Finger22
PARENT_ID = 24
LOCALTM 
MAT 0.333252 0.0 0.942838 0.0
MAT 0.0 1.0 -1.3411e-007 0.0
MAT -0.942838 0.0 0.333252 0.0
MAT 0.5787 4.76837e-007 1.90735e-006 1.0
WORLDTM 
MAT 0.0989207 0.935065 -0.340395 0.0
MAT -0.962292 0.176995 0.206557 0.0
MAT 0.253392 0.307127 0.917315 0.0
MAT 0.756364 18.1648 7.95046 1.0
VERTEX = 9
0.549003 19.045 7.4405
0.675699 19.1985 7.89915
1.15684 19.11 7.79588
1.03015 18.9565 7.33722
1.19348 22.5808 6.32393
1.20615 22.5961 6.3698
1.25427 22.5873 6.35947
1.2416 22.5719 6.31361
0.828194 18.8437 7.70328
INDEX = 14
4 5 7
6 7 5
1 2 5
6 5 2
0 1 4
5 4 1
7 6 3
2 3 6
4 7 0
3 0 7
8 1 0
8 2 1
8 3 2
8 0 3
FACE-NORMAL = 14
0.0989207 0.935065 -0.340395
0.0989207 0.935065 -0.340395
0.258862 0.362579 0.895281
0.258862 0.362579 0.895281
-0.954641 0.23268 0.185799
-0.954641 0.23268 0.185799
0.96649 -0.120674 -0.226573
0.96649 -0.120674 -0.226573
-0.247013 -0.250572 -0.936055
-0.247013 -0.250572 -0.936055
-0.750391 -0.536036 0.386753
0.109228 -0.444019 0.889335
0.610496 -0.786345 0.0946379
-0.249123 -0.878362 -0.407944
BONE = 26
BONE_NAME = Bip01-L-Finger2Nub
PARENT_ID = 25
LOCALTM 
MAT 1.0 0.0 0.0 0.0
MAT 0.0 1.0 0.0 0.0
MAT 0.0 0.0 1.0 0.0
MAT 0.726137 4.76837e-007 9.53674e-007 1.0
WORLDTM 
MAT 0.0989207 0.935065 -0.340395 0.0
MAT -0.962292 0.176995 0.206557 0.0
MAT 0.253392 0.307127 0.917315 0.0
MAT 0.828194 18.8437 7.70328 1.0
VERTEX = 9
0.285323 18.7951 8.74652
0.230094 18.8624 8.25416
0.721222 18.7942 8.18975
0.776451 18.7269 8.68211
-0.0869014 15.1142 8.05666
-0.0924243 15.1209 8.00743
-0.0433116 15.1141 8.00099
-0.0377887 15.1073 8.05022
0.541164 19.04 8.49742
INDEX = 14
4 5 7
6 7 5
1 2 5
6 5 2
0 1 4
5 4 1
7 6 3
2 3 6
4 7 0
3 0 7
8 1 0
8 2 1
8 3 2
8 0 3
FACE-NORMAL = 14
-0.151568 -0.98148 -0.117149
-0.151568 -0.98148 -0.117149
-0.119338 0.0755692 -0.989974
-0.119338 0.0755692 -0.989974
-0.98957 0.0772847 0.121565
-0.98957 0.0772846 0.121565
0.971415 -0.194851 -0.135598
0.971415 -0.194851 -0.135598
0.101182 -0.193135 0.975941
0.101182 -0.193135 0.975941
-0.587385 0.790399 0.173921
0.0290689 0.789184 -0.613469
0.801734 0.597624 -0.00824753
0.18528 0.598839 0.779143
BONE = 27
BONE_NAME = Bip01-L-Finger3
PARENT_ID = 14
LOCALTM 
MAT 0.11821 0.0363163 0.992324 0.0
MAT -0.152531 0.988135 -0.0179928 0.0
MAT -0.981204 -0.149234 0.122347 0.0
MAT 2.11513 0.321246 -0.155813 1.0
WORLDTM 
MAT -0.151568 -0.98148 -0.117149 0.0
MAT -0.982255 0.136312 0.128813 0.0
MAT -0.110458 0.134594 -0.984725 0.0
MAT 0.541164 19.04 8.49742 1.0
VERTEX = 9
0.104493 18.0446 8.16181
0.179109 18.5366 8.21011
0.670236 18.4685 8.1457
0.595621 17.9764 8.09741
-0.0669014 18.6632 4.45349
-0.0594398 18.7124 4.45831
-0.010327 18.7056 4.45187
-0.0177886 18.6564 4.44704
0.415763 18.228 8.4005
INDEX = 14
4 5 7
6 7 5
1 2 5
6 5 2
0 1 4
5 4 1
7 6 3
2 3 6
4 7 0
3 0 7
8 1 0
8 2 1
8 3 2
8 0 3
FACE-NORMAL = 14
-0.113594 0.1141 -0.986954
-0.113594 0.1141 -0.986954
0.14216 0.98914 0.037307
0.14216 0.98914 0.037307
-0.987296 0.142902 0.0694704
-0.987296 0.142902 0.0694704
0.973689 -0.129234 -0.187692
0.973689 -0.129234 -0.187692
-0.155767 -0.975473 -0.155529
-0.155767 -0.975473 -0.155529
-0.614236 0.0157063 0.788966
0.185846 0.615164 0.766182
0.774883 -0.177069 0.606797
-0.0251994 -0.776526 0.629581
BONE = 28
BONE_NAME = Bip01-L-Finger31
PARENT_ID = 27
LOCALTM 
MAT 0.0208504 0.0 0.999783 0.0
MAT 0.0 1.0 0.0 0.0
MAT -0.999783 0.0 0.0208505 0.0
MAT 0.827358 4.76837e-007 9.53674e-007 1.0
WORLDTM 
MAT -0.113594 0.1141 -0.986954 0.0
MAT -0.982255 0.136312 0.128813 0.0
MAT 0.149232 0.984073 0.0965913 0.0
MAT 0.415763 18.228 8.4005 1.0
VERTEX = 9
0.076906 18.4754 7.49555
0.161839 18.6531 7.95511
0.652966 18.585 7.89071
0.568034 18.4072 7.43115
0.634244 21.9923 6.27713
0.642737 22.0101 6.32308
0.69185 22.0033 6.31664
0.683357 21.9855 6.27069
0.345062 18.299 7.78621
INDEX = 14
4 5 7
6 7 5
1 2 5
6 5 2
0 1 4
5 4 1
7 6 3
2 3 6
4 7 0
3 0 7
8 1 0
8 2 1
8 3 2
8 0 3
FACE-NORMAL = 14
0.0794963 0.924689 -0.372332
0.0794963 0.924689 -0.372332
0.174321 0.410228 0.895167
0.174321 0.410228 0.895167
-0.975731 0.19145 0.106282
-0.975731 0.19145 0.106282
0.985254 -0.0806861 -0.150881
0.985254 -0.0806861 -0.150881
-0.164799 -0.299465 -0.939767
-0.164799 -0.299465 -0.939767
-0.750772 -0.557466 0.354363
0.0639004 -0.402488 0.913192
0.638347 -0.750241 0.172194
-0.176325 -0.905219 -0.386636
BONE = 29
BONE_NAME = Bip01-L-Finger32
PARENT_ID = 28
LOCALTM 
MAT 0.463951 0.0 0.885861 0.0
MAT 0.0 1.0 0.0 0.0
MAT -0.885861 0.0 0.463951 0.0
MAT 0.622403 -2.38419e-007 0.0 1.0
WORLDTM 
MAT 0.0794962 0.924689 -0.372332 0.0
MAT -0.982255 0.136313 0.128813 0.0
MAT 0.169865 0.355485 0.919117 0.0
MAT 0.345062 18.299 7.78621 1.0
VERTEX = 9
0.129857 19.0913 7.24755
0.21479 19.2691 7.70711
0.705918 19.2009 7.6427
0.620985 19.0232 7.18314
0.687195 22.6082 6.02912
0.695689 22.626 6.07508
0.744801 22.6192 6.06864
0.736308 22.6014 6.02268
0.398014 18.9149 7.53821
INDEX = 14
4 5 7
6 7 5
1 2 5
6 5 2
0 1 4
5 4 1
7 6 3
2 3 6
4 7 0
3 0 7
8 1 0
8 2 1
8 3 2
8 0 3
FACE-NORMAL = 14
0.0794963 0.924689 -0.372332
0.0794963 0.924689 -0.372332
0.174321 0.410228 0.895167
0.174321 0.410228 0.895167
-0.975731 0.19145 0.106282
-0.975731 0.19145 0.106282
0.985254 -0.0806861 -0.150881
0.985254 -0.0806861 -0.150881
-0.164799 -0.299465 -0.939767
-0.164799 -0.299465 -0.939767
-0.750772 -0.557466 0.354363
0.0639004 -0.402488 0.913192
0.638347 -0.750241 0.172194
-0.176325 -0.905219 -0.386636
BONE = 30
BONE_NAME = Bip01-L-Finger3Nub
PARENT_ID = 29
LOCALTM 
MAT 1.0 0.0 0.0 0.0
MAT 0.0 1.0 0.0 0.0
MAT 0.0 0.0 1.0 0.0
MAT 0.66609 2.38419e-007 0.0 1.0
WORLDTM 
MAT 0.0794962 0.924689 -0.372332 0.0
MAT -0.982255 0.136313 0.128813 0.0
MAT 0.169865 0.355485 0.919117 0.0
MAT 0.398014 18.9149 7.53821 1.0
VERTEX = 9
-0.206072 18.5814 8.65915
-0.302698 18.6963 8.18223
0.187004 18.7479 8.09544
0.283631 18.633 8.57236
0.190079 15.0273 7.48669
0.180417 15.0388 7.439
0.229387 15.0439 7.43032
0.23905 15.0324 7.47801
-0.0241515 18.9066 8.43855
INDEX = 14
4 5 7
6 7 5
1 2 5
6 5 2
0 1 4
5 4 1
7 6 3
2 3 6
4 7 0
3 0 7
8 1 0
8 2 1
8 3 2
8 0 3
FACE-NORMAL = 14
0.0584712 -0.967756 -0.24501
0.0584712 -0.967756 -0.24501
-0.189403 0.171441 -0.966817
-0.189403 0.171441 -0.966817
-0.974145 -0.160898 0.158598
-0.974145 -0.160898 0.158598
0.981149 0.0449755 -0.187946
0.981149 0.0449756 -0.187946
0.196407 -0.287363 0.937468
0.196407 -0.287363 0.937468
-0.733889 0.611389 0.29599
-0.177995 0.84681 -0.501229
0.651199 0.757225 0.0505061
0.0953046 0.521803 0.847725
BONE = 31
BONE_NAME = Bip01-L-Finger4
PARENT_ID = 14
LOCALTM 
MAT 0.0457311 -0.198678 0.978998 0.0
MAT -0.0457094 0.97858 0.200729 0.0
MAT -0.997908 -0.053929 0.0356701 0.0
MAT 1.96025 0.837305 0.0690117 1.0
WORLDTM 
MAT 0.0584712 -0.967756 -0.24501 0.0
MAT -0.979405 -0.103122 0.173584 0.0
MAT -0.193252 0.229815 -0.953855 0.0
MAT -0.0241515 18.9066 8.43855 1.0
VERTEX = 9
-0.250915 18.0662 8.10001
-0.305052 18.5631 8.08979
0.184651 18.6147 8.003
0.238787 18.1177 8.01322
-0.693977 18.1674 4.36408
-0.699391 18.2171 4.36306
-0.65042 18.2222 4.35438
-0.645007 18.1726 4.3554
0.0094723 18.3501 8.29766
INDEX = 14
4 5 7
6 7 5
1 2 5
6 5 2
0 1 4
5 4 1
7 6 3
2 3 6
4 7 0
3 0 7
8 1 0
8 2 1
8 3 2
8 0 3
FACE-NORMAL = 14
-0.170418 -0.0388229 -0.984607
-0.170418 -0.0388229 -0.984607
-0.118286 0.989801 -0.0793833
-0.118286 0.989801 -0.0793833
-0.987854 -0.105262 0.114302
-0.987854 -0.105262 0.114302
0.96744 0.100611 -0.232242
0.96744 0.100611 -0.232242
0.0978723 -0.994452 -0.0385574
0.0978723 -0.994452 -0.0385574
-0.572041 -0.0454662 0.818964
0.0439427 0.730253 0.681762
0.813048 0.10037 0.57348
0.197064 -0.675349 0.710682
BONE = 32
BONE_NAME = Bip01-L-Finger41
PARENT_ID = 31
LOCALTM 
MAT 0.268845 0.0 0.963183 0.0
MAT 0.0 1.0 0.0 0.0
MAT -0.963183 0.0 0.268845 0.0
MAT 0.575041 -4.76837e-007 0.0 1.0
WORLDTM 
MAT -0.170418 -0.0388229 -0.984607 0.0
MAT -0.979405 -0.103122 0.173584 0.0
MAT -0.108273 0.993911 -0.0204497 0.0
MAT 0.0094723 18.3501 8.29766 1.0
VERTEX = 9
-0.364649 18.4967 7.71407
-0.291236 18.6099 8.19553
0.198466 18.6614 8.10873
0.125054 18.5483 7.62728
-0.630965 22.203 7.11704
-0.623624 22.2143 7.16518
-0.574654 22.2194 7.1565
-0.581995 22.2081 7.10836
-0.0484435 18.3369 7.96304
INDEX = 14
4 5 7
6 7 5
1 2 5
6 5 2
0 1 4
5 4 1
7 6 3
2 3 6
4 7 0
3 0 7
8 1 0
8 2 1
8 3 2
8 0 3
FACE-NORMAL = 14
-0.138592 0.968567 -0.206569
-0.138592 0.968567 -0.206569
0.138261 0.283975 0.948811
0.138261 0.283975 0.948811
-0.985948 -0.0449271 0.1609
-0.985948 -0.044927 0.1609
0.969347 0.160946 -0.185644
0.969347 0.160946 -0.185644
-0.154862 -0.167955 -0.973555
-0.154862 -0.167955 -0.973555
-0.594545 -0.757798 0.268808
0.20182 -0.524811 0.826947
0.790543 -0.611962 0.023324
-0.00582223 -0.844949 -0.534815
BONE = 33
BONE_NAME = Bip01-L-Finger42
PARENT_ID = 32
LOCALTM 
MAT 0.189405 1.3411e-007 0.981899 0.0
MAT 0.0 1.0 -1.19209e-007 0.0
MAT -0.981899 0.0 0.189405 0.0
MAT 0.339845 2.38419e-007 1.90735e-006 1.0
WORLDTM 
MAT -0.138592 0.968567 -0.206569 0.0
MAT -0.979405 -0.103122 0.173584 0.0
MAT 0.146825 0.226372 0.962912 0.0
MAT -0.0484435 18.3369 7.96304 1.0
VERTEX = 9
-0.444734 19.0564 7.5947
-0.371321 19.1696 8.07616
0.118382 19.2211 7.98937
0.0449688 19.1079 7.50791
-0.71105 22.7626 6.99767
-0.703709 22.774 7.04581
-0.654739 22.7791 7.03714
-0.66208 22.7678 6.98899
-0.128528 18.8966 7.84368
INDEX = 14
4 5 7
6 7 5
1 2 5
6 5 2
0 1 4
5 4 1
7 6 3
2 3 6
4 7 0
3 0 7
8 1 0
8 2 1
8 3 2
8 0 3
FACE-NORMAL = 14
-0.138592 0.968567 -0.206569
-0.138592 0.968567 -0.206569
0.138261 0.283975 0.948811
0.138261 0.283975 0.948811
-0.985948 -0.0449271 0.1609
-0.985948 -0.0449271 0.1609
0.969347 0.160946 -0.185644
0.969347 0.160946 -0.185644
-0.154862 -0.167955 -0.973555
-0.154862 -0.167955 -0.973555
-0.594545 -0.757798 0.268808
0.20182 -0.524811 0.826947
0.790543 -0.611962 0.023324
-0.00582223 -0.844949 -0.534815
BONE = 34
BONE_NAME = Bip01-L-Finger4Nub
PARENT_ID = 33
LOCALTM 
MAT 1.0 0.0 0.0 0.0
MAT 0.0 1.0 0.0 0.0
MAT 0.0 0.0 1.0 0.0
MAT 0.577848 -4.76837e-007 -1.90735e-006 1.0
WORLDTM 
MAT -0.138592 0.968567 -0.206569 0.0
MAT -0.979405 -0.103122 0.173584 0.0
MAT 0.146825 0.226372 0.962912 0.0
MAT -0.128528 18.8966 7.84368 1.0
VERTEX = 9
0.552832 19.07 6.41384
0.657542 19.4901 6.66391
0.177694 19.5294 6.79882
0.0729834 19.1093 6.54875
1.08684 17.2649 9.67272
1.09731 17.3069 9.69773
1.04933 17.3108 9.71122
1.03885 17.2688 9.68621
0.318408 19.4338 6.40062
INDEX = 14
4 5 7
6 7 5
1 2 5
6 5 2
0 1 4
5 4 1
7 6 3
2 3 6
4 7 0
3 0 7
8 1 0
8 2 1
8 3 2
8 0 3
FACE-NORMAL = 14
0.187419 -0.536482 0.822837
0.187419 -0.536482 0.822837
0.220269 0.806605 0.548516
0.220269 0.806605 0.548516
0.969199 -0.110575 -0.220062
0.969199 -0.110575 -0.220062
-0.946749 0.0463125 0.318625
-0.946749 0.0463125 0.318625
-0.197819 -0.870868 -0.449952
-0.197819 -0.870868 -0.449952
0.546083 0.323782 -0.772631
0.0155575 0.973493 -0.228187
-0.811133 0.434918 -0.391037
-0.280607 -0.214793 -0.93548
BONE = 35
BONE_NAME = L_Sword
PARENT_ID = 14
LOCALTM 
MAT 0.956759 -6.16424e-005 0.290882 0.0
MAT 6.13723e-005 -1.0 -0.000413805 0.0
MAT 0.290882 0.000413768 -0.956759 0.0
MAT 0.0 0.0 3.8147e-006 1.0
WORLDTM 
MAT 0.187419 -0.536482 0.822838 0.0
MAT 0.959696 -0.0785847 -0.269828 0.0
MAT 0.20942 0.840245 0.500132 0.0
MAT 0.318408 19.4338 6.40062 1.0
VERTEX = 9
0.468111 19.3246 6.67765
-0.0244393 19.3619 6.60019
0.02665 19.1267 6.16194
0.519201 19.0893 6.2394
-0.249284 15.9382 8.1548
-0.298539 15.942 8.14705
-0.29343 15.9185 8.10323
-0.244175 15.9147 8.11097
0.281963 19.4454 6.30584
INDEX = 14
4 5 7
6 7 5
1 2 5
6 5 2
0 1 4
5 4 1
7 6 3
2 3 6
4 7 0
3 0 7
8 1 0
8 2 1
8 3 2
8 0 3
FACE-NORMAL = 14
-0.13833 -0.879271 0.455792
-0.13833 -0.879271 0.455792
-0.991618 0.0218787 -0.127341
-0.991618 0.0218786 -0.127341
-0.11028 0.416925 0.902226
-0.11028 0.416925 0.902226
0.0937104 -0.522248 -0.847629
0.0937104 -0.522248 -0.847629
0.975048 -0.127202 0.181938
0.975048 -0.127202 0.181938
0.0255629 0.954384 0.297486
-0.598758 0.674541 -0.431837
0.170065 0.289094 -0.942074
0.794386 0.568936 -0.21275
BONE = 36
BONE_NAME = FxHand00
PARENT_ID = 14
LOCALTM 
MAT 0.628302 0.186369 0.755316 0.0
MAT 0.66649 0.371842 -0.646162 0.0
MAT -0.401283 0.909396 0.109416 0.0
