EXPORTER_V17
ANIMATION_EXPORT
BONEOBJECT_COUNT = 34
VERTEX = 9
0.25 0.250002 -0.25
0.25 0.250002 0.25
0.25 -0.249998 0.25
0.25 -0.249998 -0.25
4.0 0.0250019 -0.025
4.0 0.0250019 0.025
4.0 -0.0249981 0.025
4.0 -0.0249981 -0.025
0.0 1.90735e-006 0.0
INDEX = 14
4 5 7
6 7 5
1 2 5
6 5 2
0 1 4
5 4 1
7 6 3
2 3 6
4 7 0
3 0 7
8 1 0
8 2 1
8 3 2
8 0 3
FACE-NORMAL = 14
1.0 0.0 0.0
1.0 0.0 0.0
0.0598923 -5.62874e-007 0.998205
0.0598923 -5.62874e-007 0.998205
0.0598923 0.998205 5.62874e-007
0.0598923 0.998205 5.62874e-007
0.0598923 -0.998205 -5.62874e-007
0.0598923 -0.998205 -5.62874e-007
0.0598923 5.62874e-007 -0.998205
0.0598923 5.62874e-007 -0.998205
-0.707107 0.707107 3.98728e-007
-0.707107 -3.98728e-007 0.707107
-0.707107 -0.707107 -3.98728e-007
-0.707107 3.98728e-007 -0.707107
BONE = 0
BONE_NAME = Dummy_Neck
PARENT_ID = -1
LOCALTM 
MAT 1.0 0.0 0.0 0.0
MAT 0.0 1.0 5.63886e-007 0.0
MAT 0.0 -5.63886e-007 1.0 0.0
MAT 0.0 1.90735e-006 0.0 1.0
WORLDTM 
MAT 1.0 0.0 0.0 0.0
MAT 0.0 1.0 5.63886e-007 0.0
MAT 0.0 -5.63886e-007 1.0 0.0
MAT 0.0 1.90735e-006 0.0 1.0
VERTEX = 9
2.60374 0.300529 -0.274269
2.80267 0.193625 0.171825
2.7645 -0.294779 0.0717984
2.56558 -0.187875 -0.374296
6.1046 0.0757615 -1.63707
6.12449 0.0650711 -1.59246
6.12068 0.0162307 -1.60246
6.10078 0.0269211 -1.64707
2.45555 0.0 -4.17234e-007
INDEX = 14
4 5 7
6 7 5
1 2 5
6 5 2
0 1 4
5 4 1
7 6 3
2 3 6
4 7 0
3 0 7
8 1 0
8 2 1
8 3 2
8 0 3
FACE-NORMAL = 14
0.914271 0.011499 -0.404941
0.914271 0.011499 -0.404941
0.451893 -0.212736 0.866335
0.451893 -0.212736 0.866335
0.130941 0.975743 0.175442
0.130941 0.975743 0.175442
-0.0214256 -0.974366 -0.223947
-0.0214256 -0.974366 -0.223947
-0.342378 0.214113 -0.91484
-0.342378 0.214113 -0.91484
-0.59252 0.682576 0.427795
-0.365165 -0.159316 0.917209
-0.700454 -0.698839 0.144877
-0.927809 0.143054 -0.344537
BONE = 1
BONE_NAME = Dummy_Face
PARENT_ID = 0
LOCALTM 
MAT 0.914271 0.0114988 -0.404941 0.0
MAT 0.0763204 0.976808 0.200053 0.0
MAT 0.39785 -0.213808 0.892189 0.0
MAT 2.45555 -1.90735e-006 -4.17233e-007 1.0
WORLDTM 
MAT 0.914271 0.011499 -0.404941 0.0
MAT 0.0763204 0.976808 0.200054 0.0
MAT 0.39785 -0.213808 0.892189 0.0
MAT 2.45555 0.0 -4.17234e-007 1.0
VERTEX = 9
3.70652 -1.30796 0.0773003
4.15328 -1.37957 -0.135479
4.35486 -1.04298 0.174483
3.90809 -0.971372 0.387262
4.73963 -3.90927 2.59317
4.7843 -3.91643 2.5719
4.80446 -3.88277 2.60289
4.75979 -3.87561 2.62417
3.98127 -0.9941 -0.0389179
INDEX = 14
4 5 7
6 7 5
1 2 5
6 5 2
0 1 4
5 4 1
7 6 3
2 3 6
4 7 0
3 0 7
8 1 0
8 2 1
8 3 2
8 0 3
FACE-NORMAL = 14
0.197695 -0.725481 0.659238
0.197695 -0.725481 0.659238
0.903763 -0.186407 -0.385312
0.903763 -0.186407 -0.385312
-0.390582 -0.71542 -0.579328
-0.390582 -0.71542 -0.579328
0.414263 0.628518 0.658294
0.414263 0.628518 0.658294
-0.880082 0.0995056 0.464278
-0.880082 0.0995056 0.464278
-0.424859 0.0369842 -0.904504
0.492027 0.411725 -0.767067
0.145276 0.989001 -0.0277992
-0.77161 0.61426 -0.165236
BONE = 2
BONE_NAME = Facial_Eyebrow_R
PARENT_ID = 1
LOCALTM 
MAT -0.0945477 -0.561684 0.821931 0.0
MAT -0.125294 -0.812351 -0.56955 0.0
MAT 0.987604 -0.156832 0.00643045 0.0
MAT 1.39924 -0.862387 0.784828 1.0
WORLDTM 
MAT 0.197695 -0.725481 0.659238 0.0
MAT -0.403146 -0.673177 -0.619924 0.0
MAT 0.893526 -0.143213 -0.425559 0.0
MAT 3.98127 -0.9941 -0.0389179 1.0
VERTEX = 9
3.63652 -0.138852 1.47711
3.2318 -0.167084 1.76936
3.19364 -0.655488 1.66933
3.59836 -0.627256 1.37708
5.62059 -1.14586 4.51243
5.58011 -1.14868 4.54165
5.5763 -1.19752 4.53165
5.61677 -1.1947 4.50243
3.26952 -0.345535 1.37663
INDEX = 14
4 5 7
6 7 5
1 2 5
6 5 2
0 1 4
5 4 1
7 6 3
2 3 6
4 7 0
3 0 7
8 1 0
8 2 1
8 3 2
8 0 3
FACE-NORMAL = 14
0.58223 -0.206539 0.786352
0.58223 -0.206539 0.786352
-0.77311 -0.0687312 0.630537
-0.77311 -0.0687312 0.630537
0.111054 0.962684 0.246791
0.111054 0.962684 0.246791
-0.0413122 -0.987424 -0.152598
-0.0413122 -0.987424 -0.152598
0.842852 0.0439911 -0.536344
0.842852 0.0439911 -0.536344
-0.357732 0.836752 -0.414576
-0.984055 0.10612 -0.142738
-0.465665 -0.544663 -0.697494
0.160658 0.18597 -0.969332
BONE = 3
BONE_NAME = Facial_Nose
PARENT_ID = 1
LOCALTM 
MAT 0.211515 0.0 0.977375 0.0
MAT 0.0 1.0 0.0 0.0
MAT -0.977375 0.0 0.211515 0.0
MAT 0.18276 6.70552e-007 1.62593 1.0
WORLDTM 
MAT 0.58223 -0.206539 0.786352 0.0
MAT 0.0763203 0.976808 0.200054 0.0
MAT -0.809434 -0.0564625 0.58449 0.0
MAT 3.26952 -0.345535 1.37663 1.0
VERTEX = 9
3.89414 -0.372874 0.394569
4.24841 -0.579714 0.10872
4.55759 -0.202555 0.218993
4.20332 0.00428395 0.504843
5.46772 -2.20791 3.27905
5.50314 -2.22859 3.25047
5.53406 -2.19088 3.2615
5.49863 -2.17019 3.29008
4.14086 -0.16027 0.109215
INDEX = 14
4 5 7
6 7 5
1 2 5
6 5 2
0 1 4
5 4 1
7 6 3
2 3 6
4 7 0
3 0 7
8 1 0
8 2 1
8 3 2
8 0 3
FACE-NORMAL = 14
0.340007 -0.509781 0.790265
0.340007 -0.509781 0.790265
0.727633 -0.443468 -0.523342
0.727633 -0.443468 -0.523342
-0.596883 -0.783495 -0.172821
-0.596883 -0.783495 -0.172821
0.63761 0.722431 0.267482
0.63761 0.722431 0.267482
-0.686905 0.382404 0.618004
-0.686905 0.382404 0.618004
-0.677665 -0.172913 -0.714752
0.260593 0.0679545 -0.963054
0.196823 0.893852 -0.402852
-0.741435 0.652984 -0.15455
BONE = 4
BONE_NAME = Facial_Glabella_R
PARENT_ID = 1
LOCALTM 
MAT -0.0150144 -0.313913 0.949333 0.0
MAT -0.484711 -0.828137 -0.281504 0.0
MAT 0.874546 -0.464379 -0.139723 0.0
MAT 1.49476 -0.00608043 0.802207 1.0
WORLDTM 
MAT 0.340007 -0.509781 0.790265 0.0
MAT -0.618357 -0.754317 -0.220547 0.0
MAT 0.708541 -0.413678 -0.571699 0.0
MAT 4.14086 -0.16027 0.109215 1.0
VERTEX = 9
3.17397 -0.730999 0.843906
2.72265 -0.74833 1.0584
2.60994 -1.15383 0.788471
3.06126 -1.1365 0.573977
4.295 -3.1113 3.53486
4.24987 -3.11303 3.55631
4.2386 -3.15358 3.52931
4.28373 -3.15185 3.50787
2.8003 -0.796415 0.635129
INDEX = 14
4 5 7
6 7 5
1 2 5
6 5 2
0 1 4
5 4 1
7 6 3
2 3 6
4 7 0
3 0 7
8 1 0
8 2 1
8 3 2
8 0 3
FACE-NORMAL = 14
0.366625 -0.584006 0.724239
0.366625 -0.584006 0.724239
-0.879067 -0.0695781 0.471593
-0.879067 -0.0695781 0.471593
0.24698 0.774576 0.582266
0.24698 0.774576 0.582266
-0.203064 -0.844531 -0.495513
-0.203064 -0.844531 -0.495513
0.922983 -0.000376843 -0.384841
0.922983 -0.000376828 -0.384841
-0.0998425 0.986425 -0.130377
-0.89751 0.388444 -0.208775
-0.418644 -0.160515 -0.893852
0.379023 0.437465 -0.815454
BONE = 5
BONE_NAME = Facial_Cheek_R
PARENT_ID = 1
LOCALTM 
MAT 0.0352056 -0.397594 0.916886 0.0
MAT -0.0031836 0.917405 0.397942 0.0
MAT -0.999375 -0.0169287 0.031032 0.0
MAT 0.0488398 -0.624574 0.874091 1.0
WORLDTM 
MAT 0.366626 -0.584006 0.724239 0.0
MAT 0.225427 0.811009 0.539859 0.0
MAT -0.902645 -0.0346629 0.428987 0.0
MAT 2.8003 -0.796415 0.635129 1.0
VERTEX = 9
3.61661 -0.66143 0.647498
4.08959 -0.501931 0.618375
3.95912 -0.0742022 0.84204
3.48614 -0.233702 0.871164
4.49271 -1.92703 4.0818
4.54001 -1.91108 4.07889
4.52696 -1.86831 4.10126
4.47967 -1.88426 4.10417
3.73973 -0.265826 0.521652
INDEX = 14
4 5 7
6 7 5
1 2 5
6 5 2
0 1 4
5 4 1
7 6 3
2 3 6
4 7 0
3 0 7
8 1 0
8 2 1
8 3 2
8 0 3
FACE-NORMAL = 14
0.192526 -0.407961 0.892469
0.192526 -0.407961 0.892469
0.955796 0.293993 -0.00469004
0.955796 0.293993 -0.00469002
0.271997 -0.878355 -0.393077
0.271997 -0.878355 -0.393077
-0.248935 0.829488 0.499981
-0.248935 0.829488 0.499981
-0.932734 -0.34286 0.111594
-0.932734 -0.34286 0.111594
0.0483722 -0.316428 -0.947383
0.532761 0.514038 -0.672258
-0.320645 0.893372 -0.31476
-0.805034 0.0629055 -0.589885
BONE = 6
BONE_NAME = Facial_Ridge_R
PARENT_ID = 1
LOCALTM 
MAT -0.190067 -0.205264 0.960073 0.0
MAT 0.409871 -0.905193 -0.112388 0.0
MAT 0.892121 0.372145 0.256179 0.0
MAT 0.959793 -0.0572936 1.03316 1.0
WORLDTM 
MAT 0.192526 -0.407961 0.892469 0.0
MAT 0.260935 -0.855457 -0.447332 0.0
MAT 0.945963 0.318999 -0.0582466 0.0
MAT 3.73973 -0.265826 0.521652 1.0
VERTEX = 9
2.79872 0.226304 1.25807
3.24878 0.22697 1.04024
3.20608 0.717537 0.953519
2.75602 0.71687 1.17134
4.58403 1.17234 4.4332
4.62904 1.1724 4.41141
4.62477 1.22146 4.40274
4.57976 1.22139 4.42452
2.8956 0.423589 0.884982
INDEX = 14
4 5 7
6 7 5
1 2 5
6 5 2
0 1 4
5 4 1
7 6 3
2 3 6
4 7 0
3 0 7
8 1 0
8 2 1
8 3 2
8 0 3
FACE-NORMAL = 14
0.4272 0.193327 0.883247
0.4272 0.193327 0.883247
0.924085 0.0129099 -0.381969
0.924085 0.0129099 -0.381969
0.110834 -0.967793 0.226035
0.110834 -0.967793 0.226035
-0.0596616 0.990951 -0.120236
-0.0596616 0.990951 -0.120236
-0.872913 0.0102478 0.487768
-0.872913 0.0102478 0.487768
-0.241689 -0.830469 -0.501904
0.334401 -0.13576 -0.932601
-0.362464 0.557063 -0.747195
-0.938553 -0.137646 -0.316498
BONE = 7
BONE_NAME = Facial_Cheek_L
PARENT_ID = 1
LOCALTM 
MAT 0.0351372 0.398144 0.91665 0.0
MAT -0.00343831 -0.917163 0.398499 0.0
MAT 0.999377 -0.0171539 -0.0308577 0.0
MAT 0.0488272 0.624393 0.874077 1.0
WORLDTM 
MAT 0.4272 0.193327 0.883247 0.0
MAT 0.0854009 -0.981134 0.173447 0.0
MAT 0.900115 0.00133345 -0.435651 0.0
MAT 2.8956 0.423589 0.884982 1.0
VERTEX = 9
4.16689 -0.461906 0.409366
4.55661 -0.215136 0.216417
4.31063 0.216636 0.271815
3.92092 -0.0301334 0.464764
5.68629 0.231507 3.78196
5.72526 0.256184 3.76266
5.70066 0.299361 3.7682
5.66169 0.274684 3.7875
4.14178 -0.148506 0.111625
INDEX = 14
4 5 7
6 7 5
1 2 5
6 5 2
0 1 4
5 4 1
7 6 3
2 3 6
4 7 0
3 0 7
8 1 0
8 2 1
8 3 2
8 0 3
FACE-NORMAL = 14
0.387922 0.103485 0.915864
0.387922 0.103485 0.915864
0.801259 0.498851 -0.330352
0.801259 0.498851 -0.330352
0.5143 -0.855797 -0.0557441
0.5143 -0.855797 -0.0557441
-0.467833 0.868193 0.165451
-0.467833 0.868193 0.165451
-0.754791 -0.486455 0.440058
-0.754791 -0.486455 0.440058
0.0735581 -0.683793 -0.725958
0.276834 0.27581 -0.920485
-0.622163 0.537444 -0.569269
-0.825439 -0.42216 -0.374743
BONE = 8
BONE_NAME = Facial_Glabella_L
PARENT_ID = 1
LOCALTM 
MAT -0.0150144 0.313913 0.949333 0.0
MAT 0.484711 -0.828137 0.281504 0.0
MAT 0.874546 0.464379 -0.139723 0.0
MAT 1.49476 0.00596246 0.802208 1.0
WORLDTM 
MAT 0.387922 0.103485 0.915864 0.0
MAT 0.491949 -0.863545 -0.110796 0.0
MAT 0.779424 0.493539 -0.385898 0.0
MAT 4.14178 -0.148506 0.111625 1.0
VERTEX = 9
4.0242 0.514649 0.691603
4.48294 0.596237 0.510198
4.34336 1.05316 0.362749
3.88463 0.971571 0.544155
5.23069 2.15136 3.85851
5.27657 2.15952 3.84037
5.26261 2.20521 3.82562
5.21674 2.19706 3.84377
4.11292 0.690945 0.306183
INDEX = 14
4 5 7
6 7 5
1 2 5
6 5 2
0 1 4
5 4 1
7 6 3
2 3 6
4 7 0
3 0 7
8 1 0
8 2 1
8 3 2
8 0 3
FACE-NORMAL = 14
0.283432 0.371836 0.883971
0.283432 0.371836 0.883971
0.932793 0.185155 -0.309216
0.932793 0.185155 -0.309216
0.295624 -0.889934 0.34731
0.295624 -0.889934 0.34731
-0.261674 0.934474 -0.241424
-0.261674 0.934474 -0.241424
-0.898843 -0.140615 0.415102
-0.898843 -0.140615 0.415102
-0.00302739 -0.909113 -0.416538
0.448329 -0.147544 -0.881607
-0.397805 0.383258 -0.833585
-0.849162 -0.378312 -0.368516
BONE = 9
BONE_NAME = Facial_Eyebrow_L
PARENT_ID = 1
LOCALTM 
MAT -0.0945468 0.561685 0.821931 0.0
MAT 0.125295 -0.81235 0.569551 0.0
MAT 0.987604 0.156833 0.00642892 0.0
MAT 1.39924 0.862665 0.784828 1.0
WORLDTM 
MAT 0.283432 0.371836 0.883971 0.0
MAT 0.27915 -0.913844 0.294897 0.0
MAT 0.917465 0.163178 -0.36281 0.0
MAT 4.11292 0.690945 0.306183 1.0
VERTEX = 9
3.48235 -0.282149 0.861243
3.92693 -0.486164 0.757671
4.12648 -0.0296922 0.715093
3.6819 0.174322 0.818664
4.61167 -0.194616 4.45022
4.65613 -0.215017 4.43986
4.67608 -0.16937 4.4356
4.63163 -0.148969 4.44596
3.74845 -0.154183 0.544518
INDEX = 14
4 5 7
6 7 5
1 2 5
6 5 2
0 1 4
5 4 1
7 6 3
2 3 6
4 7 0
3 0 7
8 1 0
8 2 1
8 3 2
8 0 3
FACE-NORMAL = 14
0.223856 -0.00695262 0.974598
0.223856 -0.00695262 0.974598
0.900971 -0.407713 -0.1484
0.900971 -0.407713 -0.1484
-0.38498 -0.91172 0.143376
-0.38498 -0.91172 0.143376
0.411795 0.910887 -0.0266338
0.411795 0.910887 -0.0266338
-0.874156 0.40688 0.265141
-0.874156 0.40688 0.265141
-0.440499 -0.640632 -0.628929
0.470441 -0.283604 -0.835616
0.123919 0.650464 -0.74936
-0.787021 0.293436 -0.542673
BONE = 10
BONE_NAME = Facial_Ridge_L
PARENT_ID = 1
LOCALTM 
MAT -0.190069 0.205265 0.960073 0.0
MAT -0.409871 -0.905194 0.112388 0.0
MAT 0.892121 -0.372144 0.256181 0.0
MAT 0.95979 0.0570007 1.03316 1.0
WORLDTM 
MAT 0.223856 -0.00695262 0.974598 0.0
MAT -0.399104 -0.912943 0.0851576 0.0
MAT 0.889159 -0.408029 -0.207142 0.0
MAT 3.74845 -0.154183 0.544518 1.0
VERTEX = 9
3.91517 0.722306 0.570091
4.11409 0.615401 1.01619
4.07593 0.126997 0.916159
3.87701 0.233902 0.470064
7.41603 0.497538 -0.792706
7.43592 0.486848 -0.748096
7.43211 0.438007 -0.758099
7.41221 0.448698 -0.802708
3.76698 0.421777 0.84436
INDEX = 14
4 5 7
6 7 5
1 2 5
6 5 2
0 1 4
5 4 1
7 6 3
2 3 6
4 7 0
3 0 7
8 1 0
8 2 1
8 3 2
8 0 3
FACE-NORMAL = 14
0.914271 0.011499 -0.404941
0.914271 0.011499 -0.404941
0.451893 -0.212736 0.866335
0.451893 -0.212736 0.866335
0.130941 0.975743 0.175442
0.130941 0.975743 0.175442
-0.0214256 -0.974366 -0.223947
-0.0214257 -0.974366 -0.223947
-0.342378 0.214113 -0.91484
-0.342378 0.214113 -0.91484
-0.59252 0.682577 0.427796
-0.365165 -0.159316 0.917209
-0.700454 -0.698839 0.144877
-0.927809 0.143054 -0.344537
BONE = 11
BONE_NAME = Facial_Dum_Eye_L
PARENT_ID = 1
LOCALTM 
MAT 1.0 0.0 0.0 0.0
MAT 0.0 1.0 1.63913e-007 0.0
MAT 0.0 -1.63913e-007 1.0 0.0
MAT 0.861935 0.681001 1.1849 1.0
WORLDTM 
MAT 0.914271 0.011499 -0.404941 0.0
MAT 0.0763204 0.976808 0.200054 0.0
MAT 0.39785 -0.213808 0.892189 0.0
MAT 3.76698 0.421777 0.84436 1.0
VERTEX = 9
3.61276 0.236895 0.850464
3.94333 0.251073 0.475599
3.90388 0.749259 0.459648
3.57331 0.73508 0.834513
6.54165 0.768409 3.15325
6.57471 0.769827 3.11577
6.57077 0.819646 3.11417
6.53771 0.818228 3.15166
3.57179 0.473013 0.489812
INDEX = 14
4 5 7
6 7 5
1 2 5
6 5 2
0 1 4
5 4 1
7 6 3
2 3 6
4 7 0
3 0 7
8 1 0
8 2 1
8 3 2
8 0 3
FACE-NORMAL = 14
0.746104 0.0802535 0.660975
0.746104 0.0802535 0.660975
0.704636 0.0331131 -0.708796
0.704636 0.0331131 -0.708796
0.123456 -0.989776 0.071431
0.123456 -0.989776 0.071431
-0.0340844 0.999389 0.00774368
-0.0340844 0.999389 0.00774366
-0.615264 -0.0234999 0.787971
-0.615264 -0.0234999 0.787971
-0.471776 -0.761289 -0.444823
-0.0600811 -0.0366961 -0.997519
-0.583374 0.647793 -0.489937
-0.995069 -0.0767995 0.0627589
BONE = 12
BONE_NAME = Facial_Eyelid_Upper_L
PARENT_ID = 11
LOCALTM 
MAT 0.415408 0.267566 0.869393 0.0
MAT 0.0477716 -0.960859 0.272889 0.0
MAT 0.90838 -0.0718282 -0.411931 0.0
MAT -0.0342968 -0.0357771 -0.404935 1.0
WORLDTM 
MAT 0.746104 0.0802535 0.660975 0.0
MAT 0.0789119 -0.996371 0.0319009 0.0
MAT 0.661137 0.0283574 -0.74973 0.0
MAT 3.57179 0.473013 0.489812 1.0
VERTEX = 9
3.74372 0.0981899 0.1884
3.712 0.59684 0.169896
3.32818 0.584306 0.490088
3.3599 0.0856564 0.508592
5.9482 0.575823 3.20102
5.94503 0.625688 3.19917
5.90665 0.624435 3.23119
5.90982 0.57457 3.23304
3.37652 0.323989 0.147453
INDEX = 14
4 5 7
6 7 5
1 2 5
6 5 2
0 1 4
5 4 1
7 6 3
2 3 6
4 7 0
3 0 7
8 1 0
8 2 1
8 3 2
8 0 3
FACE-NORMAL = 14
0.637728 0.0690349 0.767162
0.637728 0.0690349 0.767162
-0.0251306 0.999644 0.00900527
-0.0251306 0.999644 0.00900529
0.804462 0.0291566 -0.593288
0.804462 0.0291566 -0.593288
-0.728072 -0.0208873 0.685183
-0.728072 -0.0208873 0.685182
0.101521 -0.991374 0.0828889
0.101521 -0.991374 0.0828889
0.0918654 -0.03109 -0.995286
-0.4958 0.656382 -0.568634
-0.993749 -0.06654 -0.089645
-0.406083 -0.754012 -0.516297
BONE = 13
BONE_NAME = Facial_Eye_L
PARENT_ID = 11
LOCALTM 
MAT 0.273195 0.269579 0.923413 0.0
MAT 0.961442 -0.0450388 -0.271297 0.0
MAT -0.0315467 0.961925 -0.271489 0.0
MAT -0.0759127 -0.264739 -0.756212 1.0
WORLDTM 
MAT 0.637728 0.0690349 0.767162 0.0
MAT 0.767645 0.025067 -0.640385 0.0
MAT -0.0634394 0.997299 -0.0370083 0.0
MAT 3.37652 0.323989 0.147453 1.0
VERTEX = 9
3.35691 0.25234 1.0332
3.84539 0.2969 0.936245
3.79775 0.794497 0.924924
3.30927 0.749937 1.02188
4.27141 0.648547 4.66232
4.32026 0.653003 4.65262
4.3155 0.702763 4.65149
4.26665 0.698307 4.66118
3.52959 0.513269 0.733875
INDEX = 14
4 5 7
6 7 5
1 2 5
6 5 2
0 1 4
5 4 1
7 6 3
2 3 6
4 7 0
3 0 7
8 1 0
8 2 1
8 3 2
8 0 3
FACE-NORMAL = 14
0.190967 0.0405965 0.980757
0.190967 0.0405965 0.980757
0.986645 0.0913916 -0.13483
0.986645 0.0913916 -0.13483
0.106544 -0.990975 0.0813412
0.106544 -0.990975 0.0813412
-0.083669 0.995838 0.0361383
-0.083669 0.995838 0.0361383
-0.96377 -0.0865287 0.252309
-0.96377 -0.0865287 0.252309
-0.067663 -0.732414 -0.677489
0.555782 0.0343114 -0.83062
-0.202406 0.675002 -0.70951
-0.82585 -0.0917235 -0.556379
BONE = 14
BONE_NAME = Facial_Eyelid_Lower_L
PARENT_ID = 11
LOCALTM 
MAT -0.222085 0.250434 0.942317 0.0
MAT 0.066497 -0.960312 0.270888 0.0
MAT 0.972757 0.122821 0.196618 0.0
MAT -0.171254 0.0491496 -0.212584 1.0
WORLDTM 
MAT 0.190967 0.0405965 0.980757 0.0
MAT 0.0952775 -0.995193 0.0226421 0.0
MAT 0.976962 0.0891201 -0.193917 0.0
MAT 3.52959 0.513269 0.733875 1.0
VERTEX = 9
3.81119 -0.608532 0.297529
4.01011 -0.715437 0.743624
3.97195 -1.20384 0.643597
3.77303 -1.09694 0.197503
7.31205 -0.8333 -1.06527
7.33194 -0.84399 -1.02066
7.32813 -0.89283 -1.03066
7.30823 -0.88214 -1.07527
3.663 -0.909061 0.571798
INDEX = 14
4 5 7
6 7 5
1 2 5
6 5 2
0 1 4
5 4 1
7 6 3
2 3 6
4 7 0
3 0 7
8 1 0
8 2 1
8 3 2
8 0 3
FACE-NORMAL = 14
0.914271 0.011499 -0.404941
0.914271 0.011499 -0.404941
0.451893 -0.212736 0.866335
0.451893 -0.212736 0.866335
0.130941 0.975743 0.175442
0.130941 0.975743 0.175442
-0.0214256 -0.974366 -0.223947
-0.0214257 -0.974366 -0.223947
-0.342378 0.214113 -0.91484
-0.342378 0.214113 -0.91484
-0.59252 0.682577 0.427796
-0.365165 -0.159316 0.917209
-0.700454 -0.698839 0.144877
-0.927809 0.143054 -0.344537
BONE = 15
BONE_NAME = Facial_Dum_Eye_R
PARENT_ID = 1
LOCALTM 
MAT 1.0 0.0 0.0 0.0
MAT 0.0 1.0 1.63913e-007 0.0
MAT 0.0 -1.63913e-007 1.0 0.0
MAT 0.861937 -0.681435 1.1849 1.0
WORLDTM 
MAT 0.914271 0.011499 -0.404941 0.0
MAT 0.0763204 0.976808 0.200054 0.0
MAT 0.39785 -0.213808 0.892189 0.0
MAT 3.663 -0.909061 0.571798 1.0
VERTEX = 9
3.1563 -1.20781 0.620931
3.63541 -1.28322 0.499401
3.75634 -0.842778 0.702836
3.27723 -0.767365 0.824366
3.9991 -2.726 3.95987
4.04701 -2.73354 3.94772
4.0591 -2.6895 3.96806
4.01119 -2.68196 3.98022
3.41814 -0.91313 0.441745
INDEX = 14
4 5 7
6 7 5
1 2 5
6 5 2
0 1 4
5 4 1
7 6 3
2 3 6
4 7 0
3 0 7
8 1 0
8 2 1
8 3 2
8 0 3
FACE-NORMAL = 14
0.152741 -0.448655 0.880556
0.152741 -0.448655 0.880556
0.965642 -0.177426 -0.189884
0.965642 -0.177426 -0.189884
-0.232278 -0.906176 -0.353401
-0.232278 -0.906176 -0.353401
0.250574 0.852434 0.458878
0.250574 0.852434 0.458878
-0.947346 0.123684 0.295361
-0.947346 0.123684 0.295361
-0.279025 -0.305634 -0.910348
0.569555 0.210597 -0.794516
0.0630167 0.940127 -0.334947
-0.785564 0.423897 -0.450778
BONE = 16
BONE_NAME = Facial_Eyelid_Lower_R
PARENT_ID = 15
LOCALTM 
MAT -0.222085 -0.250434 0.942317 0.0
MAT -0.0664969 -0.960312 -0.270888 0.0
MAT 0.972757 -0.122821 0.196618 0.0
MAT -0.171258 -0.0486802 -0.212583 1.0
WORLDTM 
MAT 0.152741 -0.448655 0.880556 0.0
MAT -0.24186 -0.880886 -0.40687 0.0
MAT 0.958214 -0.150826 -0.243059 0.0
MAT 3.41814 -0.91313 0.441745 1.0
VERTEX = 9
3.58755 -0.807045 -0.124297
3.71541 -0.375346 0.0931609
3.32951 -0.419638 0.407993
3.20164 -0.851336 0.190535
5.65459 -2.49529 2.52918
5.66737 -2.45212 2.55092
5.62878 -2.45655 2.5824
5.616 -2.49972 2.56066
3.31298 -0.489169 -0.0190816
INDEX = 14
4 5 7
6 7 5
1 2 5
6 5 2
0 1 4
5 4 1
7 6 3
2 3 6
4 7 0
3 0 7
8 1 0
8 2 1
8 3 2
8 0 3
FACE-NORMAL = 14
0.582175 -0.496688 0.643718
0.582175 -0.496688 0.643718
0.290133 0.832099 0.472688
0.290133 0.832099 0.472688
0.805283 0.058676 -0.589979
0.805283 0.058676 -0.589979
-0.735548 -0.118172 0.667087
-0.735548 -0.118172 0.667087
-0.220397 -0.891594 -0.395581
-0.220397 -0.891594 -0.395581
0.134086 0.413849 -0.900416
-0.230836 0.961725 -0.147645
-0.957406 0.288574 -0.00993794
-0.592484 -0.259302 -0.762709
BONE = 17
BONE_NAME = Facial_Eye_R
PARENT_ID = 15
LOCALTM 
MAT 0.265887 -0.311959 0.912133 0.0
MAT 0.96163 0.0194661 -0.273658 0.0
MAT 0.0676145 0.949896 0.305165 0.0
MAT -0.0759144 0.265232 -0.756209 1.0
WORLDTM 
MAT 0.582175 -0.496689 0.643718 0.0
MAT 0.771801 0.0885828 -0.629663 0.0
MAT 0.255724 0.863397 0.434915 0.0
MAT 3.31298 -0.489169 -0.0190816 1.0
VERTEX = 9
3.42522 -1.16028 0.446336
3.76127 -1.07594 0.085841
3.87406 -0.635553 0.294015
3.53801 -0.719895 0.65451
6.27193 -2.58341 2.45499
6.30554 -2.57497 2.41894
6.31681 -2.53093 2.43976
6.28321 -2.53937 2.47581
3.47332 -0.787302 0.231696
INDEX = 14
4 5 7
6 7 5
1 2 5
6 5 2
0 1 4
5 4 1
7 6 3
2 3 6
4 7 0
3 0 7
8 1 0
8 2 1
8 3 2
8 0 3
FACE-NORMAL = 14
0.705263 -0.442467 0.55392
0.705263 -0.442467 0.55392
0.713134 0.141879 -0.686521
0.713134 0.141879 -0.686521
-0.182933 -0.905697 -0.382425
-0.182933 -0.905697 -0.382425
0.267413 0.852696 0.448776
0.267413 0.852696 0.448776
-0.628654 -0.19488 0.752872
-0.628654 -0.19488 0.752872
-0.658204 -0.309932 -0.686083
-0.0234492 0.432148 -0.901498
-0.339188 0.935675 -0.0972781
-0.973943 0.193595 0.118137
BONE = 18
BONE_NAME = Facial_Eyelid_Upper_R
PARENT_ID = 15
LOCALTM 
MAT 0.415408 -0.267566 0.869393 0.0
MAT -0.0477715 -0.960859 -0.27289 0.0
MAT 0.90838 0.0718284 -0.411931 0.0
MAT -0.0342994 0.0364203 -0.404934 1.0
WORLDTM 
MAT 0.705263 -0.442467 0.55392 0.0
MAT -0.225578 -0.880778 -0.416348 0.0
MAT 0.6721 0.168682 -0.72099 0.0
MAT 3.47332 -0.787302 0.231696 1.0
VERTEX = 9
3.70855 -0.142187 1.46589
3.90748 -0.249092 1.91198
3.86932 -0.737496 1.81196
3.67039 -0.630591 1.36586
7.20941 -0.366955 0.103093
7.2293 -0.377645 0.147703
7.22549 -0.426486 0.1377
7.2056 -0.415795 0.0930907
3.56037 -0.442716 1.74016
INDEX = 14
4 5 7
6 7 5
1 2 5
6 5 2
0 1 4
5 4 1
7 6 3
2 3 6
4 7 0
3 0 7
8 1 0
8 2 1
8 3 2
8 0 3
FACE-NORMAL = 14
0.914271 0.011499 -0.404941
0.914271 0.011499 -0.404941
0.451893 -0.212736 0.866335
0.451893 -0.212736 0.866335
0.130941 0.975743 0.175442
0.130941 0.975743 0.175442
-0.0214256 -0.974366 -0.223947
-0.0214256 -0.974366 -0.223947
-0.342378 0.214113 -0.91484
-0.342378 0.214113 -0.91484
-0.59252 0.682577 0.427796
-0.365165 -0.159316 0.917209
-0.700454 -0.698839 0.144877
-0.927809 0.143054 -0.344537
BONE = 19
BONE_NAME = Facial_Dum_Nose
PARENT_ID = 1
LOCALTM 
MAT 1.0 0.0 0.0 0.0
MAT 0.0 1.0 1.63913e-007 0.0
MAT 0.0 -1.49012e-007 1.0 0.0
MAT 0.300345 -4.06802e-006 2.08676 1.0
WORLDTM 
MAT 0.914271 0.011499 -0.404941 0.0
MAT 0.0763204 0.976808 0.200054 0.0
MAT 0.39785 -0.213808 0.892189 0.0
MAT 3.56037 -0.442716 1.74016 1.0
VERTEX = 9
2.58251 -0.0290574 1.34311
2.78143 -0.135962 1.78921
2.74327 -0.624366 1.68918
2.54435 -0.517461 1.24309
6.08337 -0.253825 -0.0196844
6.10326 -0.264515 0.0249251
6.09944 -0.313356 0.0149225
6.07955 -0.302665 -0.029687
2.43432 -0.329586 1.61738
INDEX = 14
4 5 7
6 7 5
1 2 5
6 5 2
0 1 4
5 4 1
7 6 3
2 3 6
4 7 0
3 0 7
8 1 0
8 2 1
8 3 2
8 0 3
FACE-NORMAL = 14
0.914271 0.011499 -0.404941
0.914271 0.011499 -0.404941
0.451893 -0.212736 0.866335
0.451893 -0.212736 0.866335
0.130941 0.975743 0.175442
0.130941 0.975743 0.175442
-0.0214256 -0.974366 -0.223947
-0.0214256 -0.974366 -0.223947
-0.342378 0.214113 -0.91484
-0.342378 0.214113 -0.91484
-0.59252 0.682577 0.427796
-0.365165 -0.159316 0.917209
-0.700454 -0.698839 0.144877
-0.927809 0.143054 -0.344537
BONE = 20
BONE_NAME = Facial_Dum_Jaw
PARENT_ID = 1
LOCALTM 
MAT 1.0 0.0 0.0 0.0
MAT 0.0 1.0 1.63913e-007 0.0
MAT 0.0 -1.49012e-007 1.0 0.0
MAT -0.678146 0.0 1.50503 1.0
WORLDTM 
MAT 0.914271 0.011499 -0.404941 0.0
MAT 0.0763204 0.976808 0.200054 0.0
MAT 0.39785 -0.213808 0.892189 0.0
MAT 2.43432 -0.329586 1.61738 1.0
VERTEX = 9
2.12044 -0.291803 0.321638
2.6187 -0.33348 0.320499
2.65983 0.15557 0.416096
2.16157 0.197247 0.417235
2.31175 -0.805667 4.04496
2.36158 -0.809835 4.04484
2.36569 -0.76093 4.0544
2.31587 -0.756762 4.05451
2.39356 -0.0204375 0.12348
INDEX = 14
4 5 7
6 7 5
1 2 5
6 5 2
0 1 4
5 4 1
7 6 3
2 3 6
4 7 0
3 0 7
8 1 0
8 2 1
8 3 2
8 0 3
FACE-NORMAL = 14
-0.0137099 -0.190715 0.98155
-0.0137099 -0.190715 0.98155
0.993907 -0.0946268 0.0565145
0.993907 -0.0946268 0.0565145
-0.0829238 -0.987767 -0.132063
-0.0829238 -0.987767 -0.132063
0.0812816 0.964922 0.249638
0.0812816 0.964922 0.249638
-0.99555 0.071782 0.06106
-0.99555 0.071782 0.06106
-0.0484654 -0.556765 -0.829255
0.714339 0.0759159 -0.69567
0.0678542 0.826477 -0.558866
-0.69495 0.193796 -0.69245
BONE = 21
BONE_NAME = Facial_Jaw
PARENT_ID = 20
LOCALTM 
MAT -0.412197 0.0090241 0.91105 0.0
MAT -0.0090241 -0.999942 0.00582169 0.0
MAT 0.91105 -0.00582173 0.412254 0.0
MAT 0.571231 7.689e-006 -1.41516 1.0
WORLDTM 
MAT -0.0137099 -0.190715 0.98155 0.0
MAT -0.0822503 -0.9781 -0.191194 0.0
MAT 0.996517 -0.083354 -0.00227682 0.0
MAT 2.39356 -0.0204375 0.12348 1.0
VERTEX = 9
2.19042 -0.617412 1.95727
2.68868 -0.659088 1.95613
2.72981 -0.170038 2.05173
2.23155 -0.128362 2.05287
2.38174 -1.13127 5.68059
2.43156 -1.13544 5.68047
2.43567 -1.08653 5.69003
2.38585 -1.08237 5.69015
2.46354 -0.346047 1.75911
INDEX = 14
4 5 7
6 7 5
1 2 5
6 5 2
0 1 4
5 4 1
7 6 3
2 3 6
4 7 0
3 0 7
8 1 0
8 2 1
8 3 2
8 0 3
FACE-NORMAL = 14
-0.0137097 -0.190714 0.98155
-0.0137097 -0.190714 0.98155
0.993908 -0.0946248 0.0565148
0.993908 -0.0946248 0.0565148
-0.0829219 -0.987767 -0.132062
-0.0829219 -0.987767 -0.132062
0.0812797 0.964922 0.249637
0.0812797 0.964922 0.249637
-0.99555 0.0717802 0.0610598
-0.99555 0.0717802 0.0610598
-0.0484642 -0.556766 -0.829254
0.714338 0.0759163 -0.69567
0.0678526 0.826477 -0.558867
-0.69495 0.193794 -0.692451
BONE = 22
BONE_NAME = Facial_Dum_Lowerlip
PARENT_ID = 21
LOCALTM 
MAT 1.0 -1.2815e-006 1.49012e-007 0.0
MAT 1.2666e-006 1.0 1.8999e-006 0.0
MAT -1.50874e-007 -1.90735e-006 1.0 0.0
MAT 1.66659 0.0 0.0931537 1.0
WORLDTM 
MAT -0.0137097 -0.190714 0.98155 0.0
MAT -0.0822484 -0.9781 -0.191193 0.0
MAT 0.996518 -0.0833521 -0.0022766 0.0
MAT 2.46354 -0.346047 1.75911 1.0
VERTEX = 9
3.10369 -0.292268 1.77928
2.65664 -0.269294 2.00203
2.53156 -0.707466 1.79621
2.97861 -0.73044 1.57346
4.23936 -2.27719 4.76827
4.19465 -2.27489 4.79055
4.18215 -2.31871 4.76996
4.22685 -2.32101 4.74769
2.72475 -0.379995 1.58899
INDEX = 14
4 5 7
6 7 5
1 2 5
6 5 2
0 1 4
5 4 1
7 6 3
2 3 6
4 7 0
3 0 7
8 1 0
8 2 1
8 3 2
8 0 3
FACE-NORMAL = 14
0.371501 -0.479489 0.795033
0.371501 -0.479489 0.795033
-0.870245 0.0171484 0.492321
-0.870245 0.0171484 0.492321
0.271946 0.846053 0.458519
0.271946 0.846053 0.458519
-0.227446 -0.903489 -0.363286
-0.227446 -0.903489 -0.363286
0.914745 -0.0745838 -0.397088
0.914745 -0.0745838 -0.397088
-0.0858114 0.958719 -0.271099
-0.894915 0.371541 -0.247154
-0.43957 -0.280619 -0.853247
0.369533 0.30656 -0.877192
BONE = 23
BONE_NAME = Facial_Lip_Lower_R
PARENT_ID = 22
LOCALTM 
MAT 0.866717 0.286429 0.408364 0.0
MAT 0.233486 -0.956429 0.175292 0.0
MAT 0.44078 -0.0565812 -0.895831 0.0
MAT -0.164092 0.0442471 0.263513 1.0
WORLDTM 
MAT 0.371501 -0.479489 0.795033 0.0
MAT 0.250145 0.876344 0.411641 0.0
MAT -0.8941 0.0459486 0.445505 0.0
MAT 2.72475 -0.379995 1.58899 1.0
VERTEX = 9
2.96404 -0.0896336 1.56459
2.51931 -0.104692 1.79261
2.4859 -0.59396 1.69514
2.93063 -0.578902 1.46712
4.44433 -1.08107 4.87964
4.39985 -1.08257 4.90244
4.39651 -1.1315 4.8927
4.44099 -1.12999 4.86989
2.61194 -0.290831 1.41278
INDEX = 14
4 5 7
6 7 5
1 2 5
6 5 2
0 1 4
5 4 1
7 6 3
2 3 6
4 7 0
3 0 7
8 1 0
8 2 1
8 3 2
8 0 3
FACE-NORMAL = 14
0.45212 -0.203863 0.868347
0.45212 -0.203863 0.868347
-0.860776 -0.0422731 0.507226
-0.860776 -0.0422731 0.507226
0.0937753 0.96457 0.2466
0.0937753 0.96457 0.2466
-0.0396183 -0.988989 -0.142585
-0.0396183 -0.988989 -0.142585
0.914933 0.0178535 -0.403212
0.914933 0.0178535 -0.403212
-0.272451 0.836082 -0.476169
-0.948634 0.122857 -0.291547
-0.366944 -0.547777 -0.75186
0.309239 0.165449 -0.936482
BONE = 24
BONE_NAME = Facial_Lip_Lower_C
PARENT_ID = 22
LOCALTM 
MAT 0.885007 -0.00380938 0.465561 0.0
MAT 0.00380938 -0.999874 -0.0154228 0.0
MAT 0.465562 0.0154227 -0.884881 0.0
MAT -0.352506 3.93391e-006 0.144066 1.0
WORLDTM 
MAT 0.45212 -0.203863 0.868347 0.0
MAT 0.0668167 0.978536 0.194943 0.0
MAT -0.889451 -0.0301174 0.456038 0.0
MAT 2.61194 -0.290831 1.41278 1.0
VERTEX = 9
2.63532 -0.538494 1.94917
3.08687 -0.503805 1.73727
3.03824 -0.00667176 1.71504
2.5867 -0.0413611 1.92694
4.38524 0.00597739 5.23628
4.4304 0.00944632 5.21509
4.42554 0.0591596 5.21287
4.38038 0.0556907 5.23406
2.73221 -0.292926 1.60594
INDEX = 14
4 5 7
6 7 5
1 2 5
6 5 2
0 1 4
5 4 1
7 6 3
2 3 6
4 7 0
3 0 7
8 1 0
8 2 1
8 3 2
8 0 3
FACE-NORMAL = 14
0.418296 0.0813737 0.904658
0.418296 0.0813737 0.904658
0.926521 0.0741278 -0.368868
0.926521 0.0741278 -0.368868
0.122129 -0.987607 0.0985691
0.122129 -0.987607 0.0985692
-0.0720239 0.997355 0.00979497
-0.0720239 0.997355 0.00979496
-0.876416 -0.0643805 0.477232
-0.876416 -0.0643805 0.477232
-0.227013 -0.760592 -0.608247
0.342801 -0.00848174 -0.93937
-0.364547 0.645512 -0.671133
-0.934361 -0.106598 -0.34001
BONE = 25
BONE_NAME = Facial_Lip_Lower_L
PARENT_ID = 22
LOCALTM 
MAT 0.866714 -0.28696 0.407997 0.0
MAT 0.231934 0.955992 0.179685 0.0
MAT -0.441604 -0.0611075 0.895127 0.0
MAT -0.164158 -0.0447693 0.263649 1.0
WORLDTM 
MAT 0.418296 0.0813737 0.904658 0.0
MAT 0.0972512 -0.994266 0.0444669 0.0
MAT 0.90309 0.0693787 -0.423811 0.0
MAT 2.73221 -0.292926 1.60594 1.0
VERTEX = 9
3.00352 -0.0311027 1.19249
3.20245 -0.138007 1.63858
3.16428 -0.626411 1.53855
2.96536 -0.519507 1.09246
6.50438 -0.25587 -0.17031
6.52427 -0.26656 -0.1257
6.52046 -0.315401 -0.135703
6.50056 -0.30471 -0.180312
2.85533 -0.331632 1.46676
INDEX = 14
4 5 7
6 7 5
1 2 5
6 5 2
0 1 4
5 4 1
7 6 3
2 3 6
4 7 0
3 0 7
8 1 0
8 2 1
8 3 2
8 0 3
FACE-NORMAL = 14
0.914271 0.011499 -0.404941
0.914271 0.011499 -0.404941
0.451893 -0.212736 0.866335
0.451893 -0.212736 0.866335
0.130941 0.975743 0.175442
0.130941 0.975743 0.175442
-0.0214256 -0.974366 -0.223947
-0.0214256 -0.974366 -0.223947
-0.342378 0.214113 -0.91484
-0.342378 0.214113 -0.91484
-0.59252 0.682577 0.427796
-0.365165 -0.159316 0.917209
-0.700454 -0.698839 0.144877
-0.927809 0.143054 -0.344537
BONE = 26
BONE_NAME = Facial_Dum_Upperlip
PARENT_ID = 1
LOCALTM 
MAT 1.0 0.0 0.0 0.0
MAT 0.0 1.0 1.63913e-007 0.0
MAT 0.0 -1.49012e-007 1.0 0.0
MAT -0.232255 8.19564e-007 1.53858 1.0
WORLDTM 
MAT 0.914271 0.011499 -0.404941 0.0
MAT 0.0763204 0.976808 0.200054 0.0
MAT 0.39785 -0.213808 0.892189 0.0
MAT 2.85533 -0.331632 1.46676 1.0
VERTEX = 9
3.32933 -0.323601 1.70649
2.84886 -0.225617 1.80416
2.72273 -0.680907 1.64045
3.20321 -0.778891 1.54278
3.48277 -1.84911 5.1435
3.43472 -1.83931 5.15327
3.42211 -1.88484 5.1369
3.47015 -1.89463 5.12713
2.9976 -0.411273 1.44235
INDEX = 14
4 5 7
6 7 5
1 2 5
6 5 2
0 1 4
5 4 1
7 6 3
2 3 6
4 7 0
3 0 7
8 1 0
8 2 1
8 3 2
8 0 3
FACE-NORMAL = 14
0.113708 -0.363925 0.924462
0.113708 -0.363925 0.924462
-0.952422 0.17382 0.250359
-0.952422 0.17382 0.250359
0.258612 0.887149 0.382213
0.258612 0.887149 0.382213
-0.244991 -0.930741 -0.271477
-0.244991 -0.930741 -0.271477
0.966042 -0.217412 -0.139623
0.966042 -0.217412 -0.139623
0.0979671 0.901211 -0.422163
-0.759903 0.395904 -0.515566
-0.258774 -0.386544 -0.885223
0.599096 0.118763 -0.791821
BONE = 27
BONE_NAME = Facial_Lip_Upper_R
PARENT_ID = 26
LOCALTM 
MAT -0.274577 -0.161864 0.947844 0.0
MAT 0.108509 0.974218 0.197802 0.0
MAT -0.955423 0.157161 -0.249934 0.0
MAT 0.139038 -0.0718181 0.0518577 1.0
WORLDTM 
MAT 0.113708 -0.363925 0.924462 0.0
MAT 0.252254 0.91058 0.327433 0.0
MAT -0.960957 0.195968 0.195342 0.0
MAT 2.9976 -0.411273 1.44235 1.0
VERTEX = 9
2.78054 -0.629436 1.71222
3.26543 -0.644093 1.59113
3.30429 -0.15501 1.6875
2.81939 -0.140353 1.8086
3.88342 -1.1875 5.26693
3.93191 -1.18896 5.25482
3.9358 -1.14006 5.26446
3.88731 -1.13859 5.27657
2.9846 -0.340786 1.46214
INDEX = 14
4 5 7
6 7 5
1 2 5
6 5 2
0 1 4
5 4 1
7 6 3
2 3 6
4 7 0
3 0 7
8 1 0
8 2 1
8 3 2
8 0 3
FACE-NORMAL = 14
0.231253 -0.205748 0.950889
0.231253 -0.205748 0.950889
0.981895 -0.0415843 -0.184806
0.981895 -0.0415843 -0.184806
-0.0637151 -0.988733 -0.135455
-0.0637151 -0.988733 -0.135455
0.0914157 0.964087 0.249357
0.0914157 0.964087 0.249357
-0.954194 0.0169389 0.298708
-0.954194 0.0169389 0.298708
-0.218466 -0.546182 -0.808676
0.522221 0.124757 -0.843635
-0.108575 0.837153 -0.536084
-0.849263 0.166214 -0.501125
BONE = 28
BONE_NAME = Facial_Lip_Upper_C
PARENT_ID = 26
LOCALTM 
MAT -0.175991 0.00690213 0.984367 0.0
MAT -0.00423808 -0.999971 0.00625387 0.0
MAT 0.984383 -0.00307121 0.176016 0.0
MAT 0.119947 -2.08616e-007 0.0492654 1.0
WORLDTM 
MAT 0.231253 -0.205748 0.950889 0.0
MAT -0.0777049 -0.978166 -0.192752 0.0
MAT 0.969785 -0.0293142 -0.242192 0.0
MAT 2.9846 -0.340786 1.46214 1.0
VERTEX = 9
2.82424 -0.558801 1.73646
3.31653 -0.50177 1.67013
3.26312 -0.0055528 1.7004
2.77083 -0.0625841 1.76673
3.54133 -0.480176 5.43015
3.59056 -0.474473 5.42352
3.58522 -0.424851 5.42655
3.53599 -0.430554 5.43318
3.00904 -0.270821 1.4711
INDEX = 14
4 5 7
6 7 5
1 2 5
6 5 2
0 1 4
5 4 1
7 6 3
2 3 6
4 7 0
3 0 7
8 1 0
8 2 1
8 3 2
8 0 3
FACE-NORMAL = 14
0.138558 -0.0454231 0.989312
0.138558 -0.0454231 0.989312
0.991108 0.111137 -0.0731677
0.991108 0.111137 -0.0731677
0.114925 -0.993374 -0.00116611
0.114925 -0.993374 -0.0011661
-0.0983275 0.987933 0.11967
-0.0983275 0.987933 0.11967
-0.974511 -0.116578 0.191672
-0.974511 -0.116578 0.191672
-0.0224437 -0.669638 -0.742348
0.598226 0.112773 -0.793353
-0.173507 0.733876 -0.65675
-0.794176 -0.0485355 -0.605746
BONE = 29
BONE_NAME = Facial_Lip_Upper_L
PARENT_ID = 26
LOCALTM 
MAT -0.274455 0.164121 0.947491 0.0
MAT 0.110758 -0.973374 0.200687 0.0
MAT 0.9552 0.160022 0.24897 0.0
MAT 0.139467 0.0719999 0.052026 1.0
WORLDTM 
MAT 0.138558 -0.0454231 0.989312 0.0
MAT 0.106818 -0.992435 -0.0605269 0.0
MAT 0.984577 0.114063 -0.132658 0.0
MAT 3.00904 -0.270821 1.4711 1.0
VERTEX = 9
3.18174 -0.449688 1.66836
2.72934 -0.401701 1.87581
2.55259 -0.757971 1.57278
3.00498 -0.805958 1.36533
3.78915 -3.1948 4.17019
3.74391 -3.19 4.19094
3.72623 -3.22563 4.16063
3.77147 -3.23043 4.13989
2.80779 -0.430071 1.45091
INDEX = 14
4 5 7
6 7 5
1 2 5
6 5 2
0 1 4
5 4 1
7 6 3
2 3 6
4 7 0
3 0 7
8 1 0
8 2 1
8 3 2
8 0 3
FACE-NORMAL = 14
0.237474 -0.695036 0.678624
0.237474 -0.695036 0.678624
-0.888939 0.054174 0.45481
-0.888939 0.054174 0.45481
0.367096 0.669634 0.645624
0.367096 0.669634 0.645624
-0.338651 -0.752889 -0.564335
-0.338651 -0.752889 -0.564335
0.917385 -0.137429 -0.373522
0.917385 -0.137429 -0.373522
0.0820483 0.995307 -0.0513053
-0.8077 0.559328 -0.186473
-0.417888 -0.0123776 -0.908414
0.471861 0.423601 -0.773246
BONE = 30
BONE_NAME = Facial_Lip_Out_R
PARENT_ID = 26
LOCALTM 
MAT -0.065679 -0.525031 0.848545 0.0
MAT 0.0859742 0.844241 0.529023 0.0
MAT -0.99413 0.107699 -0.0103097 0.0
MAT -0.038183 -0.102954 -0.012002 1.0
WORLDTM 
MAT 0.237474 -0.695036 0.678624 0.0
MAT 0.353508 0.712541 0.606068 0.0
MAT -0.904786 0.0959736 0.414911 0.0
MAT 2.80779 -0.430071 1.45091 1.0
VERTEX = 9
2.72867 -0.409048 1.87427
3.18932 -0.351968 1.68841
3.07717 0.116482 1.55433
2.61652 0.059401 1.74019
4.07669 1.06657 5.06318
4.12275 1.07228 5.0446
4.11154 1.11912 5.03119
4.06547 1.11342 5.04978
2.82351 -0.228892 1.49211
INDEX = 14
4 5 7
6 7 5
1 2 5
6 5 2
0 1 4
5 4 1
7 6 3
2 3 6
4 7 0
3 0 7
8 1 0
8 2 1
8 3 2
8 0 3
FACE-NORMAL = 14
0.317651 0.330435 0.888769
0.317651 0.330435 0.888769
0.938669 0.133747 -0.317824
0.938669 0.133747 -0.317824
0.242916 -0.915427 0.320914
0.242916 -0.915427 0.320914
-0.204866 0.955008 -0.214454
-0.204866 0.955008 -0.214454
-0.900619 -0.0941663 0.424285
-0.900619 -0.0941664 0.424285
-0.0660139 -0.89614 -0.438833
0.426843 -0.152928 -0.891301
-0.383213 0.428835 -0.818076
-0.876069 -0.314377 -0.365608
BONE = 31
BONE_NAME = Facial_Lip_Out_L
PARENT_ID = 26
LOCALTM 
MAT -0.0656799 0.524816 0.848678 0.0
MAT 0.0857003 -0.844405 0.528806 0.0
MAT 0.994154 0.107464 0.0104834 0.0
MAT -0.0381819 0.103 -0.012008 1.0
WORLDTM 
MAT 0.317651 0.330435 0.888769 0.0
MAT 0.224293 -0.936899 0.268165 0.0
MAT 0.921298 0.114162 -0.371721 0.0
MAT 2.82351 -0.228892 1.49211 1.0
VERTEX = 9
3.08208 1.97106 -0.537518
3.28101 1.86415 -0.0914229
3.24285 1.37575 -0.19145
3.04392 1.48266 -0.637544
6.58294 1.74629 -1.90031
6.60284 1.7356 -1.8557
6.59902 1.68676 -1.86571
6.57913 1.69745 -1.91032
2.9339 1.67053 -0.263249
INDEX = 14
4 5 7
6 7 5
1 2 5
6 5 2
0 1 4
5 4 1
7 6 3
2 3 6
4 7 0
3 0 7
8 1 0
8 2 1
8 3 2
8 0 3
FACE-NORMAL = 14
0.914271 0.011499 -0.404941
0.914271 0.011499 -0.404941
0.451893 -0.212736 0.866335
0.451893 -0.212736 0.866335
0.130941 0.975743 0.175442
0.130941 0.975743 0.175442
-0.0214257 -0.974366 -0.223948
-0.0214257 -0.974366 -0.223948
-0.342378 0.214114 -0.91484
-0.342378 0.214114 -0.91484
-0.59252 0.682576 0.427796
-0.365165 -0.159317 0.917209
-0.700454 -0.698838 0.144877
-0.927809 0.143054 -0.344537
BONE = 32
BONE_NAME = Facial_Dum_Ear_L
PARENT_ID = 1
LOCALTM 
MAT 1.0 0.0 0.0 0.0
MAT 0.0 1.0 3.12924e-007 0.0
MAT 0.0 -3.27826e-007 1.0 0.0
MAT 0.563145 1.61563 -0.401731 1.0
WORLDTM 
MAT 0.914271 0.011499 -0.404941 0.0
MAT 0.0763205 0.976808 0.200054 0.0
MAT 0.39785 -0.213809 0.892189 0.0
MAT 2.9339 1.67053 -0.263249 1.0
VERTEX = 9
2.83544 -1.18569 -1.18402
3.03436 -1.29259 -0.73793
2.9962 -1.781 -0.837957
2.79728 -1.67409 -1.28405
6.3363 -1.41046 -2.54682
6.35619 -1.42115 -2.50221
6.35237 -1.46999 -2.51221
6.33248 -1.4593 -2.55682
2.68725 -1.48622 -0.909756
INDEX = 14
4 5 7
6 7 5
1 2 5
6 5 2
0 1 4
5 4 1
7 6 3
2 3 6
4 7 0
3 0 7
8 1 0
8 2 1
8 3 2
8 0 3
FACE-NORMAL = 14
0.914271 0.011499 -0.404941
0.914271 0.011499 -0.404941
0.451893 -0.212736 0.866335
0.451893 -0.212736 0.866335
0.130941 0.975743 0.175442
0.130941 0.975743 0.175442
-0.0214257 -0.974366 -0.223948
-0.0214257 -0.974366 -0.223948
-0.342378 0.214113 -0.91484
-0.342378 0.214113 -0.91484
-0.59252 0.682576 0.427796
-0.365165 -0.159317 0.917209
-0.700454 -0.698839 0.144877
-0.927809 0.143054 -0.344537
BONE = 33
BONE_NAME = Facial_Dum_Ear_R
PARENT_ID = 1
LOCALTM 
MAT 1.0 0.0 0.0 0.0
MAT 0.0 1.0 2.98023e-007 0.0
MAT 0.0 -3.12924e-007 1.0 0.0
MAT 0.563142 -1.61607 -0.401727 1.0
WORLDTM 
MAT 0.914271 0.011499 -0.404941 0.0
MAT 0.0763205 0.976808 0.200054 0.0
MAT 0.39785 -0.213809 0.892189 0.0
MAT 2.68725 -1.48622 -0.909756 1.0
ANIMATION_COUNT = 34
TRACK_ID = 0
TRACK_NAME = Dummy_Neck
ANI_RANGE = 0f 24f
KEY_POS = 1
FRAME_POS 0f 0.0 1.90735e-006 0.0 
KEY_ROT = 1
FRAME_ROT 0f 0.0 0.0 0.0 1.0
KEY_SCALE = 1
FRAME_SCALE 0f 1.0 1.0 1.0 
TRACK_ID = 1
TRACK_NAME = Dummy_Face
ANI_RANGE = 0f 24f
KEY_POS = 1
FRAME_POS 0f 2.45555 -1.90735e-006 -4.17233e-007 
KEY_ROT = 25
FRAME_ROT 0f 0.0 0.0 0.0 1.0
FRAME_ROT 1f 0.0292897 -0.00027202 -0.01231 0.999495
FRAME_ROT 2f 0.0568131 -0.00324007 -0.0259684 0.998042
FRAME_ROT 3f 0.0813382 -0.00830886 -0.0397665 0.995858
FRAME_ROT 4f 0.101942 -0.0146183 -0.0526236 0.99329
FRAME_ROT 5f 0.117744 -0.0212382 -0.0639618 0.990754
FRAME_ROT 6f 0.128324 -0.0274148 -0.0743261 0.988563
FRAME_ROT 7f 0.133281 -0.0324516 -0.0846808 0.986921
FRAME_ROT 8f 0.130947 -0.0357081 -0.0947526 0.986205
FRAME_ROT 9f 0.120463 -0.0365634 -0.102403 0.986745
FRAME_ROT 10f 0.103789 -0.034974 -0.105913 0.988325
FRAME_ROT 11f 0.0826857 -0.0314038 -0.103891 0.990648
FRAME_ROT 12f 0.0584752 -0.0268306 -0.0969547 0.993207
FRAME_ROT 13f 0.0324654 -0.0222095 -0.0862151 0.9955
FRAME_ROT 14f 0.00601171 -0.0183154 -0.0729614 0.997148
FRAME_ROT 15f -0.0193953 -0.0154315 -0.0585167 0.997979
FRAME_ROT 16f -0.0421611 -0.013512 -0.0442176 0.99804
FRAME_ROT 17f -0.0607622 -0.0121351 -0.0312156 0.99759
FRAME_ROT 18f -0.0737685 -0.0109347 -0.0195476 0.997024
FRAME_ROT 19f -0.0797109 -0.00958027 -0.0089176 0.996732
FRAME_ROT 20f -0.0771691 -0.0078892 0.000836932 0.996986
FRAME_ROT 21f -0.0660963 -0.00566909 0.00828316 0.997763
FRAME_ROT 22f -0.0483325 -0.00310723 0.0111187 0.998765
FRAME_ROT 23f -0.025913 -0.000955145 0.00805515 0.999631
FRAME_ROT 24f -0.000512983 -1.70533e-005 -4.99246e-005 1.0
KEY_SCALE = 1
FRAME_SCALE 0f 1.0 1.0 1.0 
TRACK_ID = 2
TRACK_NAME = Facial_Eyebrow_R
ANI_RANGE = 0f 24f
KEY_POS = 1
FRAME_POS 0f 1.39924 -0.862387 0.784828 
KEY_ROT = 1
FRAME_ROT 0f 0.0 0.0 0.0 1.0
KEY_SCALE = 1
FRAME_SCALE 0f 1.0 1.0 1.0 
TRACK_ID = 3
TRACK_NAME = Facial_Nose
ANI_RANGE = 0f 24f
KEY_POS = 1
FRAME_POS 0f 0.18276 6.70552e-007 1.62593 
KEY_ROT = 1
FRAME_ROT 0f 0.0 0.0 0.0 1.0
KEY_SCALE = 1
FRAME_SCALE 0f 1.0 1.0 1.0 
TRACK_ID = 4
TRACK_NAME = Facial_Glabella_R
ANI_RANGE = 0f 24f
KEY_POS = 1
FRAME_POS 0f 1.49476 -0.00608043 0.802207 
KEY_ROT = 25
FRAME_ROT 0f 0.0 0.0 0.0 1.0
FRAME_ROT 1f 0.000984865 0.00279931 0.000655866 0.999995
