EXPORTER_V17
ANIMATION_EXPORT
BONEOBJECT_COUNT = 94
VERTEX = 9
0.250001 19.808 -0.204433
0.250001 19.808 0.295567
0.250001 19.308 0.295567
0.250001 19.308 -0.204433
4.0 19.583 0.020567
4.0 19.583 0.070567
4.0 19.533 0.070567
4.0 19.533 0.020567
9.2913e-007 19.558 0.045567
INDEX = 14
4 5 7
6 7 5
1 2 5
6 5 2
0 1 4
5 4 1
7 6 3
2 3 6
4 7 0
3 0 7
8 1 0
8 2 1
8 3 2
8 0 3
FACE-NORMAL = 14
1.0 0.0 0.0
1.0 0.0 0.0
0.0598923 0.0 0.998205
0.0598923 0.0 0.998205
0.0598923 0.998205 0.0
0.0598923 0.998205 0.0
0.0598923 -0.998205 0.0
0.0598923 -0.998205 0.0
0.0598923 0.0 -0.998205
0.0598923 0.0 -0.998205
-0.707107 0.707107 0.0
-0.707107 0.0 0.707107
-0.707107 -0.707107 0.0
-0.707107 0.0 -0.707107
BONE = 0
BONE_NAME = Dummy_root
PARENT_ID = -1
LOCALTM 
MAT 1.0 0.0 0.0 0.0
MAT 0.0 1.0 0.0 0.0
MAT 0.0 0.0 1.0 0.0
MAT 9.2913e-007 19.558 0.045567 1.0
WORLDTM 
MAT 1.0 0.0 0.0 0.0
MAT 0.0 1.0 0.0 0.0
MAT 0.0 0.0 1.0 0.0
MAT 9.2913e-007 19.558 0.045567 1.0
VERTEX = 9
-0.381342 19.2826 -0.363071
-0.207759 19.3909 0.0931499
-0.122433 18.9052 0.175985
-0.296016 18.7969 -0.280236
3.19322 19.481 -1.52364
3.21057 19.4918 -1.47802
3.21911 19.4433 -1.46973
3.20175 19.4324 -1.51536
-0.482424 19.0693 0.0
INDEX = 14
4 5 7
6 7 5
1 2 5
6 5 2
0 1 4
5 4 1
7 6 3
2 3 6
4 7 0
3 0 7
8 1 0
8 2 1
8 3 2
8 0 3
FACE-NORMAL = 14
0.922146 0.0981954 -0.374171
0.922146 0.0981954 -0.374171
0.401772 0.222117 0.888393
0.401772 0.222117 0.888393
-0.115117 0.975441 -0.187783
-0.115117 0.975441 -0.187783
0.225576 -0.963679 0.142963
0.225576 -0.963679 0.142963
-0.291313 -0.210355 -0.933213
-0.291314 -0.210355 -0.933213
-0.772725 0.617381 0.147433
-0.406572 0.0837425 0.909773
-0.531386 -0.75625 0.381726
-0.897539 -0.222612 -0.380614
BONE = 1
BONE_NAME = Bip01
PARENT_ID = 0
LOCALTM 
MAT 0.922146 0.0981954 -0.374171 0.0
MAT -0.170653 0.971304 -0.16567 0.0
MAT 0.347166 0.216625 0.912441 0.0
MAT -0.482425 -0.488665 -0.0455671 1.0
WORLDTM 
MAT 0.922146 0.0981954 -0.374171 0.0
MAT -0.170653 0.971304 -0.16567 0.0
MAT 0.347166 0.216625 0.912441 0.0
MAT -0.482424 19.0693 0.0 1.0
VERTEX = 9
-0.668833 19.3418 0.280235
-0.207759 19.3909 0.0931499
-0.381341 19.2826 -0.363071
-0.842415 19.2335 -0.175986
-1.17941 22.9575 -0.63052
-1.1333 22.9624 -0.649229
-1.15066 22.9516 -0.694851
-1.19677 22.9467 -0.676142
-0.482424 19.0693 0.0
INDEX = 14
4 5 7
6 7 5
1 2 5
6 5 2
0 1 4
5 4 1
7 6 3
2 3 6
4 7 0
3 0 7
8 1 0
8 2 1
8 3 2
8 0 3
FACE-NORMAL = 14
-0.170653 0.971304 -0.165671
-0.170653 0.971304 -0.165671
0.91027 0.156193 -0.383421
0.91027 0.156193 -0.383421
0.33632 0.274411 0.900881
0.33632 0.274411 0.900881
-0.356762 -0.158064 -0.920726
-0.356762 -0.158064 -0.920726
-0.930712 -0.0398459 0.363576
-0.930712 -0.0398459 0.363576
0.366152 -0.533637 0.762341
0.772726 -0.61738 -0.147431
-0.124813 -0.839993 -0.528046
-0.531386 -0.75625 0.381725
BONE = 2
BONE_NAME = Bip01-Pelvis
PARENT_ID = 1
LOCALTM 
MAT 0.0 1.0 -1.49012e-006 0.0
MAT -1.49198e-006 1.54972e-006 1.0 0.0
MAT 1.0 0.0 1.55345e-006 0.0
MAT 0.0 0.0 0.0 1.0
WORLDTM 
MAT -0.170653 0.971303 -0.165671 0.0
MAT 0.347164 0.216627 0.912441 0.0
MAT 0.922147 0.0981958 -0.37417 0.0
MAT -0.482424 19.0693 0.0 1.0
VERTEX = 9
-0.402095 21.2585 -0.276306
0.0590454 21.3072 -0.463326
-0.114539 21.1989 -0.919546
-0.575679 21.1502 -0.732526
-0.909887 24.8743 -1.18814
-0.863773 24.8792 -1.20684
-0.881132 24.8684 -1.25247
-0.927246 24.8635 -1.23376
-0.215837 20.9858 -0.556434
INDEX = 14
4 5 7
6 7 5
1 2 5
6 5 2
0 1 4
5 4 1
7 6 3
2 3 6
4 7 0
3 0 7
8 1 0
8 2 1
8 3 2
8 0 3
FACE-NORMAL = 14
-0.169918 0.971382 -0.165968
-0.169918 0.971382 -0.165968
0.910448 0.155425 -0.38331
0.910448 0.155425 -0.38331
0.336369 0.274415 0.900862
0.336369 0.274415 0.900862
-0.356722 -0.158058 -0.920743
-0.356722 -0.158058 -0.920743
-0.930802 -0.0390683 0.36343
-0.930802 -0.0390683 0.36343
0.365635 -0.533693 0.76255
0.772301 -0.617983 -0.147131
-0.125335 -0.840048 -0.527836
-0.532001 -0.755758 0.381844
BONE = 3
BONE_NAME = Bip01-Spine
PARENT_ID = 2
LOCALTM 
MAT 1.0 1.71363e-006 0.000796214 0.0
MAT -1.65403e-006 1.0 4.07174e-006 0.0
MAT -0.000796184 -4.03449e-006 1.0 0.0
MAT 1.90819 -4.76837e-007 0.642225 1.0
WORLDTM 
MAT -0.169918 0.971382 -0.165968 0.0
MAT 0.347168 0.216625 0.91244 0.0
MAT 0.922281 0.0974215 -0.374042 0.0
MAT -0.215837 20.9858 -0.556434 1.0
VERTEX = 9
-0.452191 21.3681 -0.314818
0.0253607 21.4197 -0.453691
-0.100124 21.3114 -0.925417
-0.577675 21.2598 -0.786544
-0.884237 24.9831 -1.26827
-0.836482 24.9883 -1.28216
-0.84903 24.9774 -1.32933
-0.896785 24.9723 -1.31544
-0.236792 21.0971 -0.574872
INDEX = 14
4 5 7
6 7 5
1 2 5
6 5 2
0 1 4
5 4 1
7 6 3
2 3 6
4 7 0
3 0 7
8 1 0
8 2 1
8 3 2
8 0 3
FACE-NORMAL = 14
-0.15746 0.970799 -0.180982
-0.15746 0.970799 -0.180982
0.943957 0.161094 -0.288086
0.943957 0.161094 -0.288086
0.241088 0.274345 0.930919
0.241088 0.274345 0.930919
-0.25995 -0.158059 -0.952598
-0.25995 -0.158059 -0.952598
-0.962819 -0.0448069 0.266407
-0.962819 -0.0448069 0.266407
0.288803 -0.533306 0.795096
0.786701 -0.613531 -0.0684217
-0.0661208 -0.839612 -0.539148
-0.564018 -0.759387 0.32437
BONE = 4
BONE_NAME = Bip01-Spine1
PARENT_ID = 3
LOCALTM 
MAT 0.99981 -0.00950134 0.0170489 0.0
MAT 0.0111654 0.994892 -0.100326 0.0
MAT -0.0160086 0.100497 0.994809 0.0
MAT 0.114681 2.38419e-007 -0.00159216 1.0
WORLDTM 
MAT -0.15746 0.970799 -0.180982 0.0
MAT 0.250969 0.216591 0.943452 0.0
MAT 0.955102 0.103135 -0.277745 0.0
MAT -0.236792 21.0971 -0.574872 1.0
VERTEX = 9
-0.809111 23.2588 -0.66467
-0.332203 23.3709 -0.764642
-0.419018 23.305 -1.25262
-0.895927 23.1929 -1.15265
-1.55278 26.9006 -1.25438
-1.50509 26.9118 -1.26438
-1.51377 26.9052 -1.31318
-1.56146 26.894 -1.30318
-0.552784 23.0405 -0.936971
INDEX = 14
4 5 7
6 7 5
1 2 5
6 5 2
0 1 4
5 4 1
7 6 3
2 3 6
4 7 0
3 0 7
8 1 0
8 2 1
8 3 2
8 0 3
FACE-NORMAL = 14
-0.245122 0.965607 -0.0867023
-0.245122 0.965607 -0.0867023
0.937424 0.281606 -0.204778
0.937424 0.281606 -0.204778
0.158639 0.189305 0.969019
0.158639 0.189305 0.969019
-0.188001 -0.0736402 -0.979404
-0.188001 -0.0736402 -0.979404
-0.966786 -0.165941 0.194393
-0.966786 -0.165941 0.194393
0.296103 -0.589655 0.751418
0.847778 -0.524271 -0.0800744
0.0505517 -0.77592 -0.628803
-0.501123 -0.841304 0.20269
BONE = 5
BONE_NAME = Bip01-Spine2
PARENT_ID = 4
LOCALTM 
MAT 0.9917 0.0658239 -0.110447 0.0
MAT -0.0761094 0.992879 -0.0916498 0.0
MAT 0.103628 0.0992952 0.989647 0.0
MAT 2.00197 0.0 -0.000797272 1.0
WORLDTM 
MAT -0.245122 0.965607 -0.0867022 0.0
MAT 0.173631 0.131709 0.975964 0.0
MAT 0.953817 0.224176 -0.199945 0.0
MAT -0.552784 23.0405 -0.936971 1.0
VERTEX = 9
-1.08989 24.1801 -0.75089
-0.618608 24.3365 -0.809324
-0.67083 24.3084 -1.30579
-1.14211 24.1519 -1.24736
-2.09104 27.7933 -1.07682
-2.04391 27.8089 -1.08266
-2.04913 27.8061 -1.13231
-2.09626 27.7904 -1.12647
-0.801047 24.0072 -1.02326
INDEX = 14
4 5 7
6 7 5
1 2 5
6 5 2
0 1 4
5 4 1
7 6 3
2 3 6
4 7 0
3 0 7
8 1 0
8 2 1
8 3 2
8 0 3
FACE-NORMAL = 14
-0.317259 0.948121 -0.0203267
-0.317259 0.948121 -0.0203267
0.921876 0.36912 -0.117875
0.921876 0.36912 -0.117875
0.0852553 0.112921 0.98994
0.0852553 0.112921 0.98994
-0.123258 0.000649467 -0.992374
-0.123258 0.000649471 -0.992374
-0.959879 -0.255549 0.11544
-0.959879 -0.255549 0.11544
0.298189 -0.630658 0.716487
0.890834 -0.449172 -0.0682646
0.150483 -0.710188 -0.687741
-0.442162 -0.891674 0.0970108
BONE = 6
BONE_NAME = Bip01-Spine3
PARENT_ID = 5
LOCALTM 
MAT 0.995042 0.0499518 -0.0859968 0.0
MAT -0.0573893 0.994615 -0.0863052 0.0
MAT 0.0812225 0.0908127 0.99255 0.0
MAT 1.00177 4.76837e-007 -0.00283623 1.0
WORLDTM 
MAT -0.317259 0.948121 -0.0203266 0.0
MAT 0.104444 0.0562366 0.99294 0.0
MAT 0.94257 0.312896 -0.116867 0.0
MAT -0.801047 24.0072 -1.02326 1.0
VERTEX = 9
-2.85702 27.7636 -0.764255
-2.35998 27.7757 -0.817228
-2.41242 27.755 -1.31404
-2.90946 27.7429 -1.26107
-2.76358 31.5054 -1.15646
-2.71387 31.5066 -1.16176
-2.71912 31.5046 -1.21144
-2.76882 31.5034 -1.20614
-2.62761 27.5096 -1.02949
INDEX = 14
4 5 7
6 7 5
1 2 5
6 5 2
0 1 4
5 4 1
7 6 3
2 3 6
4 7 0
3 0 7
8 1 0
8 2 1
8 3 2
8 0 3
FACE-NORMAL = 14
-0.0284339 0.99885 -0.0386142
-0.0284339 0.99885 -0.0386142
0.99059 0.0839824 -0.108069
0.99059 0.0839824 -0.108069
0.102999 0.101147 0.989525
0.102999 0.101147 0.989525
-0.106405 0.0184996 -0.994151
-0.106405 0.0184996 -0.994151
-0.993996 0.0356644 0.103444
-0.993996 0.0356644 0.103444
0.0942744 -0.67702 0.729901
0.723025 -0.68918 -0.0476113
-0.0540628 -0.735566 -0.675292
-0.682813 -0.723407 0.10222
BONE = 7
BONE_NAME = Bip01-Neck
PARENT_ID = 6
LOCALTM 
MAT 0.956836 0.0148605 0.290248 0.0
MAT -0.0142241 0.999889 -0.00430223 0.0
MAT -0.29028 -1.19633e-005 0.956942 0.0
MAT 3.90033 -1.19209e-007 -0.625046 1.0
WORLDTM 
MAT -0.0284338 0.998849 -0.0386142 0.0
MAT 0.10489 0.0413981 0.993622 0.0
MAT 0.994077 0.0242024 -0.105947 0.0
MAT -2.62761 27.5096 -1.02949 1.0
VERTEX = 9
-2.93175 30.1926 -0.842272
-2.43364 30.1497 -0.83653
-2.42148 30.2245 -1.33075
-2.9196 30.2675 -1.33649
-2.38993 33.9007 -0.495039
-2.34012 33.8964 -0.494464
-2.33891 33.9039 -0.543886
-2.38872 33.9082 -0.54446
-2.69743 29.9623 -1.12431
INDEX = 14
4 5 7
6 7 5
1 2 5
6 5 2
0 1 4
5 4 1
7 6 3
2 3 6
4 7 0
3 0 7
8 1 0
8 2 1
8 3 2
8 0 3
FACE-NORMAL = 14
0.083253 0.984989 0.151213
0.083253 0.984989 0.151213
0.99943 -0.0268183 0.0205194
0.99943 -0.0268183 0.0205194
-0.0192806 -0.0904245 0.995717
-0.0192806 -0.0904245 0.995717
0.029253 0.208411 -0.977604
0.029253 0.208411 -0.977604
-0.989457 0.144805 -0.0024065
-0.989457 0.144805 -0.0024065
-0.0760588 -0.802337 0.592005
0.645574 -0.75728 -0.0988033
-0.0416787 -0.590648 -0.805852
-0.763311 -0.635705 -0.115044
BONE = 8
BONE_NAME = Bip01-Head
PARENT_ID = 7
LOCALTM 
MAT 0.97565 0.199757 0.0905783 0.0
MAT -0.186991 0.973384 -0.132511 0.0
MAT -0.114637 0.112347 0.987034 0.0
MAT 2.45555 -2.38419e-007 0.0 1.0
WORLDTM 
MAT 0.083253 0.984989 0.151213 0.0
MAT -0.0243104 -0.149687 0.988435 0.0
MAT 0.996232 -0.0859659 0.0114836 0.0
MAT -2.69743 29.9623 -1.12431 1.0
VERTEX = 9
-2.60703 34.0345 -0.252483
-2.10892 33.9915 -0.246741
-2.09676 34.0663 -0.740959
-2.59488 34.1093 -0.7467
-2.06521 37.7425 0.09475
-2.0154 37.7382 0.0953241
-2.01419 37.7457 0.0459023
-2.064 37.75 0.0453282
-2.37271 33.8042 -0.534524
INDEX = 14
4 5 7
6 7 5
1 2 5
6 5 2
0 1 4
5 4 1
7 6 3
2 3 6
4 7 0
3 0 7
8 1 0
8 2 1
8 3 2
8 0 3
FACE-NORMAL = 14
0.083253 0.984989 0.151213
0.083253 0.984989 0.151213
0.99943 -0.0268182 0.0205192
0.99943 -0.0268182 0.0205192
-0.0192803 -0.0904245 0.995717
-0.0192803 -0.0904245 0.995717
0.0292527 0.208411 -0.977604
0.0292527 0.208411 -0.977604
-0.989457 0.144805 -0.00240624
-0.989457 0.144805 -0.00240624
-0.0760586 -0.802337 0.592005
0.645574 -0.75728 -0.0988035
-0.0416789 -0.590648 -0.805852
-0.763311 -0.635705 -0.115043
BONE = 9
BONE_NAME = Bip01-HeadNub
PARENT_ID = 8
LOCALTM 
MAT 1.0 0.0 0.0 0.0
MAT 0.0 1.0 2.57045e-007 0.0
MAT 0.0 -2.58908e-007 1.0 0.0
MAT 3.90039 4.76837e-007 0.0 1.0
WORLDTM 
MAT 0.083253 0.984989 0.151213 0.0
MAT -0.0243102 -0.149687 0.988435 0.0
MAT 0.996232 -0.0859658 0.0114833 0.0
MAT -2.37271 33.8042 -0.534524 1.0
VERTEX = 9
-1.82901 33.894 -0.83835
-1.82901 33.894 -0.33835
-1.82901 33.394 -0.33835
-1.82901 33.394 -0.83835
1.92099 33.669 -0.613351
1.92099 33.669 -0.563351
1.92099 33.619 -0.563351
1.92099 33.619 -0.613351
-2.07901 33.644 -0.58835
INDEX = 14
4 5 7
6 7 5
1 2 5
6 5 2
0 1 4
5 4 1
7 6 3
2 3 6
4 7 0
3 0 7
8 1 0
8 2 1
8 3 2
8 0 3
FACE-NORMAL = 14
1.0 2.98023e-007 -2.83122e-007
1.0 2.98023e-007 -2.83122e-007
0.0598925 0.0 0.998205
0.0598925 0.0 0.998205
0.0598921 0.998205 3.1028e-007
0.0598921 0.998205 3.1028e-007
0.0598925 -0.998205 -3.44194e-007
0.0598925 -0.998205 -3.44194e-007
0.0598921 1.36845e-007 -0.998205
0.0598921 1.36845e-007 -0.998205
-0.707107 0.707107 4.32005e-007
-0.707107 -2.95028e-007 0.707107
-0.707107 -0.707107 0.0
-0.707107 -1.2644e-007 -0.707107
BONE = 10
BONE_NAME = FxTop
PARENT_ID = 8
LOCALTM 
MAT 0.083253 -0.0243106 0.996232 0.0
MAT 0.984989 -0.149686 -0.0859663 0.0
MAT 0.151212 0.988435 0.0114838 0.0
MAT 3.75892 -0.036365 0.305749 1.0
WORLDTM 
MAT 1.0 2.98023e-007 -2.83122e-007 0.0
MAT -2.23517e-007 1.0 3.27826e-007 0.0
MAT 1.82539e-007 -1.19209e-007 1.0 0.0
MAT -2.07901 33.644 -0.58835 1.0
VERTEX = 9
-2.34543 27.7182 -0.205749
-2.81934 27.5595 -0.1908
-2.66587 27.0925 -0.282282
-2.19195 27.2512 -0.297231
-2.16717 26.8207 3.4448
-2.21456 26.8048 3.4463
-2.19921 26.7582 3.43715
-2.15182 26.774 3.43566
-2.52715 27.4464 -0.489682
INDEX = 14
4 5 7
6 7 5
1 2 5
6 5 2
0 1 4
5 4 1
7 6 3
2 3 6
4 7 0
3 0 7
8 1 0
8 2 1
8 3 2
8 0 3
FACE-NORMAL = 14
0.0859893 -0.164243 0.982665
0.0859893 -0.164243 0.982665
-0.940982 -0.326628 0.0886979
-0.940982 -0.326628 0.0886979
-0.301248 0.92246 0.24149
-0.301248 0.92246 0.24149
0.311548 -0.942134 -0.123782
0.311548 -0.942134 -0.123782
0.951282 0.306954 0.0290102
0.951282 0.306954 0.0290102
-0.277849 0.776556 -0.565473
-0.731023 -0.108271 -0.673708
0.156242 -0.544282 -0.824224
0.609416 0.340545 -0.71599
BONE = 11
BONE_NAME = Bip01-L-Clavicle
PARENT_ID = 7
LOCALTM 
MAT -0.204444 0.978617 -0.0226051 0.0
MAT 0.934562 0.188266 -0.301911 0.0
MAT -0.2912 -0.0828498 -0.953068 0.0
MAT -0.0868187 0.54429 0.0411489 1.0
WORLDTM 
MAT 0.0859894 -0.164243 0.982665 0.0
MAT -0.306949 0.933973 0.182965 0.0
MAT -0.947834 -0.317361 0.0298975 0.0
MAT -2.52715 27.4464 -0.489682 1.0
VERTEX = 9
-2.11314 27.051 1.24648
-2.58843 27.1676 1.34896
-2.73589 26.9318 0.933473
-2.2606 26.8152 0.83099
-2.82447 23.2233 3.40096
-2.872 23.235 3.41121
-2.88674 23.2114 3.36966
-2.83921 23.1998 3.35941
-2.40023 27.204 0.960681
INDEX = 14
4 5 7
6 7 5
1 2 5
6 5 2
0 1 4
5 4 1
7 6 3
2 3 6
4 7 0
3 0 7
8 1 0
8 2 1
8 3 2
8 0 3
FACE-NORMAL = 14
-0.0971312 -0.850349 0.517176
-0.0971312 -0.850349 0.517176
-0.954272 0.189884 0.230888
-0.954272 0.189884 0.230888
0.289621 0.428046 0.856093
0.289621 0.428046 0.856093
-0.299457 -0.514154 -0.803723
-0.299457 -0.514154 -0.803723
0.944436 -0.275992 -0.178517
0.944436 -0.275992 -0.178517
0.27722 0.934834 0.221888
-0.603475 0.766212 -0.220767
-0.139856 0.267742 -0.953286
0.740839 0.436364 -0.510631
BONE = 12
BONE_NAME = Bip01-L-UpperArm
PARENT_ID = 11
LOCALTM 
MAT 0.639523 -0.669764 0.377394 0.0
MAT 0.764454 0.502075 -0.404389 0.0
MAT 0.0813654 0.547117 0.833092 0.0
MAT 1.47595 1.90735e-006 1.90735e-006 1.0
WORLDTM 
MAT -0.0971312 -0.850349 0.517176 0.0
MAT 0.294917 0.471705 0.830974 0.0
MAT -0.950574 0.233237 0.204965 0.0
MAT -2.40023 27.204 0.960681 1.0
VERTEX = 9
-2.56742 23.0651 3.67035
-3.04291 23.1799 3.77391
-3.19037 22.944 3.35843
-2.71488 22.8292 3.25487
-3.20718 19.7263 5.52187
-3.25473 19.7378 5.53222
-3.26947 19.7142 5.49068
-3.22193 19.7028 5.48032
-2.8556 23.2174 3.38531
INDEX = 14
4 5 7
6 7 5
1 2 5
6 5 2
0 1 4
5 4 1
7 6 3
2 3 6
4 7 0
3 0 7
8 1 0
8 2 1
8 3 2
8 0 3
FACE-NORMAL = 14
-0.0931686 -0.851314 0.516318
-0.0931686 -0.851314 0.516318
-0.954781 0.179735 0.236829
-0.954781 0.179735 0.236829
0.288992 0.421339 0.859626
0.288992 0.421339 0.859626
-0.299841 -0.520472 -0.799503
-0.299841 -0.520472 -0.799503
0.943932 -0.278868 -0.176706
0.943932 -0.278868 -0.176706
0.274418 0.935516 0.222496
-0.606557 0.764386 -0.218636
-0.142658 0.268424 -0.952679
0.738317 0.439554 -0.511547
BONE = 13
BONE_NAME = Bip01-L-Forearm
PARENT_ID = 12
LOCALTM 
MAT 0.999991 0.0 -0.00416781 0.0
MAT 1.49012e-007 1.0 0.0 0.0
MAT 0.00416781 0.0 0.999991 0.0
MAT 4.68821 -2.86102e-006 -9.53674e-007 1.0
WORLDTM 
MAT -0.0931686 -0.851314 0.516317 0.0
MAT 0.294917 0.471705 0.830974 0.0
MAT -0.95097 0.229691 0.207119 0.0
MAT -2.8556 23.2174 3.38531 1.0
VERTEX = 9
-3.59469 19.7487 5.7506
-3.48513 19.3702 5.44277
-3.01608 19.3652 5.61587
-3.12564 19.7437 5.92371
-4.3402 17.1258 8.3445
-4.32924 17.0879 8.31371
-4.28234 17.0874 8.33102
-4.29329 17.1253 8.36181
-3.23833 19.7203 5.50627
INDEX = 14
4 5 7
6 7 5
1 2 5
6 5 2
0 1 4
5 4 1
7 6 3
2 3 6
4 7 0
3 0 7
8 1 0
8 2 1
8 3 2
8 0 3
FACE-NORMAL = 14
-0.268235 -0.653427 0.707873
-0.268235 -0.653427 0.707873
0.202665 -0.7947 -0.572171
0.202665 -0.7947 -0.572171
-0.952483 -0.0291203 -0.303197
-0.952483 -0.0291204 -0.303197
0.920352 -0.0491501 0.387989
0.920352 -0.0491501 0.387989
-0.234796 0.716429 0.656963
-0.234796 0.716429 0.656963
-0.473667 0.469137 -0.745352
0.344615 -0.0731833 -0.935887
0.853009 0.454948 -0.255731
0.0347271 0.997268 -0.0651956
BONE = 14
BONE_NAME = Bip01-L-Hand
PARENT_ID = 13
LOCALTM 
MAT 0.94675 0.200892 0.251611 0.0
MAT -0.0998965 -0.559625 0.822703 0.0
MAT 0.306082 -0.804029 -0.509756 0.0
MAT 4.10787 -2.86102e-006 0.0 1.0
WORLDTM 
MAT -0.268235 -0.653427 0.707873 0.0
MAT -0.938102 0.0100329 -0.346215 0.0
MAT 0.219124 -0.756923 -0.615672 0.0
MAT -3.23833 19.7203 5.50627 1.0
VERTEX = 9
-2.64443 19.2454 5.90232
-3.11962 19.1074 5.97417
-3.12531 18.892 5.52297
-2.65012 19.03 5.45112
-1.69495 15.8642 7.25499
-1.74247 15.8504 7.26218
-1.74304 15.8288 7.21706
-1.69552 15.8426 7.20987
-2.96259 19.2835 5.61109
INDEX = 14
4 5 7
6 7 5
1 2 5
6 5 2
0 1 4
5 4 1
7 6 3
2 3 6
4 7 0
3 0 7
8 1 0
8 2 1
8 3 2
8 0 3
FACE-NORMAL = 14
0.310901 -0.859252 0.406234
0.310901 -0.859252 0.406234
-0.930048 -0.326899 0.167775
-0.930048 -0.326899 0.167775
0.0299839 0.378516 0.925109
0.0299839 0.378516 0.925109
0.00725717 -0.481441 -0.876448
0.00725716 -0.481441 -0.876448
0.967289 0.223974 -0.119114
0.967289 0.223974 -0.119114
-0.21179 0.912171 0.350841
-0.891856 0.41247 -0.185638
-0.227889 0.302996 -0.925343
0.452176 0.802696 -0.388864
BONE = 15
BONE_NAME = Bip01-L-Finger0
PARENT_ID = 14
LOCALTM 
MAT 0.765626 -0.440921 0.468407 0.0
MAT 0.354265 -0.318781 -0.879133 0.0
MAT 0.536948 0.839027 -0.0878639 0.0
MAT 0.285642 -0.299339 0.326496 1.0
WORLDTM 
MAT 0.3109 -0.859252 0.406234 0.0
MAT 0.0113838 0.430752 0.902399 0.0
MAT -0.950374 -0.275932 0.143702 0.0
MAT -2.96259 19.2835 5.61109 1.0
VERTEX = 9
-2.30729 18.3813 6.31053
-2.76494 18.2018 6.40196
-2.77063 17.9865 5.95076
-2.31299 18.1659 5.85933
-1.00593 15.0985 7.6118
-1.0517 15.0805 7.62094
-1.05227 15.059 7.57582
-1.0065 15.0769 7.56668
-2.63962 18.3909 6.0331
INDEX = 14
4 5 7
6 7 5
1 2 5
6 5 2
0 1 4
5 4 1
7 6 3
2 3 6
4 7 0
3 0 7
8 1 0
8 2 1
8 3 2
8 0 3
FACE-NORMAL = 14
0.40263 -0.82804 0.390178
0.40263 -0.82804 0.390178
-0.889534 -0.40784 0.2059
-0.889534 -0.40784 0.2059
0.0354778 0.380385 0.924147
0.0354778 0.380385 0.924147
0.0127511 -0.479572 -0.87741
0.0127511 -0.479572 -0.87741
0.937763 0.308654 -0.159163
0.937763 0.308654 -0.159163
-0.276653 0.8901 0.362195
-0.931912 0.331738 -0.146596
-0.292752 0.280925 -0.91399
0.362507 0.839287 -0.405199
BONE = 16
BONE_NAME = Bip01-L-Finger01
PARENT_ID = 15
LOCALTM 
MAT 0.995177 0.0 -0.0980971 0.0
MAT 0.0 1.0 0.0 0.0
MAT 0.0980971 0.0 0.995177 0.0
MAT 1.03883 1.90735e-006 -4.76837e-007 1.0
WORLDTM 
MAT 0.40263 -0.82804 0.390178 0.0
MAT 0.0113838 0.430752 0.902399 0.0
MAT -0.915292 -0.358891 0.18286 0.0
MAT -2.63962 18.3909 6.0331 1.0
VERTEX = 9
-1.93082 17.7186 6.62211
-2.33155 17.4507 6.75503
-2.33724 17.2354 6.30383
-1.93651 17.5032 6.17091
0.128592 14.7777 7.75062
0.0885196 14.7509 7.76391
0.0879505 14.7293 7.71879
0.128023 14.7561 7.7055
-2.28352 17.6585 6.37819
INDEX = 14
4 5 7
6 7 5
1 2 5
6 5 2
0 1 4
5 4 1
7 6 3
2 3 6
4 7 0
3 0 7
8 1 0
8 2 1
8 3 2
8 0 3
FACE-NORMAL = 14
0.597947 -0.726258 0.33913
0.597947 -0.726258 0.33913
-0.764204 -0.578262 0.285668
-0.764204 -0.578262 0.285668
0.0471758 0.386481 0.92109
0.0471758 0.386481 0.92109
0.024449 -0.473476 -0.880467
0.024449 -0.473476 -0.880468
0.835829 0.491267 -0.245046
0.835829 0.491267 -0.245046
-0.414763 0.818129 0.398291
-0.989527 0.134726 -0.0518277
-0.430862 0.208954 -0.877893
0.143902 0.892357 -0.427774
BONE = 17
BONE_NAME = Bip01-L-Finger02
PARENT_ID = 16
LOCALTM 
MAT 0.974443 -1.78814e-007 -0.224635 0.0
MAT 1.49012e-007 1.0 0.0 0.0
MAT 0.224635 0.0 0.974443 0.0
MAT 0.884443 -1.90735e-006 -4.76837e-007 1.0
WORLDTM 
MAT 0.597947 -0.726258 0.339129 0.0
MAT 0.0113838 0.430752 0.902399 0.0
MAT -0.801455 -0.535726 0.265834 0.0
MAT -2.28352 17.6585 6.37819 1.0
VERTEX = 9
-1.45813 17.1445 6.8902
-1.85886 16.8766 7.02312
-1.86455 16.6612 6.57192
-1.46382 16.9291 6.439
0.601276 14.2035 8.01871
0.561204 14.1767 8.03201
0.560634 14.1552 7.98689
0.600707 14.182 7.97359
-1.81082 17.0844 6.64628
INDEX = 14
4 5 7
6 7 5
1 2 5
6 5 2
0 1 4
5 4 1
7 6 3
2 3 6
4 7 0
3 0 7
8 1 0
8 2 1
8 3 2
8 0 3
FACE-NORMAL = 14
0.597945 -0.726259 0.33913
0.597945 -0.726259 0.33913
-0.764206 -0.57826 0.285667
-0.764206 -0.57826 0.285667
0.0471751 0.386481 0.92109
0.0471751 0.386481 0.92109
0.0244495 -0.473475 -0.880468
0.0244495 -0.473475 -0.880468
0.83583 0.491265 -0.245044
0.83583 0.491265 -0.245044
-0.414762 0.81813 0.398291
-0.989526 0.134729 -0.0518293
-0.43086 0.208956 -0.877894
0.143905 0.892357 -0.427774
BONE = 18
BONE_NAME = Bip01-L-Finger0Nub
PARENT_ID = 17
LOCALTM 
MAT 1.0 1.49012e-007 2.65241e-006 0.0
MAT -1.49012e-007 1.0 6.25849e-007 0.0
MAT -2.74181e-006 -5.36442e-007 1.0 0.0
MAT 0.790527 -9.53674e-007 1.43051e-006 1.0
WORLDTM 
MAT 0.597945 -0.726259 0.33913 0.0
MAT 0.0113832 0.430752 0.902399 0.0
MAT -0.801457 -0.535724 0.265833 0.0
MAT -1.81082 17.0844 6.64628 1.0
VERTEX = 9
-3.56285 18.601 7.49799
-3.53488 18.1208 7.3617
-3.06248 18.1021 7.52445
-3.09045 18.5824 7.66074
-4.54827 17.3425 10.9052
-4.54547 17.2945 10.8915
-4.49823 17.2926 10.9078
-4.50103 17.3407 10.9214
-3.23196 18.4205 7.28487
INDEX = 14
4 5 7
6 7 5
1 2 5
6 5 2
0 1 4
5 4 1
7 6 3
2 3 6
4 7 0
3 0 7
8 1 0
8 2 1
8 3 2
8 0 3
FACE-NORMAL = 14
-0.322822 -0.275732 0.905405
-0.322822 -0.275732 0.905405
0.036507 -0.975299 -0.217851
0.036507 -0.975299 -0.217851
-0.962443 0.0207589 -0.270688
-0.962443 0.0207589 -0.270688
0.923774 -0.0537873 0.379141
0.923774 -0.0537873 0.379141
-0.0751761 0.942271 0.326304
-0.0751761 0.942271 0.326304
-0.439808 0.221375 -0.87038
0.267826 -0.484211 -0.832952
0.896348 0.168568 -0.410056
0.188713 0.874154 -0.447484
BONE = 19
BONE_NAME = Bip01-L-Finger1
PARENT_ID = 14
LOCALTM 
MAT 0.907674 -0.0133912 -0.419463 0.0
MAT -0.00138078 0.99939 -0.0348928 0.0
MAT 0.419674 0.0322504 0.907102 0.0
MAT 2.10662 -0.634791 -0.10981 1.0
WORLDTM 
MAT -0.322822 -0.275732 0.905405 0.0
MAT -0.944805 0.0373401 -0.325499 0.0
MAT 0.0559419 -0.960509 -0.272567 0.0
MAT -3.23196 18.4205 7.28487 1.0
VERTEX = 9
-3.79841 18.3994 8.15857
-3.77012 17.9194 8.02139
-3.29771 17.9007 8.18414
-3.326 18.3807 8.32132
-4.78326 17.1339 11.5633
-4.78043 17.0859 11.5496
-4.73319 17.084 11.5659
-4.73602 17.132 11.5796
-3.46738 18.2194 7.94514
INDEX = 14
4 5 7
6 7 5
1 2 5
6 5 2
0 1 4
5 4 1
7 6 3
2 3 6
4 7 0
3 0 7
8 1 0
8 2 1
8 3 2
8 0 3
FACE-NORMAL = 14
-0.322711 -0.277628 0.904865
-0.322711 -0.277628 0.904865
0.0371498 -0.974867 -0.219667
0.0371498 -0.974867 -0.219667
-0.962437 0.0206453 -0.27072
-0.962437 0.0206453 -0.27072
0.923781 -0.0539009 0.379109
0.923781 -0.0539009 0.379109
-0.0758056 0.941612 0.328056
-0.0758056 0.941612 0.328056
-0.439887 0.222716 -0.869998
0.268199 -0.482484 -0.833834
0.896269 0.169909 -0.409674
0.188183 0.875109 -0.445838
BONE = 20
BONE_NAME = Bip01-L-Finger11
PARENT_ID = 19
LOCALTM 
MAT 0.999998 0.0 0.00197473 0.0
MAT 0.0 1.0 0.0 0.0
MAT -0.00197473 0.0 0.999998 0.0
MAT 0.729258 2.38419e-007 -1.90735e-006 1.0
WORLDTM 
MAT -0.322711 -0.277628 0.904865 0.0
MAT -0.944805 0.0373401 -0.325499 0.0
MAT 0.0565793 -0.959963 -0.274354 0.0
MAT -3.46738 18.2194 7.94514 1.0
VERTEX = 9
-3.92972 18.3377 8.53266
-3.93936 17.8386 8.5034
-3.46696 17.82 8.66615
-3.45732 18.319 8.69541
-4.94797 17.9209 12.1317
-4.94894 17.871 12.1288
-4.9017 17.8692 12.1451
-4.90073 17.9191 12.148
-3.61658 18.0911 8.36347
INDEX = 14
4 5 7
6 7 5
1 2 5
6 5 2
0 1 4
5 4 1
7 6 3
2 3 6
4 7 0
3 0 7
8 1 0
8 2 1
8 3 2
8 0 3
FACE-NORMAL = 14
-0.327065 -0.0490117 0.94373
-0.327065 -0.0490117 0.94373
-0.0388402 -0.999244 -0.00189205
-0.0388402 -0.999244 -0.00189204
-0.962698 0.0343377 -0.268392
-0.962698 0.0343377 -0.268392
0.92352 -0.0402085 0.381436
0.92352 -0.0402085 0.381436
-0.000337156 0.993373 0.114936
-0.000337154 0.993373 0.114936
-0.436808 0.0610599 -0.89748
0.217633 -0.671107 -0.708697
0.899348 0.00825304 -0.437156
0.244907 0.74042 -0.625939
BONE = 21
BONE_NAME = Bip01-L-Finger12
PARENT_ID = 20
LOCALTM 
MAT 0.973103 0.0 -0.230372 0.0
MAT 0.0 1.0 0.0 0.0
MAT 0.230372 0.0 0.973103 0.0
MAT 0.462316 -2.38419e-007 0.0 1.0
WORLDTM 
MAT -0.327065 -0.0490117 0.94373 0.0
MAT -0.944805 0.0373401 -0.325499 0.0
MAT -0.0192861 -0.9981 -0.0585192 0.0
MAT -3.61658 18.0911 8.36347 1.0
VERTEX = 9
-4.15599 18.3038 9.18554
-4.16563 17.8047 9.15628
-3.69323 17.7861 9.31903
-3.68358 18.2851 9.34829
-5.17425 17.887 12.7846
-5.17521 17.8371 12.7817
-5.12797 17.8353 12.7979
-5.12701 17.8852 12.8009
-3.84284 18.0572 9.01635
INDEX = 14
4 5 7
6 7 5
1 2 5
6 5 2
0 1 4
5 4 1
7 6 3
2 3 6
4 7 0
3 0 7
8 1 0
8 2 1
8 3 2
8 0 3
FACE-NORMAL = 14
-0.327067 -0.0490115 0.943729
-0.327067 -0.0490115 0.943729
-0.038842 -0.999244 -0.00189255
-0.038842 -0.999244 -0.00189254
-0.962697 0.0343395 -0.268394
-0.962697 0.0343395 -0.268394
0.923519 -0.0402103 0.381438
0.923519 -0.0402103 0.381438
-0.000335593 0.993373 0.114937
-0.000335591 0.993373 0.114937
-0.436806 0.0610611 -0.897481
0.217633 -0.671107 -0.708697
0.899349 0.00825159 -0.437154
0.24491 0.74042 -0.625938
BONE = 22
BONE_NAME = Bip01-L-Finger1Nub
PARENT_ID = 21
LOCALTM 
MAT 1.0 2.19326e-006 -1.22935e-007 0.0
MAT -2.26591e-006 1.0 -1.74344e-006 0.0
MAT 1.19209e-007 1.74716e-006 1.0 0.0
MAT 0.691801 0.0 1.90735e-006 1.0
WORLDTM 
MAT -0.327067 -0.0490115 0.943729 0.0
MAT -0.944804 0.037342 -0.325501 0.0
MAT -0.0192878 -0.9981 -0.0585197 0.0
MAT -3.84284 18.0572 9.01635 1.0
VERTEX = 9
-4.02889 18.6352 7.35039
-4.00107 18.1431 7.2662
-3.52927 18.1415 7.43171
-3.55709 18.6335 7.5159
-5.02782 17.7481 10.8688
-5.02504 17.6989 10.8603
-4.97786 17.6987 10.8769
-4.98064 17.7479 10.8853
-3.6975 18.4327 7.15893
INDEX = 14
4 5 7
6 7 5
1 2 5
6 5 2
0 1 4
5 4 1
7 6 3
2 3 6
4 7 0
3 0 7
8 1 0
8 2 1
8 3 2
8 0 3
FACE-NORMAL = 14
-0.326336 -0.177313 0.928474
-0.326336 -0.177313 0.928474
0.035995 -0.993002 -0.112479
0.035995 -0.993002 -0.112479
-0.961466 -0.00733464 -0.274827
-0.961466 -0.00733464 -0.274827
0.922376 -0.0139047 0.386044
0.922376 -0.0139047 0.386044
-0.0750851 0.971763 0.223696
-0.0750851 0.971763 0.223696
-0.436482 0.127706 -0.890604
0.270098 -0.570519 -0.7756
0.897991 0.123052 -0.422458
0.191411 0.821278 -0.537461
BONE = 23
BONE_NAME = Bip01-L-Finger2
PARENT_ID = 14
LOCALTM 
MAT 0.860637 -0.0170941 -0.508931 0.0
MAT 0.0166336 0.999847 -0.00545426 0.0
MAT 0.508946 -0.00377118 0.86079 0.0
MAT 2.13442 -0.154349 -0.143469 1.0
WORLDTM 
MAT -0.326336 -0.177313 0.928475 0.0
MAT -0.943615 0.00329096 -0.331029 0.0
MAT 0.0556399 -0.984149 -0.16839 0.0
MAT -3.6975 18.4327 7.15893 1.0
VERTEX = 9
-4.30336 18.4998 8.13143
-4.2847 18.0036 8.0733
-3.81289 18.0019 8.23882
-3.83155 18.4982 8.29694
-5.31616 17.8181 11.6914
-5.31429 17.7685 11.6856
-5.26711 17.7683 11.7021
-5.26898 17.8179 11.7079
-3.97589 18.2814 7.95101
INDEX = 14
4 5 7
6 7 5
1 2 5
6 5 2
0 1 4
5 4 1
7 6 3
2 3 6
4 7 0
3 0 7
8 1 0
8 2 1
8 3 2
8 0 3
FACE-NORMAL = 14
-0.328935 -0.122047 0.936433
-0.328935 -0.122047 0.936433
0.0175512 -0.998047 -0.0599543
0.0175512 -0.998047 -0.0599543
-0.961622 -0.00402448 -0.27435
-0.961622 -0.00402448 -0.27435
0.92222 -0.0105949 0.38652
0.92222 -0.0105949 0.38652
-0.0569526 0.983427 0.172125
-0.0569526 0.983427 0.172125
-0.434644 0.0886274 -0.896231
0.258981 -0.615517 -0.744358
0.899829 0.0839731 -0.428085
0.206204 0.788117 -0.579958
BONE = 24
BONE_NAME = Bip01-L-Finger21
PARENT_ID = 23
LOCALTM 
MAT 0.998438 0.0 -0.0558749 0.0
MAT 0.0 1.0 -1.49012e-007 0.0
MAT 0.0558749 1.49244e-007 0.998438 0.0
MAT 0.8531 2.38419e-007 0.0 1.0
WORLDTM 
MAT -0.328935 -0.122047 0.936433 0.0
MAT -0.943615 0.0032911 -0.331029 0.0
MAT 0.0373189 -0.992519 -0.116248 0.0
MAT -3.97589 18.2814 7.95101 1.0
VERTEX = 9
-4.4873 18.4517 8.65526
-4.48246 17.9521 8.63652
-4.01065 17.9505 8.80203
-4.01549 18.4501 8.82078
-5.5137 18.0815 12.2571
-5.51321 18.0315 12.2552
-5.46603 18.0314 12.2718
-5.46652 18.0813 12.2736
-4.16625 18.2108 8.49293
INDEX = 14
4 5 7
6 7 5
1 2 5
6 5 2
0 1 4
5 4 1
7 6 3
2 3 6
4 7 0
3 0 7
8 1 0
8 2 1
8 3 2
8 0 3
FACE-NORMAL = 14
-0.330904 -0.0385813 0.942875
-0.330904 -0.0385813 0.942875
-0.0101679 -0.999767 0.0190432
-0.0101679 -0.999767 0.0190432
-0.961739 0.000974472 -0.273964
-0.961739 0.000974472 -0.273964
0.922102 -0.00559592 0.386906
0.922102 -0.00559592 0.386906
-0.0294693 0.995145 0.0938987
-0.0294693 0.995145 0.0938987
-0.433252 0.0296082 -0.900786
0.240821 -0.679295 -0.693227
0.901221 0.0249539 -0.432641
0.227148 0.733858 -0.640201
BONE = 25
BONE_NAME = Bip01-L-Finger22
PARENT_ID = 24
LOCALTM 
MAT 0.996494 0.0 -0.0836637 0.0
MAT 0.0 1.0 0.0 0.0
MAT 0.0836637 0.0 0.996494 0.0
MAT 0.578699 -1.19209e-007 3.8147e-006 1.0
WORLDTM 
MAT -0.330904 -0.0385813 0.942876 0.0
MAT -0.943615 0.0032911 -0.331029 0.0
MAT 0.00966809 -0.99925 -0.037495 0.0
MAT -4.16625 18.2108 8.49293 1.0
VERTEX = 9
-4.72758 18.4237 9.33992
-4.72274 17.9241 9.32117
-4.25094 17.9225 9.48669
-4.25577 18.4221 9.50543
-5.75399 18.0535 12.9417
-5.7535 18.0035 12.9399
-5.70632 18.0034 12.9564
-5.70681 18.0533 12.9583
-4.40653 18.1827 9.17758
INDEX = 14
4 5 7
6 7 5
1 2 5
6 5 2
0 1 4
5 4 1
7 6 3
2 3 6
4 7 0
3 0 7
8 1 0
8 2 1
8 3 2
8 0 3
FACE-NORMAL = 14
-0.330906 -0.0385806 0.942875
-0.330906 -0.0385806 0.942875
-0.0101698 -0.999767 0.0190432
-0.0101698 -0.999767 0.0190432
-0.961739 0.000976342 -0.273966
-0.961739 0.000976342 -0.273966
0.922101 -0.00559771 0.386908
0.922101 -0.00559771 0.386908
-0.0294676 0.995146 0.0938986
-0.0294676 0.995146 0.0938986
-0.43325 0.0296091 -0.900787
0.240821 -0.679296 -0.693226
0.901222 0.0249522 -0.432639
0.227151 0.733857 -0.6402
BONE = 26
BONE_NAME = Bip01-L-Finger2Nub
PARENT_ID = 25
LOCALTM 
MAT 1.0 1.96778e-006 -6.4075e-007 0.0
MAT -2.0548e-006 1.0 -1.75531e-006 0.0
MAT 6.37025e-007 1.75368e-006 1.0 0.0
MAT 0.726138 -2.38419e-007 0.0 1.0
WORLDTM 
MAT -0.330906 -0.0385807 0.942875 0.0
MAT -0.943614 0.00329294 -0.331031 0.0
MAT 0.00966622 -0.99925 -0.037495 0.0
MAT -4.40653 18.1827 9.17758 1.0
VERTEX = 9
-4.50252 18.5999 7.18106
-4.40316 18.1235 7.06619
-3.94006 18.1765 7.24713
-4.03942 18.6529 7.36199
-5.45104 17.3418 10.5988
-5.44111 17.2942 10.5874
-5.3948 17.2995 10.6055
-5.40473 17.3471 10.6169
-4.14118 18.4594 6.98822
INDEX = 14
4 5 7
6 7 5
1 2 5
6 5 2
0 1 4
5 4 1
7 6 3
2 3 6
4 7 0
3 0 7
8 1 0
8 2 1
8 3 2
8 0 3
FACE-NORMAL = 14
-0.320434 -0.28468 0.903482
-0.320434 -0.28468 0.903482
0.179173 -0.968092 -0.175201
0.179173 -0.968092 -0.175201
-0.943721 -0.12279 -0.307105
-0.943721 -0.12279 -0.307105
0.905338 0.0886898 0.415328
0.905338 0.0886898 0.415328
-0.217556 0.933991 0.283424
-0.217556 0.933991 0.283424
-0.428336 0.126395 -0.894736
0.367098 -0.472398 -0.801298
0.881498 0.276203 -0.38298
0.0860634 0.874996 -0.476418
BONE = 27
BONE_NAME = Bip01-L-Finger3
PARENT_ID = 14
LOCALTM 
MAT 0.911519 -0.0150557 -0.410982 0.0
MAT 0.0614998 0.993083 0.100021 0.0
MAT 0.406634 -0.116446 0.90614 0.0
MAT 2.11513 0.321246 -0.155813 1.0
WORLDTM 
MAT -0.320434 -0.28468 0.903482 0.0
MAT -0.926192 -0.10593 -0.361866 0.0
MAT 0.198722 -0.952752 -0.229725 0.0
MAT -4.14118 18.4594 6.98822 1.0
VERTEX = 9
-4.76667 18.3735 7.92341
-4.67213 17.8931 7.82207
-4.20903 17.9461 8.003
-4.30357 18.4265 8.10434
-5.73904 17.2206 11.3715
-5.72959 17.1726 11.3613
-5.68328 17.1779 11.3794
-5.69274 17.2259 11.3896
-4.4063 18.2238 7.73572
INDEX = 14
4 5 7
6 7 5
1 2 5
6 5 2
0 1 4
5 4 1
7 6 3
2 3 6
4 7 0
3 0 7
8 1 0
8 2 1
8 3 2
8 0 3
FACE-NORMAL = 14
-0.326217 -0.256144 0.90993
-0.326217 -0.256144 0.90993
0.169201 -0.974433 -0.147821
0.169201 -0.974433 -0.147821
-0.944067 -0.121081 -0.306719
-0.944067 -0.121081 -0.306719
0.904992 0.0903989 0.415714
0.904992 0.0903989 0.415714
-0.208277 0.943751 0.256817
-0.208277 0.943751 0.256817
-0.424247 0.106218 -0.899296
0.364369 -0.498279 -0.786736
0.885587 0.256025 -0.38754
0.0969711 0.860522 -0.500099
BONE = 28
BONE_NAME = Bip01-L-Finger31
PARENT_ID = 27
LOCALTM 
MAT 0.999555 0.0 -0.0298176 0.0
MAT 0.0 1.0 0.0 0.0
MAT 0.0298176 0.0 0.999555 0.0
MAT 0.827356 -8.34465e-007 -1.90735e-006 1.0
WORLDTM 
MAT -0.326217 -0.256144 0.90993 0.0
MAT -0.926192 -0.10593 -0.361866 0.0
MAT 0.189079 -0.960817 -0.202683 0.0
MAT -4.4063 18.2238 7.73572 1.0
VERTEX = 9
-4.95447 18.2939 8.42739
-4.91066 17.797 8.46073
-4.44756 17.8499 8.64166
-4.49137 18.3469 8.60832
-6.1016 18.2068 12.0107
-6.09722 18.1571 12.0141
-6.05091 18.1624 12.0321
-6.05529 18.2121 12.0288
-4.60933 18.0644 8.30206
INDEX = 14
4 5 7
6 7 5
1 2 5
6 5 2
0 1 4
5 4 1
7 6 3
2 3 6
4 7 0
3 0 7
8 1 0
8 2 1
8 3 2
8 0 3
FACE-NORMAL = 14
-0.366729 0.0300557 0.929842
-0.366729 0.0300557 0.929842
0.0655001 -0.990335 0.122256
0.0655 -0.990335 0.122256
-0.946494 -0.10394 -0.305526
-0.946494 -0.10394 -0.305526
0.902565 0.10754 0.416907
0.902565 0.10754 0.416907
-0.109429 0.993935 -0.0108749
-0.109429 0.993935 -0.010875
-0.3956 -0.0961563 -0.913375
0.321275 -0.72406 -0.610344
0.914234 0.0536511 -0.40162
0.197359 0.681554 -0.704651
BONE = 29
BONE_NAME = Bip01-L-Finger32
PARENT_ID = 28
LOCALTM 
MAT 0.958026 0.0 -0.286682 0.0
MAT 0.0 1.0 -2.45869e-007 0.0
MAT 0.286682 2.08616e-007 0.958026 0.0
MAT 0.622401 -7.15256e-007 1.90735e-006 1.0
WORLDTM 
MAT -0.366729 0.0300557 0.929842 0.0
MAT -0.926192 -0.10593 -0.361866 0.0
MAT 0.0876216 -0.993919 0.066685 0.0
MAT -4.60933 18.0644 8.30206 1.0
VERTEX = 9
-5.19874 18.3139 9.04675
-5.15493 17.817 9.08009
-4.69184 17.8699 9.26102
-4.73565 18.3669 9.22768
-6.34588 18.2269 12.6301
-6.3415 18.1772 12.6334
-6.29519 18.1825 12.6515
-6.29957 18.2322 12.6482
-4.85361 18.0844 8.92142
INDEX = 14
4 5 7
6 7 5
1 2 5
6 5 2
0 1 4
5 4 1
7 6 3
2 3 6
4 7 0
3 0 7
8 1 0
8 2 1
8 3 2
8 0 3
FACE-NORMAL = 14
-0.366731 0.0300564 0.929841
-0.366731 0.0300564 0.929841
0.065498 -0.990335 0.122256
0.065498 -0.990335 0.122256
-0.946493 -0.103938 -0.305528
-0.946493 -0.103938 -0.305528
0.902564 0.107538 0.416909
0.902564 0.107538 0.416909
-0.109427 0.993935 -0.0108752
-0.109427 0.993935 -0.0108752
-0.395598 -0.0961556 -0.913376
0.321275 -0.72406 -0.610344
0.914235 0.0536494 -0.401618
0.197362 0.681554 -0.704651
BONE = 30
BONE_NAME = Bip01-L-Finger3Nub
PARENT_ID = 29
LOCALTM 
MAT 1.0 2.06265e-006 -9.03383e-007 0.0
MAT -2.0992e-006 1.0 -1.78069e-006 0.0
MAT 9.03383e-007 1.77324e-006 1.0 0.0
MAT 0.666089 -2.38419e-007 3.8147e-006 1.0
WORLDTM 
MAT -0.366731 0.0300564 0.929841 0.0
MAT -0.926192 -0.105928 -0.361868 0.0
MAT 0.0876196 -0.993919 0.0666852 0.0
MAT -4.85361 18.0844 8.92142 1.0
VERTEX = 9
-4.88449 18.4821 6.80132
-4.76935 18.035 6.6095
-4.29565 18.0929 6.75867
-4.41079 18.5401 6.95049
-5.4532 16.6864 10.0595
-5.44168 16.6417 10.0403
-5.39431 16.6475 10.0552
-5.40583 16.6922 10.0744
-4.53449 18.3956 6.5615
INDEX = 14
4 5 7
6 7 5
1 2 5
6 5 2
0 1 4
5 4 1
7 6 3
2 3 6
4 7 0
3 0 7
8 1 0
8 2 1
8 3 2
8 0 3
FACE-NORMAL = 14
-0.222316 -0.432166 0.873961
-0.222316 -0.432166 0.873961
0.216552 -0.918585 -0.330616
0.216552 -0.918585 -0.330616
-0.959004 -0.141641 -0.245459
-0.959004 -0.141641 -0.245459
0.932374 0.0898739 0.350146
0.932374 0.0898739 0.350146
-0.243182 0.866818 0.435303
-0.243182 0.866818 0.435303
-0.512704 0.223587 -0.828941
0.320034 -0.326783 -0.889264
0.827106 0.387587 -0.407027
-0.00563194 0.937958 -0.346704
BONE = 31
BONE_NAME = Bip01-L-Finger4
PARENT_ID = 14
LOCALTM 
MAT 0.960675 -0.0983595 -0.259672 0.0
MAT 0.118713 0.990873 0.0638595 0.0
MAT 0.251021 -0.0921746 0.963583 0.0
MAT 1.96025 0.837304 0.0690079 1.0
WORLDTM 
MAT -0.222316 -0.432166 0.873962 0.0
MAT -0.94739 -0.115966 -0.298338 0.0
MAT 0.230281 -0.894307 -0.383648 0.0
MAT -4.53449 18.3956 6.5615 1.0
VERTEX = 9
-5.01233 18.2342 7.30366
-4.89739 17.7867 7.11263
-4.4237 17.8446 7.2618
-4.53864 18.2922 7.45283
-5.58269 16.4443 10.5648
-5.5712 16.3996 10.5457
-5.52383 16.4054 10.5606
-5.53532 16.4501 10.5797
-4.66233 18.1471 7.06407
INDEX = 14
4 5 7
6 7 5
1 2 5
6 5 2
0 1 4
5 4 1
7 6 3
2 3 6
4 7 0
3 0 7
8 1 0
8 2 1
8 3 2
8 0 3
FACE-NORMAL = 14
-0.222731 -0.430549 0.874653
-0.222731 -0.430549 0.874653
0.216126 -0.919266 -0.328998
0.216126 -0.919266 -0.328998
-0.959028 -0.141544 -0.245417
-0.959028 -0.141544 -0.245417
0.932349 0.0899708 0.350187
0.932349 0.0899708 0.350187
-0.242806 0.867693 0.433768
-0.242806 0.867693 0.433768
-0.512411 0.222444 -0.82943
0.320044 -0.328477 -0.888636
0.8274 0.386444 -0.407516
-0.00505377 0.937366 -0.34831
BONE = 32
BONE_NAME = Bip01-L-Finger41
PARENT_ID = 31
LOCALTM 
MAT 0.999998 0.0 -0.00180686 0.0
MAT 0.0 1.0 0.0 0.0
MAT 0.00180686 0.0 0.999999 0.0
MAT 0.575041 -9.53674e-007 -1.90735e-006 1.0
WORLDTM 
MAT -0.222731 -0.430549 0.874653 0.0
MAT -0.94739 -0.115966 -0.298338 0.0
MAT 0.229879 -0.895086 -0.382069 0.0
MAT -4.66233 18.1471 7.06407 1.0
VERTEX = 9
-5.08759 18.1219 7.58632
-4.98492 17.6543 7.44204
-4.51123 17.7123 7.59121
-4.6139 18.1799 7.73549
-5.749 16.6827 11.0003
-5.73873 16.6359 10.9858
-5.69137 16.6417 11.0007
-5.70163 16.6885 11.0152
-4.73803 18.0007 7.36131
INDEX = 14
4 5 7
6 7 5
1 2 5
6 5 2
0 1 4
5 4 1
7 6 3
2 3 6
4 7 0
3 0 7
8 1 0
8 2 1
8 3 2
8 0 3
FACE-NORMAL = 14
-0.245539 -0.334634 0.909797
-0.245539 -0.334634 0.909797
0.190264 -0.953549 -0.233547
0.190264 -0.953549 -0.233547
-0.960395 -0.135799 -0.243313
-0.960395 -0.135799 -0.243312
0.930983 0.0957153 0.352292
0.930983 0.0957153 0.352292
-0.219676 0.913465 0.342527
-0.219676 0.913465 0.342527
-0.496283 0.154622 -0.85428
0.318819 -0.424654 -0.847363
0.843528 0.318622 -0.432367
0.0284257 0.897898 -0.439284
BONE = 33
BONE_NAME = Bip01-L-Finger42
PARENT_ID = 32
LOCALTM 
MAT 0.994523 0.0 -0.104522 0.0
MAT 0.0 1.0 0.0 0.0
MAT 0.104522 1.41561e-007 0.994523 0.0
MAT 0.339844 1.66893e-006 0.0 1.0
WORLDTM 
MAT -0.245539 -0.334634 0.909797 0.0
MAT -0.94739 -0.115966 -0.298338 0.0
MAT 0.205339 -0.935186 -0.288555 0.0
MAT -4.73803 18.0007 7.36131 1.0
VERTEX = 9
-5.22948 17.9285 8.11204
-5.12681 17.4609 7.96776
-4.65312 17.5189 8.11693
-4.75578 17.9865 8.26121
-5.89089 16.4893 11.526
-5.88063 16.4426 11.5116
-5.83326 16.4484 11.5265
-5.84353 16.4951 11.5409
-4.87991 17.8074 7.88704
INDEX = 14
4 5 7
6 7 5
1 2 5
6 5 2
0 1 4
5 4 1
7 6 3
2 3 6
4 7 0
3 0 7
8 1 0
8 2 1
8 3 2
8 0 3
FACE-NORMAL = 14
-0.245541 -0.334634 0.909796
-0.245541 -0.334634 0.909796
0.190263 -0.953549 -0.233547
0.190263 -0.953549 -0.233547
-0.960394 -0.135797 -0.243315
-0.960394 -0.135797 -0.243315
0.930982 0.0957135 0.352294
0.930982 0.0957135 0.352294
-0.219675 0.913465 0.342527
-0.219675 0.913465 0.342527
-0.496281 0.154623 -0.854281
0.31882 -0.424654 -0.847362
0.843529 0.318621 -0.432365
0.0284283 0.897898 -0.439284
BONE = 34
BONE_NAME = Bip01-L-Finger4Nub
PARENT_ID = 33
LOCALTM 
MAT 1.0 2.46242e-006 -6.85453e-007 0.0
MAT -2.48104e-006 1.0 -1.11014e-006 0.0
MAT 7.15256e-007 1.09524e-006 1.0 0.0
MAT 0.577847 -9.53674e-007 -1.90735e-006 1.0
WORLDTM 
MAT -0.245541 -0.334634 0.909797 0.0
MAT -0.947389 -0.115964 -0.29834 0.0
MAT 0.205338 -0.935186 -0.288555 0.0
MAT -4.87991 17.8074 7.88704 1.0
VERTEX = 9
-2.89359 19.9022 5.31766
-3.05123 19.996 5.78278
-3.11255 19.506 5.86089
-2.95491 19.4121 5.39577
0.536776 19.4808 6.80722
0.521011 19.4902 6.85373
0.514879 19.4411 6.86155
0.530643 19.4318 6.81503
-3.23833 19.7203 5.50627
INDEX = 14
4 5 7
6 7 5
1 2 5
6 5 2
0 1 4
5 4 1
7 6 3
2 3 6
4 7 0
3 0 7
8 1 0
8 2 1
8 3 2
8 0 3
FACE-NORMAL = 14
0.941039 -0.0648333 0.332028
0.941039 -0.0648333 0.332028
-0.258359 0.183508 0.94846
-0.258359 0.183508 0.94846
0.178783 0.974437 -0.136052
0.178783 0.974437 -0.136052
-0.066061 -0.982203 0.175824
-0.066061 -0.982203 0.175824
0.371081 -0.191274 -0.908688
0.371081 -0.191274 -0.908688
-0.578694 0.738865 -0.345242
-0.888356 0.178588 0.423002
-0.752136 -0.647176 -0.124316
-0.442474 -0.0868996 -0.892561
BONE = 35
BONE_NAME = L_Sword
PARENT_ID = 14
LOCALTM 
MAT 0.0249779 -0.998393 0.0508576 0.0
MAT -0.783889 -0.0511323 -0.618792 0.0
MAT 0.620398 -0.0244107 -0.783907 0.0
MAT 0.0 0.0 0.0 1.0
WORLDTM 
MAT 0.941039 -0.0648333 0.332028 0.0
MAT 0.122642 0.980079 -0.156218 0.0
MAT -0.315286 0.187728 0.930244 0.0
MAT -3.23833 19.7203 5.50627 1.0
VERTEX = 9
-2.96741 20.0232 5.17136
-2.96741 20.0232 5.67136
-2.96741 19.5232 5.67136
-2.96741 19.5232 5.17136
0.782593 19.7982 5.39636
0.782593 19.7982 5.44636
0.782593 19.7482 5.44636
0.782593 19.7482 5.39636
